-1.4431e-12
7.161e-10
4.76529e-09
3.62954e-10
-1.03262e-07
-5.37362e-07
-1.56093e-06
-3.15283e-06
-4.87131e-06
-6.17018e-06
-6.8126e-06
-6.88617e-06
-6.59038e-06
-6.16211e-06
-5.81271e-06
-5.57778e-06
-5.35187e-06
-5.07355e-06
-4.71342e-06
-4.16776e-06
-3.36672e-06
-2.43097e-06
-1.61636e-06
-1.16803e-06
-1.23642e-06
-1.82969e-06
-2.82186e-06
-4.04923e-06
-5.40763e-06
-6.87174e-06
-8.466e-06
-1.02365e-05
-1.22276e-05
-1.44525e-05
-1.68619e-05
-1.93328e-05
-2.16906e-05
-2.3756e-05
-2.54028e-05
-2.6595e-05
-2.73711e-05
-2.77854e-05
-2.78595e-05
-2.7571e-05
-2.68645e-05
-2.56707e-05
-2.39338e-05
-2.16345e-05
-1.87981e-05
-1.54904e-05
-1.18068e-05
-7.84423e-06
-3.66736e-06
7.03898e-07
5.27877e-06
1.00717e-05
1.50804e-05
2.0267e-05
2.55604e-05
3.08809e-05
3.61628e-05
4.13609e-05
4.64571e-05
5.147e-05
5.64481e-05
6.14478e-05
6.65103e-05
7.1646e-05
7.68325e-05
8.20252e-05
8.71598e-05
9.21397e-05
9.6824e-05
0.000101027
0.000104528
0.000107097
0.000108531
0.000108683
0.000107472
0.000104869
0.000100881
9.55209e-05
8.87718e-05
8.05726e-05
7.08373e-05
5.94928e-05
4.65209e-05
3.19997e-05
1.61252e-05
-8.09177e-07
-1.84713e-05
-3.65649e-05
-5.4891e-05
-7.337e-05
-9.20192e-05
-0.000110896
-0.00013003
-0.000149362
-0.000168711
-0.000187783
-0.000206208
-0.000223599
-0.000239615
-0.000253996
-0.000266573
-0.000277239
-0.000285926
-0.0002926
-0.000297253
-0.000299889
-0.000300497
-0.000299022
-0.000295323
-0.000289157
-0.000280233
-0.000268302
-0.000253264
-0.000235258
-0.000214697
-0.000192201
-0.000168448
-0.000144029
-0.000119345
-9.45473e-05
-6.95353e-05
-4.40055e-05
-1.75247e-05
1.04064e-05
4.03116e-05
7.26926e-05
0.000107948
0.000146284
0.000187671
0.000231862
0.000278414
0.000326714
0.000376
0.000425344
0.000473585
0.000519271
0.000560652
0.000595762
0.000622571
0.000639215
0.000644193
0.000636519
0.0006158
0.000582208
0.000536239
0.000478263
0.000408058
0.000324576
0.000226175
0.00011142
-1.96116e-05
-0.000164093
-0.000316
-0.000466714
-0.000606387
-0.000725716
-0.000817784
-0.000879261
-0.000910327
-0.000913532
-0.000892419
-0.000850408
-0.000790075
-0.000713114
-0.000621033
-0.000516021
-0.000401392
-0.00028153
-0.000161413
-4.57481e-05
6.20331e-05
0.000160399
0.000249682
0.000331508
0.000407977
0.000480931
0.000551524
0.00062011
0.000686152
0.00074804
0.000803045
0.000847733
0.000878783
0.000893874
0.000892551
0.000877033
0.000852632
0.000827276
0.000810046
0.000809261
0.000830783
0.000876989
0.000946748
0.00103658
0.00114253
0.00126177
0.00139326
0.00153706
0.00169231
0.00185379
0.00200801
0.0021307
0.00218707
0.00213697
0.00194508
0.00159326
0.00108889
0.000465505
-0.000223492
-0.000916237
-0.00155664
-0.00210641
-0.00254888
-0.00288439
-0.00312224
-0.00327274
-0.00334095
-0.00332475
-0.00321884
-0.00302151
-0.00273979
-0.00239136
-0.00200309
-0.00160584
-0.00122728
-0.000886221
-0.000590857
-0.000341155
-0.000133921
3.19365e-05
0.000152532
0.000219878
0.000225762
0.000166709
4.79216e-05
-0.000115497
-0.000300659
-0.000481425
-0.000633576
-0.000738928
-0.000787125
-0.000774564
-0.000701258
-0.000567478
-0.000371911
-0.00011195
0.000214285
0.000605281
0.00105411
0.00154812
0.00207037
0.00260223
0.00312577
0.00362523
0.00408695
0.00449806
0.00484488
0.00511227
0.00528491
0.00534991
0.00529935
0.00513142
0.00484969
0.00446106
0.00397306
0.0033902
0.00270824
0.00190763
0.000952117
-0.000198561
-0.00156057
-0.00309679
-0.00470663
-0.00624219
-0.00754106
-0.00846438
-0.00893094
-0.00893332
-0.00852633
-0.00779699
-0.00683423
-0.00570618
-0.00444771
-0.00306584
-0.00156278
3.93236e-05
0.00168633
0.00329428
0.00476284
0.00599691
0.00692808
0.00752558
0.00779385
0.0077616
0.00746727
0.00694407
0.00620709
0.00524627
0.00403055
0.00252937
0.000749656
-0.00123065
-0.00325751
-0.00513053
-0.00665159
-0.00767336
-0.00813537
-0.008073
-0.00759087
-0.00681571
-0.00585406
-0.00476714
-0.0035666
-0.00223681
-0.000776239
0.000767344
0.00228931
0.00364912
0.00364912
0.00470772
0.00536447
0.00557653
0.00535447
0.00474257
0.00379601
0.00256386
0.0010861
-0.000593051
-0.00240452
-0.00423993
-0.0059513
-0.00736822
-0.00833117
-0.00872975
-0.00852906
-0.007774
-0.00657314
-0.00506908
-0.00340491
-0.00169796
-2.94367e-05
0.00154934
0.00300055
0.00428274
0.00534163
0.00611337
0.00653854
0.00658007
0.00623687
0.00554794
0.00458525
0.00343844
0.00219751
0.000939893
-0.000275277
-0.00140577
-0.00241964
-0.00328653
-0.00397194
-0.00443855
-0.00465354
-0.00459756
-0.00427186
-0.0037007
-0.00292766
-0.00200722
-0.000996342
4.99184e-05
0.00107799
0.00203241
0.00285279
0.00347583
0.00384507
0.003926
0.00371818
0.00325701
0.00260481
0.00183623
0.00102252
0.00021836
-0.00054359
-0.00124796
-0.00188609
-0.00244604
-0.00290633
-0.00323526
-0.00339771
-0.00336734
-0.0031382
-0.00273206
-0.00220042
-0.00161871
-0.00106998
-0.000622286
-0.000309539
-0.000124071
-2.31687e-05
5.2066e-05
0.000152648
0.000304189
0.000503653
0.000727946
0.000947626
0.00114113
0.00130454
0.00144983
0.00158875
0.00170833
0.00175324
0.00163264
0.00125585
0.000579294
-0.000361772
-0.00145087
-0.00251806
-0.00339034
-0.00394383
-0.00413177
-0.00398034
-0.0035652
-0.00298176
-0.00231593
-0.00162646
-0.00094587
-0.000291703
0.000324596
0.00089391
0.00140797
0.00185894
0.00223961
0.00254371
0.00276583
0.0029001
0.00293815
0.00287026
0.00269094
0.00240579
0.00203619
0.00161979
0.00120431
0.000834247
0.000537478
0.000319469
0.000167115
5.81704e-05
-2.81035e-05
-0.000102855
-0.000165129
-0.000204962
-0.000209186
-0.000167288
-7.57248e-05
6.11909e-05
0.000234581
0.00043631
0.000662842
0.000915425
0.00119605
0.00150055
0.00181222
0.00209956
0.0023196
0.00242624
0.00238171
0.00216756
0.00179054
0.0012818
0.000690975
7.68495e-05
-0.000504014
-0.00100719
-0.00140442
-0.00168111
-0.00183077
-0.00184951
-0.00173236
-0.00147293
-0.00106681
-0.00051632
0.000166146
0.000956815
0.00182064
0.00271208
0.00357583
0.00434722
0.00495422
0.00532538
0.00540504
0.00517057
0.00464125
0.00387414
0.00295033
0.00195556
0.000959023
-1.21482e-06
-0.00091773
-0.0017998
-0.00265507
-0.00347312
-0.00421573
-0.00482078
-0.00522032
-0.00536232
-0.00522508
-0.00482177
-0.00419555
-0.00340588
-0.00251126
-0.00155675
-0.000570971
0.00042889
0.00142785
0.00240354
0.00332117
0.00413662
0.00480602
0.00529696
0.00559626
0.00571146
0.00566603
0.00548994
0.00521002
0.00484423
0.00440215
0.00389017
0.00331772
0.00270059
0.00205866
0.0014077
0.000749422
6.77867e-05
-0.000661821
-0.00145242
-0.00228388
-0.0030926
-0.00378168
-0.00425041
-0.00442939
-0.00430473
-0.00392432
-0.00338597
-0.00280947
-0.00230112
-0.00192667
-0.00170368
-0.00161065
-0.00160551
-0.00164755
-0.0017144
-0.00180532
-0.00193016
-0.00209311
-0.00228079
-0.00245951
-0.00258213
-0.00260212
-0.00248938
-0.00224022
-0.00187676
-0.00143651
-0.000957493
-0.000464606
3.81685e-05
0.000566436
0.00114469
0.00179064
0.0025008
0.00324109
0.00394521
0.00452407
0.00488872
0.00498159
0.00480101
0.00440355
0.00388291
0.0033378
0.00284173
0.00242268
0.00206112
0.00170924
0.00132027
0.000871857
0.000377696
-0.000113081
-0.000530546
-0.000808949
-0.000909878
-0.000835718
-0.000634116
-0.000392274
-0.000216495
-0.000200443
-0.000395506
-0.000795513
-0.00134156
-0.00194791
-0.00254058
-0.00308797
-0.00360572
-0.00413747
-0.00472691
-0.00539341
-0.00611794
-0.00684482
-0.00749758
-0.00799914
-0.00828572
-0.00831257
-0.00805381
-0.00749828
-0.00664293
-0.00548842
-0.00404294
-0.00233372
-0.000417823
0.00161466
0.00364614
0.00554451
0.00718236
0.00845634
0.00929851
0.00967653
0.00958624
0.0090408
0.00806154
0.00667627
0.00492664
0.00287839
0.000626681
-0.00170654
-0.00398277
-0.00606325
-0.00782654
-0.0091801
-0.0100633
-0.0104445
-0.0103142
-0.00967897
-0.00855732
-0.00698432
-0.00502155
-0.00502155
-0.00276775
-0.000360427
0.00203989
0.00427995
0.00624341
0.00786571
0.00913148
0.0100578
0.010669
0.0109749
0.0109634
0.01061
0.00989373
0.00881507
0.00741145
0.00576149
0.00397322
0.00216197
0.000428374
-0.00115768
-0.00256274
-0.00378282
-0.00482754
-0.00570431
-0.00640923
-0.00692561
-0.00722855
-0.00729412
-0.00710998
-0.00668253
-0.00603723
-0.00521373
-0.00425932
-0.00322267
-0.00214856
-0.00107583
-3.92213e-05
0.000927764
0.00179238
0.00252439
0.00309891
0.00349992
0.00372295
0.00377384
0.00366314
0.00339957
0.00298623
0.00242114
0.00170233
0.000837122
-0.000147286
-0.00119775
-0.00223827
-0.00318125
-0.00394228
-0.00445495
-0.00468279
-0.00462413
-0.00430699
-0.00377846
-0.00309447
-0.00231179
-0.00148167
-0.000647073
0.000155554
0.000893298
0.00153597
0.0020566
0.00243159
0.00264171
0.00267496
0.0025296
0.00221547
0.00175384
0.00117715
0.000527482
-0.000146772
-0.000794451
-0.00136424
-0.00180717
-0.00207993
-0.00214822
-0.0019892
-0.00159376
-0.000969212
-0.000141565
0.000844405
0.00192836
0.00304019
0.00410701
0.00506035
0.00584296
0.00641412
0.00675178
0.00685074
0.00671788
0.00636646
0.00581034
0.0050595
0.00411923
0.00299445
0.00169706
0.000253127
-0.00129177
-0.00287038
-0.00439832
-0.00578546
-0.00694913
-0.00782373
-0.00836602
-0.00855635
-0.0083954
-0.00789848
-0.00709179
-0.00601278
-0.00471184
-0.00325199
-0.00170614
-0.000152433
0.00133221
0.00267968
0.00383652
0.00476546
0.00544285
0.00585442
0.00599133
0.0058476
0.00542035
0.00471397
0.0037464
0.00255426
0.00119438
-0.000258561
-0.00171852
-0.0030973
-0.00431414
-0.00530249
-0.0060126
-0.00641099
-0.00647883
-0.00621056
-0.00561365
-0.00470983
-0.00353669
-0.00214791
-0.000610562
0.0010007
0.00261077
0.00415023
0.00555856
0.00678422
0.00778215
0.00851047
0.00892932
0.00900399
0.00871078
0.00804332
0.00701722
0.00567237
0.00407086
0.00229002
0.000412835
-0.00148148
-0.00332374
-0.0050558
-0.00662598
-0.00798256
-0.00907039
-0.0098332
-0.0102205
-0.0101972
-0.00975177
-0.00890038
-0.00768492
-0.00616636
-0.00441598
-0.00250701
-0.000509084
0.00151258
0.00349475
0.00537324
0.00708196
0.0085551
0.00973249
0.0105668
0.0110301
0.0111173
0.0108453
0.0102479
0.00936686
0.0082431
0.00691023
0.00539393
0.00371776
0.00191428
3.63602e-05
-0.00183821
-0.00361204
-0.00518067
-0.00644869
-0.00734603
-0.00783925
-0.00793267
-0.00766095
-0.00707887
-0.00625132
-0.00524416
-0.0041186
-0.00293139
-0.00173775
-0.000592035
0.000454478
0.00135691
0.00208003
0.00260103
0.00291048
0.00301052
0.00291127
0.00262788
0.0021792
0.00158818
0.000883251
9.95139e-05
-0.000721755
-0.00153625
-0.00230158
-0.00298203
-0.00355096
-0.0039902
-0.00428662
-0.00442735
-0.00439658
-0.00417677
-0.00375397
-0.00312482
-0.00230239
-0.0013187
-0.000221894
0.000931573
0.00208621
0.00319446
0.00421982
0.0051359
0.00592222
0.00655924
0.0070258
0.00730016
0.00736352
0.00720448
0.00682282
0.00623076
0.00545114
0.00451379
0.00345215
0.00230201
0.00110217
-0.000104053
-0.00126821
-0.0023381
-0.00326218
-0.00399696
-0.00451507
-0.00481046
-0.00489871
-0.00481297
-0.00459577
-0.00428837
-0.00392197
-0.00351527
-0.003078
-0.00261677
-0.00214057
-0.00166483
-0.00121197
-0.000807645
-0.000474621
-0.000227545
-6.98858e-05
6.37331e-06
1.76792e-05
-1.65444e-05
-7.88293e-05
-0.000155918
-0.00023852
-0.000319811
-0.000393688
-0.000453683
-0.000493166
-0.000506618
-0.000490782
-0.000444573
-0.000367765
-0.000259424
-0.000116947
6.35559e-05
0.000284465
0.000541465
0.000819002
0.00109029
0.00132246
0.00148388
0.00155074
0.00151091
0.00136385
0.00111694
0.00078149
0.000370676
-0.000101075
-0.00061831
-0.00116406
-0.0017186
-0.00225871
-0.00275857
-0.00319225
-0.00353696
-0.00377603
-0.00390014
-0.00390646
-0.00379633
-0.00357273
-0.00323819
-0.00279402
-0.00279402
-0.00224125
-0.00158417
-0.000836115
-2.53999e-05
0.000802315
0.00158844
0.00227192
0.00280167
0.00314673
0.00330195
0.0032871
0.0031388
0.00289812
0.00259934
0.00226404
0.00190102
0.00151149
0.00109773
0.000670798
0.00025281
-0.000126524
-0.00043659
-0.000653015
-0.000763316
-0.000768948
-0.000682815
-0.000523904
-0.000311841
-6.32122e-05
0.000209688
0.000497628
0.000791669
0.00108082
0.00135156
0.0015892
0.00178013
0.00191445
0.00198799
0.00200269
0.00196501
0.00188295
0.00176332
0.00161006
0.00142433
0.00120625
0.000957478
0.000683677
0.000395561
0.000107876
-0.000163337
-0.000403857
-0.000603555
-0.000757319
-0.000864488
-0.000927202
-0.000948727
-0.000932515
-0.00088191
-0.000800106
-0.000690258
-0.00055577
-0.000400532
-0.000229045
-4.71635e-05
0.000135494
0.000301455
0.000421838
0.00045687
0.000363117
0.000107053
-0.000319957
-0.000893264
-0.00155846
-0.00224455
-0.0028799
-0.00340649
-0.00378999
-0.0040219
-0.00411214
-0.00407666
-0.00392702
-0.0036651
-0.00328378
-0.00277412
-0.00213595
-0.00138516
-0.000553865
0.000314791
0.00117435
0.00198325
0.00271068
0.00333725
0.00385064
0.00423948
0.00448912
0.00458167
0.00450058
0.00423799
0.00380211
0.00322091
0.00253976
0.00181308
0.00109333
0.000421216
-0.000179666
-0.000701978
-0.00114723
-0.00151513
-0.00179535
-0.00196588
-0.00199813
-0.0018664
-0.00155848
-0.00108283
-0.000468496
0.000241751
0.00100071
0.00176367
0.00248949
0.00313402
0.00363926
0.00392749
0.00391032
0.00351501
0.00271772
0.001565
0.000169274
-0.00131927
-0.00275051
-0.00401004
-0.00504368
-0.00585966
-0.00650497
-0.00702877
-0.00745064
-0.00774407
-0.00784105
-0.00765979
-0.00714357
-0.00628856
-0.0051479
-0.00381519
-0.0023962
-0.000978698
0.000387106
0.00168949
0.00294002
0.00415156
0.00531855
0.00640716
0.00735927
0.00810697
0.00858825
0.00875765
0.00859219
0.00809483
0.00729466
0.00624274
0.00500555
0.00365748
0.0022722
0.000914817
-0.000361357
-0.00151382
-0.00250983
-0.00332629
-0.00394851
-0.00436799
-0.00458226
-0.0045961
-0.00442193
-0.00407917
-0.00359334
-0.00299422
-0.00231263
-0.00157765
-0.000816329
-5.52628e-05
0.000677205
0.00135016
0.00193204
0.00239513
0.00272075
0.00290316
0.00295105
0.00288479
0.00272787
0.00249389
0.0021743
0.00173561
0.00113368
0.000341398
-0.000626248
-0.00170424
-0.00278812
-0.00375768
-0.00450754
-0.00497314
-0.00513971
-0.00503303
-0.00470108
-0.00419331
-0.00354362
-0.00276635
-0.00187002
-0.000879746
0.000146478
0.0011176
0.00192844
0.00249121
0.00276383
0.00276087
0.00254453
0.00220059
0.00180771
0.0014126
0.00102307
0.000619844
0.000178366
-0.000308105
-0.000812252
-0.00127238
-0.00161006
-0.00175593
-0.00167121
-0.00135794
-0.00085588
-0.000227171
0.0004639
0.00116618
0.00184655
0.00248554
0.00306797
0.00357323
0.0039703
0.00422086
0.00428976
0.00415685
0.00382346
0.003311
0.00265406
0.00189247
0.00106566
0.000211567
-0.000630836
-0.00141894
-0.00210647
-0.00264606
-0.00299438
-0.00312073
-0.00301701
-0.0027038
-0.00222796
-0.00165177
-0.00103743
-0.000432384
0.000138662
0.000671096
0.00116866
0.00162961
0.00203765
0.00236037
0.00255519
0.00258162
0.0024156
0.00205911
0.00154135
0.000911925
0.000228454
-0.000457224
-0.00110804
-0.00170201
-0.00222558
-0.0026653
-0.00300172
-0.00320832
-0.00325592
-0.00312056
-0.00279169
-0.00227774
-0.00160763
-0.00082821
1.63219e-06
0.000818079
0.00155881
0.00216811
0.0026014
0.00282894
0.00283805
0.00263394
0.00224012
0.00169631
0.00105036
0.000346406
-0.000384364
-0.00112571
-0.00187153
-0.00261512
-0.00333576
-0.00399051
-0.00451759
-0.00484892
-0.00492525
-0.0047099
-0.004199
-0.00342279
-0.00243639
-0.00130525
-9.26325e-05
0.00114764
0.00237248
0.00354425
0.00462207
0.00555639
0.00629115
0.00677256
0.00696061
0.0068392
0.0064206
0.00574197
0.00485636
0.00382246
0.00382246
0.00269627
0.00152669
0.000355874
-0.000777632
-0.00183575
-0.00277982
-0.00357202
-0.00417914
-0.00457756
-0.00475694
-0.00472066
-0.00448246
-0.00406116
-0.00347624
-0.00274617
-0.00188998
-0.000930941
9.95264e-05
0.00115958
0.00219794
0.00315816
0.00398453
0.00462787
0.00505052
0.00523019
0.00516129
0.00485283
0.00432406
0.00360009
0.00270923
0.00168312
0.000559851
-0.000612073
-0.00177265
-0.00285395
-0.00378749
-0.00451329
-0.00498831
-0.0051907
-0.005119
-0.00478842
-0.00422677
-0.00347092
-0.00256479
-0.00155932
-0.000512859
0.000510158
0.00144341
0.00222551
0.00280779
0.00316063
0.00327633
0.0031687
0.00286882
0.00241703
0.00185405
0.00121566
0.000532197
-0.00016886
-0.000859405
-0.00150762
-0.00207775
-0.00253421
-0.00284854
-0.00300653
-0.0030129
-0.00289071
-0.00267449
-0.00240004
-0.00209564
-0.00177764
-0.00145085
-0.00111333
-0.000763152
-0.000403928
-4.67523e-05
0.000291337
0.000591205
0.000836381
0.001017
0.00113138
0.00118479
0.00118606
0.00114377
0.00106366
0.000947748
0.000794933
0.000602608
0.000368789
9.4195e-05
-0.000216174
-0.000552609
-0.000902324
-0.00125262
-0.00159307
-0.00191488
-0.00220815
-0.0024593
-0.00265058
-0.00276233
-0.00277723
-0.00268502
-0.00248611
-0.00219266
-0.00182644
-0.0014143
-0.000983273
-0.000556398
-0.000150274
0.000224735
0.000561912
0.00085522
0.00109777
0.00128187
0.00140013
0.00144755
0.00142374
0.00133408
0.00118904
0.00100226
0.000788322
0.000560832
0.000331534
0.000110596
-9.22367e-05
-0.000266684
-0.000401972
-0.000487954
-0.000516847
-0.00048493
-0.000393493
-0.000248504
-5.89942e-05
0.000165137
0.000414991
0.000683784
0.000967293
0.00126362
0.0015721
0.00189167
0.0022196
0.00255081
0.0028773
0.00318648
0.00345847
0.00366386
0.00376442
0.00371797
0.00348706
0.00304947
0.00240707
0.00158871
0.000645253
-0.000359741
-0.00135875
-0.00228787
-0.00309455
-0.00374325
-0.00421621
-0.00451023
-0.00463278
-0.00459758
-0.00441956
-0.00411143
-0.00368357
-0.00314551
-0.0025073
-0.00178173
-0.000988246
-0.000155619
0.000679467
0.00147671
0.00219629
0.00280186
0.00326301
0.00355706
0.00366973
0.00359547
0.00333803
0.00291074
0.00233546
0.00164099
0.00086121
3.30864e-05
-0.000805843
-0.00161992
-0.00237711
-0.00304959
-0.00361328
-0.0040467
-0.0043295
-0.0044414
-0.00436298
-0.00407943
-0.00358609
-0.00289403
-0.0020336
-0.00105432
-1.91626e-05
0.00100594
0.00196272
0.0028065
0.00350618
0.00404003
0.00439065
0.00454263
0.00448482
0.00421574
0.00374879
0.00311425
0.00235658
0.00152736
0.000676326
-0.000156166
-0.000943025
-0.00166932
-0.00232619
-0.00290275
-0.00338056
-0.00373308
-0.0039289
-0.0039382
-0.00374128
-0.0033366
-0.00274434
-0.00200441
-0.0011699
-0.000297422
0.000563004
0.00137447
0.00211288
0.00276113
0.00330224
0.00371514
0.00397497
0.00405798
0.00394909
0.00364808
0.00317152
0.00255068
0.00182661
0.00104416
0.000246631
-0.000527234
-0.00124369
-0.00187291
-0.00238795
-0.00276507
-0.00298585
-0.00304058
-0.0029318
-0.00267579
-0.00230035
-0.00183926
-0.0013259
-0.000787863
-0.000243608
0.000297584
0.000831603
0.00135345
0.00185268
0.00231232
0.00271072
0.00302529
0.00323683
0.0033332
0.00331083
0.00317406
0.00293317
0.00260198
0.00219605
0.00173165
0.00122578
0.000696159
0.000160922
-0.000362138
-0.000855883
-0.00130321
-0.00168626
-0.0019866
-0.00218655
-0.00227107
-0.00223028
-0.00206192
-0.00177247
-0.00137656
-0.000895624
-0.000356271
0.000212408
0.000782116
0.00132795
0.00182978
0.00227235
0.00264424
0.00293587
0.00313805
0.00324161
0.00323726
0.00311487
0.00286323
0.00247262
0.00194036
0.00127638
0.000505669
-0.000333051
-0.00119202
-0.00202169
-0.00277817
-0.00342768
-0.00394707
-0.0043219
-0.00454338
-0.00460519
-0.00450203
-0.00423107
-0.00379546
-0.0032073
-0.00248841
-0.00166829
-0.000780357
0.000140879
0.00105915
0.00105915
0.0019327
0.00271128
0.00333863
0.00376204
0.00394535
0.00387954
0.0035869
0.00311738
0.00253678
0.00191061
0.00129022
0.000705158
0.000161081
-0.000356905
-0.000874039
-0.00141144
-0.0019741
-0.00254514
-0.00308527
-0.00353738
-0.00383786
-0.00393267
-0.00379118
-0.00341259
-0.00282499
-0.00207896
-0.00123708
-0.000362013
0.000491886
0.0012813
0.00197326
0.00254359
0.00297507
0.00325555
0.00337737
0.00333852
0.00314443
0.00280837
0.00235043
0.00179596
0.00117428
0.000517042
-0.000143613
-0.000776483
-0.00135218
-0.00184399
-0.00222856
-0.00248616
-0.00260124
-0.00256407
-0.00237277
-0.0020339
-0.00156089
-0.000971164
-0.000283927
0.000478767
0.00128716
0.00209792
0.0028521
0.00347935
0.00390736
0.0040744
0.00394235
0.00350592
0.00279402
0.00186371
0.00079073
-0.000342539
-0.00146064
-0.00250504
-0.00343532
-0.00422334
-0.00484659
-0.00528376
-0.00551292
-0.005514
-0.00527507
-0.00479848
-0.00410336
-0.00322466
-0.00220932
-0.00110979
2.26295e-05
0.00114058
0.00219761
0.00314251
0.00391682
0.00445991
0.00472047
0.00466909
0.00430663
0.00366507
0.00280019
0.00177893
0.000667737
-0.000473917
-0.001595
-0.00265076
-0.00359793
-0.00438972
-0.00497456
-0.00530043
-0.00532419
-0.00502264
-0.00440061
-0.00349196
-0.00235242
-0.00104845
0.000352587
0.00178732
0.00319632
0.0045211
0.00570079
0.00667092
0.00736587
0.00772594
0.0077081
0.00729668
0.00650898
0.00539327
0.00402149
0.0024796
0.000857764
-0.000757596
-0.00228785
-0.00366283
-0.00482072
-0.00570848
-0.0062836
-0.00651762
-0.00640146
-0.00595032
-0.00520515
-0.00422832
-0.00309371
-0.00187474
-0.000635554
0.000572514
0.00171032
0.00274746
0.00365693
0.00441036
0.0049769
0.00532581
0.00543105
0.00527667
0.00486227
0.00420594
0.00334263
0.00231909
0.00118792
2.19039e-06
-0.00118854
-0.00233989
-0.00341174
-0.00436582
-0.00516345
-0.00576465
-0.00613008
-0.00622657
-0.00603463
-0.00555449
-0.00480838
-0.0038384
-0.00270083
-0.00145854
-0.000173987
0.00109494
0.00229628
0.0033837
0.00431604
0.00505747
0.00557908
0.00586129
0.00589537
0.0056825
0.00523026
0.00454921
0.00365232
0.00255792
0.0012956
-8.67251e-05
-0.00151855
-0.00291011
-0.00416388
-0.0051897
-0.00591782
-0.00630771
-0.00635073
-0.00606541
-0.00548768
-0.00466208
-0.00363743
-0.00246607
-0.00120444
8.61357e-05
0.00133963
0.00248875
0.0034722
0.00424345
0.00477696
0.00506966
0.00513721
0.00500655
0.00470744
0.00426656
0.00370591
0.00304529
0.00230618
0.00151427
0.000698967
-0.000109291
-0.000881996
-0.00159471
-0.00222841
-0.00276946
-0.00320734
-0.0035313
-0.00372855
-0.00378538
-0.00369055
-0.00343969
-0.00303888
-0.00250593
-0.00186866
-0.00116105
-0.00041847
0.000326634
0.00104682
0.00171853
0.00231852
0.00282003
0.00319186
0.00340137
0.00342052
0.00323293
0.00283989
0.00226312
0.00154299
0.000732755
-0.000108789
-0.00092494
-0.00166791
-0.00230254
-0.00280539
-0.00316137
-0.00336147
-0.00340289
-0.00328977
-0.00303324
-0.0026504
-0.00216173
-0.00158768
-0.000946496
-0.000254819
0.000469875
0.00120699
0.00193165
0.00261419
0.00322055
0.00371469
0.00406333
0.00424114
0.0042348
0.00404499
0.00368638
0.00318581
0.00257899
0.00190648
0.00120998
0.000528933
-0.000102816
-0.000660385
-0.00113011
-0.0015097
-0.00180652
-0.00203425
-0.00220796
-0.00233824
-0.00242767
-0.00247157
-0.00246152
-0.00238802
-0.00224246
-0.00201946
-0.00171937
-0.00134894
-0.000920652
-0.000451819
3.67381e-05
0.000522734
0.000983871
0.00139775
0.00174129
0.00199106
0.00212506
0.00212577
0.00198392
0.00170168
0.0012942
0.000789352
0.0002254
-0.000354148
-0.00090729
-0.00139897
-0.00180349
-0.00210437
-0.00229265
-0.00236463
-0.00232053
-0.00216492
-0.00190817
-0.00156724
-0.00116515
-0.000728917
-0.000286427
0.000136537
0.00051799
0.00084043
0.00109111
0.00126232
0.00135186
0.00135186
0.00136359
0.00130732
0.00119759
0.00105169
0.000887062
0.000718919
0.000559165
0.000416709
0.000298151
0.000208364
0.000151225
0.00012989
0.000145664
0.000195855
0.000271864
0.000358526
0.000435187
0.000478402
0.000465109
0.000375574
0.000197044
-7.1247e-05
-0.000413709
-0.000798205
-0.00118152
-0.00151845
-0.00177077
-0.00191379
-0.00193908
-0.00185246
-0.00166784
-0.00140048
-0.00106323
-0.00066652
-0.000221293
0.000256427
0.000742194
0.00120467
0.00161209
0.00193988
0.00217559
0.00231921
0.00237893
0.00236465
0.00228231
0.00213164
0.00190817
0.00160845
0.00123605
0.000805341
0.000341436
-0.000123833
-0.000559022
-0.000940531
-0.00125693
-0.00150856
-0.00170331
-0.00185065
-0.00195594
-0.00201716
-0.00202547
-0.0019685
-0.00183481
-0.00161804
-0.00132027
-0.000953068
-0.000535376
-8.95844e-05
0.000361325
0.000794245
0.0011852
0.00150921
0.00174183
0.00186233
0.00185803
0.00172761
0.00148189
0.00114155
0.000733355
0.00028626
-0.000171867
-0.000616813
-0.00102949
-0.00139574
-0.00170459
-0.00194645
-0.00211211
-0.00219308
-0.00218257
-0.00207694
-0.00187737
-0.00159111
-0.00123239
-0.000822324
-0.000387489
4.36927e-05
0.00044582
0.000800776
0.00109996
0.0013441
0.00154056
0.00169911
0.00182821
0.00193327
0.0020167
0.00207843
0.00211678
0.00212921
0.00211279
0.00206407
0.00197888
0.00185272
0.00168197
0.00146531
0.00120431
0.000903159
0.000568561
0.000209799
-0.000161466
-0.000531798
-0.000886779
-0.00121183
-0.00149269
-0.00171533
-0.00186617
-0.00193351
-0.00190941
-0.00179116
-0.00158192
-0.00129065
-0.000931232
-0.000521127
-8.01837e-05
0.000369979
0.000806124
0.00120354
0.00153697
0.00178276
0.00192144
0.00193994
0.00183294
0.00160325
0.00126103
0.000822034
0.000306075
-0.000263822
-0.000861258
-0.00145607
-0.00201494
-0.00250372
-0.00289102
-0.0031516
-0.00326895
-0.00323662
-0.00305792
-0.00274431
-0.00231345
-0.00178787
-0.00119459
-0.000565189
6.48511e-05
0.00065829
0.00117936
0.00159736
0.00189023
0.00204717
0.00206931
0.0019677
0.00175965
0.00146469
0.00110126
0.000684814
0.000227804
-0.000258428
-0.000761085
-0.00126392
-0.00174656
-0.00218523
-0.00255479
-0.00283205
-0.00299933
-0.00304675
-0.00297258
-0.00278235
-0.0024875
-0.00210371
-0.00164933
-0.0011444
-0.000610298
-6.92402e-05
0.000456606
0.000946377
0.00138214
0.00175131
0.00204937
0.0022809
0.00245702
0.00259001
0.00268756
0.00274959
0.002768
0.00272943
0.00262049
0.00243373
0.00217125
0.00184444
0.00147062
0.0010679
0.000650259
0.000225354
-0.000203098
-0.000630381
-0.00104627
-0.00143295
-0.00176632
-0.00202049
-0.00217341
-0.00221141
-0.00213136
-0.00194064
-0.00165483
-0.00129398
-0.000878824
-0.000428401
4.02915e-05
0.000511113
0.000967384
0.0013912
0.00176365
0.00206568
0.00227957
0.00239056
0.00238851
0.00226956
0.00203743
0.00170364
0.00128713
0.000813454
0.000312945
-0.000182605
-0.000643641
-0.00104571
-0.00137131
-0.00161081
-0.00176213
-0.00182915
-0.00181968
-0.00174369
-0.00161169
-0.00143311
-0.00121506
-0.000962026
-0.000676617
-0.000361103
-1.9171e-05
0.000341947
0.00070922
0.0010627
0.00137677
0.00162338
0.00177605
0.00181429
0.00172818
0.00152118
0.00120973
0.000820493
0.000386872
-5.55345e-05
-0.000474575
-0.000846211
-0.00115577
-0.00139624
-0.00156575
-0.00166478
-0.00169355
-0.00165088
-0.00153549
-0.00134845
-0.00109492
-0.000784944
-0.000433493
-5.91515e-05
0.000318551
0.000681732
0.00101551
0.00130818
0.00155075
0.00173619
0.00185875
0.00191405
0.00189994
0.00181755
0.0016721
0.00147292
0.00123283
0.000966753
0.000690167
0.000417677
0.000162284
-6.46569e-05
-0.000253203
-0.00039496
-0.000483986
-0.000518278
-0.000500934
-0.000440145
-0.000347853
-0.000237722
-0.000123066
-1.5127e-05
7.79764e-05
0.000151493
0.000203811
0.000236281
0.000253093
0.000260514
0.000264887
0.000269721
0.000273122
0.000266542
0.000235287
0.000161362
0.000161362
2.88736e-05
-0.00016984
-0.000430318
-0.000735593
-0.00105861
-0.00136702
-0.00162977
-0.00182297
-0.00193184
-0.00194891
-0.00187111
-0.00169761
-0.00142924
-0.00107033
-0.000632406
-0.000137765
0.000379589
0.000876964
0.00131039
0.00164419
0.00185816
0.00194935
0.00192879
0.0018147
0.00162418
0.00136697
0.00104452
0.000654182
0.000195844
-0.000320896
-0.000871186
-0.00141451
-0.00190096
-0.00228156
-0.00251853
-0.00259281
-0.0025071
-0.00228245
-0.00194964
-0.00153964
-0.00107753
-0.000580552
-5.97257e-05
0.000475755
0.0010131
0.00153287
0.00201003
0.00241765
0.00273115
0.00293165
0.00300751
0.00295315
0.00276634
0.00244679
0.00199769
0.00142908
0.00076108
2.53465e-05
-0.000735824
-0.00147364
-0.00214025
-0.00269673
-0.00311819
-0.0033945
-0.00352772
-0.00352714
-0.00340315
-0.00316289
-0.00280988
-0.00234687
-0.00177986
-0.00112177
-0.00039486
0.000369663
0.00113539
0.00186564
0.00252696
0.00309028
0.00353073
0.00382732
0.00396298
0.00392547
0.00370944
0.00331881
0.00276843
0.00208393
0.0012997
0.000455425
-0.000407967
-0.00125177
-0.00204141
-0.00274634
-0.00333839
-0.00379022
-0.00407512
-0.0041691
-0.00405498
-0.00372713
-0.00319437
-0.00247988
-0.00161872
-0.000654728
0.000362518
0.00138024
0.00234442
0.00320176
0.00390249
0.0044043
0.00467706
0.00470656
0.00449566
0.00406221
0.00343544
0.00265165
0.00174994
0.000769465
-0.000250655
-0.00127025
-0.00224759
-0.00313997
-0.00390559
-0.0045071
-0.00491592
-0.00511549
-0.0051026
-0.00488667
-0.00448738
-0.003931
-0.00324668
-0.0024644
-0.00161475
-0.000729993
0.000154575
0.00100045
0.001768
0.00242055
0.00292895
0.00327503
0.00345286
0.00346733
0.00333089
0.00305991
0.00267163
0.00218258
0.00160887
0.000968194
0.000282297
-0.000421889
-0.00111298
-0.00175733
-0.002322
-0.00277743
-0.00309921
-0.00326867
-0.00327273
-0.00310406
-0.00276208
-0.00225438
-0.00159759
-0.000817556
5.08488e-05
0.000964856
0.00187686
0.00273905
0.00350798
0.00414763
0.00463089
0.0049394
0.00506237
0.00499538
0.00473994
0.00430354
0.00369976
0.00294857
0.00207642
0.00111591
0.000104392
-0.00091795
-0.00191004
-0.00283127
-0.00364292
-0.00430998
-0.00480335
-0.00510164
-0.00519223
-0.00507205
-0.00474797
-0.00423662
-0.00356327
-0.00275976
-0.00186172
-0.000905817
7.21632e-05
0.0010382
0.0019601
0.00280746
0.00355189
0.00416729
0.00463052
0.00492274
0.00503094
0.00494865
0.00467594
0.00421936
0.00359286
0.00281896
0.00192898
0.000961543
-3.99573e-05
-0.00103055
-0.00196725
-0.00281229
-0.00353491
-0.00411137
-0.00452341
-0.00475581
-0.00479447
-0.00462741
-0.00424846
-0.00366163
-0.00288413
-0.00194721
-0.000894452
0.000222513
0.00134959
0.00243509
0.00343243
0.00430063
0.00500365
0.00550988
0.00579243
0.00583093
0.0056145
0.0051449
0.00443858
0.00352665
0.00245222
0.00126586
2.06524e-05
-0.00123166
-0.00244274
-0.0035683
-0.00456789
-0.00540507
-0.00604833
-0.00647263
-0.00666088
-0.00660498
-0.00630612
-0.00577431
-0.00502758
-0.00409137
-0.00299821
-0.00178739
-0.000503654
0.000804644
0.00208714
0.00329283
0.00437211
0.00527992
0.00597869
0.00644017
0.0066457
0.00658554
0.00625895
0.0056758
0.00485882
0.00384464
0.00268292
0.00143339
0.000160761
-0.00107168
-0.00220788
-0.00320318
-0.00402626
-0.0046584
-0.00508968
-0.00531422
-0.00532692
-0.0051232
-0.00470137
-0.0040667
-0.00323633
-0.00224252
-0.00113184
3.97203e-05
0.0012131
0.00233229
0.00334905
0.00422535
0.00493281
0.00545045
0.00576224
0.00585557
0.00572123
0.00535571
0.00476505
0.0039681
0.00299748
0.00189801
0.000723006
-0.000470883
-0.00162896
-0.00270222
-0.00364893
-0.0044346
-0.00503166
-0.0054193
-0.00558416
-0.00552173
-0.00523806
-0.00475072
-0.00408815
-0.00328727
-0.00238986
-0.00143852
-0.000473409
0.000469135
0.00135599
0.00215586
0.0028386
0.00337614
0.00337614
0.00374443
0.00392587
0.00391191
0.0037049
0.00331849
0.00277646
0.00211037
0.00135685
0.000554806
-0.000256722
-0.00103993
-0.00175909
-0.00238146
-0.00287865
-0.0032284
-0.00341653
-0.00343841
-0.00329968
-0.00301561
-0.00260916
-0.00210795
-0.00154133
-0.000938515
-0.0003279
0.000263034
0.000807897
0.00128204
0.00166391
0.00193699
0.00209155
0.00212532
0.00204294
0.00185417
0.00157137
0.00120752
0.00077553
0.000288729
-0.000237849
-0.000785954
-0.00133341
-0.00185516
-0.00232579
-0.00272232
-0.00302632
-0.0032251
-0.00331152
-0.00328269
-0.00313829
-0.00287932
-0.00250745
-0.0020256
-0.00144022
-0.000764406
-2.01191e-05
0.000761582
0.00154279
0.00228336
0.0029465
0.00350265
0.00393042
0.00421498
0.0043461
0.00431711
0.00412546
0.00377472
0.00327676
0.00265337
0.00193639
0.00116551
0.000383948
-0.000366731
-0.00105121
-0.00164362
-0.00212889
-0.00250206
-0.00276556
-0.00292573
-0.00298954
-0.00296255
-0.00284841
-0.0026496
-0.0023692
-0.00201243
-0.00158721
-0.00110403
-0.000575967
-1.93887e-05
0.000545837
0.00109756
0.00161353
0.00207337
0.00246002
0.00276073
0.00296718
0.00307426
0.00307857
0.00297757
0.0027699
0.0024569
0.00204528
0.00154912
0.00098997
0.000394818
-0.000206651
-0.000785116
-0.0013142
-0.00177173
-0.00213961
-0.00240334
-0.00255164
-0.00257684
-0.00247586
-0.00225165
-0.00191404
-0.00147978
-0.000971797
-0.000417473
0.000153594
0.000711934
0.00123016
0.00168437
0.00205489
0.0023265
0.00248843
0.00253444
0.00246312
0.00227842
0.00199016
0.00161398
0.00117044
0.000683323
0.000177377
-0.000324053
-0.000800902
-0.00123716
-0.00162061
-0.00194197
-0.00219422
-0.0023723
-0.00247326
-0.00249674
-0.00244559
-0.00232632
-0.00214862
-0.00192339
-0.00165948
-0.00136081
-0.00102599
-0.000651085
-0.000234583
0.000217896
0.00069104
0.00116086
0.00159927
0.00198035
0.00228547
0.00250535
0.00263914
0.00269088
0.00266491
0.0025624
0.00238104
0.00211798
0.0017747
0.00136139
0.00089887
0.000416334
-5.39324e-05
-0.000482579
-0.000847733
-0.0011371
-0.00134734
-0.00148113
-0.00154385
-0.00154126
-0.00147897
-0.00136312
-0.00120197
-0.00100729
-0.000794315
-0.000579481
-0.000376883
-0.00019536
-3.77861e-05
9.73386e-05
0.000212916
0.000310116
0.000386368
0.000435403
0.000449353
0.000421807
0.000350423
0.000238101
9.241e-05
-7.64018e-05
-0.000257965
-0.00044381
-0.000627971
-0.000806015
-0.000973161
-0.0011226
-0.00124497
-0.00132914
-0.00136406
-0.00134071
-0.00125359
-0.00110156
-0.000887986
-0.000620279
-0.000309294
3.0844e-05
0.000382672
0.000726058
0.00104015
0.00130593
0.00150856
0.00163888
0.00169404
0.00167658
0.00159263
0.00144998
0.00125685
0.00102136
0.000751769
0.000457317
0.000149145
-0.000159642
-0.000455132
-0.000724573
-0.000958325
-0.00115095
-0.00130105
-0.00141017
-0.00148135
-0.00151787
-0.00152231
-0.001496
-0.00143889
-0.00134975
-0.0012268
-0.00106864
-0.00087537
-0.000649821
-0.000398334
-0.000130295
0.000143317
0.000411408
0.000663751
0.00089159
0.00108768
0.00124569
0.00135952
0.00142344
0.00143268
0.0013845
0.00127922
0.00112054
0.000914802
0.000669601
0.000392676
9.15787e-05
-0.000225882
-0.000550626
-0.000870931
-0.00117092
-0.00142965
-0.00162232
-0.00172422
-0.00171621
-0.00158959
-0.00134931
-0.00101469
-0.000616791
-0.00019271
0.000221213
0.000594587
0.000905739
0.00114226
0.00129972
0.0013793
0.00138559
0.00132569
0.00120925
0.00104835
0.000856592
0.000647995
0.000436263
0.000234331
5.37184e-05
-9.59238e-05
-0.000206728
-0.000272761
-0.000291189
-0.000264008
-0.000199442
-0.000112213
-2.17998e-05
5.14227e-05
9.03283e-05
8.3576e-05
2.66348e-05
-7.77591e-05
-0.000219803
-0.00038398
-0.000551341
-0.00070215
-0.000818428
-0.000885962
-0.000895504
-0.000843031
-0.000729252
-0.000559274
-0.000343191
-9.66649e-05
0.000160178
0.00040551
0.000618752
0.000782855
0.000885819
0.00092109
0.00088661
0.000783255
0.000783255
0.000613505
0.000380583
8.83252e-05
-0.000257793
-0.000648533
-0.0010686
-0.00149517
-0.00189804
-0.0022416
-0.00248921
-0.00260933
-0.00258144
-0.00239881
-0.00206723
-0.00160166
-0.00102253
-0.000352446
0.000385617
0.00116783
0.00196712
0.00275015
0.0034751
0.00409223
0.00454905
0.00479867
0.00480774
0.0045614
0.00406466
0.00334017
0.00242283
0.00135343
0.000173935
-0.00107366
-0.00234482
-0.00358816
-0.00474251
-0.00573852
-0.00650547
-0.00698149
-0.00712388
-0.00691642
-0.00637107
-0.00552307
-0.00442209
-0.00312423
-0.00168763
-0.000171853
0.00136023
0.00284012
0.00419408
0.00534786
0.00623482
0.00680521
0.00703398
0.00692385
0.00650265
0.00581629
0.00491999
0.00387
0.0027185
0.00151335
0.000300916
-0.000871546
-0.00195557
-0.00290304
-0.00366951
-0.0042186
-0.0045259
-0.00458064
-0.00438546
-0.00395505
-0.00331411
-0.00249518
-0.00153719
-0.000485219
0.000609513
0.00169056
0.00269873
0.00357587
0.00426936
0.00473702
0.00495143
0.00490262
0.00459813
0.00406053
0.00332344
0.00242764
0.00141799
0.000341088
-0.000756329
-0.00182817
-0.00282993
-0.00372057
-0.00446494
-0.00503587
-0.00541553
-0.00559587
-0.00557784
-0.0053697
-0.00498545
-0.00444433
-0.00377108
-0.00299584
-0.00215284
-0.00127769
-0.00040391
0.000439752
0.00123025
0.00194939
0.00258228
0.00311561
0.00353621
0.00383055
0.00398601
0.00399335
0.00384896
0.00355593
0.0031243
0.0025709
0.00191891
0.00119671
0.000436621
-0.000325727
-0.00105154
-0.00169991
-0.0022306
-0.00260786
-0.00280502
-0.00280907
-0.00262409
-0.00227184
-0.00178849
-0.0012185
-0.000607587
3.26263e-06
0.000581719
0.0011052
0.00155899
0.00193246
0.0022158
0.0023985
0.00246926
0.00241724
0.00223467
0.00192048
0.00148289
0.000940098
0.00031908
-0.000346963
-0.0010226
-0.00167465
-0.00227546
-0.00280408
-0.00324584
-0.00359001
-0.0038259
-0.00393916
-0.00391093
-0.00372053
-0.00335103
-0.00279649
-0.00206801
-0.00119515
-0.000222228
0.000798002
0.00181091
0.00276581
0.00361972
0.00433735
0.00488899
0.00524902
0.0053967
0.00531921
0.00501619
0.00450364
0.00381474
0.00299682
0.0021054
0.00119654
0.00031992
-0.000484689
-0.00118717
-0.00176464
-0.00219855
-0.00247248
-0.00257219
-0.00248838
-0.00222081
-0.00178147
-0.00119591
-0.000501944
0.000253934
0.00102101
0.00174767
0.00238344
0.00288081
0.00319811
0.00330286
0.00317439
0.00280535
0.00220363
0.00139523
0.000426407
-0.000637351
-0.00171673
-0.0027275
-0.00359092
-0.00424325
-0.00464211
-0.00476796
-0.00462064
-0.00421368
-0.00357049
-0.00272335
-0.00171384
-0.00059371
0.00057479
0.00172131
0.00277335
0.00366419
0.00434023
0.00476602
0.00492554
0.00481997
0.00446479
0.00388781
0.00312782
0.00223263
0.00125669
0.000258444
-0.000702851
-0.00157067
-0.00229447
-0.00283245
-0.00315378
-0.00324047
-0.00308871
-0.00270944
-0.00212747
-0.00137922
-0.000509788
0.000430314
0.00138846
0.00231334
0.00315807
0.00388246
0.00445406
0.0048481
0.00504731
0.00504199
0.00482979
0.00441526
0.00380931
0.0030288
0.00209627
0.00104023
-0.000104333
-0.00129631
-0.00249062
-0.00364136
-0.00470416
-0.00563718
-0.00640155
-0.00696223
-0.00728979
-0.0073632
-0.00717275
-0.00672242
-0.00603073
-0.00512974
-0.00406202
-0.00287657
-0.00162506
-0.000359538
0.00086885
0.00201028
0.0030169
0.00384471
0.00445676
0.00482682
0.00494256
0.00480715
0.00443839
0.00386571
0.00312597
0.00225954
0.00130754
0.000310922
-0.000689059
-0.00165007
-0.00252897
-0.00328339
-0.00387458
-0.00427129
-0.00445349
-0.00441488
-0.0041634
-0.00372002
-0.00311579
-0.00238789
-0.00157589
-0.000719171
0.000144383
0.000979059
0.00175157
0.00243125
0.00299071
0.00340736
0.00366533
0.00375722
0.00368503
0.00345996
0.00310111
0.00263341
0.00208537
0.0014872
0.000869482
0.00026233
-0.000305292
-0.000806544
-0.00121833
-0.00152337
-0.00152337
-0.00171193
-0.00178244
-0.00174101
-0.00160017
-0.00137713
-0.00109164
-0.000763921
-0.00041314
-5.67481e-05
0.000289554
0.000611709
0.000897197
0.00113484
0.00131468
0.00142841
0.00147
0.00143625
0.00132694
0.00114519
0.000898016
0.000596768
0.000257733
-9.7593e-05
-0.000443465
-0.000752855
-0.00100164
-0.00117219
-0.00125517
-0.00124966
-0.00116193
-0.00100313
-0.000786489
-0.000525414
-0.000233016
7.72233e-05
0.000390296
0.000688771
0.000953209
0.00116427
0.00130564
0.00136666
0.00134375
0.00124045
0.00106617
0.00083432
0.000560545
0.000261357
-4.69178e-05
-0.000348921
-0.000630831
-0.000880751
-0.00108911
-0.00124927
-0.00135794
-0.00141481
-0.00142148
-0.00138062
-0.0012956
-0.00117051
-0.00101038
-0.000821702
-0.000612577
-0.000392163
-0.000169767
4.58992e-05
0.000247144
0.000427258
0.000579943
0.000698533
0.000775656
0.000803619
0.000775634
0.000687797
0.000541076
0.000342134
0.000102571
-0.000162978
-0.000439298
-0.000712978
-0.00097365
-0.00121333
-0.00142449
-0.0015982
-0.00172335
-0.00178751
-0.00177932
-0.00169135
-0.00152221
-0.00127733
-0.000968597
-0.000612978
-0.000230351
0.000158509
0.000533194
0.000874276
0.00116393
0.00138702
0.00153244
0.00159401
0.0015706
0.00146576
0.00128705
0.00104472
0.000750508
0.000416754
5.58989e-05
-0.000319864
-0.000698473
-0.00106739
-0.00141326
-0.00172233
-0.00198124
-0.00217771
-0.00230119
-0.00234367
-0.00230076
-0.00217243
-0.00196318
-0.00168178
-0.00134055
-0.00095442
-0.000539729
-0.000113134
0.000309509
0.000714135
0.00108904
0.00142473
0.00171323
0.00194745
0.00212093
0.00222804
0.00226437
0.00222738
0.00211725
0.00193721
0.00169338
0.00139405
0.00104902
0.000669123
0.000266191
-0.000146775
-0.000555487
-0.000944464
-0.00129756
-0.0015992
-0.00183608
-0.00199849
-0.00208068
-0.00208028
-0.00199742
-0.00183412
-0.00159451
-0.00128565
-0.00091822
-0.000506738
-6.91907e-05
0.000374131
0.000802526
0.001197
0.00154198
0.00182636
0.00204346
0.00219007
0.0022652
0.00226905
0.00220259
0.00206753
0.00186653
0.00160375
0.00128553
0.000920982
0.000521773
0.000101457
-0.000325353
-0.000743759
-0.00113922
-0.00149789
-0.0018064
-0.00205118
-0.00221815
-0.00229357
-0.00226631
-0.0021305
-0.00188732
-0.00154561
-0.00112115
-0.000634741
-0.000109613
0.000430768
0.000963868
0.00146799
0.00192139
0.00230172
0.00258701
0.00275813
0.00280193
0.0027138
0.002499
0.00217184
0.00175326
0.00126766
0.000740069
0.000194439
-0.000347017
-0.000863511
-0.00133504
-0.00174213
-0.00206656
-0.00229297
-0.002411
-0.00241699
-0.00231478
-0.00211496
-0.00183299
-0.00148671
-0.0010938
-0.000670373
-0.000230672
0.000211929
0.000643543
0.00104865
0.00140968
0.00170751
0.00192311
0.00204007
0.00204718
0.00194009
0.00172195
0.0014031
0.00099976
0.000532159
2.3089e-05
-0.000502514
-0.0010177
-0.00149446
-0.00190564
-0.00222711
-0.00243976
-0.002531
-0.00249547
-0.00233465
-0.00205582
-0.0016708
-0.00119495
-0.000646433
-4.62519e-05
0.000581433
0.0012093
0.00180779
0.00234694
0.00279872
0.00313954
0.00335243
0.00342812
0.00336481
0.00316677
0.00284302
0.00240675
0.00187545
0.00127126
0.000620912
-4.53984e-05
-0.000696132
-0.00130096
-0.00183322
-0.00227184
-0.00260209
-0.00281535
-0.00290809
-0.00288059
-0.00273598
-0.00248014
-0.00212261
-0.00167764
-0.00116463
-0.000607794
-3.47799e-05
0.000525388
0.00104468
0.00149794
0.00186399
0.0021262
0.00227282
0.00229723
0.00219804
0.00197918
0.00165003
0.00122546
0.000725496
0.000174665
-0.00039912
-0.000966085
-0.00149645
-0.00196226
-0.00233892
-0.00260618
-0.00274868
-0.00275631
-0.00262504
-0.00235819
-0.0019672
-0.00147132
-0.000896031
-0.000270819
0.000372937
0.00100369
0.0015912
0.00210799
0.00253043
0.00283959
0.00302193
0.00307018
0.0029841
0.00277101
0.0024456
0.00202875
0.0015454
0.00102218
0.000484947
-4.30058e-05
-0.000541992
-0.000996042
-0.000996042
-0.00139251
-0.00172127
-0.00197377
-0.00214256
-0.00222179
-0.00220829
-0.00210211
-0.00190665
-0.00162881
-0.00127924
-0.000872139
-0.000424676
4.37591e-05
0.000512368
0.000959886
0.00136545
0.00170938
0.00197411
0.00214541
0.00221376
0.00217532
0.00203238
0.00179294
0.00146971
0.001079
0.000639699
0.000172306
-0.000301961
-0.000761895
-0.00118703
-0.00155857
-0.00186035
-0.00207988
-0.00220916
-0.00224525
-0.0021902
-0.00205029
-0.00183486
-0.00155484
-0.00122157
-0.000846336
-0.00044066
-1.70868e-05
0.000409981
0.000823832
0.00120602
0.00153822
0.00180457
0.00199361
0.00209918
0.0021204
0.00206054
0.0019254
0.00172199
0.00145814
0.0011429
0.000787461
0.000405954
1.55789e-05
-0.00036433
-0.00071396
-0.00101484
-0.00125161
-0.0014134
-0.00149445
-0.00149399
-0.00141557
-0.00126629
-0.00105589
-0.000795967
-0.000499557
-0.000181002
0.000144262
0.00046009
0.000750203
0.00099906
0.00119306
0.0013218
0.0013791
0.00136324
0.00127665
0.00112473
0.00091453
0.000653555
0.00034931
9.6065e-06
-0.000356481
-0.000737538
-0.00111939
-0.00148561
-0.00181869
-0.00210127
-0.00231758
-0.00245482
-0.00250415
-0.0024612
-0.00232596
-0.00210253
-0.00179856
-0.00142469
-0.000993997
-0.000521717
-2.50833e-05
0.000476719
0.000962809
0.00141139
0.00180117
0.00211314
0.00233233
0.00244924
0.0024607
0.00236994
0.00218596
0.00192225
0.00159558
0.00122484
0.00082982
0.000430014
4.35981e-05
-0.000313519
-0.000628608
-0.000892564
-0.00109954
-0.00124619
-0.00133121
-0.00135539
-0.00132172
-0.00123556
-0.00110464
-0.000938891
-0.000749737
-0.000549138
-0.000348585
-0.000158305
1.31019e-05
0.000158547
0.000272232
0.000349796
0.000388826
0.000389395
0.00035422
0.000288289
0.000198117
9.09712e-05
-2.58338e-05
-0.000145662
-0.000263121
-0.000374194
-0.000475892
-0.000565638
-0.000640609
-0.000697249
-0.000731241
-0.000738041
-0.000713845
-0.000656565
-0.000566483
-0.000446533
-0.00030225
-0.000141298
2.73869e-05
0.000194511
0.000351134
0.000489273
0.000602492
0.000686318
0.000738363
0.000758345
0.000748137
0.000711613
0.000654055
0.000581356
0.000499429
0.000413884
0.000329846
0.000251896
0.000184099
0.000129879
9.159e-05
7.0015e-05
6.41158e-05
7.12052e-05
8.75869e-05
0.000109478
0.000133777
0.000158391
0.000182308
0.000205576
0.000229129
0.000254373
0.000282707
0.000315126
0.000351955
0.00039271
0.00043603
0.000479563
0.000519783
0.000551887
0.000569949
0.000567601
0.000539256
0.000481363
0.000392977
0.000275522
0.000132198
-3.26513e-05
-0.000214162
-0.000407311
-0.000606697
-0.000805744
-0.000995695
-0.00116499
-0.0012999
-0.00138667
-0.00141426
-0.00137652
-0.00127304
-0.00110903
-0.000894364
-0.000642116
-0.000367229
-8.54623e-05
0.000187418
0.000436435
0.0006483
0.000812329
0.00092109
0.000970706
0.00096096
0.000895095
0.000779055
0.000620524
0.000428322
0.000212122
-1.77904e-05
-0.000250656
-0.000475277
-0.000680282
-0.000854732
-0.000988839
-0.00107466
-0.00110678
-0.00108287
-0.00100376
-0.000873079
-0.000696528
-0.000481221
-0.000235149
3.30371e-05
0.000314033
0.000597809
0.000873598
0.00113
0.00135529
0.00153796
0.00166767
0.00173608
0.00173741
0.00166849
0.00152893
0.00132149
0.00105267
0.000733
0.000376869
1.84782e-06
-0.000372581
-0.000726933
-0.00104381
-0.00130938
-0.00151407
-0.00165256
-0.00172335
-0.00172773
-0.00166892
-0.00155148
-0.00138121
-0.00116498
-0.00091058
-0.000626915
-0.000324175
-1.38161e-05
0.000291799
0.000579867
0.000837604
0.00105287
0.00121508
0.00131614
0.00135134
0.00131987
0.00122514
0.00107445
0.00087821
0.000648732
0.00039913
0.000142356
-0.000109527
-0.000345761
-0.000556912
-0.000734648
-0.000871659
-0.000961838
-0.00100062
-0.000985432
-0.0009162
-0.000795735
-0.000629686
-0.000426095
-0.000194725
5.37323e-05
0.000308493
0.000559402
0.000797344
0.00101431
0.00120312
0.001357
0.00146913
0.00153276
0.00154181
0.00149171
0.00138026
0.00120846
0.000981113
0.000981113
0.000706793
0.000397417
6.76371e-05
-0.000265947
-0.000586118
-0.000876729
-0.00112411
-0.00131792
-0.0014515
-0.00152192
-0.00152937
-0.00147625
-0.00136641
-0.00120455
-0.000996114
-0.000747549
-0.000466997
-0.000164907
0.000146096
0.000452158
0.000739507
0.00099572
0.0012107
0.00137721
0.00149071
0.00154865
0.00154953
0.00149222
0.00137604
0.00120183
0.000973364
0.000698383
0.000388803
5.99747e-05
-0.000270928
-0.000586992
-0.000873461
-0.00111884
-0.0013151
-0.00145703
-0.0015412
-0.00156507
-0.00152679
-0.00142595
-0.00126459
-0.0010483
-0.000786729
-0.000493176
-0.000183359
0.000126388
0.000420785
0.000686741
0.000913823
0.00109411
0.00122166
0.00129206
0.00130239
0.00125174
0.00114184
0.000977715
0.000767787
0.000523472
0.000258144
-1.41265e-05
-0.000279795
-0.000526741
-0.000744659
-0.000924977
-0.00106056
-0.00114551
-0.00117524
-0.00114699
-0.00106049
-0.000918612
-0.000727457
-0.000496121
-0.00023599
4.01572e-05
0.000319017
0.000587397
0.000832625
0.00104289
0.00120773
0.00131858
0.00136935
0.00135685
0.00128104
0.00114519
0.000955585
0.000721094
0.000452415
0.000161375
-0.000139634
-0.000437883
-0.000720294
-0.00097353
-0.00118447
-0.00134113
-0.00143376
-0.0014561
-0.00140632
-0.00128744
-0.00110692
-0.000875545
-0.000606132
-0.000312359
-7.81761e-06
0.000294446
0.00058191
0.000842418
0.00106432
0.00123702
0.00135174
0.00140247
0.00138668
0.00130567
0.00116427
0.000970255
0.000733612
0.000465811
0.000179252
-0.000113058
-0.000397744
-0.00066143
-0.000891399
-0.0010765
-0.00120804
-0.00128052
-0.00129204
-0.00124423
-0.00114182
-0.000991861
-0.000802915
-0.000584513
-0.000346779
-0.000100233
0.00014436
0.00037628
0.000585389
0.000762811
0.000901573
0.000997016
0.00104689
0.00105115
0.00101167
0.000931961
0.000816864
0.000672339
0.000505239
0.00032312
0.000134006
-5.39546e-05
-0.000232942
-0.000396
-0.000537465
-0.000653159
-0.00074035
-0.00079758
-0.000824361
-0.0008208
-0.000787347
-0.000724862
-0.000634987
-0.000520681
-0.000386736
-0.000240081
-8.96334e-05
5.44636e-05
0.000182109
0.000284625
0.000355928
0.00039336
0.000397986
0.000374071
0.000327834
0.000266034
0.000194858
0.000119162
4.21727e-05
-3.41522e-05
-0.000108238
-0.000178081
-0.000240911
-0.00029329
-0.000331492
-0.000352183
-0.000353167
-0.000333754
-0.000294556
-0.000237038
-0.00016318
-7.53158e-05
2.37902e-05
0.000130534
0.0002399
0.000345226
0.000438724
0.00051264
0.000560559
0.000578411
0.000565004
0.000522016
0.000453396
0.000364401
0.000260648
0.00014745
2.95354e-05
-8.88525e-05
-0.000203626
-0.000310547
-0.000405229
-0.000483542
-0.000542307
-0.000579924
-0.000596572
-0.000593835
-0.000573944
-0.000538941
-0.000490111
-0.000427997
-0.00035304
-0.000266503
-0.00017113
-7.12442e-05
2.76534e-05
0.00011961
0.00019907
0.000261561
0.000303941
0.000324275
0.000321554
0.000295478
0.000246451
0.000175858
8.64712e-05
-1.72479e-05
-0.000129156
-0.000241899
-0.000347879
-0.000440396
-0.000514491
-0.000567259
-0.00059771
-0.000606289
-0.000594183
-0.000562746
-0.000513303
-0.000447314
-0.000366657
-0.000273841
-0.000172042
-6.48493e-05
4.4172e-05
0.000151887
0.000255759
0.000353734
0.000443926
0.000524294
0.000592553
0.000646367
0.000683728
0.000703367
0.000705047
0.000689529
0.000658144
0.000612223
0.000552734
0.000480332
0.000395828
0.000300845
0.000198248
9.2054e-05
-1.30553e-05
-0.00011244
-0.000202288
-0.000280248
-0.000345588
-0.000398809
-0.000440905
-0.000472483
-0.000493101
-0.000501246
-0.000495055
-0.000473332
-0.000436391
-0.00038651
-0.000327922
-0.000266269
-0.000207644
-0.000157598
-0.000120426
-9.87582e-05
-9.34035e-05
-0.000103429
-0.000126447
-0.000158935
-0.000196526
-0.000234439
-0.000268183
-0.000294209
-0.000310114
-0.00031445
-0.000306457
-0.000285848
-0.000252565
-0.000206636
-0.000148291
-7.81958e-05
2.36054e-06
9.12977e-05
0.000185645
0.000281736
0.000375696
0.000463963
0.00054362
0.000612546
0.000669408
0.000713513
0.000744588
0.000762545
0.000767289
0.000758587
0.000758587
0.000736112
0.000699667
0.000649454
0.000586197
0.000511117
0.000425899
0.000332735
0.000234347
0.000133819
3.42225e-05
-6.18518e-05
-0.000152667
-0.000237486
-0.00031638
-0.00038979
-0.000458017
-0.000520791
-0.000576943
-0.000624365
-0.000660427
-0.000682653
-0.00068925
-0.000679368
-0.000653179
-0.000611877
-0.000557509
-0.000492628
-0.000419861
-0.000341572
-0.000259729
-0.000176016
-9.21203e-05
-9.97741e-06
6.82586e-05
0.000140512
0.000205102
0.000260924
0.000307517
0.000344988
0.000373806
0.000394484
0.000407288
0.000412063
0.000408285
0.000395346
0.000372955
0.000341482
0.000302173
0.000257163
0.00020927
0.000161634
0.000117347
7.92103e-05
4.95656e-05
3.00427e-05
2.12873e-05
2.2835e-05
3.31909e-05
5.0046e-05
7.06255e-05
9.21385e-05
0.000112121
0.000128487
0.000139405
0.000143229
0.000138517
0.00012407
9.90162e-05
6.29615e-05
1.60947e-05
-4.07922e-05
-0.000106325
-0.000178562
-0.000254989
-0.000332437
-0.000406895
-0.000473392
-0.000526224
-0.000559735
-0.000569413
-0.000552762
-0.000509642
-0.000442221
-0.000354701
-0.000252763
-0.000142779
-3.10466e-05
7.67523e-05
0.000175853
0.000262434
0.00033344
0.000386394
0.000419401
0.000431352
0.000422198
0.000393097
0.000346328
0.000285007
0.000212736
0.000133253
5.01543e-05
-3.32096e-05
-0.000113648
-0.000187994
-0.000253069
-0.00030579
-0.000343402
-0.000363784
-0.000365705
-0.000348886
-0.00031382
-0.000261487
-0.000193132
-0.000110248
-1.47829e-05
9.04913e-05
0.000201632
0.000313346
0.000419027
0.000511179
0.000582373
0.000626493
0.000639704
0.000620784
0.000570898
0.000493029
0.00039123
0.000269991
0.000133986
-1.17839e-05
-0.000161696
-0.000309295
-0.000447404
-0.000568698
-0.000666587
-0.00073606
-0.000774219
-0.000780392
-0.000755804
-0.000702947
-0.000624915
-0.000524918
-0.000406125
-0.000271876
-0.000126154
2.59961e-05
0.000178441
0.00032438
0.000456989
0.000570064
0.000658519
0.000718674
0.000748325
0.000746659
0.000714149
0.000652496
0.000564657
0.000454893
0.000328767
0.000192967
5.49174e-05
-7.78032e-05
-0.000198149
-0.000300186
-0.000379402
-0.000432747
-0.000458536
-0.000456336
-0.00042687
-0.000371997
-0.000294735
-0.000199235
-9.06198e-05
2.53206e-05
0.000142551
0.000255273
0.000358373
0.000447734
0.000520384
0.00057444
0.000608888
0.000623327
0.000617857
0.00059312
0.00055038
0.000491557
0.000419158
0.000336148
0.000245777
0.000151438
5.65758e-05
-3.53572e-05
-0.000120888
-0.000196499
-0.000258663
-0.000303974
-0.000329386
-0.000332586
-0.000312473
-0.000269505
-0.000205705
-0.000124367
-2.96483e-05
7.38137e-05
0.000181187
0.000287546
0.000387815
0.000476731
0.000549009
0.000599736
0.000624962
0.000622319
0.000591372
0.000533565
0.000451879
0.000350366
0.000233659
0.000106589
-2.59595e-05
-0.000159057
-0.000287721
-0.000406957
-0.000511929
-0.000598302
-0.000662716
-0.0007032
-0.000719399
-0.000712572
-0.000685311
-0.000641094
-0.000583826
-0.000517517
-0.000446098
-0.000373354
-0.000302925
-0.000238313
-0.000182796
-0.000139238
-0.000109826
-9.58653e-05
-9.77233e-05
-0.000114929
-0.000146322
-0.000190177
-0.000244262
-0.000305882
-0.000371914
-0.000438916
-0.000503327
-0.00056169
-0.000610873
-0.000648284
-0.000672045
-0.000681
-0.000674556
-0.000652445
-0.00061457
-0.000561024
-0.000492339
-0.00040989
-0.00031621
-0.000215074
-0.000111348
-1.06253e-05
8.14153e-05
0.000159785
0.000220791
0.000262271
0.000283528
0.000285087
0.000268327
0.000235158
0.000187857
0.000129066
6.18226e-05
-1.04346e-05
-8.3921e-05
-0.000154644
-0.000218627
-0.000272159
-0.000311996
-0.000335525
-0.000340931
-0.000327417
-0.000295396
-0.000246525
-0.000183583
-0.000110211
-3.05316e-05
5.12651e-05
0.000131224
0.000205764
0.000271747
0.000326526
0.000367944
0.000394341
0.000404609
0.000398295
0.000375698
0.000337943
0.00028701
0.000225687
0.000157423
8.61336e-05
1.59634e-05
-4.89863e-05
-0.000104965
-0.000148829
-0.000178186
-0.000191408
-0.000187614
-0.000166644
-0.000129049
-7.60791e-05
-9.6502e-06
6.77016e-05
0.000152878
0.000242267
0.000331808
0.000417126
0.000493795
0.000557678
0.000557678
0.000605285
0.000634077
0.000642684
0.000630965
0.000599837
0.000550916
0.000486156
0.000407592
0.000317284
0.000217485
0.000110933
1.04881e-06
-0.00010806
-0.000211761
-0.000305183
-0.000383625
-0.000442992
-0.000480127
-0.000493016
-0.00048091
-0.000444393
-0.000385342
-0.000306737
-0.000212377
-0.000106622
5.83424e-06
0.000120222
0.000231943
0.000336749
0.000430893
0.00051126
0.000575426
0.00062162
0.000648684
0.000656085
0.00064387
0.00061257
0.000563128
0.00049701
0.000416445
0.000324622
0.000225706
0.000124677
2.69729e-05
-6.20307e-05
-0.000137604
-0.000196094
-0.000235121
-0.000253591
-0.000251573
-0.000230106
-0.000191048
-0.00013704
-7.15332e-05
1.24939e-06
7.65303e-05
0.000149373
0.000215153
0.000269944
0.000310759
0.000335673
0.000343825
0.000335268
0.00031073
0.000271405
0.000218861
0.00015506
8.2483e-05
4.30776e-06
-7.55101e-05
-0.000152354
-0.000221273
-0.000277461
-0.000316812
-0.000336449
-0.000335016
-0.000312632
-0.000270564
-0.000210841
-0.000135957
-4.87231e-05
4.7682e-05
0.000149446
0.000251803
0.000348898
0.000434062
0.000500566
0.000542686
0.000556622
0.000540897
0.000496222
0.00042505
0.000330943
0.000217992
9.05446e-05
-4.66474e-05
-0.000188011
-0.000326786
-0.000455074
-0.000564534
-0.000647521
-0.000698214
-0.000713404
-0.000692799
-0.000638797
-0.000555802
-0.000449347
-0.000325341
-0.000189587
-4.76369e-05
9.50897e-05
0.00023309
0.000360683
0.00047223
0.000562664
0.000628127
0.000666432
0.000677217
0.000661786
0.00062272
0.000563404
0.00048763
0.000399414
0.000302983
0.000202844
0.000103791
1.07423e-05
-7.16195e-05
-0.000139301
-0.000189372
-0.000220145
-0.000231136
-0.000222855
-0.000196523
-0.000153821
-9.67874e-05
-2.78809e-05
4.98166e-05
0.000132343
0.000214662
0.000290734
0.000354003
0.000398224
0.000418371
0.000411407
0.000376797
0.000316605
0.000235015
0.000137416
2.94191e-05
-8.38656e-05
-0.000198243
-0.000310518
-0.000418222
-0.000519104
-0.000610682
-0.000690013
-0.000753672
-0.000797964
-0.000819484
-0.000815866
-0.000786371
-0.000732072
-0.000655747
-0.000561577
-0.000454623
-0.000340227
-0.000223555
-0.000109395
-2.11628e-06
9.43154e-05
0.000176275
0.000240474
0.000284136
0.000305302
0.000303113
0.000277976
0.000231599
0.000166852
8.74701e-05
-2.28941e-06
-9.79032e-05
-0.000194682
-0.000287761
-0.000372081
-0.000442478
-0.00049398
-0.000522335
-0.000524706
-0.0005003
-0.000450653
-0.000379462
-0.000292049
-0.000194556
-9.30155e-05
7.37836e-06
0.000102493
0.000189028
0.000264171
0.000325363
0.000370244
0.000396868
0.000404145
0.000392246
0.00036274
0.000318426
0.000262935
0.000200195
0.000133954
6.74971e-05
3.56874e-06
-5.55921e-05
-0.000108139
-0.000152488
-0.000187267
-0.000211416
-0.000224337
-0.00022603
-0.000217137
-0.000198882
-0.00017292
-0.000141175
-0.000105688
-6.84536e-05
-3.12738e-05
4.3594e-06
3.7321e-05
6.68434e-05
9.24479e-05
0.000113836
0.000130766
0.000142976
0.000150217
0.000152377
0.000149605
0.000142378
0.000131508
0.00011807
0.000103267
8.82646e-05
7.40742e-05
6.14911e-05
5.10981e-05
4.33395e-05
3.86117e-05
3.73013e-05
3.97544e-05
4.62096e-05
5.67303e-05
7.11944e-05
8.93804e-05
0.000111137
0.000136536
0.000165873
0.000199367
0.000236621
0.000276077
0.000314752
0.000348403
0.000372192
0.000381779
0.000374434
0.000349603
0.000308765
0.000254822
0.000191308
0.000121546
4.80745e-05
-2.73936e-05
-0.000103576
-0.000179137
-0.000252284
-0.000320561
-0.000380997
-0.00043055
-0.000466582
-0.000487124
-0.000490989
-0.000477832
-0.000448168
-0.000403278
-0.000345023
-0.000275675
-0.000197847
-0.000114461
-2.86979e-05
5.61043e-05
0.00013667
0.000210098
0.000274127
0.000327191
0.000368302
0.000396836
0.000412302
0.000414137
0.000401684
0.000374449
0.000332577
0.000277257
0.000210856
0.000136761
5.89868e-05
-1.83371e-05
-9.14681e-05
-0.000157369
-0.000213792
-0.000259186
-0.000292519
-0.000313082
-0.000320392
-0.000314246
-0.000294879
-0.000263058
-0.000220075
-0.000167642
-0.000107784
-4.27446e-05
2.50866e-05
9.32106e-05
0.000158983
0.000219563
0.000271963
0.000271963
0.000313234
0.000340785
0.000352746
0.00034833
0.000328059
0.000293744
0.000248181
0.000194712
0.000136799
7.76941e-05
2.02196e-05
-3.32598e-05
-8.07248e-05
-0.000120411
-0.00015089
-0.000171272
-0.000181404
-0.000181931
-0.000174225
-0.000160163
-0.000141822
-0.00012119
-9.99776e-05
-7.95912e-05
-6.12348e-05
-4.60761e-05
-3.53637e-05
-3.03996e-05
-3.23225e-05
-4.17468e-05
-5.83962e-05
-8.091e-05
-0.00010694
-0.000133557
-0.000157881
-0.000177707
-0.000191834
-0.000200011
-0.000202663
-0.000200527
-0.000194285
-0.000184303
-0.000170627
-0.000153186
-0.000132062
-0.000107698
-8.10026e-05
-5.32649e-05
-2.58938e-05
-1.40956e-07
2.30637e-05
4.31365e-05
5.97624e-05
7.27702e-05
8.20198e-05
8.73552e-05
8.86494e-05
8.59155e-05
7.94258e-05
6.97768e-05
5.78681e-05
4.47909e-05
3.16516e-05
1.93832e-05
8.59301e-06
-5.30575e-07
-8.23998e-06
-1.517e-05
-2.21924e-05
-3.01939e-05
-3.98287e-05
-5.13555e-05
-6.46565e-05
-7.94023e-05
-9.52295e-05
-0.000111857
-0.000129151
-0.000147118
-0.000165811
-0.00018521
-0.000205138
-0.000225239
-0.000245005
-0.000263874
-0.000281365
-0.000297148
-0.000311001
-0.000322725
-0.0003321
-0.000338897
-0.000342935
-0.00034415
-0.000342662
-0.000338831
-0.000333236
-0.0003266
-0.000319683
-0.000313148
-0.000307417
-0.000302546
-0.000298156
-0.00029347
-0.000287449
-0.000278957
-0.000266894
-0.000250256
-0.000228155
-0.000199826
-0.00016466
-0.000122335
-7.30534e-05
-1.78002e-05
4.15661e-05
0.000102498
0.000162173
0.000217952
0.000267727
0.000310046
0.000344034
0.00036917
0.000385052
0.00039126
0.000387375
0.000373113
0.000348538
0.000314261
0.000271509
0.000222021
0.000167817
0.000110948
5.33117e-05
-3.4381e-06
-5.78803e-05
-0.000108768
-0.00015495
-0.000195326
-0.00022887
-0.000254736
-0.000272379
-0.00028157
-0.000282244
-0.000274226
-0.000257055
-0.000230054
-0.000192658
-0.000144821
-8.7386e-05
-2.23196e-05
4.73013e-05
0.000117645
0.000184717
0.000244956
0.000295632
0.00033499
0.000362148
0.000376853
0.000379185
0.000369399
0.000347956
0.000315682
0.000273922
0.000224649
0.00017045
0.000114319
5.93208e-05
8.278e-06
-3.64441e-05
-7.30324e-05
-0.000100211
-0.000117149
-0.000123378
-0.000118796
-0.000103734
-7.90266e-05
-4.60589e-05
-6.7248e-06
3.67007e-05
8.17643e-05
0.000126055
0.000167392
0.000203922
0.00023414
0.000256852
0.000271159
0.00027648
0.000272642
0.000260033
0.000239737
0.000213544
0.000183801
0.000153087
0.000123831
9.80163e-05
7.70763e-05
6.1924e-05
5.30595e-05
5.07192e-05
5.50146e-05
6.59575e-05
8.33468e-05
0.000106578
0.000134473
0.000165241
0.000196648
0.000226357
0.000252275
0.000272801
0.000286922
0.000294153
0.000294369
0.000287604
0.000273909
0.000253335
0.000226043
0.000192495
0.000153615
0.000110829
6.59611e-05
2.09894e-05
-2.22074e-05
-6.20467e-05
-9.73299e-05
-0.000127216
-0.000151097
-0.000168434
-0.000178623
-0.000180998
-0.000174982
-0.00016033
-0.000137342
-0.000106943
-7.05914e-05
-3.00523e-05
1.28867e-05
5.66442e-05
9.99216e-05
0.000141619
0.00018066
0.000215827
0.000245719
0.000268883
0.000284085
0.000290586
0.00028832
0.000277942
0.00026071
0.000238236
0.000212199
0.000184138
0.000155355
0.000126916
9.97378e-05
7.46947e-05
5.26752e-05
3.45372e-05
2.0959e-05
1.22069e-05
7.86972e-06
6.68459e-06
6.61716e-06
5.29594e-06
7.34206e-07
-7.94432e-06
-2.0171e-05
-3.42031e-05
-4.78282e-05
-5.91275e-05
-6.70507e-05
-7.16828e-05
-7.40877e-05
-7.57708e-05
-7.80655e-05
-8.17426e-05
-8.6893e-05
-9.30572e-05
-9.95931e-05
-0.000106126
-0.000112798
-0.000120195
-0.000129069
-0.000140022
-0.000153239
-0.00016839
-0.000184739
-0.000201367
-0.000217348
-0.000231791
-0.000243772
-0.000252258
-0.000256083
-0.000254018
-0.000244976
-0.000228318
-0.000204098
-0.000173091
-0.000136637
-9.63961e-05
-5.41072e-05
-1.14064e-05
3.02174e-05
6.93328e-05
0.000104463
0.000134068
0.000156634
0.000170867
0.000175953
0.000171749
0.000158841
0.000138469
0.000112362
8.24879e-05
5.07979e-05
1.90683e-05
-1.11403e-05
-3.84552e-05
-6.16319e-05
-7.95083e-05
-9.10345e-05
-9.53897e-05
-9.21403e-05
-8.13757e-05
-6.37798e-05
-6.37798e-05
-4.06034e-05
-1.355e-05
1.5373e-05
4.3989e-05
7.00742e-05
9.15004e-05
0.000106415
0.000113418
0.000111654
0.000100831
8.12304e-05
5.37229e-05
1.97195e-05
-1.89851e-05
-6.0412e-05
-0.000102587
-0.000143695
-0.000182169
-0.000216693
-0.000246163
-0.000269666
-0.000286472
-0.000296042
-0.000298051
-0.000292418
-0.000279325
-0.000259196
-0.000232635
-0.000200305
-0.000162822
-0.000120731
-7.45814e-05
-2.50449e-05
2.69964e-05
8.03928e-05
0.000133694
0.000185142
0.000232711
0.000274194
0.000307351
0.000330103
0.000340801
0.00033853
0.00032333
0.000296191
0.000258842
0.000213489
0.000162559
0.000108476
5.35108e-05
-2.23569e-07
-5.07406e-05
-9.61937e-05
-0.000134931
-0.000165593
-0.000187289
-0.000199806
-0.000203701
-0.000200208
-0.000190994
-0.000177804
-0.000162107
-0.000144862
-0.000126467
-0.000106846
-8.5679e-05
-6.27775e-05
-3.84456e-05
-1.35856e-05
1.04879e-05
3.23687e-05
5.08754e-05
6.52935e-05
7.54533e-05
8.15985e-05
8.41383e-05
8.34185e-05
7.95689e-05
7.24716e-05
6.19049e-05
4.78116e-05
3.05266e-05
1.08454e-05
-1.00716e-05
-3.09088e-05
-5.04372e-05
-6.76926e-05
-8.20269e-05
-9.30346e-05
-0.000100415
-0.000103863
-0.000103044
-9.76654e-05
-8.76088e-05
-7.30916e-05
-5.47868e-05
-3.3835e-05
-1.17346e-05
9.85729e-06
2.9362e-05
4.5486e-05
5.73341e-05
6.44117e-05
6.65415e-05
6.3736e-05
5.60968e-05
4.3805e-05
2.72057e-05
6.91347e-06
-1.61271e-05
-4.0662e-05
-6.52375e-05
-8.83789e-05
-0.000108782
-0.000125456
-0.000137778
-0.000145458
-0.000148431
-0.000146757
-0.000140572
-0.000130129
-0.000115918
-9.87975e-05
-8.0045e-05
-6.13067e-05
-4.44062e-05
-3.10523e-05
-2.25518e-05
-1.96563e-05
-2.25654e-05
-3.10076e-05
-4.43387e-05
-6.16574e-05
-8.1921e-05
-0.000104028
-0.000126858
-0.000149287
-0.000170166
-0.000188294
-0.000202402
-0.000211187
-0.000213406
-0.000208016
-0.00019433
-0.000172163
-0.000141923
-0.000104595
-6.16445e-05
-1.4912e-05
3.34511e-05
8.10854e-05
0.00012559
0.000164711
0.000196509
0.000219507
0.000232794
0.000236067
0.000229601
0.000214195
0.000191094
0.000161909
0.000128535
9.30214e-05
5.74103e-05
2.35954e-05
-6.80447e-06
-3.2552e-05
-5.2828e-05
-6.7162e-05
-7.53092e-05
-7.71715e-05
-7.27817e-05
-6.23247e-05
-4.61819e-05
-2.49934e-05
3.16489e-07
2.86075e-05
5.86661e-05
8.93644e-05
0.000119776
0.000149193
0.000177039
0.000202749
0.000225705
0.00024521
0.000260485
0.000270727
0.000275242
0.000273581
0.000265657
0.000251801
0.000232758
0.000209591
0.000183555
0.000155968
0.00012811
0.000101164
7.61893e-05
5.41228e-05
3.57839e-05
2.18666e-05
1.29075e-05
9.22812e-06
1.08857e-05
1.76578e-05
2.90581e-05
4.43743e-05
6.27247e-05
8.31225e-05
0.00010452
0.000125817
0.000145857
0.000163409
0.000177199
0.000185979
0.000188688
0.000184636
0.000173686
0.000156328
0.00013364
0.000107153
7.86396e-05
4.98585e-05
2.23171e-05
-2.83029e-06
-2.47384e-05
-4.2771e-05
-5.64216e-05
-6.52784e-05
-6.9059e-05
-6.77274e-05
-6.16212e-05
-5.14767e-05
-3.83209e-05
-2.3276e-05
-7.34714e-06
8.72096e-06
2.44597e-05
3.95774e-05
5.38059e-05
6.67527e-05
7.78256e-05
8.62818e-05
9.13701e-05
9.24786e-05
8.92398e-05
8.15802e-05
6.97037e-05
5.40159e-05
3.50371e-05
1.33557e-05
-1.03606e-05
-3.53193e-05
-6.05641e-05
-8.49791e-05
-0.000107361
-0.000126559
-0.000141636
-0.000152001
-0.000157452
-0.000158148
-0.000154525
-0.000147236
-0.000137104
-0.000125084
-0.000112209
-9.95449e-05
-8.81421e-05
-7.89861e-05
-7.29347e-05
-7.06632e-05
-7.26231e-05
-7.90212e-05
-8.9835e-05
-0.000104862
-0.000123762
-0.000146074
-0.0001712
-0.00019838
-0.000226615
-0.000254556
-0.00028043
-0.000302114
-0.000317393
-0.00032433
-0.000321585
-0.000308604
-0.000285693
-0.000253962
-0.000215159
-0.000171432
-0.000125087
-7.84069e-05
-3.35049e-05
7.76902e-06
4.38586e-05
7.34765e-05
9.5586e-05
0.000109433
0.0001146
0.000111036
9.90816e-05
7.94821e-05
5.33587e-05
2.21235e-05
-1.26122e-05
-4.91164e-05
-8.56192e-05
-0.000120397
-0.000151834
-0.00017846
-0.00019899
-0.000212378
-0.000217876
-0.000215088
-0.000204001
-0.000184985
-0.000158741
-0.000126207
-8.84437e-05
-4.65722e-05
-1.75152e-06
-1.75152e-06
4.48014e-05
9.17645e-05
0.000137643
0.000180736
0.000219193
0.000251157
0.000274949
0.000289288
0.000293491
0.000287604
0.000272365
0.000249051
0.000219314
0.000185074
0.00014846
0.000111743
7.7249e-05
4.7191e-05
2.339e-05
6.94969e-06
-1.96513e-06
-4.1114e-06
-9.01774e-07
5.99024e-06
1.50079e-05
2.498e-05
3.52211e-05
4.5427e-05
5.54369e-05
6.5022e-05
7.38159e-05
8.1359e-05
8.71899e-05
9.0957e-05
9.25222e-05
9.19799e-05
8.95477e-05
8.53933e-05
7.95007e-05
7.16264e-05
6.13704e-05
4.83578e-05
3.2467e-05
1.40055e-05
-6.23385e-06
-2.70572e-05
-4.70819e-05
-6.5002e-05
-7.9812e-05
-9.09304e-05
-9.82095e-05
-0.000101837
-0.000102195
-9.97954e-05
-9.53542e-05
-8.99247e-05
-8.49299e-05
-8.20136e-05
-8.27496e-05
-8.82729e-05
-9.89104e-05
-0.000113974
-0.000131885
-0.000150622
-0.000168259
-0.000183396
-0.000195353
-0.000204104
-0.000209969
-0.000213209
-0.000213732
-0.000211032
-0.000204365
-0.000193079
-0.000176982
-0.000156597
-0.000133159
-0.000108354
-8.39371e-05
-6.13965e-05
-4.1735e-05
-2.54355e-05
-1.26143e-05
-3.26001e-06
2.59966e-06
4.89234e-06
3.65199e-06
-7.44151e-07
-7.38118e-06
-1.47877e-05
-2.11354e-05
-2.45928e-05
-2.37091e-05
-1.76815e-05
-6.38772e-06
9.80509e-06
3.03204e-05
5.46135e-05
8.22917e-05
0.000113039
0.000146321
0.000180994
0.000215014
0.000245456
0.000268954
0.000282436
0.000283811
0.000272312
0.000248458
0.000213744
0.000170167
0.000119739
6.42196e-05
5.14043e-06
-5.59509e-05
-0.000117148
-0.000175949
-0.000229329
-0.000274141
-0.000307668
-0.000328104
-0.00033481
-0.000328297
-0.000309933
-0.000281537
-0.000245004
-0.000202103
-0.000154486
-0.000103857
-5.21715e-05
-1.7438e-06
4.48373e-05
8.49923e-05
0.000116538
0.00013805
0.000149077
0.000150152
0.000142586
0.000128119
0.000108561
8.55284e-05
6.03582e-05
3.42152e-05
8.27916e-06
-1.61483e-05
-3.76898e-05
-5.50453e-05
-6.71792e-05
-7.34794e-05
-7.38187e-05
-6.84873e-05
-5.80442e-05
-4.31502e-05
-2.44238e-05
-2.36823e-06
2.26058e-05
5.0087e-05
7.95481e-05
0.000110238
0.000141146
0.000171093
0.000198907
0.000223589
0.000244406
0.00026091
0.000272863
0.000280124
0.000282562
0.000280059
0.000272594
0.000260364
0.000243905
0.00022414
0.000202303
0.000179789
0.000157951
0.000137924
0.000120505
0.000106134
9.49565e-05
8.69393e-05
8.1984e-05
8.00104e-05
8.09741e-05
8.48031e-05
9.12936e-05
0.000100035
0.000110405
0.000121614
0.000132794
0.000143104
0.000151812
0.000158331
0.000162217
0.00016316
0.000160963
0.000155525
0.000146843
0.000135051
0.000120448
0.000103503
8.48424e-05
6.52173e-05
4.54545e-05
2.63832e-05
8.77297e-06
-6.71386e-06
-1.95599e-05
-2.94059e-05
-3.60368e-05
-3.9368e-05
-3.94438e-05
-3.64389e-05
-3.06573e-05
-2.25293e-05
-1.2595e-05
-1.46239e-06
1.02551e-05
2.20103e-05
3.33862e-05
4.41242e-05
5.41033e-05
6.32796e-05
7.16104e-05
7.89813e-05
8.51674e-05
8.98394e-05
9.25823e-05
9.2897e-05
9.02241e-05
8.40436e-05
7.40196e-05
6.01015e-05
4.25488e-05
2.19027e-05
-1.08543e-06
-2.55589e-05
-5.06607e-05
-7.55973e-05
-9.9651e-05
-0.00012214
-0.000142332
-0.000159356
-0.000172197
-0.000179809
-0.000181315
-0.000176199
-0.000164444
-0.000146561
-0.000123504
-9.646e-05
-6.66021e-05
-3.49226e-05
-2.19825e-06
3.09304e-05
6.38026e-05
9.5579e-05
0.000125173
0.000151303
0.000172635
0.000188017
0.00019674
0.000198747
0.000194692
0.000185875
0.000174046
0.000161096
0.000148749
0.000138371
0.00013092
0.000126947
0.000126553
0.000129353
0.000134473
0.000140648
0.000146392
0.000150237
0.000150979
0.000147885
0.000140774
0.0001299
0.000115721
9.86948e-05
7.91446e-05
5.72211e-05
3.2994e-05
6.65515e-06
-2.12899e-05
-4.99328e-05
-7.79839e-05
-0.000103929
-0.000126321
-0.000144097
-0.000156774
-0.00016449
-0.00016794
-0.00016818
-0.000166337
-0.000163343
-0.000159755
-0.000155704
-0.000150979
-0.000145251
-0.000138349
-0.000130452
-0.000122091
-0.000114021
-0.000107041
-0.000101815
-9.87299e-05
-9.78724e-05
-9.91017e-05
-0.000102162
-0.000106779
-0.000112731
-0.00011985
-0.000127942
-0.000136671
-0.000145499
-0.000153723
-0.000160599
-0.000165494
-0.000165494
-0.000168003
-0.000167996
-0.000165587
-0.000161078
-0.00015488
-0.00014744
-0.000139202
-0.000130591
-0.000122029
-0.000113973
-0.000106951
-0.000101512
-9.80811e-05
-9.68134e-05
-9.75903e-05
-0.000100143
-0.000104123
-0.000109077
-0.000114452
-0.000119651
-0.000124073
-0.000127173
-0.000128565
-0.000128074
-0.000125703
-0.000121601
-0.000116092
-0.00010964
-0.000102734
-9.57823e-05
-8.90671e-05
-8.27603e-05
-7.69786e-05
-7.18474e-05
-6.75367e-05
-6.42504e-05
-6.21811e-05
-6.14578e-05
-6.21046e-05
-6.40033e-05
-6.68599e-05
-7.02108e-05
-7.34986e-05
-7.61873e-05
-7.78539e-05
-7.8227e-05
-7.71787e-05
-7.46793e-05
-7.07313e-05
-6.53171e-05
-5.83857e-05
-4.98718e-05
-3.97383e-05
-2.80354e-05
-1.49524e-05
-8.24766e-07
1.39105e-05
2.87794e-05
4.33276e-05
5.71515e-05
6.98795e-05
8.10984e-05
9.02659e-05
9.66798e-05
9.95542e-05
9.8191e-05
9.21656e-05
8.14467e-05
6.64238e-05
4.78608e-05
2.67934e-05
4.4117e-06
-1.8018e-05
-3.9177e-05
-5.77093e-05
-7.22854e-05
-8.17369e-05
-8.52335e-05
-8.24409e-05
-7.36072e-05
-5.95586e-05
-4.15829e-05
-2.1195e-05
1.47019e-07
2.12393e-05
4.11846e-05
5.93371e-05
7.51864e-05
8.8225e-05
9.7877e-05
0.000103553
0.000104807
0.000101505
9.39348e-05
8.28245e-05
6.92304e-05
5.43356e-05
3.92434e-05
2.48455e-05
1.17804e-05
4.54922e-07
-8.90138e-06
-1.61886e-05
-2.14256e-05
-2.47719e-05
-2.65359e-05
-2.71331e-05
-2.70108e-05
-2.65867e-05
-2.62184e-05
-2.61773e-05
-2.66149e-05
-2.75402e-05
-2.88142e-05
-3.01619e-05
-3.12125e-05
-3.15733e-05
-3.0923e-05
-2.91053e-05
-2.62001e-05
-2.25332e-05
-1.86116e-05
-1.50185e-05
-1.22956e-05
-1.08247e-05
-1.07584e-05
-1.20405e-05
-1.44771e-05
-1.77925e-05
-2.16633e-05
-2.57521e-05
-2.973e-05
-3.32818e-05
-3.61241e-05
-3.80534e-05
-3.90146e-05
-3.91575e-05
-3.885e-05
-3.86239e-05
-3.90615e-05
-4.06526e-05
-4.36606e-05
-4.80365e-05
-5.34141e-05
-5.91854e-05
-6.46222e-05
-6.90097e-05
-7.17805e-05
-7.26185e-05
-7.1481e-05
-6.85225e-05
-6.39785e-05
-5.80744e-05
-5.09782e-05
-4.28003e-05
-3.36415e-05
-2.36675e-05
-1.31649e-05
-2.55722e-06
7.6187e-06
1.67775e-05
2.43858e-05
3.00681e-05
3.36914e-05
3.54279e-05
3.57968e-05
3.56514e-05
3.60682e-05
3.81587e-05
4.28696e-05
5.08082e-05
6.20947e-05
7.62817e-05
9.24122e-05
0.000109216
0.000125366
0.000139716
0.000151478
0.000160305
0.000166219
0.000169435
0.000170176
0.000168578
0.000164676
0.000158458
0.000149973
0.000139426
0.000127198
0.000113749
9.94817e-05
8.46578e-05
6.9394e-05
5.37301e-05
3.7729e-05
2.15864e-05
5.71516e-06
-9.23213e-06
-2.24216e-05
-3.29603e-05
-4.00507e-05
-4.31392e-05
-4.20206e-05
-3.68596e-05
-2.81219e-05
-1.64461e-05
-2.52813e-06
1.2933e-05
2.92263e-05
4.55774e-05
6.10793e-05
7.46561e-05
8.51154e-05
9.12929e-05
9.22387e-05
8.73975e-05
7.67204e-05
6.06479e-05
3.99868e-05
1.57878e-05
-1.07116e-05
-3.81082e-05
-6.48642e-05
-8.93701e-05
-0.000110045
-0.000125476
-0.000134569
-0.000136694
-0.000131764
-0.000120247
-0.000103076
-8.15211e-05
-5.70093e-05
-3.09411e-05
-4.57087e-06
2.10031e-05
4.47879e-05
6.58533e-05
8.33165e-05
9.63531e-05
0.000104257
0.000106543
0.000103038
9.39191e-05
7.97203e-05
6.12907e-05
3.97149e-05
1.62062e-05
-7.98378e-06
-3.16234e-05
-5.35476e-05
-7.27049e-05
-8.82019e-05
-9.9332e-05
-0.00010559
-0.000106687
-0.000102574
-9.34595e-05
-7.98049e-05
-6.23065e-05
-4.18601e-05
-1.95024e-05
3.6652e-06
2.65481e-05
4.81189e-05
6.74737e-05
8.3887e-05
9.68576e-05
0.000106135
0.000111709
0.000113758
0.000112582
0.000108558
0.000102119
9.37506e-05
8.3992e-05
7.34447e-05
6.27628e-05
5.26183e-05
4.36317e-05
3.62629e-05
3.06936e-05
2.67765e-05
2.40886e-05
2.20599e-05
2.01233e-05
1.7853e-05
1.50499e-05
1.17311e-05
8.03031e-06
4.07344e-06
-1.0403e-07
-4.56387e-06
-9.38393e-06
-1.45008e-05
-1.95415e-05
-2.37392e-05
-2.60005e-05
-2.51334e-05
-2.01775e-05
-1.06962e-05
3.10905e-06
2.04632e-05
4.01309e-05
6.0505e-05
7.9715e-05
9.58017e-05
0.000106921
0.000111529
0.000108533
9.74251e-05
7.83903e-05
5.24047e-05
2.13243e-05
-1.2078e-05
-4.42308e-05
-7.116e-05
-8.91585e-05
-9.54787e-05
-8.87132e-05
-6.8819e-05
-3.70234e-05
4.24432e-06
4.24432e-06
5.14963e-05
0.000100502
0.000146753
0.000186044
0.000215127
0.000232249
0.000237349
0.000231779
0.000217668
0.000197194
0.000171973
0.000142647
0.000108767
6.91165e-05
2.23913e-05
-3.20893e-05
-9.38863e-05
-0.000161118
-0.000230299
-0.000296493
-0.000353821
-0.00039616
-0.000417911
-0.000414901
-0.000385359
-0.000330529
-0.000254558
-0.000163797
-6.58832e-05
3.1359e-05
0.000121141
0.000198583
0.000260748
0.000306075
0.000333777
0.000343446
0.000334893
0.000308428
0.000265498
0.00020917
0.000144058
7.57285e-05
9.78149e-06
-4.92152e-05
-9.85571e-05
-0.00013765
-0.000167631
-0.000190511
-0.000208016
-0.000220581
-0.000227012
-0.000224943
-0.00021175
-0.000185609
-0.000146452
-9.64309e-05
-3.95832e-05
1.90791e-05
7.45914e-05
0.000122909
0.000161498
0.000189422
0.000206867
0.000214435
0.000212642
0.00020172
0.000181681
0.000152601
0.000115045
7.03578e-05
2.06381e-05
-3.15182e-05
-8.33464e-05
-0.000132229
-0.000175927
-0.000212622
-0.000240785
-0.000259034
-0.000266165
-0.000261325
-0.000244228
-0.000215326
-0.000175887
-0.000127957
-7.41652e-05
-1.74629e-05
3.90882e-05
9.24253e-05
0.000139559
0.000177681
0.000204355
0.000217809
0.000217226
0.000202936
0.000176432
0.000140194
9.7271e-05
5.07531e-05
3.37299e-06
-4.26403e-05
-8.55248e-05
-0.000123852
-0.000156343
-0.000181756
-0.000198954
-0.000207107
-0.000205871
-0.000195495
-0.000176838
-0.000151234
-0.000120268
-8.5555e-05
-4.86041e-05
-1.07896e-05
2.65797e-05
6.21418e-05
9.44223e-05
0.000121892
0.00014311
0.000156905
0.000162544
0.000159838
0.000149141
0.000131254
0.000107292
7.85341e-05
4.6317e-05
1.19824e-05
-2.3112e-05
-5.75627e-05
-8.99245e-05
-0.000118768
-0.000142771
-0.000160827
-0.000172136
-0.000176253
-0.000173077
-0.000162818
-0.000145961
-0.000123243
-9.56369e-05
-6.43269e-05
-3.0683e-05
3.78149e-06
3.74762e-05
6.88287e-05
9.63827e-05
0.000118873
0.000135276
0.000144853
0.000147183
0.000142189
0.000130138
0.000111643
8.7645e-05
5.93777e-05
2.83136e-05
-3.91371e-06
-3.56112e-05
-6.51395e-05
-9.10261e-05
-0.000112064
-0.000127377
-0.000136441
-0.000139071
-0.000135394
-0.000125799
-0.000110888
-9.14361e-05
-6.83643e-05
-4.27157e-05
-1.56291e-05
1.16996e-05
3.80694e-05
6.2329e-05
8.3423e-05
0.000100434
0.000112628
0.000119501
0.000120796
0.000116527
0.00010698
9.26985e-05
7.44375e-05
5.31189e-05
2.97842e-05
5.53541e-06
-1.85226e-05
-4.13264e-05
-6.18893e-05
-7.9338e-05
-9.29471e-05
-0.000102168
-0.000106653
-0.000106276
-0.000101142
-9.15818e-05
-7.81261e-05
-6.14776e-05
-4.24701e-05
-2.20209e-05
-1.08424e-06
1.93914e-05
3.85065e-05
5.54484e-05
6.95118e-05
8.01156e-05
8.6832e-05
8.94174e-05
8.78239e-05
8.21981e-05
7.28739e-05
6.03557e-05
4.5289e-05
2.84274e-05
1.05966e-05
-7.35265e-06
-2.45932e-05
-4.03585e-05
-5.39637e-05
-6.48241e-05
-7.24802e-05
-7.66276e-05
-7.71356e-05
-7.4048e-05
-6.75756e-05
-5.8082e-05
-4.60638e-05
-3.2123e-05
-1.69373e-05
-1.22392e-06
1.42997e-05
2.89439e-05
4.20663e-05
5.30956e-05
6.15626e-05
6.7123e-05
6.95727e-05
6.8857e-05
6.50716e-05
5.84497e-05
4.93444e-05
3.82155e-05
2.56099e-05
1.21321e-05
-1.5891e-06
-1.49258e-05
-2.72751e-05
-3.80857e-05
-4.68852e-05
-5.33027e-05
-5.70877e-05
-5.81186e-05
-5.64023e-05
-5.20705e-05
-4.53699e-05
-3.66485e-05
-2.63378e-05
-1.49332e-05
-2.9681e-06
9.007e-06
2.04435e-05
3.08241e-05
3.96954e-05
4.66837e-05
5.15057e-05
5.39834e-05
5.40511e-05
5.17492e-05
4.72234e-05
4.07245e-05
3.25905e-05
2.32207e-05
1.30641e-05
2.60462e-06
-7.67104e-06
-1.73022e-05
-2.58649e-05
-3.29829e-05
-3.83514e-05
-4.17571e-05
-4.30838e-05
-4.23135e-05
-3.95231e-05
-3.48756e-05
-2.86087e-05
-2.10277e-05
-1.25002e-05
-3.44068e-06
5.71765e-06
1.45522e-05
2.26696e-05
2.97184e-05
3.5403e-05
3.94929e-05
4.18284e-05
4.23298e-05
4.10059e-05
3.79504e-05
3.33323e-05
2.73898e-05
2.04213e-05
1.2768e-05
4.79735e-06
-3.114e-06
-1.0601e-05
-1.73332e-05
-2.3028e-05
-2.74544e-05
-3.04359e-05
-3.18593e-05
-3.16826e-05
-2.99372e-05
-2.67276e-05
-2.22273e-05
-1.66688e-05
-1.03288e-05
-3.51457e-06
3.45067e-06
1.02452e-05
1.65653e-05
2.21367e-05
2.21367e-05
2.67233e-05
3.01353e-05
3.22367e-05
3.29518e-05
3.22698e-05
3.02456e-05
3.02456e-05
