3.3375e-10
1.10736e-09
-3.09811e-09
-3.06306e-08
-1.26388e-07
-4.03216e-07
-1.0563e-06
-2.20855e-06
-3.64209e-06
-4.79852e-06
-5.24511e-06
-5.10062e-06
-4.81134e-06
-4.60054e-06
-4.39242e-06
-4.15272e-06
-3.96199e-06
-3.80147e-06
-3.54519e-06
-3.12752e-06
-2.55558e-06
-1.86662e-06
-1.20322e-06
-8.13793e-07
-8.74047e-07
-1.36404e-06
-2.13845e-06
-3.05852e-06
-4.05921e-06
-5.14255e-06
-6.3354e-06
-7.66093e-06
-9.14071e-06
-1.0791e-05
-1.25911e-05
-1.44533e-05
-1.62355e-05
-1.77916e-05
-1.90233e-05
-1.99031e-05
-2.04643e-05
-2.07623e-05
-2.0823e-05
-2.06196e-05
-2.0096e-05
-1.92024e-05
-1.79061e-05
-1.6191e-05
-1.40685e-05
-1.15872e-05
-8.82259e-06
-5.85167e-06
-2.72794e-06
5.33156e-07
3.94612e-06
7.52796e-06
1.12748e-05
1.5157e-05
1.9123e-05
2.31093e-05
2.70605e-05
3.09464e-05
3.47604e-05
3.85119e-05
4.22294e-05
4.59595e-05
4.97436e-05
5.35912e-05
5.7477e-05
6.13587e-05
6.51898e-05
6.89085e-05
7.2415e-05
7.5565e-05
7.81883e-05
8.01149e-05
8.11925e-05
8.13058e-05
8.0392e-05
7.8436e-05
7.54457e-05
7.14293e-05
6.63778e-05
6.02518e-05
5.29836e-05
4.4509e-05
3.48115e-05
2.39506e-05
1.20692e-05
-6.1588e-07
-1.38483e-05
-2.73937e-05
-4.10976e-05
-5.49058e-05
-6.88394e-05
-8.29457e-05
-9.72472e-05
-0.000111703
-0.000126182
-0.000140462
-0.000154258
-0.000167277
-0.000179259
-0.00019001
-0.000199407
-0.000207379
-0.000213879
-0.000218874
-0.000222349
-0.000224309
-0.000224752
-0.00022364
-0.000220871
-0.000216274
-0.000209629
-0.000200734
-0.0001895
-0.000176029
-0.000160623
-0.000143753
-0.000125951
-0.000107676
-8.92156e-05
-7.06694e-05
-5.1966e-05
-3.28832e-05
-1.30861e-05
7.80925e-06
3.01817e-05
5.43865e-05
8.0731e-05
0.000109401
0.000140382
0.000173455
0.000208269
0.000244381
0.000281233
0.00031812
0.000354172
0.000388328
0.000419299
0.000445601
0.000465695
0.000478169
0.000481901
0.000476162
0.000460642
0.00043543
0.000400893
0.000357386
0.000304846
0.000242537
0.00016922
8.37592e-05
-1.39456e-05
-0.000121984
-0.000235891
-0.000349033
-0.000453868
-0.000543413
-0.000612429
-0.000658244
-0.000681017
-0.000683003
-0.000667101
-0.00063575
-0.000590721
-0.000533336
-0.000464727
-0.00038632
-0.00030047
-0.000210585
-0.000120538
-3.38661e-05
4.68363e-05
0.000120338
0.000186894
0.000247866
0.000304961
0.000359554
0.0004124
0.00046366
0.000512949
0.000559206
0.000600509
0.000634218
0.000657668
0.000669092
0.000668262
0.000656802
0.00063844
0.000619011
0.000605585
0.000604725
0.000620857
0.000655621
0.000708153
0.000775835
0.000855462
0.000944624
0.0010425
0.00114928
0.00126437
0.00138403
0.00149863
0.00159063
0.00163448
0.0016
0.00145961
0.00119785
0.00081942
0.000350471
-0.000167659
-0.00068841
-0.0011694
-0.00158045
-0.00190869
-0.00215653
-0.00233306
-0.0024456
-0.00249696
-0.00248594
-0.00240878
-0.00226277
-0.0020519
-0.00178993
-0.00149801
-0.00119961
-0.00091562
-0.00066067
-0.000441085
-0.000256118
-0.000102293
2.17641e-05
0.000112934
0.000164637
0.000170205
0.000126715
3.7829e-05
-8.52223e-05
-0.000224977
-0.000361259
-0.000475517
-0.00055409
-0.000589367
-0.00057893
-0.000523271
-0.000423049
-0.000277297
-8.36508e-05
0.000159731
0.000451917
0.000787775
0.00115778
0.00154903
0.00194725
0.0023388
0.00271193
0.00305664
0.00336363
0.00362298
0.00382348
0.00395341
0.00400254
0.00396459
0.00383837
0.00362696
0.00333568
0.00296972
0.00253189
0.00201955
0.00142058
0.000710937
-0.000139919
-0.00115028
-0.00229957
-0.00351269
-0.00467182
-0.0056501
-0.00634443
-0.00669447
-0.00669147
-0.0063769
-0.00582305
-0.00510117
-0.00425958
-0.00332174
-0.00229413
-0.00117694
1.88274e-05
0.00125457
0.00246329
0.00356614
0.00449173
0.00518897
0.0056339
0.00583043
0.0058023
0.0055795
0.00518626
0.00463384
0.00391709
0.00301555
0.00190497
0.000582764
-0.0009011
-0.0024307
-0.00384622
-0.00499177
-0.00575809
-0.00610179
-0.00604674
-0.00567224
-0.00508201
-0.00436212
-0.00355546
-0.00266629
-0.00168185
-0.000597456
0.00055788
0.00170669
0.00273601
0.00273601
0.0035338
0.00402337
0.00417629
0.00400438
0.00354258
0.0028327
0.0019128
0.000813624
-0.000434706
-0.00178588
-0.00316109
-0.00444771
-0.00551579
-0.00624387
-0.00654605
-0.00639358
-0.00582154
-0.00491534
-0.00378451
-0.00253693
-0.001261
-1.75371e-05
0.00115714
0.00223816
0.00319671
0.00399178
0.00457362
0.00489568
0.00492881
0.00467158
0.00415338
0.00342923
0.00256803
0.00163858
0.000698802
-0.000208077
-0.00105127
-0.00180732
-0.00245451
-0.00296824
-0.00332013
-0.00348352
-0.00344249
-0.00319824
-0.00276963
-0.0021896
-0.00149968
-0.000743661
3.71151e-05
0.000803896
0.00151678
0.00213154
0.00260084
0.0028812
0.00294418
0.00278747
0.00243848
0.00194674
0.00136955
0.000759658
0.000158093
-0.000409504
-0.000932295
-0.00140667
-0.00182526
-0.00217098
-0.00241914
-0.00254348
-0.00252362
-0.00235373
-0.0020496
-0.00164977
-0.00121029
-0.000794067
-0.000455092
-0.000221593
-8.74552e-05
-1.80996e-05
3.30295e-05
0.000106051
0.000221129
0.000374597
0.000546318
0.00071292
0.000858414
0.000978856
0.00108164
0.00117738
0.00126265
0.00130191
0.00122595
0.00095783
0.000455844
-0.0002544
-0.00108022
-0.00189023
-0.00255227
-0.00296904
-0.00310322
-0.00297982
-0.0026626
-0.00222361
-0.00172481
-0.00121078
-0.000706049
-0.000219924
0.000241711
0.000669435
0.0010537
0.0013894
0.00167383
0.00190233
0.00206854
0.00216757
0.00219574
0.00214748
0.00201654
0.00180411
0.00152609
0.00121215
0.000898435
0.000618881
0.000396393
0.000236028
0.000125879
4.66157e-05
-1.76695e-05
-7.42375e-05
-0.000121843
-0.000153039
-0.000157615
-0.000126998
-5.8029e-05
4.5908e-05
0.000177207
0.000328634
0.000497172
0.00068425
0.000892128
0.00111846
0.00135146
0.00156779
0.00173484
0.00181735
0.00178616
0.00162656
0.00134342
0.00096091
0.000516987
5.56498e-05
-0.000380461
-0.000756846
-0.00105192
-0.0012564
-0.00136723
-0.00138145
-0.0012944
-0.00110118
-0.000798618
-0.000387823
0.000122513
0.00071418
0.00136014
0.00202616
0.00267142
0.00324852
0.00370477
0.00398688
0.00405098
0.00387662
0.00347726
0.00289839
0.00220329
0.00145601
0.000708606
-7.96989e-06
-0.000687601
-0.0013411
-0.00197788
-0.00259005
-0.00314807
-0.00360554
-0.00390991
-0.00401863
-0.00391438
-0.00360936
-0.00313766
-0.00254391
-0.00187277
-0.0011596
-0.00042555
0.000318868
0.00106423
0.00179403
0.002482
0.0030947
0.00359808
0.00396639
0.00418926
0.00427316
0.00423675
0.0041033
0.00389357
0.00362125
0.00329281
0.00291159
0.0024835
0.00202018
0.00153712
0.00104762
0.000555289
4.97633e-05
-0.000488771
-0.0010743
-0.00169581
-0.00230672
-0.0028318
-0.00319071
-0.00332756
-0.00323197
-0.0029422
-0.00253262
-0.00209368
-0.00170851
-0.00143002
-0.00126969
-0.0012062
-0.00120576
-0.00123876
-0.00128805
-0.00135179
-0.0014395
-0.00155878
-0.00170109
-0.00183866
-0.00193375
-0.00195122
-0.00186824
-0.00168067
-0.00140479
-0.00107093
-0.000710151
-0.00034158
3.25718e-05
0.00042441
0.000852815
0.00133252
0.00186219
0.0024166
0.00294646
0.00338591
0.00366709
0.0037418
0.00360377
0.0032967
0.00289781
0.00248575
0.00211431
0.00180289
0.00153823
0.00128355
0.000998294
0.000662461
0.00028894
-8.25744e-05
-0.00039992
-0.000613279
-0.000691305
-0.000635031
-0.000481321
-0.00029519
-0.00015583
-0.000136701
-0.000281236
-0.000586063
-0.00100422
-0.00146737
-0.00191548
-0.00232155
-0.00269948
-0.00308889
-0.00352667
-0.00402571
-0.00456964
-0.00511712
-0.00561018
-0.00598775
-0.00620069
-0.00621814
-0.00602325
-0.00560709
-0.00496665
-0.00410434
-0.00302751
-0.00175337
-0.000320588
0.00120304
0.00272623
0.00414905
0.00537687
0.00633126
0.00695943
0.00723809
0.0071672
0.00675854
0.00602795
0.00499526
0.00368994
0.00215918
0.000473632
-0.00127437
-0.00298008
-0.00453893
-0.00585883
-0.00686989
-0.00752794
-0.00781099
-0.00771266
-0.00723776
-0.00640097
-0.00522858
-0.00376446
-0.00376446
-0.00207879
-0.000272383
0.00153205
0.00321369
0.00468157
0.00588948
0.00683018
0.0075179
0.0079713
0.00819994
0.00819603
0.00793792
0.00740624
0.00660119
0.00555113
0.00431361
0.00296985
0.00160989
0.000311883
-0.000872465
-0.00191983
-0.00282823
-0.00360619
-0.0042609
-0.00478949
-0.00517799
-0.0054068
-0.00545793
-0.00532151
-0.00500123
-0.00451649
-0.00389881
-0.00318449
-0.00240915
-0.00160586
-0.000804345
-3.03998e-05
0.00069241
0.00134011
0.00188888
0.0023191
0.00261894
0.00278504
0.00282143
0.00273672
0.00253897
0.00223107
0.00181076
0.00127582
0.000631283
-0.000103687
-0.000890778
-0.0016727
-0.00238165
-0.0029531
-0.00333777
-0.00350836
-0.00346257
-0.00322198
-0.00282436
-0.00231255
-0.00172739
-0.00110634
-0.000482679
0.000116068
0.000667021
0.00114831
0.00153832
0.00181857
0.00197583
0.00200173
0.00189382
0.00165858
0.00131282
0.000881523
0.000395605
-0.000109194
-0.000594022
-0.00102013
-0.0013515
-0.0015561
-0.00160775
-0.00148907
-0.00119376
-0.000727463
-0.000108817
0.000629453
0.00144174
0.00227455
0.00307318
0.00378699
0.00437324
0.00480053
0.00505181
0.00512392
0.00502316
0.00475953
0.00434298
0.00378145
0.00307981
0.00224123
0.00127297
0.000193794
-0.000961706
-0.00214345
-0.00328893
-0.00432958
-0.0052013
-0.00585474
-0.00625922
-0.00640077
-0.00627942
-0.00590708
-0.00530451
-0.00449915
-0.00352666
-0.00243367
-0.00127613
-0.000113315
0.000997867
0.00200659
0.00287169
0.00356477
0.00406948
0.00437656
0.00447923
0.00437233
0.00405393
0.00352752
0.00280556
0.00191418
0.000895997
-0.000192239
-0.00128568
-0.00231824
-0.00322903
-0.00396776
-0.00449767
-0.00479481
-0.00484558
-0.00464543
-0.00419956
-0.00352414
-0.00264703
-0.00160784
-0.000456647
0.000749939
0.00195477
0.00310567
0.00415788
0.00507335
0.00581868
0.00636313
0.00667744
0.00673519
0.00651745
0.00601885
0.00525144
0.0042451
0.00304578
0.00171156
0.000305798
-0.00111118
-0.00248757
-0.00378063
-0.00495289
-0.00596692
-0.00678184
-0.00735465
-0.00764647
-0.00763036
-0.0072974
-0.00665954
-0.00574855
-0.00461092
-0.00330066
-0.00187281
-0.000379522
0.00113092
0.00261217
0.00401696
0.00529579
0.00639895
0.00728103
0.0079062
0.00825305
0.00831746
0.00811226
0.0076632
0.0070024
0.00616125
0.00516539
0.00403401
0.00278403
0.00143819
3.4144e-05
-0.00137039
-0.00270087
-0.00387739
-0.00482825
-0.00550085
-0.00586899
-0.00593586
-0.00572968
-0.00529311
-0.00467386
-0.0039203
-0.00307908
-0.00219292
-0.00130117
-0.000443244
0.000341036
0.00101633
0.00155666
0.0019461
0.00217738
0.00225137
0.0021762
0.00196429
0.00162976
0.00118873
0.000661733
7.51686e-05
-0.000539813
-0.00114994
-0.00172315
-0.00223211
-0.00265666
-0.00298362
-0.00320392
-0.00330869
-0.00328658
-0.00312413
-0.00280984
-0.00234032
-0.00172514
-0.000988272
-0.000165881
0.000698909
0.00156338
0.0023917
0.00315727
0.00384103
0.00442799
0.00490403
0.00525367
0.00546017
0.00550865
0.00539016
0.00510453
0.004661
0.00407698
0.00337541
0.00258178
0.00172256
0.000826023
-7.59447e-05
-0.000947107
-0.00174841
-0.00244134
-0.00299282
-0.00338121
-0.00360141
-0.00366569
-0.00359955
-0.003435
-0.0032036
-0.00292997
-0.00262806
-0.00230327
-0.00195918
-0.00160303
-0.00124705
-0.000907523
-0.000603407
-0.00035287
-0.000167904
-5.08065e-05
5.15247e-06
1.25219e-05
-1.39133e-05
-6.05643e-05
-0.00011749
-0.000178446
-0.000238901
-0.000294219
-0.000339294
-0.000369091
-0.00037935
-0.000367322
-0.000332155
-0.00027413
-0.000192995
-8.68936e-05
4.70623e-05
0.000210732
0.000401734
0.000609725
0.000814745
0.000990585
0.00111217
0.00116184
0.00113129
0.00102036
0.000834826
0.000583723
0.000276873
-7.56181e-05
-0.000462376
-0.000870251
-0.00128452
-0.00168853
-0.00206324
-0.00238859
-0.00264679
-0.00282526
-0.00291741
-0.00292149
-0.0028386
-0.002671
-0.00242071
-0.00208899
-0.00208899
-0.00167684
-0.0011873
-0.000629542
-2.34966e-05
0.000597411
0.00118862
0.0017027
0.00210029
0.00235843
0.00247355
0.00246012
0.00234592
0.00216348
0.00193995
0.00169094
0.00142159
0.00113222
0.000824241
0.000505038
0.000190764
-9.52103e-05
-0.000328548
-0.000490797
-0.000573042
-0.000576378
-0.000510492
-0.000390336
-0.00023139
-4.60003e-05
0.000157246
0.000371856
0.00059134
0.000807659
0.00101068
0.00118908
0.00133238
0.00143308
0.00148794
0.00149831
0.00146923
0.00140724
0.00131773
0.00120353
0.00106527
0.000902837
0.000717305
0.00051264
0.000296666
8.0623e-05
-0.000122941
-0.000303024
-0.000452166
-0.000566808
-0.000646562
-0.00069313
-0.000709132
-0.000697138
-0.000659412
-0.000598234
-0.000516099
-0.000415624
-0.000299646
-0.000171682
-3.6543e-05
9.85248e-05
0.000221375
0.000311809
0.000340735
0.000274845
8.69825e-05
-0.000231579
-0.000663133
-0.00116516
-0.00168178
-0.00215858
-0.00255314
-0.00283964
-0.00301047
-0.0030738
-0.00304465
-0.0029332
-0.00273942
-0.00245644
-0.00207739
-0.0016015
-0.00103939
-0.000415341
0.000236572
0.000880565
0.00148577
0.00202921
0.00249616
0.00287811
0.00316803
0.00335569
0.003427
0.00336841
0.00317342
0.00284779
0.00241201
0.00190007
0.00135378
0.000813809
0.000311174
-0.000136727
-0.00052479
-0.000854918
-0.0011284
-0.00133867
-0.00146877
-0.00149573
-0.00139924
-0.00116975
-0.000813142
-0.00035129
0.000182337
0.000750636
0.00131953
0.00185884
0.00233714
0.00271377
0.00293335
0.00292964
0.00264342
0.00205025
0.00118226
0.000127679
-0.000994567
-0.00206985
-0.00301389
-0.00378512
-0.00438716
-0.00485808
-0.00524241
-0.00555861
-0.00578425
-0.00586533
-0.00573862
-0.00535755
-0.00471544
-0.00385399
-0.00284903
-0.00178299
-0.000721658
0.000297468
0.00126593
0.00219479
0.00309693
0.00396979
0.0047873
0.0055038
0.00606598
0.00642658
0.00655306
0.00642989
0.00605857
0.00545917
0.00467022
0.00374321
0.00273415
0.00169739
0.000681988
-0.000271513
-0.00113235
-0.00187728
-0.00248824
-0.00295307
-0.00326626
-0.00342711
-0.00343836
-0.00330801
-0.00305089
-0.00268707
-0.0022388
-0.0017288
-0.00117927
-0.000610817
-4.2729e-05
0.000504881
0.0010092
0.00144592
0.00179338
0.00203733
0.00217364
0.00220848
0.00215631
0.00203492
0.00185669
0.00161842
0.00129666
0.000855675
0.000268972
-0.000456275
-0.00126912
-0.00208654
-0.00281697
-0.00338165
-0.00373013
-0.00384983
-0.00376317
-0.00351034
-0.00312935
-0.00264523
-0.00206922
-0.00140607
-0.000669504
0.000100868
0.00083551
0.0014508
0.00187641
0.00207908
0.00207131
0.00190241
0.0016386
0.00134079
0.00104646
0.000761398
0.000467255
0.000141868
-0.000220622
-0.000599767
-0.000949613
-0.00120932
-0.00132271
-0.00125875
-0.00102068
-0.000640615
-0.000166365
0.000352681
0.000877104
0.00138277
0.00185732
0.00229102
0.00266884
0.00296757
0.00315814
0.00321263
0.00311383
0.0028624
0.00247636
0.00198368
0.00141435
0.00079697
0.000159295
-0.000469939
-0.00105932
-0.0015743
-0.00197926
-0.00224191
-0.00233895
-0.00226266
-0.0020268
-0.00166689
-0.00123183
-0.000770038
-0.000317595
0.000107086
0.000501269
0.00086971
0.00121316
0.00151963
0.00176359
0.00191234
0.00193515
0.00181273
0.00154523
0.00115493
0.000680689
0.000167052
-0.000346391
-0.000831584
-0.00127287
-0.00166198
-0.0019901
-0.00224254
-0.00239872
-0.00243623
-0.00233671
-0.00209168
-0.00170715
-0.00120497
-0.000620691
1.11671e-06
0.000612446
0.00116685
0.00162306
0.00194776
0.00211827
0.00212506
0.00197242
0.00167751
0.0012687
0.00078208
0.00025346
-0.000291811
-0.000842823
-0.00139718
-0.00195061
-0.0024883
-0.00297965
-0.00337813
-0.00363
-0.00368906
-0.00352858
-0.00314592
-0.00256267
-0.00182075
-0.00097205
-6.54884e-05
0.000860054
0.0017739
0.00264821
0.0034531
0.0041529
0.00470561
0.00506895
0.00521115
0.00511988
0.00480496
0.00429506
0.00363074
0.00285649
0.00285649
0.00201437
0.00114078
0.000266593
-0.000580233
-0.00137165
-0.00207845
-0.00267192
-0.003127
-0.00342561
-0.00355941
-0.00353086
-0.00335111
-0.00303535
-0.00259844
-0.00205362
-0.00141449
-0.000698178
7.20008e-05
0.000865096
0.00164281
0.0023623
0.00298122
0.00346282
0.00377934
0.00391384
0.00386148
0.00362924
0.00323273
0.00269146
0.00202631
0.00126033
0.000421459
-0.000454741
-0.00132384
-0.00213459
-0.00283473
-0.00337872
-0.00373401
-0.00388435
-0.00382943
-0.0035815
-0.00316142
-0.00259641
-0.00191924
-0.00116788
-0.00038534
0.000380759
0.00108052
0.0016671
0.00210339
0.00236719
0.00245312
0.0023715
0.00214529
0.00180534
0.00138371
0.000907628
0.000398328
-0.000125057
-0.00064135
-0.0011263
-0.00155364
-0.00189699
-0.00213408
-0.00225291
-0.00225649
-0.00216259
-0.00199832
-0.00179167
-0.00156416
-0.00132747
-0.00108464
-0.000833837
-0.000573029
-0.000304292
-3.6095e-05
0.000218008
0.000443173
0.000627036
0.000762152
0.000847079
0.00088591
0.000885892
0.000853999
0.00079441
0.000708129
0.00059414
0.000450692
0.000276363
7.13993e-05
-0.000160825
-0.000413174
-0.000675696
-0.000938015
-0.0011918
-0.0014311
-0.00164972
-0.001838
-0.00198215
-0.00206679
-0.00207877
-0.0020104
-0.00186167
-0.00164139
-0.00136612
-0.00105678
-0.000733996
-0.000414802
-0.000111499
0.00016811
0.000419403
0.000638549
0.000820442
0.00095872
0.00104757
0.00108339
0.00106585
0.000998567
0.000889413
0.000749139
0.000589018
0.000419112
0.000247957
8.30804e-05
-6.83464e-05
-0.000198863
-0.000300463
-0.000365295
-0.000387228
-0.000363365
-0.000294705
-0.000185785
-4.35276e-05
0.000124427
0.000311343
0.000512295
0.000724221
0.000945579
0.00117584
0.00141452
0.00165976
0.00190744
0.00215096
0.00238097
0.00258348
0.00273745
0.00281437
0.00278205
0.00261171
0.00228602
0.00180546
0.00119132
0.000483033
-0.000269996
-0.00101745
-0.00171327
-0.00231806
-0.00280318
-0.00315489
-0.00337299
-0.00346432
-0.00343787
-0.00330396
-0.00307324
-0.00275417
-0.00235281
-0.00187595
-0.00133391
-0.000741344
-0.000118452
0.000507655
0.00110518
0.00164321
0.00209557
0.00244072
0.00266123
0.00274552
0.00268968
0.00249717
0.00217775
0.00174729
0.00122744
0.000643939
2.44195e-05
-0.000603265
-0.00121232
-0.00177844
-0.0022808
-0.00270174
-0.00302542
-0.00323668
-0.00332063
-0.00326311
-0.00305277
-0.00268527
-0.00216825
-0.00152424
-0.000790155
-1.33351e-05
0.000755571
0.00147137
0.00210063
0.00262176
0.00302
0.00328259
0.00339756
0.00335596
0.00315595
0.00280682
0.00233104
0.00176232
0.00114016
0.000502585
-0.000119927
-0.000707179
-0.00124823
-0.00173724
-0.0021674
-0.00252548
-0.00279072
-0.00293873
-0.00294734
-0.00280182
-0.00249985
-0.00205568
-0.00149991
-0.000873522
-0.00021945
0.00042455
0.00103028
0.00158001
0.00206264
0.00246694
0.00277699
0.00297315
0.00303689
0.00295648
0.00273129
0.00237383
0.00190815
0.00136556
0.000779811
0.000183337
-0.000394894
-0.000929965
-0.00140012
-0.00178557
-0.00206843
-0.00223454
-0.00227625
-0.00219502
-0.00200266
-0.00172021
-0.00137386
-0.00098923
-0.00058682
-0.000180294
0.000223136
0.000620691
0.00100988
0.0013837
0.00172873
0.00202764
0.00226338
0.00242205
0.0024944
0.0024773
0.00237418
0.0021934
0.00194569
0.00164235
0.00129521
0.000916863
0.00052068
0.000120319
-0.000270757
-0.000639623
-0.000973749
-0.00126025
-0.00148538
-0.00163549
-0.00169914
-0.00166902
-0.00154331
-0.0013266
-0.00103008
-0.000670124
-0.00026643
0.000159506
0.000586151
0.000994361
0.00136916
0.00169958
0.00197726
0.0021951
0.00234628
0.00242368
0.00242006
0.00232825
0.00214085
0.00185071
0.00145437
0.000957849
0.000380154
-0.000248548
-0.000892165
-0.00151382
-0.00208019
-0.00256535
-0.00295245
-0.00323176
-0.00339704
-0.00344336
-0.0033668
-0.00316524
-0.00284033
-0.00240034
-0.00186164
-0.00124722
-0.000583068
0.00010463
0.000789471
0.000789471
0.00144179
0.00202536
0.00249795
0.00281823
0.00295712
0.00290742
0.00268654
0.00233232
0.00189447
0.00142347
0.000959006
0.000522518
0.000117109
-0.000267893
-0.000650977
-0.00104985
-0.00147027
-0.00189883
-0.00230435
-0.00264459
-0.00287303
-0.00294748
-0.00284213
-0.00255659
-0.00211457
-0.00155503
-0.000923822
-0.000267903
0.000370646
0.000959485
0.00147581
0.00190237
0.00222527
0.00243477
0.0025259
0.00249758
0.00235293
0.00210111
0.00175786
0.00134314
0.000878562
0.000386918
-0.000107651
-0.000581053
-0.00101125
-0.00137883
-0.00166653
-0.0018594
-0.00194582
-0.00191847
-0.00177548
-0.00152135
-0.00116656
-0.000725203
-0.000212399
0.000355698
0.00095827
0.00156442
0.00213028
0.00260211
0.00292483
0.00305207
0.00295481
0.00262796
0.00209316
0.00139474
0.000590214
-0.000259424
-0.00109727
-0.00187752
-0.00256994
-0.00315657
-0.00362261
-0.00395075
-0.00412299
-0.00412476
-0.00394755
-0.00359192
-0.00307126
-0.00241244
-0.00165166
-0.000828596
1.79393e-05
0.00085212
0.0016402
0.00234618
0.00292768
0.00333792
0.00353574
0.00349777
0.00322528
0.0027431
0.00209351
0.00132763
0.00049636
-0.000356089
-0.00119287
-0.00198107
-0.00268824
-0.00327999
-0.00371879
-0.00396551
-0.00398621
-0.00376181
-0.00329539
-0.00261306
-0.00175812
-0.000781666
0.000265618
0.00133714
0.00238945
0.00337926
0.00426119
0.00498731
0.00550893
0.0057811
0.00577025
0.00546304
0.0048722
0.00403536
0.0030078
0.00185372
0.000640012
-0.000568264
-0.00171185
-0.00273911
-0.00360495
-0.00426971
-0.00470095
-0.00487716
-0.00479144
-0.00445438
-0.00389564
-0.00316213
-0.00231081
-0.00139831
-0.000472552
0.000429567
0.00127954
0.00205407
0.00273288
0.003296
0.00372098
0.00398369
0.00406348
0.00394863
0.00363912
0.00314784
0.00250066
0.0017336
0.000887008
3.74576e-07
-0.000889833
-0.00175036
-0.00255098
-0.00326349
-0.00385973
-0.00431019
-0.00458523
-0.00465929
-0.00451685
-0.00415761
-0.0035985
-0.00287163
-0.00201948
-0.00108942
-0.000128588
0.00081978
0.00171748
0.00253045
0.00322793
0.00378286
0.00417344
0.00438464
0.00440949
0.00424897
0.0039098
0.00340093
0.00273196
0.00191568
0.000973512
-5.94262e-05
-0.00113144
-0.00217555
-0.00311704
-0.0038863
-0.00443101
-0.00472187
-0.00475252
-0.00453666
-0.0041026
-0.0034853
-0.00272063
-0.00184567
-0.000902031
6.3441e-05
0.00100128
0.00186215
0.00260003
0.00317824
0.00357642
0.00379312
0.00384162
0.00374266
0.00351846
0.0031891
0.00277109
0.00227849
0.00172622
0.00113319
0.000522339
-8.2569e-05
-0.000660282
-0.00119324
-0.00166719
-0.00207116
-0.00239734
-0.00263901
-0.00278744
-0.00283157
-0.00276172
-0.00257434
-0.00227444
-0.00187543
-0.00139795
-0.000867617
-0.000311493
0.000245585
0.000783067
0.00128392
0.00173161
0.0021068
0.00238616
0.00254462
0.0025605
0.00242121
0.0021275
0.00169539
0.00115525
0.000547658
-8.2903e-05
-0.000694077
-0.00124991
-0.0017236
-0.00209815
-0.00236378
-0.00251428
-0.00254617
-0.00246132
-0.0022685
-0.00198145
-0.00161566
-0.00118624
-0.00070713
-0.00019083
0.000350301
0.000901426
0.00144353
0.00195395
0.00240768
0.00277841
0.00304067
0.00317437
0.00316937
0.00302695
0.00275852
0.00238378
0.00192915
0.00142544
0.000904182
0.000394548
-7.85652e-05
-0.000496159
-0.000847296
-0.00113031
-0.0013513
-0.00152063
-0.00164939
-0.00174616
-0.0018138
-0.00184823
-0.00184142
-0.00178604
-0.00167717
-0.0015114
-0.0012876
-0.00100992
-0.000688744
-0.000338067
2.70636e-05
0.000390654
0.000735588
0.00104466
0.00130122
0.00148853
0.0015899
0.00159143
0.00148576
0.00127472
0.00096991
0.000591943
0.000168969
-0.000266153
-0.00068081
-0.00104813
-0.00134965
-0.00157405
-0.00171471
-0.00176852
-0.00173574
-0.00161993
-0.00142836
-0.00117319
-0.000871718
-0.000544724
-0.000213489
0.000102722
0.000387817
0.000628974
0.00081662
0.000944839
0.00101193
0.00101193
0.00102069
0.000978327
0.000895752
0.000786092
0.000662637
0.000536969
0.000417914
0.000311727
0.000223126
0.000156
0.000113334
9.70761e-05
0.000108054
0.000144853
0.000201672
0.000267087
0.000325109
0.000357843
0.000348213
0.000282046
0.000150035
-4.92933e-05
-0.000305727
-0.000595513
-0.000884885
-0.00113842
-0.00132741
-0.00143409
-0.00145219
-0.00138567
-0.00124571
-0.00104529
-0.00079431
-0.000499308
-0.000167425
0.000189575
0.000553687
0.00090156
0.00120834
0.00145411
0.00162921
0.00173468
0.00177777
0.00176635
0.00170491
0.00159327
0.00142783
0.00120525
0.000927309
0.000604478
0.000255995
-9.37596e-05
-0.000420698
-0.000706463
-0.000942169
-0.00112864
-0.00127273
-0.00138203
-0.00146058
-0.00150693
-0.00151426
-0.00147279
-0.00137358
-0.00121188
-0.000989166
-0.000713802
-0.000400259
-6.63723e-05
0.000270135
0.000592899
0.000885216
0.00112846
0.00130351
0.00139439
0.00139159
0.00129398
0.00110945
0.000853852
0.000547859
0.000213274
-0.000129479
-0.000462422
-0.000770845
-0.00104396
-0.00127418
-0.001455
-0.0015794
-0.00164036
-0.00163262
-0.00155385
-0.00140505
-0.00119135
-0.000923034
-0.000615833
-0.000289673
3.39436e-05
0.000335508
0.000601066
0.000824254
0.00100592
0.00115186
0.0012698
0.00136637
0.00144543
0.00150815
0.00155431
0.00158298
0.00159239
0.00158009
0.00154344
0.00147972
0.0013858
0.0012586
0.00109656
0.000900939
0.000675567
0.000425654
0.000157573
-0.000120355
-0.00039772
-0.000663247
-0.00090606
-0.00111586
-0.00128246
-0.00139576
-0.00144667
-0.00142885
-0.0013403
-0.00118367
-0.000965736
-0.000696757
-0.000389872
-6.01715e-05
0.000276172
0.00060212
0.000899535
0.00114951
0.00133394
0.00143791
0.00145172
0.00137161
0.00119965
0.000943326
0.000614684
0.000228927
-0.000196744
-0.000643096
-0.00108808
-0.00150677
-0.00187318
-0.00216334
-0.00235837
-0.00244613
-0.00242179
-0.0022877
-0.00205269
-0.00173041
-0.00133778
-0.000894534
-0.000423753
4.80631e-05
0.000492644
0.000882921
0.00119603
0.0014155
0.00153287
0.00154864
0.00147146
0.00131501
0.00109415
0.000822403
0.000511221
0.000170079
-0.000192692
-0.000568058
-0.000944165
-0.00130553
-0.00163407
-0.00191106
-0.00211916
-0.00224466
-0.00227983
-0.00222375
-0.00208117
-0.00186062
-0.00157348
-0.00123348
-0.000855917
-0.000456658
-5.19466e-05
0.000341699
0.00070845
0.00103489
0.00131162
0.00153474
0.00170692
0.00183674
0.00193471
0.00200757
0.00205483
0.00206961
0.00204184
0.00196165
0.00182273
0.00162581
0.00137977
0.00109871
0.000796857
0.000484754
0.00016813
-0.000150682
-0.000469121
-0.00078017
-0.00107031
-0.00132096
-0.00151223
-0.00162725
-0.00165571
-0.00159545
-0.00145212
-0.00123749
-0.000966868
-0.000656196
-0.000319824
2.99616e-05
0.000381651
0.000722909
0.00104005
0.0013187
0.00154472
0.001705
0.00178842
0.00178723
0.00169846
0.00152486
0.00127516
0.000963616
0.000609103
0.000234058
-0.000137425
-0.000482636
-0.000783248
-0.00102663
-0.00120568
-0.00131852
-0.00136805
-0.00136056
-0.00130362
-0.00120476
-0.0010709
-0.00090774
-0.000718913
-0.000506097
-0.000270589
-1.52514e-05
0.000254242
0.000528483
0.000793206
0.00102918
0.00121463
0.00132948
0.00135878
0.00129499
0.00113996
0.000905989
0.000613926
0.000289029
-4.26994e-05
-0.000357101
-0.000635049
-0.000865309
-0.00104393
-0.00117038
-0.00124446
-0.00126582
-0.00123413
-0.00114871
-0.00100955
-0.000819875
-0.000587611
-0.000324445
-4.41141e-05
0.000238873
0.000510713
0.000760021
0.00097842
0.00115963
0.00129837
0.00139016
0.00143173
0.00142147
0.00136008
0.00125128
0.00110206
0.000922181
0.000722937
0.00051595
0.000312187
0.000121368
-4.81652e-05
-0.000189217
-0.000295607
-0.000362697
-0.000388613
-0.000375453
-0.000329484
-0.000259989
-0.00017736
-9.14654e-05
-1.06422e-05
5.89565e-05
0.000113787
0.000152852
0.000177219
0.000189682
0.000194585
0.000196885
0.000199841
0.000202365
0.000197882
0.000175309
0.000121363
0.000121363
2.38331e-05
-0.000124027
-0.000319384
-0.000548873
-0.000791556
-0.00102334
-0.00122088
-0.00136538
-0.00144548
-0.00145686
-0.00139848
-0.00126947
-0.00106966
-0.000802116
-0.000475497
-0.000105874
0.000282085
0.000656399
0.000983006
0.00123369
0.00139285
0.00145918
0.00144198
0.0013551
0.00121161
0.00101963
0.000780423
0.000490822
0.000149629
-0.000236128
-0.00064804
-0.00105627
-0.00142297
-0.00170992
-0.0018879
-0.00194295
-0.00187737
-0.00170704
-0.00145589
-0.00114848
-0.00080373
-0.000433402
-4.50396e-05
0.000354381
0.000755629
0.0011449
0.00150321
0.00180917
0.00204375
0.00219324
0.00224935
0.00220802
0.00206806
0.00182986
0.00149544
0.00107119
0.000571606
2.07478e-05
-0.000549504
-0.0011029
-0.00160327
-0.00202023
-0.00233457
-0.00253964
-0.00263798
-0.00263656
-0.00254315
-0.00236374
-0.00210107
-0.00175624
-0.00133287
-0.000840739
-0.000296762
0.000275882
0.000849721
0.00139639
0.00189043
0.00231091
0.00264015
0.00286234
0.00296415
0.00293641
0.00277538
0.00248379
0.00207213
0.00155947
0.000972044
0.000340009
-0.00030595
-0.000936938
-0.00152702
-0.00205339
-0.00249549
-0.00283344
-0.00304735
-0.00311887
-0.00303457
-0.00278972
-0.00239081
-0.00185565
-0.00121113
-0.000490134
0.000270611
0.00103182
0.00175306
0.00239458
0.00291941
0.00329578
0.00350051
0.00352234
0.00336357
0.00303838
0.00256904
0.00198247
0.00130787
0.000575018
-0.000186974
-0.000948971
-0.0016802
-0.00234828
-0.00292155
-0.00337211
-0.00367844
-0.00382776
-0.0038176
-0.00365534
-0.00335597
-0.00293933
-0.00242749
-0.00184296
-0.0012083
-0.000547171
0.000114385
0.000747656
0.00132276
0.00181176
0.00219241
0.00245102
0.00258331
0.00259323
0.00249045
0.00228741
0.00199707
0.00163179
0.00120355
0.000725214
0.000212495
-0.000314574
-0.000832075
-0.00131442
-0.00173692
-0.00207755
-0.00231806
-0.00244455
-0.00244754
-0.00232177
-0.00206657
-0.00168713
-0.00119587
-0.000612511
3.68847e-05
0.00072093
0.00140415
0.00204997
0.00262514
0.003103
0.00346398
0.00369449
0.00378628
0.00373606
0.00354511
0.00321895
0.0027676
0.00220592
0.00155366
0.000835118
7.82991e-05
-0.000686488
-0.00142838
-0.00211728
-0.00272459
-0.00322399
-0.00359326
-0.00381626
-0.00388395
-0.00379427
-0.00355208
-0.00316941
-0.00266523
-0.00206373
-0.00139182
-0.000676929
5.43076e-05
0.000776543
0.00146582
0.00209948
0.00265621
0.0031165
0.00346318
0.00368207
0.00376307
0.00370127
0.00349721
0.00315624
0.00268842
0.0021098
0.00144361
0.000719361
-3.00152e-05
-0.000771164
-0.00147219
-0.00210444
-0.0026444
-0.00307454
-0.00338182
-0.00355538
-0.00358494
-0.00346132
-0.00317912
-0.0027407
-0.00215899
-0.00145775
-0.00066958
0.000166855
0.00101055
0.00182228
0.00256739
0.00321601
0.00374166
0.00412053
0.00433228
0.00436172
0.00420064
0.00384994
0.00332151
0.00263861
0.00183399
0.000945974
1.4489e-05
-0.000921888
-0.00182727
-0.00266873
-0.00341619
-0.00404248
-0.00452391
-0.00484148
-0.00498229
-0.00494037
-0.00471672
-0.00431889
-0.00376046
-0.00306048
-0.0022431
-0.00133742
-0.000377007
0.000601538
0.0015605
0.00246229
0.00327016
0.00394982
0.00447241
0.00481689
0.00497013
0.00492546
0.00468216
0.00424689
0.00363607
0.0028772
0.00200774
0.00107238
0.000119433
-0.000803338
-0.00165348
-0.00239756
-0.00301236
-0.00348392
-0.00380516
-0.00397247
-0.0039825
-0.00383137
-0.00351712
-0.00304351
-0.00242315
-0.00167954
-0.000847389
3.04345e-05
0.000908794
0.00174591
0.0025062
0.00316113
0.00368931
0.00407555
0.00430846
0.00437869
0.00427913
0.00400684
0.00356587
0.00296989
0.00224335
0.00142019
0.00054053
-0.000353111
-0.00121955
-0.00202194
-0.00272936
-0.00331661
-0.00376324
-0.00405348
-0.00417715
-0.00413088
-0.00391902
-0.0035544
-0.00305823
-0.00245843
-0.00178663
-0.0010749
-0.000353365
0.00035087
0.00101344
0.00161145
0.00212247
0.0025251
0.0025251
0.00280099
0.00293706
0.00292698
0.00277227
0.00248291
0.00207692
0.00157833
0.00101461
0.000414728
-0.000192175
-0.00077782
-0.00131562
-0.00178127
-0.00215351
-0.00241551
-0.00255646
-0.00257284
-0.00246888
-0.00225597
-0.00195136
-0.00157603
-0.00115225
-0.000701795
-0.000245464
0.000196462
0.000604156
0.000959031
0.00124496
0.00144953
0.00156518
0.00159008
0.00152784
0.00138609
0.00117435
0.000902435
0.00057981
0.00021623
-0.000177173
-0.000586919
-0.000996667
-0.0013876
-0.0017402
-0.00203692
-0.0022641
-0.00241247
-0.00247671
-0.00245469
-0.00234637
-0.00215267
-0.00187492
-0.00151535
-0.00107851
-0.000573639
-1.68178e-05
0.000568625
0.00115403
0.00170898
0.00220536
0.00262077
0.00293965
0.00315182
0.00325004
0.00322897
0.00308626
0.00282443
0.0024524
0.00198627
0.00144952
0.000871854
0.000286172
-0.000275891
-0.000787941
-0.00123091
-0.00159352
-0.00187184
-0.00206792
-0.00218705
-0.0022347
-0.00221484
-0.00212986
-0.00198157
-0.00177219
-0.00150543
-0.00118724
-0.000825889
-0.000431388
-1.54516e-05
0.000407668
0.000821116
0.00120741
0.00155116
0.00184017
0.00206511
0.00221926
0.00229873
0.00230161
0.00222647
0.002072
0.00183867
0.00153116
0.00115985
0.000741047
0.000295336
-0.000154889
-0.000587742
-0.000983425
-0.00132527
-0.00160001
-0.00179714
-0.00190832
-0.00192758
-0.0018524
-0.00168486
-0.00143234
-0.00110743
-0.000727239
-0.000312277
0.000115179
0.000532928
0.000920495
0.00126011
0.00153712
0.00174017
0.00186126
0.00189578
0.00184266
0.00170474
0.00148918
0.0012076
0.000875495
0.000510769
0.000132015
-0.000243208
-0.000599762
-0.000925695
-0.00121211
-0.00145232
-0.00164106
-0.00177438
-0.00185001
-0.00186774
-0.00182964
-0.00174031
-0.00160673
-0.00143724
-0.00123917
-0.00101615
-0.000767073
-0.00048824
-0.000177696
0.000160643
0.000515243
0.000867977
0.00119737
0.00148327
0.00171127
0.00187474
0.00197364
0.00201134
0.00199139
0.00191507
0.00178073
0.00158557
0.00132981
0.0010206
0.000673617
0.000311229
-4.17043e-05
-0.000362791
-0.000635728
-0.000851556
-0.00100793
-0.00110721
-0.00115384
-0.00115224
-0.00110623
-0.00102007
-0.00089982
-0.000754105
-0.000594106
-0.000432386
-0.000280264
-0.000144859
-2.79881e-05
7.21796e-05
0.000158128
0.000230669
0.000287912
0.000325274
0.000336609
0.00031656
0.000263083
0.000178562
6.90161e-05
-5.77142e-05
-0.000193777
-0.000332668
-0.000469866
-0.000602329
-0.000726929
-0.00083879
-0.000930732
-0.000994133
-0.00102055
-0.00100324
-0.00093814
-0.000824399
-0.000664532
-0.000464215
-0.00023176
2.23605e-05
0.000285526
0.00054292
0.000778565
0.000977711
0.00112921
0.00122654
0.00126756
0.00125405
0.00119077
0.00108392
0.000939688
0.000763881
0.000562523
0.000342516
0.000112049
-0.000119251
-0.000340848
-0.000542799
-0.000717621
-0.000861343
-0.000973217
-0.00105458
-0.00110767
-0.00113485
-0.00113807
-0.00111839
-0.0010758
-0.00100932
-0.000917584
-0.000799563
-0.00065532
-0.000486791
-0.000298476
-9.74929e-05
0.0001075
0.000307974
0.000496539
0.000666868
0.000813405
0.000931345
0.00101643
0.00106453
0.00107185
0.00103602
0.000957163
0.000838134
0.000683889
0.000500358
0.000293409
6.85502e-05
-0.000168517
-0.000410979
-0.000650027
-0.000874039
-0.00106789
-0.00121325
-0.00129101
-0.00128598
-0.00119149
-0.00101157
-0.000760639
-0.000461678
-0.000142894
0.0001675
0.000446487
0.000678577
0.000855055
0.000972455
0.00103153
0.00103611
0.000991662
0.000904866
0.000784252
0.000640357
0.000484325
0.000326312
0.00017536
4.00253e-05
-7.19416e-05
-0.000154626
-0.000204214
-0.000218754
-0.000199059
-0.000150649
-8.4588e-05
-1.59161e-05
3.95882e-05
6.88189e-05
6.35732e-05
2.0993e-05
-5.69079e-05
-0.000163338
-0.000286819
-0.000412667
-0.000525733
-0.00061274
-0.00066332
-0.000670475
-0.000631042
-0.000545826
-0.000419041
-0.000257922
-7.33365e-05
0.000119757
0.000304081
0.00046361
0.000586052
0.000662979
0.000689252
0.000662994
0.000585169
0.000585169
0.000458106
0.000284226
6.61554e-05
-0.000192092
-0.000483665
-0.000797372
-0.00111642
-0.00141829
-0.00167631
-0.0018629
-0.00195389
-0.00193311
-0.00179539
-0.00154608
-0.00119728
-0.000764084
-0.000262931
0.000288748
0.000872727
0.00146915
0.00205399
0.0025966
0.00305979
0.00340357
0.00359172
0.00359875
0.00341395
0.00304156
0.00249851
0.00181106
0.00101056
0.000129146
-0.000802081
-0.00175098
-0.00268019
-0.00354435
-0.00429126
-0.00486724
-0.00522519
-0.00533258
-0.00517687
-0.00476705
-0.00413042
-0.00330569
-0.00233546
-0.00126239
-0.000129939
0.00101522
0.00212206
0.00313579
0.00400077
0.00466628
0.00509412
0.00526503
0.00518123
0.00486427
0.00434922
0.00367775
0.00289227
0.00203209
0.00113241
0.00022659
-0.000650569
-0.00146207
-0.00217123
-0.00274501
-0.00315634
-0.00338644
-0.00342693
-0.0032803
-0.0029581
-0.00247877
-0.00186642
-0.00115026
-0.000363973
0.000454563
0.00126348
0.0020183
0.00267508
0.0031944
0.00354481
0.00370556
0.00366877
0.00344009
0.00303702
0.00248528
0.00181532
0.00106023
0.000254738
-0.000565908
-0.00136732
-0.0021167
-0.00278341
-0.00334057
-0.00376751
-0.00405115
-0.00418574
-0.00417196
-0.00401604
-0.00372878
-0.00332454
-0.00282131
-0.00224114
-0.00160982
-0.000954549
-0.000300853
0.000329763
0.000920385
0.00145774
0.00193072
0.00232928
0.00264373
0.0028643
0.0029814
0.00298745
0.00287938
0.00265995
0.00233721
0.0019236
0.00143592
0.000895492
0.000327119
-0.00024247
-0.00078509
-0.00127074
-0.00166883
-0.00195191
-0.00210002
-0.00210365
-0.00196543
-0.001701
-0.0013377
-0.000909887
-0.00045238
4.45036e-06
0.000436771
0.000827523
0.00116567
0.00144401
0.00165585
0.001793
0.00184634
0.00180786
0.00167215
0.00143799
0.00111076
0.000704109
0.000238904
-0.000259824
-0.000765809
-0.00125403
-0.0017033
-0.00209793
-0.00242732
-0.00268362
-0.00285915
-0.0029438
-0.00292381
-0.00278325
-0.00250869
-0.002095
-0.00154991
-0.000895618
-0.000166292
0.000597711
0.00135566
0.00206996
0.00270811
0.00324367
0.00365548
0.00392532
0.00403726
0.00398066
0.00375464
0.0033711
0.00285498
0.00224187
0.00157363
0.00089282
0.000237244
-0.000363415
-0.000887544
-0.00131876
-0.00164313
-0.00184826
-0.00192367
-0.00186224
-0.00166301
-0.00133445
-0.000895873
-0.000376081
0.000189786
0.000763561
0.00130676
0.00178217
0.00215468
0.00239277
0.00247144
0.00237522
0.00209955
0.00165079
0.00104743
0.000322636
-0.000474728
-0.00128419
-0.00204183
-0.00268871
-0.00317721
-0.00347511
-0.00356758
-0.00345557
-0.00315078
-0.00267082
-0.00203836
-0.00128363
-0.000445814
0.00042832
0.0012868
0.00207547
0.00274328
0.00324916
0.00356676
0.003685
0.0036056
0.0033402
0.00290895
0.00234032
0.00167034
0.000940239
0.000193599
-0.000525696
-0.00117527
-0.0017169
-0.00211929
-0.00235974
-0.00242492
-0.00231166
-0.00202776
-0.0015919
-0.0010318
-0.000381334
0.000321996
0.00103906
0.00173124
0.0023631
0.00290451
0.00333158
0.00362614
0.00377524
0.00377124
0.00361225
0.00330201
0.0028489
0.0022654
0.00156825
0.000778722
-7.72185e-05
-0.000969139
-0.00186308
-0.00272395
-0.00351831
-0.00421555
-0.00478734
-0.00520735
-0.00545303
-0.00550837
-0.00536625
-0.00502963
-0.0045121
-0.00383749
-0.00303806
-0.00215105
-0.00121528
-0.000269254
0.000649193
0.00150288
0.00225604
0.00287582
0.0033344
0.00361177
0.00369842
0.00359666
0.00332002
0.00289088
0.00233716
0.00168914
0.000977548
0.00023283
-0.000514521
-0.00123319
-0.00189091
-0.00245576
-0.00289864
-0.00319601
-0.00333265
-0.00330364
-0.00311506
-0.00278279
-0.0023302
-0.00178529
-0.00117789
-0.000537414
0.000108146
0.000732254
0.00130994
0.00181827
0.00223695
0.00254906
0.0027424
0.00281119
0.00275697
0.00258832
0.00231962
0.00196956
0.00155953
0.00111219
0.000650364
0.00019638
-0.000228257
-0.000603504
-0.000911942
-0.00114038
-0.00114038
-0.00128134
-0.00133376
-0.00130248
-0.00119691
-0.00102979
-0.000815911
-0.00057064
-0.000308467
-4.22364e-05
0.000216615
0.000457564
0.000671004
0.00084856
0.00098307
0.00106837
0.00109965
0.00107433
0.000992535
0.000856862
0.000672384
0.000447349
0.000193876
-7.20769e-05
-0.000331475
-0.000563925
-0.000750694
-0.000878168
-0.000939723
-0.000935189
-0.000869219
-0.000749924
-0.000587503
-0.000392455
-0.000174455
5.70042e-05
0.000291036
0.000514557
0.000712891
0.000871389
0.000977585
0.0010233
0.0010059
0.000928225
0.000797514
0.000623905
0.000419068
0.000195256
-3.53578e-05
-0.000261242
-0.00047205
-0.000658978
-0.000814946
-0.00093484
-0.00101594
-0.00105805
-0.00106279
-0.00103237
-0.000969046
-0.000875582
-0.000755846
-0.000614796
-0.000458337
-0.000293248
-0.000126727
3.45071e-05
0.000184772
0.000319214
0.000433204
0.000521826
0.000579644
0.000600939
0.000580564
0.000515346
0.000405672
0.000256453
7.66733e-05
-0.000122415
-0.000329369
-0.000534073
-0.000728576
-0.000907034
-0.00106437
-0.0011943
-0.00128844
-0.00133712
-0.00133157
-0.00126605
-0.00113953
-0.000956171
-0.000724957
-0.000458592
-0.000172111
0.000118726
0.000398739
0.000653779
0.000870718
0.00103797
0.00114682
0.00119262
0.00117489
0.00109642
0.000962622
0.000781096
0.000560878
0.000311351
4.16337e-05
-0.000239276
-0.000522253
-0.000797977
-0.0010567
-0.0012881
-0.00148187
-0.00162875
-0.00172115
-0.00175324
-0.00172142
-0.00162539
-0.00146864
-0.00125803
-0.00100279
-0.00071389
-0.000403507
-8.42495e-05
0.000231924
0.000534494
0.000814706
0.0010655
0.00128106
0.00145623
0.00158612
0.00166635
0.00169362
0.00166613
0.00158388
0.00144913
0.0012665
0.00104249
0.000784523
0.0005006
0.000199392
-0.000109413
-0.000415072
-0.00070604
-0.000970377
-0.00119639
-0.00137381
-0.00149511
-0.00155615
-0.00155556
-0.00149364
-0.00137181
-0.00119293
-0.000962109
-0.000687326
-0.000379502
-5.20596e-05
0.000279887
0.000600732
0.000896017
0.001154
0.00136644
0.00152846
0.00163779
0.00169382
0.00169674
0.00164714
0.0015462
0.00139601
0.00119971
0.000961915
0.000689202
0.000390369
7.58424e-05
-0.000243345
-0.000556214
-0.000851962
-0.00112006
-0.00135042
-0.00153324
-0.00165842
-0.00171563
-0.00169597
-0.00159458
-0.00141248
-0.00115664
-0.000838873
-0.000474621
-8.14747e-05
0.000322625
0.000720792
0.00109723
0.00143615
0.00172103
0.00193517
0.00206386
0.00209699
0.00203111
0.00187011
0.00162477
0.00131102
0.000947463
0.000552928
0.000145132
-0.000259506
-0.000645519
-0.000998048
-0.00130268
-0.00154579
-0.00171567
-0.00180426
-0.0018087
-0.00173192
-0.00158197
-0.00137057
-0.00111119
-0.000817257
-0.000500868
-0.000172552
0.000157974
0.000480516
0.000783452
0.00105359
0.00127669
0.00143852
0.00152656
0.00153208
0.00145185
0.00128848
0.00104979
0.000747851
0.000397975
1.74746e-05
-0.000375238
-0.000760594
-0.00111774
-0.00142581
-0.00166637
-0.00182535
-0.0018936
-0.00186697
-0.00174638
-0.00153747
-0.00124941
-0.000893692
-0.000483746
-3.51317e-05
0.000434201
0.000903923
0.00135191
0.00175558
0.00209386
0.00234903
0.00250828
0.00256458
0.00251674
0.00236834
0.00212638
0.00180052
0.00140344
0.000951545
0.000464881
-3.38481e-05
-0.000520948
-0.000973647
-0.00137191
-0.00169988
-0.00194656
-0.00210567
-0.00217473
-0.00215408
-0.00204612
-0.00185521
-0.00158824
-0.00125559
-0.000871758
-0.00045502
-2.61445e-05
0.000393132
0.000781711
0.00112067
0.00139428
0.00159034
0.00170008
0.00171838
0.00164419
0.00148056
0.00123454
0.000917106
0.000543121
0.000130992
-0.000298316
-0.000722542
-0.00111941
-0.00146791
-0.00174959
-0.00194935
-0.0020559
-0.00206186
-0.00196413
-0.00176483
-0.00147222
-0.00110085
-0.000670185
-0.000202477
0.000278963
0.000750791
0.0011904
0.001577
0.00189288
0.00212407
0.00226065
0.00229705
0.00223282
0.00207333
0.00182964
0.00151748
0.00115559
0.000763945
0.000361974
-3.28379e-05
-0.000405803
-0.000745111
-0.000745111
-0.00104137
-0.001287
-0.00147574
-0.0016022
-0.00166185
-0.00165188
-0.00157229
-0.00142605
-0.00121851
-0.000957269
-0.000652641
-0.000317723
3.26421e-05
0.000382997
0.000717702
0.00102117
0.00127854
0.00147668
0.00160502
0.00165635
0.00162764
0.00152053
0.00134117
0.00109929
0.000807084
0.000478523
0.000128874
-0.000225883
-0.000569848
-0.000887849
-0.00116589
-0.0013918
-0.0015561
-0.0016528
-0.00167971
-0.00163833
-0.0015334
-0.00137199
-0.00116241
-0.000913258
-0.00063293
-0.000329881
-1.3358e-05
0.000305937
0.000615618
0.000901949
0.00115099
0.0013505
0.00149178
0.00157046
0.00158602
0.00154092
0.00143962
0.00128758
0.00109062
0.000855276
0.000589667
0.000304305
1.20972e-05
-0.000272378
-0.000534169
-0.000759429
-0.000936673
-0.0010577
-0.00111816
-0.00111759
-0.00105879
-0.000947078
-0.000789678
-0.000595303
-0.000373738
-0.000135607
0.000107655
0.000343957
0.000561065
0.000747371
0.000892694
0.000989144
0.00103195
0.00101984
0.000954735
0.000840822
0.000683463
0.000488337
0.000261056
7.37903e-06
-0.000266082
-0.000550994
-0.000836785
-0.00111097
-0.00136023
-0.00157168
-0.00173367
-0.0018365
-0.00187339
-0.00184108
-0.00173979
-0.00157267
-0.00134531
-0.00106564
-0.00074353
-0.000390455
-1.92122e-05
0.000356023
0.000719725
0.00105553
0.00134738
0.00158097
0.00174508
0.00183261
0.00184115
0.00177307
0.0016352
0.00143781
0.00119345
0.000916101
0.000620485
0.000321318
3.22551e-05
-0.000234891
-0.000470567
-0.000667801
-0.000822285
-0.000931848
-0.000995639
-0.00101395
-0.000988797
-0.000924286
-0.000826377
-0.000702396
-0.000560749
-0.000410486
-0.000260415
-0.000118236
9.76114e-06
0.000118458
0.000203597
0.000261822
0.000291149
0.000291533
0.000265059
0.00021558
0.000148048
6.78556e-05
-1.96099e-05
-0.00010934
-0.000197148
-0.000279995
-0.000355796
-0.000422766
-0.000478787
-0.000521175
-0.000546738
-0.000552081
-0.000534225
-0.000491471
-0.00042406
-0.000334305
-0.000226338
-0.000105805
2.05524e-05
0.000145635
0.000262769
0.000366129
0.000450906
0.000513623
0.000552488
0.000567423
0.000559818
0.000532401
0.000489127
0.000434632
0.000373442
0.000309582
0.000246735
0.000188393
0.000137667
9.70469e-05
6.82618e-05
5.20345e-05
4.77243e-05
5.32784e-05
6.57641e-05
8.22208e-05
0.000100341
0.000118694
0.000136601
0.000154007
0.000171505
0.000190216
0.000211332
0.000235608
0.000263171
0.000293595
0.000325901
0.000358378
0.000388413
0.000412447
0.000426126
0.000424695
0.000403788
0.000360493
0.000294115
0.000206016
9.87684e-05
-2.45158e-05
-0.000160309
-0.000304689
-0.000453459
-0.000601873
-0.000743753
-0.000870691
-0.000972302
-0.00103787
-0.00105877
-0.00103041
-0.000952796
-0.000829971
-0.000669223
-0.000480339
-0.000274642
-6.394e-05
0.000140155
0.00032656
0.000485223
0.000607962
0.000689225
0.000726285
0.000718996
0.000669605
0.000582564
0.000463896
0.000320298
0.000158758
-1.31922e-05
-0.000187378
-0.000355339
-0.000508685
-0.000639299
-0.000739757
-0.000804029
-0.000828085
-0.000810175
-0.000750887
-0.00065296
-0.000520785
-0.000359751
-0.000175802
2.46756e-05
0.000234763
0.000446946
0.000653162
0.000844923
0.00101351
0.00115032
0.00124748
0.00129863
0.0012995
0.00124794
0.00114377
0.000988908
0.000787964
0.000548785
0.00028228
1.61868e-06
-0.00027875
-0.000544203
-0.000781423
-0.000979929
-0.00113277
-0.0012362
-0.001289
-0.00129208
-0.001248
-0.00116026
-0.00103302
-0.000871304
-0.000681068
-0.000469068
-0.000242773
-1.05952e-05
0.000218106
0.000433572
0.000626313
0.000787452
0.000909042
0.00098482
0.00101116
0.000987599
0.000916712
0.000803879
0.000656859
0.000485023
0.000298292
0.000106279
-8.20785e-05
-0.000258689
-0.000416461
-0.000549284
-0.000651806
-0.000719393
-0.000748505
-0.000737213
-0.000685503
-0.000595419
-0.000471123
-0.000318692
-0.000145526
4.03731e-05
0.000230974
0.000418646
0.000596509
0.000758585
0.000899598
0.00101457
0.00109848
0.00114626
0.00115324
0.00111592
0.00103269
0.000904339
0.00073433
0.00073433
0.000529053
0.000297561
5.08662e-05
-0.000198796
-0.000438618
-0.000656258
-0.000841268
-0.000986054
-0.00108588
-0.00113847
-0.00114382
-0.00110385
-0.00102164
-0.000900732
-0.000745071
-0.000559394
-0.000349735
-0.000123772
0.000109101
0.000338337
0.000553424
0.000745068
0.000905823
0.00103025
0.00111488
0.0011579
0.00115841
0.00111574
0.0010293
0.000899451
0.000728768
0.000523022
0.000291248
4.49885e-05
-0.000202891
-0.000439604
-0.000653914
-0.000837205
-0.000983637
-0.00108949
-0.0011523
-0.00117023
-0.0011419
-0.00106685
-0.000946426
-0.00078472
-0.000588936
-0.000369077
-0.000137001
9.4913e-05
0.000315139
0.000513927
0.000683574
0.000818225
0.000913511
0.00096621
0.000974143
0.000936499
0.000854454
0.000731704
0.00057457
0.000391634
0.000192974
-1.08157e-05
-0.000209557
-0.000394171
-0.000556988
-0.000691688
-0.000793028
-0.000856626
-0.00087903
-0.000858091
-0.000793528
-0.000687417
-0.000544356
-0.000371207
-0.000176531
3.00808e-05
0.000238647
0.000439317
0.000622692
0.00078001
0.000903409
0.000986398
0.00102439
0.00101506
0.000958399
0.000856778
0.000714859
0.00053933
0.000338304
0.000120666
-0.000104346
-0.000327273
-0.000538426
-0.000727903
-0.000885878
-0.00100328
-0.00107278
-0.00108964
-0.00105244
-0.000963372
-0.00082806
-0.000654753
-0.000453152
-0.000233433
-5.71594e-06
0.000220215
0.000435043
0.000629839
0.000795956
0.000925339
0.0010113
0.00104932
0.00103751
0.000976838
0.000870941
0.000725715
0.000548678
0.000348405
0.000134146
-8.44147e-05
-0.000297339
-0.000494666
-0.000666844
-0.000805438
-0.000903892
-0.000958112
-0.000966679
-0.000930804
-0.00085404
-0.000741753
-0.00060043
-0.000437159
-0.000259422
-7.50472e-05
0.000107911
0.000281445
0.00043796
0.000570759
0.000674563
0.000745883
0.000783091
0.000786219
0.000756684
0.000697064
0.000610967
0.00050287
0.000377917
0.000241724
0.000100247
-4.04192e-05
-0.000174378
-0.00029637
-0.000402141
-0.000488598
-0.000553742
-0.000596477
-0.000616418
-0.000613699
-0.000588746
-0.000542197
-0.000475176
-0.000389819
-0.000289704
-0.000179993
-6.73e-05
4.07756e-05
0.000136541
0.000213386
0.00026678
0.00029477
0.000298072
0.000279837
0.000244902
0.000198534
0.000145326
8.87705e-05
3.13112e-05
-2.55034e-05
-8.06427e-05
-0.000132841
-0.00018
-0.000219331
-0.000247988
-0.000263564
-0.000264372
-0.000249754
-0.000220228
-0.000177116
-0.000121968
-5.63991e-05
1.75911e-05
9.72766e-05
0.000178982
0.0002579
0.000328195
0.00038381
0.000419748
0.000433036
0.000422931
0.000390664
0.000339122
0.000272331
0.000194659
0.000110096
2.20556e-05
-6.6382e-05
-0.000152167
-0.000232148
-0.000303083
-0.000361858
-0.000405959
-0.000434057
-0.000446299
-0.000444008
-0.000428974
-0.000402761
-0.000366343
-0.000320127
-0.000264347
-0.000199765
-0.000128356
-5.34632e-05
2.06603e-05
8.95444e-05
0.000149054
0.000195791
0.000227373
0.000242445
0.000240376
0.000220958
0.00018443
0.000131757
6.49767e-05
-1.26006e-05
-9.64188e-05
-0.000180983
-0.000260505
-0.000329811
-0.000385147
-0.000424457
-0.000447099
-0.000453391
-0.000444226
-0.000420709
-0.00038386
-0.000334648
-0.000274359
-0.000204881
-0.000128659
-4.84069e-05
3.31918e-05
0.000113751
0.000191349
0.000264495
0.000331865
0.000391993
0.000443148
0.000483508
0.000511524
0.00052624
0.00052745
0.000515698
0.000492053
0.000457653
0.000413282
0.00035935
0.000296328
0.000225336
0.000148505
6.89176e-05
-9.85007e-06
-8.43179e-05
-0.000151622
-0.00020992
-0.000258612
-0.000298157
-0.000329432
-0.000352974
-0.000368498
-0.000374862
-0.000370532
-0.000354449
-0.000326826
-0.000289452
-0.000245513
-0.000199198
-0.000155135
-0.000117607
-8.98329e-05
-7.36689e-05
-6.96707e-05
-7.7197e-05
-9.44769e-05
-0.000118825
-0.000146994
-0.000175484
-0.000200873
-0.000220325
-0.000232032
-0.000235127
-0.000229156
-0.000213771
-0.000188827
-0.000154452
-0.000110909
-5.85995e-05
1.61875e-06
6.81689e-05
0.000138794
0.000210764
0.000281154
0.000347217
0.000406758
0.000458254
0.000500746
0.000533696
0.000556878
0.000570252
0.000573783
0.000567316
0.000567316
0.00055059
0.000523399
0.000485843
0.000438484
0.000382317
0.000318637
0.000249005
0.000175362
0.000100028
2.54066e-05
-4.64914e-05
-0.000114381
-0.000177739
-0.000236634
-0.000291421
-0.00034236
-0.000389263
-0.000431285
-0.000466891
-0.000494059
-0.00051079
-0.000515689
-0.000508238
-0.000488666
-0.000457791
-0.000417036
-0.000368356
-0.000313863
-0.000255373
-0.000194275
-0.000131743
-6.90179e-05
-7.54053e-06
5.10697e-05
0.000105195
0.000153517
0.000195233
0.000230048
0.000258037
0.000279519
0.000294902
0.000304452
0.000308085
0.000305376
0.000295805
0.000279117
0.000255598
0.000226191
0.000192478
0.000156573
0.000120876
8.7745e-05
5.9236e-05
3.70154e-05
2.23136e-05
1.57237e-05
1.69457e-05
2.47832e-05
3.74457e-05
5.28858e-05
6.90216e-05
8.39425e-05
9.60847e-05
0.000104188
0.00010708
0.000103604
9.27973e-05
7.405e-05
4.71083e-05
1.20804e-05
-3.04755e-05
-7.95025e-05
-0.000133502
-0.000190584
-0.000248405
-0.000304031
-0.00035383
-0.000393577
-0.000418932
-0.000426322
-0.000413808
-0.000381438
-0.000330972
-0.000265476
-0.000189075
-0.000106615
-2.29858e-05
5.75535e-05
0.000131571
0.000196278
0.000249363
0.000288971
0.000313716
0.000322748
0.000315942
0.00029412
0.000259039
0.000213114
0.000159045
9.95884e-05
3.74444e-05
-2.48427e-05
-8.49167e-05
-0.000140492
-0.000189216
-0.000228724
-0.000256905
-0.000272166
-0.000273583
-0.000260933
-0.000234616
-0.000195435
-0.000144364
-8.24936e-05
-1.12231e-05
6.74182e-05
0.000150491
0.000234038
0.000313164
0.000382322
0.000435881
0.000469052
0.000478849
0.000464487
0.000427021
0.000368696
0.000292488
0.000201802
0.000100209
-8.62508e-06
-0.000120653
-0.000231117
-0.000334595
-0.000425508
-0.000498849
-0.000550841
-0.000579326
-0.000583815
-0.000565257
-0.000525583
-0.000467173
-0.000392443
-0.000303736
-0.000203501
-9.46329e-05
1.91796e-05
0.00013334
0.000242647
0.000341903
0.000426484
0.000492642
0.000537626
0.000559765
0.000558476
0.000534169
0.000488123
0.000422496
0.000340427
0.000246067
0.000144432
4.10844e-05
-5.82926e-05
-0.000148378
-0.000224683
-0.000283852
-0.000323684
-0.000342962
-0.000341335
-0.000319315
-0.000278295
-0.000220534
-0.000149104
-6.78158e-05
1.89797e-05
0.000106732
0.000191086
0.000268213
0.000335033
0.000389316
0.000429662
0.000455357
0.000466156
0.000462126
0.000443676
0.000411705
0.000367674
0.000313506
0.000251422
0.000183833
0.000113277
4.23476e-05
-2.63671e-05
-9.02937e-05
-0.000146834
-0.000193354
-0.000227296
-0.000246384
-0.000248888
-0.000233923
-0.000201751
-0.00015391
-9.29766e-05
-2.21208e-05
5.52307e-05
0.000135502
0.000214995
0.000289929
0.000356438
0.000410604
0.000448703
0.00046769
0.000465729
0.000442498
0.000399148
0.00033797
0.000261995
0.000174676
7.96566e-05
-1.94108e-05
-0.000118898
-0.000215124
-0.000304349
-0.000382937
-0.000447633
-0.000495892
-0.000526197
-0.000538275
-0.000533084
-0.0005126
-0.000479464
-0.000436622
-0.000387056
-0.000333676
-0.000279299
-0.000226649
-0.000178324
-0.00013676
-0.000104118
-8.20861e-05
-7.16703e-05
-7.31181e-05
-8.60209e-05
-0.00010949
-0.000142262
-0.000182699
-0.000228784
-0.000278178
-0.000328312
-0.000376518
-0.000420197
-0.000457004
-0.000484997
-0.000502742
-0.000509363
-0.000504457
-0.000487891
-0.000459617
-0.000419678
-0.000368425
-0.000306834
-0.000236771
-0.000161082
-8.34285e-05
-7.97237e-06
6.10324e-05
0.000119756
0.000165353
0.000196263
0.000212077
0.000213206
0.000200639
0.000175815
0.000140475
9.65687e-05
4.63085e-05
-7.74711e-06
-6.27345e-05
-0.000115649
-0.000163521
-0.000203575
-0.000233381
-0.000251
-0.000255093
-0.000245041
-0.000221099
-0.000184497
-0.000137354
-8.24187e-05
-2.27733e-05
3.84311e-05
9.82163e-05
0.00015393
0.000203265
0.000244234
0.000275204
0.000294946
0.000302652
0.000297969
0.000281093
0.00025286
0.000214763
0.000168886
0.000117811
6.44661e-05
1.19499e-05
-3.66698e-05
-7.85671e-05
-0.000111367
-0.000133285
-0.000143146
-0.000140312
-0.000124645
-9.65304e-05
-5.6905e-05
-7.22328e-06
5.06114e-05
0.000114292
0.000181135
0.000248115
0.000311971
0.000369378
0.000417214
0.000417214
0.000452856
0.000474409
0.000480837
0.000472009
0.000448619
0.000411942
0.000363492
0.000304788
0.000237336
0.000162787
8.3148e-05
9.57529e-07
-8.0689e-05
-0.000158296
-0.000228226
-0.000286966
-0.000331416
-0.000359195
-0.000368827
-0.000359788
-0.000332488
-0.000288283
-0.000229421
-0.000158813
-7.97302e-05
4.38053e-06
8.99759e-05
0.000173564
0.000251938
0.000322331
0.000382436
0.000430415
0.000464938
0.000485171
0.000490707
0.000481551
0.000458122
0.000421195
0.000371864
0.000311698
0.000243012
0.000168963
9.33366e-05
2.0191e-05
-4.64757e-05
-0.000103074
-0.000146809
-0.00017593
-0.000189692
-0.000188169
-0.000172119
-0.000142931
-0.000102581
-5.3616e-05
8.54983e-07
5.72553e-05
0.000111828
0.000161058
0.000202021
0.000232533
0.000251162
0.000257218
0.000250737
0.000232331
0.000202942
0.000163712
0.000116059
6.18288e-05
3.39618e-06
-5.63095e-05
-0.000113854
-0.000165507
-0.000207636
-0.000237144
-0.000251849
-0.00025071
-0.000233847
-0.000202289
-0.000157605
-0.000101637
-3.64599e-05
3.55382e-05
0.000111518
0.000188003
0.000260704
0.000324629
0.000374629
0.000406275
0.000416657
0.000404746
0.000371197
0.000317869
0.000247408
0.000162925
6.774e-05
-3.46432e-05
-0.000140221
-0.000244065
-0.000340253
-0.000422408
-0.000484666
-0.000522637
-0.000533967
-0.000518461
-0.000477901
-0.000415627
-0.000335888
-0.000243152
-0.000141713
-3.56505e-05
7.10157e-05
0.000174193
0.000269675
0.000353249
0.000421043
0.000470067
0.000498667
0.00050664
0.000495017
0.000465732
0.000421323
0.000364663
0.000298758
0.000226716
0.000151843
7.7712e-05
8.03175e-06
-5.36508e-05
-0.000104314
-0.000141754
-0.000164719
-0.00017287
-0.000166615
-0.00014689
-0.000114971
-7.23846e-05
-2.09494e-05
3.70579e-05
9.87061e-05
0.000160278
0.000217296
0.000264822
0.000298086
0.000313261
0.000308091
0.000282182
0.000237022
0.000175746
0.000102524
2.16803e-05
-6.30007e-05
-0.000148482
-0.000232372
-0.000312778
-0.000388078
-0.000456522
-0.000515905
-0.000563595
-0.000596835
-0.000613102
-0.000610533
-0.000588464
-0.000547743
-0.000490572
-0.000420086
-0.000340008
-0.000254367
-0.000167119
-8.18283e-05
-1.66005e-06
7.04554e-05
0.000131768
0.00017981
0.000212529
0.000228435
0.00022683
0.000208009
0.000173278
0.000124801
6.53853e-05
-1.75721e-06
-7.32236e-05
-0.000145531
-0.000215094
-0.000278165
-0.000330888
-0.000369534
-0.000390901
-0.000392807
-0.000374579
-0.000337348
-0.000283943
-0.000218401
-0.000145329
-6.92869e-05
5.75227e-06
7.67109e-05
0.000141276
0.000197457
0.000243289
0.00027693
0.00029693
0.000302469
0.0002936
0.000271453
0.000238178
0.000196574
0.000149607
0.000100069
5.03941e-05
2.6199e-06
-4.15827e-05
-8.08414e-05
-0.000114
-0.000140053
-0.000158175
-0.000167867
-0.000169119
-0.000162438
-0.000148762
-0.00012933
-0.000105572
-7.90071e-05
-5.11354e-05
-2.33177e-05
3.32523e-06
2.79577e-05
5.00122e-05
6.91321e-05
8.50983e-05
9.77479e-05
0.000106905
0.000112372
0.000114026
0.000111954
0.000106533
9.83895e-05
8.83199e-05
7.72174e-05
6.59752e-05
5.53686e-05
4.59852e-05
3.82439e-05
3.24635e-05
2.89303e-05
2.79334e-05
2.97462e-05
3.45638e-05
4.24448e-05
5.33019e-05
6.69603e-05
8.3273e-05
0.000102245
0.000124065
0.000148931
0.000176644
0.000206123
0.000235147
0.000260515
0.000278572
0.000285977
0.000280531
0.000261783
0.000230994
0.000190486
0.000142885
9.06391e-05
3.5723e-05
-2.05432e-05
-7.73306e-05
-0.000133773
-0.000188516
-0.000239655
-0.000284948
-0.000322098
-0.000349075
-0.000364409
-0.000367283
-0.000357464
-0.000335278
-0.000301646
-0.000258025
-0.000206181
-0.000148034
-8.56835e-05
-2.1494e-05
4.19938e-05
0.000102302
0.000157248
0.000205117
0.000244737
0.000275408
0.000296696
0.000308234
0.000309621
0.000300401
0.000280187
0.000248984
0.000207598
0.000157836
0.000102319
4.40783e-05
-1.3819e-05
-6.85559e-05
-0.000117819
-0.00015994
-0.000193818
-0.000218718
-0.000234105
-0.000239607
-0.000235058
-0.000220599
-0.000196782
-0.000164597
-0.000125367
-8.06128e-05
-3.19826e-05
1.87424e-05
6.9666e-05
0.000118811
0.000164107
0.000203353
0.000203353
0.000234313
0.000255
0.000264001
0.000260731
0.000245552
0.000219799
0.000185608
0.00014555
0.000102227
5.80316e-05
1.50675e-05
-2.48799e-05
-6.0335e-05
-9.00454e-05
-0.000112933
-0.000128242
-0.000135802
-0.000136136
-0.000130324
-0.00011977
-0.00010601
-9.05534e-05
-7.47175e-05
-5.95447e-05
-4.58835e-05
-3.45653e-05
-2.65198e-05
-2.27342e-05
-2.40758e-05
-3.10358e-05
-4.34565e-05
-6.03522e-05
-7.99535e-05
-0.00010002
-0.000118328
-0.000133167
-0.000143642
-0.000149643
-0.000151553
-0.000149908
-0.0001452
-0.000137746
-0.000127605
-0.00011466
-9.88976e-05
-8.06512e-05
-6.06385e-05
-3.98352e-05
-1.93075e-05
-2.51118e-08
1.73022e-05
3.22671e-05
4.46696e-05
5.43889e-05
6.13114e-05
6.5321e-05
6.63249e-05
6.43173e-05
5.94769e-05
5.22417e-05
4.32983e-05
3.34789e-05
2.36186e-05
1.44182e-05
6.33511e-06
-4.87115e-07
-6.23494e-06
-1.13806e-05
-1.65783e-05
-2.25084e-05
-2.96947e-05
-3.83551e-05
-4.83767e-05
-5.94535e-05
-7.12912e-05
-8.37151e-05
-9.66488e-05
-0.000110074
-0.000124018
-0.000138499
-0.000153412
-0.000168477
-0.000183291
-0.000197425
-0.000210511
-0.000222291
-0.000232617
-0.000241376
-0.000248413
-0.000253525
-0.000256557
-0.00025747
-0.00025637
-0.000253509
-0.000249302
-0.000244302
-0.0002391
-0.000234189
-0.000229877
-0.000226215
-0.000222945
-0.000219482
-0.000215017
-0.000208669
-0.000199623
-0.00018716
-0.000170628
-0.00014945
-0.000123183
-9.15958e-05
-5.48136e-05
-1.35034e-05
3.09821e-05
7.66893e-05
0.000121418
0.000163155
0.000200348
0.000231947
0.000257308
0.000276051
0.000287906
0.000292579
0.000289736
0.000279128
0.000260783
0.000235147
0.000203132
0.000166056
0.000125466
8.29212e-05
3.98301e-05
-2.58977e-06
-4.3286e-05
-8.13248e-05
-0.000115852
-0.00014606
-0.000171186
-0.000190567
-0.000203747
-0.000210543
-0.00021095
-0.000204919
-0.000192146
-0.00017208
-0.000144219
-0.000108498
-6.55701e-05
-1.68989e-05
3.5262e-05
8.80349e-05
0.000138331
0.000183406
0.000221247
0.000250614
0.000270872
0.000281817
0.000283532
0.00027625
0.000260298
0.000236221
0.000204997
0.000168123
0.000127546
8.55011e-05
4.43092e-05
6.11862e-06
-2.7303e-05
-5.46307e-05
-7.49303e-05
-8.75863e-05
-9.22567e-05
-8.88618e-05
-7.76275e-05
-5.91607e-05
-3.44926e-05
-5.04646e-06
2.7468e-05
6.12052e-05
9.43494e-05
0.000125259
0.000152555
0.000175129
0.000192109
0.000202826
0.00020684
0.000204017
0.000194626
0.000179449
0.000159809
0.000137478
0.000114428
9.25179e-05
7.32387e-05
5.76257e-05
4.63279e-05
3.97246e-05
3.80031e-05
4.12185e-05
4.93508e-05
6.22758e-05
7.96013e-05
0.000100479
0.000123558
0.000147133
0.000169413
0.000188814
0.000204147
0.000214668
0.000220024
0.000220134
0.000215049
0.000204825
0.000189492
0.00016914
0.000144082
0.000114995
8.29512e-05
4.93339e-05
1.56498e-05
-1.66771e-05
-4.64628e-05
-7.2821e-05
-9.51297e-05
-0.000112944
-0.000125881
-0.000133517
-0.000135357
-0.000130934
-0.000120018
-0.000102816
-8.00331e-05
-5.27855e-05
-2.24109e-05
9.73424e-06
4.24463e-05
7.47555e-05
0.000105873
0.000135033
0.000161346
0.000183759
0.000201159
0.000212588
0.00021747
0.000215762
0.00020796
0.000195013
0.000178146
0.000158648
0.000137677
0.000116183
9.49456e-05
7.46451e-05
5.5927e-05
3.94393e-05
2.58196e-05
1.55898e-05
8.97134e-06
5.68897e-06
4.84169e-06
4.93384e-06
4.15481e-06
9.0935e-07
-5.57662e-06
-1.48989e-05
-2.56366e-05
-3.59874e-05
-4.44826e-05
-5.03934e-05
-5.37928e-05
-5.54455e-05
-5.65361e-05
-5.81889e-05
-6.10043e-05
-6.49599e-05
-6.96577e-05
-7.46276e-05
-7.95588e-05
-8.44989e-05
-8.99116e-05
-9.64576e-05
-0.000104632
-0.000114545
-0.000125919
-0.000138194
-0.000150659
-0.000162591
-0.000173338
-0.00018226
-0.000188612
-0.000191508
-0.000190018
-0.000183325
-0.000170917
-0.000152785
-0.000129517
-0.000102181
-7.20592e-05
-4.04351e-05
-8.51503e-06
2.25785e-05
5.17886e-05
7.80525e-05
0.000100235
0.000117177
0.000127879
0.00013171
0.000128558
0.000118875
0.000103601
8.40304e-05
6.16428e-05
3.79286e-05
1.42274e-05
-8.32411e-06
-2.87302e-05
-4.60613e-05
-5.94422e-05
-6.80914e-05
-7.13906e-05
-6.89943e-05
-6.09515e-05
-4.77741e-05
-4.77741e-05
-3.04136e-05
-1.01615e-05
1.14744e-05
3.28785e-05
5.24062e-05
6.84682e-05
7.96552e-05
8.48925e-05
8.35508e-05
7.54525e-05
6.08172e-05
4.025e-05
1.47717e-05
-1.42386e-05
-4.5248e-05
-7.67831e-05
-0.00010752
-0.000136291
-0.000162096
-0.000184119
-0.000201691
-0.000214269
-0.000221436
-0.000222942
-0.000218728
-0.000208929
-0.000193856
-0.000173956
-0.000149749
-0.000121724
-9.02865e-05
-5.58129e-05
-1.87766e-05
2.01481e-05
6.00724e-05
9.99143e-05
0.000138387
0.000173986
0.000205044
0.000229876
0.000246943
0.000255017
0.000253369
0.000241972
0.000221585
0.000193583
0.000159651
0.00012156
8.10955e-05
3.9993e-05
-1.5467e-07
-3.7912e-05
-7.193e-05
-0.000100948
-0.000123923
-0.00014019
-0.00014957
-0.000152451
-0.000149759
-0.00014278
-0.000132854
-0.000121097
-0.000108221
-9.45065e-05
-7.98976e-05
-6.41657e-05
-4.71292e-05
-2.89315e-05
-1.02332e-05
7.88768e-06
2.42983e-05
3.81361e-05
4.89104e-05
5.64783e-05
6.10032e-05
6.28332e-05
6.22775e-05
5.94335e-05
5.41884e-05
4.63558e-05
3.58635e-05
2.29319e-05
8.16094e-06
-7.54488e-06
-2.3171e-05
-3.77893e-05
-5.06792e-05
-6.13611e-05
-6.95488e-05
-7.50449e-05
-7.76355e-05
-7.70595e-05
-7.30772e-05
-6.55912e-05
-5.47585e-05
-4.10675e-05
-2.53633e-05
-8.78143e-06
7.41354e-06
2.20258e-05
3.40846e-05
4.29238e-05
4.81821e-05
4.974e-05
4.76247e-05
4.19271e-05
3.27764e-05
2.03995e-05
5.23095e-06
-1.20198e-05
-3.03992e-05
-4.88132e-05
-6.61548e-05
-8.14347e-05
-9.38981e-05
-0.000103083
-0.00010879
-0.000110993
-0.000109747
-0.000105151
-9.73857e-05
-8.67964e-05
-7.40034e-05
-5.99556e-05
-4.58885e-05
-3.31805e-05
-2.31395e-05
-1.67757e-05
-1.46482e-05
-1.68622e-05
-2.31862e-05
-3.31594e-05
-4.61327e-05
-6.13093e-05
-7.78375e-05
-9.48865e-05
-0.00011164
-0.000127245
-0.000140796
-0.000151346
-0.000157933
-0.000159626
-0.000155632
-0.000145421
-0.000128849
-0.00010622
-7.82763e-05
-4.61401e-05
-1.11988e-05
2.49691e-05
6.06285e-05
9.3962e-05
0.000123244
0.000147027
0.000164233
0.000174182
0.000176625
0.000171769
0.000160232
0.000142958
0.000121134
9.61536e-05
6.95572e-05
4.29017e-05
1.76082e-05
-5.13167e-06
-2.43895e-05
-3.95271e-05
-5.01993e-05
-5.62696e-05
-5.76835e-05
-5.44308e-05
-4.66202e-05
-3.455e-05
-1.87118e-05
2.25674e-07
2.14257e-05
4.39534e-05
6.6925e-05
8.96396e-05
0.000111594
0.00013239
0.000151616
0.00016879
0.000183374
0.000194801
0.000202496
0.00020592
0.000204701
0.000198767
0.000188389
0.000174132
0.000156784
0.000137289
0.000116645
9.58148e-05
7.56744e-05
5.70052e-05
4.0505e-05
2.67886e-05
1.63736e-05
9.65901e-06
6.89372e-06
8.13245e-06
1.3207e-05
2.17421e-05
3.32014e-05
4.693e-05
6.21869e-05
7.81794e-05
9.40879e-05
0.00010906
0.000122189
0.000132523
0.000139127
0.000141198
0.000138203
0.000130019
0.000117013
0.000100005
8.01535e-05
5.87814e-05
3.72156e-05
1.66167e-05
-2.14386e-06
-1.84779e-05
-3.19529e-05
-4.21811e-05
-4.88271e-05
-5.16801e-05
-5.07164e-05
-4.6158e-05
-3.85296e-05
-2.86232e-05
-1.73262e-05
-5.41161e-06
6.57612e-06
1.8307e-05
2.95743e-05
4.01836e-05
4.98554e-05
5.81613e-05
6.45339e-05
6.83745e-05
6.9207e-05
6.67735e-05
6.10351e-05
5.21383e-05
4.03849e-05
2.61831e-05
9.98707e-06
-7.71925e-06
-2.63706e-05
-4.52607e-05
-6.35453e-05
-8.03157e-05
-9.47059e-05
-0.000106004
-0.000113753
-0.000117807
-0.000118305
-0.000115593
-0.000110152
-0.000102577
-9.35763e-05
-8.39393e-05
-7.44721e-05
-6.59478e-05
-5.90906e-05
-5.45508e-05
-5.28489e-05
-5.43233e-05
-5.91207e-05
-6.72203e-05
-7.84663e-05
-9.25989e-05
-0.000109273
-0.000128048
-0.000148347
-0.00016942
-0.000190284
-0.000209655
-0.000225954
-0.000237479
-0.000242718
-0.000240661
-0.000230937
-0.000213793
-0.000190034
-0.000160957
-0.000128202
-9.35281e-05
-5.86243e-05
-2.5042e-05
5.82849e-06
3.28019e-05
5.49301e-05
7.14716e-05
8.1857e-05
8.57361e-05
8.30631e-05
7.41185e-05
5.9466e-05
3.99226e-05
1.65421e-05
-9.4479e-06
-3.67464e-05
-6.40456e-05
-9.00608e-05
-0.000113572
-0.00013348
-0.000148837
-0.000158863
-0.000162988
-0.000160904
-0.000152603
-0.000138365
-0.000118716
-9.43622e-05
-6.6113e-05
-3.48117e-05
-1.31296e-06
-1.31296e-06
3.3483e-05
6.85849e-05
0.000102881
0.00013512
0.000163921
0.000187873
0.000205706
0.000216464
0.000219627
0.000215205
0.000203756
0.000186284
0.000164057
0.00013848
0.000111101
8.36143e-05
5.7776e-05
3.52373e-05
1.73614e-05
5.01848e-06
-1.61457e-06
-3.11252e-06
-6.03732e-07
4.60481e-06
1.13574e-05
1.88032e-05
2.64204e-05
3.39774e-05
4.14027e-05
4.8578e-05
5.5207e-05
6.0882e-05
6.52445e-05
6.80663e-05
6.92443e-05
6.88088e-05
6.69234e-05
6.37726e-05
5.93819e-05
5.35449e-05
4.59258e-05
3.62356e-05
2.43827e-05
1.0581e-05
-4.59062e-06
-2.02294e-05
-3.52684e-05
-4.87023e-05
-5.97771e-05
-6.80724e-05
-7.34856e-05
-7.6168e-05
-7.6436e-05
-7.46935e-05
-7.1439e-05
-6.73888e-05
-6.3585e-05
-6.1307e-05
-6.17792e-05
-6.5851e-05
-7.37777e-05
-8.50971e-05
-9.86411e-05
-0.000112808
-0.000126057
-0.00013734
-0.000146211
-0.000152675
-0.00015697
-0.000159328
-0.000159735
-0.000157809
-0.000152931
-0.000144563
-0.000132549
-0.000117271
-9.9656e-05
-8.1004e-05
-6.26824e-05
-4.58197e-05
-3.11486e-05
-1.90152e-05
-9.48838e-06
-2.52182e-06
1.89257e-06
3.68486e-06
2.83439e-06
-4.16015e-07
-5.39852e-06
-1.10058e-05
-1.58437e-05
-1.85054e-05
-1.78714e-05
-1.33239e-05
-4.79094e-06
7.40092e-06
2.27812e-05
4.09407e-05
6.15906e-05
8.44882e-05
0.000109257
0.000135112
0.000160595
0.000183524
0.000201302
0.000211513
0.00021253
0.000203829
0.000185885
0.000159835
0.00012716
8.94061e-05
4.79433e-05
3.88996e-06
-4.16847e-05
-8.7422e-05
-0.000131464
-0.000171515
-0.00020516
-0.000230311
-0.0002456
-0.000250564
-0.000245602
-0.000231771
-0.000210471
-0.00018315
-0.000151124
-0.000115592
-7.77864e-05
-3.91462e-05
-1.3944e-06
3.35235e-05
6.36485e-05
8.73096e-05
0.000103416
0.000111631
0.000112367
0.000106625
9.57379e-05
8.1085e-05
6.38867e-05
4.51308e-05
2.56465e-05
6.26755e-06
-1.20409e-05
-2.82074e-05
-4.12206e-05
-5.03054e-05
-5.50139e-05
-5.52439e-05
-5.12114e-05
-4.33567e-05
-3.21961e-05
-1.81957e-05
-1.72364e-06
1.69228e-05
3.74444e-05
5.9454e-05
8.2404e-05
0.000105553
0.000128005
0.000148842
0.000167297
0.000182841
0.000195158
0.000204073
0.000209488
0.000211321
0.000209487
0.000203948
0.000194828
0.000182518
0.000167708
0.000151336
0.000134459
0.000118099
0.000103112
9.00971e-05
7.93797e-05
7.10536e-05
6.50802e-05
6.13817e-05
5.98968e-05
6.05907e-05
6.34198e-05
6.82552e-05
7.4802e-05
8.2579e-05
9.09785e-05
9.93512e-05
0.000107071
0.000113583
0.000118447
0.000121341
0.000122041
0.000120397
0.000116332
0.000109849
0.000101041
9.01213e-05
7.74404e-05
6.3477e-05
4.87942e-05
3.40031e-05
1.9727e-05
6.55034e-06
-5.03121e-06
-1.46349e-05
-2.19934e-05
-2.69489e-05
-2.94425e-05
-2.95046e-05
-2.72603e-05
-2.29363e-05
-1.68553e-05
-9.41819e-06
-1.07814e-06
7.70165e-06
1.65041e-05
2.50107e-05
3.30274e-05
4.047e-05
4.73137e-05
5.3531e-05
5.90394e-05
6.36709e-05
6.71688e-05
6.92131e-05
6.9445e-05
6.74724e-05
6.28975e-05
5.54246e-05
4.49968e-05
3.18399e-05
1.63868e-05
-8.13454e-07
-1.9137e-05
-3.79274e-05
-5.65675e-05
-7.45236e-05
-9.13074e-05
-0.000106389
-0.000119129
-0.000128771
-0.000134518
-0.000135687
-0.000131874
-0.000123071
-0.000109663
-9.23648e-05
-7.20804e-05
-4.97253e-05
-2.60585e-05
-1.63663e-06
2.30934e-05
4.76496e-05
7.14086e-05
9.35623e-05
0.000113148
0.000129161
0.000140726
0.000147291
0.000148792
0.000145725
0.000139081
0.000130173
0.000120433
0.000111182
0.000103448
9.79005e-05
9.49075e-05
9.45717e-05
9.66611e-05
0.000100534
0.000105204
0.000109538
0.000112448
0.000113039
0.00011073
0.000105354
9.71325e-05
8.64791e-05
7.37519e-05
5.91535e-05
4.27815e-05
2.47089e-05
5.06784e-06
-1.58109e-05
-3.72642e-05
-5.83043e-05
-7.77781e-05
-9.45878e-05
-0.000107912
-0.000117378
-0.000123111
-0.000125645
-0.000125765
-0.000124329
-0.000122065
-0.0001194
-0.000116418
-0.000112949
-0.000108732
-0.000103603
-9.76697e-05
-9.13553e-05
-8.5274e-05
-8.00356e-05
-7.61165e-05
-7.38092e-05
-7.31944e-05
-7.4154e-05
-7.64651e-05
-7.99147e-05
-8.43482e-05
-8.96448e-05
-9.56644e-05
-0.000102178
-0.000108802
-0.000114999
-0.000120178
-0.000123849
-0.000123849
-0.000125714
-0.000125693
-0.00012388
-0.000120495
-0.000115847
-0.000110278
-0.000104124
-9.76998e-05
-9.13128e-05
-8.52955e-05
-8.00247e-05
-7.59077e-05
-7.33016e-05
-7.23737e-05
-7.30191e-05
-7.49511e-05
-7.78796e-05
-8.1547e-05
-8.55991e-05
-8.95344e-05
-9.28445e-05
-9.51504e-05
-9.61987e-05
-9.58373e-05
-9.40536e-05
-9.09832e-05
-8.68635e-05
-8.20126e-05
-7.68098e-05
-7.16048e-05
-6.66141e-05
-6.19288e-05
-5.76107e-05
-5.3764e-05
-5.05328e-05
-4.80693e-05
-4.65107e-05
-4.59565e-05
-4.64302e-05
-4.78438e-05
-4.99828e-05
-5.25101e-05
-5.50016e-05
-5.70304e-05
-5.82679e-05
-5.85266e-05
-5.7728e-05
-5.58485e-05
-5.28853e-05
-4.88323e-05
-4.36575e-05
-3.73066e-05
-2.97426e-05
-2.09975e-05
-1.12082e-05
-6.25504e-07
1.04134e-05
2.15422e-05
3.24185e-05
4.27416e-05
5.22336e-05
6.05958e-05
6.7446e-05
7.22753e-05
7.44816e-05
7.35058e-05
6.90072e-05
6.09737e-05
4.97205e-05
3.58236e-05
2.00521e-05
3.30599e-06
-1.34557e-05
-2.92622e-05
-4.31317e-05
-5.40769e-05
-6.1196e-05
-6.38378e-05
-6.17499e-05
-5.51311e-05
-4.45972e-05
-3.10979e-05
-1.57818e-05
2.10696e-07
1.59556e-05
3.08186e-05
4.43598e-05
5.61975e-05
6.59413e-05
7.31764e-05
7.74725e-05
7.84646e-05
7.60124e-05
7.03285e-05
6.1978e-05
5.17673e-05
4.0593e-05
2.92933e-05
1.85378e-05
8.78885e-06
3.34027e-07
-6.66035e-06
-1.21176e-05
-1.60461e-05
-1.85528e-05
-1.9858e-05
-2.02814e-05
-2.018e-05
-1.98709e-05
-1.96006e-05
-1.95576e-05
-1.98701e-05
-2.05635e-05
-2.15291e-05
-2.25483e-05
-2.33457e-05
-2.36362e-05
-2.31755e-05
-2.18315e-05
-1.96515e-05
-1.68829e-05
-1.39218e-05
-1.12142e-05
-9.16091e-06
-8.05154e-06
-8.01522e-06
-9.0034e-06
-1.08407e-05
-1.33118e-05
-1.61994e-05
-1.92652e-05
-2.22476e-05
-2.4903e-05
-2.70348e-05
-2.85008e-05
-2.92421e-05
-2.93476e-05
-2.90909e-05
-2.88874e-05
-2.91862e-05
-3.03549e-05
-3.25917e-05
-3.58696e-05
-3.99178e-05
-4.42677e-05
-4.83591e-05
-5.1659e-05
-5.37463e-05
-5.43705e-05
-5.34876e-05
-5.12334e-05
-4.78179e-05
-4.34128e-05
-3.81208e-05
-3.20149e-05
-2.51793e-05
-1.77369e-05
-9.88694e-06
-1.94035e-06
5.69235e-06
1.25646e-05
1.82746e-05
2.2541e-05
2.52657e-05
2.65771e-05
2.68526e-05
2.67154e-05
2.69769e-05
2.84969e-05
3.1997e-05
3.79169e-05
4.63426e-05
5.69689e-05
6.90955e-05
8.17368e-05
9.38557e-05
0.000104595
0.000113386
0.000119963
0.000124333
0.000126686
0.000127231
0.000126067
0.00012318
0.000118547
0.000112213
0.000104325
9.51479e-05
8.50414e-05
7.43529e-05
6.32926e-05
5.19157e-05
4.02216e-05
2.82654e-05
1.62095e-05
4.35063e-06
-6.84634e-06
-1.67532e-05
-2.46746e-05
-2.99986e-05
-3.23159e-05
-3.14754e-05
-2.75933e-05
-2.10225e-05
-1.22661e-05
-1.86441e-06
9.67014e-06
2.18288e-05
3.40402e-05
4.56255e-05
5.57904e-05
6.3651e-05
6.83206e-05
6.90628e-05
6.54473e-05
5.74369e-05
4.53768e-05
2.99031e-05
1.18188e-05
-7.9745e-06
-2.84614e-05
-4.84928e-05
-6.68428e-05
-8.23229e-05
-9.38871e-05
-0.000100718
-0.000102324
-9.86256e-05
-8.99802e-05
-7.71072e-05
-6.09591e-05
-4.25985e-05
-2.3088e-05
-3.38674e-06
1.56995e-05
3.34677e-05
4.9231e-05
6.23042e-05
7.20611e-05
7.79888e-05
7.97239e-05
7.71134e-05
7.02836e-05
5.96487e-05
4.58534e-05
2.97046e-05
1.21112e-05
-5.98249e-06
-2.3658e-05
-4.00557e-05
-5.43909e-05
-6.5984e-05
-7.43023e-05
-7.89793e-05
-7.98081e-05
-7.67432e-05
-6.99266e-05
-5.9706e-05
-4.66131e-05
-3.13173e-05
-1.45864e-05
2.753e-06
1.98737e-05
3.60084e-05
5.04899e-05
6.2776e-05
7.24817e-05
7.94111e-05
8.35604e-05
8.50774e-05
8.41977e-05
8.11974e-05
7.63881e-05
7.01309e-05
6.28365e-05
5.49533e-05
4.69595e-05
3.93517e-05
3.25986e-05
2.70593e-05
2.28907e-05
1.99898e-05
1.80217e-05
1.65356e-05
1.51029e-05
1.341e-05
1.13008e-05
8.78254e-06
5.97492e-06
3.0025e-06
-1.01071e-07
-3.39745e-06
-6.95792e-06
-1.07444e-05
-1.44982e-05
-1.7668e-05
-1.94349e-05
-1.88747e-05
-1.52212e-05
-8.11986e-06
2.25407e-06
1.52606e-05
2.99545e-05
4.5182e-05
5.95889e-05
7.16813e-05
8.00253e-05
8.34673e-05
8.12372e-05
7.29713e-05
5.87812e-05
3.9377e-05
1.61489e-05
-8.84692e-06
-3.29869e-05
-5.33033e-05
-6.6924e-05
-7.16723e-05
-6.65151e-05
-5.15761e-05
-2.78494e-05
2.96362e-06
2.96362e-06
3.83797e-05
7.51905e-05
0.00010991
0.00013938
0.000161208
0.000174037
0.000177737
0.000173347
0.000162604
0.000147216
0.00012834
0.000106409
8.11518e-05
5.1701e-05
1.69625e-05
-2.37085e-05
-6.99364e-05
-0.000120194
-0.000171909
-0.00022151
-0.000264579
-0.000296415
-0.000312823
-0.000310758
-0.000288813
-0.000247733
-0.000190643
-0.000122519
-4.91494e-05
2.37416e-05
9.10529e-05
0.000148902
0.000195077
0.000228728
0.000249468
0.000256842
0.000250553
0.000230879
0.000198908
0.000156777
0.000107863
5.64674e-05
6.93835e-06
-3.72617e-05
-7.41201e-05
-0.000103198
-0.000125364
-0.000142179
-0.000155065
-0.000164489
-0.000169552
-0.000168308
-0.000158654
-0.000139236
-0.000110002
-7.24658e-05
-2.96577e-05
1.44816e-05
5.61017e-05
9.22308e-05
0.000121036
0.000141779
0.000154618
0.000160156
0.000158861
0.000150809
0.000135908
0.000114224
8.61942e-05
5.27643e-05
1.54849e-05
-2.36221e-05
-6.24189e-05
-9.89629e-05
-0.000131612
-0.000159006
-0.000180022
-0.000193681
-0.00019909
-0.000195544
-0.000182778
-0.000161149
-0.000131639
-9.57671e-05
-5.54881e-05
-1.30482e-05
2.92269e-05
6.90798e-05
0.000104337
0.000132912
0.000152942
0.000163061
0.000162643
0.000151942
0.000132071
0.000104868
7.26431e-05
3.77903e-05
2.3962e-06
-3.19333e-05
-6.39561e-05
-9.26005e-05
-0.000116884
-0.000135903
-0.000148828
-0.000154989
-0.000154074
-0.000146281
-0.000132284
-0.000113094
-8.99008e-05
-6.39278e-05
-3.63152e-05
-8.08095e-06
1.98228e-05
4.64076e-05
7.05786e-05
9.1168e-05
0.000107072
0.000117411
0.000121639
0.000119607
0.000111576
9.8162e-05
8.02185e-05
5.87075e-05
3.46233e-05
8.96385e-06
-1.72642e-05
-4.30248e-05
-6.72424e-05
-8.88368e-05
-0.000106806
-0.000120318
-0.000128775
-0.000131845
-0.000129458
-0.00012178
-0.000109178
-9.21944e-05
-7.155e-05
-4.81324e-05
-2.29697e-05
2.81081e-06
2.80249e-05
5.14895e-05
7.21022e-05
8.89177e-05
0.000101185
0.000108356
0.000110107
0.000106371
9.73552e-05
8.35256e-05
6.55815e-05
4.44371e-05
2.11924e-05
-2.92566e-06
-2.66462e-05
-4.87432e-05
-6.81152e-05
-8.38545e-05
-9.53015e-05
-0.000102069
-0.000104027
-0.000101271
-9.40894e-05
-8.29334e-05
-6.83876e-05
-5.11384e-05
-3.19584e-05
-1.16961e-05
8.75019e-06
2.84761e-05
4.66195e-05
6.23966e-05
7.51256e-05
8.42542e-05
8.93964e-05
9.0364e-05
8.71723e-05
8.00324e-05
6.93445e-05
5.5679e-05
3.97317e-05
2.22776e-05
4.13659e-06
-1.38603e-05
-3.09141e-05
-4.62918e-05
-5.93451e-05
-6.95285e-05
-7.64272e-05
-7.97825e-05
-7.95022e-05
-7.56632e-05
-6.851e-05
-5.84417e-05
-4.59865e-05
-3.17673e-05
-1.64697e-05
-8.08073e-07
1.45083e-05
2.88061e-05
4.14752e-05
5.19912e-05
5.9926e-05
6.49581e-05
6.68944e-05
6.56976e-05
6.14868e-05
5.45154e-05
4.51535e-05
3.38804e-05
2.1264e-05
7.92414e-06
-5.50381e-06
-1.83998e-05
-3.01887e-05
-4.03619e-05
-4.8488e-05
-5.42219e-05
-5.73276e-05
-5.77034e-05
-5.53893e-05
-5.05491e-05
-4.3451e-05
-3.44602e-05
-2.40283e-05
-1.26666e-05
-9.1293e-07
1.06966e-05
2.16477e-05
3.14636e-05
3.97179e-05
4.60545e-05
5.02128e-05
5.20437e-05
5.1509e-05
4.86774e-05
4.37224e-05
3.69117e-05
2.8589e-05
1.9159e-05
9.07407e-06
-1.19e-06
-1.1163e-05
-2.03995e-05
-2.84896e-05
-3.50752e-05
-3.98754e-05
-4.27043e-05
-4.34743e-05
-4.21914e-05
-3.89519e-05
-3.39389e-05
-2.74139e-05
-1.97014e-05
-1.1171e-05
-2.22162e-06
6.73526e-06
1.52918e-05
2.30606e-05
2.96965e-05
3.49202e-05
3.85268e-05
4.03833e-05
4.0434e-05
3.87104e-05
3.5326e-05
3.04655e-05
2.43783e-05
1.73691e-05
9.77486e-06
1.94982e-06
-5.74146e-06
-1.29448e-05
-1.93442e-05
-2.46695e-05
-2.86923e-05
-3.12416e-05
-3.22284e-05
-3.16482e-05
-2.95629e-05
-2.60894e-05
-2.14024e-05
-1.5732e-05
-9.35329e-06
-2.57381e-06
4.28078e-06
1.08892e-05
1.69575e-05
2.22285e-05
2.64824e-05
2.9543e-05
3.129e-05
3.16658e-05
3.06757e-05
2.83888e-05
2.49341e-05
2.04905e-05
1.5278e-05
9.55136e-06
3.58804e-06
-2.33037e-06
-7.9323e-06
-1.29684e-05
-1.72252e-05
-2.05335e-05
-2.27654e-05
-2.3834e-05
-2.37026e-05
-2.2395e-05
-1.99935e-05
-1.66282e-05
-1.24702e-05
-7.72633e-06
-2.6283e-06
2.58204e-06
7.66482e-06
1.23922e-05
1.65588e-05
1.65588e-05
1.99892e-05
2.25421e-05
2.41152e-05
2.46507e-05
2.41406e-05
2.26263e-05
2.26263e-05
