4.93228e-09
2.01974e-08
-7.06073e-08
-6.26728e-07
-1.84759e-06
-3.2842e-06
-4.40308e-06
-5.29757e-06
-6.22572e-06
-7.11865e-06
-7.90023e-06
-8.62758e-06
-9.18976e-06
-9.35789e-06
-9.12142e-06
-8.6332e-06
-7.9853e-06
-7.20222e-06
-6.30149e-06
-5.38056e-06
-4.62153e-06
-4.13689e-06
-3.91157e-06
-3.90828e-06
-4.14895e-06
-4.70599e-06
-5.65969e-06
-7.06047e-06
-8.91286e-06
-1.11819e-05
-1.38021e-05
-1.66895e-05
-1.97597e-05
-2.29239e-05
-2.60724e-05
-2.90925e-05
-3.19095e-05
-3.44792e-05
-3.67363e-05
-3.85773e-05
-3.9892e-05
-4.05925e-05
-4.06204e-05
-3.99449e-05
-3.85602e-05
-3.64748e-05
-3.37011e-05
-3.02635e-05
-2.62004e-05
-2.15438e-05
-1.632e-05
-1.05688e-05
-4.34018e-06
2.31365e-06
9.32041e-06
1.6591e-05
2.40569e-05
3.16753e-05
3.94012e-05
4.71882e-05
5.50015e-05
6.28191e-05
7.06351e-05
7.84498e-05
8.62527e-05
9.4034e-05
0.0001018
0.000109554
0.000117266
0.000124856
0.000132198
0.000139111
0.00014537
0.000150734
0.000154976
0.000157895
0.000159296
0.00015901
0.000156897
0.000152829
0.00014668
0.000138342
0.000127739
0.00011483
9.96293e-05
8.22164e-05
6.27429e-05
4.14134e-05
1.8453e-05
-5.9232e-06
-3.15117e-05
-5.8115e-05
-8.55456e-05
-0.000113625
-0.000142168
-0.00017097
-0.00019981
-0.000228443
-0.000256593
-0.000283957
-0.000310213
-0.000335028
-0.000358054
-0.000378939
-0.000397376
-0.000413136
-0.000426057
-0.000436027
-0.00044297
-0.000446784
-0.000447286
-0.000444245
-0.000437431
-0.000426661
-0.000411853
-0.000393104
-0.000370657
-0.000344843
-0.000316044
-0.000284676
-0.000251165
-0.0002159
-0.000179177
-0.000141157
-0.000101853
-6.10855e-05
-1.84472e-05
2.65998e-05
7.45504e-05
0.000125792
0.000180615
0.000239152
0.00030131
0.000366767
0.000434957
0.000505002
0.000575638
0.000645215
0.000711738
0.000772974
0.000826599
0.000870311
0.000901913
0.000919465
0.000921465
0.000906862
0.00087485
0.000824573
0.000754977
0.000664798
0.000552759
0.00041827
0.000262423
8.84026e-05
-9.88711e-05
-0.000293092
-0.000486783
-0.000672094
-0.000841898
-0.000990029
-0.00111094
-0.00119999
-0.00125408
-0.00127186
-0.00125351
-0.00120085
-0.00111743
-0.00100804
-0.000878044
-0.000732847
-0.000577672
-0.000417275
-0.00025564
-9.59115e-05
5.9418e-05
0.000208361
0.000349487
0.000482106
0.000606372
0.000722997
0.000832499
0.000934455
0.00102741
0.00110927
0.00117768
0.00123046
0.0012664
0.00128628
0.00129327
0.00129233
0.00128934
0.00129064
0.00130242
0.00132989
0.00137691
0.00144659
0.00154155
0.00166355
0.00181306
0.00198896
0.00218723
0.00239879
0.00260754
0.00278932
0.00291216
0.002941
0.00284645
0.00261096
0.00222932
0.00170883
0.00107012
0.000343526
-0.000438043
-0.00124096
-0.0020285
-0.00276254
-0.00340882
-0.00393962
-0.00433418
-0.00458045
-0.00467737
-0.00463411
-0.00446651
-0.00419405
-0.0038381
-0.00342055
-0.00296218
-0.00248188
-0.00199769
-0.00152833
-0.00109336
-0.000711453
-0.000398088
-0.000163924
-1.38277e-05
5.37731e-05
4.63792e-05
-2.42909e-05
-0.00014392
-0.000296345
-0.000464006
-0.000628591
-0.000771562
-0.00087434
-0.000918756
-0.000888438
-0.000770669
-0.000557724
-0.000247358
0.000157365
0.000648895
0.00121647
0.00184725
0.00252679
0.00323893
0.00396539
0.00468541
0.00537576
0.00601135
0.00656709
0.0070204
0.00735307
0.00755144
0.00760576
0.00750929
0.00725785
0.00684987
0.00628397
0.0055525
0.00463471
0.00349793
0.00211645
0.000498714
-0.00130447
-0.00321379
-0.00513268
-0.00695318
-0.00857233
-0.00990987
-0.0109046
-0.0115026
-0.0116626
-0.0113681
-0.0106261
-0.00946202
-0.00792247
-0.00607947
-0.00402314
-0.00184871
0.000351878
0.00249317
0.00449833
0.00630073
0.00784273
0.00907321
0.00994905
0.0104399
0.0105293
0.0102088
0.00946904
0.00829935
0.00670711
0.00474546
0.00251704
0.000151083
-0.00221452
-0.00444119
-0.0064073
-0.00802601
-0.00923814
-0.0099951
-0.0102615
-0.0100269
-0.00930561
-0.00813473
-0.00658134
-0.00474807
-0.00276323
-0.000759461
0.00114688
0.00286462
0.00432048
0.00432048
0.00544765
0.00618328
0.00647111
0.00626486
0.00553851
0.00430411
0.00262273
0.000600264
-0.00162283
-0.00388266
-0.00600902
-0.00784719
-0.00927393
-0.0102021
-0.0105795
-0.0103891
-0.00964833
-0.00840644
-0.0067409
-0.00475384
-0.00256769
-0.000317234
0.00186224
0.00384724
0.00553554
0.00685177
0.00774928
0.0082086
0.00823334
0.00784522
0.00708084
0.00599171
0.00464451
0.00311787
0.00149715
-0.000129002
-0.00167194
-0.00305003
-0.00419611
-0.00506068
-0.00561208
-0.00583614
-0.00573473
-0.0053225
-0.00462446
-0.00367677
-0.00252968
-0.00124958
8.22511e-05
0.00137453
0.00253501
0.00348434
0.00416832
0.00455954
0.00465169
0.00445624
0.00400087
0.003324
0.00246963
0.0014881
0.000437562
-0.000620448
-0.00162677
-0.00252696
-0.00327336
-0.00382939
-0.00417304
-0.00429728
-0.00421157
-0.00394469
-0.00354177
-0.00305357
-0.00252601
-0.00199518
-0.001485
-0.0010085
-0.000574299
-0.000190441
0.000139638
0.000421421
0.000667768
0.000895441
0.00112293
0.001367
0.00163527
0.00191392
0.00215522
0.00228143
0.00221433
0.00190706
0.00135426
0.000589652
-0.000318713
-0.00128665
-0.0022401
-0.00312047
-0.00386991
-0.00442765
-0.00474192
-0.00477956
-0.00453136
-0.00401834
-0.00329337
-0.00243047
-0.00150533
-0.000578068
0.00031129
0.00113583
0.0018768
0.00252352
0.00306874
0.00350052
0.00380222
0.00396096
0.00397345
0.00384614
0.0035963
0.00325282
0.00285023
0.00241853
0.00197913
0.00154862
0.0011429
0.000777417
0.000465489
0.000216065
3.25731e-05
-8.65051e-05
-0.00014619
-0.000153185
-0.000113351
-2.92509e-05
0.000100488
0.000279964
0.000514074
0.000805527
0.00115061
0.0015358
0.00193742
0.00232393
0.00265897
0.002906
0.00303411
0.00302158
0.00285661
0.00253905
0.00208296
0.00151538
0.000871392
0.000191162
-0.000480165
-0.00109467
-0.00160643
-0.00197522
-0.00216868
-0.00216451
-0.00195246
-0.00153406
-0.00092036
-0.000130184
0.000809182
0.00185931
0.00296798
0.00406754
0.00507657
0.00591086
0.00650134
0.00680442
0.00680032
0.00649123
0.00590103
0.00506705
0.00402829
0.00282439
0.0015018
0.000113329
-0.00128572
-0.00263674
-0.00387816
-0.0049533
-0.00581846
-0.00644321
-0.00680663
-0.00689642
-0.00670954
-0.00625119
-0.00553423
-0.0045816
-0.00342909
-0.00212478
-0.000725361
0.000708072
0.00211478
0.00344004
0.00463982
0.00568192
0.00654409
0.00721136
0.00767443
0.00792871
0.00797434
0.00781796
0.00747533
0.00697136
0.00633702
0.00560467
0.00480182
0.00394301
0.00302614
0.00203967
0.000977429
-0.000147437
-0.00129442
-0.0023993
-0.00339211
-0.00421587
-0.00483297
-0.00522544
-0.00539723
-0.00537185
-0.00518158
-0.00486093
-0.00445062
-0.00399986
-0.0035599
-0.00317627
-0.00288639
-0.00271721
-0.00267772
-0.00275302
-0.00290855
-0.0031013
-0.00328899
-0.00343406
-0.0035072
-0.00349144
-0.00338052
-0.00317207
-0.00286336
-0.002452
-0.00193691
-0.00131769
-0.000596207
0.000219971
0.00111515
0.00206432
0.00303093
0.00396413
0.00480135
0.00548376
0.00597618
0.00627016
0.00637122
0.00629192
0.00605249
0.00567486
0.00517562
0.00457261
0.00389509
0.00317961
0.00246021
0.00176726
0.00112973
0.000572609
0.00011334
-0.000237102
-0.000475681
-0.000615834
-0.000691631
-0.000749017
-0.000832555
-0.000976875
-0.00120153
-0.00151193
-0.0019118
-0.00241438
-0.00303593
-0.0037807
-0.00463475
-0.0055698
-0.00654871
-0.00753077
-0.00847799
-0.00935868
-0.0101422
-0.0107877
-0.0112401
-0.011438
-0.011323
-0.0108409
-0.00994903
-0.0086307
-0.00690567
-0.00482737
-0.00247613
4.45344e-05
0.00261437
0.00510841
0.00740643
0.00939545
0.0109711
0.0120422
0.0125367
0.0124073
0.0116406
0.0102628
0.00833886
0.00596688
0.00327029
0.000387969
-0.00253631
-0.00535976
-0.00794297
-0.0101545
-0.0118776
-0.0130155
-0.0134968
-0.0132818
-0.0123692
-0.0108041
-0.0086811
-0.00613373
-0.00613373
-0.00330938
-0.000349553
0.00261491
0.00546543
0.00809883
0.0104238
0.0123552
0.0138197
0.0147684
0.0151801
0.0150568
0.0144233
0.0133274
0.0118348
0.010021
0.00796509
0.00574886
0.00345406
0.00116016
-0.00105678
-0.00312545
-0.00498353
-0.00658292
-0.00789071
-0.00888609
-0.00955864
-0.00990802
-0.00994126
-0.00966942
-0.00910893
-0.00828546
-0.00723428
-0.00599816
-0.00462788
-0.00318229
-0.00172381
-0.000312128
0.000999673
0.00216708
0.00315628
0.00394455
0.00451679
0.00486073
0.0049653
0.00482237
0.00442907
0.00379024
0.00292388
0.00186672
0.000672852
-0.00059297
-0.00185943
-0.00305123
-0.00409624
-0.00493408
-0.00551829
-0.00581563
-0.00581044
-0.00551008
-0.00494356
-0.00415534
-0.00320151
-0.00214729
-0.0010605
-3.45455e-06
0.000969758
0.00181175
0.00248254
0.00295303
0.00320599
0.00323458
0.00304322
0.00264983
0.00208565
0.00139276
0.000622423
-0.000165861
-0.00090756
-0.00153842
-0.00199909
-0.00223833
-0.00221689
-0.00191298
-0.00132621
-0.000477444
0.000593759
0.00183169
0.00316738
0.00452391
0.00582378
0.00699553
0.00797678
0.00871589
0.00917447
0.00932829
0.00916391
0.00867487
0.00786289
0.00674097
0.00533323
0.00367474
0.00181532
-0.000178653
-0.00222932
-0.00425424
-0.00616875
-0.00788752
-0.00933006
-0.0104265
-0.0111206
-0.0113721
-0.0111635
-0.0105054
-0.0094355
-0.00801274
-0.00631137
-0.00441736
-0.00242228
-0.000415855
0.00151787
0.00330023
0.00485883
0.00613109
0.00706656
0.00762699
0.00778772
0.00754127
0.0069
0.0058954
0.00457623
0.00300722
0.00126686
-0.000557149
-0.00237272
-0.00408651
-0.00560685
-0.00684877
-0.00774002
-0.00822622
-0.00827448
-0.00787585
-0.00704629
-0.00582492
-0.00426919
-0.0024491
-0.000443161
0.00166396
0.00378423
0.00582878
0.007709
0.00933824
0.0106372
0.01154
0.0119981
0.0119811
0.0114801
0.0105086
0.00910165
0.00731229
0.00520786
0.00286654
0.000374246
-0.00217643
-0.0046865
-0.00705367
-0.00917814
-0.0109687
-0.0123482
-0.0132586
-0.0136622
-0.0135416
-0.0128992
-0.0117566
-0.0101534
-0.00814662
-0.00580885
-0.00322713
-0.000499651
0.002269
0.00497327
0.00751203
0.00979369
0.0117404
0.0132908
0.0144017
0.0150478
0.0152205
0.0149253
0.0141784
0.0130061
0.011443
0.00953529
0.00734595
0.00495546
0.00245628
-5.2173e-05
-0.00246661
-0.00468667
-0.00662392
-0.00820542
-0.00937334
-0.0100891
-0.01034
-0.0101403
-0.00952719
-0.00855804
-0.0073089
-0.00586834
-0.0043269
-0.00276908
-0.00127059
0.000102811
0.00129747
0.0022727
0.00299889
0.00345591
0.00363437
0.00353795
0.00318383
0.00260107
0.00182882
0.000913948
-9.28761e-05
-0.00114141
-0.00218398
-0.00317565
-0.00407373
-0.00483685
-0.00542433
-0.00579847
-0.00592886
-0.00579562
-0.00539146
-0.00472341
-0.00381245
-0.00269001
-0.0013944
3.0226e-05
0.00153451
0.00306549
0.00456786
0.00598533
0.00726329
0.00835268
0.00921297
0.00981373
0.0101349
0.0101664
0.00990669
0.00936229
0.00854671
0.007482
0.00620112
0.0047488
0.00317999
0.00155771
-5.00289e-05
-0.00157596
-0.00296088
-0.00415801
-0.00513407
-0.00587056
-0.00636442
-0.00662457
-0.00666658
-0.00651132
-0.00618669
-0.00572648
-0.00516631
-0.0045415
-0.00388665
-0.00323369
-0.00260914
-0.00203366
-0.00152332
-0.00108989
-0.000740444
-0.000477618
-0.000300428
-0.000204018
-0.000178574
-0.000209308
-0.000278331
-0.000367233
-0.000459106
-0.000540122
-0.00060066
-0.000634669
-0.000637312
-0.000603339
-0.000527048
-0.000402364
-0.000223606
1.068e-05
0.000292907
0.000606188
0.000928571
0.0012365
0.00150635
0.00171604
0.00184603
0.00187839
0.00179702
0.0015908
0.00125707
0.00080233
0.000240789
-0.00040699
-0.00111488
-0.0018526
-0.00258807
-0.0032899
-0.00392898
-0.00447921
-0.00491788
-0.00522578
-0.00538722
-0.00539002
-0.00522559
-0.00488919
-0.00438075
-0.00370704
-0.00370704
-0.00288554
-0.00194762
-0.000937316
9.45743e-05
0.00109612
0.00201801
0.0028179
0.00346503
0.00394108
0.00423712
0.00435211
0.00429392
0.0040789
0.00372948
0.00327295
0.00274163
0.00217074
0.00159378
0.00103955
0.000532266
9.22237e-05
-0.00026453
-0.000526189
-0.000684406
-0.000734419
-0.000676573
-0.000517512
-0.000270026
4.78793e-05
0.000414407
0.000806244
0.00120105
0.00157897
0.00192332
0.00222106
0.00246275
0.00264194
0.00275437
0.00279736
0.00276978
0.0026724
0.00250814
0.00228224
0.00200252
0.00167976
0.00132666
0.00095633
0.000581594
0.000214978
-0.000131505
-0.000446677
-0.000720298
-0.000943459
-0.00110963
-0.00121568
-0.00126191
-0.0012511
-0.00118757
-0.00107672
-0.000924484
-0.000736821
-0.000520773
-0.000288182
-5.99699e-05
0.000132372
0.000249711
0.000252729
0.00011275
-0.000179989
-0.000617247
-0.00117885
-0.00183506
-0.00254699
-0.0032713
-0.0039659
-0.00458984
-0.0051018
-0.00546408
-0.00564776
-0.00563363
-0.00541242
-0.0049872
-0.00437414
-0.00359858
-0.00268975
-0.00167853
-0.000597547
0.000518794
0.00163464
0.00271205
0.0037098
0.00458468
0.00529585
0.00580968
0.00610283
0.00616484
0.00600017
0.00562753
0.00507583
0.00437956
0.00357615
0.0027041
0.00180082
0.000902302
4.54533e-05
-0.000730824
-0.00138853
-0.00189447
-0.0022225
-0.00235561
-0.00228813
-0.00202487
-0.00157744
-0.000962297
-0.00020157
0.000674446
0.00162227
0.00257805
0.00345405
0.00414526
0.00454823
0.00458813
0.00423818
0.00351571
0.00246597
0.00115341
-0.000344358
-0.00195048
-0.00359848
-0.00522523
-0.0067622
-0.00813951
-0.00929198
-0.0101596
-0.0106926
-0.010864
-0.0106753
-0.0101477
-0.00930967
-0.00819108
-0.00682199
-0.00523426
-0.00346527
-0.00156225
0.000416331
0.00240389
0.00433186
0.00613682
0.00776549
0.00917404
0.0103214
0.0111644
0.0116618
0.0117829
0.0115125
0.0108558
0.00984261
0.00852558
0.00697125
0.00525376
0.00345351
0.00165297
-7.16076e-05
-0.00165527
-0.00304449
-0.00419765
-0.00508715
-0.0056996
-0.00603355
-0.00609752
-0.00590929
-0.0054941
-0.00488191
-0.0041058
-0.00320236
-0.00221307
-0.00118428
-0.000163811
0.000803802
0.0016798
0.0024329
0.00304214
0.00349796
0.00379887
0.00394526
0.00393115
0.00373718
0.0033356
0.00270991
0.00186986
0.000849406
-0.0002996
-0.00151077
-0.00271244
-0.00384036
-0.00483915
-0.00565554
-0.00623906
-0.0065486
-0.00655503
-0.00624286
-0.00561752
-0.00471444
-0.00360161
-0.00237249
-0.00112929
3.79828e-05
0.00106371
0.0019063
0.00254419
0.0029715
0.00318936
0.00319892
0.00300564
0.00262805
0.00209876
0.00146107
0.000768307
8.101e-05
-0.000542506
-0.00105569
-0.00142592
-0.00163159
-0.00165947
-0.00150292
-0.00116094
-0.000639345
4.49402e-05
0.00085929
0.00175545
0.00267456
0.00355334
0.00433016
0.00495274
0.00538489
0.00560673
0.00560916
0.00538947
0.00495111
0.00430539
0.00347457
0.00249539
0.00141954
0.000309157
-0.000768969
-0.00174828
-0.00256808
-0.00318117
-0.00356046
-0.0037001
-0.00361155
-0.00331838
-0.00285123
-0.00224266
-0.00152543
-0.000736243
8.13801e-05
0.000880122
0.00161342
0.00223783
0.00271585
0.0030202
0.00313579
0.00305861
0.00279434
0.00235728
0.00176827
0.00105331
0.000244863
-0.000616395
-0.001482
-0.00229919
-0.0030161
-0.00358678
-0.00397459
-0.00415412
-0.0041119
-0.00384624
-0.00336739
-0.00269837
-0.00187527
-0.000946934
2.60627e-05
0.000975615
0.00183378
0.00253905
0.00304059
0.00330466
0.00332077
0.00309923
0.00266113
0.00203157
0.001239
0.000314628
-0.000707913
-0.0017875
-0.00287033
-0.00389393
-0.00479637
-0.0055207
-0.00601573
-0.00624056
-0.00616987
-0.00579356
-0.00511348
-0.00414444
-0.00291716
-0.00147802
0.000113045
0.00178338
0.00344962
0.0050246
0.00642639
0.00758573
0.00845031
0.00898548
0.0091729
0.00900923
0.00850555
0.00768665
0.00659085
0.00527017
0.00527017
0.00378841
0.00221653
0.00062713
-0.000910142
-0.00233214
-0.00358521
-0.00462731
-0.00542821
-0.00596745
-0.00623206
-0.00621585
-0.00592065
-0.00535771
-0.00454843
-0.00352483
-0.00232952
-0.00101419
0.000363669
0.00174377
0.00306406
0.00426221
0.00527972
0.00606678
0.00658455
0.00680545
0.00671433
0.00630963
0.00560343
0.00462254
0.00341042
0.00202634
0.00054117
-0.000967701
-0.00242196
-0.00374829
-0.00488166
-0.00576617
-0.00635712
-0.00662452
-0.00655572
-0.00615733
-0.00545649
-0.00450045
-0.00335355
-0.00209221
-0.000798059
0.000449741
0.00157959
0.00253064
0.00325698
0.00373104
0.00394238
0.00389369
0.00359952
0.0030873
0.00239593
0.00157219
0.00066838
-0.000259924
-0.00115798
-0.0019771
-0.00267871
-0.00323709
-0.00363975
-0.0038847
-0.00397697
-0.00392673
-0.00374819
-0.00345855
-0.00307783
-0.00262883
-0.00213579
-0.00162178
-0.00110675
-0.000607115
-0.000136449
0.000293704
0.000673756
0.000995979
0.00125356
0.00144034
0.00155208
0.00158753
0.00154798
0.00143634
0.00125658
0.00101318
0.000711204
0.00035742
-3.97318e-05
-0.000471756
-0.000930711
-0.00140764
-0.00189009
-0.00236064
-0.0027975
-0.00317707
-0.00347672
-0.0036772
-0.00376519
-0.0037348
-0.00358683
-0.0033273
-0.00296749
-0.00252393
-0.00201674
-0.0014679
-0.000901
-0.000340831
0.000188724
0.000667087
0.0010779
0.00140906
0.00165304
0.00180718
0.00187299
0.00185474
0.00175902
0.00159497
0.00137432
0.0011111
0.000821543
0.000523776
0.000236789
-2.13328e-05
-0.000235023
-0.000392106
-0.000484121
-0.000506384
-0.000457542
-0.000338716
-0.000153069
9.41214e-05
0.000395874
0.000744636
0.00113303
0.0015537
0.00199913
0.00246212
0.00293583
0.00341224
0.00387865
0.00431409
0.00468819
0.00496348
0.00509937
0.00505786
0.00481136
0.00434857
0.00367325
0.00280103
0.00176156
0.000601314
-0.000620924
-0.00184302
-0.00300446
-0.00404834
-0.0049266
-0.00560552
-0.00606545
-0.0062968
-0.00629878
-0.00608017
-0.00565673
-0.00504684
-0.0042718
-0.00335957
-0.00234498
-0.00126591
-0.000161621
0.000925614
0.0019506
0.0028682
0.00363627
0.00421756
0.00458244
0.00471222
0.00460111
0.00425564
0.00369296
0.00294002
0.0020326
0.00101273
-7.44929e-05
-0.00118289
-0.00226613
-0.00327893
-0.00417823
-0.0049231
-0.00547468
-0.00579866
-0.00586935
-0.00567286
-0.00520954
-0.00449658
-0.00356783
-0.0024688
-0.00125088
3.1061e-05
0.00131865
0.0025507
0.00366511
0.00460283
0.00531389
0.00576331
0.00593454
0.00583006
0.00546858
0.00487971
0.00409963
0.00316881
0.00212976
0.00102464
-0.000104347
-0.00121302
-0.002256
-0.00319011
-0.00397618
-0.00457893
-0.00496872
-0.00512548
-0.00504108
-0.00471898
-0.00417417
-0.00343315
-0.00253141
-0.00150924
-0.00041044
0.0007163
0.00181779
0.00283975
0.00373102
0.00444786
0.00495773
0.00524096
0.0052901
0.00510794
0.00470615
0.00410497
0.00333355
0.00242962
0.00143828
0.000410542
-0.00059951
-0.00153894
-0.00236007
-0.00302377
-0.00350269
-0.00378346
-0.00386577
-0.00375902
-0.0034797
-0.00304982
-0.0024947
-0.00184014
-0.00111192
-0.000337456
0.000454102
0.00123442
0.00197777
0.00266086
0.0032625
0.00376397
0.00414953
0.00440619
0.0045238
0.00449623
0.00432319
0.00401135
0.00357384
0.00302919
0.00240031
0.00171228
0.000990279
0.000259753
-0.000452444
-0.0011185
-0.001711
-0.00220377
-0.00257333
-0.00280156
-0.00287698
-0.00279456
-0.00255618
-0.00217184
-0.0016596
-0.00104376
-0.000352715
0.000382751
0.00113115
0.00186183
0.00254573
0.00315578
0.00366787
0.00406194
0.00432085
0.00442756
0.00436489
0.00412005
0.00368936
0.00307937
0.00230678
0.0013987
0.000390939
-0.000676085
-0.00175978
-0.00281529
-0.00379655
-0.00465914
-0.00536294
-0.00587409
-0.00616703
-0.00622664
-0.00604973
-0.00564438
-0.00502717
-0.00422001
-0.00324914
-0.00214683
-0.000955062
0.000271089
0.00146455
0.00146455
0.00255491
0.00347956
0.0041905
0.00465788
0.00487252
0.00484398
0.00459376
0.00415092
0.00355192
0.0028373
0.00204357
0.00119889
0.000325908
-0.000554785
-0.00142488
-0.00226628
-0.00305419
-0.00375333
-0.00432355
-0.00472792
-0.00493506
-0.00492013
-0.00467013
-0.00418897
-0.00349686
-0.00262718
-0.00162602
-0.000551454
0.000532076
0.00156249
0.00248575
0.00325723
0.00384297
0.00422234
0.00438811
0.00434289
0.00409638
0.00366612
0.0030781
0.00236468
0.00156249
0.000711608
-0.000145537
-0.000966485
-0.00171065
-0.00234047
-0.002823
-0.00313249
-0.00325242
-0.00317525
-0.00290026
-0.00243185
-0.00178031
-0.000965858
-2.39887e-05
0.000993035
0.00202014
0.00298462
0.00381117
0.00443026
0.0047873
0.004846
0.00458811
0.00401691
0.00316059
0.00206758
0.000797239
-0.000583589
-0.00199995
-0.00337307
-0.00462827
-0.00569955
-0.00653171
-0.00708359
-0.00733122
-0.00726725
-0.00689777
-0.0062404
-0.00532327
-0.00418386
-0.00286757
-0.00142876
6.53343e-05
0.00153354
0.00288813
0.00404684
0.00494171
0.00552356
0.00576486
0.00565907
0.00521575
0.00445781
0.00342329
0.00216655
0.000755668
-0.000731721
-0.00221189
-0.00359841
-0.0048069
-0.0057617
-0.00640239
-0.00668806
-0.00659849
-0.00613222
-0.00530351
-0.00414091
-0.00268842
-0.00100702
0.000825967
0.00272
0.00457644
0.00629425
0.00777573
0.00893374
0.00970009
0.0100298
0.00990092
0.00931461
0.00829639
0.00689557
0.00518178
0.00324204
0.00117791
-0.000900385
-0.00288218
-0.00466397
-0.00615544
-0.00728486
-0.00800421
-0.00829308
-0.00815867
-0.00763036
-0.00675241
-0.00558047
-0.00418084
-0.0026269
-0.000993874
0.000643754
0.00221306
0.00364595
0.00488349
0.00587703
0.00658734
0.00698584
0.00705759
0.0068021
0.00623146
0.00536928
0.00425112
0.00292397
0.00144365
-0.000127788
-0.00172396
-0.00327593
-0.00471428
-0.00597159
-0.00698629
-0.00770742
-0.00809826
-0.00813821
-0.00782368
-0.00716786
-0.00619927
-0.00496008
-0.00350508
-0.00190036
-0.000220347
0.00145684
0.00305452
0.00450203
0.00573865
0.00671668
0.00740161
0.00776898
0.00780134
0.00748893
0.0068325
0.00584602
0.00456059
0.00302918
0.00132618
-0.000460496
-0.00223805
-0.00391349
-0.00539814
-0.00661424
-0.00749972
-0.00800863
-0.00811247
-0.00780541
-0.00710841
-0.00606719
-0.00474631
-0.00322457
-0.00159063
6.45705e-05
0.00165703
0.00311537
0.00438209
0.00541336
0.00617938
0.00666387
0.00686267
0.00678283
0.00644319
0.00587453
0.00511671
0.00421293
0.00320478
0.00213114
0.00102918
-6.59368e-05
-0.00112226
-0.00210999
-0.00299915
-0.00375971
-0.00436423
-0.00479045
-0.00502257
-0.00505243
-0.0048803
-0.00451504
-0.00397305
-0.00327669
-0.002453
-0.00153347
-0.000553872
0.000445625
0.00142012
0.00232119
0.00310047
0.00371385
0.00412472
0.00430729
0.00424948
0.0039534
0.00343431
0.0027205
0.001853
0.00088198
-0.000138349
-0.00115217
-0.00210298
-0.00293766
-0.00361271
-0.00409832
-0.00437838
-0.00444891
-0.00431588
-0.00399189
-0.00349268
-0.0028365
-0.00204623
-0.00115061
-0.000182309
0.000823573
0.00182879
0.00279164
0.00366944
0.00442212
0.00501442
0.00541738
0.00561067
0.00558537
0.00534541
0.00490686
0.00429686
0.0035528
0.00271964
0.00184421
0.000969398
0.000131261
-0.000642063
-0.00133199
-0.00192968
-0.00243203
-0.0028371
-0.00314424
-0.00335631
-0.00347745
-0.00350877
-0.00344804
-0.00329309
-0.00304348
-0.00270011
-0.00226694
-0.00175384
-0.00117671
-0.000555625
8.56513e-05
0.000718767
0.00131095
0.00182751
0.00223558
0.00250777
0.00262411
0.00257333
0.00235523
0.00198244
0.00147893
0.000875994
0.000209561
-0.000480764
-0.00115381
-0.00176995
-0.00229341
-0.00269414
-0.00295054
-0.00305191
-0.00299927
-0.00280392
-0.00248477
-0.0020653
-0.00157213
-0.00103439
-0.000482511
5.3426e-05
0.000545183
0.00096867
0.00130659
0.00154963
0.0016962
0.0016962
0.0017516
0.00172632
0.00163368
0.00148889
0.00130915
0.00111239
0.000915469
0.000733515
0.000579913
0.000465119
0.00039485
0.000369023
0.0003814
0.000420148
0.000469378
0.00051011
0.00052048
0.000477446
0.00036132
0.000161845
-0.00011796
-0.000463028
-0.000850146
-0.00125069
-0.00163296
-0.00196635
-0.00222453
-0.00238489
-0.0024279
-0.00234025
-0.00211813
-0.00176774
-0.00130536
-0.000757343
-0.000157502
0.000458854
0.0010606
0.0016232
0.00212765
0.00255768
0.00289834
0.003136
0.00325887
0.00325851
0.00313274
0.00288741
0.00253541
0.00209497
0.0015882
0.00103893
0.000469753
-9.93947e-05
-0.000650651
-0.00116742
-0.00163445
-0.00203809
-0.0023664
-0.00260972
-0.00276158
-0.00281816
-0.00277708
-0.00263744
-0.00240144
-0.00207462
-0.0016647
-0.00118212
-0.000642934
-7.08594e-05
0.000503463
0.00104543
0.00152008
0.00189606
0.00214957
0.00226654
0.002242
0.00207838
0.00178533
0.00138031
0.000887566
0.000335257
-0.00024709
-0.000829606
-0.00138286
-0.00187975
-0.00229735
-0.00261725
-0.00282528
-0.002912
-0.00287353
-0.00271181
-0.00243519
-0.00205904
-0.00160488
-0.00109755
-0.000562334
-2.288e-05
0.000500525
0.000991845
0.00143872
0.00183213
0.00216731
0.00244425
0.00266656
0.00283939
0.00296751
0.00305419
0.00310037
0.00310412
0.00306081
0.0029651
0.00281332
0.00260363
0.00233499
0.00200792
0.00162596
0.00119595
0.00072782
0.000234352
-0.000269268
-0.000765929
-0.00123657
-0.00166062
-0.00201769
-0.00228938
-0.00246051
-0.00252035
-0.00246339
-0.0022896
-0.00200421
-0.0016178
-0.00114637
-0.000611618
-4.08877e-05
0.000534122
0.00108009
0.00156465
0.00195801
0.00223469
0.00237524
0.00236712
0.0022048
0.00188996
0.00143198
0.000848804
0.000167305
-0.000577611
-0.00134595
-0.00209592
-0.00278643
-0.00337945
-0.00384238
-0.00414957
-0.00428299
-0.00423301
-0.00399935
-0.00359239
-0.00303381
-0.00235566
-0.00159737
-0.000802587
-1.65344e-05
0.000717331
0.00136106
0.00188468
0.00226675
0.00249407
0.0025617
0.00247269
0.00223671
0.00186836
0.00138626
0.000812922
0.000173917
-0.000503717
-0.00119223
-0.00186293
-0.00248677
-0.00303647
-0.00348803
-0.00382086
-0.00401821
-0.00406893
-0.00396896
-0.00372156
-0.00333694
-0.00283224
-0.00223093
-0.00156071
-0.000851149
-0.00013199
0.000568608
0.00122714
0.00182781
0.00236245
0.00282679
0.00321724
0.00353053
0.00376371
0.00391303
0.00397434
0.00394575
0.00382875
0.00362666
0.00334369
0.00298492
0.00255576
0.00206199
0.0015117
0.000917556
0.000297735
-0.000324828
-0.000924615
-0.00147645
-0.00195737
-0.00234719
-0.00262887
-0.00278923
-0.00281975
-0.00271748
-0.00248534
-0.00213218
-0.00167299
-0.00112888
-0.000525675
0.000108301
0.000743937
0.00135249
0.00190669
0.00238125
0.00275324
0.00300331
0.00311737
0.00308764
0.00291361
0.0026036
0.00217512
0.00165309
0.0010671
0.000449581
-0.000166092
-0.000748414
-0.00127036
-0.00171055
-0.00205361
-0.00229073
-0.00241999
-0.00244522
-0.00237354
-0.00221319
-0.00197301
-0.00166251
-0.00129121
-0.000868568
-0.000406112
7.99674e-05
0.000568946
0.00103733
0.00145941
0.00180791
0.00205751
0.00218931
0.00219236
0.0020634
0.00180857
0.00144502
0.000998299
0.000497232
-2.85506e-05
-0.000548614
-0.00103366
-0.00145882
-0.00180442
-0.0020551
-0.00220032
-0.00223608
-0.00216441
-0.00199145
-0.00172654
-0.00138243
-0.00097476
-0.000520751
-3.8576e-05
0.000452423
0.000931873
0.00137948
0.00177647
0.00210657
0.0023569
0.00251895
0.00258909
0.00256842
0.00246204
0.00227859
0.00202981
0.00172993
0.001395
0.00104255
0.000691094
0.000359317
6.44028e-05
-0.000179964
-0.000365167
-0.000487892
-0.000549351
-0.000554502
-0.000511411
-0.000430406
-0.000323107
-0.000201655
-7.7932e-05
3.77378e-05
0.000138352
0.000221341
0.000287639
0.000339014
0.000375907
0.0003965
0.000395557
0.000363594
0.000289026
0.000162595
-2.02399e-05
-2.02399e-05
-0.000259487
-0.000549777
-0.000878761
-0.00122842
-0.00157851
-0.00190743
-0.00219095
-0.00240295
-0.00251862
-0.00251753
-0.00238636
-0.00212156
-0.00173131
-0.0012364
-0.000668807
-6.68625e-05
0.000531411
0.00109197
0.00158506
0.00198612
0.00227687
0.00244388
0.00247665
0.00236891
0.00212147
0.00174256
0.00124713
0.000657904
6.33098e-06
-0.000669854
-0.00133104
-0.00193853
-0.00245635
-0.00285435
-0.00311085
-0.00321203
-0.00315056
-0.00292693
-0.00255122
-0.00204208
-0.00142442
-0.000728338
1.21419e-05
0.000762478
0.00149094
0.0021693
0.00277185
0.00327474
0.00365569
0.00389321
0.00396678
0.00386008
0.00356616
0.00309011
0.00244866
0.00166978
0.000791941
-0.000139729
-0.00107939
-0.0019836
-0.00281168
-0.00352722
-0.00410039
-0.0045082
-0.00473357
-0.00476606
-0.00460384
-0.00425375
-0.00372962
-0.00305127
-0.00224448
-0.00133958
-0.000369099
0.000632913
0.00162925
0.00257886
0.00343887
0.00416768
0.00472759
0.0050874
0.00522543
0.00513182
0.00480883
0.00426959
0.00353684
0.00264196
0.0016235
0.000524918
-0.000606996
-0.00172255
-0.00277016
-0.00369867
-0.00446012
-0.00501291
-0.00532549
-0.00537843
-0.00516434
-0.0046874
-0.00396368
-0.00302168
-0.00190262
-0.000659846
0.000643204
0.00193655
0.00314833
0.00421105
0.00506777
0.00567485
0.0060021
0.00603392
0.00577016
0.00522451
0.00442244
0.00340095
0.00220821
0.000900643
-0.00046077
-0.00181347
-0.00309637
-0.00425328
-0.00523574
-0.00600477
-0.00653184
-0.00679967
-0.00680228
-0.00654466
-0.00604222
-0.00532026
-0.00441341
-0.00336467
-0.00222371
-0.00104389
0.000121587
0.00122284
0.00221581
0.00306392
0.00373849
0.00421872
0.00449192
0.00455392
0.0044086
0.00406728
0.0035486
0.00287835
0.00208817
0.00121369
0.000292864
-0.000635126
-0.00153066
-0.00235449
-0.0030685
-0.0036364
-0.0040251
-0.0042076
-0.00416645
-0.0038951
-0.0033977
-0.00268982
-0.00179954
-0.000766077
0.000363725
0.00153857
0.0027048
0.00380866
0.00479905
0.00562966
0.00626095
0.00666201
0.00681234
0.00670282
0.00633545
0.00572249
0.00488597
0.00385685
0.00267344
0.0013798
2.51078e-05
-0.00133725
-0.00265204
-0.00386541
-0.00492747
-0.00579422
-0.00642952
-0.00680721
-0.006913
-0.00674488
-0.00631257
-0.00563664
-0.00474698
-0.00368064
-0.00248018
-0.00119246
0.00013319
0.00144711
0.00270104
0.00384929
0.00485033
0.00566829
0.00627393
0.00664446
0.0067635
0.00662271
0.00622463
0.00558356
0.00472432
0.00368117
0.00249697
0.0012207
-9.58846e-05
-0.00140059
-0.00264228
-0.00377231
-0.00474533
-0.00551946
-0.006058
-0.00633267
-0.00632624
-0.00603383
-0.00546319
-0.00463461
-0.00358002
-0.00234093
-0.000966494
0.000487506
0.00195943
0.00338396
0.00469565
0.00583235
0.00673829
0.00736745
0.00768672
0.00767786
0.00733819
0.00667992
0.00572859
0.00452168
0.00310717
0.00154165
-0.000111734
-0.00178552
-0.00341111
-0.00492264
-0.0062604
-0.00737312
-0.0082192
-0.00876722
-0.00899633
-0.00889653
-0.00846889
-0.00772623
-0.00669411
-0.00540982
-0.00391985
-0.00227851
-0.000547366
0.0012067
0.00291507
0.004511
0.00593232
0.00712301
0.00803417
0.0086258
0.0088704
0.00875613
0.00828821
0.00748932
0.00639897
0.0050707
0.00356771
0.00195894
0.000315891
-0.00129129
-0.00279783
-0.00414641
-0.00528709
-0.00617763
-0.00678529
-0.0070882
-0.00707547
-0.00674831
-0.00612192
-0.00522496
-0.00409631
-0.00278286
-0.00133881
0.000176074
0.0016993
0.00316806
0.00452121
0.00570181
0.0066597
0.00735345
0.00775223
0.00783765
0.00760517
0.00706422
0.00623735
0.00515909
0.00387448
0.00243684
0.000905564
-0.000655666
-0.00218086
-0.00360498
-0.00486779
-0.00591714
-0.00671152
-0.00722244
-0.00743588
-0.00735218
-0.00698471
-0.00635809
-0.00550631
-0.00447054
-0.00329729
-0.00203721
-0.000744377
0.000525642
0.0017191
0.00278684
0.00368592
0.00438125
0.00438125
0.00484734
0.00506922
0.00504256
0.00477371
0.0042798
0.00358825
0.00273552
0.00176529
0.00072663
-0.000328294
-0.00134715
-0.00228075
-0.00308596
-0.0037278
-0.00418106
-0.00443139
-0.00447548
-0.00432006
-0.00398038
-0.00347939
-0.00284724
-0.00211989
-0.00133694
-0.000539491
0.000232162
0.000941159
0.00155618
0.00205256
0.00241265
0.00262543
0.00268564
0.00259329
0.00235389
0.00197824
0.00148202
0.000885847
0.000215193
-0.000501155
-0.00123329
-0.00195147
-0.0026268
-0.00323204
-0.00374233
-0.0041355
-0.00439261
-0.00449867
-0.00444292
-0.00421892
-0.0038256
-0.00326891
-0.00256261
-0.00172853
-0.000796123
0.000199294
0.00121959
0.00222603
0.00317957
0.00404094
0.00477165
0.00533649
0.00570689
0.00586361
0.00579815
0.00551363
0.0050251
0.00435826
0.00354681
0.00263003
0.00165092
0.000653743
-0.000319099
-0.00122988
-0.0020472
-0.00274638
-0.00330981
-0.00372706
-0.00399411
-0.0041118
-0.00408478
-0.00392101
-0.00363057
-0.00322416
-0.00271279
-0.00210978
-0.00143301
-0.000704455
5.20199e-05
0.00081125
0.00154697
0.00223357
0.00284787
0.00336898
0.00377782
0.00405777
0.00419572
0.00418311
0.0040176
0.00370413
0.00325447
0.00268633
0.0020226
0.00129007
0.000518312
-0.000260896
-0.00101416
-0.00170785
-0.00230992
-0.00279192
-0.00313122
-0.00331252
-0.00332835
-0.00317936
-0.00287425
-0.00242916
-0.00186663
-0.00121462
-0.000505298
0.000226558
0.000945309
0.00161623
0.00220727
0.00269059
0.00304381
0.00325139
0.00330561
0.00320681
0.00296293
0.00258871
0.00210443
0.00153437
0.00090497
0.000243471
-0.000422934
-0.00106792
-0.00166729
-0.00220019
-0.00264998
-0.0030045
-0.00325633
-0.00340299
-0.00344679
-0.00339369
-0.00325083
-0.00302397
-0.00271674
-0.00233217
-0.00187492
-0.00135306
-0.000779262
-0.00017082
0.000452081
0.00106913
0.00166117
0.00220982
0.0026973
0.00310683
0.00342282
0.00363087
0.00371909
0.0036803
0.00351387
0.00322684
0.00283376
0.00235491
0.0018136
0.00123443
0.00064243
6.22665e-05
-0.000482487
-0.000969889
-0.00138061
-0.0016998
-0.00191885
-0.00203599
-0.00205588
-0.00198892
-0.0018503
-0.00165772
-0.00142815
-0.0011758
-0.000912319
-0.000647888
-0.000391896
-0.000153272
5.91628e-05
0.000236886
0.000372735
0.000462056
0.000502829
0.000494919
0.000439469
0.000338783
0.000196275
1.6266e-05
-0.000195863
-0.000432889
-0.000685076
-0.000940349
-0.00118524
-0.00140607
-0.00158984
-0.00172482
-0.00180073
-0.0018089
-0.00174289
-0.00159899
-0.0013767
-0.00107997
-0.000718682
-0.000308931
0.000128883
0.000572394
0.000998862
0.00138672
0.00171732
0.00197599
0.00215187
0.0022379
0.00223122
0.00213364
0.00195113
0.00169331
0.00137307
0.00100606
0.000609448
0.00020018
-0.000206332
-0.000596698
-0.000959393
-0.00128465
-0.00156474
-0.00179412
-0.00196952
-0.00208977
-0.00215519
-0.00216681
-0.00212568
-0.00203259
-0.0018881
-0.00169348
-0.00145212
-0.0011696
-0.000852737
-0.000509571
-0.000149824
0.000215469
0.000574606
0.00091518
0.00122413
0.00148865
0.00169725
0.00184079
0.00191318
0.00191156
0.0018356
0.001687
0.00146909
0.00118685
0.000847459
0.000460892
3.98494e-05
-0.000399798
-0.000837771
-0.00124924
-0.00160738
-0.00188679
-0.00206576
-0.00212834
-0.00206718
-0.00188523
-0.00159465
-0.00121438
-0.000768931
-0.000287657
0.000197522
0.000655519
0.00105883
0.00138507
0.00161872
0.00175312
0.00179081
0.00174095
0.00161601
0.0014308
0.00120259
0.000949515
0.000688884
0.000437298
0.000210963
2.40594e-05
-0.000113674
-0.000198376
-0.00023281
-0.000225981
-0.000190816
-0.000141831
-9.42935e-05
-6.34169e-05
-6.25095e-05
-0.000100748
-0.000181496
-0.000301649
-0.000452045
-0.000618507
-0.000783328
-0.000927703
-0.00103423
-0.00108772
-0.00107578
-0.000991649
-0.000837096
-0.000622111
-0.000361967
-7.51001e-05
0.000217704
0.000494876
0.000736108
0.000923317
0.00104083
0.00107588
0.00101957
0.00086744
0.00086744
0.000619482
0.00028029
-0.000139946
-0.00062435
-0.00114925
-0.0016848
-0.00219594
-0.00264535
-0.00299823
-0.00322512
-0.00330169
-0.00320938
-0.00293757
-0.00248459
-0.00185764
-0.00107324
-0.000157658
0.000853259
0.0019142
0.00297114
0.00396498
0.00483678
0.0055318
0.00600246
0.006211
0.00613165
0.00575186
0.00507227
0.00410662
0.00288257
0.00144268
-0.000155247
-0.00183931
-0.00352674
-0.00512967
-0.0065619
-0.00774472
-0.00861244
-0.00911646
-0.00922562
-0.00892494
-0.00821698
-0.00712435
-0.00569056
-0.00397919
-0.00207193
-6.41107e-05
0.00194226
0.00384604
0.00555423
0.0069882
0.00808707
0.00880881
0.00913132
0.0090528
0.00858999
0.00777578
0.00665865
0.00530196
0.00377972
0.00217048
0.000552391
-0.000999829
-0.00241793
-0.00364285
-0.00462576
-0.00532799
-0.00572196
-0.00579317
-0.00554158
-0.00498169
-0.00414253
-0.00306773
-0.00181425
-0.000449039
0.000954952
0.00232242
0.00357951
0.00465823
0.00550101
0.00606407
0.00631873
0.00625183
0.00586659
0.00518299
0.00423597
0.00307241
0.00174877
0.000328486
-0.00112243
-0.00253998
-0.00386512
-0.00504552
-0.00603718
-0.00680584
-0.0073272
-0.00758672
-0.00758007
-0.00731443
-0.0068087
-0.00609179
-0.00519968
-0.00417207
-0.00304967
-0.00187294
-0.000681743
0.000485573
0.0015931
0.00260758
0.00349864
0.00423972
0.00480949
0.00519252
0.00537868
0.00536267
0.005145
0.0047338
0.00414507
0.00340178
0.0025344
0.00158207
0.000591774
-0.000384972
-0.0012957
-0.00208998
-0.0027233
-0.00316187
-0.00338649
-0.0033932
-0.00319136
-0.00280185
-0.00225582
-0.00159199
-0.000852555
-8.02642e-05
0.000682544
0.00139541
0.00202278
0.0025358
0.00291136
0.00313118
0.00318315
0.0030628
0.00277287
0.00232281
0.0017297
0.0010182
0.000218485
-0.000636053
-0.00151006
-0.00236778
-0.00317491
-0.00389865
-0.00450666
-0.00496709
-0.00525015
-0.00532994
-0.00518762
-0.00481553
-0.00421837
-0.00341126
-0.0024189
-0.00127629
-2.76241e-05
0.00127621
0.00257888
0.00381958
0.00493643
0.0058714
0.00657541
0.00701322
0.00716618
0.00703277
0.00662794
0.00598128
0.00513326
0.00413105
0.00302694
0.00187754
0.000741161
-0.00032555
-0.00127003
-0.00204602
-0.00261675
-0.00295771
-0.00305766
-0.00291829
-0.00255354
-0.00198833
-0.00125757
-0.000405694
0.000513503
0.00143788
0.00230068
0.00303683
0.00358771
0.00390351
0.00394633
0.00369539
0.00315184
0.00234059
0.0013087
0.000121259
-0.00114385
-0.00240216
-0.00357021
-0.00457205
-0.00534134
-0.0058226
-0.00597641
-0.00578514
-0.00525441
-0.00441185
-0.00330588
-0.00200307
-0.000581937
0.000874079
0.00228254
0.00356656
0.00465739
0.00549628
0.00603803
0.00625527
0.00614136
0.00571052
0.00499637
0.00404923
0.00293201
0.00171537
0.000473459
-0.000719702
-0.00179345
-0.00268429
-0.00334029
-0.00372471
-0.00381754
-0.00361568
-0.00313273
-0.00239835
-0.00145604
-0.000360003
0.000828671
0.00204601
0.00322831
0.00431461
0.00524964
0.00598664
0.00648878
0.00672955
0.00669321
0.00637487
0.00577984
0.00492308
0.00382974
0.00253565
0.00108546
-0.000470575
-0.00207857
-0.00368124
-0.00521841
-0.00662891
-0.0078536
-0.00883883
-0.00953974
-0.00992323
-0.0099704
-0.00967788
-0.00905692
-0.00813197
-0.00694007
-0.00553015
-0.00396112
-0.00229975
-0.000618128
0.00100994
0.00251345
0.00382846
0.00490177
0.0056936
0.00617854
0.00634546
0.00619733
0.00575039
0.00503285
0.00408379
0.00295225
0.00169529
0.000375026
-0.000944463
-0.0022001
-0.00333295
-0.0042913
-0.00503297
-0.00552693
-0.00575474
-0.00571142
-0.00540514
-0.00485617
-0.0040957
-0.00316451
-0.00211045
-0.000985465
0.000157096
0.00126484
0.00228886
0.00318631
0.00392225
0.00447072
0.00481533
0.00494951
0.00487655
0.00460893
0.00416755
0.00358086
0.00288367
0.00211539
0.00131792
0.000533024
-0.00020055
-0.000849589
-0.00138771
-0.00179594
-0.00179594
-0.00206318
-0.0021865
-0.00217069
-0.00202725
-0.00177296
-0.00142873
-0.00101861
-0.000568038
-0.000101941
0.000356093
0.000783891
0.00116146
0.00147212
0.0017026
0.00184257
0.00188488
0.0018265
0.00166925
0.00142028
0.0010929
0.000707133
0.00028841
-0.000135826
-0.000539034
-0.000896593
-0.00118677
-0.00139256
-0.00150281
-0.00151198
-0.00142
-0.00123281
-0.00096238
-0.000626048
-0.000245471
0.000154789
0.000549166
0.000913158
0.00122515
0.0014675
0.00162684
0.0016942
0.00166555
0.00154242
0.00133213
0.00104743
0.000705391
0.000325743
-7.07248e-05
-0.000463382
-0.000833422
-0.00116542
-0.00144754
-0.00167066
-0.00182819
-0.00191657
-0.00193517
-0.00188592
-0.00177343
-0.00160503
-0.00139002
-0.00113854
-0.000861043
-0.000568176
-0.000270805
1.97662e-05
0.000291712
0.000532894
0.000731154
0.000874891
0.000954436
0.000963701
0.000900741
0.000767297
0.000568538
0.000312811
1.06312e-05
-0.000326282
-0.000684759
-0.00104948
-0.00140309
-0.00172702
-0.00200275
-0.00221346
-0.0023455
-0.00238895
-0.00233784
-0.00219057
-0.00195019
-0.00162451
-0.00122611
-0.000772359
-0.000285175
0.000209904
0.000686037
0.00111798
0.00148382
0.00176558
0.00195012
0.00202992
0.00200267
0.00187049
0.00163977
0.0013211
0.000928216
0.000476898
-1.53627e-05
-0.000529392
-0.0010451
-0.00154271
-0.00200327
-0.00240844
-0.00274088
-0.0029855
-0.00313071
-0.00316881
-0.00309632
-0.00291456
-0.0026298
-0.00225289
-0.00179845
-0.00128407
-0.000729283
-0.000154234
0.000421404
0.000978729
0.00149975
0.00196801
0.00236921
0.00269134
0.0029248
0.00306288
0.00310198
0.00304144
0.00288322
0.00263178
0.00229418
0.00188049
0.00140388
0.000880105
0.000327349
-0.000234056
-0.000782738
-0.00129797
-0.00176075
-0.0021541
-0.00246319
-0.00267545
-0.00278088
-0.00277318
-0.0026508
-0.00241733
-0.00208149
-0.0016569
-0.00116131
-0.000615335
-4.12786e-05
0.000537915
0.00109978
0.00162338
0.00208994
0.00248332
0.00279035
0.00300147
0.00311104
0.00311685
0.00301955
0.00282272
0.00253299
0.00215969
0.00171426
0.00121022
0.000663135
9.04251e-05
-0.000489214
-0.00105625
-0.00159006
-0.00206854
-0.00246909
-0.00277099
-0.00295739
-0.00301618
-0.00294065
-0.00273034
-0.00239108
-0.0019343
-0.00137649
-0.000738834
-4.72489e-05
0.000667922
0.00137288
0.00203258
0.0026134
0.00308561
0.0034255
0.00361687
0.00365149
0.00352861
0.00325433
0.00284147
0.00230934
0.00168292
0.000991679
0.000268022
-0.000454229
-0.00114168
-0.00176346
-0.00229312
-0.00270979
-0.0029989
-0.00315232
-0.00316825
-0.00305064
-0.0028084
-0.00245459
-0.00200591
-0.00148238
-0.000906725
-0.000303396
0.000302205
0.000884109
0.00141635
0.00187429
0.00223605
0.00248321
0.00260153
0.00258218
0.00242294
0.00212813
0.00170839
0.00118141
0.000572644
-8.61074e-05
-0.000759636
-0.00141196
-0.00200803
-0.00251564
-0.00290737
-0.00316167
-0.00326321
-0.00320335
-0.00298076
-0.00260163
-0.00207956
-0.0014352
-0.000695699
0.000106447
0.00093516
0.00175276
0.00252179
0.00320699
0.00377716
0.0042063
0.00447397
0.00456604
0.00447593
0.00420564
0.00376628
0.00317775
0.00246732
0.00166771
0.000815049
-5.32319e-05
-0.000900314
-0.0016913
-0.00239434
-0.00298195
-0.0034319
-0.00372766
-0.00385894
-0.00382265
-0.00362331
-0.00327273
-0.00278921
-0.00219664
-0.00152342
-0.000801029
-6.27672e-05
0.000657164
0.00132469
0.00190758
0.00237751
0.00271161
0.00289337
0.00291362
0.00277117
0.00247286
0.00203315
0.00147351
0.000821617
0.000109992
-0.00062564
-0.00134809
-0.00202045
-0.00260742
-0.0030766
-0.00340058
-0.0035593
-0.00354186
-0.00334714
-0.00298326
-0.00246654
-0.00182067
-0.00107604
-0.000268367
0.00056336
0.00137897
0.00213904
0.00280709
0.00335175
0.00374851
0.00398112
0.00404239
0.00393424
0.00366711
0.00325876
0.00273265
0.00211611
0.00143887
0.000731759
2.49555e-05
-0.000653518
-0.0012783
-0.0012783
-0.00182677
-0.00227995
-0.00262367
-0.00284839
-0.00294818
-0.00292066
-0.00276783
-0.00249645
-0.00211765
-0.00164671
-0.00110313
-0.000510071
0.000106595
0.000719348
0.00129999
0.00182096
0.00225697
0.00258696
0.00279537
0.00287257
0.00281481
0.00262459
0.00231085
0.00188852
0.00137755
0.000802075
0.000189245
-0.0004323
-0.00103409
-0.0015893
-0.00207404
-0.00246849
-0.00275775
-0.00293223
-0.00298768
-0.00292456
-0.00274742
-0.00246449
-0.00208756
-0.00163154
-0.00111416
-0.000555791
2.09236e-05
0.000592529
0.00113646
0.00163193
0.00206035
0.00240605
0.00265682
0.00280388
0.00284198
0.00277009
0.0025918
0.00231554
0.0019544
0.00152549
0.00104881
0.000546242
4.06918e-05
-0.00044485
-0.000888461
-0.00127027
-0.00157332
-0.0017845
-0.00189551
-0.0019033
-0.00180994
-0.00162241
-0.00135229
-0.00101519
-0.000629704
-0.000216475
0.000202704
0.000605964
0.00097265
0.00128449
0.00152643
0.00168713
0.00175905
0.00173829
0.0016244
0.00142019
0.00113151
0.000767403
0.000340312
-0.000134202
-0.000638456
-0.00115343
-0.00165892
-0.00213392
-0.00255754
-0.00291012
-0.003174
-0.00333448
-0.00338077
-0.0033069
-0.00311206
-0.00280057
-0.0023816
-0.00186913
-0.00128171
-0.00064188
2.46977e-05
0.000690412
0.00132717
0.00190787
0.0024078
0.00280604
0.00308684
0.00324026
0.00326247
0.00315617
0.00293073
0.00260148
0.00218823
0.00171396
0.00120343
0.000681271
0.000170201
-0.000309673
-0.000740729
-0.00110821
-0.00140126
-0.00161331
-0.00174191
-0.00178845
-0.00175814
-0.00165938
-0.00150298
-0.00130128
-0.00106753
-0.000815502
-0.000559256
-0.000312613
-8.82987e-05
0.000102903
0.000252963
0.000357115
0.000413636
0.00042329
0.000389081
0.000316064
0.000210822
8.07782e-05
-6.6331e-05
-0.000222764
-0.000380988
-0.000533813
-0.000674387
-0.000796046
-0.000892387
-0.000957783
-0.000987857
-0.000979509
-0.000930965
-0.000842269
-0.000715749
-0.000555928
-0.000369231
-0.000163933
5.00633e-05
0.000262092
0.000461825
0.000639921
0.000788431
0.000901547
0.000976314
0.0010125
0.00101192
0.000978044
0.000915996
0.000832211
0.000733804
0.000628177
0.000522719
0.000424176
0.000337888
0.000267339
0.000214131
0.000178347
0.000159145
0.000155026
0.000163785
0.000182744
0.00020928
0.000241242
0.000277086
0.000315926
0.000357511
0.000402044
0.000449904
0.000501275
0.000555724
0.000611858
0.000667
0.000716865
0.000755644
0.000776923
0.000774955
0.000745092
0.000683518
0.000587427
0.000455569
0.000288402
8.79832e-05
-0.000141863
-0.000395147
-0.000663301
-0.000934803
-0.00119553
-0.00143038
-0.00162499
-0.00176669
-0.00184514
-0.00185294
-0.00178628
-0.0016453
-0.00143462
-0.00116362
-0.000846309
-0.000500438
-0.000145806
0.000197871
0.000512218
0.00078086
0.000990567
0.00113229
0.00120105
0.00119533
0.00111714
0.000972217
0.000769551
0.000520621
0.000238917
-6.05418e-05
-0.000361972
-0.000649689
-0.000908835
-0.00112594
-0.00128953
-0.00139077
-0.00142383
-0.00138587
-0.00127694
-0.00110002
-0.000860975
-0.000568368
-0.000233111
0.000131996
0.000512718
0.000893721
0.00125901
0.00159268
0.00187971
0.00210639
0.00226056
0.00233197
0.00231323
0.00220101
0.00199676
0.0017067
0.00134195
0.00091829
0.000454965
-2.71488e-05
-0.000506766
-0.000962849
-0.00137576
-0.00172861
-0.00200797
-0.00220401
-0.00231083
-0.00232682
-0.00225443
-0.00209916
-0.00186895
-0.00157405
-0.00122695
-0.000841778
-0.000433689
-1.88738e-05
0.000385564
0.000762396
0.0010954
0.00137024
0.00157512
0.00170164
0.00174566
0.00170745
0.00159128
0.001405
0.00115979
0.000869474
0.000549468
0.000215865
-0.000115026
-0.000427288
-0.000706274
-0.000939282
-0.00111587
-0.00122818
-0.0012714
-0.00124394
-0.00114729
-0.000985807
-0.000766593
-0.000499166
-0.000194875
0.00013375
0.00047354
0.000811123
0.0011332
0.00142662
0.00167876
0.00187808
0.00201465
0.00208034
0.00206932
0.00197885
0.00180958
0.00156555
0.00125451
0.00125451
0.00088847
0.000483238
5.69573e-05
-0.00037124
-0.000782061
-0.00115709
-0.00148009
-0.00173793
-0.00192077
-0.00202204
-0.00203858
-0.00197071
-0.00182182
-0.00159828
-0.00130958
-0.00096811
-0.000588235
-0.000185306
0.000224819
0.000626249
0.00100369
0.00134297
0.00163139
0.00185777
0.00201258
0.00208829
0.0020802
0.00198729
0.00181238
0.00156206
0.00124658
0.000879246
0.000475533
5.21904e-05
-0.000373354
-0.000783554
-0.00116142
-0.00149116
-0.00175872
-0.00195242
-0.00206371
-0.00208798
-0.00202474
-0.00187767
-0.00165432
-0.00136559
-0.00102487
-0.000647524
-0.000250316
0.000149153
0.00053318
0.000884629
0.00118768
0.00142877
0.00159741
0.00168686
0.00169444
0.00162157
0.00147339
0.00125838
0.000987792
0.000675048
0.000335145
-1.5916e-05
-0.000361688
-0.000685931
-0.00097329
-0.00120999
-0.00138459
-0.0014887
-0.0015174
-0.00146928
-0.00134647
-0.00115438
-0.000901464
-0.000598921
-0.000260393
9.84228e-05
0.000460319
0.000807505
0.0011228
0.0013906
0.00159751
0.00173303
0.00179013
0.00176559
0.00165995
0.00147744
0.00122565
0.000915181
0.000559296
0.000173627
-0.000224226
-0.000615432
-0.000980991
-0.00130283
-0.00156482
-0.00175378
-0.00186046
-0.00187987
-0.0018112
-0.0016578
-0.00142717
-0.00113045
-0.000781719
-0.000397485
3.86749e-06
0.000403073
0.00078117
0.00112051
0.0014056
0.00162378
0.00176573
0.00182566
0.00180141
0.00169452
0.00151019
0.00125724
0.000947757
0.000596696
0.000221163
-0.000160523
-0.000530017
-0.000870006
-0.00116501
-0.00140212
-0.00157161
-0.00166727
-0.00168644
-0.00162992
-0.00150198
-0.00131015
-0.00106481
-0.000778566
-0.000465653
-0.000141063
0.000180329
0.000484564
0.000759175
0.00099352
0.00117897
0.00130919
0.00138042
0.00139163
0.0013444
0.0012428
0.00109311
0.000903461
0.000683329
0.000443057
0.000193228
-5.58826e-05
-0.000294639
-0.000514316
-0.000707407
-0.000867793
-0.000990687
-0.00107255
-0.00111117
-0.00110581
-0.00105745
-0.000968827
-0.00084464
-0.000691684
-0.000518665
-0.000335471
-0.000152439
2.01476e-05
0.000172811
0.00029797
0.000390597
0.000448097
0.000470088
0.000458434
0.000416994
0.0003508
0.000265348
0.000166529
6.0612e-05
-4.63021e-05
-0.000148795
-0.000242047
-0.000321675
-0.000383994
-0.000426246
-0.000446311
-0.000442364
-0.000413079
-0.000358103
-0.000278309
-0.000175915
-5.48211e-05
7.904e-05
0.00021807
0.000354049
0.000478996
0.000585487
0.000666987
0.000718421
0.000736549
0.000719971
0.000669065
0.00058604
0.000474912
0.000341196
0.00019144
3.28273e-05
-0.000127151
-0.000281196
-0.00042291
-0.000547305
-0.000650835
-0.000731108
-0.000786582
-0.000816368
-0.000820053
-0.000797626
-0.000749779
-0.000678412
-0.0005867
-0.000478687
-0.000358968
-0.000232607
-0.000104971
1.84948e-05
0.000132315
0.00023099
0.000309178
0.00036206
0.000385856
0.000378337
0.000339128
0.000269833
0.000174115
5.75255e-05
-7.31397e-05
-0.000210646
-0.00034778
-0.000477523
-0.000593386
-0.000689819
-0.000762368
-0.000807682
-0.000823711
-0.000809966
-0.000767491
-0.000698566
-0.000606353
-0.000494562
-0.000367136
-0.000228008
-8.09915e-05
7.01341e-05
0.000221433
0.000368717
0.000507748
0.000634569
0.000745694
0.00083823
0.000910086
0.000960004
0.000987257
0.00099132
0.000971838
0.000928776
0.000862715
0.000775269
0.000669188
0.000548042
0.000415928
0.000277278
0.00013653
-2.25384e-06
-0.000135484
-0.00026001
-0.000373134
-0.000472514
-0.000555926
-0.000621235
-0.000666774
-0.000691732
-0.000696233
-0.000681257
-0.000648714
-0.000601512
-0.000543379
-0.000478606
-0.000411978
-0.000348653
-0.000293656
-0.000251184
-0.000224137
-0.000213894
-0.000219995
-0.000239992
-0.000270022
-0.00030579
-0.000342971
-0.000377098
-0.000403818
-0.000419416
-0.000420935
-0.000406066
-0.000373275
-0.00032201
-0.000252646
-0.000166346
-6.50759e-05
4.83939e-05
0.000170676
0.000298076
0.000426798
0.000553008
0.000672926
0.000783027
0.000880242
0.000962064
0.00102655
0.00107225
0.00109809
0.00110345
0.00108819
0.00108819
0.00105262
0.000997354
0.000923255
0.000831632
0.000724493
0.000604551
0.000474948
0.000338989
0.000199882
6.04201e-05
-7.71006e-05
-0.000210713
-0.000338694
-0.000459559
-0.000571846
-0.000673855
-0.000763723
-0.000839671
-0.000900057
-0.000943275
-0.000967767
-0.000972333
-0.000956529
-0.000920714
-0.000865886
-0.000793654
-0.000706215
-0.000606171
-0.000496453
-0.00038037
-0.000261431
-0.000142967
-2.78547e-05
8.1515e-05
0.000183175
0.000275517
0.000357293
0.000427589
0.000485697
0.000531016
0.000563064
0.000581543
0.000586402
0.000577892
0.000556639
0.000523751
0.00048087
0.000430087
0.000373847
0.000315025
0.000256973
0.000203187
0.000156735
0.000119913
9.41647e-05
7.99506e-05
7.66539e-05
8.28122e-05
9.64805e-05
0.000115279
0.000136276
0.000156184
0.000171759
0.000180044
0.000178481
0.00016504
0.000138311
9.75517e-05
4.2651e-05
-2.5886e-05
-0.000106856
-0.000198185
-0.000296765
-0.000398293
-0.000497198
-0.000587109
-0.000661817
-0.00071595
-0.000745075
-0.000745921
-0.000716885
-0.000658356
-0.000572597
-0.000463514
-0.000336452
-0.000197855
-5.47482e-05
8.57776e-05
0.00021694
0.000332539
0.000427363
0.000497673
0.000541377
0.000557808
0.00054745
0.000511849
0.00045353
0.0003758
0.000282555
0.00017824
6.7823e-05
-4.3437e-05
-0.000150338
-0.000247983
-0.000331951
-0.000398518
-0.000444774
-0.000468553
-0.000468304
-0.000443078
-0.000392625
-0.000317608
-0.000219854
-0.000102465
3.02103e-05
0.000172498
0.000317365
0.00045687
0.000583087
0.000688767
0.000767536
0.000814126
0.000824778
0.000797449
0.000731822
0.000629416
0.000493772
0.00033046
0.000146819
-4.85372e-05
-0.000246401
-0.000437599
-0.000613492
-0.000766419
-0.000890002
-0.000979255
-0.00103061
-0.00104199
-0.00101291
-0.000944433
-0.000839109
-0.000701003
-0.000535683
-0.000349951
-0.000151337
5.233e-05
0.000253119
0.000443161
0.000614876
0.00076125
0.000876107
0.000954459
0.000992875
0.000989842
0.000945963
0.000863941
0.00074843
0.00060581
0.000443809
0.000270941
9.59417e-05
-7.26044e-05
-0.000226513
-0.000358362
-0.000461921
-0.000532489
-0.00056713
-0.000564854
-0.000526671
-0.000455442
-0.000355599
-0.000232786
-9.34932e-05
5.53157e-05
0.00020656
0.000353434
0.000489735
0.000610007
0.000709624
0.000784974
0.000833687
0.000854689
0.00084811
0.000815125
0.000757762
0.000678761
0.000581459
0.000469696
0.000347754
0.000220323
9.2459e-05
-3.05839e-05
-0.000143545
-0.000241284
-0.000318984
-0.00037259
-0.000399265
-0.000397491
-0.000366962
-0.00030861
-0.000224677
-0.00011865
4.82948e-06
0.000139981
0.000280013
0.000417467
0.000544699
0.000654466
0.000740527
0.000797969
0.000823273
0.000814419
0.000770993
0.000694134
0.000586448
0.000452005
0.00029623
0.00012558
-5.28248e-05
-0.000231563
-0.000403339
-0.000561404
-0.000699921
-0.000814251
-0.000901145
-0.000958792
-0.00098677
-0.000986004
-0.000958725
-0.000908352
-0.000839276
-0.000756596
-0.000665827
-0.000572608
-0.000482368
-0.000400003
-0.000329638
-0.000274557
-0.000237243
-0.000219351
-0.00022161
-0.000243763
-0.000284545
-0.000341677
-0.000411979
-0.000491607
-0.000576325
-0.000661683
-0.000743239
-0.000816814
-0.000878688
-0.000925621
-0.000954834
-0.000964046
-0.000951538
-0.000916302
-0.000858334
-0.000778814
-0.00068005
-0.00056542
-0.000439388
-0.000307294
-0.000174855
-4.77527e-05
6.85506e-05
0.000169052
0.000249563
0.000306978
0.000339388
0.000346179
0.000328117
0.000287309
0.000226993
0.000151218
6.45837e-05
-2.79238e-05
-0.000121132
-0.000209906
-0.000289263
-0.000354518
-0.000401633
-0.000427604
-0.000430671
-0.000410382
-0.000367639
-0.000304591
-0.000224381
-0.000130935
-2.88272e-05
7.69316e-05
0.000181222
0.000279107
0.000366052
0.000438122
0.000492165
0.000525943
0.000538204
0.000528727
0.000498348
0.000448938
0.000383338
0.000305259
0.000219126
0.000129812
4.23236e-05
-3.84592e-05
-0.000107968
-0.000162142
-0.000197655
-0.000212104
-0.000204121
-0.000173411
-0.00012075
-4.79389e-05
4.22636e-05
0.000146191
0.000259343
0.000376573
0.000492396
0.000601298
0.000698006
0.000777822
0.000777822
0.000836942
0.000872582
0.000882941
0.000867186
0.00082542
0.000758616
0.000668637
0.000558296
0.000431302
0.000292074
0.000145583
-2.75953e-06
-0.000147248
-0.000282103
-0.000401697
-0.000500762
-0.000574638
-0.000619673
-0.000633623
-0.000615758
-0.000566768
-0.000488767
-0.000385285
-0.000260996
-0.000121338
2.77559e-05
0.000180105
0.00032963
0.00047067
0.00059813
0.000707559
0.000795299
0.000858635
0.000895762
0.000905624
0.000887949
0.000843499
0.00077424
0.000683251
0.000574629
0.000453422
0.000325397
0.000196611
7.30491e-05
-3.95714e-05
-0.000136034
-0.000211942
-0.000264005
-0.000290236
-0.000290089
-0.000264586
-0.000216339
-0.000149344
-6.85566e-05
2.05874e-05
0.000112469
0.000201476
0.000282315
0.000350364
0.00040186
0.000433936
0.000444718
0.000433423
0.000400369
0.000346923
0.000275506
0.000189597
9.36289e-05
-7.25071e-06
-0.00010748
-0.000201371
-0.000283468
-0.000348964
-0.000393925
-0.000415323
-0.000411152
-0.000380615
-0.000324197
-0.000243648
-0.000142044
-2.38768e-05
0.000104997
0.000237552
0.000366074
0.000482938
0.000581217
0.000654894
0.00069903
0.00071004
0.000685857
0.000625973
0.000531568
0.000405687
0.000253367
8.16383e-05
-0.000100771
-0.000284186
-0.000458818
-0.000615378
-0.000745593
-0.000842668
-0.000901606
-0.00091936
-0.000894922
-0.000829387
-0.00072597
-0.000589814
-0.000427616
-0.000247211
-5.72139e-05
0.00013345
0.000316203
0.000483392
0.000628571
0.000746579
0.000833617
0.000887338
0.000906858
0.000892735
0.000846982
0.000773076
0.00067583
0.000561103
0.000435405
0.000305464
0.000177815
5.84619e-05
-4.73274e-05
-0.00013514
-0.00020149
-0.000243883
-0.000260876
-0.000252142
-0.000218548
-0.000162175
-8.63121e-05
4.49216e-06
0.000104429
0.000206717
0.000304142
0.00038957
0.000456365
0.000498925
0.000513284
0.000497402
0.000451015
0.000375442
0.00027356
0.00014962
8.74337e-06
-0.000143555
-0.00030152
-0.000459297
-0.000611265
-0.000752192
-0.000877076
-0.000981139
-0.00106021
-0.00111109
-0.00113158
-0.00112053
-0.00107808
-0.00100587
-0.000906936
-0.000785417
-0.000646546
-0.000496466
-0.000341853
-0.000189493
-4.59959e-05
8.24779e-05
0.000190576
0.000274042
0.000329854
0.000356276
0.000352883
0.000320549
0.000261378
0.000178613
7.65805e-05
-3.9339e-05
-0.000162826
-0.000286893
-0.000404241
-0.000507679
-0.000590703
-0.00064814
-0.000676533
-0.000674218
-0.000641387
-0.000580098
-0.000493942
-0.000387529
-0.000266257
-0.000136294
-4.26617e-06
0.000123267
0.000240227
0.000341323
0.000422414
0.000480792
0.000515175
0.000525529
0.00051287
0.000479091
0.000426878
0.000359634
0.000281312
0.000196163
0.00010851
2.25412e-05
-5.79087e-05
-0.000129594
-0.000189987
-0.000237315
-0.000270546
-0.000289313
-0.000293857
-0.000285001
-0.000264104
-0.000232988
-0.000193823
-0.000148962
-0.000100751
-5.13942e-05
-2.86095e-06
4.31693e-05
8.52904e-05
0.000122302
0.000153241
0.000177487
0.000194763
0.000205087
0.000208762
0.000206374
0.000198728
0.000186786
0.00017163
0.00015443
0.000136399
0.000118763
0.000102726
8.94041e-05
7.97703e-05
7.4592e-05
7.43857e-05
7.9426e-05
8.98304e-05
0.000105681
0.000127148
0.000154556
0.000188241
0.000228133
0.000273369
0.000322151
0.000371731
0.00041849
0.000458444
0.000488015
0.000504372
0.000505285
0.000489176
0.000455393
0.000404209
0.000336632
0.000254425
0.000160221
5.73582e-05
-5.04495e-05
-0.00015936
-0.000265564
-0.000365454
-0.000455757
-0.000533507
-0.000595892
-0.000640272
-0.000664519
-0.000667321
-0.000648201
-0.000607513
-0.000546559
-0.000467594
-0.000373685
-0.000268543
-0.000156318
-4.1292e-05
7.2439e-05
0.000181136
0.000281426
0.00037027
0.000445
0.000503316
0.000543231
0.000563171
0.000562293
0.000540711
0.000499439
0.000440286
0.000365804
0.000279192
0.000184105
8.44784e-05
-1.55664e-05
-0.000111856
-0.000200392
-0.000277588
-0.00034044
-0.000386654
-0.000414773
-0.000424214
-0.000415145
-0.000388292
-0.000344859
-0.000286556
-0.000215584
-0.000134567
-4.65608e-05
4.49091e-05
0.000135918
0.000222361
0.000300212
0.000365749
0.000365749
0.000415803
0.000448076
0.00046136
0.000455503
0.000431282
0.000390392
0.000335409
0.00026957
0.000196514
0.000120157
4.45388e-05
-2.6509e-05
-8.97831e-05
-0.000142952
-0.000184569
-0.000213999
-0.000231364
-0.000237443
-0.000233492
-0.00022111
-0.000202185
-0.000178889
-0.000153603
-0.000128784
-0.000106827
-8.99303e-05
-7.98682e-05
-7.77191e-05
-8.37248e-05
-9.73151e-05
-0.0001172
-0.000141603
-0.000168617
-0.000196366
-0.000222954
-0.000246537
-0.000265541
-0.000278743
-0.000285249
-0.000284553
-0.000276622
-0.00026186
-0.000240976
-0.000214886
-0.000184654
-0.000151409
-0.000116245
-8.02058e-05
-4.43499e-05
-9.8102e-06
2.22538e-05
5.07561e-05
7.47622e-05
9.3553e-05
0.000106699
0.000114109
0.000116011
0.000112902
0.000105483
9.46113e-05
8.12225e-05
6.62629e-05
5.06003e-05
3.49282e-05
1.96849e-05
5.00175e-06
-9.29204e-06
-2.3543e-05
-3.80971e-05
-5.3275e-05
-6.94484e-05
-8.69976e-05
-0.000106199
-0.000127202
-0.000150061
-0.000174703
-0.000200905
-0.000228338
-0.000256625
-0.000285366
-0.000314135
-0.000342517
-0.000370132
-0.0003966
-0.000421443
-0.000444089
-0.000463977
-0.000480648
-0.00049377
-0.000503168
-0.00050887
-0.00051111
-0.000510273
-0.000506865
-0.000501478
-0.000494746
-0.000487237
-0.000479293
-0.000470965
-0.000462042
-0.000452077
-0.000440377
-0.000425986
-0.000407736
-0.000384326
-0.000354413
-0.000316733
-0.000270361
-0.000215022
-0.000151267
-8.03934e-05
-4.21028e-06
7.51494e-05
0.000155346
0.000233931
0.000308436
0.000376425
0.000435551
0.000483701
0.000519168
0.000540749
0.000547778
0.000540139
0.000518261
0.000483039
0.000435733
0.000377885
0.000311293
0.000238017
0.000160337
8.06471e-05
1.36237e-06
-7.51602e-05
-0.000146723
-0.000211411
-0.000267681
-0.000314381
-0.000350632
-0.000375587
-0.000388254
-0.000387603
-0.000372815
-0.000343461
-0.000299641
-0.00024216
-0.000172662
-9.35673e-05
-7.82522e-06
8.13023e-05
0.000170322
0.000255598
0.000333582
0.000401051
0.000455205
0.000493774
0.000515272
0.000519175
0.000505871
0.000476554
0.000433146
0.000378169
0.000314541
0.000245399
0.000174009
0.000103679
3.76524e-05
-2.10214e-05
-6.96478e-05
-0.000106051
-0.000128728
-0.000136951
-0.000130788
-0.000111046
-7.917e-05
-3.71299e-05
1.27068e-05
6.77136e-05
0.000125117
0.000182073
0.000235777
0.000283608
0.000323265
0.0003529
0.000371294
0.000377999
0.000373375
0.000358544
0.000335232
0.000305519
0.000271668
0.000236077
0.000201193
0.000169336
0.000142584
0.000122716
0.000111121
0.000108667
0.000115615
0.000131558
0.000155435
0.000185668
0.000220343
0.000257374
0.000294626
0.000329989
0.000361443
0.00038712
0.000405376
0.000414856
0.000414577
0.000404009
0.00038312
0.00035239
0.000312779
0.000265643
0.000212598
0.000155427
9.60092e-05
3.62938e-05
-2.17556e-05
-7.62188e-05
-0.000125256
-0.000167128
-0.000200252
-0.000223313
-0.000235405
-0.000236101
-0.000225455
-0.000203955
-0.00017247
-0.000132145
-8.4324e-05
-3.05406e-05
2.74401e-05
8.76228e-05
0.000147817
0.000205718
0.000259073
0.000305881
0.000344512
0.000373765
0.00039291
0.000401705
0.000400347
0.000389412
0.000369855
0.000342994
0.000310432
0.000273963
0.000235478
0.000196873
0.000159926
0.000126179
9.68127e-05
7.24949e-05
5.32265e-05
3.82788e-05
2.63388e-05
1.58768e-05
5.64979e-06
-4.97729e-06
-1.61651e-05
-2.79036e-05
-4.00772e-05
-5.24343e-05
-6.47176e-05
-7.67553e-05
-8.83096e-05
-9.89936e-05
-0.000108494
-0.000116777
-0.000124048
-0.000130674
-0.000137207
-0.000144381
-0.000152906
-0.000163249
-0.000175583
-0.000189877
-0.000205983
-0.000223686
-0.000242761
-0.00026298
-0.000283965
-0.000304983
-0.000324889
-0.000342225
-0.000355351
-0.000362595
-0.000362521
-0.000354178
-0.000337128
-0.00031133
-0.000277121
-0.000235248
-0.00018683
-0.000133339
-7.66396e-05
-1.89598e-05
3.72492e-05
8.94922e-05
0.00013544
0.000173144
0.000201139
0.000218461
0.000224706
0.000220061
0.000205253
0.00018146
0.000150274
0.000113654
7.38357e-05
3.31869e-05
-5.90654e-06
-4.11696e-05
-7.05816e-05
-9.25152e-05
-0.000105836
-0.000109955
-0.000104825
-9.09212e-05
-6.92393e-05
-6.92393e-05
-4.1302e-05
-9.12933e-06
2.48355e-05
5.79084e-05
8.74463e-05
0.000111035
0.000126558
0.000132345
0.000127385
0.000111424
8.48947e-05
4.88248e-05
4.76456e-06
-4.53481e-05
-9.93407e-05
-0.000154925
-0.000209788
-0.000261677
-0.000308525
-0.000348564
-0.000380377
-0.000402896
-0.000415399
-0.000417514
-0.000409203
-0.000390668
-0.000362251
-0.000324399
-0.000277741
-0.000223133
-0.000161629
-9.44591e-05
-2.30541e-05
5.09062e-05
0.000125458
0.000198353
0.000267093
0.000328992
0.000381307
0.000421552
0.000447848
0.000459028
0.000454549
0.000434554
0.000399975
0.00035244
0.00029411
0.000227631
0.000156059
8.26362e-05
1.05446e-05
-5.72567e-05
-0.000118202
-0.000170303
-0.000212272
-0.000243548
-0.000264218
-0.000274856
-0.000276336
-0.000269724
-0.000256211
-0.000236956
-0.000212942
-0.000185043
-0.000154224
-0.000121569
-8.81111e-05
-5.47809e-05
-2.24788e-05
7.93684e-06
3.57105e-05
6.01591e-05
8.06021e-05
9.63941e-05
0.000107008
0.000112072
0.000111409
0.000105096
9.3494e-05
7.72365e-05
5.71405e-05
3.41037e-05
9.06205e-06
-1.70068e-05
-4.30801e-05
-6.80768e-05
-9.08399e-05
-0.000110187
-0.000125034
-0.000134511
-0.000138012
-0.000135264
-0.000126379
-0.000111852
-9.25225e-05
-6.95194e-05
-4.41797e-05
-1.79703e-05
7.58424e-06
3.09833e-05
5.08357e-05
6.59092e-05
7.51692e-05
7.78723e-05
7.36756e-05
6.26854e-05
4.54366e-05
2.28334e-05
-3.9294e-06
-3.34623e-05
-6.42864e-05
-9.49226e-05
-0.000123948
-0.000150029
-0.000171959
-0.000188715
-0.000199509
-0.000203852
-0.000201651
-0.000193274
-0.00017955
-0.000161717
-0.000141345
-0.000120165
-9.98729e-05
-8.20416e-05
-6.81224e-05
-5.93738e-05
-5.67139e-05
-6.06137e-05
-7.10761e-05
-8.76518e-05
-0.000109474
-0.00013533
-0.000163759
-0.000193134
-0.000221709
-0.000247638
-0.000269046
-0.000284165
-0.000291419
-0.000289517
-0.000277589
-0.000255266
-0.000222658
-0.000180392
-0.000129717
-7.25234e-05
-1.12038e-05
5.15219e-05
0.000112774
0.000169697
0.000219659
0.000260425
0.000290283
0.000308106
0.000313397
0.000306371
0.000287979
0.00025978
0.000223762
0.000182217
0.000137612
9.2395e-05
4.87981e-05
8.78914e-06
-2.5892e-05
-5.37718e-05
-7.37608e-05
-8.51901e-05
-8.77665e-05
-8.15761e-05
-6.7108e-05
-4.51882e-05
-1.68557e-05
1.67458e-05
5.44473e-05
9.50656e-05
0.000137347
0.00017997
0.000221631
0.000261086
0.000297124
0.000328588
0.000354427
0.000373753
0.000385865
0.000390298
0.00038689
0.000375814
0.000357583
0.000333023
0.000303229
0.00026955
0.000233527
0.000196798
0.000160995
0.000127678
9.82661e-05
7.39468e-05
5.56138e-05
4.38542e-05
3.89579e-05
4.09116e-05
4.93976e-05
6.38196e-05
8.33323e-05
0.000106852
0.000133063
0.000160441
0.000187304
0.000211885
0.000232442
0.000247405
0.000255543
0.000256075
0.00024869
0.000233572
0.000211421
0.000183371
0.000150827
0.000115356
7.86782e-05
4.26049e-05
8.87907e-06
-2.09488e-05
-4.55825e-05
-6.4085e-05
-7.59989e-05
-8.13466e-05
-8.05202e-05
-7.41433e-05
-6.29463e-05
-4.77206e-05
-2.93292e-05
-8.69139e-06
1.32401e-05
3.54559e-05
5.68911e-05
7.65185e-05
9.34443e-05
0.000106914
0.000116279
0.000120991
0.000120627
0.000114911
0.000103713
8.70761e-05
6.52982e-05
3.8988e-05
9.05167e-06
-2.33568e-05
-5.69029e-05
-9.01632e-05
-0.000121741
-0.000150378
-0.000175012
-0.000194786
-0.00020906
-0.000217482
-0.00022007
-0.000217236
-0.000209729
-0.000198567
-0.000184987
-0.000170362
-0.000156083
-0.000143481
-0.00013378
-0.000128027
-0.000127042
-0.000131418
-0.000141518
-0.00015745
-0.000179053
-0.000205894
-0.000237247
-0.000272031
-0.000308722
-0.000345335
-0.00037959
-0.000409182
-0.000431933
-0.000445895
-0.000449507
-0.000441761
-0.000422316
-0.000391513
-0.000350368
-0.000300572
-0.000244393
-0.000184449
-0.000123469
-6.41843e-05
-9.24162e-06
3.89881e-05
7.85796e-05
0.000108087
0.000126535
0.00013346
0.000128944
0.000113566
8.83306e-05
5.4646e-05
1.42901e-05
-3.06703e-05
-7.79921e-05
-0.000125355
-0.000170435
-0.000210999
-0.000245032
-0.000270846
-0.000287125
-0.00029298
-0.000287977
-0.000272111
-0.00024574
-0.000209551
-0.000164557
-0.000112068
-5.3652e-05
8.87994e-06
8.87994e-06
7.3458e-05
0.000137808
0.00019957
0.00025639
0.00030601
0.000346424
0.000376084
0.000393973
0.000399583
0.000392939
0.000374707
0.00034625
0.000309575
0.000267212
0.000222054
0.000177091
0.00013505
9.80498e-05
6.74865e-05
4.41329e-05
2.82455e-05
1.95935e-05
1.75311e-05
2.11495e-05
2.93758e-05
4.0965e-05
5.45473e-05
6.88351e-05
8.2817e-05
9.57564e-05
0.000107094
0.000116448
0.000123632
0.00012854
0.000131009
0.00013078
0.000127551
0.00012103
0.000110986
9.73087e-05
8.00884e-05
5.96793e-05
3.6689e-05
1.18982e-05
-1.37996e-05
-3.9414e-05
-6.3907e-05
-8.62813e-05
-0.000105653
-0.000121277
-0.000132598
-0.000139436
-0.000142205
-0.000141934
-0.000140059
-0.0001382
-0.000137977
-0.000140724
-0.000147197
-0.000157502
-0.000171299
-0.000188008
-0.000206855
-0.00022688
-0.000247027
-0.000266217
-0.000283328
-0.000297184
-0.000306694
-0.000311025
-0.000309656
-0.000302391
-0.000289407
-0.000271239
-0.000248661
-0.00022257
-0.000193967
-0.000163959
-0.000133723
-0.000104494
-7.75382e-05
-5.40725e-05
-3.5109e-05
-2.12864e-05
-1.27307e-05
-8.99713e-06
-9.13091e-06
-1.18147e-05
-1.55386e-05
-1.87877e-05
-2.02053e-05
-1.8613e-05
-1.29406e-05
-2.242e-06
1.42161e-05
3.6911e-05
6.60119e-05
0.000101229
0.000141647
0.000185621
0.00023076
0.000274156
0.000312848
0.000344168
0.000365794
0.000375797
0.000372758
0.000355826
0.000324711
0.000279753
0.000222021
0.00015335
7.63183e-05
-5.8531e-06
-8.95304e-05
-0.000170975
-0.000246633
-0.000313365
-0.000368571
-0.000410224
-0.000436877
-0.000447688
-0.000442446
-0.000421631
-0.000386463
-0.000338874
-0.000281417
-0.000217137
-0.000149372
-8.15039e-05
-1.67298e-05
4.21243e-05
9.27334e-05
0.000133356
0.000162868
0.000180767
0.000187149
0.000182654
0.000168405
0.00014598
0.000117398
8.49641e-05
5.10109e-05
1.77104e-05
-1.30319e-05
-3.96556e-05
-6.09651e-05
-7.60747e-05
-8.43656e-05
-8.54777e-05
-7.92992e-05
-6.59697e-05
-4.58827e-05
-1.96456e-05
1.19702e-05
4.80164e-05
8.73503e-05
0.00012872
0.000170884
0.000212639
0.000252815
0.000290305
0.00032407
0.000353121
0.000376545
0.000393575
0.000403675
0.000406618
0.000402534
0.000391902
0.000375496
0.000354328
0.000329579
0.000302522
0.000274449
0.000246615
0.000220194
0.000196229
0.000175577
0.00015888
0.000146578
0.000138888
0.000135764
0.000136915
0.000141868
0.000150021
0.000160655
0.000172971
0.000186123
0.000199227
0.000211365
0.000221627
0.000229191
0.000233356
0.000233572
0.000229489
0.000220999
0.000208211
0.000191434
0.000171174
0.000148118
0.000123078
9.69682e-05
7.0761e-05
4.5426e-05
2.18847e-05
9.76925e-07
-1.65824e-05
-3.02455e-05
-3.96573e-05
-4.46701e-05
-4.53528e-05
-4.19775e-05
-3.49867e-05
-2.49526e-05
-1.25198e-05
1.6601e-06
1.69723e-05
3.28535e-05
4.87985e-05
6.43625e-05
7.91402e-05
9.27362e-05
0.000104779
0.000114931
0.000122808
0.0001279
0.00012961
0.0001274
0.000120863
0.00010973
9.39039e-05
7.35137e-05
4.89126e-05
2.06433e-05
-1.05916e-05
-4.39363e-05
-7.83881e-05
-0.000112815
-0.000145961
-0.000176457
-0.00020289
-0.000223949
-0.000238534
-0.000245818
-0.000245295
-0.000236832
-0.000220621
-0.000197085
-0.000166855
-0.000130785
-8.99303e-05
-4.55422e-05
9.43186e-07
4.79653e-05
9.3915e-05
0.000137182
0.000176231
0.000209736
0.000236683
0.000256435
0.000268803
0.000274124
0.00027321
0.000267207
0.000257509
0.000245739
0.000233644
0.000222843
0.000214545
0.000209382
0.000207378
0.000208023
0.000210366
0.000213174
0.000215189
0.000215338
0.000212711
0.000206493
0.000196045
0.000180995
0.000161185
0.000136637
0.00010764
7.47911e-05
3.89412e-05
1.1543e-06
-3.73219e-05
-7.51625e-05
-0.000111096
-0.000143984
-0.000172879
-0.00019711
-0.000216339
-0.000230553
-0.000239994
-0.000245105
-0.000246447
-0.000244585
-0.00024003
-0.000233307
-0.000225
-0.000215678
-0.000205836
-0.000195923
-0.000186385
-0.000177648
-0.000170116
-0.0001642
-0.000160304
-0.000158756
-0.000159753
-0.000163344
-0.000169409
-0.000177618
-0.000187426
-0.000198135
-0.000209001
-0.000219331
-0.000228513
-0.000236005
-0.000241354
-0.000241354
-0.000244214
-0.000244376
-0.000241792
-0.000236599
-0.000229114
-0.000219811
-0.000209284
-0.000198233
-0.000187453
-0.000177713
-0.000169528
-0.000163157
-0.000158853
-0.000156853
-0.000157154
-0.000159493
-0.00016347
-0.000168535
-0.000173975
-0.000179085
-0.00018328
-0.000186077
-0.000187085
-0.00018607
-0.000183019
-0.000178119
-0.000171652
-0.000163922
-0.000155274
-0.000146118
-0.00013689
-0.000128021
-0.000119916
-0.000112929
-0.000107313
-0.000103225
-0.000100744
-9.9851e-05
-0.000100375
-0.000102009
-0.000104372
-0.000107059
-0.000109643
-0.000111687
-0.000112772
-0.000112505
-0.000110529
-0.000106545
-0.000100344
-9.18089e-05
-8.0918e-05
-6.77601e-05
-5.25266e-05
-3.54845e-05
-1.69617e-05
2.6632e-06
2.29696e-05
4.34833e-05
6.36419e-05
8.27511e-05
9.99609e-05
0.000114324
0.000124935
0.000131052
0.000132127
0.000127825
0.000118062
0.000103036
8.32191e-05
5.93796e-05
3.26361e-05
4.46523e-06
-2.33853e-05
-4.90763e-05
-7.0896e-05
-8.74165e-05
-9.75818e-05
-0.000100808
-9.70557e-05
-8.67643e-05
-7.06817e-05
-4.97806e-05
-2.52637e-05
1.48788e-06
2.90252e-05
5.58966e-05
8.06824e-05
0.000102082
0.000119059
0.000130932
0.000137381
0.000138411
0.000134326
0.000125662
0.000113125
9.75569e-05
7.99143e-05
6.1244e-05
4.26066e-05
2.49756e-05
9.1372e-06
-4.39269e-06
-1.54114e-05
-2.3982e-05
-3.03184e-05
-3.47193e-05
-3.75693e-05
-3.93113e-05
-4.03758e-05
-4.11291e-05
-4.18403e-05
-4.26418e-05
-4.35084e-05
-4.42811e-05
-4.47137e-05
-4.45476e-05
-4.36098e-05
-4.18466e-05
-3.9306e-05
-3.61583e-05
-3.27054e-05
-2.93069e-05
-2.62972e-05
-2.39877e-05
-2.26861e-05
-2.26334e-05
-2.39232e-05
-2.6483e-05
-3.01002e-05
-3.44491e-05
-3.9117e-05
-4.36613e-05
-4.77119e-05
-5.10617e-05
-5.36932e-05
-5.57509e-05
-5.75049e-05
-5.93077e-05
-6.15204e-05
-6.4423e-05
-6.81561e-05
-7.2721e-05
-7.79805e-05
-8.36286e-05
-8.92102e-05
-9.42243e-05
-9.82104e-05
-0.000100752
-0.000101468
-0.000100061
-9.63674e-05
-9.03556e-05
-8.21169e-05
-7.18693e-05
-5.99543e-05
-4.68083e-05
-3.29277e-05
-1.88484e-05
-5.12657e-06
7.6979e-06
1.91491e-05
2.887e-05
3.67082e-05
4.2815e-05
4.76547e-05
5.19143e-05
5.64244e-05
6.20901e-05
6.97476e-05
7.99671e-05
9.29422e-05
0.000108515
0.000126233
0.000145381
0.000165046
0.000184274
0.000202184
0.000217969
0.000230879
0.000240315
0.000245918
0.000247556
0.000245282
0.00023933
0.000230095
0.000218021
0.000203474
0.000186709
0.000167953
0.000147487
0.000125634
0.000102765
7.93472e-05
5.59671e-05
3.33089e-05
1.2113e-05
-6.85039e-06
-2.28062e-05
-3.50426e-05
-4.30073e-05
-4.63522e-05
-4.49083e-05
-3.86845e-05
-2.79299e-05
-1.31732e-05
4.79806e-06
2.4952e-05
4.6017e-05
6.65504e-05
8.50671e-05
0.000100149
0.00011055
0.000115306
0.000113764
0.000105551
9.0599e-05
6.92461e-05
4.23059e-05
1.10677e-05
-2.27866e-05
-5.7316e-05
-9.04663e-05
-0.000120225
-0.0001448
-0.000162759
-0.000173087
-0.000175222
-0.000169109
-0.000155211
-0.000134389
-0.00010779
-7.68107e-05
-4.30867e-05
-8.37431e-06
2.5588e-05
5.71483e-05
8.47935e-05
0.000107239
0.000123501
0.000132917
0.000135131
0.000130119
0.000118212
0.000100078
7.66833e-05
4.92553e-05
1.92435e-05
-1.17597e-05
-4.21408e-05
-7.03673e-05
-9.50378e-05
-0.000114931
-0.000129081
-0.000136832
-0.000137855
-0.00013214
-0.000120011
-0.000102115
-7.93565e-05
-5.28438e-05
-2.38371e-05
6.31039e-06
3.62348e-05
6.46543e-05
9.04631e-05
0.000112788
0.000130986
0.000144629
0.000153524
0.000157718
0.000157465
0.000153209
0.000145565
0.00013528
0.000123187
0.000110161
9.70349e-05
8.44905e-05
7.29883e-05
6.27778e-05
5.39352e-05
4.63874e-05
3.99511e-05
3.43976e-05
2.94892e-05
2.49583e-05
2.04938e-05
1.5785e-05
1.05772e-05
4.71073e-06
-1.81787e-06
-8.77475e-06
-1.56459e-05
-2.1664e-05
-2.59043e-05
-2.74583e-05
-2.56113e-05
-1.98798e-05
-9.95648e-06
4.23349e-06
2.23418e-05
4.3459e-05
6.61517e-05
8.86008e-05
0.000108742
0.000124437
0.000133715
0.000135009
0.00012736
0.00011059
8.54939e-05
5.39894e-05
1.9071e-05
-1.565e-05
-4.65945e-05
-7.05021e-05
-8.44054e-05
-8.58733e-05
-7.35402e-05
-4.74747e-05
-9.21481e-06
3.83884e-05
3.83884e-05
9.14441e-05
0.000145523
0.00019636
0.000240468
0.000275332
0.000299212
0.000311045
0.000310533
0.000297995
0.000273888
0.000238559
0.000192428
0.000136136
7.04071e-05
-3.91341e-06
-8.5376e-05
-0.000171428
-0.000258371
-0.000341565
-0.000415512
-0.000474127
-0.000511717
-0.000524186
-0.000509445
-0.000467279
-0.000399559
-0.000310466
-0.000205824
-9.20089e-05
2.44099e-05
0.000136556
0.000237697
0.000322027
0.000385025
0.0004236
0.00043647
0.000424465
0.000390287
0.000337903
0.000271947
0.000197188
0.000118184
3.90389e-05
-3.68603e-05
-0.000106951
-0.000169214
-0.000221765
-0.000262852
-0.000291124
-0.000305633
-0.000305712
-0.000291198
-0.000262762
-0.000221843
-0.000170331
-0.000110565
-4.54985e-05
2.14567e-05
8.6833e-05
0.000147262
0.000199459
0.000240471
0.000268114
0.000281147
0.00027917
0.000262566
0.000232488
0.000190658
0.000139087
7.99493e-05
1.56307e-05
-5.12471e-05
-0.000117875
-0.000181282
-0.00023835
-0.000286006
-0.000321586
-0.000343115
-0.000349367
-0.000339878
-0.000315011
-0.000275914
-0.000224383
-0.0001628
-9.41756e-05
-2.21116e-05
4.93575e-05
0.000116055
0.000174063
0.000220064
0.000251567
0.000267105
0.000266382
0.000250145
0.000219878
0.000177621
0.000125969
6.79582e-05
6.81467e-06
-5.42162e-05
-0.000111971
-0.000163583
-0.000206732
-0.000239749
-0.000261578
-0.000271729
-0.000270215
-0.000257486
-0.00023439
-0.000202116
-0.000162152
-0.000116298
-6.66691e-05
-1.55779e-05
3.46241e-05
8.1675e-05
0.000123507
0.000158339
0.000184752
0.000201726
0.000208641
0.000205294
0.000191921
0.000169203
0.000138227
0.000100448
5.76429e-05
1.18202e-05
-3.49124e-05
-8.04642e-05
-0.000122859
-0.00016031
-0.000191274
-0.000214477
-0.000228947
-0.000234048
-0.000229544
-0.000215636
-0.000192955
-0.000162528
-0.000125739
-8.42735e-05
-4.00225e-05
5.02933e-06
4.88708e-05
8.95234e-05
0.000125132
0.000154067
0.000175011
0.000187021
0.000189575
0.000182618
0.00016657
0.000142314
0.000111141
7.46831e-05
3.48341e-05
-6.36429e-06
-4.68485e-05
-8.46545e-05
-0.000118006
-0.000145387
-0.00016562
-0.000177919
-0.000181897
-0.000177562
-0.000165305
-0.000145866
-0.000120287
-8.98567e-05
-5.60263e-05
-2.03418e-05
1.55984e-05
5.0194e-05
8.19276e-05
0.00010943
0.000131524
0.000147277
0.000156074
0.000157635
0.000152006
0.000139556
0.000120966
9.71928e-05
6.94064e-05
3.89333e-05
7.19874e-06
-2.43348e-05
-5.42407e-05
-8.1199e-05
-0.00010405
-0.000121836
-0.000133856
-0.000139686
-0.000139188
-0.000132512
-0.000120086
-0.00010259
-8.09118e-05
-5.61227e-05
-2.94084e-05
-2.00177e-06
2.48563e-05
4.99544e-05
7.21809e-05
9.05907e-05
0.000104434
0.000113177
0.000116522
0.000114425
0.000107092
9.49611e-05
7.86861e-05
5.91036e-05
3.7185e-05
1.39798e-05
-9.42759e-06
-3.19492e-05
-5.25441e-05
-7.02892e-05
-8.44254e-05
-9.43749e-05
-9.97567e-05
-0.000100408
-9.63872e-05
-8.79626e-05
-7.56012e-05
-5.99449e-05
-4.17661e-05
-2.19331e-05
-1.38049e-06
1.89362e-05
3.80931e-05
5.52392e-05
6.96306e-05
8.06646e-05
8.79083e-05
9.11077e-05
9.01856e-05
8.52513e-05
7.66068e-05
6.47212e-05
5.01948e-05
3.37353e-05
1.6131e-05
-1.78921e-06
-1.91946e-05
-3.52948e-05
-4.93816e-05
-6.08498e-05
-6.9218e-05
-7.41619e-05
-7.55212e-05
-7.32924e-05
-6.76393e-05
-5.88868e-05
-4.74859e-05
-3.39961e-05
-1.90769e-05
-3.44232e-06
1.21916e-05
2.71213e-05
4.06739e-05
5.22585e-05
6.13933e-05
6.77034e-05
7.09441e-05
7.10314e-05
6.80304e-05
6.21298e-05
5.36477e-05
4.30293e-05
3.08067e-05
1.7559e-05
3.90325e-06
-9.52171e-06
-2.20964e-05
-3.32609e-05
-4.25387e-05
-4.95457e-05
-5.40012e-05
-5.57461e-05
-5.47486e-05
-5.10958e-05
-4.49959e-05
-3.67806e-05
-2.68759e-05
-1.57624e-05
-3.96044e-06
7.98291e-06
1.95237e-05
3.01452e-05
3.93737e-05
4.68075e-05
5.21434e-05
5.51807e-05
5.58227e-05
5.40833e-05
5.00863e-05
4.40559e-05
3.63053e-05
2.72242e-05
1.72586e-05
6.88135e-06
-3.43418e-06
-1.32252e-05
-2.205e-05
-2.9517e-05
-3.53099e-05
-3.91963e-05
-4.10333e-05
-4.07767e-05
-3.84801e-05
-3.42863e-05
-2.84197e-05
-2.11783e-05
-1.29177e-05
-4.03354e-06
5.05823e-06
1.39405e-05
2.22116e-05
2.95032e-05
2.95032e-05
3.54985e-05
3.99479e-05
4.26779e-05
4.35967e-05
4.26972e-05
4.00577e-05
4.00577e-05
