1.07055e-10
3.38789e-09
1.01994e-08
-4.61154e-08
-3.95655e-07
-1.32377e-06
-2.79975e-06
-4.38109e-06
-5.70198e-06
-6.79798e-06
-7.72356e-06
-8.24375e-06
-8.19781e-06
-7.80648e-06
-7.3832e-06
-7.02752e-06
-6.68921e-06
-6.27823e-06
-5.69507e-06
-4.90324e-06
-3.9775e-06
-3.08047e-06
-2.40603e-06
-2.09759e-06
-2.21499e-06
-2.78207e-06
-3.80202e-06
-5.21342e-06
-6.90024e-06
-8.7734e-06
-1.08235e-05
-1.30973e-05
-1.56306e-05
-1.83948e-05
-2.12916e-05
-2.41813e-05
-2.69075e-05
-2.93246e-05
-3.13297e-05
-3.28708e-05
-3.39251e-05
-3.44829e-05
-3.4545e-05
-3.41056e-05
-3.313e-05
-3.15593e-05
-2.93432e-05
-2.64699e-05
-2.29758e-05
-1.89355e-05
-1.44361e-05
-9.55204e-06
-4.33899e-06
1.16228e-06
6.92798e-06
1.29459e-05
1.91916e-05
2.56153e-05
3.21542e-05
3.87414e-05
4.53083e-05
5.18003e-05
5.82011e-05
6.45352e-05
7.08473e-05
7.71772e-05
8.35448e-05
8.99559e-05
9.6404e-05
0.000102849
0.000109195
0.000115291
0.000120954
0.000125965
0.000130078
0.000133043
0.000134646
0.000134719
0.000133151
0.000129884
0.000124891
0.000118148
0.000109608
9.92036e-05
8.68735e-05
7.25829e-05
5.63613e-05
3.83373e-05
1.87464e-05
-2.10248e-06
-2.38856e-05
-4.63205e-05
-6.91978e-05
-9.23932e-05
-0.000115859
-0.000139588
-0.000163543
-0.000187602
-0.000211537
-0.000235017
-0.000257652
-0.000279033
-0.000298786
-0.000316598
-0.000332226
-0.000345497
-0.000356313
-0.000364639
-0.000370456
-0.00037374
-0.000374437
-0.000372426
-0.000367499
-0.000359387
-0.000347831
-0.000332653
-0.000313853
-0.00029167
-0.000266569
-0.000239158
-0.00021009
-0.000179964
-0.000149221
-0.000118049
-8.63633e-05
-5.38596e-05
-2.00803e-05
1.55417e-05
5.36329e-05
9.47581e-05
0.000139295
0.000187405
0.00023906
0.000294011
0.000351747
0.000411507
0.000472314
0.000532942
0.000591854
0.000647186
0.000696792
0.00073838
0.000769683
0.000788624
0.000793496
0.000783163
0.000757157
0.000715517
0.000658378
0.000585561
0.000496347
0.000389525
0.000263851
0.000119036
-4.31218e-05
-0.000218137
-0.000398931
-0.000576339
-0.00074014
-0.000880825
-0.000991395
-0.00106803
-0.00110974
-0.00111778
-0.00109506
-0.00104507
-0.000971035
-0.00087573
-0.000762088
-0.000633663
-0.000494749
-0.000350258
-0.000205344
-6.47104e-05
6.81951e-05
0.000191619
0.000305401
0.000410519
0.000508592
0.00060139
0.000690331
0.000775895
0.000857161
0.000931803
0.000996647
0.00104836
0.00108401
0.00110167
0.00110162
0.00108732
0.0010654
0.00104437
0.00103315
0.0010398
0.00107029
0.0011275
0.00121112
0.00131889
0.00144809
0.00159638
0.00176201
0.00194286
0.00213403
0.00232427
0.00249276
0.00260799
0.00263051
0.00252097
0.00225078
0.00181014
0.00121136
0.000489263
-0.000302532
-0.00110267
-0.0018562
-0.00252286
-0.00307784
-0.00351034
-0.00382091
-0.0040153
-0.00409763
-0.00406862
-0.00392923
-0.00368515
-0.0033493
-0.00294238
-0.00249164
-0.00202723
-0.00157658
-0.00115997
-0.000789489
-0.00047132
-0.000208839
-5.13194e-06
0.000135584
0.000208044
0.000208169
0.000136809
2.7664e-06
-0.000176773
-0.00037833
-0.000575685
-0.000743912
-0.000862824
-0.000918575
-0.000903006
-0.000811681
-0.000642049
-0.000392475
-6.22502e-05
0.000347443
0.00083194
0.00138177
0.00198251
0.00261598
0.00326201
0.00390024
0.00451105
0.00507572
0.00557584
0.00599294
0.006309
0.00650806
0.00657767
0.00650993
0.00630188
0.00595538
0.00547602
0.00486993
0.00413734
0.00326444
0.0022202
0.000966863
-0.00051514
-0.00220324
-0.00402637
-0.00587292
-0.00760082
-0.00905469
-0.0101002
-0.0106589
-0.0107165
-0.0103082
-0.00950074
-0.008374
-0.0069994
-0.00542557
-0.00368479
-0.00181123
0.000145361
0.00211548
0.00401151
0.00573544
0.00719405
0.00831631
0.00906381
0.00943027
0.00943347
0.00910337
0.00846708
0.00753407
0.00629086
0.00471611
0.00281395
0.000644069
-0.0016738
-0.00397666
-0.0060781
-0.00779367
-0.00898218
-0.00958327
-0.00961981
-0.00916909
-0.00833055
-0.00719987
-0.00584742
-0.00431275
-0.0026239
-0.000826848
0.000997546
0.00273707
0.00426493
0.00426493
0.00545955
0.00622258
0.00649462
0.00626386
0.00555837
0.00442601
0.00292041
0.00110404
-0.000940369
-0.00310186
-0.00523877
-0.00718361
-0.00876113
-0.00981836
-0.0102542
-0.0100368
-0.00920604
-0.00786215
-0.00614282
-0.00419468
-0.00214948
-0.000113627
0.00182875
0.00360647
0.00515289
0.00640208
0.00729099
0.00776797
0.00780511
0.00740847
0.00662076
0.00551469
0.00418087
0.0027149
0.00120625
-0.000269429
-0.00165169
-0.00289012
-0.00393805
-0.00475131
-0.00529145
-0.00553002
-0.00545304
-0.00506576
-0.00439487
-0.00348558
-0.00239543
-0.00118893
6.51736e-05
0.0012946
0.00242409
0.00337782
0.00408624
0.00449717
0.00458578
0.00435797
0.00384839
0.00311619
0.00223581
0.00128134
0.000313053
-0.000625541
-0.00150269
-0.00229283
-0.00297157
-0.00351098
-0.00387881
-0.00404468
-0.00399019
-0.00371842
-0.00326086
-0.00267773
-0.00204745
-0.0014476
-0.000936727
-0.000543321
-0.000262921
-6.42296e-05
9.63441e-05
0.00025847
0.000447233
0.000668867
0.000912356
0.00115841
0.0013925
0.00161148
0.00181597
0.00199095
0.00208969
0.00203824
0.00176112
0.00120956
0.000379561
-0.000675787
-0.00184251
-0.0029665
-0.003896
-0.00451848
-0.0047771
-0.0046744
-0.00426531
-0.00363491
-0.0028701
-0.00204252
-0.00120551
-0.00039579
0.000365053
0.00106662
0.00170169
0.00225982
0.00272923
0.00310218
0.00337326
0.00353301
0.00356835
0.00347126
0.00324538
0.00290688
0.0024844
0.00201806
0.0015528
0.00112731
0.000766021
0.000477826
0.000258655
9.56209e-05
-2.68924e-05
-0.000120145
-0.000186407
-0.000219517
-0.00020999
-0.000150768
-3.98175e-05
0.000120806
0.000327121
0.000575043
0.000861453
0.00118345
0.00153499
0.00190215
0.00225969
0.00257063
0.0027902
0.0028742
0.00278942
0.00252173
0.00207999
0.00149647
0.000822752
0.000119902
-0.000553625
-0.00114938
-0.00163035
-0.00197037
-0.00215314
-0.00216929
-0.00201257
-0.00167859
-0.00116726
-0.000486336
0.000346229
0.00130091
0.00233536
0.00339348
0.00440555
0.0052908
0.00596503
0.0063549
0.00641383
0.00612998
0.00552598
0.0046561
0.00359842
0.00243629
0.00123702
4.32721e-05
-0.00112165
-0.00224463
-0.00331222
-0.00429827
-0.00515721
-0.0058302
-0.00625945
-0.00640155
-0.00623722
-0.00577695
-0.00505888
-0.00413758
-0.00306991
-0.00190573
-0.000685859
0.000555645
0.00178677
0.00297225
0.00407083
0.00503799
0.00583307
0.00642683
0.0068063
0.00697569
0.0069531
0.00676387
0.00643349
0.00598375
0.00543291
0.00479783
0.00409611
0.00334627
0.00256404
0.00175557
0.000914098
2.58021e-05
-0.000916657
-0.00189926
-0.00287723
-0.00377709
-0.00451167
-0.00500116
-0.00519326
-0.00508074
-0.0047112
-0.00417725
-0.00358766
-0.00303802
-0.00259479
-0.00229002
-0.00212188
-0.00206471
-0.00208768
-0.0021697
-0.00230021
-0.00247053
-0.00266629
-0.00286436
-0.00303148
-0.00312642
-0.00310956
-0.00295657
-0.00266568
-0.00225441
-0.00175071
-0.0011834
-0.000572901
7.53249e-05
0.000769574
0.00152239
0.00233739
0.00319703
0.00405452
0.00483439
0.00544762
0.00581957
0.00591509
0.00574518
0.00535812
0.00482778
0.00423787
0.00365633
0.00311321
0.00260134
0.00209533
0.00157072
0.00101784
0.000453064
-7.89759e-05
-0.000518299
-0.0008109
-0.000928091
-0.000880387
-0.000722901
-0.000545137
-0.00044532
-0.000501622
-0.000752463
-0.00119001
-0.00176908
-0.00243024
-0.00312467
-0.0038266
-0.00453369
-0.00526167
-0.00603219
-0.00685292
-0.0077011
-0.00852298
-0.00924672
-0.0097964
-0.0101011
-0.0101024
-0.00976145
-0.00905764
-0.00798188
-0.00653565
-0.00474081
-0.00264865
-0.000340329
0.00207639
0.00447078
0.00669937
0.00862469
0.0101333
0.0111441
0.0116083
0.0115057
0.0108395
0.00963323
0.00793042
0.00579767
0.00332697
0.000636679
-0.00213153
-0.00482284
-0.00728473
-0.00938102
-0.0110011
-0.0120653
-0.0125254
-0.0123614
-0.0115765
-0.0101969
-0.00827783
-0.00591195
-0.00591195
-0.00323219
-0.000398917
0.00242296
0.00508386
0.00746207
0.00947416
0.0110799
0.0122714
0.0130518
0.01342
0.0133685
0.0128879
0.0119758
0.010652
0.0089713
0.00702264
0.00491673
0.00276869
0.000682027
-0.00126393
-0.00301977
-0.00456213
-0.00588306
-0.00697871
-0.0078414
-0.00845604
-0.00880218
-0.00886222
-0.00863068
-0.00811838
-0.0073518
-0.00637147
-0.00522874
-0.00397921
-0.00267633
-0.0013698
-0.000106923
0.00106776
0.00211454
0.0029999
0.00369768
0.00419137
0.00447494
0.0045502
0.00442189
0.00409437
0.00357078
0.00285446
0.00195373
0.000890703
-0.000290639
-0.00152378
-0.00272573
-0.0038056
-0.00467586
-0.00526743
-0.00554217
-0.00549505
-0.00514881
-0.00454813
-0.00375313
-0.00282918
-0.00183738
-0.00083187
0.000138236
0.00102867
0.00180158
0.00242492
0.0028707
0.00311672
0.00315115
0.00297489
0.0026012
0.0020558
0.00137735
0.000615752
-0.000171981
-0.000925282
-0.00158283
-0.00208632
-0.00238506
-0.00243958
-0.00222415
-0.00172999
-0.000969165
2.39649e-05
0.0011953
0.00247582
0.00378648
0.00504417
0.00617023
0.00709939
0.00778491
0.00819852
0.00832792
0.00817423
0.00774756
0.00706026
0.00612243
0.00494388
0.00353969
0.00193493
0.000169568
-0.00169616
-0.00358114
-0.00539104
-0.00702949
-0.00840688
-0.00944792
-0.010099
-0.0103321
-0.010142
-0.00954286
-0.00856641
-0.00726266
-0.00569721
-0.00394693
-0.00209688
-0.000237195
0.00154365
0.00316751
0.00457131
0.00570653
0.00653742
0.00704015
0.00720062
0.00701178
0.00647402
0.00559988
0.00441938
0.00298237
0.00135819
-0.000366991
-0.00209588
-0.00372914
-0.00517443
-0.0063525
-0.00720034
-0.00767317
-0.00774538
-0.00741013
-0.0066786
-0.00558031
-0.00416355
-0.0024939
-0.00064955
0.00128482
0.00322341
0.00508362
0.00678966
0.00827395
0.00947579
0.0103401
0.0108193
0.010877
0.0104922
0.00966342
0.00841318
0.00679033
0.00486628
0.00272712
0.000464675
-0.00183079
-0.00407483
-0.00618929
-0.00810038
-0.00973723
-0.0110321
-0.0119228
-0.012358
-0.0123045
-0.0117541
-0.0107261
-0.00926589
-0.00743943
-0.00532567
-0.0030092
-0.000575655
0.0018901
0.00430422
0.00658395
0.00864841
0.0104213
0.0118358
0.0128409
0.0134071
0.0135283
0.0132206
0.0125164
0.0114569
0.0100845
0.00843899
0.00655804
0.00448405
0.00227338
1.48773e-06
-0.00223808
-0.00433837
-0.00618806
-0.00768676
-0.00876154
-0.00937513
-0.00952556
-0.00924265
-0.00858238
-0.00761651
-0.00642121
-0.00507177
-0.00364266
-0.0022065
-0.000830391
0.000426779
0.0015144
0.00239137
0.00302957
0.00341586
0.00354985
0.00344015
0.00310286
0.0025619
0.00184879
0.0010016
6.41089e-05
-0.000915323
-0.00188682
-0.00280326
-0.00362383
-0.00431527
-0.00485093
-0.00520812
-0.00536561
-0.0053036
-0.0050062
-0.00446506
-0.00368406
-0.0026836
-0.00150185
-0.000190781
0.00119048
0.00258207
0.00392883
0.00518391
0.0063092
0.00727279
0.00804619
0.00860328
0.00892108
0.00898199
0.00877685
0.00830747
0.00758756
0.00664144
0.00550186
0.00420846
0.0028071
0.00134907
-0.000109757
-0.00150973
-0.00278974
-0.00389318
-0.00477575
-0.0054112
-0.00579388
-0.00593896
-0.00587889
-0.00565485
-0.0053069
-0.00486879
-0.00436745
-0.00382363
-0.00325335
-0.00267226
-0.00210052
-0.00156306
-0.00108535
-0.000688482
-0.000385804
-0.00018094
-6.74221e-05
-3.09278e-05
-5.33108e-05
-0.000116194
-0.000202969
-0.000299656
-0.000395098
-0.000480316
-0.000547523
-0.000589891
-0.000602147
-0.000580701
-0.000522833
-0.000425933
-0.000287123
-0.000103118
0.000128365
0.000404457
0.000712901
0.00103172
0.00133252
0.0015841
0.00175607
0.00182346
0.00177094
0.00159375
0.00129611
0.000889091
0.000388599
-0.000186877
-0.000817402
-0.00148074
-0.00215101
-0.00279903
-0.00339472
-0.00390997
-0.00432062
-0.00460774
-0.00475859
-0.00476678
-0.00463099
-0.00435254
-0.00393327
-0.00337523
-0.00337523
-0.002683
-0.0018685
-0.000956539
1.21021e-05
0.000983004
0.00189472
0.00268686
0.00330879
0.00372895
0.00394119
0.00396283
0.00382556
0.00356556
0.00321653
0.00280507
0.00234873
0.00185923
0.0013492
0.000837193
0.000348086
-8.93919e-05
-0.000446557
-0.000700002
-0.000836829
-0.000856792
-0.000770214
-0.000593817
-0.00034688
-4.84151e-05
0.000284495
0.000636745
0.000993987
0.00134141
0.00166342
0.00194444
0.00217065
0.00233234
0.00242528
0.00245049
0.0024126
0.00231784
0.00217227
0.00198073
0.00174671
0.00147345
0.00116613
0.000833721
0.000489105
0.000147599
-0.000174879
-0.000463659
-0.000707231
-0.00089854
-0.00103489
-0.00111688
-0.00114728
-0.00113007
-0.00106963
-0.000970166
-0.000835793
-0.000671015
-0.000480906
-0.000271536
-5.21555e-05
0.000160639
0.000339302
0.000445496
0.000435505
0.00027043
-7.17191e-05
-0.000587552
-0.00124717
-0.00199831
-0.00277294
-0.00349847
-0.00411364
-0.00458003
-0.00488144
-0.00501549
-0.00498646
-0.00480042
-0.00446083
-0.00396757
-0.00332189
-0.00253379
-0.00162579
-0.000632631
0.000401851
0.00142992
0.00240668
0.00329519
0.00406703
0.00469901
0.00516991
0.00545986
0.00555177
0.00543439
0.00510733
0.00458659
0.00390633
0.0031148
0.00226662
0.00141444
0.000601581
-0.000142449
-0.000800679
-0.00136208
-0.00181434
-0.00214023
-0.00231753
-0.00232236
-0.00213592
-0.00175274
-0.0011853
-0.000462903
0.000372942
0.00127348
0.00218578
0.00305136
0.00380048
0.00434851
0.00460199
0.00447788
0.00392908
0.00296195
0.00163776
6.37277e-05
-0.00162115
-0.00327219
-0.0047756
-0.00607251
-0.00715294
-0.00803133
-0.00872326
-0.00922737
-0.0095138
-0.00952863
-0.00921639
-0.00854586
-0.00752491
-0.00620219
-0.00465831
-0.00298734
-0.00127401
0.000422911
0.00207306
0.00366392
0.00518473
0.00661325
0.00791002
0.0090202
0.00987975
0.0104246
0.0106033
0.0103898
0.00978996
0.00883836
0.00759157
0.00612306
0.00451627
0.00285476
0.0012151
-0.000335609
-0.0017416
-0.00296085
-0.00396423
-0.00473188
-0.0052517
-0.00552105
-0.00554754
-0.0053475
-0.00494417
-0.00436682
-0.00364921
-0.00282686
-0.001935
-0.00100878
-8.47637e-05
0.000798932
0.00160483
0.00229907
0.00285397
0.00325117
0.00348572
0.00356688
0.00351247
0.00333732
0.00304112
0.00260348
0.00199356
0.00118995
0.000196649
-0.000950772
-0.0021827
-0.00339809
-0.00448212
-0.0053347
-0.00589103
-0.00612596
-0.00604878
-0.00569209
-0.00509586
-0.00429513
-0.00332068
-0.00221075
-0.00102311
0.000161785
0.00124959
0.00214911
0.00279015
0.00313784
0.0032016
0.00303158
0.00269866
0.00226839
0.00178517
0.00126997
0.000726629
0.000154847
-0.000432185
-0.00099624
-0.00147748
-0.00180928
-0.00193515
-0.00182256
-0.00147134
-0.000913182
-0.000201515
0.000603205
0.00144522
0.00227854
0.00306624
0.00377617
0.00437517
0.00482643
0.00509352
0.00514826
0.0049765
0.00457987
0.00397579
0.00319633
0.0022843
0.00128819
0.000259005
-0.000750567
-0.00168621
-0.0024924
-0.00311514
-0.00350917
-0.00364823
-0.00353241
-0.00318841
-0.00266346
-0.00201594
-0.00130449
-0.000577133
0.000134072
0.000810187
0.00143762
0.00200062
0.00247555
0.00282851
0.00302008
0.0030167
0.00280196
0.00238267
0.00178864
0.001067
0.000272466
-0.000542476
-0.00133342
-0.00206507
-0.00270886
-0.0032391
-0.00362938
-0.00385146
-0.00387814
-0.00368945
-0.00327975
-0.0026626
-0.00187194
-0.000959876
8.244e-06
0.00096009
0.00182319
0.0025324
0.00303649
0.00330163
0.00331309
0.00307784
0.00262475
0.00199723
0.00124129
0.000397642
-0.000500235
-0.00142631
-0.00235944
-0.00327485
-0.00413441
-0.0048845
-0.00546156
-0.00580029
-0.0058443
-0.00555977
-0.00494547
-0.00403154
-0.00287005
-0.00152517
-6.55428e-05
0.00144253
0.00293837
0.00436442
0.00566128
0.0067666
0.00761941
0.00816749
0.00837506
0.00822884
0.00774097
0.00694752
0.0059026
0.00466932
0.00466932
0.00331197
0.00189175
0.00046567
-0.000913251
-0.00219529
-0.00333351
-0.00428495
-0.00501394
-0.00549613
-0.00572045
-0.00568805
-0.00540936
-0.0049014
-0.00418593
-0.00328816
-0.00223665
-0.00106553
0.0001825
0.00145499
0.00269196
0.0038299
0.00480635
0.00556538
0.00606411
0.00627722
0.00619672
0.00582896
0.0051918
0.00431261
0.00322688
0.00197821
0.000619885
-0.000784371
-0.00216215
-0.00343659
-0.00453308
-0.00538732
-0.00595166
-0.00619847
-0.00612123
-0.00573367
-0.00506667
-0.00416432
-0.00308167
-0.00188352
-0.000642747
0.000563468
0.00165964
0.00257886
0.00326868
0.00369598
0.00385099
0.00374733
0.00341589
0.00289608
0.00223038
0.00146209
0.000633468
-0.000215651
-0.0010464
-0.00181836
-0.00249025
-0.00302489
-0.00339603
-0.00359351
-0.00362452
-0.00351061
-0.0032822
-0.00297234
-0.00261035
-0.00221692
-0.00180339
-0.0013754
-0.000937936
-0.000498982
-7.10188e-05
0.000329505
0.000684562
0.000978331
0.00120082
0.00134923
0.00142643
0.00143838
0.00139203
0.0012935
0.00114631
0.000950936
0.000706279
0.000412159
7.1715e-05
-0.000307502
-0.000714582
-0.00113752
-0.0015643
-0.00198215
-0.00237629
-0.0027298
-0.00302408
-0.00323958
-0.00335704
-0.0033604
-0.00324129
-0.00300244
-0.00265762
-0.00222895
-0.00174363
-0.00123026
-0.000714741
-0.000217672
0.000245303
0.000661799
0.00102155
0.00131578
0.00153658
0.00167724
0.00173401
0.00170811
0.00160624
0.0014395
0.00122185
0.000968957
0.000696764
0.000420415
0.000154013
-8.888e-05
-0.000294994
-0.000451909
-0.000549131
-0.000579272
-0.000539097
-0.000430098
-0.00025805
-3.16297e-05
0.000239219
0.000544781
0.000876997
0.00123038
0.00160163
0.00198811
0.00238654
0.00279249
0.00319942
0.0035963
0.00396417
0.00427412
0.00448822
0.00456322
0.00445627
0.00413315
0.00357775
0.00279839
0.00182719
0.000716062
-0.000467276
-0.00164617
-0.00274744
-0.00371276
-0.00450166
-0.00508905
-0.00546435
-0.00563104
-0.00560197
-0.00539233
-0.0050163
-0.00448794
-0.00382174
-0.00303319
-0.00214198
-0.00117622
-0.000172519
0.000827547
0.00178005
0.00263967
0.00336261
0.00391175
0.00426013
0.00439119
0.00429856
0.00398685
0.00347209
0.0027805
0.00194618
0.00100902
1.26706e-05
-0.000998425
-0.00198186
-0.00289874
-0.00371381
-0.00439537
-0.00491462
-0.00524457
-0.00535991
-0.00523971
-0.00487203
-0.00425854
-0.00341853
-0.00239118
-0.00123351
-1.28055e-05
0.00120234
0.00234838
0.00337014
0.00422255
0.00487089
0.00528974
0.00546226
0.00538127
0.0050521
0.00449545
0.00374748
0.00285606
0.00187473
0.000855954
-0.000155158
-0.0011244
-0.00202667
-0.00284058
-0.00354405
-0.004112
-0.00451531
-0.00472224
-0.0047048
-0.00444808
-0.0039566
-0.00325531
-0.00238688
-0.00140609
-0.000371546
0.000662931
0.00165255
0.00256068
0.00335606
0.00401045
0.00449712
0.00479099
0.00487171
0.00472861
0.00436491
0.00379957
0.00306602
0.00220842
0.00127651
0.000320711
-0.000611246
-0.00147559
-0.00223302
-0.00284951
-0.00329764
-0.00355852
-0.00362469
-0.00350228
-0.00321037
-0.00277766
-0.00223823
-0.00162697
-0.000974341
-0.00030277
0.000372512
0.00103911
0.00168368
0.00229051
0.00284084
0.00331272
0.00368289
0.00393126
0.00404493
0.00401954
0.00385831
0.00357076
0.00317162
0.00267954
0.00211526
0.00150029
0.000856459
0.000205527
-0.000430933
-0.00103094
-0.00157168
-0.00203026
-0.00238493
-0.00261604
-0.0027077
-0.00265051
-0.00244347
-0.0020945
-0.00162031
-0.00104583
-0.000401859
0.000278592
0.000963598
0.00162423
0.00223558
0.00277709
0.00323204
0.00358651
0.00382843
0.00394661
0.00392896
0.00376159
0.00343163
0.00293294
0.0022706
0.00146211
0.000537637
-0.000460214
-0.00147978
-0.00246751
-0.0033747
-0.0041608
-0.00479443
-0.00525316
-0.00552191
-0.00559085
-0.00545459
-0.00511359
-0.00457626
-0.00386008
-0.00299056
-0.0019995
-0.000924017
0.000192832
0.00130065
0.00130065
0.00234116
0.00325128
0.00397062
0.00445015
0.00465978
0.00459487
0.00428013
0.00376586
0.00311582
0.00239387
0.00165346
0.00092909
0.000231308
-0.000448915
-0.00112723
-0.00181342
-0.0025041
-0.00317751
-0.00379005
-0.004281
-0.00458755
-0.0046608
-0.00447422
-0.00402667
-0.0033444
-0.00247853
-0.00149493
-0.000461665
0.000558464
0.00151055
0.0023497
0.00304286
0.0035674
0.00390785
0.00405501
0.00400813
0.00377594
0.00337491
0.00282774
0.00216377
0.00141844
0.000630268
-0.000162261
-0.000921843
-0.00161269
-0.00220163
-0.00265949
-0.00296217
-0.003092
-0.00303935
-0.00280351
-0.00239176
-0.00181731
-0.00109799
-0.000257551
0.000670818
0.00164101
0.00259352
0.00345793
0.0041573
0.00461576
0.00477129
0.00458865
0.00406568
0.0032328
0.00214975
0.000897916
-0.000434175
-0.00176532
-0.00302721
-0.00416298
-0.00512634
-0.00588168
-0.00640121
-0.00666113
-0.00664282
-0.00633843
-0.00575576
-0.0049193
-0.0038685
-0.00265416
-0.00133358
3.35325e-05
0.00138553
0.00265638
0.00377529
0.00467195
0.00528451
0.00556654
0.00549336
0.00506808
0.00432299
0.00331361
0.00210888
0.000782783
-0.000592053
-0.00194843
-0.00322451
-0.00436012
-0.00529351
-0.00596296
-0.00631348
-0.00630561
-0.00592266
-0.00517403
-0.00409451
-0.00273986
-0.00118026
0.000506414
0.00224032
0.00394266
0.00553569
0.00694103
0.00807955
0.0088758
0.00926717
0.00921421
0.00870695
0.00776644
0.00644401
0.00481793
0.0029851
0.00104965
-0.000885742
-0.002724
-0.00437612
-0.00576388
-0.00682256
-0.00750335
-0.00777693
-0.00763827
-0.00711007
-0.00624121
-0.00509929
-0.00376136
-0.00230676
-0.000811304
0.00065886
0.00205057
0.00332054
0.0044291
0.00533738
0.00600866
0.00641062
0.0065179
0.00631681
0.00581081
0.00502232
0.00399017
0.00276522
0.00140623
-2.48463e-05
-0.00146757
-0.00286569
-0.00416653
-0.00531899
-0.00627237
-0.00697765
-0.00739154
-0.00748192
-0.00723298
-0.00664897
-0.00575591
-0.00460023
-0.00324368
-0.00175654
-0.000211477
0.00132069
0.00277395
0.00408902
0.00521438
0.00610702
0.00673374
0.00707268
0.00711291
0.00685209
0.00629441
0.00545077
0.00434047
0.00299387
0.00145714
-0.000202721
-0.00189809
-0.00352828
-0.0049901
-0.00618826
-0.00704637
-0.00751712
-0.00758577
-0.00726512
-0.0065882
-0.00560374
-0.00437272
-0.00296361
-0.0014488
9.56345e-05
0.00159008
0.0029569
0.00412963
0.00505994
0.00571993
0.0061016
0.00621499
0.00608359
0.00573751
0.00520759
0.00452369
0.00371594
0.00281588
0.00185597
0.000869079
-0.000111174
-0.00105145
-0.00192202
-0.0026995
-0.00336546
-0.00390274
-0.00429389
-0.00452279
-0.00457679
-0.00444819
-0.0041363
-0.00365025
-0.00301085
-0.00224916
-0.0014023
-0.000508859
0.000394015
0.00127123
0.00208872
0.0028118
0.00340442
0.00383026
0.00405572
0.00405447
0.00381363
0.00333915
0.00265746
0.00181304
0.000863784
-0.000125587
-0.00109199
-0.00198088
-0.00274844
-0.00336085
-0.0037947
-0.00403825
-0.00409053
-0.00395838
-0.00365442
-0.00319641
-0.00260596
-0.00190598
-0.0011193
-0.000269507
0.000617952
0.00151521
0.00239085
0.00320826
0.00392647
0.00450471
0.00490797
0.00511069
0.00509909
0.00487361
0.00445057
0.00386064
0.0031445
0.00234831
0.00152014
0.000706085
-5.49307e-05
-0.000735166
-0.00131894
-0.0018017
-0.00218871
-0.00249182
-0.00272333
-0.0028909
-0.00299701
-0.0030404
-0.00301566
-0.00291304
-0.00272267
-0.00244027
-0.00206898
-0.00161753
-0.00109951
-0.000534294
5.37533e-05
0.000637862
0.00119058
0.00168349
0.00208719
0.00237324
0.00251753
0.00250338
0.00232361
0.00198281
0.00149981
0.000907856
0.000250211
-0.000426613
-0.00107792
-0.00166366
-0.00215099
-0.00251652
-0.00274643
-0.0028347
-0.00278186
-0.00259525
-0.00228953
-0.00188628
-0.00141227
-0.00089727
-0.000372246
0.000132561
0.000590066
0.000978435
0.00128207
0.00149203
0.00160642
0.00160642
0.0016303
0.00157495
0.0014565
0.00129358
0.0011049
0.000907787
0.00071752
0.000546499
0.000403777
0.000295998
0.000228484
0.000204575
0.000223598
0.000279169
0.000358732
0.000444179
0.000513072
0.000540051
0.000499251
0.000369108
0.000139048
-0.000185222
-0.000581155
-0.00101341
-0.00143943
-0.00181471
-0.00209936
-0.0022656
-0.00230161
-0.00220863
-0.00199532
-0.00167431
-0.00126096
-0.000772577
-0.000229192
0.000344303
0.000917651
0.00145836
0.00193674
0.00232997
0.00262404
0.00281372
0.00290075
0.00289026
0.00278643
0.00259047
0.00230264
0.0019265
0.0014724
0.000959331
0.000414461
-0.000130604
-0.000645869
-0.00110826
-0.00150412
-0.001829
-0.00208519
-0.00227735
-0.00240785
-0.0024741
-0.00246871
-0.00238167
-0.00220382
-0.00193127
-0.00156856
-0.00112868
-0.000630614
-9.76312e-05
0.000442765
0.000959664
0.00142128
0.00179766
0.00206249
0.00219524
0.0021843
0.00202965
0.001743
0.00134577
0.000866393
0.00033731
-0.000209108
-0.000744337
-0.00124504
-0.00169191
-0.00206831
-0.00236026
-0.00255658
-0.00264843
-0.00262912
-0.00249555
-0.00225067
-0.00190503
-0.00147708
-0.000992199
-0.000479959
2.97926e-05
0.000510897
0.000944031
0.00131863
0.00163274
0.0018906
0.0020995
0.00226747
0.00240143
0.00250563
0.00258101
0.002626
0.00263787
0.00261315
0.00254726
0.00243482
0.00227119
0.00205401
0.00178311
0.00146007
0.00108921
0.000678909
0.000241315
-0.000209142
-0.000656847
-0.00108522
-0.00147661
-0.00181264
-0.0020754
-0.00224929
-0.00232229
-0.00228666
-0.00213987
-0.0018857
-0.0015345
-0.00110234
-0.000609679
-8.03763e-05
0.000458655
0.00097794
0.00144693
0.00183626
0.00211976
0.00227604
0.00229036
0.00215654
0.00187754
0.00146441
0.000934784
0.000312072
-0.000374723
-0.00109134
-0.00179971
-0.00246043
-0.00303522
-0.00348923
-0.00379396
-0.00393032
-0.0038903
-0.00367659
-0.00330113
-0.00278399
-0.00215287
-0.00144241
-0.000692351
5.49359e-05
0.000756798
0.00137279
0.00186843
0.0022194
0.00241393
0.00245202
0.00234319
0.00210382
0.00175425
0.00131544
0.000806554
0.0002449
-0.000352188
-0.00096561
-0.00157368
-0.00215168
-0.00267216
-0.00310709
-0.0034316
-0.00362703
-0.00368207
-0.00359332
-0.00336567
-0.00301175
-0.00254981
-0.00200163
-0.00139165
-0.000746342
-9.30065e-05
0.000541869
0.00113408
0.0016638
0.0021185
0.00249493
0.00279753
0.00303403
0.0032116
0.00333467
0.00340289
0.00340951
0.00334339
0.00319463
0.00295945
0.00264173
0.00225199
0.00180516
0.00131727
0.00080252
0.000272575
-0.000261867
-0.000788452
-0.00129078
-0.00174753
-0.00213379
-0.00242417
-0.00259685
-0.00263771
-0.00254305
-0.00231983
-0.00198344
-0.00155433
-0.00105499
-0.000508504
6.21137e-05
0.000634337
0.00118622
0.00169574
0.00214034
0.00249761
0.00274701
0.00287199
0.002862
0.00271402
0.00243322
0.0020336
0.00153815
0.000977476
0.000386351
-0.000200021
-0.00074866
-0.00123118
-0.00162646
-0.00192231
-0.00211487
-0.00220677
-0.00220534
-0.00212117
-0.00196598
-0.0017502
-0.00148173
-0.00116659
-0.000810023
-0.000417239
4.9457e-06
0.000445067
0.000884666
0.00129896
0.00165941
0.00193608
0.00210098
0.00213337
0.00202485
0.00178071
0.00141871
0.000967605
0.000464307
-5.22253e-05
-0.000547688
-0.000995259
-0.00137515
-0.00167441
-0.00188682
-0.00201049
-0.00204452
-0.00198805
-0.00184204
-0.00161085
-0.00130263
-0.000929865
-0.000509646
-6.25365e-05
0.000389984
0.000827682
0.00123251
0.00158899
0.00188455
0.00210956
0.00225698
0.00232226
0.00230397
0.00220469
0.00203142
0.00179524
0.00151065
0.00119445
0.00086432
0.000537571
0.000230372
-4.26004e-05
-0.000268663
-0.000438106
-0.000545409
-0.000590021
-0.000576348
-0.000513181
-0.000412889
-0.000290077
-0.000159514
-3.40255e-05
7.67144e-05
0.00016652
0.000232948
0.000277597
0.000305493
0.000322841
0.000334062
0.000339722
0.000335387
0.00031071
0.000250013
0.000136298
0.000136298
-4.27561e-05
-0.000290561
-0.000599993
-0.000952746
-0.00132047
-0.00166982
-0.0019692
-0.00219268
-0.00232033
-0.00233812
-0.00223831
-0.00201916
-0.00168426
-0.00124344
-0.000715521
-0.000130872
0.000469537
0.00103989
0.00153736
0.00192799
0.00218993
0.00231558
0.00231061
0.00218824
0.00196172
0.00164032
0.00122991
0.000735707
0.000166931
-0.00045717
-0.00110341
-0.00172658
-0.00227612
-0.00270422
-0.00297375
-0.00306511
-0.00297889
-0.00273215
-0.00235141
-0.00186646
-0.00130588
-0.000693709
-4.90555e-05
0.000610314
0.00126382
0.00188692
0.00245254
0.00293303
0.00330234
0.00353857
0.00362581
0.00355384
0.00331731
0.00291658
0.00235994
0.00166515
0.000860104
-1.63287e-05
-0.000915288
-0.00178332
-0.00257032
-0.00323541
-0.00374953
-0.00409665
-0.00427317
-0.0042838
-0.00413602
-0.00383705
-0.00339417
-0.00281638
-0.00211642
-0.00131356
-0.000435688
0.000481662
0.00139881
0.0022751
0.0030706
0.00374789
0.00427443
0.00462401
0.00477678
0.00471965
0.0044485
0.00397071
0.00330584
0.00248429
0.00154492
0.00053247
-0.000505925
-0.00152418
-0.00247923
-0.003331
-0.00404169
-0.00457591
-0.00490206
-0.00499496
-0.00483933
-0.00443264
-0.00378651
-0.00292702
-0.00189408
-0.000739208
0.000477926
0.00169313
0.0028408
0.00385698
0.0046833
0.00527226
0.00559165
0.00562634
0.00537794
0.00486412
0.0041165
0.00317597
0.00208809
0.000901019
-0.000334666
-0.00156687
-0.00274331
-0.00381275
-0.00472698
-0.00544421
-0.00593288
-0.00617453
-0.00616489
-0.00591319
-0.00543984
-0.00477328
-0.0039472
-0.00299863
-0.0019674
-0.000896129
0.00016995
0.0011844
0.00210226
0.00288341
0.00349609
0.00391958
0.00414521
0.00417537
0.00402119
0.00369947
0.00322969
0.00263257
0.00193051
0.00114907
0.000317746
-0.000530092
-0.00135788
-0.00212715
-0.00279985
-0.00334103
-0.00372095
-0.00391606
-0.0039097
-0.00369353
-0.00326889
-0.00264707
-0.00184927
-0.000907434
0.000135504
0.00122826
0.00231617
0.0033455
0.00426636
0.00503528
0.00561769
0.00598919
0.00613511
0.00604939
0.00573391
0.00519834
0.00446023
0.003545
0.00248566
0.00132187
9.82607e-05
-0.00113729
-0.002335
-0.00344511
-0.00442074
-0.00522069
-0.00581119
-0.00616699
-0.0062728
-0.00612518
-0.00573313
-0.005117
-0.00430628
-0.00333748
-0.00225184
-0.001093
9.51799e-05
0.00127003
0.00239102
0.00342022
0.00432244
0.00506558
0.00562198
0.00597
0.00609479
0.0059884
0.00565027
0.00508909
0.00432436
0.00338584
0.00231164
0.00114678
-5.82416e-05
-0.00125072
-0.00238037
-0.00340265
-0.00427986
-0.00498062
-0.00547865
-0.00575179
-0.00578265
-0.00556052
-0.00508372
-0.00436179
-0.00341769
-0.00228893
-0.00102576
0.000313335
0.00166692
0.00297423
0.00417749
0.00522383
0.00606689
0.00666746
0.00699393
0.00702406
0.00674808
0.00617144
0.00531578
0.00421767
0.00292581
0.0014974
-5.77502e-06
-0.00152131
-0.0029892
-0.00435355
-0.00556354
-0.00657438
-0.00734852
-0.00785665
-0.00807888
-0.00800551
-0.00763761
-0.00698686
-0.0060751
-0.00493394
-0.00360423
-0.00213434
-0.000578177
0.00100598
0.00255639
0.0040106
0.00530954
0.00640096
0.00724097
0.00779468
0.00803713
0.0079553
0.00755026
0.00683804
0.0058494
0.00462965
0.00323789
0.0017437
0.000221127
-0.00125777
-0.00262833
-0.00383735
-0.00484519
-0.00562457
-0.00615719
-0.00643075
-0.00643771
-0.00617519
-0.00564624
-0.00486337
-0.00385278
-0.00265558
-0.00132532
7.60134e-05
0.00148233
0.00282894
0.00405817
0.00512232
0.00598355
0.00661235
0.00698609
0.00708853
0.00691067
0.00645292
0.00572748
0.00476009
0.00359032
0.00227022
0.000860745
-0.00057331
-0.00196828
-0.00326504
-0.00441111
-0.00536229
-0.00608368
-0.00655014
-0.00674671
-0.00666989
-0.00632888
-0.00574576
-0.00495394
-0.00399552
-0.00291791
-0.00177038
-0.000601238
0.000543419
0.00161999
0.00258773
0.00340957
0.00405293
0.00405293
0.00449081
0.00470407
0.00468436
0.00443577
0.00397465
0.00332819
0.00253254
0.00163042
0.000668239
-0.000306627
-0.00124775
-0.00211118
-0.00285717
-0.00345218
-0.00387082
-0.00409744
-0.00412735
-0.00396732
-0.00363463
-0.00315474
-0.00255853
-0.00188015
-0.00115548
-0.000420469
0.000290295
0.000944461
0.00151273
0.00197031
0.00229874
0.00248716
0.00253258
0.00243886
0.00221512
0.0018741
0.00143105
0.000902774
0.000307589
-0.000333748
-0.00099703
-0.00165504
-0.00227921
-0.00284143
-0.00331583
-0.00368075
-0.00392013
-0.00402364
-0.00398579
-0.00380453
-0.00348005
-0.00301469
-0.00241449
-0.00169147
-0.000865532
3.46827e-05
0.000972336
0.00190508
0.00278942
0.00358485
0.00425613
0.00477444
0.00511791
0.00527192
0.00522897
0.00498856
0.00455795
0.00395408
0.00320508
0.00234932
0.00143196
0.000500694
-0.000398331
-0.00122473
-0.00194775
-0.00254819
-0.00301738
-0.00335424
-0.00356236
-0.00364767
-0.00361655
-0.00347461
-0.00322691
-0.00287931
-0.00243942
-0.00191697
-0.00132456
-0.000679177
-2.49838e-06
0.000681026
0.00134643
0.00196907
0.0025252
0.00299409
0.00335998
0.00361178
0.00374136
0.00374274
0.00361238
0.0033504
0.00296206
0.00245892
0.00185924
0.00118782
0.000475095
-0.000245324
-0.000939756
-0.00157689
-0.00212902
-0.00257265
-0.00288881
-0.00306357
-0.00308867
-0.00296222
-0.00268923
-0.00228225
-0.00176159
-0.00115434
-0.000492333
0.00019012
0.000858514
0.00148021
0.00202612
0.00247183
0.0027983
0.00299209
0.00304567
0.00295794
0.00273469
0.0023886
0.00193853
0.00140841
0.000825484
0.00021797
-0.000387246
-0.000966266
-0.00149884
-0.00196848
-0.00236248
-0.00267169
-0.0028901
-0.00301462
-0.00304547
-0.0029869
-0.00284715
-0.00263673
-0.0023655
-0.00204015
-0.00166379
-0.00123743
-0.000762452
-0.000243485
0.000308643
0.00087522
0.00143103
0.00194849
0.00240216
0.0027721
0.00304579
0.00321796
0.0032881
0.00325697
0.00312463
0.00289107
0.00255881
0.00213606
0.00163894
0.0010917
0.000524625
-2.94815e-05
-0.000539768
-0.00098163
-0.00133922
-0.00160519
-0.00177865
-0.00186311
-0.00186484
-0.00179194
-0.00165419
-0.00146387
-0.00123627
-0.000988517
-0.000736891
-0.00049458
-0.000270869
-7.1203e-05
0.000102306
0.000249335
0.000368839
0.000457215
0.000508598
0.000516855
0.000477719
0.000390215
0.000257404
8.63333e-05
-0.000113219
-0.000330822
-0.000557006
-0.000783476
-0.00100228
-0.00120489
-0.00138168
-0.00152181
-0.00161365
-0.00164579
-0.00160873
-0.00149658
-0.00130825
-0.00104758
-0.000723002
-0.000347688
6.03293e-05
0.000479139
0.000885265
0.00125592
0.00157055
0.00181252
0.00197096
0.00204159
0.00202577
0.0019288
0.00175856
0.00152463
0.00123761
0.00090895
0.00055139
0.000179351
-0.000191666
-0.00054654
-0.00087205
-0.00115787
-0.00139713
-0.00158662
-0.00172648
-0.00181912
-0.00186765
-0.0018746
-0.00184133
-0.00176791
-0.00165349
-0.00149689
-0.00129755
-0.00105705
-0.000780246
-0.000475093
-0.000151658
0.000178517
0.000502902
0.000809144
0.00108624
0.00132462
0.00151559
0.00165116
0.00172468
0.00173154
0.00166993
0.00154099
0.0013486
0.0010989
0.000799813
0.00046047
9.0894e-05
-0.000297878
-0.000692979
-0.00107801
-0.00143143
-0.00172717
-0.00193799
-0.00203983
-0.00201545
-0.00185815
-0.00157527
-0.00118891
-0.000732265
-0.000243592
0.000238918
0.00068098
0.00105566
0.00134569
0.00154316
0.0016471
0.00166169
0.00159572
0.00146194
0.00127513
0.00105061
0.000804352
0.000553204
0.000313336
9.8587e-05
-7.9461e-05
-0.000210974
-0.00028905
-0.000311989
-0.000284787
-0.000219129
-0.000131968
-4.30446e-05
2.76357e-05
6.20732e-05
4.70008e-05
-2.31545e-05
-0.000144835
-0.000306416
-0.000490725
-0.000677492
-0.000845321
-0.000973879
-0.00104658
-0.00105245
-0.000986171
-0.000847812
-0.000643981
-0.000388697
-0.000101698
0.000194712
0.000477632
0.000724602
0.000915642
0.00103587
0.00107645
0.00103346
0.000906148
0.000906148
0.000696077
0.000406953
4.48191e-05
-0.000381024
-0.000856186
-0.00135929
-0.00186118
-0.00232572
-0.00271275
-0.00298332
-0.0031057
-0.00305904
-0.00283417
-0.00243366
-0.00187124
-0.001169
-0.000353367
0.000546894
0.00149976
0.00246741
0.00340416
0.00425662
0.00496749
0.00548113
0.00574946
0.00573749
0.00542849
0.00482651
0.00395446
0.00284874
0.00155383
0.000119661
-0.00139837
-0.00293816
-0.00443009
-0.00579781
-0.00696174
-0.00784543
-0.00838422
-0.0085345
-0.00827976
-0.00763061
-0.00662053
-0.00530071
-0.00373545
-0.0019974
-0.000164385
0.00168139
0.00345352
0.00506384
0.00642822
0.00747471
0.00815166
0.00843304
0.00832008
0.00783966
0.00703901
0.00597738
0.0047184
0.00332624
0.00186473
0.000396421
-0.00101825
-0.00232083
-0.00345519
-0.00437047
-0.00502567
-0.00539316
-0.00545987
-0.00522732
-0.00471126
-0.00394031
-0.00295379
-0.00180011
-0.000536069
0.000774372
0.00206259
0.00325867
0.0042952
0.00511188
0.00566095
0.00591188
0.0058534
0.00549269
0.00485311
0.00397181
0.00289656
0.00168142
0.000383013
-0.000941322
-0.00223458
-0.00344244
-0.00451624
-0.00541508
-0.00610702
-0.00657024
-0.00679381
-0.00677718
-0.0065288
-0.00606527
-0.00541109
-0.00459802
-0.00366318
-0.00264648
-0.00158799
-0.000525888
0.000505175
0.00147519
0.00235931
0.003137
0.00378994
0.00430059
0.00465279
0.00483368
0.00483516
0.00465458
0.00429569
0.00377043
0.0030998
0.00231234
0.00144205
0.00052797
-0.000385316
-0.00124911
-0.00201436
-0.00263542
-0.00307339
-0.0033002
-0.00330376
-0.00309113
-0.00268741
-0.0021311
-0.00146885
-0.000750289
-2.22674e-05
0.000676151
0.00131523
0.00187243
0.00232968
0.00267203
0.00288648
0.00296068
0.00288368
0.00264946
0.00226055
0.00172921
0.0010772
0.00033511
-0.000459889
-0.00126831
-0.00205281
-0.00278091
-0.0034262
-0.00396775
-0.0043876
-0.00466746
-0.00478707
-0.00472494
-0.00446154
-0.00398465
-0.00329522
-0.00241057
-0.00136414
-0.000203499
0.00101342
0.00222474
0.00337144
0.00440066
0.00526576
0.00592646
0.00635023
0.00651466
0.00641005
0.00604166
0.00543134
0.00461784
0.00365412
0.00260098
0.00151976
0.000467274
-0.000506684
-0.00136089
-0.0020627
-0.00258619
-0.00291051
-0.00302049
-0.00290944
-0.00258188
-0.00205539
-0.00136095
-0.000541731
0.000349426
0.00125315
0.00210689
0.00284867
0.00342158
0.00377778
0.00388061
0.00370603
0.00324586
0.00251293
0.00154406
0.000398589
-0.000846439
-0.00210239
-0.0032764
-0.00428088
-0.00504392
-0.00551582
-0.00566922
-0.00549639
-0.00500792
-0.00423192
-0.00321099
-0.00199927
-0.000661964
0.000725
0.00207898
0.00331789
0.00436794
0.00516941
0.00568001
0.00587662
0.00575649
0.00533693
0.00465229
0.00374983
0.0026866
0.00152754
0.000342636
-0.000797362
-0.00182547
-0.00268204
-0.00331741
-0.00369479
-0.00379329
-0.00360956
-0.00315717
-0.00246489
-0.00157471
-0.000539538
0.00058064
0.00172341
0.00282833
0.00383988
0.00470917
0.00539521
0.00586637
0.00610124
0.00608807
0.0058236
0.00531266
0.00456829
0.00361149
0.00247095
0.0011832
-0.000207632
-0.00165181
-0.00309665
-0.00448833
-0.00577276
-0.00689718
-0.00781292
-0.00847808
-0.0088595
-0.00893462
-0.00869409
-0.00814433
-0.00730831
-0.00622336
-0.00493791
-0.00350842
-0.00199673
-0.000467041
0.00101661
0.00239223
0.00360169
0.00459333
0.00532531
0.00576906
0.00591178
0.0057572
0.00532436
0.00464521
0.00376116
0.0027194
0.00157017
0.000365525
-0.000841418
-0.00199732
-0.00304965
-0.00394857
-0.00464999
-0.00511941
-0.00533521
-0.00529075
-0.00499494
-0.00447094
-0.00375323
-0.00288389
-0.00190923
-0.000877097
0.000165489
0.00117393
0.00210678
0.00292622
0.00359935
0.00410014
0.0044112
0.00452486
0.00444366
0.00418021
0.00375619
0.00320032
0.00254613
0.00182985
0.00108892
0.000360554
-0.000319779
-0.000920139
-0.00141414
-0.0017826
-0.0017826
-0.00201451
-0.00210745
-0.00206758
-0.00190874
-0.00165037
-0.00131483
-0.000925348
-0.00050492
-7.55654e-05
0.000342578
0.000731843
0.00107662
0.0013627
0.00157768
0.0017119
0.00175882
0.00171482
0.00157972
0.0013578
0.00105861
0.00069736
0.000295071
-0.000121843
-0.000523871
-0.000882077
-0.00117134
-0.0013724
-0.00147357
-0.00147208
-0.00137347
-0.00118878
-0.00093191
-0.000618456
-0.000265638
0.000107701
0.000481163
0.000833087
0.00114143
0.00138549
0.00154822
0.00161839
0.00159183
0.00147157
0.00126715
0.000993296
0.000668096
0.000311157
-5.79251e-05
-0.000420641
-0.000760148
-0.00106185
-0.00131437
-0.00151019
-0.00164526
-0.00171795
-0.00172877
-0.00168041
-0.00157738
-0.00142535
-0.0012311
-0.00100299
-0.000750831
-0.000485124
-0.000216413
4.51399e-05
0.000289896
0.000508682
0.000692581
0.000832667
0.000919928
0.000945905
0.000904341
0.000793063
0.000614923
0.00037774
9.37476e-05
-0.000221708
-0.000552425
-0.000883421
-0.00120146
-0.00149426
-0.00174956
-0.0019546
-0.00209622
-0.00216175
-0.00214064
-0.00202636
-0.00181828
-0.00152295
-0.00115387
-0.000729952
-0.000273569
0.000190995
0.000638774
0.00104561
0.00139012
0.00165523
0.00182866
0.00190296
0.00187603
0.00175154
0.00153789
0.00124657
0.000890998
0.000485927
4.66957e-05
-0.000411266
-0.000872249
-0.00131994
-0.0017377
-0.00210925
-0.00241901
-0.00265233
-0.00279658
-0.00284279
-0.00278677
-0.00262915
-0.00237523
-0.002035
-0.00162288
-0.00115655
-0.000655285
-0.000138564
0.000375021
0.000868619
0.00132753
0.00173907
0.00209227
0.00237781
0.00258783
0.00271586
0.00275708
0.00270922
0.0025732
0.00235313
0.0020559
0.00169086
0.00126957
0.000805682
0.000314439
-0.000187651
-0.00068279
-0.00115198
-0.0015761
-0.00193763
-0.00222193
-0.0024177
-0.00251705
-0.00251559
-0.00241247
-0.00221051
-0.00191608
-0.00153911
-0.00109337
-0.000596734
-7.06756e-05
0.000461345
0.000975928
0.0014516
0.00187028
0.00221817
0.00248585
0.00266771
0.00276118
0.00276596
0.00268335
0.00251579
0.00226708
0.00194323
0.00155309
0.00110827
0.00062261
0.000111875
-0.000406586
-0.000914669
-0.00139453
-0.00182885
-0.00220023
-0.00249072
-0.00268291
-0.00276207
-0.00271804
-0.00254624
-0.00224893
-0.00183633
-0.00132626
-0.000742089
-0.000110108
0.000542188
0.00118666
0.00179464
0.0023375
0.00278783
0.00312105
0.00331721
0.00336329
0.00325538
0.00299968
0.00261158
0.0021135
0.00153242
0.000897478
0.000238037
-0.000417609
-0.00104256
-0.00161124
-0.00209971
-0.00248686
-0.00275614
-0.00289704
-0.00290626
-0.00278807
-0.00255368
-0.00221955
-0.00180506
-0.00133029
-0.000814865
-0.000277766
0.000262338
0.00078648
0.00127461
0.0017051
0.00205556
0.00230493
0.00243598
0.00243713
0.00230385
0.0020397
0.00165635
0.00117213
0.000610437
-9.74063e-07
-0.000630552
-0.00124473
-0.00181039
-0.00229659
-0.00267581
-0.00292573
-0.00303133
-0.00298584
-0.00279025
-0.00245216
-0.0019849
-0.00140686
-0.000740938
-1.40999e-05
0.000743052
0.00149702
0.00221269
0.00285527
0.0033926
0.00379781
0.00405135
0.00414169
0.00406498
0.00382463
0.00343097
0.00290091
0.00225732
0.00152827
0.000746196
-5.3446e-05
-0.000834074
-0.00156061
-0.00220207
-0.00273329
-0.00313567
-0.00339726
-0.00351207
-0.00347915
-0.0033021
-0.00298935
-0.00255444
-0.00201626
-0.0013989
-0.000731248
-4.56445e-05
0.000624245
0.00124568
0.00178863
0.00222711
0.00254049
0.00271439
0.00274088
0.00261841
0.002352
0.00195353
0.00144159
0.000840772
0.000180655
-0.000505466
-0.00118231
-0.00181465
-0.00236935
-0.00281691
-0.00313257
-0.00329729
-0.00329911
-0.00313458
-0.00280947
-0.00233836
-0.0017437
-0.00105456
-0.000305288
0.000466518
0.0012227
0.00192702
0.00254663
0.00305297
0.00342292
0.00364032
0.0036972
0.00359432
0.00334104
0.0029546
0.00245884
0.00188229
0.00125553
0.000608668
-3.0479e-05
-0.000637457
-0.00119176
-0.00119176
-0.00167668
-0.00207845
-0.0023855
-0.00258876
-0.00268237
-0.0026636
-0.00253271
-0.00229366
-0.00195528
-0.00153128
-0.00103918
-0.000499435
6.48678e-05
0.00062859
0.00116579
0.00165114
0.00206112
0.00237512
0.0025768
0.00265558
0.00260754
0.00243535
0.00214782
0.00175945
0.00128959
0.000761055
0.000198583
-0.000372159
-0.000925415
-0.0014364
-0.00188263
-0.00224509
-0.00250931
-0.00266606
-0.00271173
-0.00264822
-0.00248215
-0.00222353
-0.00188449
-0.00147846
-0.00101991
-0.000524323
-8.54687e-06
0.000508609
0.00100647
0.00146375
0.00186048
0.00217949
0.0024078
0.00253762
0.00256665
0.00249715
0.00233468
0.00208724
0.00176508
0.00138081
0.000949761
0.000490081
2.23898e-05
-0.000431007
-0.00084745
-0.00120584
-0.00148863
-0.00168318
-0.00178229
-0.00178425
-0.00169256
-0.00151513
-0.00126335
-0.000951205
-0.00059488
-0.00021228
0.000177517
0.000554892
0.000900413
0.00119591
0.00142582
0.00157849
0.00164682
0.0016284
0.00152502
0.00134178
0.00108604
0.000766494
0.000392785
-2.41734e-05
-0.000471503
-0.000933989
-0.00139428
-0.00183325
-0.00223055
-0.00256589
-0.00282097
-0.00298114
-0.00303617
-0.00298061
-0.00281396
-0.00254077
-0.00217012
-0.00171484
-0.00119088
-0.000617081
-1.51514e-05
0.000590851
0.0011754
0.00171274
0.00217833
0.0025505
0.00281221
0.0029527
0.00296838
0.00286277
0.00264574
0.00233265
0.0019433
0.00150021
0.00102688
0.000546452
8.05768e-05
-0.000351818
-0.000735501
-0.00105897
-0.00131395
-0.00149533
-0.00160139
-0.00163364
-0.00159625
-0.00149593
-0.00134206
-0.00114651
-0.00092271
-0.000684398
-0.000444789
-0.000216124
-9.41886e-06
0.000165946
0.00030273
0.000396158
0.000444077
0.000446991
0.000407933
0.000332213
0.000227053
0.000100841
-3.79761e-05
-0.000181851
-0.000324435
-0.000460404
-0.000585181
-0.000694629
-0.000784608
-0.000850553
-0.000887522
-0.000890878
-0.000857159
-0.000784716
-0.000674252
-0.000529359
-0.000356573
-0.000164681
3.62279e-05
0.00023548
0.000422518
0.000587876
0.000724027
0.000825697
0.000889925
0.000916319
0.000907181
0.000866961
0.000801366
0.000716824
0.000620262
0.000518677
0.000418553
0.000325606
0.000244762
0.000179923
0.000133461
0.000105846
9.57234e-05
0.0001004
0.000116466
0.000140265
0.000168316
0.000197935
0.000227789
0.000257906
0.000289135
0.000322616
0.000359479
0.000400632
0.000446431
0.000496261
0.000548243
0.00059915
0.000644373
0.000677941
0.000692979
0.000682824
0.000642209
0.000567779
0.000458155
0.00031416
0.000138943
-6.26005e-05
-0.000284747
-0.000521224
-0.000764588
-0.00100524
-0.00123089
-0.00142718
-0.00157925
-0.00167355
-0.00169925
-0.00164985
-0.00152454
-0.0013288
-0.00107354
-0.000773636
-0.000446477
-0.00011088
0.000214065
0.000510446
0.000762833
0.000958877
0.00108964
0.00115028
0.00114044
0.00106362
0.000926176
0.000736704
0.00050587
0.000245797
-3.06301e-05
-0.000310063
-0.000578779
-0.000823062
-0.00102995
-0.00118807
-0.00128836
-0.00132473
-0.00129451
-0.00119842
-0.00104025
-0.000826247
-0.000564649
-0.000265233
6.10752e-05
0.00040247
0.000746353
0.00107933
0.00138735
0.00165621
0.00187252
0.00202451
0.00210254
0.00209947
0.0020112
0.00183756
0.00158291
0.00125614
0.000870407
0.00044295
-5.48901e-06
-0.000452401
-0.000875849
-0.0012562
-0.00157716
-0.00182663
-0.00199735
-0.00208648
-0.00209465
-0.00202508
-0.00188328
-0.00167653
-0.00141341
-0.0011037
-0.000758731
-0.000391491
-1.61502e-05
0.000352438
0.000698916
0.00100783
0.00126472
0.00145749
0.00157725
0.00161892
0.00158177
0.00146987
0.00129167
0.00105896
0.000785746
0.000487256
0.000178948
-0.000124512
-0.000409776
-0.00066481
-0.00087891
-0.00104298
-0.00114983
-0.00119437
-0.00117399
-0.00108908
-0.000943291
-0.000743342
-0.000498545
-0.000220185
7.92768e-05
0.000387136
0.000691228
0.000980321
0.00124413
0.00147306
0.00165799
0.00179028
0.00186213
0.00186704
0.00180031
0.00166014
0.00144856
0.00117185
0.00117185
0.000840347
0.00046821
7.30086e-05
-0.000325625
-0.000707964
-0.00105576
-0.00135314
-0.00158751
-0.00175044
-0.00183778
-0.00184895
-0.00178595
-0.00165271
-0.00145488
-0.00119967
-0.000896027
-0.00055504
-0.000189987
0.000184218
0.000551878
0.000897405
0.0012064
0.00146683
0.0016696
0.0018084
0.00187887
0.00187804
0.00180423
0.00165779
0.00144174
0.0011624
0.000829916
0.000458453
6.55415e-05
-0.000329642
-0.000708287
-0.00105353
-0.00135136
-0.00159097
-0.00176448
-0.00186641
-0.00189317
-0.00184317
-0.00171727
-0.00151951
-0.00125776
-0.000943879
-0.000593239
-0.000223444
0.000147152
0.00050088
0.000821939
0.00109709
0.00131578
0.00146989
0.00155376
0.00156423
0.0015011
0.00136744
0.00116991
0.000918706
0.000627028
0.000310176
-1.56914e-05
-0.000334738
-0.00063232
-0.000895451
-0.00111298
-0.0012756
-0.00137593
-0.00140878
-0.0013716
-0.00126492
-0.00109266
-0.000862265
-0.000584366
-0.000272215
5.91911e-05
0.000393955
0.000715996
0.00100972
0.00126075
0.00145667
0.00158754
0.00164627
0.00162918
0.00153639
0.00137192
0.00114323
0.000860614
0.000536564
0.000185202
-0.000178204
-0.000537604
-0.000876534
-0.00117866
-0.00142854
-0.0016125
-0.00171982
-0.00174389
-0.00168313
-0.00154113
-0.00132605
-0.00104978
-0.000726941
-0.000373648
-6.37012e-06
0.000358586
0.000705248
0.0010183
0.00128365
0.00148901
0.00162458
0.0016838
0.00166397
0.00156656
0.00139697
0.0011641
0.000879613
0.000557241
0.000212189
-0.000139431
-0.000481142
-0.000796826
-0.0010716
-0.00129264
-0.00145003
-0.00153738
-0.00155237
-0.00149668
-0.00137538
-0.00119631
-0.000969499
-0.000706501
-0.00041988
-0.000122718
0.000171772
0.000450717
0.000702193
0.000915903
0.00108371
0.00119997
0.00126162
0.00126824
0.00122187
0.00112666
0.000988437
0.000814425
0.000612998
0.000393424
0.000165455
-6.11853e-05
-0.000277357
-0.00047494
-0.000647123
-0.000788623
-0.000895815
-0.000966578
-0.0009999
-0.000995533
-0.00095397
-0.000876693
-0.000766481
-0.00062775
-0.000466938
-0.000292713
-0.000115581
5.3135e-05
0.00020251
0.00032317
0.000408494
0.000455624
0.000465589
0.000442458
0.000392214
0.000321809
0.00023813
0.000146956
5.25723e-05
-4.16879e-05
-0.000132696
-0.000217236
-0.00029193
-0.000353072
-0.000396775
-0.000419661
-0.000419557
-0.000395593
-0.000347964
-0.000277866
-0.00018751
-7.99992e-05
4.07079e-05
0.000169438
0.000299415
0.000422538
0.000530314
0.000614813
0.000669422
0.000689668
0.000674016
0.000624038
0.000543717
0.000438451
0.000314305
0.000177541
3.4281e-05
-0.000109693
-0.000248871
-0.000377854
-0.000491498
-0.00058543
-0.000656596
-0.00070347
-0.000725938
-0.000725018
-0.000702416
-0.000659937
-0.000599072
-0.000521145
-0.000427883
-0.000321913
-0.000206965
-8.79564e-05
2.913e-05
0.000137813
0.000231945
0.000306341
0.000356997
0.000381089
0.000376959
0.000344167
0.000283583
0.000197507
8.98462e-05
-3.36982e-05
-0.000165799
-0.00029825
-0.000422966
-0.000532771
-0.000621934
-0.00068661
-0.000724985
-0.000736874
-0.000723057
-0.000684855
-0.000624061
-0.00054296
-0.000444309
-0.00033133
-0.000207695
-7.7379e-05
5.56529e-05
0.000187752
0.000315682
0.000436481
0.000547296
0.000645347
0.000727986
0.00079278
0.000837734
0.000861651
0.00086431
0.000846261
0.00080843
0.000751865
0.000677696
0.000587306
0.000482628
0.00036638
0.000242146
0.00011437
-1.19155e-05
-0.000131794
-0.000241297
-0.000337856
-0.000420251
-0.000488239
-0.00054193
-0.000581147
-0.000605117
-0.000612692
-0.000602855
-0.000575293
-0.000531014
-0.000472882
-0.000405674
-0.000335458
-0.000268646
-0.000211192
-0.00016797
-0.000142159
-0.000134851
-0.000145102
-0.000170258
-0.000206252
-0.000248004
-0.000290205
-0.000328114
-0.000357804
-0.000376071
-0.000380568
-0.000369999
-0.000343879
-0.000302039
-0.000244501
-0.000171737
-8.49003e-05
1.40816e-05
0.000122454
0.000236677
0.000352674
0.000466229
0.000573369
0.000670653
0.000755378
0.000825691
0.000880507
0.000919248
0.000941556
0.000947102
0.000935583
0.000935583
0.000906846
0.000861032
0.000798629
0.0007205
0.000628037
0.000523368
0.000409389
0.000289478
0.000167082
4.54023e-05
-7.28498e-05
-0.000185707
-0.000292063
-0.000391516
-0.000484017
-0.000569411
-0.000646936
-0.000714955
-0.000771178
-0.000813141
-0.000838552
-0.00084554
-0.000833024
-0.000801144
-0.000751341
-0.000685943
-0.000607609
-0.000519061
-0.000423024
-0.000322143
-0.000218932
-0.000115854
-1.53615e-05
8.01812e-05
0.000168622
0.000248146
0.000317437
0.000375819
0.000423219
0.000459916
0.000486183
0.000502049
0.000507294
0.000501595
0.000484713
0.000456735
0.000418389
0.000371287
0.000317935
0.00026147
0.000205337
0.000153074
0.000108055
7.30385e-05
4.97106e-05
3.85677e-05
3.90338e-05
4.9533e-05
6.75914e-05
9.02051e-05
0.000114308
0.000136984
0.000155473
0.000167269
0.000170273
0.000162802
0.000143506
0.000111426
6.61645e-05
8.02914e-06
-6.19644e-05
-0.000142133
-0.000230089
-0.000322612
-0.000415485
-0.000503417
-0.000580231
-0.000639523
-0.000675583
-0.000684064
-0.000662382
-0.000610194
-0.000529836
-0.000426121
-0.000305442
-0.000174816
-4.12958e-05
8.83906e-05
0.000208211
0.000313117
0.00039908
0.000462977
0.000502617
0.000516966
0.000506277
0.000472004
0.00041665
0.000343651
0.000257125
0.000161466
6.10199e-05
-3.99775e-05
-0.000137327
-0.000226904
-0.0003048
-0.000367462
-0.000411837
-0.000435601
-0.000437336
-0.00041654
-0.00037348
-0.000309041
-0.000224683
-0.00012251
-5.45059e-06
0.000122546
0.000256284
0.000389106
0.000513042
0.000619618
0.000701037
0.000751082
0.000765561
0.000742632
0.000682989
0.000589542
0.000466676
0.000319625
0.0001543
-2.26077e-05
-0.000203592
-0.000380519
-0.000545024
-0.000689025
-0.000805348
-0.00088842
-0.000934824
-0.00094342
-0.000915041
-0.000851982
-0.000757472
-0.000635286
-0.000489608
-0.000325211
-0.000147716
3.63391e-05
0.000219692
0.000394659
0.000553525
0.000689088
0.000795287
0.000867629
0.000903312
0.00090118
0.000861709
0.000787061
0.000681083
0.000549207
0.000398267
0.000236246
7.18182e-05
-8.63064e-05
-0.000230053
-0.000352446
-0.000447892
-0.0005124
-0.000543695
-0.000541169
-0.000505742
-0.000439786
-0.000347091
-0.000232754
-0.000102908
3.56607e-05
0.000175967
0.000311286
0.000435596
0.000543943
0.000632597
0.000698966
0.000741434
0.000759291
0.000752716
0.000722702
0.000670938
0.000599753
0.000512101
0.000411507
0.000301904
0.00018744
7.23565e-05
-3.90169e-05
-0.000142262
-0.000232957
-0.000306809
-0.00035981
-0.000388538
-0.000390648
-0.000365291
-0.000313213
-0.000236629
-0.000139103
-2.53554e-05
9.90944e-05
0.000228292
0.000356013
0.000475806
0.000581142
0.000665767
0.000724227
0.000752412
0.000747915
0.000710194
0.00064064
0.000542435
0.000420113
0.000279036
0.000125038
-3.57625e-05
-0.000197108
-0.00035274
-0.000496554
-0.000622876
-0.000726827
-0.000804735
-0.000854483
-0.000875693
-0.000869673
-0.000839147
-0.000787912
-0.000720457
-0.000641608
-0.000556236
-0.000469095
-0.000384765
-0.000307579
-0.00024146
-0.000189676
-0.000154646
-0.000137872
-0.000139934
-0.000160467
-0.000198172
-0.000250924
-0.000315929
-0.000389835
-0.000468833
-0.000548813
-0.000625572
-0.000695034
-0.000753526
-0.000798026
-0.000826264
-0.000836647
-0.000828121
-0.000800083
-0.000752373
-0.000685386
-0.000600304
-0.000499321
-0.000385781
-0.000264267
-0.000140505
-2.08662e-05
8.84339e-05
0.000182001
0.000255623
0.000306502
0.000333409
0.000336595
0.000317451
0.00027816
0.00022153
0.000150945
7.02962e-05
-1.61341e-05
-0.000103774
-0.000187881
-0.000263749
-0.000326969
-0.000373663
-0.000400726
-0.00040612
-0.000389125
-0.0003504
-0.000291928
-0.000216895
-0.000129439
-3.42493e-05
6.38053e-05
0.000159958
0.000249775
0.000329346
0.000395375
0.000445179
0.000476726
0.000488727
0.000480751
0.0004533
0.000407849
0.00034684
0.000273625
0.00019232
0.000107581
2.43115e-05
-5.26967e-05
-0.000119078
-0.000171105
-0.000205811
-0.000221093
-0.000215806
-0.000189771
-0.000143704
-7.9147e-05
1.56235e-06
9.53096e-05
0.000198248
0.000305885
0.00041324
0.000515092
0.00060629
0.000682088
0.000682088
0.000738483
0.000772568
0.000782758
0.000768763
0.000731343
0.000672036
0.000592929
0.000496473
0.000385454
0.000263073
0.000133071
-2.0728e-07
-0.00013179
-0.000256196
-0.000367756
-0.000461081
-0.00053148
-0.000575276
-0.000590063
-0.000574974
-0.000530771
-0.000459684
-0.000365118
-0.000251473
-0.000123964
1.17361e-05
0.000149912
0.00028507
0.000412082
0.000526379
0.000624128
0.000702283
0.000758581
0.000791563
0.000800548
0.000785523
0.000747029
0.000686273
0.000605377
0.000507503
0.000396785
0.000278253
0.000157729
4.14785e-05
-6.44097e-05
-0.000154595
-0.000224829
-0.000272151
-0.000295004
-0.000293247
-0.000268026
-0.000221632
-0.00015742
-7.97494e-05
6.23325e-06
9.49619e-05
0.000180857
0.000258648
0.000323693
0.000372354
0.000402257
0.00041224
0.000402111
0.000372468
0.00032464
0.000260638
0.000183109
9.53885e-05
1.59656e-06
-9.33656e-05
-0.000184024
-0.000264715
-0.000330084
-0.000375637
-0.000398206
-0.000396137
-0.000369214
-0.000318502
-0.00024615
-0.000155123
-4.90002e-05
6.7963e-05
0.000190579
0.000312563
0.000426686
0.000525362
0.000601486
0.000649179
0.000664304
0.000644855
0.000591152
0.000505568
0.000391908
0.000254878
9.99746e-05
-6.63263e-05
-0.00023638
-0.000401504
-0.000552494
-0.000680315
-0.000776867
-0.000835864
-0.000853692
-0.000829826
-0.000766592
-0.000668495
-0.000541479
-0.000392313
-0.000228115
-5.60316e-05
0.000116856
0.000283472
0.000436836
0.000570445
0.000678781
0.000757707
0.00080474
0.000819237
0.000802382
0.000756881
0.000686511
0.000595751
0.000489608
0.000373525
0.000253259
0.000134689
2.35636e-05
-7.48167e-05
-0.000155942
-0.0002164
-0.000254065
-0.000268102
-0.000258816
-0.000227424
-0.000175871
-0.00010677
-2.34454e-05
6.991e-05
0.000168032
0.00026455
0.00035232
0.000424064
0.00047311
0.000494136
0.000483976
0.000442188
0.000371007
0.000274688
0.00015871
2.91129e-05
-0.000108168
-0.000247931
-0.00038593
-0.000518558
-0.000642382
-0.000753891
-0.000849341
-0.000924688
-0.000975862
-0.000999444
-0.000993306
-0.00095692
-0.000891512
-0.000800146
-0.000687523
-0.000559368
-0.000421789
-0.00028091
-0.000142692
-1.27247e-05
0.000103915
0.000202694
0.000279672
0.000331698
0.000356689
0.000353844
0.000323765
0.000268458
0.000191194
9.6254e-05
-1.13558e-05
-0.000126116
-0.000242114
-0.000353155
-0.000452927
-0.000535243
-0.000594445
-0.000626012
-0.000627232
-0.000597618
-0.000539014
-0.000455454
-0.000352702
-0.000237399
-0.00011615
4.97516e-06
0.000120556
0.000225894
0.000317064
0.000390818
0.000444479
0.0004761
0.000484829
0.000471179
0.000437031
0.000385428
0.000320246
0.000245807
0.000166477
8.62868e-05
8.71331e-06
-6.33246e-05
-0.000127348
-0.000181265
-0.000223433
-0.000252738
-0.000268652
-0.000271267
-0.000261309
-0.000240131
-0.000209629
-0.000172059
-0.000129809
-8.51976e-05
-4.03288e-05
3.01198e-06
4.34117e-05
7.98352e-05
0.000111567
0.000138091
0.000158978
0.000173898
0.000182687
0.000185403
0.000182343
0.000174104
0.000161625
0.000146116
0.000128902
0.000111283
9.44254e-05
7.9321e-05
6.67941e-05
5.75256e-05
5.20762e-05
5.09024e-05
5.43478e-05
6.26106e-05
7.57277e-05
9.36212e-05
0.000116208
0.000143529
0.000175773
0.000213063
0.000255035
0.000300425
0.000346814
0.000390546
0.00042698
0.000451278
0.000459442
0.000449005
0.000419245
0.000371221
0.00030756
0.000231753
0.000147265
5.70655e-05
-3.6326e-05
-0.000130612
-0.000223503
-0.000312473
-0.000394614
-0.000466708
-0.000525528
-0.000568162
-0.000592277
-0.000596388
-0.000580085
-0.000544011
-0.000489609
-0.000418944
-0.000334706
-0.000240186
-0.000139093
-3.53327e-05
6.71762e-05
0.000164716
0.000253996
0.000332313
0.000397589
0.00044832
0.000483433
0.000502066
0.000503416
0.000486868
0.000452356
0.000400687
0.000333655
0.000254053
0.000165634
7.28383e-05
-1.97213e-05
-0.000107773
-0.000187685
-0.000256551
-0.000312175
-0.000353002
-0.000378016
-0.00038667
-0.000378907
-0.000355197
-0.000316535
-0.000264407
-0.000200792
-0.000128124
-4.91638e-05
3.3136e-05
0.000115639
0.000194957
0.000267496
0.000329665
0.000329665
0.000378143
0.000410154
0.000423791
0.000418375
0.00039463
0.000354555
0.000301123
0.000237963
0.000169018
9.81365e-05
2.87904e-05
-3.59537e-05
-9.34009e-05
-0.000141335
-0.000178211
-0.000203258
-0.00021645
-0.0002185
-0.000210846
-0.000195509
-0.000174775
-0.000150877
-0.000125859
-0.000101594
-7.98353e-05
-6.2244e-05
-5.03884e-05
-4.56702e-05
-4.90994e-05
-6.09708e-05
-8.06117e-05
-0.000106328
-0.000135592
-0.000165472
-0.000193178
-0.000216461
-0.000233801
-0.000244507
-0.000248659
-0.000246777
-0.000239404
-0.0002269
-0.000209514
-0.000187529
-0.000161382
-0.000131773
-9.97429e-05
-6.66166e-05
-3.38189e-05
-2.67475e-06
2.57131e-05
5.05083e-05
7.11405e-05
8.72542e-05
9.86177e-05
0.000105072
0.000106579
0.000103313
9.57318e-05
8.45876e-05
7.08833e-05
5.57776e-05
4.0433e-05
2.58341e-05
1.26206e-05
9.82741e-07
-9.35239e-06
-1.9038e-05
-2.89278e-05
-3.98293e-05
-5.23077e-05
-6.66476e-05
-8.29074e-05
-0.000100947
-0.00012047
-0.000141166
-0.000162855
-0.000185473
-0.000208957
-0.000233149
-0.000257758
-0.000282371
-0.000306474
-0.000329531
-0.000351046
-0.000370584
-0.000387746
-0.000402179
-0.000413611
-0.000421847
-0.000426761
-0.000428341
-0.000426792
-0.000422578
-0.000416367
-0.000408934
-0.000401066
-0.000393431
-0.000386414
-0.000379979
-0.000373641
-0.000366565
-0.000357678
-0.000345743
-0.000329449
-0.000307531
-0.000278867
-0.000242532
-0.000197879
-0.000144752
-8.37521e-05
-1.63492e-05
5.52412e-05
0.000128321
0.000199978
0.000267368
0.000328003
0.000379968
0.000421921
0.000452924
0.000472265
0.000479397
0.000473955
0.000455859
0.000425457
0.000383643
0.000331873
0.000272062
0.000206416
0.00013726
6.68657e-05
-2.67289e-06
-6.95025e-05
-0.000131976
-0.000188582
-0.000237936
-0.000278862
-0.000310481
-0.000332212
-0.000343641
-0.000344327
-0.000333715
-0.000311219
-0.000276388
-0.000229068
-0.000169665
-9.95226e-05
-2.11687e-05
6.1823e-05
0.00014531
0.000225092
0.000297285
0.000358641
0.000406808
0.000440402
0.000458789
0.000461831
0.000449821
0.000423537
0.000384276
0.000333898
0.000274876
0.000210245
0.000143387
7.77472e-05
1.65649e-05
-3.73246e-05
-8.1621e-05
-0.000114606
-0.000135132
-0.000142603
-0.000136969
-0.000118763
-8.91139e-05
-4.97441e-05
-2.89337e-06
4.88118e-05
0.000102557
0.000155555
0.000205213
0.000249232
0.000285673
0.000312995
0.000330088
0.000336323
0.000331666
0.000316797
0.000293161
0.000262882
0.000228548
0.000192906
0.00015859
0.000127933
0.00010279
8.44447e-05
7.36764e-05
7.09384e-05
7.64527e-05
9.01499e-05
0.000111534
0.000139569
0.000172656
0.000208714
0.000245351
0.000280088
0.000310625
0.000335081
0.000352133
0.00036099
0.000361252
0.000352762
0.000335521
0.000309714
0.00027579
0.000234564
0.000187291
0.000135657
8.1672e-05
2.74915e-05
-2.47857e-05
-7.32951e-05
-0.000116515
-0.000153259
-0.00018257
-0.000203584
-0.000215488
-0.000217597
-0.000209502
-0.000191208
-0.000163233
-0.000126652
-8.30298e-05
-3.42414e-05
1.77721e-05
7.11662e-05
0.000124237
0.000175377
0.000222994
0.00026546
0.000301146
0.000328559
0.000346515
0.000354339
0.000352027
0.000340298
0.000320457
0.000294175
0.000263272
0.000229546
0.000194638
0.000159992
0.000126886
9.65049e-05
6.9944e-05
4.81301e-05
3.16441e-05
2.04844e-05
1.3861e-05
1.01663e-05
7.24585e-06
2.95592e-06
-4.20331e-06
-1.47079e-05
-2.80282e-05
-4.28721e-05
-5.75045e-05
-7.02394e-05
-8.00709e-05
-8.70104e-05
-9.18581e-05
-9.57172e-05
-9.96395e-05
-0.000104395
-0.00011029
-0.000117185
-0.000124796
-0.000133025
-0.00014207
-0.000152344
-0.000164321
-0.000178389
-0.000194659
-0.000212841
-0.000232274
-0.00025205
-0.000271101
-0.000288225
-0.000302115
-0.000311406
-0.000314706
-0.000310695
-0.000298364
-0.000277262
-0.000247591
-0.000210156
-0.000166299
-0.000117788
-6.65983e-05
-1.47225e-05
3.58875e-05
8.32937e-05
0.000125566
0.000160837
0.00018744
0.000204091
0.000210042
0.000205207
0.000190245
0.000166537
0.000135984
0.000100743
6.30293e-05
2.49995e-05
-1.13341e-05
-4.41537e-05
-7.18374e-05
-9.29538e-05
-0.000106309
-0.000111061
-0.000106855
-9.39256e-05
-7.31217e-05
-7.31217e-05
-4.58802e-05
-1.41541e-05
1.96963e-05
5.30611e-05
8.32835e-05
0.000107894
0.000124809
0.000132435
0.000129713
0.000116246
9.24125e-05
5.93294e-05
1.86417e-05
-2.76627e-05
-7.7372e-05
-0.000128192
-0.000177926
-0.00022462
-0.000266596
-0.000302439
-0.000330981
-0.000351312
-0.000362799
-0.000365079
-0.000358076
-0.000342011
-0.000317362
-0.000284761
-0.000244883
-0.000198422
-0.000146141
-8.89026e-05
-2.7689e-05
3.63425e-05
0.000101738
0.000166658
0.000228897
0.000285992
0.000335349
0.000374381
0.000400752
0.000412745
0.000409556
0.000391344
0.000359115
0.000314655
0.000260418
0.000199233
0.000133978
6.74379e-05
2.29411e-06
-5.89211e-05
-0.00011392
-0.000160753
-0.000197936
-0.000224612
-0.000240675
-0.000246784
-0.000244236
-0.000234697
-0.000219896
-0.000201364
-0.000180224
-0.000157066
-0.000132014
-0.000105065
-7.64713e-05
-4.68881e-05
-1.72816e-05
1.11602e-05
3.71213e-05
5.93927e-05
7.7162e-05
9.01158e-05
9.83046e-05
0.000101933
0.000101192
9.61769e-05
8.68988e-05
7.34057e-05
5.59403e-05
3.50627e-05
1.16822e-05
-1.30078e-05
-3.76678e-05
-6.09871e-05
-8.18372e-05
-9.9335e-05
-0.000112801
-0.000121692
-0.000125569
-0.000124093
-0.000117064
-0.000104528
-8.69212e-05
-6.51415e-05
-4.05252e-05
-1.47244e-05
1.04765e-05
3.33622e-05
5.24626e-05
6.66733e-05
7.52856e-05
7.79249e-05
7.4462e-05
6.49816e-05
4.98087e-05
2.95374e-05
5.04797e-06
-2.24836e-05
-5.16092e-05
-8.07071e-05
-0.000108154
-0.000132504
-0.000152613
-0.000167669
-0.00017718
-0.000180922
-0.00017889
-0.000171293
-0.000158591
-0.000141578
-0.000121437
-9.97401e-05
-7.83603e-05
-5.9247e-05
-4.41647e-05
-3.45102e-05
-3.12141e-05
-3.46567e-05
-4.46285e-05
-6.04196e-05
-8.10051e-05
-0.000105194
-0.000131684
-0.000159083
-0.000185938
-0.000210764
-0.000232043
-0.000248209
-0.00025771
-0.000259144
-0.000251397
-0.000233797
-0.000206246
-0.000169267
-0.000123983
-7.20877e-05
-1.58104e-05
4.22124e-05
9.91725e-05
0.000152299
0.000199002
0.000237023
0.000264613
0.000280693
0.000284891
0.0002775
0.000259416
0.000232106
0.000197528
0.000157948
0.000115747
7.32867e-05
3.27946e-05
-3.81044e-06
-3.50475e-05
-5.98568e-05
-7.75012e-05
-8.75243e-05
-8.97637e-05
-8.4321e-05
-7.15066e-05
-5.18597e-05
-2.62164e-05
4.29906e-06
3.83936e-05
7.47561e-05
0.000112162
0.000149502
0.000185769
0.000220065
0.000251587
0.000279556
0.000303101
0.000321278
0.000333197
0.000338172
0.000335818
0.000326112
0.000309458
0.000286689
0.000259005
0.000227831
0.000194687
0.000161098
0.000128522
9.82986e-05
7.16081e-05
4.94697e-05
3.27224e-05
2.19749e-05
1.75564e-05
1.95e-05
2.75404e-05
4.11158e-05
5.9395e-05
8.13399e-05
0.00010577
0.000131396
0.000156827
0.00018058
0.000201117
0.00021691
0.000226562
0.000228971
0.000223508
0.000210135
0.000189447
0.000162643
0.000131413
9.76965e-05
6.34018e-05
3.02359e-05
-3.27958e-07
-2.70689e-05
-4.90522e-05
-6.56071e-05
-7.62713e-05
-8.08172e-05
-7.93576e-05
-7.24044e-05
-6.08073e-05
-4.56182e-05
-2.79468e-05
-8.84592e-06
1.07763e-05
3.02105e-05
4.89118e-05
6.6364e-05
8.19525e-05
9.49532e-05
0.000104605
0.000110178
0.000111052
0.000106817
9.7358e-05
8.28612e-05
6.37361e-05
4.0554e-05
1.40442e-05
-1.4887e-05
-4.51646e-05
-7.55727e-05
-0.000104791
-0.00013147
-0.000154358
-0.000172455
-0.000185106
-0.000192031
-0.00019332
-0.000189425
-0.000181127
-0.00016944
-0.000155512
-0.000140565
-0.000125874
-0.000112716
-0.000102269
-9.55325e-05
-9.32856e-05
-9.60615e-05
-0.000104135
-0.000117534
-0.000136063
-0.000159317
-0.000186703
-0.00021744
-0.000250505
-0.000284517
-0.000317651
-0.000347681
-0.000372199
-0.0003889
-0.000395805
-0.000391483
-0.000375297
-0.000347585
-0.000309605
-0.000263299
-0.000211054
-0.000155512
-9.93856e-05
-4.52392e-05
4.6652e-06
4.83775e-05
8.42405e-05
0.000110952
0.000127643
0.000133871
0.00012961
0.000115288
9.1815e-05
6.0533e-05
2.31114e-05
-1.85379e-05
-6.23388e-05
-0.000106154
-0.000147891
-0.000185581
-0.000217425
-0.000241858
-0.000257637
-0.000263904
-0.000260219
-0.000246575
-0.000223389
-0.00019144
-0.00015177
-0.000105611
-5.43363e-05
5.69137e-07
5.69137e-07
5.75209e-05
0.000114785
0.000170424
0.000222332
0.000268334
0.000306333
0.00033448
0.000351413
0.000356461
0.000349705
0.000331902
0.00030441
0.000269149
0.00022849
0.000185087
0.000141701
0.000101063
6.56489e-05
3.73596e-05
1.72351e-05
5.38627e-06
1.1362e-06
3.22884e-06
1.00606e-05
1.99951e-05
3.16865e-05
4.42042e-05
5.69088e-05
6.9286e-05
8.08924e-05
9.13365e-05
0.00010021
0.00010707
0.000111566
0.000113571
0.000113142
0.000110353
0.000105186
9.75116e-05
8.71089e-05
7.37079e-05
5.71112e-05
3.7384e-05
1.50189e-05
-9.0402e-06
-3.35277e-05
-5.70476e-05
-7.82601e-05
-9.60656e-05
-0.000109754
-0.000119039
-0.000123983
-0.000124935
-0.000122585
-0.000118038
-0.000112763
-0.000108429
-0.000106728
-0.000109175
-0.000116756
-0.000129573
-0.000146775
-0.000166836
-0.000187939
-0.000208291
-0.000226405
-0.000241334
-0.000252706
-0.000260461
-0.00026452
-0.000264597
-0.00026023
-0.000250906
-0.00023629
-0.000216487
-0.000192214
-0.000164751
-0.000135745
-0.000106944
-7.99243e-05
-5.58826e-05
-3.55875e-05
-1.94762e-05
-7.78521e-06
-6.1163e-07
2.12257e-06
7.78957e-07
-3.87804e-06
-1.062e-05
-1.78012e-05
-2.3541e-05
-2.60263e-05
-2.38175e-05
-1.60119e-05
-2.24537e-06
1.73912e-05
4.24982e-05
7.25568e-05
0.000107025
0.000145205
0.00018595
0.000227375
0.000266783
0.00030092
0.000326472
0.000340551
0.000341058
0.00032699
0.000298609
0.000257259
0.000204889
0.000143629
7.5615e-05
3.04615e-06
-7.16508e-05
-0.000145694
-0.000215948
-0.000279074
-0.000331819
-0.00037141
-0.000395947
-0.000404651
-0.000397857
-0.000376796
-0.00034327
-0.000299361
-0.000247277
-0.000189306
-0.000127865
-6.55842e-05
-5.31584e-06
4.99991e-05
9.75957e-05
0.000135207
0.000161358
0.000175544
0.000178223
0.000170642
0.00015454
0.000131838
0.000104419
7.40674e-05
4.251e-05
1.14245e-05
-1.75825e-05
-4.29946e-05
-6.34359e-05
-7.78032e-05
-8.54149e-05
-8.60637e-05
-7.99564e-05
-6.75855e-05
-4.95865e-05
-2.6631e-05
6.27739e-07
3.15643e-05
6.55264e-05
0.000101716
0.000139111
0.000176508
0.000212643
0.000246286
0.000276326
0.000301859
0.000322237
0.000337026
0.000345934
0.000348771
0.000345471
0.000336168
0.000321282
0.000301573
0.000278134
0.000252336
0.000225691
0.000199675
0.000175553
0.000154278
0.000136465
0.000122434
0.00011229
0.000106014
0.000103541
0.000104755
0.000109435
0.000117201
0.000127508
0.000139638
0.00015271
0.000165753
0.000177814
0.000188028
0.000195665
0.000200146
0.000201057
0.000198132
0.000191245
0.000180428
0.000165898
0.000148053
0.000127465
0.000104884
8.11967e-05
5.73671e-05
3.43586e-05
1.30719e-05
-5.71047e-06
-2.13581e-05
-3.34059e-05
-4.1564e-05
-4.57225e-05
-4.59437e-05
-4.24525e-05
-3.56309e-05
-2.60049e-05
-1.42124e-05
-9.50219e-07
1.30977e-05
2.73312e-05
4.12771e-05
5.45964e-05
6.70676e-05
7.85433e-05
8.88797e-05
9.78761e-05
0.000105252
0.000110632
0.000113505
0.000113241
0.00010921
0.00010094
8.81887e-05
7.09522e-05
4.94987e-05
2.44075e-05
-3.47918e-06
-3.31908e-05
-6.37488e-05
-9.42069e-05
-0.000123628
-0.000151038
-0.000175391
-0.000195554
-0.000210359
-0.000218734
-0.000219841
-0.000213218
-0.000198902
-0.000177458
-0.000149868
-0.000117312
-8.10142e-05
-4.21399e-05
-1.76213e-06
3.91118e-05
7.94486e-05
0.000118093
0.000153719
0.00018487
0.00021013
0.000228376
0.000239002
0.000242059
0.00023831
0.000229176
0.000216515
0.000202314
0.000188455
0.000176578
0.000167934
0.000163216
0.000162461
0.000165106
0.000170128
0.000176164
0.000181638
0.000184973
0.000184909
0.000180692
0.000172032
0.000158954
0.000141713
0.00012071
9.63276e-05
6.88469e-05
3.85598e-05
5.95331e-06
-2.81698e-05
-6.26531e-05
-9.60474e-05
-0.000126794
-0.000153473
-0.000175027
-0.000190933
-0.000201295
-0.000206776
-0.000208389
-0.000207212
-0.000204161
-0.000199842
-0.000194498
-0.000188106
-0.000180595
-0.000172034
-0.000162708
-0.00015312
-0.000143968
-0.000136036
-0.000130003
-0.000126299
-0.00012509
-0.000126335
-0.000129858
-0.000135411
-0.000142723
-0.000151496
-0.000161345
-0.000171737
-0.000182005
-0.000191408
-0.000199226
-0.00020483
-0.00020483
-0.000207768
-0.00020784
-0.000205119
-0.000199902
-0.000192625
-0.000183788
-0.00017392
-0.000163571
-0.000153322
-0.000143803
-0.000135664
-0.000129442
-0.000125433
-0.000123741
-0.000124379
-0.000127206
-0.00013178
-0.000137431
-0.00014347
-0.000149257
-0.000154151
-0.000157563
-0.000159056
-0.00015839
-0.000155541
-0.000150714
-0.000144301
-0.000136788
-0.000128642
-0.000120267
-0.00011202
-0.000104215
-9.71015e-05
-9.08723e-05
-8.57161e-05
-8.1841e-05
-7.94345e-05
-7.86071e-05
-7.93415e-05
-8.14447e-05
-8.4534e-05
-8.8092e-05
-9.15596e-05
-9.44047e-05
-9.61621e-05
-9.6473e-05
-9.51141e-05
-9.19762e-05
-8.70029e-05
-8.01441e-05
-7.13473e-05
-6.05801e-05
-4.78717e-05
-3.33582e-05
-1.73007e-05
-7.50269e-08
1.78541e-05
3.59708e-05
5.37503e-05
7.06749e-05
8.62011e-05
9.96946e-05
0.000110396
0.000117474
0.000120145
0.000117795
0.000110068
9.69609e-05
7.88976e-05
5.67272e-05
3.16203e-05
4.96236e-06
-2.17008e-05
-4.67084e-05
-6.83848e-05
-8.51976e-05
-9.5916e-05
-9.97253e-05
-9.6325e-05
-8.60287e-05
-6.9774e-05
-4.89466e-05
-2.51015e-05
2.36361e-07
2.56614e-05
4.99592e-05
7.21532e-05
9.14511e-05
0.000107127
0.000118485
0.000124947
0.000126186
0.000122218
0.000113454
0.000100681
8.49871e-05
6.76016e-05
4.97302e-05
3.24285e-05
1.65284e-05
2.61469e-06
-8.96197e-06
-1.80617e-05
-2.4741e-05
-2.92337e-05
-3.19001e-05
-3.31652e-05
-3.34902e-05
-3.33587e-05
-3.32146e-05
-3.33733e-05
-3.39775e-05
-3.50088e-05
-3.63054e-05
-3.75736e-05
-3.84258e-05
-3.84636e-05
-3.73951e-05
-3.5133e-05
-3.18189e-05
-2.77938e-05
-2.35605e-05
-1.97117e-05
-1.67933e-05
-1.51824e-05
-1.50629e-05
-1.6453e-05
-1.92075e-05
-2.30258e-05
-2.75141e-05
-3.22637e-05
-3.68843e-05
-4.10043e-05
-4.43025e-05
-4.65912e-05
-4.78919e-05
-4.8446e-05
-4.86689e-05
-4.90876e-05
-5.02573e-05
-5.26339e-05
-5.64345e-05
-6.15633e-05
-6.76302e-05
-7.40201e-05
-7.9984e-05
-8.47757e-05
-8.78112e-05
-8.87558e-05
-8.74959e-05
-8.40705e-05
-7.86304e-05
-7.13963e-05
-6.25942e-05
-5.24205e-05
-4.10773e-05
-2.88436e-05
-1.612e-05
-3.42547e-06
8.64087e-06
1.94651e-05
2.85053e-05
3.53919e-05
4.00313e-05
4.26972e-05
4.40592e-05
4.50993e-05
4.6953e-05
5.07536e-05
5.74736e-05
6.77138e-05
8.15104e-05
9.83016e-05
0.000117074
0.00013656
0.000155417
0.000172424
0.000186688
0.00019773
0.000205398
0.000209714
0.000210786
0.000208765
0.00020379
0.000195974
0.000185493
0.000172652
0.000157856
0.000141504
0.000123941
0.000105464
8.63228e-05
6.67101e-05
4.68204e-05
2.69867e-05
7.78092e-06
-1.00046e-05
-2.54583e-05
-3.76629e-05
-4.58093e-05
-4.93294e-05
-4.8008e-05
-4.19982e-05
-3.17399e-05
-1.78677e-05
-1.16307e-06
1.74821e-05
3.70986e-05
5.66266e-05
7.48725e-05
9.05177e-05
0.000102212
0.000108722
0.000109096
0.000102806
8.98023e-05
7.04877e-05
4.56937e-05
1.66521e-05
-1.50775e-05
-4.77278e-05
-7.94329e-05
-0.000108305
-0.000132523
-0.000150477
-0.000160964
-0.000163332
-0.000157515
-0.000144011
-0.000123833
-9.83801e-05
-6.92339e-05
-3.79793e-05
-6.14086e-06
2.48294e-05
5.35935e-05
7.89576e-05
9.98481e-05
0.0001153
0.00012453
0.000127043
0.000122703
0.000111751
9.4811e-05
7.28552e-05
4.71292e-05
1.90481e-05
-9.89544e-06
-3.82061e-05
-6.44643e-05
-8.74041e-05
-0.000105956
-0.000119256
-0.000126678
-0.000127879
-0.000122833
-0.000111819
-9.53953e-05
-7.43921e-05
-4.98733e-05
-2.30627e-05
4.74362e-06
3.22509e-05
5.8234e-05
8.1615e-05
0.00010154
0.000117428
0.000128976
0.000136116
0.000138979
0.000137874
0.000133259
0.000125683
0.00011576
0.000104168
9.16584e-05
7.90281e-05
6.70564e-05
5.63976e-05
4.74683e-05
4.0394e-05
3.50259e-05
3.09909e-05
2.77681e-05
2.48116e-05
2.16947e-05
1.81837e-05
1.42033e-05
9.75509e-06
4.86088e-06
-4.643e-07
-6.20515e-06
-1.22739e-05
-1.8379e-05
-2.391e-05
-2.79262e-05
-2.92883e-05
-2.69065e-05
-1.99892e-05
-8.18843e-06
8.32604e-06
2.87767e-05
5.17274e-05
7.52124e-05
9.7024e-05
0.00011497
0.000127013
0.000131393
0.000126847
0.000112853
8.97929e-05
5.9028e-05
2.29539e-05
-1.50144e-05
-5.07273e-05
-7.99254e-05
-9.89013e-05
-0.000104853
-9.6058e-05
-7.21889e-05
-3.46548e-05
1.34833e-05
1.34833e-05
6.80337e-05
0.000124236
0.000177197
0.000222402
0.000256405
0.000277373
0.000285101
0.000280578
0.000265488
0.000241763
0.000210986
0.0001738
0.00012984
7.82822e-05
1.84566e-05
-4.97499e-05
-0.00012545
-0.00020617
-0.000287582
-0.000363884
-0.0004285
-0.000474723
-0.000496529
-0.000489754
-0.000453118
-0.000388403
-0.000300063
-0.000194829
-8.10331e-05
3.27777e-05
0.000139261
0.000232737
0.000308926
0.000364837
0.000398811
0.000410264
0.000399363
0.000367183
0.000316182
0.000250391
0.000175083
9.61068e-05
1.90898e-05
-5.13332e-05
-0.000112156
-0.000162302
-0.000202303
-0.000233337
-0.000256183
-0.000270699
-0.000275814
-0.000269745
-0.000250528
-0.00021701
-0.000169783
-0.000111413
-4.59699e-05
2.16267e-05
8.63074e-05
0.000143688
0.000190748
0.000225892
0.000248525
0.000258625
0.0002565
0.000242572
0.000217253
0.000181116
0.00013524
8.13987e-05
2.19742e-05
-4.02253e-05
-0.000102168
-0.000160847
-0.000213507
-0.00025773
-0.0002914
-0.000312728
-0.000320392
-0.00031365
-0.000292407
-0.000257324
-0.000209946
-0.000152663
-8.84866e-05
-2.08269e-05
4.66455e-05
0.000110134
0.000165933
0.000210708
0.000241771
0.000257306
0.000256551
0.000239975
0.000209308
0.000167256
0.000117005
6.18456e-05
4.96229e-06
-5.07616e-05
-0.000102906
-0.000149477
-0.000188743
-0.000219174
-0.000239551
-0.000249105
-0.0002476
-0.000235385
-0.000213382
-0.000183
-0.000145966
-0.000104123
-5.92986e-05
-1.32893e-05
3.20937e-05
7.50228e-05
0.000113691
0.000146363
0.000171462
0.000187727
0.000194376
0.000191202
0.000178562
0.000157298
0.000128622
9.40042e-05
5.5058e-05
1.34789e-05
-2.89828e-05
-7.05482e-05
-0.000109458
-0.000144033
-0.000172753
-0.000194348
-0.000207881
-0.000212793
-0.000208916
-0.000196466
-0.000176026
-0.000148513
-0.000115134
-7.73444e-05
-3.68168e-05
4.61333e-06
4.50501e-05
8.26452e-05
0.000115677
0.000142618
0.000162222
0.000173602
0.000176273
0.000170159
0.000155593
0.000133324
0.000104503
7.06344e-05
3.34849e-05
-5.013e-06
-4.28676e-05
-7.81527e-05
-0.00010914
-0.000134406
-0.000152889
-0.000163924
-0.000167241
-0.000162954
-0.000151498
-0.000133582
-0.000110144
-8.23173e-05
-5.13909e-05
-1.87569e-05
1.41461e-05
4.58832e-05
7.50656e-05
0.00010041
0.000120816
0.000135424
0.000143637
0.000145157
0.000140008
0.000128542
0.0001114
8.94746e-05
6.38663e-05
3.58212e-05
6.65871e-06
-2.22921e-05
-4.97419e-05
-7.44903e-05
-9.54788e-05
-0.000111836
-0.000122909
-0.000128289
-0.000127831
-0.000121667
-0.000110193
-9.40418e-05
-7.40513e-05
-5.12154e-05
-2.66324e-05
-1.45121e-06
2.31875e-05
4.62034e-05
6.66064e-05
8.35259e-05
9.62592e-05
0.000104313
0.000107411
0.000105497
9.87395e-05
8.75402e-05
7.25083e-05
5.44222e-05
3.41853e-05
1.27794e-05
-8.78434e-06
-2.95148e-05
-4.84788e-05
-6.48339e-05
-7.7869e-05
-8.70463e-05
-9.20199e-05
-9.26348e-05
-8.89319e-05
-8.11574e-05
-6.97514e-05
-5.53147e-05
-3.85699e-05
-2.03232e-05
-1.42698e-06
1.7253e-05
3.48709e-05
5.06436e-05
6.38907e-05
7.4059e-05
8.07385e-05
8.36833e-05
8.28278e-05
7.82833e-05
7.03246e-05
5.93773e-05
4.60006e-05
3.08529e-05
1.46543e-05
-1.84176e-06
-1.78746e-05
-3.27129e-05
-4.56945e-05
-5.62595e-05
-6.39709e-05
-6.85259e-05
-6.97701e-05
-6.7709e-05
-6.25031e-05
-5.44486e-05
-4.39629e-05
-3.15652e-05
-1.78489e-05
-3.45806e-06
1.09353e-05
2.46721e-05
3.71452e-05
4.78132e-05
5.62177e-05
6.20154e-05
6.4996e-05
6.50773e-05
6.23072e-05
5.68692e-05
4.90646e-05
3.92887e-05
2.80232e-05
1.58188e-05
3.25471e-06
-9.09666e-06
-2.06803e-05
-3.09731e-05
-3.95191e-05
-4.59627e-05
-5.00577e-05
-5.16632e-05
-5.07458e-05
-4.73892e-05
-4.17907e-05
-3.42442e-05
-2.51267e-05
-1.48853e-05
-4.01169e-06
6.98766e-06
1.76107e-05
2.7378e-05
3.58594e-05
4.26957e-05
4.76083e-05
5.04085e-05
5.10075e-05
4.94163e-05
4.57424e-05
4.01894e-05
3.30479e-05
2.4677e-05
1.54856e-05
5.91435e-06
-3.58703e-06
-1.25868e-05
-2.06906e-05
-2.75512e-05
-3.28781e-05
-3.64558e-05
-3.81559e-05
-3.79357e-05
-3.58346e-05
-3.19769e-05
-2.65704e-05
-1.98935e-05
-1.22783e-05
-4.09308e-06
4.27658e-06
1.24463e-05
2.00493e-05
2.67523e-05
2.67523e-05
3.22678e-05
3.63665e-05
3.88866e-05
3.97408e-05
3.89185e-05
3.64862e-05
3.64862e-05
