9.28622e-10
8.00801e-09
2.07059e-09
-1.74082e-07
-8.44459e-07
-2.16314e-06
-3.78089e-06
-5.19756e-06
-6.35084e-06
-7.46194e-06
-8.49099e-06
-9.16461e-06
-9.361e-06
-9.16214e-06
-8.72441e-06
-8.2371e-06
-7.78095e-06
-7.2312e-06
-6.45468e-06
-5.49675e-06
-4.52355e-06
-3.70342e-06
-3.15569e-06
-2.94471e-06
-3.1089e-06
-3.69826e-06
-4.76279e-06
-6.2964e-06
-8.21531e-06
-1.04176e-05
-1.2863e-05
-1.55714e-05
-1.85461e-05
-2.17253e-05
-2.49918e-05
-2.82007e-05
-3.12078e-05
-3.38978e-05
-3.61871e-05
-3.8e-05
-3.92643e-05
-3.99325e-05
-3.99883e-05
-3.94216e-05
-3.82067e-05
-3.63045e-05
-3.36824e-05
-3.03374e-05
-2.63106e-05
-2.16753e-05
-1.65045e-05
-1.08574e-05
-4.79042e-06
1.64166e-06
8.39516e-06
1.543e-05
2.26965e-05
3.01412e-05
3.77111e-05
4.53425e-05
5.29661e-05
6.05333e-05
6.80323e-05
7.5483e-05
8.29172e-05
9.0358e-05
9.78156e-05
0.000105298
0.000112798
0.000120264
0.000127573
0.000134549
0.000140972
0.000146594
0.00015115
0.000154388
0.000156083
0.000156051
0.000154156
0.000150314
0.000144463
0.000136539
0.000126475
0.00011421
9.97024e-05
8.2955e-05
6.40461e-05
4.31491e-05
2.05219e-05
-3.52988e-06
-2.86998e-05
-5.47162e-05
-8.13597e-05
-0.000108472
-0.000135953
-0.00016372
-0.000191668
-0.000219619
-0.000247304
-0.000274374
-0.000300426
-0.000325043
-0.00034783
-0.000368429
-0.00038654
-0.000401948
-0.000414529
-0.000424223
-0.000430993
-0.000434789
-0.000435513
-0.000432981
-0.000426943
-0.000417135
-0.000403336
-0.000385444
-0.000363557
-0.00033799
-0.000309222
-0.000277836
-0.00024446
-0.00020968
-0.000173933
-0.000137418
-0.000100081
-6.16352e-05
-2.16076e-05
2.0626e-05
6.57342e-05
0.000114275
0.000166609
0.000222903
0.000283117
0.000346958
0.000413849
0.000482932
0.000553042
0.000622677
0.000689985
0.000752781
0.000808632
0.000855022
0.000889507
0.000909861
0.000914266
0.000901513
0.000871025
0.000822577
0.000755885
0.000670313
0.000564805
0.000438144
0.000289682
0.00012038
-6.64762e-05
-0.00026521
-0.000467984
-0.00066523
-0.000846771
-0.00100348
-0.0011284
-0.00121707
-0.00126743
-0.00127984
-0.00125653
-0.00120071
-0.00111597
-0.0010062
-0.000875613
-0.000728791
-0.000570772
-0.000406901
-0.000242392
-8.17555e-05
7.16524e-05
0.000215836
0.00035012
0.00047492
0.000591429
0.000701238
0.000805729
0.000905241
0.000998507
0.00108289
0.00115514
0.00121209
0.00125108
0.00127089
0.0012728
0.00126133
0.00124363
0.00122827
0.00122392
0.00123836
0.00127736
0.00134401
0.00143903
0.00156156
0.00170992
0.00188206
0.00207545
0.00228559
0.00250325
0.00271136
0.00288288
0.0029812
0.00296537
0.00279979
0.00246285
0.00195096
0.00128031
0.000487344
-0.000375962
-0.00125279
-0.002091
-0.00284745
-0.00349035
-0.00400108
-0.00437255
-0.00460427
-0.00469854
-0.00465966
-0.00449485
-0.0042157
-0.00383956
-0.00338968
-0.00289351
-0.0023795
-0.00187379
-0.0013978
-0.000967561
-0.00059476
-0.000288072
-5.39885e-05
0.000102718
0.000179038
0.000174984
9.57118e-05
-4.69541e-05
-0.000234609
-0.000443859
-0.000649016
-0.000825258
-0.000951192
-0.00101004
-0.00098957
-0.000881544
-0.000681108
-0.000386309
2.07553e-06
0.000480201
0.00104053
0.0016714
0.00235714
0.00307876
0.00381507
0.00454377
0.00524212
0.00588719
0.00645607
0.00692664
0.00727905
0.00749694
0.00756806
0.00748437
0.00724212
0.00684188
0.00628758
0.00558216
0.00471938
0.00367634
0.00241663
0.000910793
-0.000836217
-0.00277259
-0.00480751
-0.00682198
-0.00867585
-0.0102252
-0.0113514
-0.0119807
-0.0120862
-0.0116842
-0.0108259
-0.0095796
-0.00801298
-0.00618674
-0.00415962
-0.00199412
0.000239371
0.00245932
0.00457407
0.00648883
0.00811599
0.00938551
0.0102527
0.0107009
0.0107374
0.010382
0.009652
0.00854983
0.00706407
0.00519321
0.00297906
0.000520712
-0.00203931
-0.00453423
-0.00678608
-0.00862782
-0.0099368
-0.0106549
-0.0107843
-0.0103735
-0.00949978
-0.00824642
-0.00668689
-0.00488687
-0.00291759
-0.000865794
0.00116489
0.00306003
0.00470415
0.00470415
0.00598869
0.00681964
0.00713028
0.00689273
0.00611691
0.00484023
0.00312247
0.00104889
-0.00126648
-0.00368084
-0.00602662
-0.00812314
-0.00979758
-0.0109086
-0.0113652
-0.011138
-0.0102617
-0.00882696
-0.00696183
-0.00481001
-0.00251238
-0.000196683
0.00202475
0.00405315
0.00580141
0.00719388
0.00816858
0.00868199
0.00871587
0.00828304
0.00742801
0.00622196
0.00475442
0.00312376
0.00142706
-0.000247866
-0.00182453
-0.00323549
-0.00442098
-0.00533055
-0.00592535
-0.00618009
-0.00608573
-0.00565195
-0.00490725
-0.00389698
-0.00268054
-0.00132878
7.82955e-05
0.00145382
0.00270773
0.00375378
0.00452038
0.00496089
0.00505739
0.00481894
0.00427983
0.00349701
0.00254134
0.00148466
0.00039134
-0.000683797
-0.00169492
-0.00260322
-0.0033733
-0.00397071
-0.00436381
-0.00452861
-0.00445516
-0.00415551
-0.00366978
-0.00306274
-0.00240959
-0.00177914
-0.00122147
-0.000761251
-0.000397457
-0.000110389
0.000128227
0.000347641
0.000571808
0.00081301
0.00107033
0.00133607
0.00160376
0.00186828
0.00211445
0.0023011
0.00235842
0.00220912
0.00179792
0.0011076
0.00016327
-0.000964353
-0.00216355
-0.00330266
-0.00425531
-0.00491837
-0.00522759
-0.00517027
-0.00478283
-0.00413383
-0.00330545
-0.00237947
-0.00142576
-0.000494548
0.000384558
0.0011962
0.00192945
0.00257221
0.00311296
0.00354278
0.00385202
0.00402766
0.00405767
0.00393858
0.00367981
0.00330433
0.00284695
0.00234898
0.00185035
0.00138349
0.000971196
0.000626155
0.000351087
0.000140565
-1.52139e-05
-0.000125483
-0.000194486
-0.000220355
-0.000198239
-0.000124311
2.99484e-06
0.000183937
0.000418137
0.000704351
0.00103951
0.00141673
0.00182251
0.00223452
0.00262065
0.00294022
0.00314874
0.00320599
0.0030841
0.0027729
0.00228339
0.00164888
0.000920633
0.000157998
-0.000580738
-0.00124302
-0.00178434
-0.00217019
-0.00237658
-0.00238833
-0.0021971
-0.00180067
-0.00120347
-0.000418035
0.000532918
0.00161437
0.00277693
0.00395539
0.00506887
0.00602568
0.00673626
0.00713079
0.00717075
0.00685006
0.00619322
0.00525338
0.00410302
0.00281676
0.00145833
7.79262e-05
-0.00128598
-0.00260224
-0.00383832
-0.00495259
-0.00589473
-0.00661225
-0.00705731
-0.00719391
-0.00700645
-0.00650455
-0.00572051
-0.00470139
-0.00350091
-0.00217322
-0.000769393
0.000662847
0.00207714
0.00342687
0.00466573
0.00575023
0.00664347
0.00731919
0.00776472
0.00798138
0.00798201
0.00778679
0.00741951
0.00690528
0.00626954
0.00553731
0.00473237
0.00387455
0.00297454
0.00203037
0.00103166
-2.86155e-05
-0.00114055
-0.00226797
-0.00334858
-0.00430553
-0.00506338
-0.00556053
-0.00576062
-0.00566629
-0.00532525
-0.00481836
-0.00423774
-0.0036691
-0.00318042
-0.00281338
-0.00258097
-0.00247492
-0.00247744
-0.00256841
-0.00272618
-0.00292644
-0.00314181
-0.00334148
-0.00349085
-0.003554
-0.00350068
-0.00331345
-0.00299041
-0.00254291
-0.00199033
-0.00135318
-0.000646344
0.000123956
0.000957871
0.00185512
0.00280523
0.00377718
0.00471323
0.00553403
0.00615899
0.00653211
0.00663497
0.00648237
0.00611444
0.00559122
0.00498012
0.00433604
0.00368978
0.00305091
0.00241604
0.00177853
0.00114131
0.000526195
-2.76601e-05
-0.000473966
-0.000772553
-0.000905514
-0.000892514
-0.000793267
-0.000691687
-0.000671479
-0.000795287
-0.00109173
-0.00155394
-0.00215263
-0.0028543
-0.00363014
-0.00445661
-0.00531812
-0.00621003
-0.00713273
-0.00807783
-0.00901749
-0.00990292
-0.0106689
-0.0112403
-0.0115415
-0.0115072
-0.0110893
-0.0102568
-0.00899454
-0.00730925
-0.00523781
-0.00284893
-0.000240106
0.00246593
0.0051275
0.00759606
0.00973109
0.0114122
0.0125463
0.0130711
0.0129537
0.0121895
0.0108042
0.00885448
0.00642668
0.00363367
0.000612757
-0.00247957
-0.00547849
-0.00822295
-0.0105659
-0.0123831
-0.0135805
-0.0140965
-0.0139012
-0.0129954
-0.0114137
-0.0092303
-0.00656415
-0.00656415
-0.00357071
-0.000421003
0.00271971
0.00570251
0.00840131
0.0107214
0.0126026
0.0140107
0.0149278
0.0153453
0.0152602
0.014675
0.013605
0.0120902
0.0101994
0.00802654
0.00568099
0.00327602
0.000915732
-0.0013148
-0.00335323
-0.00515843
-0.00670596
-0.00798137
-0.00897243
-0.00966454
-0.0100425
-0.0100965
-0.00982766
-0.00924936
-0.00838922
-0.00728942
-0.00600339
-0.00458993
-0.00310915
-0.00162078
-0.000182099
0.00115486
0.00234504
0.00335158
0.00414742
0.00471598
0.00504913
0.00514385
0.00499978
0.0046185
0.00400379
0.00316394
0.00211779
0.000902033
-0.000425976
-0.0017913
-0.00310663
-0.00427911
-0.00522197
-0.00586827
-0.00617896
-0.00614396
-0.00578114
-0.00513378
-0.00426308
-0.00323744
-0.002125
-0.000990706
0.000105862
0.00111278
0.00198591
0.00268723
0.00318512
0.00345712
0.00349256
0.00329352
0.0028758
0.00226969
0.0015191
0.000678936
-0.000187682
-0.00101261
-0.00172706
-0.00226662
-0.00257562
-0.00261061
-0.00234418
-0.00176943
-0.000903118
0.000214648
0.00152382
0.00294895
0.00440414
0.00579986
0.00705201
0.00809031
0.00886233
0.00933346
0.00948561
0.00931502
0.00882725
0.00803151
0.00693898
0.00556561
0.00393556
0.00208482
6.64707e-05
-0.00204612
-0.00416268
-0.00618404
-0.00800963
-0.00954443
-0.0107073
-0.0114386
-0.011703
-0.0114892
-0.0108106
-0.00970464
-0.0082305
-0.00646383
-0.00449201
-0.00241068
-0.00031885
0.00168833
0.00352584
0.00512148
0.0064166
0.00736638
0.00793947
0.00811637
0.0078887
0.00726107
0.00625445
0.0049089
0.00328454
0.00146069
-0.00046751
-0.00239544
-0.00421682
-0.00583094
-0.00714854
-0.00809662
-0.00862216
-0.00869418
-0.00830432
-0.00746671
-0.00621751
-0.00461351
-0.00272867
-0.000648754
0.001534
0.00372515
0.00583202
0.00776704
0.00944918
0.0108045
0.0117679
0.0122869
0.0123243
0.0118614
0.0109019
0.00947536
0.0076372
0.00546428
0.00304793
0.000486283
-0.00212172
-0.00467894
-0.00709047
-0.00926479
-0.0111161
-0.0125668
-0.0135504
-0.014016
-0.0139336
-0.0132982
-0.0121315
-0.0104811
-0.00841572
-0.00601916
-0.00338458
-0.000610454
0.00220252
0.00495407
0.00754656
0.00988733
0.0118923
0.0134904
0.014629
0.0152775
0.0154287
0.0150966
0.0143111
0.0131112
0.0115403
0.00964345
0.00747002
0.00508048
0.00255136
-2.49474e-05
-0.00254296
-0.00488816
-0.00694632
-0.00861778
-0.00982929
-0.0105393
-0.0107403
-0.0104589
-0.00975031
-0.00868797
-0.0073548
-0.00583866
-0.00422838
-0.00260857
-0.00105543
0.000364607
0.00159517
0.00259154
0.00332268
0.00377171
0.00393461
0.0038187
0.00344185
0.0028322
0.00202735
0.00107266
1.90016e-05
-0.00107988
-0.00217047
-0.0032024
-0.00413056
-0.00491587
-0.00552418
-0.00592458
-0.00608952
-0.00599695
-0.00563289
-0.00499401
-0.00409098
-0.0029508
-0.00161567
-0.0001392
0.00141804
0.00299314
0.00452567
0.00596087
0.00725061
0.00835308
0.00923246
0.00985873
0.010208
0.0102641
0.01002
0.00947951
0.00865754
0.00757931
0.00628013
0.00480506
0.00320794
0.00154959
-0.000104172
-0.00168472
-0.00312509
-0.00436677
-0.00536592
-0.00609695
-0.00655453
-0.00675343
-0.00672369
-0.0065026
-0.00612849
-0.00563817
-0.00506527
-0.00443833
-0.00378154
-0.0031181
-0.00247267
-0.0018708
-0.00133653
-0.000889434
-0.000541783
-0.00029693
-0.000149774
-8.8535e-05
-9.68093e-05
-0.000155708
-0.000246169
-0.000350912
-0.000455435
-0.000548036
-0.000619527
-0.000663013
-0.000673363
-0.000646208
-0.000577267
-0.000462263
-0.000296901
-7.7588e-05
0.000195363
0.000513352
0.000858101
0.00120432
0.00152306
0.00178402
0.00195811
0.00202084
0.00195499
0.00175216
0.00141386
0.000950828
0.000380374
-0.000276475
-0.000995828
-0.00175034
-0.00250911
-0.00323907
-0.00390757
-0.00448477
-0.00494512
-0.00526797
-0.00543816
-0.00544639
-0.00528855
-0.00496397
-0.00447379
-0.00382148
-0.00382148
-0.00301602
-0.00207721
-0.00103994
4.61127e-05
0.00112159
0.00212411
0.00299455
0.00368447
0.00416421
0.00442675
0.00448458
0.00436304
0.00409393
0.00371015
0.00324115
0.00271155
0.00214329
0.00155872
0.000982111
0.000439968
-3.97832e-05
-0.000430483
-0.000710913
-0.000868806
-0.000902074
-0.000817947
-0.000630817
-0.000359418
-2.42274e-05
0.000354153
0.000755747
0.00116157
0.00155361
0.0019146
0.0022284
0.00248154
0.0026648
0.00277375
0.00280818
0.0027709
0.00266653
0.00250044
0.00227807
0.00200487
0.00168713
0.00133343
0.000955408
0.000567178
0.000184262
-0.00017752
-0.000503428
-0.00078133
-0.00100273
-0.00116305
-0.00126145
-0.00130015
-0.00128327
-0.00121571
-0.00110246
-0.000948693
-0.00075993
-0.000542211
-0.000303559
-5.76209e-05
0.000171987
0.000349927
0.000432366
0.000375452
0.000146893
-0.000264679
-0.000847334
-0.00156848
-0.00237733
-0.00320865
-0.00399316
-0.00467145
-0.00520137
-0.00555693
-0.00572466
-0.00570026
-0.00548469
-0.0050812
-0.00449588
-0.0037402
-0.00283296
-0.00180158
-0.000682751
0.000479193
0.00163659
0.00274329
0.00375757
0.0046426
0.00536572
0.00589842
0.00621739
0.00630636
0.00615888
0.005782
0.00519869
0.00444692
0.00357545
0.00263783
0.0016859
0.000764051
-9.33254e-05
-0.0008597
-0.00151221
-0.0020288
-0.00238714
-0.00256501
-0.00254299
-0.00230971
-0.00186634
-0.00122813
-0.000423744
0.000506364
0.00151187
0.00253227
0.00349321
0.00430353
0.00485992
0.00506289
0.00484098
0.00417022
0.00307729
0.0016311
-6.45571e-05
-0.00188067
-0.00368638
-0.0053774
-0.00688832
-0.00818546
-0.00925326
-0.0100802
-0.0106457
-0.0109159
-0.0108528
-0.0104278
-0.00963143
-0.00847997
-0.00701863
-0.00531652
-0.00345424
-0.00150963
0.000452726
0.00238521
0.00425269
0.00602313
0.00765986
0.00911865
0.0103468
0.0112836
0.0118659
0.0120425
0.0117886
0.0111108
0.0100453
0.00865247
0.00701125
0.00520978
0.00333748
0.00148053
-0.000282808
-0.00188767
-0.00328476
-0.00443797
-0.00532219
-0.00592368
-0.00624047
-0.00628148
-0.00606507
-0.00561769
-0.00497187
-0.00416403
-0.00323298
-0.00221934
-0.00116572
-0.000116737
0.00088273
0.00179097
0.00257226
0.00319885
0.00365382
0.00393356
0.00404613
0.00400351
0.0038101
0.00345358
0.0029084
0.00215334
0.00118844
3.95654e-05
-0.00124271
-0.00258216
-0.0038812
-0.00503685
-0.00595891
-0.00658165
-0.00686999
-0.00681969
-0.00644866
-0.00578594
-0.00486798
-0.00374264
-0.00247444
-0.00114599
0.000148083
0.00131462
0.00227508
0.00297347
0.00338258
0.00350938
0.00339099
0.00307961
0.00262735
0.00207814
0.00146445
0.000809245
0.000135095
-0.000525131
-0.00112519
-0.00161052
-0.00192656
-0.0020283
-0.00188993
-0.00151085
-0.000915346
-0.000147007
0.000739094
0.0016843
0.00263253
0.00353288
0.00433866
0.00500558
0.00549296
0.0057678
0.00580801
0.00560319
0.00515522
0.00447987
0.00360769
0.00258273
0.00145956
0.000299272
-0.000834634
-0.00187834
-0.00276892
-0.00344863
-0.0038738
-0.00402378
-0.0039044
-0.00354476
-0.00299054
-0.00229585
-0.00151467
-0.000694234
0.000126625
0.000915599
0.00164444
0.00228565
0.00280831
0.00317733
0.00335856
0.00332686
0.0030729
0.00260698
0.00195861
0.00117144
0.000296167
-0.000614987
-0.00151171
-0.00234798
-0.00308307
-0.00368093
-0.00410883
-0.00433714
-0.00434137
-0.0041065
-0.00363213
-0.0029364
-0.00205718
-0.00105018
1.50675e-05
0.00106064
0.0020078
0.00278595
0.00333931
0.00363051
0.00364406
0.00338943
0.00289758
0.00221028
0.00137022
0.00041733
-0.000611945
-0.0016842
-0.0027648
-0.00381143
-0.00477167
-0.00558565
-0.0061895
-0.0065206
-0.00652786
-0.00618357
-0.00548852
-0.00446958
-0.00317469
-0.00166725
-1.92627e-05
0.00169459
0.00339934
0.00501978
0.00648142
0.00771316
0.00865157
0.00924647
0.009466
0.00929976
0.00876019
0.00788208
0.00671863
0.00533476
0.00533476
0.00380068
0.0021874
0.000563692
-0.00100592
-0.00246199
-0.00375067
-0.00482532
-0.00564915
-0.00619751
-0.00645809
-0.00642938
-0.00611905
-0.00554305
-0.00472493
-0.0036949
-0.0024895
-0.00115265
0.000263191
0.00169752
0.00308415
0.00435427
0.00544062
0.00628366
0.00683795
0.0070754
0.00698472
0.00656962
0.00584723
0.00484689
0.00360985
0.00218986
0.000652664
-0.000926408
-0.00246577
-0.00388233
-0.00509805
-0.00604624
-0.00667596
-0.00695535
-0.00687447
-0.00644562
-0.00570108
-0.00469029
-0.00347727
-0.00213775
-0.000755394
0.000583877
0.00179871
0.00281851
0.00358825
0.00407326
0.00426288
0.00416892
0.00381925
0.00325174
0.00251117
0.00164677
0.000708916
-0.000252763
-0.00118948
-0.00205354
-0.00280056
-0.00339397
-0.00381026
-0.00404224
-0.00409787
-0.0039964
-0.0037644
-0.00343194
-0.0030278
-0.00257548
-0.00209234
-0.00159137
-0.00108377
-0.00058129
-9.77448e-05
0.000350922
0.000748199
0.00107978
0.00133606
0.00151281
0.0016103
0.0016321
0.00158376
0.00147103
0.00129806
0.00106691
0.000778528
0.00043494
4.15828e-05
-0.000392379
-0.000855936
-0.00133774
-0.00182532
-0.00230314
-0.00275197
-0.00315007
-0.00347524
-0.00370631
-0.00382445
-0.00381576
-0.00367456
-0.00340538
-0.00302233
-0.00254737
-0.00200771
-0.00143231
-0.000848492
-0.00028025
0.00025189
0.000730964
0.00114351
0.00147889
0.00172863
0.00188687
0.00195159
0.00192547
0.0018158
0.00163385
0.00139398
0.00111265
0.000807351
0.000495795
0.000195425
-7.70334e-05
-0.000306111
-0.000478319
-0.000582995
-0.000613146
-0.000566061
-0.000443349
-0.000250334
4.88488e-06
0.000312513
0.000662518
0.00104624
0.00145714
0.00189018
0.00234069
0.0028037
0.00327331
0.00374082
0.00419118
0.00459944
0.00493005
0.00513967
0.00518234
0.00501621
0.00461191
0.00396001
0.00307328
0.0019852
0.000749151
-0.000563563
-0.00187259
-0.00310194
-0.00418909
-0.00508697
-0.00576427
-0.00620608
-0.00641206
-0.00639133
-0.00615789
-0.00572828
-0.00512001
-0.00435095
-0.00344172
-0.00241967
-0.00132009
-0.000184138
0.00094329
0.00201402
0.00297814
0.00378794
0.00440254
0.00479116
0.00493474
0.00482665
0.00447277
0.00389108
0.00311052
0.00216913
0.00111159
-1.36219e-05
-0.00115729
-0.0022717
-0.00331199
-0.00423674
-0.00500801
-0.0055907
-0.00595215
-0.00606386
-0.00590519
-0.00546759
-0.00475847
-0.00380443
-0.00265165
-0.00136117
-1.63571e-06
0.00135666
0.00264544
0.00380146
0.00476943
0.00550466
0.00597515
0.00616279
0.00606386
0.00568965
0.00506673
0.00423506
0.00324413
0.00214819
0.00100088
-0.000149834
-0.00126346
-0.00230495
-0.00324201
-0.00404381
-0.00467957
-0.00511732
-0.00532608
-0.00528225
-0.00497665
-0.00441838
-0.00363531
-0.00267171
-0.00158249
-0.000425858
0.000742055
0.00186921
0.0029082
0.00381674
0.00455774
0.00509952
0.00541691
0.00549306
0.00532168
0.00490931
0.00427688
0.00345921
0.00250214
0.00145839
0.000383351
-0.00066817
-0.0016444
-0.00249882
-0.00319215
-0.0036942
-0.00398624
-0.00406317
-0.00393368
-0.00361795
-0.00314468
-0.00254785
-0.00186256
-0.0011203
-0.000346903
0.000435973
0.00120828
0.00195038
0.00264249
0.00326358
0.00379096
0.00420199
0.00447727
0.00460364
0.00457558
0.00439516
0.00407152
0.00362015
0.00306158
0.00241952
0.00171909
0.000985519
0.000243583
-0.000481616
-0.00116374
-0.00177572
-0.00229125
-0.00268593
-0.00293853
-0.00303323
-0.00296162
-0.00272366
-0.00232841
-0.0017946
-0.00114965
-0.000426644
0.000339137
0.00111295
0.00186252
0.00255916
0.003178
0.00369783
0.00410096
0.00437275
0.00449953
0.00446615
0.00425662
0.00385925
0.00327229
0.00250633
0.00158424
0.000541015
-0.000577302
-0.00171757
-0.00282482
-0.00384677
-0.00473722
-0.00545842
-0.00598156
-0.00628595
-0.00635858
-0.00619437
-0.00579696
-0.00517906
-0.00436187
-0.00337348
-0.00224801
-0.0010268
0.000239246
0.00148822
0.00148822
0.00264996
0.00365385
0.00443838
0.00495797
0.00518771
0.00512795
0.00480543
0.00426769
0.00357365
0.00278449
0.00195376
0.00111738
0.000290107
-0.000527983
-0.00134099
-0.00214902
-0.00294153
-0.00369041
-0.00434806
-0.0048554
-0.00515552
-0.00520463
-0.00497835
-0.00447652
-0.00372561
-0.00277528
-0.00169005
-0.000540604
0.000602964
0.00167695
0.00262852
0.00341744
0.00401489
0.00440185
0.00456907
0.00451754
0.0042575
0.00380707
0.00319198
0.0024456
0.00160734
0.000719933
-0.000173007
-0.00102865
-0.00180617
-0.00246769
-0.00297961
-0.00331454
-0.00345353
-0.00338722
-0.00311534
-0.00264494
-0.00198893
-0.00116663
-0.000207214
0.000845932
0.00193401
0.00298596
0.00392293
0.00466314
0.00513051
0.00526665
0.00504011
0.00445022
0.0035285
0.00233677
0.000957558
-0.00052041
-0.00201201
-0.00343859
-0.00472989
-0.00582723
-0.00668449
-0.00726622
-0.00754631
-0.00750912
-0.00715166
-0.00648597
-0.0055402
-0.00435709
-0.00299007
-0.00149983
4.66577e-05
0.00157483
0.00300278
0.00424663
0.00522952
0.00588922
0.00618271
0.0060902
0.00561796
0.00479772
0.00368269
0.00234241
0.000856161
-0.000694201
-0.00222901
-0.00367147
-0.00494635
-0.00598018
-0.00670518
-0.00706614
-0.00702756
-0.00657785
-0.00572972
-0.00451845
-0.00299952
-0.00124563
0.000658015
0.00261944
0.00454457
0.00633944
0.00791092
0.00916888
0.0100323
0.0104391
0.0103536
0.00976958
0.00871121
0.00723326
0.00541834
0.0033691
0.0011986
-0.000977657
-0.00304773
-0.00490837
-0.00646917
-0.00765627
-0.00841621
-0.00872013
-0.00856738
-0.00798626
-0.00702969
-0.00576716
-0.00427792
-0.0026463
-0.00095588
0.000717408
0.00230846
0.00376082
0.00502349
0.00605027
0.00680039
0.00723982
0.00734435
0.00710401
0.0065262
0.00563592
0.00447407
0.00309471
0.0015612
-5.85648e-05
-0.00169629
-0.00328568
-0.00476293
-0.00606609
-0.0071352
-0.00791514
-0.00836071
-0.00844147
-0.00814496
-0.00747913
-0.00647333
-0.00517678
-0.00365429
-0.00198104
-0.00023736
0.0014961
0.00314268
0.00463303
0.00590721
0.00691638
0.00762413
0.00800638
0.0080493
0.00774711
0.00710216
0.00612693
0.00484647
0.00330179
0.00155408
-0.000314068
-0.0022037
-0.00400785
-0.00561956
-0.00694065
-0.00789239
-0.00842386
-0.00851387
-0.00816857
-0.00741875
-0.00631699
-0.00493242
-0.00334432
-0.00163801
9.7232e-05
0.00177181
0.00330278
0.00462116
0.00567641
0.00643768
0.00689318
0.00704838
0.00692264
0.00654461
0.00594811
0.00516987
0.00424847
0.00322275
0.00213037
0.00100809
-0.00010707
-0.0011788
-0.00217456
-0.00306689
-0.00383163
-0.00444569
-0.00488758
-0.00513956
-0.00518959
-0.00503249
-0.00467122
-0.0041184
-0.00339727
-0.00254045
-0.0015865
-0.000576303
0.000448778
0.001447
0.00237553
0.00319057
0.0038491
0.00431128
0.00454324
0.00452124
0.00423678
0.00370016
0.00294091
0.00200614
0.000956686
-0.000139887
-0.00121735
-0.00221586
-0.00308367
-0.00377905
-0.00427345
-0.00455288
-0.00461596
-0.00447034
-0.00413008
-0.00361392
-0.00294384
-0.00214434
-0.00124253
-0.00026806
0.00074747
0.00177021
0.00276231
0.00368108
0.00448144
0.00512066
0.00556286
0.00578202
0.00576461
0.00551211
0.0050423
0.00438762
0.00359151
0.00270418
0.00177836
0.00086392
2.43795e-06
-0.000775885
-0.00145287
-0.00202197
-0.0024865
-0.002855
-0.00313577
-0.00333454
-0.00345499
-0.00349781
-0.00345837
-0.00332787
-0.00309841
-0.00276751
-0.00233896
-0.00182245
-0.00123367
-0.000594182
6.97588e-05
0.000728513
0.00134995
0.00190035
0.00234591
0.00265544
0.00280391
0.0027753
0.0025643
0.00217852
0.00164051
0.000986709
0.000262146
-0.000485223
-0.00120811
-0.00186261
-0.00241133
-0.00282595
-0.00308814
-0.00318944
-0.00313079
-0.00292198
-0.00258093
-0.00213228
-0.00160532
-0.00103209
-0.000446119
0.000119355
0.000633979
0.00107277
0.00141781
0.00165927
0.00179541
0.00179541
0.001832
0.00178121
0.00165994
0.00148731
0.00128289
0.00106591
0.000854061
0.000662014
0.000501061
0.000379952
0.000305002
0.00027878
0.000298459
0.000354851
0.000432628
0.000511569
0.000567678
0.00057411
0.000504003
0.000336758
6.54933e-05
-0.000299119
-0.00073095
-0.00119369
-0.00164538
-0.00204248
-0.00234589
-0.00252725
-0.00257111
-0.002473
-0.00223708
-0.00187468
-0.00140299
-0.000844287
-0.000226225
0.000419003
0.00105744
0.00165687
0.00218951
0.0026335
0.00297336
0.00319986
0.00330945
0.00330244
0.00318083
0.00294752
0.00260775
0.00217122
0.00165379
0.00107826
0.000472963
-0.000131965
-0.000708723
-0.00123479
-0.00169454
-0.00207954
-0.00238693
-0.0026164
-0.00276711
-0.00283597
-0.00281709
-0.00270283
-0.00248697
-0.00216874
-0.00175473
-0.00125813
-0.000697823
-9.88135e-05
0.000507417
0.00108494
0.00159715
0.00201042
0.00229682
0.00243645
0.00241939
0.0022467
0.00193027
0.00149177
0.000960856
0.000371846
-0.00024061
-0.000844938
-0.00141357
-0.00192238
-0.00235051
-0.00268092
-0.00290051
-0.0029995
-0.00297152
-0.00281493
-0.00253474
-0.00214416
-0.00166481
-0.00112483
-0.000555203
1.38418e-05
0.000555938
0.00105113
0.00148739
0.00186006
0.00217014
0.00242266
0.00262507
0.00278475
0.0029068
0.00299312
0.00304286
0.00305333
0.00302032
0.00293828
0.00280152
0.00260605
0.0023502
0.00203404
0.00165961
0.00123237
0.000762137
0.000262573
-0.000250118
-0.000758321
-0.00124329
-0.00168478
-0.00206152
-0.00235327
-0.00254316
-0.00261869
-0.00257225
-0.00240192
-0.00211231
-0.00171476
-0.00122679
-0.000671151
-7.51211e-05
0.000530011
0.00111016
0.00163089
0.00205994
0.00236905
0.00253547
0.00254379
0.0023875
0.00206936
0.00160074
0.00100085
0.000296357
-0.000478767
-0.00128441
-0.00207704
-0.00281288
-0.0034503
-0.00395199
-0.00428765
-0.00443677
-0.00438995
-0.00414895
-0.00372602
-0.00314351
-0.00243338
-0.0016358
-0.000796189
3.79919e-05
0.00081977
0.00150554
0.00205902
0.00245484
0.00267987
0.0027324
0.00262036
0.00235918
0.00196914
0.00147234
0.000890899
0.000246798
-0.000437253
-0.0011371
-0.00182658
-0.00247709
-0.00305842
-0.00354125
-0.00390018
-0.00411563
-0.00417505
-0.00407418
-0.00381778
-0.00341883
-0.00289689
-0.00227646
-0.00158568
-0.000854871
-0.000114846
0.000604666
0.00127706
0.00188181
0.00240714
0.00285007
0.0032131
0.00350024
0.00371505
0.00385939
0.00393163
0.00392589
0.00383453
0.003652
0.00337736
0.00301527
0.0025754
0.00207054
0.0015146
0.000922023
0.00030814
-0.000310374
-0.000914794
-0.00148362
-0.00199283
-0.00241719
-0.00273227
-0.00291731
-0.00295872
-0.0028526
-0.00260515
-0.00223082
-0.00174978
-0.00118593
-0.000565665
8.34746e-05
0.000734189
0.00136002
0.00193506
0.0024337
0.00283126
0.00310547
0.00323889
0.00322101
0.00304952
0.00273099
0.00228182
0.00172822
0.00110378
0.000445753
-0.000208145
-0.000822229
-0.00136567
-0.00181523
-0.00215648
-0.0023834
-0.00249716
-0.00250466
-0.00241652
-0.00224452
-0.00199941
-0.0016902
-0.00132478
-0.000910453
-0.00045496
3.12695e-05
0.000532208
0.00102533
0.00148308
0.00187486
0.00216931
0.00233854
0.00236349
0.00223725
0.00196573
0.00156771
0.00107384
0.000522388
-4.73822e-05
-0.000599951
-0.00110509
-0.00153873
-0.00188409
-0.00213126
-0.00227492
-0.00231266
-0.0022448
-0.00207467
-0.00180887
-0.00145789
-0.00103665
-0.000564049
-6.15492e-05
0.000448335
0.000943402
0.00140295
0.00180869
0.00214542
0.0024013
0.00256802
0.00264102
0.00261973
0.00250799
0.00231408
0.0020504
0.00173273
0.00137914
0.00100885
0.000641251
0.000295045
-1.2565e-05
-0.000267061
-0.000458077
-0.000580543
-0.000634829
-0.000626096
-0.000563602
-0.000460061
-0.000330436
-0.000190018
-5.25542e-05
7.10138e-05
0.000173415
0.000251816
0.000307974
0.000346753
0.000373153
0.00038958
0.000394398
0.000380968
0.000337214
0.000247624
9.79723e-05
9.79723e-05
-0.000120198
-0.000407215
-0.000753715
-0.0011397
-0.00153662
-0.00191239
-0.00223585
-0.00247861
-0.00261644
-0.00263108
-0.00251163
-0.00225522
-0.00186745
-0.0013633
-0.000768388
-0.000119475
0.000538667
0.00115995
0.00170318
0.00213529
0.0024335
0.00258724
0.00259695
0.0024696
0.00221444
0.00184118
0.00135987
0.000782517
0.000127213
-0.000577576
-0.00129239
-0.00197011
-0.00256115
-0.00301961
-0.00331038
-0.00341459
-0.00333032
-0.0030696
-0.00265465
-0.00211412
-0.0014784
-0.000776052
-3.35137e-05
0.000723069
0.00146665
0.00216924
0.00280221
0.00333694
0.00374649
0.00400725
0.00409995
0.00401045
0.00373143
0.00326489
0.00262351
0.00183073
0.000920887
-6.07813e-05
-0.00106117
-0.00202542
-0.00290279
-0.00365039
-0.00423585
-0.00463906
-0.00485129
-0.00487186
-0.00470507
-0.00435876
-0.00384371
-0.00317384
-0.0023678
-0.00145094
-0.000455802
0.000579506
0.00161314
0.0026008
0.00349736
0.00425979
0.00485029
0.00523821
0.00540102
0.00532551
0.00500956
0.00446352
0.00371019
0.00278324
0.00172507
0.000584104
-0.000588245
-0.00174038
-0.00282209
-0.00378521
-0.00458432
-0.00517805
-0.00553145
-0.00561907
-0.00542759
-0.00495702
-0.00422139
-0.00324971
-0.00208589
-0.000787006
0.000580026
0.00194246
0.00322586
0.00435842
0.00527624
0.0059288
0.00628221
0.00631986
0.00604251
0.00546804
0.00462906
0.00356872
0.00233755
0.000991589
-0.00040955
-0.00180487
-0.00313375
-0.00433805
-0.0053649
-0.00616978
-0.00671932
-0.00699366
-0.00698759
-0.00670977
-0.00618061
-0.0054299
-0.00449473
-0.00341789
-0.0022467
-0.0010321
0.000173039
0.00131644
0.00234934
0.00322929
0.00392285
0.00440746
0.00467208
0.00471674
0.00455097
0.00419123
0.00365841
0.00297688
0.0021747
0.00128384
0.000339884
-0.000618609
-0.00155069
-0.00241413
-0.0031673
-0.00377143
-0.00419263
-0.0044035
-0.00438508
-0.00412886
-0.00363763
-0.00292529
-0.0020172
-0.000951006
0.0002243
0.00145222
0.00267341
0.00382924
0.00486468
0.00573099
0.00638827
0.00680717
0.00696945
0.00686748
0.00650344
0.00588887
0.00504457
0.00400044
0.00279472
0.0014725
8.40403e-05
-0.00131641
-0.00267216
-0.00392684
-0.00502788
-0.00592927
-0.00659325
-0.00699166
-0.0071079
-0.00693866
-0.00649427
-0.00579733
-0.00488035
-0.00378346
-0.00255221
-0.00123543
0.000116718
0.00145474
0.00273144
0.00390263
0.0049274
0.00576908
0.00639681
0.00678674
0.00692224
0.00679416
0.00640239
0.00575834
0.00488576
0.00381922
0.00260204
0.00128488
-7.63262e-05
-0.00142398
-0.00270277
-0.00386252
-0.00485937
-0.00565538
-0.00621761
-0.00651882
-0.00653968
-0.00627092
-0.0057145
-0.00488481
-0.0038102
-0.0025333
-0.00110881
0.000400465
0.00192748
0.0034041
0.00476389
0.0059452
0.00689361
0.00756352
0.00791965
0.00793911
0.00761383
0.0069524
0.00598026
0.00473785
0.00327798
0.00166288
-3.93325e-05
-0.00175834
-0.00342509
-0.00497441
-0.00634726
-0.00749228
-0.00836702
-0.00893876
-0.0091854
-0.00909621
-0.00867226
-0.0079266
-0.00688424
-0.00558197
-0.00406697
-0.00239435
-0.000625524
0.00117266
0.00292966
0.00457513
0.00604327
0.0072758
0.0082232
0.00884527
0.00911302
0.00901196
0.0085449
0.00773227
0.00661108
0.00523402
0.00366759
0.0019879
0.000275101
-0.00139254
-0.002944
-0.00431973
-0.00547297
-0.00636842
-0.00698029
-0.00729129
-0.00729206
-0.00698093
-0.00636541
-0.00546527
-0.00431451
-0.00296047
-0.00146156
0.000115424
0.00169931
0.00321996
0.00461299
0.0058226
0.00680269
0.00751658
0.00793634
0.00804303
0.00782833
0.00729628
0.00646433
0.00536391
0.00404026
0.00255089
0.000961964
-0.000656133
-0.00223296
-0.00370142
-0.00500081
-0.00607959
-0.00689705
-0.00742433
-0.00764541
-0.00755802
-0.00717399
-0.0065186
-0.00562872
-0.00455014
-0.00333436
-0.00203558
-0.000708634
0.000592375
0.00181553
0.00291289
0.00384186
0.00456597
0.00456597
0.00505611
0.00529282
0.00526849
0.00498848
0.00447092
0.00374562
0.00285227
0.00183798
0.000754584
-0.00034414
-0.00140499
-0.00237773
-0.00321745
-0.00388683
-0.00435816
-0.00461483
-0.00465227
-0.00447803
-0.00411045
-0.0035764
-0.00290921
-0.0021469
-0.00133036
-0.00050106
0.000300886
0.00103827
0.00167822
0.00219374
0.00256503
0.00278027
0.00283554
0.0027337
0.00248316
0.002097
0.00159213
0.000988348
0.000308249
-0.000422324
-0.00117446
-0.00191741
-0.00261998
-0.00325184
-0.00378508
-0.00419586
-0.0044655
-0.00458086
-0.00453402
-0.0043212
-0.00394193
-0.00339968
-0.00270378
-0.00187118
-0.000927306
9.38459e-05
0.00115117
0.00219962
0.00319371
0.00408993
0.00484843
0.00543482
0.00582215
0.00599245
0.00593728
0.00565758
0.00516412
0.00447868
0.00363444
0.00267401
0.00164603
0.000601364
-0.000410727
-0.00134683
-0.002173
-0.00286635
-0.00341423
-0.00381202
-0.00406082
-0.00416539
-0.00413219
-0.00396827
-0.00368119
-0.00327932
-0.00277217
-0.00217121
-0.00149169
-0.000754222
1.60788e-05
0.000792123
0.00154649
0.00225188
0.00288231
0.00341512
0.00383201
0.00411875
0.00426449
0.00426163
0.00410636
0.00380037
0.00335219
0.00277712
0.00209678
0.00133886
0.000536336
-0.000274707
-0.00105759
-0.00177712
-0.00240122
-0.00290217
-0.00325764
-0.00345174
-0.00347586
-0.00332896
-0.00301788
-0.00255768
-0.00197144
-0.00128918
-0.000545909
0.000220606
0.000972135
0.00167213
0.00228756
0.00279035
0.00315838
0.00337609
0.00343508
0.00333467
0.00308214
0.00269223
0.00218622
0.00159049
0.000934638
0.000249219
-0.000436319
-0.00109497
-0.00170302
-0.00224065
-0.00269245
-0.00304737
-0.00329838
-0.00344231
-0.00348016
-0.00341738
-0.00326303
-0.00302727
-0.00271846
-0.0023419
-0.00190099
-0.00139933
-0.00084284
-0.000241477
0.000389185
0.0010278
0.00164911
0.00222672
0.00273586
0.00315586
0.00347181
0.00367457
0.00375912
0.00372294
0.00356558
0.00328961
0.00290239
0.00241781
0.00185665
0.00124559
0.000615449
-1.08394e-06
-0.000572859
-0.00107388
-0.00148548
-0.00179658
-0.0020031
-0.00210691
-0.00211441
-0.00203544
-0.00188279
-0.00167222
-0.00142155
-0.00114856
-0.000868991
-0.00059569
-0.0003387
-0.000105382
9.93366e-05
0.000271979
0.000409036
0.000506091
0.000558194
0.000561025
0.000512078
0.000411536
0.000262819
7.25399e-05
-0.000150333
-0.000395721
-0.000653285
-0.000912524
-0.00116252
-0.00139184
-0.00158858
-0.00174066
-0.00183598
-0.00186313
-0.00181271
-0.00167895
-0.00146088
-0.00116259
-0.000793567
-0.000369201
8.95072e-05
0.000557979
0.00101075
0.00142344
0.00177426
0.00204567
0.00222584
0.0023091
0.00229529
0.00218884
0.00199774
0.00173251
0.00140556
0.00103103
0.000624685
0.00020343
-0.000215734
-0.000616995
-0.000986705
-0.00131391
-0.00159069
-0.00181254
-0.00197833
-0.00208948
-0.00214852
-0.00215777
-0.00211858
-0.00203125
-0.00189538
-0.00171044
-0.00147703
-0.00119837
-0.000880834
-0.000533178
-0.000166013
0.000208313
0.000576284
0.000924379
0.00123985
0.0015109
0.00172685
0.0018785
0.00195869
0.00196303
0.00189034
0.00174225
0.00152272
0.00123786
0.000895883
0.000507031
8.33165e-05
-0.000361464
-0.000810829
-0.00124384
-0.00163446
-0.00195371
-0.00217373
-0.00227136
-0.00223127
-0.00204945
-0.00173596
-0.00131422
-0.000817384
-0.00028377
0.000247116
0.000738583
0.00116062
0.00149234
0.00172217
0.00184678
0.00187018
0.00180256
0.00165829
0.00145352
0.00120537
0.000932169
0.000652808
0.000385102
0.000144893
-5.39984e-05
-0.000200489
-0.000287994
-0.000316246
-0.000292349
-0.000230133
-0.00014765
-6.45176e-05
-4.68955e-07
2.62426e-05
2.01689e-06
-7.86637e-05
-0.0002119
-0.000385588
-0.000581882
-0.000779574
-0.000956129
-0.0010901
-0.00116379
-0.00116473
-0.00108622
-0.000928441
-0.000700011
-0.000417465
-0.000102296
0.000221865
0.000530624
0.000800091
0.00100901
0.00114075
0.00118418
0.00113313
0.000985448
0.000985448
0.000742207
0.000407597
-1.04218e-05
-0.000498958
-0.00103881
-0.00160342
-0.00215865
-0.00266415
-0.00307728
-0.00335885
-0.00347755
-0.0034117
-0.0031502
-0.00269385
-0.0020553
-0.00125666
-0.000326676
0.000700608
0.00178547
0.00288074
0.00393082
0.00487427
0.00564909
0.00619784
0.00647193
0.00643626
0.00607384
0.00538787
0.00440009
0.00314685
0.00167562
4.35082e-05
-0.00168274
-0.00342697
-0.00510532
-0.00662997
-0.00791412
-0.00887806
-0.00945683
-0.00960763
-0.00931356
-0.00858297
-0.00744751
-0.00595984
-0.00419015
-0.00222157
-0.00014624
0.00193778
0.00392997
0.00573173
0.0072527
0.00841828
0.00917604
0.00949918
0.00938771
0.0088673
0.00798452
0.00680002
0.00538291
0.00380745
0.00214983
0.000484741
-0.00111656
-0.00258664
-0.00386301
-0.00489085
-0.00562634
-0.00603923
-0.00611442
-0.00585289
-0.00527138
-0.00440119
-0.00328677
-0.00198435
-0.000560204
0.000912054
0.00235473
0.00368972
0.00484281
0.00574872
0.00635649
0.00663353
0.00656707
0.00616339
0.00544648
0.0044562
0.0032449
0.00187283
0.000404465
-0.00109396
-0.00255711
-0.00392369
-0.00513923
-0.00615793
-0.00694398
-0.00747274
-0.00773094
-0.00771641
-0.00743766
-0.00691367
-0.00617316
-0.00525288
-0.00419475
-0.00304282
-0.00184078
-0.00063062
0.000548326
0.00166078
0.0026765
0.00356961
0.00431703
0.00489789
0.00529467
0.00549457
0.00549005
0.00527923
0.00486733
0.00426874
0.00350741
0.00261529
0.00163104
0.000600148
-0.00042561
-0.00139102
-0.00224164
-0.00292778
-0.00340843
-0.00365589
-0.00366005
-0.00342996
-0.00299186
-0.00238509
-0.00165769
-0.000861488
-4.64578e-05
0.000743556
0.00147211
0.0021094
0.00263145
0.0030192
0.00325678
0.00333054
0.0032306
0.00295374
0.00250547
0.00190083
0.00116464
0.000330477
-0.000562249
-0.001472
-0.00235848
-0.00318531
-0.00392152
-0.00454046
-0.00501727
-0.00532721
-0.00544572
-0.00535
-0.00502255
-0.00445636
-0.00365851
-0.0026509
-0.00147001
-0.000166326
0.00119903
0.00256036
0.00385271
0.00501462
0.00599024
0.00673166
0.00720177
0.00737731
0.00725113
0.00683302
0.00614987
0.00524483
0.00417408
0.00300093
0.00179026
0.000604825
-0.000497946
-0.00146849
-0.00226594
-0.00285766
-0.00321923
-0.00333562
-0.00320279
-0.00282931
-0.00223727
-0.00146206
-0.000551078
0.000437906
0.00143896
0.0023815
0.00319567
0.00381824
0.00419654
0.00429009
0.00407288
0.00353846
0.00270519
0.00161784
0.000344401
-0.00103007
-0.00241011
-0.00369734
-0.0047997
-0.00564067
-0.00616419
-0.00633531
-0.00614073
-0.00558994
-0.00471405
-0.00356216
-0.00219836
-0.000699521
0.000848002
0.00235361
0.00372922
0.00489609
0.00578966
0.00636237
0.00658643
0.00645676
0.00599151
0.00522866
0.00422133
0.0030342
0.00174056
0.000418792
-0.000852264
-0.00199783
-0.00295107
-0.00365652
-0.00407362
-0.0041798
-0.0039717
-0.00346436
-0.00268953
-0.00169374
-0.000535527
0.000718672
0.00199964
0.00324001
0.00437724
0.00535539
0.0061271
0.00665572
0.00691621
0.00689441
0.00658615
0.00599686
0.00514146
0.00404424
0.00273904
0.00126913
-0.000314474
-0.00195583
-0.00359612
-0.00517446
-0.00662889
-0.00789885
-0.00892879
-0.00967159
-0.010091
-0.0101638
-0.00988167
-0.00925358
-0.00830545
-0.00707803
-0.00562422
-0.00400662
-0.00229476
-0.000561981
0.0011177
0.0026727
0.00403707
0.00515365
0.00597733
0.0064781
0.00664287
0.00647549
0.00599568
0.00523702
0.00424392
0.00306855
0.0017685
0.000404728
-0.000960344
-0.00226465
-0.00344821
-0.00445564
-0.00523936
-0.00576294
-0.00600386
-0.00595541
-0.00562715
-0.00504349
-0.00424091
-0.0032649
-0.00216686
-0.00100094
0.000178943
0.00132107
0.00237721
0.00330397
0.00406452
0.00463043
0.00498313
0.00511472
0.00502825
0.00473748
0.00426581
0.00364458
0.00291099
0.00210596
0.00127223
0.000452399
-0.000313234
-0.000989077
-0.00154637
-0.00196439
-0.00196439
-0.00223108
-0.00234346
-0.0023078
-0.00213852
-0.0018561
-0.0014845
-0.00104937
-0.000576844
-9.23115e-05
0.000380862
0.000821869
0.00121206
0.00153481
0.00177624
0.00192568
0.00197578
0.00192265
0.00176668
0.00151351
0.00117483
0.000768968
0.000320854
-0.000139696
-0.000581228
-0.000973947
-0.00129185
-0.00151448
-0.00162903
-0.00163152
-0.00152604
-0.00132267
-0.00103583
-0.000683232
-0.000285385
0.000134783
0.000552708
0.000943444
0.00128307
0.00155016
0.0017275
0.00180365
0.00177404
0.00164127
0.00141492
0.0011104
0.000747286
0.000347282
-6.76375e-05
-0.000476462
-0.000859925
-0.00120155
-0.00148877
-0.00171313
-0.00186934
-0.00195471
-0.00196924
-0.00191571
-0.00179911
-0.00162623
-0.00140557
-0.00114704
-0.000861561
-0.000560605
-0.000255783
4.14565e-05
0.000319852
0.000568219
0.000775506
0.000930915
0.00102421
0.00104676
0.000993322
0.000863211
0.00066054
0.000393991
7.63298e-05
-0.000276926
-0.00064934
-0.00102465
-0.00138687
-0.00172003
-0.00200821
-0.0022357
-0.00238781
-0.00245186
-0.00241816
-0.00228133
-0.00204188
-0.00170739
-0.00129234
-0.000816784
-0.000304946
0.000216122
0.000718111
0.00117376
0.00155939
0.00185622
0.0020506
0.00213422
0.00210468
0.00196555
0.00172531
0.00139614
0.000992949
0.000532336
3.17617e-05
-0.000490607
-0.00101585
-0.00152467
-0.00199805
-0.00241763
-0.00276574
-0.00302599
-0.00318473
-0.00323267
-0.00316556
-0.00298434
-0.00269511
-0.00230909
-0.00184218
-0.00131376
-0.000745146
-0.000157982
0.00042703
0.000990827
0.00151616
0.00198766
0.00239199
0.00271803
0.00295663
0.00310054
0.00314492
0.00308794
0.00293107
0.00267892
0.00233904
0.00192176
0.00144024
0.000910264
0.000349663
-0.000222151
-0.000784337
-0.00131526
-0.00179396
-0.00220161
-0.00252227
-0.00274318
-0.00285487
-0.00285154
-0.00273178
-0.00249902
-0.00216126
-0.00173077
-0.00122406
-0.000661755
-6.77837e-05
0.00053233
0.00111331
0.00165187
0.00212804
0.00252586
0.0028336
0.00304358
0.0031518
0.00315739
0.00306167
0.00286763
0.00258037
0.00220769
0.00176041
0.00125189
0.000697803
0.000115926
-0.000474249
-0.00105236
-0.00159797
-0.00209056
-0.00250908
-0.00283245
-0.00304147
-0.00312111
-0.00306171
-0.00285981
-0.00251911
-0.00205123
-0.00147519
-0.000815724
-0.000101362
0.00063692
0.00136627
0.00205263
0.00266237
0.00316445
0.00353234
0.00374567
0.00379204
0.00366843
0.00338163
0.00294747
0.00238921
0.00173563
0.0010188
0.000272086
-0.000471402
-0.00117971
-0.00182274
-0.00237324
-0.00280819
-0.00311025
-0.00326894
-0.00328128
-0.00315186
-0.00289212
-0.00251885
-0.00205222
-0.00151409
-0.000927032
-0.000313943
0.00030218
0.000898054
0.00144961
0.00193196
0.00232061
0.00259351
0.00273301
0.00272737
0.00257231
0.00227203
0.00183896
0.00129272
0.000659377
-2.90286e-05
-0.000736132
-0.00142402
-0.00205579
-0.00259721
-0.00301814
-0.00329438
-0.00340938
-0.00335501
-0.00313145
-0.00274651
-0.00221481
-0.00155718
-0.000800274
2.41992e-05
0.000880553
0.00173051
0.00253476
0.00325498
0.00385622
0.00430943
0.00459305
0.00469347
0.00460524
0.00433132
0.00388322
0.00328065
0.00255052
0.0017255
0.000842469
-5.90383e-05
-0.000938838
-0.00175859
-0.00248411
-0.00308696
-0.00354546
-0.00384484
-0.00397691
-0.00393964
-0.00373726
-0.00338032
-0.00288558
-0.00227557
-0.00157828
-0.000826314
-5.54144e-05
0.000697439
0.00139595
0.0020063
0.00249901
0.00285056
0.00304446
0.00307155
0.00293021
0.00262657
0.00217463
0.00159581
0.000918202
0.000175346
-0.000595363
-0.00135457
-0.00206306
-0.00268373
-0.00318326
-0.0035334
-0.0037126
-0.00370796
-0.00351669
-0.00314621
-0.00261332
-0.00194292
-0.00116713
-0.000324033
0.000544437
0.00139555
0.00218846
0.00288587
0.00345538
0.00387101
0.00411489
0.00417859
0.00406353
0.00378049
0.00334859
0.00279383
0.0021471
0.0014416
0.000710542
-1.46952e-05
-0.000705936
-0.00133902
-0.00133902
-0.00189365
-0.00235271
-0.00270237
-0.00293264
-0.00303739
-0.00301385
-0.00286266
-0.00258901
-0.00220349
-0.00172177
-0.0011637
-0.000552657
8.5105e-05
0.000721204
0.00132635
0.00187183
0.00233116
0.00268151
0.00290527
0.00299123
0.00293527
0.00274021
0.00241561
0.00197747
0.00144731
0.00085064
0.000215467
-0.000428949
-0.00105334
-0.00162977
-0.00213302
-0.00254196
-0.0028406
-0.00301877
-0.00307232
-0.00300288
-0.002817
-0.00252496
-0.00213978
-0.00167669
-0.00115274
-0.000586649
1.02107e-06
0.000587794
0.00115013
0.00166496
0.00211111
0.00247039
0.00272882
0.00287756
0.00291298
0.00283621
0.00265249
0.00237074
0.0020032
0.00156541
0.00107603
0.000556391
2.9838e-05
-0.00047902
-0.000945568
-0.00134709
-0.00166461
-0.00188409
-0.00199717
-0.00200144
-0.00190023
-0.0017019
-0.00141895
-0.0010673
-0.000665653
-0.000234657
0.000203792
0.000627336
0.00101416
0.00134427
0.00160086
0.0017713
0.00184773
0.00182704
0.00171036
0.00150236
0.00121052
0.000844411
0.000415548
-6.24037e-05
-0.000573409
-0.00109932
-0.00162023
-0.00211465
-0.00256004
-0.00293427
-0.00321754
-0.00339376
-0.00345152
-0.00338458
-0.00319225
-0.0028794
-0.00245603
-0.0019366
-0.00133945
-0.00068654
-3.13075e-06
0.000683021
0.0013429
0.00194777
0.00247071
0.00288825
0.00318208
0.0033407
0.00336019
0.00324404
0.00300277
0.00265323
0.00221727
0.00171982
0.00118711
0.00064513
0.000118099
-0.000372914
-0.000810553
-0.00118103
-0.00147413
-0.00168364
-0.00180751
-0.00184747
-0.00180847
-0.0016985
-0.00152842
-0.00131141
-0.00106215
-0.000795686
-0.000526699
-0.000269123
-3.57797e-05
0.000162379
0.000317067
0.000423117
0.000478483
0.000483925
0.000442703
0.000360445
0.000244866
0.000104927
-5.0345e-05
-0.000212676
-0.000374749
-0.000530073
-0.000672787
-0.000797431
-0.000898641
-0.000970971
-0.00100917
-0.00100876
-0.000966634
-0.000881538
-0.000754751
-0.000590565
-0.00039615
-0.000180908
4.42222e-05
0.000267476
0.000477255
0.000663221
0.00081701
0.000932588
0.00100663
0.00103882
0.00103165
0.000989662
0.00091881
0.000826107
0.000719271
0.000606145
0.000494178
0.000390083
0.000299473
0.000226458
0.000173308
0.000140326
0.000126104
0.000128107
0.00014316
0.000167671
0.000198029
0.000231375
0.000266191
0.000302243
0.000340092
0.000380643
0.000424847
0.00047346
0.000526666
0.000583587
0.000641901
0.000697696
0.000745456
0.000778341
0.000789057
0.000771074
0.000719369
0.000630525
0.00050292
0.000337219
0.000136496
-9.42843e-05
-0.000348832
-0.000619543
-0.000896896
-0.00116868
-0.00142006
-0.00163498
-0.00179809
-0.00189595
-0.00191804
-0.00185805
-0.00171534
-0.00149548
-0.00120986
-0.000874457
-0.000508522
-0.000133144
0.000230325
0.000562037
0.000844858
0.00106493
0.00121229
0.00128164
0.00127232
0.00118761
0.00103409
0.00082136
0.000561464
0.00026819
-4.35604e-05
-0.000358217
-0.000660008
-0.000933511
-0.00116433
-0.00133991
-0.00145041
-0.0014893
-0.00145362
-0.00134393
-0.00116404
-0.000920609
-0.000622757
-0.000281621
9.01146e-05
0.000478611
0.00086911
0.00124602
0.00159322
0.00189477
0.00213591
0.00230374
0.00238749
0.0023791
0.00227414
0.00207293
0.00178103
0.00140907
0.000972366
0.000490583
-1.33177e-05
-0.000515082
-0.000991137
-0.00142
-0.00178348
-0.00206784
-0.0022642
-0.00236832
-0.00238001
-0.00230258
-0.00214217
-0.00190706
-0.00160715
-0.00125409
-0.00086136
-0.000444036
-1.82959e-05
0.000398854
0.000789865
0.00113741
0.00142565
0.00164143
0.00177518
0.00182164
0.00178039
0.00165602
0.00145759
0.00119776
0.000891802
0.00055654
0.000209161
-0.000133714
-0.000456522
-0.000745049
-0.000986802
-0.00117135
-0.00129059
-0.001339
-0.00131411
-0.00121682
-0.00105138
-0.000825266
-0.00054876
-0.000234275
0.0001045
0.000453493
0.000798956
0.00112787
0.00142798
0.00168767
0.00189593
0.00204278
0.00211965
0.00211965
0.00203827
0.00187436
0.00163096
0.00131543
0.00131543
0.000939536
0.00051942
7.47477e-05
-0.000373036
-0.000802565
-0.00119383
-0.00152924
-0.00179475
-0.00198064
-0.00208153
-0.00209585
-0.00202514
-0.00187354
-0.00164742
-0.00135545
-0.00100873
-0.000620785
-0.000206993
0.000216056
0.000631183
0.00102141
0.00137106
0.00166672
0.00189772
0.002056
0.0021356
0.00213243
0.00204474
0.00187384
0.00162451
0.00130517
0.000928069
0.00050924
6.76138e-05
-0.000376482
-0.000802963
-0.00119334
-0.00153162
-0.00180476
-0.00200263
-0.00211799
-0.00214648
-0.00208678
-0.00194093
-0.00171469
-0.00141783
-0.001064
-0.000669983
-0.000254674
0.000162133
0.000561055
0.000924289
0.00123636
0.00148449
0.00165888
0.00175287
0.00176321
0.00169029
0.00153831
0.00131529
0.00103278
0.000705307
0.000349508
-1.69922e-05
-0.000376649
-0.000712833
-0.00101042
-0.00125618
-0.00143909
-0.00155062
-0.0015852
-0.00154051
-0.00141775
-0.00122178
-0.000961094
-0.000647527
-0.000295704
7.77208e-05
0.000454854
0.000817391
0.00114756
0.00142912
0.00164816
0.00179357
0.00185759
0.00183631
0.00173006
0.00154334
0.00128438
0.00096457
0.000597819
0.000200078
-0.000211087
-0.000616999
-0.000998593
-0.00133729
-0.00161589
-0.0018196
-0.00193713
-0.00196188
-0.0018925
-0.00173282
-0.00149147
-0.00118118
-0.000817808
-0.000419125
-3.84167e-06
0.000409022
0.000800769
0.00115373
0.00145192
0.00168177
0.00183275
0.001898
0.00187477
0.00176463
0.00157344
0.00131086
0.000989826
0.000625817
0.000236203
-0.000160483
-0.000545415
-0.00090046
-0.00120912
-0.00145733
-0.00163428
-0.00173304
-0.00175098
-0.00168962
-0.0015542
-0.00135317
-0.00109763
-0.00080067
-0.000476697
-0.0001408
0.000191893
0.000506876
0.000790906
0.00103261
0.00122293
0.00135543
0.00142646
0.0014353
0.00138404
0.00127722
0.00112142
0.00092487
0.00069716
0.00044886
0.000191005
-6.55296e-05
-0.00031059
-0.000535107
-0.000731358
-0.000893233
-0.00101637
-0.00109796
-0.00113645
-0.00113134
-0.00108329
-0.000994366
-0.000868322
-0.000710842
-0.000529823
-0.000335296
-0.000138776
4.77429e-05
0.000212824
0.000346756
0.000442831
0.000498121
0.000513321
0.00049202
0.000439947
0.000364089
0.000271553
0.000168651
6.07414e-05
-4.7428e-05
-0.000151495
-0.000247388
-0.000331107
-0.000398582
-0.000445954
-0.000470076
-0.000468767
-0.000440844
-0.000386219
-0.000306038
-0.00020271
-7.98675e-05
5.74744e-05
0.000202681
0.00034763
0.000483411
0.000601183
0.000692845
0.000751697
0.00077325
0.000755874
0.000700862
0.000611916
0.000494427
0.000354824
0.000200081
3.73253e-05
-0.00012644
-0.000284477
-0.000430449
-0.000558752
-0.000664955
-0.000746062
-0.000800477
-0.000827794
-0.000828566
-0.000803994
-0.000755577
-0.000685018
-0.000594459
-0.000486757
-0.000365576
-0.000235455
-0.000101904
2.87337e-05
0.000149761
0.000254716
0.000337845
0.000394425
0.00042096
0.000415348
0.000377091
0.000307435
0.00020942
8.7943e-05
-5.02796e-05
-0.000197161
-0.000344077
-0.000482652
-0.000605313
-0.000705806
-0.000779676
-0.000824385
-0.000839027
-0.000823939
-0.000780472
-0.000710818
-0.00061785
-0.00050498
-0.000376027
-0.000235094
-8.64328e-05
6.57265e-05
0.000217318
0.00036447
0.000503439
0.00063063
0.000742719
0.000836743
0.000910171
0.000961101
0.000988458
0.000991949
0.000971821
0.000928667
0.000863389
0.00077733
0.000672519
0.000551788
0.000418689
0.00027742
0.000132818
-9.92406e-06
-0.000145913
-0.000271159
-0.000382829
-0.000479203
-0.000559321
-0.000622449
-0.000667728
-0.000694225
-0.000701201
-0.00068836
-0.000656176
-0.000606405
-0.000542511
-0.00046958
-0.000393765
-0.000321591
-0.000259281
-0.000212005
-0.000183182
-0.000174112
-0.00018397
-0.000209946
-0.000247563
-0.000291393
-0.000335994
-0.000376414
-0.000408215
-0.000427583
-0.000431687
-0.000418787
-0.00038797
-0.000338884
-0.000271704
-0.000187205
-8.69116e-05
2.67489e-05
0.000150465
0.000280274
0.000411852
0.000540763
0.000662725
0.000773913
0.000871221
0.00095238
0.0010159
0.00106085
0.00108661
0.00109267
0.00107872
0.00107872
0.0010448
0.000991276
0.000918843
0.000828542
0.000722045
0.0006019
0.000471453
0.000334432
0.000194517
5.50453e-05
-8.1198e-05
-0.000212107
-0.000336245
-0.000452743
-0.000561064
-0.00066054
-0.000749895
-0.000827201
-0.000890195
-0.000936572
-0.000964131
-0.000971011
-0.000956172
-0.00091984
-0.000863503
-0.000789475
-0.000700467
-0.000599387
-0.000489268
-0.000373235
-0.000254465
-0.000136052
-2.08413e-05
8.86366e-05
0.000190131
0.000281729
0.000362008
0.00043014
0.000485838
0.000529107
0.000559956
0.000578262
0.000583824
0.000576504
0.000556373
0.000523898
0.000480191
0.000427197
0.000367653
0.000304872
0.000242548
0.000184574
0.000134637
9.56244e-05
6.92486e-05
5.60119e-05
5.52825e-05
6.53585e-05
8.36879e-05
0.000107238
0.000132758
0.000156893
0.000176368
0.000188253
0.0001901
0.000179939
0.000156274
0.000118142
6.5211e-05
-2.12242e-06
-8.2687e-05
-0.000174521
-0.000274791
-0.000379619
-0.000483905
-0.000581364
-0.000665052
-0.000728291
-0.00076542
-0.000772145
-0.0007459
-0.000686478
-0.000596433
-0.000480771
-0.000346134
-0.000199993
-5.00531e-05
9.61797e-05
0.000231792
0.000350791
0.000448296
0.000520636
0.000565463
0.000581837
0.00057017
0.000532086
0.000470309
0.000388549
0.000291241
0.000183203
6.94007e-05
-4.51395e-05
-0.000155414
-0.000256602
-0.000344237
-0.000414363
-0.000463709
-0.000489828
-0.000491147
-0.000466935
-0.00041726
-0.000342971
-0.000245748
-0.000128249
5.77202e-06
0.00015137
0.000302226
0.000450536
0.00058744
0.000704044
0.000792433
0.000846231
0.000860969
0.000834495
0.000767177
0.000661668
0.000522424
0.000355293
0.000167288
-3.35269e-05
-0.000238221
-0.000437427
-0.000621891
-0.000782966
-0.000913111
-0.00100645
-0.00105919
-0.00106974
-0.00103851
-0.000967542
-0.00086012
-0.000720447
-0.000553592
-0.000365565
-0.000163308
4.55119e-05
0.000252746
0.000449969
0.000628795
0.000781384
0.000901033
0.000982614
0.00102281
0.00102019
0.0009753
0.000890703
0.000770931
0.000622306
0.000452666
0.000270977
8.67882e-05
-9.04226e-05
-0.000251807
-0.000389557
-0.000497269
-0.000570276
-0.000605834
-0.000603132
-0.000563219
-0.000488894
-0.000384567
-0.000256038
-0.000110177
4.55059e-05
0.000203328
0.00035589
0.000496521
0.000619626
0.000720815
0.000796862
0.000845676
0.000866336
0.000859055
0.000825028
0.000766252
0.000685418
0.00058588
0.000471599
0.000347013
0.000216855
8.60485e-05
-4.03314e-05
-0.00015712
-0.000259207
-0.000341695
-0.000400131
-0.000430929
-0.00043185
-0.000402232
-0.000342964
-0.000256431
-0.000146478
-1.82394e-05
0.000122166
0.00026791
0.000411683
0.000545947
0.000663245
0.000756678
0.000820473
0.000850419
0.000844051
0.000800787
0.000722029
0.000611055
0.000472647
0.000312686
0.000137817
-4.48685e-05
-0.000228082
-0.000404558
-0.000567342
-0.000710154
-0.000827751
-0.000916273
-0.000973524
-0.000999097
-0.000994285
-0.000961867
-0.000905849
-0.000831125
-0.000743103
-0.00064737
-0.000549466
-0.000454733
-0.000368148
-0.000294087
-0.000236111
-0.000196854
-0.000178009
-0.000180293
-0.000203378
-0.000245856
-0.00030534
-0.000378611
-0.000461793
-0.000550546
-0.000640259
-0.000726236
-0.000803954
-0.000869365
-0.000919116
-0.000950565
-0.000961712
-0.000951134
-0.000917988
-0.000862108
-0.000784196
-0.000686003
-0.00057039
-0.000441397
-0.000304311
-0.00016547
-3.16385e-05
9.06945e-05
0.000195801
0.000279051
0.000337234
0.00036874
0.000373516
0.000352846
0.000309104
0.000245548
0.000166146
7.54327e-05
-2.16428e-05
-0.000119855
-0.00021387
-0.000298447
-0.000368657
-0.000420152
-0.000449519
-0.000454632
-0.000434828
-0.00039092
-0.000325144
-0.000241
-0.000142939
-3.60325e-05
7.43344e-05
0.000182777
0.000284235
0.000374203
0.000448834
0.000505009
0.000540422
0.000553678
0.000544378
0.00051319
0.000461881
0.000393273
0.00031116
0.000220163
0.000125485
3.25567e-05
-5.33394e-05
-0.000127367
-0.000185324
-0.000223805
-0.000240375
-0.000233694
-0.000203532
-0.000150707
-7.70021e-05
1.48805e-05
0.000121344
0.00023794
0.000359491
0.000480327
0.000594607
0.000696655
0.000781278
0.000781278
0.000844142
0.000882116
0.000893424
0.000877562
0.000835108
0.000767528
0.000676999
0.00056631
0.000438856
0.000298634
0.000150198
-1.32755e-06
-0.000150242
-0.000290421
-0.000415664
-0.000520116
-0.00059865
-0.000647212
-0.000663182
-0.000645661
-0.000595505
-0.000515112
-0.000408222
-0.000279762
-0.000135567
1.80441e-05
0.000174647
0.000327993
0.000472266
0.000602289
0.00071365
0.000802771
0.000866997
0.000904632
0.000914833
0.000897474
0.000853158
0.000783447
0.000691048
0.000579799
0.000454561
0.000321109
0.000185932
5.58021e-05
-6.27648e-05
-0.00016397
-0.00024309
-0.000296741
-0.000323044
-0.000321674
-0.000293821
-0.000242116
-0.000170501
-8.4015e-05
1.15551e-05
0.000110098
0.000205527
0.000292065
0.000364593
0.000419064
0.000452726
0.000464059
0.000452619
0.000418942
0.000364489
0.000291603
0.000203486
0.000104207
-1.32524e-06
-0.000107486
-0.000208191
-0.000297295
-0.000369109
-0.000418933
-0.000443394
-0.000440548
-0.000409894
-0.000352359
-0.000270154
-0.00016655
-4.57666e-05
8.69544e-05
0.00022524
0.000361624
0.000487939
0.000596073
0.00067873
0.000729901
0.00074523
0.000722438
0.000661556
0.000564731
0.000435814
0.000280039
0.000103956
-8.44957e-05
-0.000276074
-0.000460739
-0.000628379
-0.000769445
-0.000875572
-0.000940326
-0.000959943
-0.00093367
-0.000863601
-0.000754178
-0.000611602
-0.000443267
-0.00025726
-6.1968e-05
0.000134145
0.00032272
0.000495826
0.000646387
0.000768545
0.000857926
0.000911857
0.000929529
0.000911996
0.000861952
0.000783412
0.000681404
0.000561743
0.000430814
0.000295322
0.000161971
3.71456e-05
-7.3392e-05
-0.00016476
-0.000233198
-0.000276235
-0.00029273
-0.000282775
-0.000247552
-0.000189229
-0.000110907
-1.66544e-05
8.83607e-05
0.000197781
0.00030424
0.000399878
0.000476977
0.000528613
0.000549408
0.000536294
0.00048892
0.000409442
0.000301976
0.000172032
2.59209e-05
-0.000129962
-0.00028973
-0.000448168
-0.000600557
-0.000742471
-0.000869568
-0.00097738
-0.00106136
-0.00111734
-0.00114207
-0.00113363
-0.00109163
-0.00101753
-0.000914677
-0.000788045
-0.000643696
-0.000488315
-0.000328841
-0.000172127
-2.4672e-05
0.000107549
0.000219237
0.000305959
0.000364336
0.000392221
0.000388871
0.000355054
0.00029301
0.000206297
9.95954e-05
-2.15008e-05
-0.000150658
-0.000280986
-0.000405263
-0.000516221
-0.000606922
-0.000671291
-0.000704767
-0.000704815
-0.000671175
-0.000605925
-0.000513343
-0.000399374
-0.000270814
-0.000134654
2.25041e-06
0.000133462
0.000253274
0.000356875
0.000440364
0.000500793
0.000536317
0.000546345
0.000531637
0.000494269
0.000437438
0.000365187
0.000282096
0.00019293
0.000102245
1.41073e-05
-6.79533e-05
-0.000140924
-0.000202338
-0.000250356
-0.00028381
-0.000302207
-0.00030571
-0.000295136
-0.000271956
-0.000238223
-0.000196395
-0.00014909
-9.88644e-05
-4.80528e-05
1.32721e-06
4.76292e-05
8.95895e-05
0.000126265
0.00015692
0.00018099
0.000198127
0.000208245
0.000211505
0.000208335
0.000199467
0.00018594
0.000169027
0.000150123
0.00013062
0.00011181
9.48516e-05
8.07647e-05
7.04164e-05
6.45009e-05
6.35369e-05
6.78657e-05
7.76566e-05
9.29463e-05
0.000113727
0.000140058
0.000172133
0.000210147
0.000253933
0.000302548
0.000354018
0.000405233
0.000452011
0.000489565
0.000513339
0.000519732
0.000506412
0.000472535
0.000418933
0.000347916
0.000262657
0.000166598
6.31401e-05
-4.44691e-05
-0.000153131
-0.000259768
-0.000361192
-0.000454092
-0.000535095
-0.000600872
-0.00064832
-0.000674887
-0.000678972
-0.000660135
-0.000619002
-0.000557072
-0.000476647
-0.000380817
-0.000273354
-0.000158508
-4.07335e-05
7.55981e-05
0.000186442
0.000288208
0.000377819
0.000452774
0.000511135
0.000551411
0.000572381
0.000573086
0.000553082
0.000512738
0.000453358
0.000377186
0.000287413
0.000188106
8.39364e-05
-2.02325e-05
-0.000119757
-0.000210513
-0.00028906
-0.000352687
-0.000399405
-0.000427921
-0.000437637
-0.00042861
-0.000401482
-0.000357411
-0.000298073
-0.000225704
-0.000143047
-5.32277e-05
4.03357e-05
0.000133926
0.000223546
0.000305069
0.000374497
0.000374497
0.000428245
0.00046343
0.000478214
0.000472071
0.000445845
0.0004016
0.000342418
0.000272141
0.000194999
0.000115222
3.68172e-05
-3.65377e-05
-0.000101649
-0.000156032
-0.000198065
-0.000226991
-0.000242857
-0.000246463
-0.000239317
-0.000223478
-0.000201303
-0.000175205
-0.000147537
-0.00012057
-9.64818e-05
-7.73122e-05
-6.488e-05
-6.06241e-05
-6.53668e-05
-7.90868e-05
-0.000100798
-0.000128584
-0.000159864
-0.000191827
-0.000221813
-0.000247526
-0.000267228
-0.000279938
-0.000285404
-0.000283824
-0.000275557
-0.000261014
-0.00024066
-0.000215049
-0.000184901
-0.000151156
-0.000114977
-7.76863e-05
-4.06828e-05
-5.33817e-06
2.7107e-05
5.56297e-05
7.94637e-05
9.80807e-05
0.000111148
0.000118517
0.000120249
0.000116662
0.000108357
9.6201e-05
8.12707e-05
6.47549e-05
4.78209e-05
3.14505e-05
1.62778e-05
2.48823e-06
-1.01875e-05
-2.23733e-05
-3.48408e-05
-4.82813e-05
-6.32037e-05
-7.99561e-05
-9.8723e-05
-0.000119473
-0.000141996
-0.000166034
-0.000191378
-0.000217855
-0.000245279
-0.000273385
-0.000301804
-0.000330072
-0.000357681
-0.00038412
-0.000408878
-0.000431418
-0.000451212
-0.00046782
-0.000480931
-0.000490348
-0.000495984
-0.000497914
-0.000496434
-0.000492072
-0.000485535
-0.000477624
-0.000469129
-0.000460678
-0.000452576
-0.000444702
-0.000436529
-0.000427204
-0.000415614
-0.000400433
-0.000380217
-0.000353538
-0.0003191
-0.000275858
-0.000223201
-0.000161203
-9.08141e-05
-1.38258e-05
6.73478e-05
0.00014991
0.000230875
0.000307274
0.000376394
0.00043597
0.000484231
0.000519853
0.000541874
0.000549651
0.000542875
0.000521654
0.00048659
0.00043881
0.000379937
0.000312008
0.000237368
0.000158539
7.80666e-05
-1.6294e-06
-7.83365e-05
-0.000150049
-0.000214954
-0.000271466
-0.000318316
-0.000354575
-0.000379565
-0.000392645
-0.000393066
-0.000380049
-0.000352988
-0.000311613
-0.000256112
-0.000187362
-0.000107231
-1.86796e-05
7.44661e-05
0.000167929
0.000257354
0.000338615
0.000408134
0.00046316
0.000501846
0.000523156
0.000526777
0.000513083
0.000483098
0.000438476
0.000381512
0.0003151
0.000242599
0.00016765
9.39638e-05
2.50954e-05
-3.57709e-05
-8.59615e-05
-0.000123406
-0.000146701
-0.000155144
-0.000148735
-0.000128166
-9.48036e-05
-5.06294e-05
1.85269e-06
5.97647e-05
0.000120043
0.000179621
0.000235585
0.000285287
0.000326455
0.000357282
0.000376493
0.000383453
0.000378275
0.000361884
0.000335988
0.000302927
0.00026542
0.00022631
0.000188397
0.000154255
0.000126021
0.000105276
9.3095e-05
9.01435e-05
9.66948e-05
0.000112558
0.000136979
0.000168589
0.000205486
0.000245387
0.000285788
0.000324128
0.00035799
0.000385312
0.000404524
0.000414549
0.000414731
0.000404743
0.000384565
0.000354511
0.000315273
0.000267958
0.000214091
0.00015555
9.44757e-05
3.31391e-05
-2.62136e-05
-8.15182e-05
-0.000130994
-0.000173146
-0.00020669
-0.000230498
-0.00024362
-0.000245398
-0.000235573
-0.000214353
-0.000182439
-0.000141033
-9.17662e-05
-3.65488e-05
2.25791e-05
8.35503e-05
0.000144318
0.000202855
0.000257152
0.000305259
0.000345395
0.000376052
0.000396111
0.000404989
0.000402763
0.000390175
0.000368515
0.000339471
0.000304959
0.000266951
0.000227342
0.000187885
0.000150175
0.000115651
8.55539e-05
6.08199e-05
4.18913e-05
2.84951e-05
1.95318e-05
1.32019e-05
7.41566e-06
3.73204e-07
-8.98561e-06
-2.09036e-05
-3.49664e-05
-5.02229e-05
-6.53339e-05
-7.89808e-05
-9.03609e-05
-9.93627e-05
-0.000106409
-0.000112242
-0.000117709
-0.000123518
-0.000130087
-0.000137594
-0.000146144
-0.000155869
-0.000166965
-0.000179687
-0.00019431
-0.000211022
-0.000229815
-0.00025041
-0.00027223
-0.000294379
-0.000315655
-0.000334618
-0.000349697
-0.000359271
-0.000361772
-0.000355864
-0.000340673
-0.000315902
-0.000281823
-0.000239268
-0.000189616
-0.000134689
-7.65897e-05
-1.75887e-05
3.99681e-05
9.37368e-05
0.000141445
0.000180995
0.000210635
0.000229101
0.00023571
0.000230452
0.000214073
0.000188026
0.000154276
0.000115099
7.29268e-05
3.02082e-05
-1.0707e-05
-4.76496e-05
-7.86838e-05
-0.000102163
-0.000116802
-0.000121774
-0.000116808
-0.000102257
-7.91014e-05
-7.91014e-05
-4.89328e-05
-1.39037e-05
2.33672e-05
5.9971e-05
9.29684e-05
0.000119669
0.000137807
0.000145609
0.000141892
0.000126252
9.91532e-05
6.18137e-05
1.60029e-05
-3.61234e-05
-9.21605e-05
-0.000149601
-0.000205991
-0.00025907
-0.000306853
-0.000347661
-0.000380127
-0.0004032
-0.000416156
-0.000418601
-0.000410469
-0.000392006
-0.000363702
-0.000326177
-0.000280126
-0.000226349
-0.000165798
-9.95682e-05
-2.88926e-05
4.47923e-05
0.000119726
0.000193748
0.000264328
0.00032868
0.000383906
0.00042718
0.00045607
0.000468902
0.000464947
0.000444378
0.000408225
0.000358377
0.000297435
0.000228429
0.000154568
7.90928e-05
5.14313e-06
-6.43543e-05
-0.000126779
-0.000179958
-0.00022234
-0.000253119
-0.000272271
-0.000280504
-0.0002791
-0.000269663
-0.000253868
-0.000233264
-0.000209055
-0.000181974
-0.000152412
-0.00012076
-8.76453e-05
-5.39127e-05
-2.0561e-05
1.12605e-05
4.03186e-05
6.54879e-05
8.59347e-05
0.000101181
0.000111057
0.00011558
0.000114816
0.000108835
9.77773e-05
8.19343e-05
6.18071e-05
3.81401e-05
1.193e-05
-1.5611e-05
-4.31441e-05
-6.93256e-05
-9.29145e-05
-0.000112826
-0.000128145
-0.000138142
-0.000142276
-0.000140199
-0.000131802
-0.000117306
-9.73436e-05
-7.29892e-05
-4.5711e-05
-1.72529e-05
1.05318e-05
3.58482e-05
5.71113e-05
7.30614e-05
8.28036e-05
8.57801e-05
8.17498e-05
7.0807e-05
5.33963e-05
3.02985e-05
2.60277e-06
-2.83209e-05
-6.08744e-05
-9.33348e-05
-0.000124
-0.000151334
-0.000174063
-0.00019122
-0.000202148
-0.00020649
-0.000204195
-0.000195541
-0.000181177
-0.000162148
-0.000139898
-0.000116225
-9.31351e-05
-7.26159e-05
-5.64546e-05
-4.61271e-05
-4.26788e-05
-4.65822e-05
-5.76805e-05
-7.52794e-05
-9.83081e-05
-0.000125453
-0.000155233
-0.000186039
-0.000216169
-0.000243867
-0.000267333
-0.000284771
-0.000294467
-0.000294923
-0.000284996
-0.000264061
-0.000232101
-0.000189726
-0.000138177
-7.93618e-05
-1.58118e-05
4.95283e-05
0.000113552
0.000173193
0.000225598
0.000268293
0.000299369
0.000317622
0.000322605
0.000314603
0.000294607
0.000264268
0.000225769
0.000181608
0.00013442
8.68313e-05
4.12964e-05
-7.31462e-08
-3.55839e-05
-6.39255e-05
-8.41378e-05
-9.56333e-05
-9.81995e-05
-9.19479e-05
-7.728e-05
-5.49008e-05
-2.58159e-05
8.73059e-06
4.73662e-05
8.87099e-05
0.000131438
0.000174271
0.000215973
0.000255414
0.000291582
0.0003235
0.000350146
0.000370489
0.000383622
0.000388877
0.000385914
0.000374783
0.000355963
0.00033036
0.000299247
0.000264158
0.000226767
0.000188786
0.000151885
0.000117612
8.73504e-05
6.2285e-05
4.33576e-05
3.12205e-05
2.62131e-05
2.83553e-05
3.73407e-05
5.25409e-05
7.30405e-05
9.76906e-05
0.000125155
0.000153938
0.000182409
0.000208832
0.000231436
0.000248518
0.000258596
0.000260579
0.000253908
0.000238628
0.000215419
0.000185574
0.000150861
0.000113274
7.48061e-05
3.73557e-05
2.65848e-06
-2.78054e-05
-5.28778e-05
-7.1721e-05
-8.38196e-05
-8.90269e-05
-8.7595e-05
-8.0143e-05
-6.75667e-05
-5.09167e-05
-3.12952e-05
-9.7924e-06
1.25738e-05
3.49115e-05
5.64367e-05
7.63866e-05
9.39703e-05
0.000108389
0.000118866
0.00012468
0.000125222
0.000120085
0.000109137
9.25247e-05
7.06436e-05
4.41211e-05
1.38214e-05
-1.91638e-05
-5.35523e-05
-8.79262e-05
-0.000120805
-0.000150742
-0.000176443
-0.000196872
-0.000211322
-0.000219447
-0.000221301
-0.000217362
-0.000208484
-0.000195796
-0.000180585
-0.00016424
-0.00014821
-0.000133918
-0.000122671
-0.000115585
-0.000113526
-0.000117091
-0.000126611
-0.000142157
-0.000163533
-0.000190285
-0.000221715
-0.000256877
-0.000294487
-0.000332816
-0.000369664
-0.000402518
-0.000428821
-0.00044621
-0.000452678
-0.000446786
-0.000427927
-0.000396472
-0.000353719
-0.000301704
-0.000242993
-0.000180483
-0.000117173
-5.59296e-05
6.36038e-07
5.02192e-05
9.08887e-05
0.000121173
0.000140094
0.000147159
0.000142374
0.00012627
9.98835e-05
6.47002e-05
2.25855e-05
-2.43038e-05
-7.36294e-05
-0.000122985
-0.000169994
-0.0002124
-0.000248146
-0.000275467
-0.000292979
-0.000299731
-0.000295245
-0.000279522
-0.000253008
-0.000216516
-0.000171166
-0.000118332
-5.95918e-05
3.3144e-06
3.3144e-06
6.84854e-05
0.000133822
0.000197032
0.000255712
0.000307455
0.000349989
0.000381378
0.000400261
0.000405989
0.00039863
0.000378946
0.000348405
0.000309145
0.00026384
0.000215505
0.000167275
0.00012217
8.27939e-05
5.10295e-05
2.78723e-05
1.3467e-05
7.2483e-06
8.08476e-06
1.44702e-05
2.48087e-05
3.76713e-05
5.18796e-05
6.64656e-05
8.06512e-05
9.38508e-05
0.000105607
0.000115491
0.000123104
0.000128169
0.000130554
0.000130207
0.000127059
0.000120973
0.000111756
9.91982e-05
8.31409e-05
6.35747e-05
4.07701e-05
1.53807e-05
-1.15679e-05
-3.87958e-05
-6.49148e-05
-8.85834e-05
-0.000108672
-0.00012439
-0.000135318
-0.000141404
-0.000143012
-0.000141027
-0.000136834
-0.000132145
-0.000128772
-0.000128449
-0.000132578
-0.000141906
-0.000156331
-0.000174982
-0.000196482
-0.000219192
-0.000241431
-0.000261716
-0.000278943
-0.000292405
-0.000301635
-0.000306242
-0.000305827
-0.000299981
-0.000288399
-0.000271049
-0.000248326
-0.000221089
-0.000190617
-0.000158494
-0.000126425
-9.60034e-05
-6.85605e-05
-4.51168e-05
-2.6392e-05
-1.28176e-05
-4.52404e-06
-1.29042e-06
-2.47988e-06
-7.0184e-06
-1.34382e-05
-1.99803e-05
-2.47766e-05
-2.6093e-05
-2.25205e-05
-1.30581e-05
2.85682e-06
2.53512e-05
5.42015e-05
8.89479e-05
0.000128889
0.000172926
0.000219336
0.000265635
0.000308689
0.000345118
0.000371723
0.000385756
0.000385154
0.000368838
0.000336885
0.000290388
0.00023114
0.000161352
8.35121e-05
4.04093e-07
-8.48305e-05
-0.000168734
-0.000247697
-0.000318156
-0.000376816
-0.000420933
-0.000448597
-0.000458926
-0.000452079
-0.000429114
-0.000391767
-0.000342257
-0.000283136
-0.000217204
-0.000147469
-7.71122e-05
-9.39701e-06
5.2501e-05
0.000105722
0.000147986
0.000177817
0.000194668
0.000198907
0.000191673
0.000174643
0.000149781
0.000119186
8.50213e-05
4.94478e-05
1.45083e-05
-1.79407e-05
-4.62386e-05
-6.89557e-05
-8.49781e-05
-9.3587e-05
-9.44931e-05
-8.7807e-05
-7.39397e-05
-5.34889e-05
-2.71633e-05
4.26977e-06
4.00087e-05
7.91695e-05
0.000120701
0.000163379
0.000205889
0.000246903
0.000285129
0.000319379
0.000348638
0.000372091
0.000389127
0.000399326
0.000402462
0.000398529
0.000387805
0.000370897
0.000348737
0.000322556
0.000293815
0.000264089
0.000234913
0.000207636
0.000183333
0.000162774
0.000146429
0.000134533
0.000127155
0.000124241
0.000125599
0.000130874
0.000139562
0.000151006
0.000164395
0.000178777
0.000193127
0.000206417
0.000217681
0.000226072
0.000230915
0.000231708
0.000228122
0.000220017
0.000207466
0.000190747
0.00017033
0.000146882
0.000121252
9.4423e-05
6.74489e-05
4.13933e-05
1.72525e-05
-4.10016e-06
-2.19426e-05
-3.57281e-05
-4.51123e-05
-4.99632e-05
-5.03521e-05
-4.65438e-05
-3.89826e-05
-2.8265e-05
-1.50965e-05
-2.28692e-07
1.56142e-05
3.17948e-05
4.77889e-05
6.31868e-05
7.76805e-05
9.10218e-05
0.000102966
0.000113239
0.000121514
0.000127348
0.000130141
0.000129202
0.000123912
0.000113847
9.88078e-05
7.88282e-05
5.42256e-05
2.56207e-05
-6.11433e-06
-3.99581e-05
-7.48331e-05
-0.000109644
-0.000143258
-0.000174462
-0.000201957
-0.000224414
-0.000240576
-0.000249371
-0.000250009
-0.000242098
-0.000225743
-0.000201531
-0.0001704
-0.000133505
-9.21147e-05
-4.75338e-05
-1.0686e-06
4.59629e-05
9.22035e-05
0.000136225
0.000176502
0.000211473
0.00023972
0.000260199
0.000272406
0.000276491
0.000273316
0.000264356
0.000251475
0.000236692
0.000222018
0.00020928
0.00019988
0.000194565
0.000193351
0.000195608
0.000200229
0.000205771
0.000210608
0.000213176
0.00021224
0.000206987
0.000196962
0.000182018
0.00016228
0.000138056
0.000109716
7.7679e-05
4.24849e-05
4.88209e-06
-3.40915e-05
-7.30877e-05
-0.000110564
-0.00014498
-0.000174971
-0.000199516
-0.000218097
-0.000230789
-0.000238182
-0.000241177
-0.000240762
-0.000237819
-0.000232976
-0.000226581
-0.000218825
-0.000209892
-0.000200036
-0.000189617
-0.00017914
-0.00016927
-0.000160725
-0.000154142
-0.000149986
-0.00014851
-0.000149764
-0.000153634
-0.000159905
-0.000168268
-0.000178305
-0.000189459
-0.000201054
-0.000212341
-0.000222566
-0.000231019
-0.000237083
-0.000237083
-0.000240294
-0.00024042
-0.000237493
-0.00023178
-0.000223717
-0.000213844
-0.000202762
-0.000191126
-0.00017965
-0.000169097
-0.000160169
-0.000153341
-0.000148848
-0.00014684
-0.000147404
-0.000150368
-0.000155216
-0.000161243
-0.000167694
-0.000173825
-0.000178951
-0.000182495
-0.000183994
-0.000183157
-0.00017995
-0.000174618
-0.000167572
-0.000159276
-0.000150176
-0.000140707
-0.000131294
-0.000122336
-0.00011417
-0.000107069
-0.000101261
-9.69462e-05
-9.42878e-05
-9.33711e-05
-9.41304e-05
-9.63025e-05
-9.94519e-05
-0.000103051
-0.000106548
-0.000109403
-0.000111121
-0.000111293
-0.000109623
-0.000105919
-0.00010006
-9.19695e-05
-8.16022e-05
-6.89605e-05
-5.41383e-05
-3.73427e-05
-1.88868e-05
8.22889e-07
2.12981e-05
4.19936e-05
6.23299e-05
8.16848e-05
9.93533e-05
0.000114513
0.000126253
0.000133681
0.000136038
0.000132771
0.00012359
0.000108552
8.81335e-05
6.32297e-05
3.50916e-05
5.26444e-06
-2.44751e-05
-5.22196e-05
-7.60931e-05
-9.44458e-05
-0.000106005
-0.00010997
-0.000106096
-9.47809e-05
-7.70096e-05
-5.41557e-05
-2.77685e-05
5.49443e-07
2.92318e-05
5.68506e-05
8.21709e-05
0.000104129
0.000121799
0.000134421
0.000141465
0.000142706
0.000138277
0.000128683
0.000114761
9.75978e-05
7.84286e-05
5.85185e-05
3.90363e-05
2.09557e-05
5.00021e-06
-8.37781e-06
-1.90013e-05
-2.69496e-05
-3.2494e-05
-3.60107e-05
-3.79337e-05
-3.87557e-05
-3.90013e-05
-3.91403e-05
-3.95016e-05
-4.02366e-05
-4.13201e-05
-4.25684e-05
-4.36745e-05
-4.42572e-05
-4.39494e-05
-4.2515e-05
-3.99221e-05
-3.63408e-05
-3.21216e-05
-2.7767e-05
-2.38433e-05
-2.08558e-05
-1.9179e-05
-1.90451e-05
-2.05208e-05
-2.34761e-05
-2.76053e-05
-3.24963e-05
-3.76974e-05
-4.27569e-05
-4.72584e-05
-5.08825e-05
-5.3485e-05
-5.51447e-05
-5.61486e-05
-5.6934e-05
-5.80188e-05
-5.99134e-05
-6.30046e-05
-6.74478e-05
-7.31192e-05
-7.96279e-05
-8.63609e-05
-9.25755e-05
-9.75495e-05
-0.000100716
-0.000101703
-0.00010031
-9.64916e-05
-9.03429e-05
-8.2061e-05
-7.18922e-05
-6.01074e-05
-4.70175e-05
-3.3008e-05
-1.85666e-05
-4.27925e-06
9.21504e-06
2.12943e-05
3.14323e-05
3.92923e-05
4.48448e-05
4.84634e-05
5.09131e-05
5.32258e-05
5.65532e-05
6.20333e-05
7.06091e-05
8.28005e-05
9.85569e-05
0.000117284
0.000137984
0.000159404
0.000180209
0.000199179
0.000215376
0.000228188
0.000237266
0.000242474
0.000243847
0.000241525
0.000235696
0.000226592
0.000214525
0.000199866
0.000182998
0.00016427
0.000144017
0.000122576
0.000100277
7.74279e-05
5.4379e-05
3.16226e-05
9.85138e-06
-1.00688e-05
-2.71876e-05
-4.05759e-05
-4.94397e-05
-5.32369e-05
-5.17555e-05
-4.51118e-05
-3.37026e-05
-1.817e-05
6.27003e-07
2.1658e-05
4.37521e-05
6.56e-05
8.57706e-05
0.000102777
0.000115176
0.00012171
0.000121453
0.000113905
9.90023e-05
7.71295e-05
4.91673e-05
1.64916e-05
-1.91242e-05
-5.56627e-05
-9.10041e-05
-0.000123035
-0.000149763
-0.000169478
-0.000180931
-0.000183451
-0.000176968
-0.000162012
-0.000139646
-0.000111323
-7.86963e-05
-4.35044e-05
-7.51159e-06
2.75657e-05
6.01433e-05
8.88015e-05
0.000112283
0.000129521
0.000139708
0.000142357
0.000137355
0.000124998
0.000105989
8.13889e-05
5.25517e-05
2.10377e-05
-1.14749e-05
-4.32938e-05
-7.28185e-05
-9.86179e-05
-0.000119468
-0.00013438
-0.000142648
-0.000143905
-0.000138132
-0.000125651
-0.000107106
-8.34377e-05
-5.58288e-05
-2.56322e-05
5.70992e-06
3.67486e-05
6.61165e-05
9.26168e-05
0.000115305
0.000133533
0.000146932
0.000155377
0.00015897
0.000158033
0.000153067
0.000144699
0.000133653
0.000120729
0.000106796
9.27489e-05
7.94229e-05
6.7467e-05
5.72582e-05
4.88986e-05
4.22538e-05
3.69914e-05
3.26454e-05
2.8728e-05
2.48385e-05
2.06992e-05
1.61322e-05
1.1032e-05
5.34797e-06
-9.19501e-07
-7.68353e-06
-1.46906e-05
-2.1434e-05
-2.71133e-05
-3.06866e-05
-3.10426e-05
-2.72262e-05
-1.85869e-05
-4.84163e-06
1.38125e-05
3.65158e-05
6.16781e-05
8.71579e-05
0.000110572
0.000129544
0.000141864
0.000145655
0.000139617
0.000123278
9.71916e-05
6.30426e-05
2.36881e-05
-1.69916e-05
-5.45706e-05
-8.47559e-05
-0.000103853
-0.000108943
-9.81573e-05
-7.11908e-05
-2.96519e-05
2.31121e-05
2.31121e-05
8.25631e-05
0.00014357
0.000200969
0.00025017
0.000287754
0.00031181
0.000321834
0.000318401
0.000302838
0.000276776
0.00024153
0.000197667
0.000145105
8.35472e-05
1.2841e-05
-6.66336e-05
-0.000153382
-0.000244246
-0.000334323
-0.000417365
-0.000486345
-0.000534176
-0.000554823
-0.000544511
-0.000502352
-0.000430321
-0.000333095
-0.000217776
-9.29274e-05
3.28397e-05
0.000151801
0.000257337
0.000344059
0.000408076
0.000447044
0.000460022
0.000447424
0.000411124
0.00035446
0.000282096
0.000199657
0.000113092
2.79575e-05
-5.11707e-05
-0.000121152
-0.000180492
-0.000228967
-0.000266777
-0.000293876
-0.000309772
-0.000313503
-0.000303729
-0.000279225
-0.000239701
-0.00018636
-0.000121919
-5.03483e-05
2.35295e-05
9.47085e-05
0.000158775
0.000212364
0.000253188
0.000279928
0.000292097
0.000289808
0.000273522
0.000243963
0.000202221
0.000149859
8.8952e-05
2.20734e-05
-4.77834e-05
-0.000117386
-0.000183475
-0.000242911
-0.000292767
-0.000330466
-0.000353961
-0.000361866
-0.000353493
-0.000328896
-0.000288979
-0.000235539
-0.000171182
-9.91776e-05
-2.33178e-05
5.22313e-05
0.000123144
0.000185235
0.000234823
0.00026905
0.000286069
0.000285205
0.000267088
0.000233574
0.000187397
0.000131782
7.0214e-05
6.22352e-06
-5.68743e-05
-0.000116154
-0.000169095
-0.000213559
-0.000247828
-0.000270652
-0.000281301
-0.000279617
-0.000266035
-0.000241532
-0.000207556
-0.000165903
-0.000118574
-6.76618e-05
-1.53313e-05
3.62113e-05
8.47902e-05
0.000128333
0.000164929
0.000192915
0.000211
0.00021839
0.00021486
0.000200752
0.000176924
0.000144659
0.000105554
6.1435e-05
1.4282e-05
-3.38422e-05
-8.08697e-05
-0.000124795
-0.000163743
-0.000196044
-0.000220312
-0.000235507
-0.000240985
-0.000236527
-0.000222359
-0.000199139
-0.000167917
-0.00013008
-8.73042e-05
-4.15075e-05
5.23754e-06
5.08146e-05
9.31584e-05
0.000130332
0.000160618
0.000182617
0.000195337
0.000198233
0.000191229
0.000174719
0.000149569
0.000117095
7.89961e-05
3.7259e-05
-5.95661e-06
-4.84386e-05
-8.80587e-05
-0.000122906
-0.000151389
-0.0001723
-0.000184862
-0.00018874
-0.00018402
-0.000171163
-0.000150959
-0.000124474
-9.3008e-05
-5.80373e-05
-2.11473e-05
1.60328e-05
5.18766e-05
8.48093e-05
0.000113388
0.000136381
0.00015282
0.000162042
0.000163722
0.000157903
0.000144976
0.000125652
0.000100936
7.20622e-05
4.04263e-05
7.51064e-06
-2.51785e-05
-5.61754e-05
-8.4119e-05
-0.000107812
-0.00012627
-0.000138756
-0.000144816
-0.000144299
-0.000137354
-0.000124424
-0.000106223
-8.36886e-05
-5.79359e-05
-3.02016e-05
-1.78076e-06
2.60425e-05
5.20424e-05
7.50844e-05
9.4179e-05
0.000108542
0.000117622
0.000121109
0.000118943
0.000111323
9.87017e-05
8.17622e-05
6.13816e-05
3.85771e-05
1.44501e-05
-9.86734e-06
-3.32567e-05
-5.46531e-05
-7.30964e-05
-8.7788e-05
-9.81298e-05
-0.000103733
-0.000104422
-0.000100246
-9.14831e-05
-7.86255e-05
-6.2348e-05
-4.34648e-05
-2.28808e-05
-1.55518e-06
1.95295e-05
3.94115e-05
5.72063e-05
7.21481e-05
8.36132e-05
9.11422e-05
9.44635e-05
9.35024e-05
8.83782e-05
7.93987e-05
6.70493e-05
5.19618e-05
3.48742e-05
1.65977e-05
-2.01281e-06
-2.00963e-05
-3.68288e-05
-5.1466e-05
-6.33791e-05
-7.20758e-05
-7.72138e-05
-7.86197e-05
-7.62988e-05
-7.04272e-05
-6.13386e-05
-4.95069e-05
-3.55157e-05
-2.00338e-05
-3.79568e-06
1.24383e-05
2.79335e-05
4.20067e-05
5.40411e-05
6.3522e-05
7.00672e-05
7.34333e-05
7.35228e-05
7.03975e-05
6.42677e-05
5.5465e-05
4.44348e-05
3.17289e-05
1.79677e-05
3.79456e-06
-1.01439e-05
-2.32114e-05
-3.48164e-05
-4.44526e-05
-5.17229e-05
-5.63458e-05
-5.81591e-05
-5.71259e-05
-5.33389e-05
-4.70165e-05
-3.84938e-05
-2.82064e-05
-1.66605e-05
-4.40187e-06
8.00413e-06
1.99891e-05
3.10115e-05
4.05862e-05
4.83023e-05
5.38422e-05
5.69977e-05
5.76715e-05
5.58742e-05
5.17275e-05
4.54635e-05
3.74103e-05
2.79718e-05
1.76095e-05
6.82053e-06
-3.89289e-06
-1.4049e-05
-2.32006e-05
-3.09475e-05
-3.69587e-05
-4.09931e-05
-4.29069e-05
-4.26518e-05
-4.02763e-05
-3.59243e-05
-2.98287e-05
-2.23006e-05
-1.37145e-05
-4.48475e-06
4.95572e-06
1.41742e-05
2.27557e-05
3.03211e-05
3.03211e-05
3.65444e-05
4.11663e-05
4.40057e-05
4.49654e-05
4.40354e-05
4.12921e-05
4.12921e-05
