3.00718e-08
-1.02093e-08
-5.25649e-07
-1.48427e-06
-2.20449e-06
-2.61507e-06
-3.06843e-06
-3.44671e-06
-3.71422e-06
-4.039e-06
-4.41231e-06
-4.80452e-06
-5.22423e-06
-5.58631e-06
-5.72514e-06
-5.51939e-06
-4.99221e-06
-4.3253e-06
-3.74597e-06
-3.37344e-06
-3.19623e-06
-3.16386e-06
-3.24674e-06
-3.42992e-06
-3.71215e-06
-4.11316e-06
-4.66902e-06
-5.44638e-06
-6.52785e-06
-7.94007e-06
-9.62879e-06
-1.14905e-05
-1.34004e-05
-1.52539e-05
-1.70039e-05
-1.86533e-05
-2.0209e-05
-2.16473e-05
-2.29232e-05
-2.39813e-05
-2.4748e-05
-2.51428e-05
-2.50962e-05
-2.45727e-05
-2.35747e-05
-2.21318e-05
-2.02991e-05
-1.81184e-05
-1.55845e-05
-1.26876e-05
-9.43176e-06
-5.81387e-06
-1.84964e-06
2.40305e-06
6.87834e-06
1.15258e-05
1.62896e-05
2.11217e-05
2.60068e-05
3.0939e-05
3.59242e-05
4.09809e-05
4.60961e-05
5.12346e-05
5.63714e-05
6.14901e-05
6.65739e-05
7.15893e-05
7.64828e-05
8.11878e-05
8.56128e-05
8.9643e-05
9.31614e-05
9.60621e-05
9.82392e-05
9.95928e-05
0.000100045
9.95119e-05
9.78786e-05
9.50231e-05
9.08331e-05
8.52146e-05
7.81179e-05
6.95516e-05
5.95829e-05
4.83318e-05
3.59394e-05
2.25244e-05
8.16925e-06
-7.06622e-06
-2.31331e-05
-3.99758e-05
-5.75035e-05
-7.55716e-05
-9.39861e-05
-0.000112521
-0.000130939
-0.000149029
-0.000166612
-0.000183544
-0.000199703
-0.000214943
-0.000229086
-0.000241974
-0.000253448
-0.000263333
-0.000271493
-0.000277814
-0.000282148
-0.000284328
-0.000284207
-0.000281646
-0.000276548
-0.000268933
-0.000258939
-0.000246766
-0.00023262
-0.000216693
-0.000199127
-0.000180023
-0.000159443
-0.000137407
-0.000113947
-8.91279e-05
-6.29614e-05
-3.53595e-05
-6.21424e-06
2.45563e-05
5.70649e-05
9.14337e-05
0.000127715
0.00016589
0.000205864
0.000247399
0.000290083
0.000333281
0.000376108
0.000417445
0.00045603
0.000490583
0.000519847
0.000542628
0.00055791
0.000564921
0.000563027
0.000551506
0.00052939
0.000495491
0.000448497
0.000387195
0.000311235
0.000221831
0.000121533
1.37509e-05
-9.73893e-05
-0.000207513
-0.000313033
-0.000411663
-0.00050166
-0.000581158
-0.000648154
-0.00070034
-0.000735093
-0.000749999
-0.000743664
-0.000716261
-0.000669557
-0.000606594
-0.000531145
-0.000447012
-0.000357326
-0.000264235
-0.000169132
-7.30313e-05
2.3073e-05
0.000117972
0.000210357
0.000299079
0.000383192
0.000461694
0.000533419
0.000597382
0.000652897
0.000699375
0.000736406
0.000764219
0.0007843
0.000799304
0.000812121
0.000825374
0.00084135
0.000861682
0.000887234
0.000918743
0.000957669
0.00100629
0.00106734
0.00114368
0.00123719
0.00134678
0.00146656
0.00158531
0.00168625
0.00174799
0.00175043
0.00168211
0.00154034
0.00132896
0.00105871
0.000745008
0.000400922
3.26455e-05
-0.000356567
-0.00076144
-0.00117328
-0.00157785
-0.00195438
-0.00227845
-0.00252794
-0.00268873
-0.00275711
-0.00273947
-0.00264964
-0.00250452
-0.00231938
-0.00210508
-0.0018682
-0.00161357
-0.00134743
-0.00107978
-0.000823992
-0.000594966
-0.000406344
-0.000267141
-0.000179525
-0.000139034
-0.000136539
-0.000161042
-0.000202345
-0.000252576
-0.000306139
-0.000358191
-0.000402402
-0.000429776
-0.000429203
-0.000388983
-0.000298941
-0.000152572
5.17495e-05
0.000310927
0.000618426
0.000966043
0.00134538
0.00174836
0.00216681
0.00259134
0.00301018
0.00340887
0.00377168
0.00408381
0.0043327
0.0045087
0.00460511
0.00461691
0.00454053
0.00437362
0.00411159
0.00374321
0.00324782
0.00259884
0.00178499
0.000828472
-0.000225749
-0.00132329
-0.00240097
-0.00339665
-0.00426947
-0.00500628
-0.00560472
-0.00605952
-0.00635933
-0.00647969
-0.0063825
-0.00603093
-0.00540959
-0.00453576
-0.00345717
-0.00224276
-0.000969905
0.00028998
0.00148289
0.00257507
0.00354696
0.00438434
0.00507177
0.00558869
0.00590723
0.00599308
0.00580898
0.00532359
0.00453733
0.0035013
0.00229793
0.00101668
-0.00025242
-0.00143174
-0.00247711
-0.00338034
-0.00414533
-0.00476758
-0.00522783
-0.00548603
-0.00548735
-0.00518731
-0.00457955
-0.00370774
-0.00265782
-0.00153651
-0.000442279
0.000553261
0.00140524
0.00209074
0.00209074
0.00260045
0.00292283
0.00303235
0.0028939
0.00248118
0.00179407
0.000868292
-0.000222663
-0.00137898
-0.00249693
-0.00349003
-0.00429969
-0.00489463
-0.00526415
-0.00540778
-0.00532509
-0.00501077
-0.0044588
-0.00367359
-0.00268168
-0.00153758
-0.000319708
0.000881321
0.00197814
0.0029009
0.00360545
0.00407455
0.00431234
0.00433386
0.00415644
0.00379679
0.00327203
0.00260226
0.00181513
0.000951484
6.46737e-05
-0.000787362
-0.00155008
-0.00217897
-0.00264445
-0.0029329
-0.00304358
-0.00298347
-0.00276316
-0.00239588
-0.00189973
-0.00130105
-0.000636851
4.50975e-05
0.000692006
0.00125826
0.00171345
0.00204003
0.00223106
0.00228991
0.00222489
0.00204211
0.00174478
0.00133985
0.000843485
0.000282465
-0.000305306
-0.00087428
-0.00137972
-0.00178654
-0.0020739
-0.00223615
-0.00228422
-0.0022437
-0.0021441
-0.00200706
-0.00184299
-0.00165207
-0.0014268
-0.001161
-0.000860316
-0.000542249
-0.00022991
5.31458e-05
0.000289592
0.000475547
0.000623496
0.000757804
0.000902265
0.00106159
0.00120527
0.00127711
0.0012283
0.00103561
0.00070333
0.000267935
-0.000208043
-0.000663987
-0.0010658
-0.0014044
-0.00168662
-0.00192819
-0.00213703
-0.0022995
-0.0023837
-0.00235432
-0.00218924
-0.00188919
-0.00147569
-0.000982105
-0.000448206
8.55566e-05
0.000588703
0.00104444
0.00144275
0.00177338
0.00202556
0.00219216
0.00227145
0.00226804
0.00219516
0.00207212
0.00191654
0.0017392
0.00154497
0.0013356
0.00111255
0.000880741
0.000650568
0.000436535
0.000254593
0.000118081
3.3319e-05
-2.07386e-06
3.32249e-06
4.0008e-05
0.000102054
0.000188937
0.000304673
0.00045409
0.000637943
0.000849663
0.00107481
0.00129234
0.00147759
0.00160869
0.00167239
0.00166398
0.0015853
0.00144399
0.00125136
0.00101784
0.00075006
0.000454034
0.000139752
-0.000177396
-0.000476158
-0.000730373
-0.000912401
-0.000997602
-0.000968608
-0.000817733
-0.000546931
-0.000166493
0.000306318
0.000848168
0.00142977
0.0020143
0.00255751
0.00301773
0.00336736
0.0035906
0.00367945
0.00363641
0.00347132
0.00319043
0.0027911
0.00226961
0.00162932
0.000884282
6.52432e-05
-0.000778183
-0.00158676
-0.00230653
-0.0028986
-0.00334159
-0.00363102
-0.00377506
-0.00378606
-0.0036711
-0.00342895
-0.00305447
-0.00254552
-0.00190968
-0.00116881
-0.000358952
0.000475483
0.00129058
0.00205058
0.00273159
0.00332124
0.00381508
0.00421135
0.00450608
0.00469139
0.00475875
0.00470425
0.0045317
0.0042536
0.00388993
0.00346118
0.00297887
0.0024427
0.00184705
0.00119083
0.000486948
-0.000230428
-0.000912225
-0.00151312
-0.00200231
-0.00236617
-0.00261279
-0.00277065
-0.00287347
-0.00294112
-0.00297403
-0.00296101
-0.00288905
-0.00275267
-0.00256222
-0.00234732
-0.00214956
-0.00200634
-0.00193772
-0.00194163
-0.00199693
-0.00207093
-0.00212865
-0.0021447
-0.00211029
-0.00202939
-0.00191056
-0.00176008
-0.0015764
-0.00134778
-0.00105623
-0.000685842
-0.00023059
0.000301292
0.000886064
0.00148614
0.00205429
0.00254293
0.00292348
0.00319796
0.00338506
0.00350449
0.00357377
0.0036013
0.00357654
0.00347304
0.00326691
0.00295108
0.00253853
0.00206363
0.00157686
0.00112968
0.000758307
0.000477005
0.000280843
0.000147271
3.87703e-05
-8.37468e-05
-0.000244815
-0.000449599
-0.000686427
-0.000930463
-0.00115751
-0.00136506
-0.00157674
-0.00182897
-0.00215735
-0.00258533
-0.00311486
-0.00372248
-0.00436309
-0.00498454
-0.0055446
-0.00601639
-0.00638331
-0.0066342
-0.00675924
-0.0067406
-0.00654785
-0.00614807
-0.0055207
-0.00466563
-0.00360329
-0.00237403
-0.00103507
0.000349589
0.001719
0.00301877
0.00419942
0.005214
0.00601522
0.00655297
0.00678019
0.00666518
0.00619906
0.00539825
0.00430548
0.00298538
0.00151375
-3.25721e-05
-0.00157999
-0.00305942
-0.00440628
-0.00555791
-0.00645278
-0.00703383
-0.00725483
-0.00708984
-0.00654459
-0.00566183
-0.00450869
-0.00315524
-0.00315524
-0.00166709
-0.00010475
0.00148092
0.00304604
0.00454129
0.0059049
0.00706921
0.00797035
0.00855652
0.00880013
0.0087065
0.00831053
0.00766359
0.0068193
0.00582454
0.00471533
0.00351777
0.0022547
0.000954737
-0.000343093
-0.00159129
-0.00273948
-0.00374001
-0.00455455
-0.0051619
-0.00555929
-0.0057557
-0.00576523
-0.00560436
-0.00529005
-0.00483695
-0.00425912
-0.00357556
-0.00281208
-0.00200006
-0.00117431
-0.000370169
0.000380466
0.00105279
0.00162926
0.00209622
0.00244064
0.00264968
0.0027117
0.0026173
0.00236286
0.00195768
0.00142747
0.000808656
0.000142234
-0.000528831
-0.00116466
-0.00173528
-0.00222182
-0.00261003
-0.00288625
-0.00303923
-0.00306106
-0.00294692
-0.00269724
-0.00232292
-0.00184742
-0.00130269
-0.000724768
-0.000151643
0.00037942
0.00083704
0.00119865
0.00144922
0.00158069
0.00159282
0.00149286
0.00129379
0.00101351
0.000675286
0.000307478
-5.8511e-05
-0.000390588
-0.00065696
-0.000827677
-0.000878143
-0.000792895
-0.000567363
-0.000206899
0.000274453
0.00085449
0.00150426
0.00219072
0.00288048
0.00354186
0.00414349
0.00465438
0.00504617
0.0052937
0.00537358
0.00526533
0.00495662
0.00444607
0.00374264
0.00286737
0.00185527
0.000751369
-0.000397237
-0.00154536
-0.00264985
-0.00367092
-0.00457332
-0.00532472
-0.00589326
-0.00624893
-0.00636935
-0.00624484
-0.00587988
-0.00529234
-0.00451355
-0.00358578
-0.00255571
-0.00146926
-0.000370702
0.000696121
0.00168813
0.00256391
0.00328391
0.0038121
0.00412028
0.00419274
0.0040287
0.00364175
0.00305831
0.00231494
0.00145408
0.000519648
-0.000444529
-0.00139415
-0.00228419
-0.00306961
-0.00370694
-0.00415705
-0.00438874
-0.00438277
-0.00413466
-0.00365497
-0.00296622
-0.00209899
-0.00108994
1.99526e-05
0.00118698
0.00236428
0.00350038
0.00454043
0.00543116
0.00612535
0.0065848
0.00678395
0.00671248
0.00637477
0.00578646
0.00497073
0.00395559
0.0027719
0.00145446
4.60115e-05
-0.00140091
-0.00282603
-0.0041651
-0.0053549
-0.00633986
-0.00707759
-0.00754086
-0.00771688
-0.00760476
-0.00721181
-0.00655051
-0.00563834
-0.00450027
-0.00317142
-0.00169823
-0.000137208
0.00144847
0.00299396
0.0044386
0.00573062
0.00682958
0.00770692
0.00834404
0.0087285
0.00885126
0.00870636
0.00829177
0.00761164
0.00668297
0.00554162
0.004239
0.00283577
0.00139806
-8.53018e-06
-0.00132816
-0.0025196
-0.00355217
-0.00440108
-0.00504715
-0.00547614
-0.00567761
-0.00564646
-0.0053891
-0.00492793
-0.00429934
-0.0035487
-0.00272555
-0.0018797
-0.00105675
-0.000294419
0.00037742
0.000934955
0.00135915
0.001636
0.00175799
0.00172531
0.00154661
0.00123922
0.000826909
0.000336473
-0.000204969
-0.000771278
-0.00133784
-0.0018809
-0.00237481
-0.00279098
-0.00310095
-0.00328007
-0.0033101
-0.00318251
-0.00290055
-0.00247717
-0.00193037
-0.00127983
-0.000545426
0.000253585
0.00109719
0.00196157
0.00281749
0.00363118
0.00436716
0.00499212
0.00547881
0.00580847
0.00597143
0.0059655
0.00579328
0.00546008
0.0049745
0.00435034
0.0036073
0.00277156
0.00187651
0.000960874
6.33621e-05
-0.000782768
-0.00155139
-0.00222387
-0.00278976
-0.00324483
-0.00358596
-0.00380828
-0.00390852
-0.00388869
-0.0037566
-0.00352671
-0.00322084
-0.00286639
-0.00249138
-0.00211967
-0.00176868
-0.00144856
-0.00116313
-0.000912873
-0.000698167
-0.000520847
-0.000383452
-0.000287405
-0.000231638
-0.000211904
-0.000220462
-0.000246841
-0.000280179
-0.00031157
-0.000334326
-0.000342991
-0.000333177
-0.000300964
-0.000241475
-0.000149649
-2.45067e-05
0.000127742
0.000295906
0.000466947
0.000627285
0.000764957
0.000871506
0.000941093
0.000968203
0.000946833
0.000870939
0.000734944
0.000534825
0.000269972
-5.44584e-05
-0.000426605
-0.000829655
-0.00124465
-0.00165307
-0.00203836
-0.00238602
-0.00268322
-0.00291845
-0.00308102
-0.00316069
-0.0031476
-0.00303303
-0.00281143
-0.00248361
-0.00206025
-0.00206025
-0.00156291
-0.00101985
-0.0004603
8.84558e-05
0.000603299
0.00106853
0.0014767
0.00182417
0.00210551
0.00231217
0.00243409
0.00246184
0.00239049
0.00222441
0.00197949
0.00168032
0.0013549
0.00102998
0.000727184
0.000460308
0.00023532
5.35164e-05
-8.44985e-05
-0.000176734
-0.000219607
-0.000209072
-0.000143019
-2.39007e-05
0.000140267
0.000337103
0.00055183
0.000769287
0.000976408
0.00116394
0.00132628
0.00146028
0.00156346
0.00163269
0.00166426
0.00165465
0.00160147
0.00150461
0.00136758
0.0011977
0.00100442
0.000797355
0.000585231
0.000375023
0.000171807
-2.03626e-05
-0.000197466
-0.000354972
-0.000487989
-0.000591998
-0.00066342
-0.000699986
-0.00070143
-0.000669659
-0.000607809
-0.000519401
-0.000409184
-0.000285844
-0.000164308
-6.54093e-05
-1.30125e-05
-2.82819e-05
-0.000121374
-0.0002885
-0.000518032
-0.000794998
-0.00110168
-0.00142156
-0.00174515
-0.00206951
-0.00238981
-0.00269318
-0.00295886
-0.00315941
-0.00326508
-0.00325193
-0.00310867
-0.00283847
-0.00245606
-0.00198332
-0.0014445
-0.000861682
-0.000251853
0.000372075
0.000996721
0.00160368
0.00216848
0.00266327
0.00306078
0.00333892
0.00348575
0.00350203
0.00339938
0.00319517
0.0029077
0.00255319
0.00214409
0.00168969
0.00120089
0.000695848
0.000201001
-0.000252289
-0.000631928
-0.000910167
-0.00106982
-0.00110739
-0.00102993
-0.000849895
-0.000581053
-0.000235265
0.000177236
0.000641247
0.00112765
0.00158942
0.00196562
0.00219567
0.00224215
0.00210051
0.0017872
0.00133076
0.000768314
0.00013178
-0.000567243
-0.00133465
-0.0021734
-0.00306746
-0.00397648
-0.00483405
-0.0055585
-0.00607754
-0.00634993
-0.00637126
-0.00616675
-0.00577839
-0.00524847
-0.00460483
-0.00385496
-0.00299204
-0.00200886
-0.000911925
0.000269611
0.00148436
0.00266982
0.00376702
0.00472938
0.00552316
0.00612663
0.00653129
0.00673733
0.00674636
0.00656158
0.00619097
0.00564731
0.00494796
0.00411821
0.00319231
0.00220913
0.00120858
0.000231337
-0.000682157
-0.00149588
-0.00218208
-0.00272208
-0.00310566
-0.00333062
-0.00340156
-0.00332754
-0.00312059
-0.00279567
-0.00237075
-0.00186827
-0.0013155
-0.000741037
-0.000172289
0.00036538
0.000851791
0.00127443
0.00162743
0.00190801
0.00211158
0.00222453
0.0022197
0.00206859
0.00176179
0.00131187
0.000747276
0.000111834
-0.000541977
-0.00116912
-0.00174308
-0.00225267
-0.00269442
-0.00306568
-0.00335407
-0.0035313
-0.00356023
-0.00341141
-0.00307855
-0.00258647
-0.00198912
-0.0013532
-0.000736718
-0.000179248
0.000300355
0.00070378
0.00104296
0.00132239
0.00152939
0.00163982
0.00162888
0.00148181
0.00120634
0.000838484
0.000434267
5.28367e-05
-0.000258838
-0.000474084
-0.000587883
-0.000611164
-0.000559803
-0.00044393
-0.00026333
-1.08067e-05
0.000319681
0.000725263
0.00118887
0.00167714
0.00214605
0.00255292
0.00286614
0.00306775
0.00315072
0.00311563
0.00296681
0.00270892
0.00234815
0.00189574
0.00136964
0.000795752
0.00020838
-0.00035272
-0.000849185
-0.00125259
-0.00154923
-0.00173738
-0.00182186
-0.00181016
-0.00170803
-0.00151673
-0.00123667
-0.000875048
-0.000449512
1.20299e-05
0.000472232
0.00088917
0.00122573
0.00145785
0.00157711
0.00158854
0.00150571
0.00134357
0.0011121
0.000815789
0.000457859
4.56279e-05
-0.000405031
-0.000868316
-0.00131086
-0.00169624
-0.00199131
-0.00217238
-0.00222795
-0.00215844
-0.00197384
-0.00169011
-0.00132592
-0.000902198
-0.000443659
2.28018e-05
0.000470554
0.000871858
0.0011992
0.00143174
0.00155887
0.00157661
0.001482
0.0012736
0.000953567
0.000526878
4.40676e-06
-0.000589937
-0.00121787
-0.00183393
-0.00239231
-0.00285074
-0.00317657
-0.00335296
-0.00337809
-0.00325669
-0.0029932
-0.00259091
-0.00205268
-0.00138349
-0.000596419
0.000281246
0.00120719
0.00212903
0.00299142
0.0037448
0.0043525
0.00479199
0.00505305
0.00513445
0.00503946
0.00477306
0.0043425
0.00376022
0.00304693
0.00304693
0.00223292
0.001357
0.000462966
-0.000405097
-0.00120798
-0.00191497
-0.0025042
-0.0029604
-0.00327196
-0.00342956
-0.00342684
-0.00326164
-0.00293789
-0.00246774
-0.00187301
-0.0011841
-0.000436212
0.000333873
0.0010896
0.0017967
0.0024256
0.00295214
0.00335544
0.00361686
0.00372126
0.00365748
0.00342009
0.00301374
0.00245547
0.00177365
0.00100596
0.000196352
-0.000610647
-0.00137519
-0.00206285
-0.00264434
-0.00309578
-0.00339801
-0.00353645
-0.00350307
-0.00329916
-0.00293756
-0.0024435
-0.00185312
-0.00120812
-0.000549966
8.24411e-05
0.000655285
0.00114312
0.00152894
0.00180048
0.00194723
0.00196251
0.00184629
0.00160585
0.0012571
0.00082516
0.000342387
-0.000155608
-0.000635007
-0.00106887
-0.00144099
-0.00174505
-0.00197965
-0.00214449
-0.00223886
-0.00226064
-0.00220734
-0.00207911
-0.00188165
-0.00162749
-0.00133468
-0.00102369
-0.000713383
-0.000418371
-0.000147792
9.48374e-05
0.000309224
0.00049475
0.00064904
0.000768079
0.000846754
0.000879963
0.000864218
0.000798599
0.00068472
0.000527331
0.000334256
0.000113541
-0.000128894
-0.000388933
-0.000662709
-0.000944244
-0.00122411
-0.00149035
-0.00172962
-0.00192818
-0.00207384
-0.00215894
-0.00218161
-0.0021439
-0.00204997
-0.00190509
-0.00171424
-0.00148168
-0.00121241
-0.000914343
-0.000598973
-0.000280322
2.64901e-05
0.0003067
0.000547781
0.000741488
0.000884435
0.000976901
0.00102134
0.00102121
0.000980335
0.000902778
0.000793422
0.000658957
0.000508324
0.000352254
0.00020215
6.87204e-05
-3.91967e-05
-0.000115466
-0.000156808
-0.000161858
-0.000130007
-6.11494e-05
4.42986e-05
0.000185665
0.000362017
0.000571453
0.000810195
0.0010728
0.00135316
0.001645
0.00194133
0.00223216
0.00250248
0.00273306
0.00290259
0.00298947
0.00297542
0.00285129
0.0026183
0.00228276
0.00185409
0.00134707
0.000780809
0.000174514
-0.000454432
-0.00108655
-0.00169788
-0.00226302
-0.00275768
-0.00315902
-0.00344675
-0.00360634
-0.00363072
-0.00351882
-0.00327506
-0.00291158
-0.00244865
-0.00191005
-0.00131947
-0.000701025
-7.94257e-05
0.000521069
0.00107763
0.00156892
0.0019749
0.00227777
0.00246353
0.00252323
0.00245368
0.00225789
0.00194517
0.00153012
0.00103091
0.000468398
-0.000134051
-0.000750989
-0.0013559
-0.00192168
-0.00242006
-0.00282273
-0.00310481
-0.00324769
-0.0032406
-0.0030828
-0.00278489
-0.00236613
-0.0018488
-0.00125489
-0.0006064
7.37383e-05
0.000759508
0.00142001
0.00202103
0.00252859
0.00291309
0.00315417
0.00324426
0.00318789
0.00299751
0.00268982
0.00228239
0.00179084
0.00122936
0.000615164
-2.77667e-05
-0.0006696
-0.00127738
-0.00181715
-0.00225732
-0.00257391
-0.00275459
-0.00279824
-0.00271189
-0.00250805
-0.00220153
-0.0018055
-0.00133057
-0.000788617
-0.000196898
0.000420569
0.00103282
0.00160429
0.00210023
0.00249196
0.00276053
0.00289789
0.00290538
0.00279064
0.00256483
0.00224048
0.00183093
0.00135215
0.000824935
0.00027503
-0.000268616
-0.000776023
-0.00121972
-0.00157888
-0.00184147
-0.00200303
-0.00206407
-0.00202863
-0.00190286
-0.00169288
-0.00140435
-0.00104515
-0.000628676
-0.000173534
0.000298776
0.000765736
0.00120618
0.00160244
0.00194169
0.00221611
0.00242131
0.00255424
0.00261203
0.00259241
0.00249462
0.00232037
0.002075
0.00176775
0.00141013
0.00101539
0.000599369
0.000179675
-0.000226115
-0.000600765
-0.000927431
-0.00119131
-0.00138139
-0.0014903
-0.00151411
-0.00145299
-0.00131107
-0.0010955
-0.000815351
-0.000481252
-0.000105556
0.000297818
0.000713553
0.00112467
0.00151302
0.00186105
0.00215278
0.00237297
0.00250583
0.00253731
0.00245963
0.00227222
0.00198017
0.0015944
0.00113128
0.000609807
4.86767e-05
-0.000533995
-0.00111995
-0.0016903
-0.00222415
-0.00269784
-0.00308645
-0.00336685
-0.00352135
-0.00354067
-0.00342421
-0.00317809
-0.00281256
-0.00234065
-0.00177864
-0.00114844
-0.000480681
0.000186878
0.000816359
0.000816359
0.00137467
0.00183574
0.00218445
0.0024188
0.00254472
0.00256855
0.00249511
0.00232834
0.00206995
0.00172004
0.00128264
0.000772045
0.000212116
-0.000368849
-0.00093997
-0.00146773
-0.00192031
-0.00227549
-0.00252262
-0.00265843
-0.00268447
-0.00260625
-0.00243063
-0.00216297
-0.00180755
-0.00137184
-0.000869858
-0.000322612
0.000243017
0.000795691
0.00130202
0.00173187
0.00206319
0.00228253
0.00238345
0.00236602
0.00223684
0.00200731
0.00169179
0.0013075
0.000874424
0.000414388
-4.93313e-05
-0.000492533
-0.00089131
-0.00122395
-0.00147301
-0.00162614
-0.00167511
-0.00161471
-0.00144243
-0.00115907
-0.000772581
-0.000302197
0.000222939
0.000766854
0.00128827
0.0017445
0.00209977
0.00233072
0.00242399
0.00237411
0.00218451
0.00186516
0.00142678
0.000879074
0.000237181
-0.000473386
-0.00121847
-0.00195701
-0.00264327
-0.00323209
-0.00368521
-0.00397608
-0.00409148
-0.00403073
-0.00380303
-0.0034231
-0.00290741
-0.00227352
-0.00154378
-0.000751095
6.01928e-05
0.00084079
0.0015432
0.00212592
0.00255845
0.00282472
0.00292031
0.00284702
0.00261048
0.0022199
0.00168816
0.00103467
0.000289065
-0.000507066
-0.00130124
-0.00203615
-0.00265844
-0.00312576
-0.00341099
-0.00350206
-0.00339728
-0.00310112
-0.00262244
-0.00197467
-0.00117748
-0.000259292
0.000740648
0.00177173
0.00277422
0.00368465
0.00444543
0.00501365
0.00536176
0.00547542
0.00535262
0.00500208
0.00444057
0.00369104
0.00278381
0.00175848
0.000663725
-0.00044398
-0.00150418
-0.00245827
-0.00325533
-0.00385765
-0.00424434
-0.0044107
-0.00436283
-0.00411251
-0.00367724
-0.00308042
-0.00234928
-0.0015151
-0.000615655
0.00030413
0.0011958
0.00201242
0.00271218
0.00326172
0.00363904
0.00383412
0.00384638
0.00368136
0.00334943
0.00286489
0.00224534
0.00151195
0.00069087
-0.000185745
-0.00107982
-0.00194816
-0.00274517
-0.00342822
-0.00396246
-0.0043231
-0.00449624
-0.00447836
-0.00427462
-0.00389624
-0.00335869
-0.00268177
-0.00189058
-0.00101638
-9.64082e-05
0.000827675
0.00171248
0.00251693
0.00320614
0.00375218
0.0041321
0.00432721
0.00432444
0.0041172
0.00370683
0.00310696
0.00234753
0.00147187
0.00052938
-0.000429212
-0.00135518
-0.00220619
-0.00294884
-0.00355639
-0.00400386
-0.00426764
-0.00432969
-0.00418164
-0.00382721
-0.0032837
-0.00258362
-0.00177233
-0.000900523
-1.68311e-05
0.000836976
0.00162725
0.00232745
0.00291643
0.00337651
0.00369258
0.00385326
0.0038536
0.00369829
0.00340182
0.00298596
0.00247614
0.00189922
0.00128168
0.000646474
1.22127e-05
-0.000603595
-0.00118201
-0.0017023
-0.00214372
-0.00248828
-0.00272271
-0.00283984
-0.00283879
-0.00272458
-0.00250683
-0.00219712
-0.00180732
-0.00134968
-0.000837939
-0.000290246
0.00026874
0.00080943
0.00130058
0.00171227
0.00201918
0.00220459
0.00226235
0.00219499
0.00201134
0.00172521
0.00135353
0.000913682
0.000422986
-9.7772e-05
-0.000622624
-0.001123
-0.00157114
-0.00194272
-0.00221852
-0.00238555
-0.00243772
-0.00237444
-0.0021986
-0.00191654
-0.00153897
-0.00108027
-0.000557719
7.46744e-06
0.000589742
0.00116118
0.00169502
0.00216829
0.00256221
0.00286215
0.00305797
0.00314469
0.00312227
0.00299448
0.00276897
0.00245812
0.00207832
0.00164788
0.00118517
0.000708428
0.000234653
-0.00022237
-0.000651753
-0.00104232
-0.00138183
-0.00166095
-0.00187483
-0.0020207
-0.00209674
-0.00210361
-0.00204548
-0.0019279
-0.00175569
-0.00153392
-0.00126838
-0.000965721
-0.000634102
-0.000284171
7.02567e-05
0.000412429
0.000723467
0.000984628
0.00118005
0.0012976
0.00132993
0.00127649
0.00114374
0.000942437
0.000684542
0.000382933
5.21097e-05
-0.000292076
-0.00063217
-0.000949127
-0.00122368
-0.00143837
-0.00157978
-0.0016406
-0.00162064
-0.00152567
-0.0013652
-0.00115158
-0.000898856
-0.000621481
-0.000334333
-5.23715e-05
0.000210759
0.000443547
0.00063704
0.000785837
0.000888635
0.000888635
0.000946805
0.000963006
0.000941848
0.000889964
0.000814845
0.000724688
0.000628785
0.000537046
0.000458317
0.000398616
0.00035995
0.000339563
0.000331144
0.000326801
0.000317013
0.000290816
0.000237726
0.00015058
2.90054e-05
-0.000120616
-0.00028939
-0.000468022
-0.000646447
-0.000815013
-0.000966777
-0.00109684
-0.00119823
-0.00126044
-0.00127136
-0.00121901
-0.00109504
-0.000899398
-0.000642064
-0.000340624
-1.56086e-05
0.000314171
0.000634537
0.000935689
0.0012102
0.00145108
0.00164953
0.00179363
0.00187059
0.00187118
0.00179278
0.00164058
0.00142722
0.00116985
0.000885281
0.00058618
0.000280379
-2.74295e-05
-0.000333404
-0.000632174
-0.000914781
-0.00116847
-0.00137908
-0.00153413
-0.00162466
-0.00164628
-0.00160035
-0.0014936
-0.00133449
-0.00113011
-0.000886657
-0.000611316
-0.000314092
-8.19604e-06
0.000290641
0.000565138
0.000798511
0.000977174
0.0010923
0.00113946
0.00111784
0.00102992
0.000880766
0.000677118
0.000426992
0.000140329
-0.000169492
-0.000485835
-0.000790892
-0.0010674
-0.00129974
-0.00147499
-0.00158404
-0.00162223
-0.00158941
-0.00149027
-0.00133359
-0.0011301
-0.000890514
-0.000624965
-0.000342596
-5.08558e-05
0.000243667
0.000533467
0.0008102
0.00106584
0.00129338
0.00148777
0.00164628
0.00176843
0.00185583
0.00191089
0.00193484
0.0019269
0.00188581
0.0018111
0.00170215
0.00155833
0.0013804
0.00117056
0.00093248
0.000671378
0.000393367
0.000105237
-0.000184757
-0.000466232
-0.000727438
-0.000956996
-0.00114461
-0.00128138
-0.00136055
-0.00137786
-0.00133186
-0.00122395
-0.00105793
-0.000839853
-0.00057884
-0.000287787
1.72746e-05
0.000318971
0.000599633
0.000842244
0.00103201
0.00115721
0.00120938
0.00118321
0.00107622
0.000889133
0.000627078
0.000300937
-7.29915e-05
-0.000474997
-0.000883374
-0.00127572
-0.00163102
-0.00193101
-0.0021608
-0.00230891
-0.00236685
-0.00232943
-0.00219626
-0.00197331
-0.00167295
-0.00131238
-0.000912666
-0.000497296
-8.94276e-05
0.000290617
0.000626444
0.000905133
0.00111631
0.00125194
0.00130639
0.00127641
0.00116162
0.00096565
0.000697366
0.000370426
1.92729e-06
-0.000388608
-0.000780553
-0.00115445
-0.00149403
-0.00178631
-0.00202067
-0.00218853
-0.00228356
-0.00230166
-0.00224068
-0.00210112
-0.00188734
-0.00160774
-0.00127416
-0.000901161
-0.000505047
-0.000101932
0.000294846
0.000676623
0.00103789
0.00137276
0.00167426
0.00193526
0.00214779
0.00230315
0.00239467
0.00242071
0.00238462
0.00229306
0.00215446
0.00197567
0.00175946
0.00150567
0.00121408
0.000887179
0.000532494
0.000163334
-0.000202884
-0.000547729
-0.000854473
-0.00111021
-0.00130694
-0.00144073
-0.0015103
-0.00151542
-0.00145537
-0.00132938
-0.00113887
-0.000889186
-0.000589916
-0.000254548
0.000100216
0.000455898
0.000793958
0.00109687
0.00134937
0.00153989
0.00166036
0.00170571
0.00167426
0.00156896
0.00139717
0.00116899
0.000896301
0.00059277
0.000273029
-4.8498e-05
-0.000358285
-0.000643783
-0.00089354
-0.00109791
-0.00124978
-0.00134464
-0.00138004
-0.00135531
-0.00127226
-0.00113509
-0.000949237
-0.000721518
-0.000461658
-0.00018283
0.000100314
0.000372976
0.000619998
0.000826977
0.000983041
0.00108211
0.00112115
0.00109943
0.00101982
0.000888634
0.000712994
0.000499364
0.000255725
-6.83951e-06
-0.0002755
-0.000536353
-0.000774107
-0.000973048
-0.00111984
-0.00120564
-0.00122642
-0.0011829
-0.00108031
-0.00092697
-0.000732259
-0.000505199
-0.000254474
1.1027e-05
0.000281846
0.000547797
0.000797991
0.00102134
0.00120769
0.0013492
0.0014411
0.00148182
0.00147277
0.00141772
0.00132199
0.00119181
0.00103414
0.000857009
0.000669586
0.000481975
0.0003043
0.000145236
1.09046e-05
-9.50885e-05
-0.000171427
-0.000218947
-0.000240046
-0.000237963
-0.00021625
-0.000178723
-0.000129773
-7.41322e-05
-1.59156e-05
4.21567e-05
9.80578e-05
0.000149032
0.000191615
0.000221702
0.000233439
0.000219248
0.000172736
9.17536e-05
-2.20022e-05
-0.000164004
-0.000164004
-0.000326408
-0.00049911
-0.000673125
-0.000842565
-0.00100242
-0.00114605
-0.00126468
-0.0013469
-0.00137964
-0.00135114
-0.00125376
-0.00108679
-0.000858732
-0.000586719
-0.000291382
9.06453e-06
0.000300001
0.000569969
0.000811013
0.00101642
0.00117694
0.00127954
0.00131017
0.00125733
0.00111507
0.000886411
0.000585892
0.00023781
-0.000129655
-0.000489864
-0.000820561
-0.00110598
-0.00133806
-0.00151385
-0.00163006
-0.00168064
-0.00165823
-0.00155587
-0.00136906
-0.00109907
-0.000756298
-0.000359819
6.64307e-05
0.000497622
0.000911042
0.00128803
0.00161441
0.00187904
0.002071
0.0021783
0.00219006
0.00209975
0.00190615
0.00161456
0.00123869
0.000799657
0.000321182
-0.000174779
-0.000668645
-0.00114273
-0.00158149
-0.00197012
-0.00229245
-0.00253074
-0.00266838
-0.00269317
-0.00259935
-0.00238868
-0.00207135
-0.00166476
-0.00118949
-0.000665879
-0.000113433
0.000448275
0.000998898
0.00151735
0.00198177
0.00236978
0.00266047
0.00283707
0.00288936
0.0028146
0.00261659
0.00230457
0.0018921
0.00139558
0.000833668
0.000227784
-0.000396966
-0.00101199
-0.0015863
-0.00208814
-0.00248858
-0.00276544
-0.00290414
-0.00289742
-0.00274529
-0.00245419
-0.00203629
-0.00150944
-0.000896876
-0.000227075
0.000466314
0.00114599
0.0017754
0.0023226
0.00276053
0.00306774
0.00323002
0.00323986
0.00309488
0.00279814
0.00235983
0.00179808
0.00113829
0.000412388
-0.000343278
-0.0010914
-0.00179696
-0.00242945
-0.00296413
-0.00338239
-0.00367132
-0.00382249
-0.00383138
-0.00369778
-0.00342689
-0.00303033
-0.00252698
-0.00194247
-0.00130685
-0.000651632
-7.13184e-06
0.000600078
0.00114829
0.00162002
0.00200127
0.00228097
0.0024504
0.00250321
0.00243667
0.00225376
0.00196428
0.0015843
0.00113463
0.000638851
0.000121448
-0.000393434
-0.000883051
-0.00132621
-0.0017026
-0.00199265
-0.00217923
-0.0022496
-0.00219556
-0.0020143
-0.0017105
-0.00129671
-0.000791608
-0.000217485
0.000401222
0.00103857
0.00166795
0.00226257
0.002796
0.00324328
0.00358195
0.00379334
0.00386418
0.00378755
0.0035638
0.00320085
0.00271282
0.00211831
0.00143976
0.000703267
-6.21286e-05
-0.000826067
-0.00155848
-0.00223041
-0.00281484
-0.00328791
-0.00363075
-0.00383077
-0.00388153
-0.00378242
-0.00353851
-0.00315974
-0.0026605
-0.00205987
-0.00138085
-0.000649273
0.00010687
0.000858169
0.00157492
0.00222901
0.00279575
0.00325454
0.00358839
0.00378374
0.00383217
0.00373231
0.00348895
0.00311202
0.00261719
0.00202514
0.00135987
0.000647193
-8.63251e-05
-0.000814004
-0.00150892
-0.00214286
-0.00268643
-0.00311201
-0.00339691
-0.00352534
-0.00348968
-0.00329103
-0.00293915
-0.00245087
-0.00184701
-0.00115054
-0.000386804
0.000415653
0.00122477
0.00200561
0.00272151
0.00333621
0.00381733
0.00413913
0.00428496
0.00424834
0.0040315
0.00364359
0.00309958
0.00241921
0.00162664
0.000750728
-0.000175213
-0.0011144
-0.00202825
-0.00287862
-0.00363027
-0.00425273
-0.00472143
-0.00501841
-0.00513216
-0.00505719
-0.00479495
-0.0043547
-0.003752
-0.00300793
-0.00214977
-0.00121039
-0.000226502
0.000763605
0.00172232
0.0026137
0.00340364
0.00405998
0.00455449
0.0048661
0.00498218
0.00489886
0.0046222
0.00416824
0.00356122
0.00283098
0.00201053
0.00113411
0.000235573
-0.000652228
-0.00149634
-0.00226277
-0.0029182
-0.00343277
-0.00378191
-0.00394827
-0.00392499
-0.00371766
-0.00334174
-0.00281905
-0.00217579
-0.00144039
-0.000641565
0.000191941
0.00103052
0.00184283
0.00259591
0.00325599
0.00379052
0.00417176
0.00438024
0.00440645
0.004251
0.00392361
0.00344156
0.00282769
0.00210778
0.0013095
0.000462841
-0.000399706
-0.00124375
-0.00203427
-0.00273733
-0.00332256
-0.00376602
-0.00405204
-0.0041737
-0.00413234
-0.00393599
-0.00359779
-0.00313464
-0.00256653
-0.00191726
-0.00121504
-0.000491173
0.000221853
0.000891773
0.0014886
0.00198704
0.00236828
0.00236828
0.00262047
0.00273812
0.00272135
0.00257523
0.00230939
0.00193791
0.00147927
0.000956204
0.00039503
-0.000175817
-0.00072769
-0.00123372
-0.00167067
-0.00202033
-0.00227032
-0.00241406
-0.00244973
-0.00237936
-0.00220931
-0.00195046
-0.00161775
-0.00122984
-0.000808468
-0.000376744
4.27007e-05
0.000429375
0.000766268
0.00104051
0.00124264
0.00136554
0.0014045
0.00135758
0.00122569
0.0010132
0.000729125
0.000387151
4.03621e-06
-0.000402126
-0.000813115
-0.00121187
-0.00158315
-0.00191327
-0.00218952
-0.00239997
-0.00253348
-0.00257947
-0.00252893
-0.00237683
-0.0021237
-0.00177604
-0.00134635
-0.000852202
-0.000313697
0.000249153
0.000817275
0.00137194
0.00189409
0.0023636
0.00275981
0.0030635
0.00325832
0.00333264
0.00328234
0.00311186
0.002833
0.00246243
0.00201933
0.00152384
0.000996
0.000454954
-8.14117e-05
-0.000595918
-0.00107151
-0.00149185
-0.00184241
-0.00211141
-0.00229069
-0.00237662
-0.00237032
-0.00227647
-0.00210177
-0.00185411
-0.0015435
-0.00118238
-0.000783497
-0.000359344
7.65266e-05
0.000509959
0.000927463
0.00131641
0.00166448
0.00195954
0.00218976
0.00234382
0.00241266
0.00239209
0.00228295
0.00209048
0.00182409
0.0014962
0.00112082
0.000712713
0.000287084
-0.000140245
-0.000552409
-0.00093139
-0.00125921
-0.00151989
-0.00170066
-0.00179304
-0.00179377
-0.00170478
-0.00153247
-0.00128689
-0.000980759
-0.000628782
-0.000247233
0.00014628
0.000533395
0.000895728
0.00121559
0.0014771
0.00166756
0.00177844
0.00180586
0.00175058
0.00161743
0.00141458
0.00115243
0.000842642
0.00049773
0.000131222
-0.000242542
-0.000608973
-0.000953883
-0.00126431
-0.0015293
-0.00174061
-0.00189366
-0.00198758
-0.00202393
-0.00200456
-0.00192969
-0.00179841
-0.00161054
-0.00136817
-0.00107687
-0.000746596
-0.000391215
-2.58825e-05
0.000335969
0.000683902
0.00101052
0.00131074
0.00157965
0.00181005
0.00199157
0.00211213
0.00216097
0.00213171
0.00202506
0.00184929
0.00161764
0.00134532
0.00104728
0.000736325
0.000422428
0.000113701
-0.000181688
-0.000454194
-0.000693101
-0.000888016
-0.00103068
-0.0011167
-0.00114708
-0.00112818
-0.0010693
-0.000979825
-0.000867444
-0.000738188
-0.00059706
-0.000448762
-0.000298896
-0.000154756
-2.4952e-05
8.21478e-05
0.00016042
0.000207044
0.000222383
0.000209125
0.000170877
0.000110784
3.07009e-05
-6.849e-05
-0.000185563
-0.000317554
-0.000458942
-0.000601815
-0.000736846
-0.000854603
-0.000946689
-0.00100629
-0.00102865
-0.00101123
-0.000952886
-0.00085328
-0.000713684
-0.000538184
-0.000333774
-0.000109262
0.000125372
0.000359349
0.000582198
0.000784665
0.000958832
0.00109779
0.00119546
0.00124685
0.00124853
0.00119916
0.0011003
0.000956939
0.000777135
0.000570734
0.000347903
0.000117833
-0.000111735
-0.000334254
-0.000544202
-0.000736802
-0.000907561
-0.00105226
-0.0011671
-0.00124876
-0.00129487
-0.00130443
-0.0012775
-0.00121476
-0.00111825
-0.000991841
-0.00083996
-0.000666904
-0.00047742
-0.000276499
-6.90167e-05
0.000139899
0.000344317
0.00053738
0.000711541
0.000859032
0.000973039
0.00104882
0.00108364
0.00107632
0.00102695
0.000936264
0.000805697
0.00063806
0.000437562
0.000210068
-3.55999e-05
-0.000286437
-0.000526264
-0.000738909
-0.000910393
-0.00102975
-0.00109037
-0.00109122
-0.00103637
-0.000932325
-0.000785962
-0.000604456
-0.000395696
-0.000168647
6.63203e-05
0.000297152
0.000510149
0.00069178
0.000831539
0.000923452
0.000965537
0.000959205
0.000909911
0.000826174
0.000717161
0.000592112
0.000460796
0.000333098
0.000217832
0.000121697
4.8239e-05
-3.35558e-06
-3.72129e-05
-5.81708e-05
-7.13368e-05
-8.23152e-05
-9.62584e-05
-0.000117135
-0.000147132
-0.000186654
-0.000235288
-0.00029199
-0.000354153
-0.000417063
-0.000474947
-0.000521845
-0.000550786
-0.000554567
-0.000528421
-0.000471405
-0.000385863
-0.000276229
-0.000149039
-1.28081e-05
0.000123369
0.000250539
0.000359949
0.000443055
0.000491275
0.000496343
0.000451264
0.000351423
0.000351423
0.00019598
-1.091e-05
-0.000259858
-0.000536924
-0.000824253
-0.00110106
-0.00134731
-0.00154731
-0.00168852
-0.00176005
-0.00175327
-0.00166152
-0.00147951
-0.00120416
-0.000836114
-0.000381724
0.000144812
0.000719508
0.0013099
0.00188025
0.00239595
0.00282604
0.0031453
0.00333491
0.00338252
0.00328112
0.00302648
0.0026168
0.00205525
0.00135318
0.000533591
-0.000367541
-0.00130398
-0.00222419
-0.0030765
-0.0038141
-0.00440028
-0.00481026
-0.00502745
-0.00504047
-0.00484326
-0.00443549
-0.00382485
-0.00303068
-0.00208593
-0.0010365
6.20349e-05
0.00115003
0.00217121
0.00307878
0.00383681
0.00441969
0.00481124
0.00500253
0.00498939
0.00477263
0.00436152
0.00377641
0.00304827
0.00221699
0.00132872
0.000432022
-0.000426865
-0.00120786
-0.0018782
-0.0024122
-0.00279085
-0.00300135
-0.00303673
-0.00289637
-0.00258763
-0.00212718
-0.00154068
-0.000861175
-0.000127204
0.000619746
0.00133829
0.00199009
0.00254246
0.00296948
0.0032511
0.00337313
0.00332833
0.00311709
0.00274706
0.00223315
0.00159819
0.000872159
8.95146e-05
-0.000713448
-0.00150092
-0.00223968
-0.00290062
-0.00345945
-0.00389652
-0.00419676
-0.00435057
-0.00435501
-0.00421403
-0.00393796
-0.00354238
-0.00304587
-0.00246855
-0.00183192
-0.00115816
-0.000469283
0.000212552
0.00086465
0.00146403
0.00198908
0.00242207
0.00275015
0.00296482
0.00306132
0.00303917
0.00290276
0.00265974
0.00232025
0.00189847
0.00141377
0.000890341
0.000355508
-0.000162286
-0.00063523
-0.00103867
-0.00135398
-0.00157028
-0.00168354
-0.00169448
-0.00160766
-0.00143103
-0.00117504
-0.000852119
-0.000477733
-7.19701e-05
0.000341244
0.000736763
0.00108993
0.00137783
0.00158173
0.00168983
0.00169754
0.00160594
0.00142104
0.00115308
0.000814635
0.000418937
-2.01511e-05
-0.000487765
-0.00096847
-0.00144573
-0.00189999
-0.00230821
-0.00264574
-0.0028886
-0.00301545
-0.00301209
-0.00287468
-0.00260777
-0.00222171
-0.00173195
-0.00115723
-0.000517052
0.00016873
0.000877657
0.00158277
0.00225274
0.00285328
0.00335144
0.0037208
0.00394396
0.00401372
0.00393366
0.00371613
0.00337815
0.00293846
0.00241774
0.00183925
0.00122896
0.00061618
3.33515e-05
-0.000486439
-0.000913253
-0.00122387
-0.00140417
-0.0014502
-0.00136717
-0.00116701
-0.000866613
-0.000487009
-5.33813e-05
0.000404455
0.000854055
0.00126325
0.00160013
0.00183387
0.00193893
0.00189904
0.00171048
0.00138249
0.00093479
0.000395066
-0.000202909
-0.000821901
-0.00142584
-0.00198194
-0.00245768
-0.00282065
-0.00304235
-0.00310078
-0.00298307
-0.00268866
-0.00223145
-0.00163919
-0.000949718
-0.000206591
0.000546451
0.00126946
0.00192604
0.00248311
0.00291245
0.00319238
0.00330926
0.00325813
0.00304378
0.00268167
0.00219718
0.00162342
0.000998097
0.000360476
-0.000250182
-0.000796785
-0.00124705
-0.00157536
-0.0017637
-0.00180203
-0.00168883
-0.0014312
-0.00104409
-0.000549326
2.63467e-05
0.000653147
0.0012984
0.00192771
0.0025075
0.00300687
0.00339863
0.00366023
0.00377464
0.00373117
0.00352567
0.0031607
0.00264628
0.00199969
0.00124328
0.000402731
-0.00049315
-0.00141268
-0.00232183
-0.00318541
-0.00396885
-0.00463976
-0.00516947
-0.00553485
-0.00572057
-0.00572027
-0.005535
-0.00517222
-0.0046458
-0.00397534
-0.00318633
-0.0023106
-0.00138529
-0.000450909
0.000451004
0.00128085
0.00200429
0.00259435
0.00303172
0.0033044
0.00340724
0.00334083
0.00311122
0.00273076
0.00221885
0.00160184
0.000912052
0.000186205
-0.000537232
-0.00122125
-0.00183311
-0.00234598
-0.00273964
-0.00300075
-0.0031223
-0.0031025
-0.00294445
-0.00265658
-0.00225295
-0.0017529
-0.0011805
-0.000563795
6.66783e-05
0.000680247
0.0012485
0.00174718
0.00215724
0.00246518
0.00266305
0.00274804
0.00272192
0.00259074
0.00236484
0.00205857
0.00169013
0.00128091
0.000853897
0.000431566
3.4202e-05
-0.000320792
-0.000619585
-0.000852451
-0.000852451
-0.00101367
-0.0011012
-0.00111601
-0.00106151
-0.000944206
-0.00077388
-0.000562492
-0.000323318
-7.06927e-05
0.000180463
0.000416057
0.00062387
0.000793589
0.000916934
0.000987972
0.0010034
0.000962772
0.000868827
0.000728056
0.000550976
0.000350512
0.000139547
-6.96562e-05
-0.000265383
-0.000437477
-0.000577878
-0.000680005
-0.000738005
-0.000747045
-0.000704408
-0.000610611
-0.000470594
-0.000293976
-9.38516e-05
0.000114896
0.000317453
0.000500798
0.000654575
0.000771205
0.000845607
0.000874747
0.000857278
0.000793579
0.000686248
0.000540169
0.000362305
0.000161914
-5.00893e-05
-0.000262873
-0.000466838
-0.000653499
-0.000815164
-0.000945521
-0.00104004
-0.0010957
-0.00111116
-0.00108715
-0.00102644
-0.000933344
-0.000813204
-0.000671968
-0.000515598
-0.000350051
-0.000181742
-1.76845e-05
0.000134548
0.000266832
0.000371087
0.000440768
0.000472128
0.000464033
0.000417478
0.000335424
0.000221894
8.07775e-05
-8.42805e-05
-0.000268793
-0.000466428
-0.000668505
-0.000863797
-0.00103969
-0.00118428
-0.00128765
-0.00134269
-0.00134582
-0.00129679
-0.00119799
-0.0010535
-0.000868403
-0.000649107
-0.000404207
-0.000144828
0.000116499
0.000367227
0.000594935
0.000787939
0.000936791
0.00103472
0.00107733
0.00106242
0.000990157
0.000862888
0.000684976
0.000462878
0.000205446
-7.63152e-05
-0.000370363
-0.000664532
-0.000946665
-0.00120473
-0.00142762
-0.00160613
-0.00173315
-0.00180352
-0.00181409
-0.00176397
-0.00165462
-0.0014898
-0.00127521
-0.00101822
-0.000727476
-0.00041239
-8.31373e-05
0.000249146
0.000572946
0.000877134
0.00115123
0.00138565
0.00157236
0.00170556
0.00178181
0.0017997
0.00175957
0.00166285
0.00151227
0.00131239
0.00106935
0.000790814
0.00048651
0.000167974
-0.000152443
-0.000462703
-0.000751734
-0.00100962
-0.00122749
-0.00139707
-0.00151097
-0.00156369
-0.00155195
-0.00147508
-0.0013356
-0.00113948
-0.000895629
-0.000614935
-0.000309078
1.03348e-05
0.000332153
0.000645726
0.000940647
0.00120662
0.00143382
0.00161358
0.00173888
0.00180441
0.00180717
0.00174718
0.00162734
0.00145264
0.00122959
0.000965791
0.000669815
0.000351167
1.97795e-05
-0.000313901
-0.000638083
-0.000939206
-0.00120301
-0.0014166
-0.00156936
-0.00165343
-0.00166443
-0.00160159
-0.00146725
-0.00126616
-0.00100471
-0.000690841
-0.000334947
4.90299e-05
0.000443503
0.000828736
0.00118466
0.00149265
0.00173741
0.00190821
0.00199897
0.00200756
0.00193482
0.00178391
0.00156033
0.00127225
0.000931067
0.000551621
0.000151931
-0.000248074
-0.000628515
-0.00097146
-0.00126235
-0.0014907
-0.00165
-0.00173708
-0.00175139
-0.00169416
-0.00156812
-0.00137791
-0.00113095
-0.000837652
-0.000511319
-0.000167645
0.000175892
0.000501397
0.00079252
0.0010356
0.00121977
0.00133711
0.00138288
0.00135531
0.00125461
0.00108326
0.00084734
0.000557282
0.00022734
-0.000125761
-0.000483517
-0.00082659
-0.00113659
-0.00139719
-0.00159466
-0.00171813
-0.00175954
-0.00171379
-0.00157921
-0.00135835
-0.00105861
-0.000692269
-0.000275703
0.000171819
0.000629379
0.00107572
0.00149091
0.00185753
0.00216028
0.00238581
0.00252314
0.00256429
0.00250535
0.00234753
0.00209731
0.00176602
0.00136928
0.000925659
0.00045495
-2.31633e-05
-0.000489726
-0.000926895
-0.00131812
-0.00164804
-0.0019028
-0.00207128
-0.00214643
-0.00212602
-0.00201292
-0.00181484
-0.00154371
-0.00121454
-0.000843991
-0.00044951
-4.90224e-05
0.000339318
0.000697724
0.00100951
0.00125953
0.00143501
0.00152669
0.00152971
0.00144382
0.00127355
0.00102787
0.000719512
0.000364177
-2.017e-05
-0.000414311
-0.0007986
-0.00115316
-0.00145862
-0.00169761
-0.00185612
-0.00192479
-0.00189931
-0.00177998
-0.00157151
-0.00128308
-0.000927904
-0.000522317
-8.46711e-05
0.000365035
0.000805611
0.00121585
0.00157588
0.00186879
0.002082
0.00220763
0.00224245
0.00218769
0.00204869
0.00183388
0.00155405
0.00122203
0.000852345
0.000460543
6.28005e-05
-0.000324072
-0.000683273
-0.000683273
-0.000999842
-0.00126181
-0.00145998
-0.00158772
-0.00164143
-0.00162095
-0.00152905
-0.00137074
-0.00115328
-0.000886065
-0.00058052
-0.000250004
9.06926e-05
0.000426059
0.000740576
0.00101954
0.00125015
0.00142219
0.00152809
0.0015631
0.00152569
0.00141752
0.00124326
0.0010105
0.000729688
0.000413748
7.74454e-05
-0.000263488
-0.000593407
-0.000897811
-0.00116404
-0.00138172
-0.00154299
-0.00164251
-0.00167706
-0.00164535
-0.00154828
-0.00138927
-0.00117426
-0.000911907
-0.000613786
-0.000293722
3.39167e-05
0.000355473
0.000658501
0.00093233
0.00116831
0.00135933
0.00149917
0.00158254
0.00160554
0.0015663
0.00146593
0.00130932
0.00110475
0.000863093
0.000596941
0.000319626
4.41244e-05
-0.000217711
-0.000455363
-0.000659555
-0.000822338
-0.000937332
-0.000999969
-0.00100777
-0.00096085
-0.000862314
-0.000718125
-0.000536793
-0.00032895
-0.000106631
0.000117682
0.000332022
0.00052564
0.00068942
0.000815986
0.000899493
0.000935408
0.000920547
0.00085321
0.000733407
0.000563592
0.000349343
9.89682e-05
-0.000177317
-0.000467917
-0.000760383
-0.00104218
-0.00130158
-0.00152796
-0.00171181
-0.00184477
-0.00191982
-0.00193169
-0.00187739
-0.0017563
-0.00157043
-0.00132488
-0.00102784
-0.000690525
-0.000326693
4.84189e-05
0.00041913
0.000770084
0.00108705
0.00135787
0.00157307
0.00172557
0.00181075
0.00182688
0.00177536
0.00166049
0.00148924
0.00127114
0.00101771
0.000741339
0.000454369
0.000168954
-0.000102957
-0.000350585
-0.000565106
-0.000739678
-0.000869744
-0.000953345
-0.000991096
-0.000985992
-0.000942847
-0.000867526
-0.000766369
-0.000646138
-0.000514213
-0.00037834
-0.00024617
-0.000124776
-1.99064e-05
6.4288e-05
0.000125001
0.000160926
0.000172382
0.000160874
0.000128598
7.80998e-05
1.22455e-05
-6.54784e-05
-0.000150898
-0.000239353
-0.000325829
-0.000405056
-0.000471922
-0.000522141
-0.00055258
-0.000561228
-0.000547264
-0.000511194
-0.000454632
-0.000379794
-0.000289392
-0.000186854
-7.63185e-05
3.7695e-05
0.000150558
0.000257476
0.000353775
0.000435627
0.000500422
0.000546579
0.000573327
0.000580914
0.000570716
0.000544936
0.000506477
0.000458929
0.000406306
0.000352563
0.00030116
0.000254713
0.000214747
0.000182019
0.000157037
0.000139968
0.000130585
0.000128538
0.000133438
0.000144838
0.000162105
0.000184319
0.000210428
0.000239492
0.000270817
0.00030381
0.000337708
0.000371432
0.000403402
0.000431282
0.000452016
0.000462583
0.000460706
0.000444493
0.000412218
0.000362732
0.000295387
0.000209822
0.00010603
-1.53638e-05
-0.000152521
-0.000301535
-0.000455782
-0.000606641
-0.000745355
-0.000863996
-0.000955799
-0.00101574
-0.00104065
-0.00102901
-0.000980883
-0.000897521
-0.000781371
-0.000636694
-0.00047002
-0.000289595
-0.000104523
7.54301e-05
0.000240552
0.000382515
0.000494791
0.000572394
0.000611883
0.000611757
0.000572578
0.000496797
0.000388813
0.000254892
0.000102781
-5.87699e-05
-0.000220598
-0.000373745
-0.000509966
-0.000622206
-0.000704875
-0.00075372
-0.000765707
-0.000739116
-0.000673628
-0.000570441
-0.000432438
-0.000264205
-7.19201e-05
0.000136777
0.000352982
0.000567054
0.00076946
0.000951288
0.00110434
0.00122114
0.00129507
0.00132103
0.00129626
0.00122032
0.00109502
0.000925023
0.000717699
0.000482159
0.000228188
-3.4046e-05
-0.000294218
-0.000542421
-0.000769359
-0.000966294
-0.00112528
-0.00123979
-0.0013053
-0.00131957
-0.00128251
-0.00119633
-0.0010657
-0.000897277
-0.000698885
-0.000479247
-0.000247896
-1.49007e-05
0.000209735
0.000416692
0.000597613
0.000745388
0.000854641
0.000922047
0.000946232
0.000927525
0.000867979
0.000771377
0.000642924
0.000488998
0.000317187
0.000136211
-4.45916e-05
-0.000215921
-0.000369001
-0.000496069
-0.000590954
-0.000649478
-0.000669459
-0.000650515
-0.000593906
-0.000502352
-0.000379728
-0.00023081
-6.1194e-05
0.000122771
0.000314077
0.000504982
0.000687034
0.000851635
0.000990751
0.00109725
0.00116513
0.00119019
0.00117054
0.00110626
0.000999073
0.000852739
0.000673093
0.000673093
0.000467496
0.000244113
1.17272e-05
-0.000220323
-0.000442693
-0.000646575
-0.000823933
-0.000967559
-0.00107123
-0.00113012
-0.00114111
-0.00110306
-0.00101734
-0.000888179
-0.000722039
-0.00052677
-0.000311104
-8.41088e-05
0.000145399
0.000369197
0.000579669
0.000769571
0.000931695
0.00105871
0.00114381
0.00118194
0.00117053
0.00110971
0.00100249
0.000854443
0.000672969
0.000466335
0.000242866
1.06574e-05
-0.000222287
-0.000447761
-0.00065706
-0.000841027
-0.000990696
-0.00109833
-0.00115837
-0.00116803
-0.00112777
-0.00104108
-0.000913611
-0.000752296
-0.000564762
-0.000358953
-0.000143003
7.45885e-05
0.000284778
0.000478153
0.000645507
0.000778605
0.000871062
0.00091903
0.000921396
0.000879617
0.000797311
0.000679671
0.000532905
0.0003639
0.000180154
-1.02061e-05
-0.000198456
-0.000375455
-0.000532116
-0.000660182
-0.000752952
-0.000805749
-0.000816193
-0.000784189
-0.000711652
-0.00060219
-0.000460794
-0.000293643
-0.000108121
8.72135e-05
0.000283053
0.000469924
0.000638552
0.000780348
0.000888107
0.00095643
0.000981904
0.000963121
0.00090055
0.000796381
0.000654508
0.00048059
0.000282105
6.82069e-05
-0.000150769
-0.000363977
-0.000560694
-0.000731021
-0.000866815
-0.000962249
-0.0010136
-0.00101901
-0.000978493
-0.00089384
-0.000768382
-0.000607084
-0.000416851
-0.000206499
1.37321e-05
0.000232788
0.000439628
0.000624135
0.000777766
0.000893917
0.000968042
0.000997539
0.000981628
0.000921285
0.000819224
0.000679998
0.000510096
0.000317821
0.000112741
-9.50593e-05
-0.000295574
-0.000479469
-0.000638691
-0.000766812
-0.000859056
-0.000912179
-0.000924493
-0.000895986
-0.000828408
-0.000725326
-0.000592111
-0.000435662
-0.000263915
-8.52768e-05
9.19814e-05
0.000260231
0.000412692
0.000543513
0.000647969
0.000722556
0.000764991
0.000774337
0.00075109
0.000697193
0.000615994
0.000512042
0.000390683
0.000257578
0.000118405
-2.12384e-05
-0.00015605
-0.000281227
-0.000392468
-0.000485919
-0.00055818
-0.000606518
-0.00062923
-0.000625883
-0.000597403
-0.000546209
-0.000476248
-0.000392542
-0.000300458
-0.000205334
-0.000112258
-2.55522e-05
5.16193e-05
0.000116985
0.000168658
0.000205107
0.000225366
0.000229047
0.000216232
0.000187713
0.000145599
9.32789e-05
3.4799e-05
-2.55073e-05
-8.33054e-05
-0.000134798
-0.000177245
-0.000208959
-0.000228828
-0.000235985
-0.000229755
-0.000209694
-0.000175615
-0.000127909
-6.81606e-05
5.3244e-07
7.39799e-05
0.000147709
0.000217376
0.000279028
0.000329517
0.000366651
0.000388995
0.000395571
0.000385628
0.000358748
0.000315147
0.000255971
0.00018345
0.000100931
1.26732e-05
-7.67151e-05
-0.00016295
-0.000242556
-0.000313021
-0.000372587
-0.000419977
-0.00045413
-0.000473917
-0.000478152
-0.000466124
-0.000438181
-0.000395779
-0.000341315
-0.00027799
-0.000209364
-0.000138835
-6.9395e-05
-3.65645e-06
5.59526e-05
0.000106935
0.000146618
0.000172431
0.000182336
0.000175141
0.000150848
0.000110901
5.80176e-05
-4.40214e-06
-7.2884e-05
-0.000144053
-0.000214685
-0.000281859
-0.000342866
-0.000394971
-0.000435391
-0.000461589
-0.000471674
-0.00046469
-0.000440783
-0.00040112
-0.000347592
-0.000282457
-0.000208022
-0.000126462
-3.98443e-05
4.9644e-05
0.000139514
0.0002271
0.000309708
0.000384741
0.000450012
0.000504028
0.000545936
0.000575174
0.000591235
0.000593583
0.000581606
0.000555036
0.000514451
0.000461206
0.000397277
0.000325254
0.000247988
0.000168075
8.75534e-05
7.93829e-06
-6.95512e-05
-0.000143684
-0.000212828
-0.000274762
-0.000327012
-0.000367485
-0.000394898
-0.000408916
-0.000410243
-0.00040063
-0.000382541
-0.000358533
-0.000330874
-0.000301564
-0.000272423
-0.000245088
-0.000221008
-0.000201549
-0.000187894
-0.000180608
-0.000179412
-0.000183571
-0.000192212
-0.000203953
-0.000216823
-0.000228725
-0.00023758
-0.000241252
-0.000237673
-0.000225086
-0.000202274
-0.0001687
-0.000124621
-7.10926e-05
-9.72704e-06
5.76331e-05
0.000129108
0.00020282
0.000276901
0.000349534
0.000418962
0.000483437
0.000541197
0.000590521
0.000629761
0.000657483
0.000672736
0.000675101
0.000664569
0.000664569
0.00064144
0.000606212
0.000559731
0.000503338
0.000438563
0.000366948
0.000290094
0.000209472
0.000126331
4.18704e-05
-4.27073e-05
-0.000126238
-0.000207434
-0.000284651
-0.000355951
-0.000419514
-0.000473964
-0.000518366
-0.000552083
-0.000574659
-0.000585951
-0.00058619
-0.000575618
-0.000554377
-0.000522734
-0.000481122
-0.000430277
-0.000371507
-0.000306627
-0.000237682
-0.000166776
-9.58978e-05
-2.67865e-05
3.91235e-05
0.000100783
0.000157453
0.000208476
0.000253095
0.000290427
0.000319619
0.000340043
0.000351424
0.0003539
0.000348009
0.000334708
0.000315294
0.000291119
0.000263481
0.000233775
0.000203537
0.000174277
0.00014726
0.000123558
0.000104064
8.92949e-05
7.93337e-05
7.40211e-05
7.30373e-05
7.56953e-05
8.08788e-05
8.72085e-05
9.30807e-05
9.67285e-05
9.64133e-05
9.05803e-05
7.80218e-05
5.79987e-05
3.02032e-05
-5.29428e-06
-4.80106e-05
-9.69927e-05
-0.000150709
-0.00020683
-0.000262163
-0.000313235
-0.000356999
-0.000390843
-0.00041254
-0.000420562
-0.000414258
-0.000393752
-0.000359677
-0.000312999
-0.000255121
-0.000188056
-0.000114498
-3.77392e-05
3.85132e-05
0.000110373
0.000174193
0.000226989
0.000266616
0.000291784
0.00030204
0.000297677
0.00027955
0.000248878
0.000207189
0.000156447
9.91349e-05
3.81335e-05
-2.34507e-05
-8.24484e-05
-0.000135914
-0.000181369
-0.000216831
-0.000240723
-0.000251813
-0.000249135
-0.000231992
-0.000200179
-0.000154243
-9.55486e-05
-2.63492e-05
5.00583e-05
0.000129422
0.000207163
0.000279165
0.000341912
0.000392359
0.000428047
0.000447049
0.000447812
0.00042916
0.000390454
0.000331944
0.00025516
0.000163163
6.03447e-05
-4.81472e-05
-0.00015695
-0.000260974
-0.000355804
-0.000437818
-0.00050411
-0.000552333
-0.000580534
-0.000587149
-0.000571153
-0.000532346
-0.000471766
-0.000391893
-0.000296368
-0.000189568
-7.62575e-05
3.87536e-05
0.000150863
0.000255849
0.000349915
0.00042962
0.00049187
0.000534052
0.000554323
0.000551916
0.000527271
0.000482069
0.000419144
0.000342202
0.000255439
0.000163222
6.99766e-05
-1.99039e-05
-0.000102216
-0.000173091
-0.00022913
-0.000267623
-0.000286805
-0.000286014
-0.00026575
-0.000227607
-0.000174044
-0.000108098
-3.31699e-05
4.71777e-05
0.000129416
0.000210136
0.000286001
0.000353793
0.000410648
0.000454254
0.000482984
0.000495986
0.000493137
0.000474987
0.000442699
0.000397909
0.000342584
0.000278953
0.000209538
0.000137204
6.50456e-05
-3.72853e-06
-6.58624e-05
-0.000118287
-0.000158509
-0.000184822
-0.000196177
-0.000192104
-0.000172766
-0.000138879
-9.16525e-05
-3.28874e-05
3.49085e-05
0.000108498
0.00018399
0.000257039
0.000323365
0.00037927
0.000421731
0.000448442
0.000457932
0.000449448
0.000422815
0.000378451
0.000317478
0.000241785
0.000154089
5.79252e-05
-4.25872e-05
-0.00014313
-0.00023955
-0.000328167
-0.00040601
-0.000470904
-0.000521392
-0.000556625
-0.00057631
-0.00058072
-0.000570703
-0.000547728
-0.000513881
-0.000471823
-0.000424658
-0.000375658
-0.000327942
-0.000284237
-0.000246822
-0.000217555
-0.000197821
-0.000188505
-0.000190008
-0.000202201
-0.000224373
-0.000255267
-0.000293159
-0.000335929
-0.000381196
-0.000426521
-0.000469609
-0.000508343
-0.000540697
-0.000564733
-0.000578666
-0.000580892
-0.000570223
-0.000546218
-0.000509208
-0.000460249
-0.000401199
-0.000334655
-0.000263567
-0.000190802
-0.000119017
-5.07237e-05
1.17387e-05
6.62197e-05
0.000110742
0.000143579
0.000163408
0.000169502
0.000161929
0.000141617
0.000110258
7.0183e-05
2.41755e-05
-2.48266e-05
-7.38795e-05
-0.000120044
-0.000160544
-0.000193006
-0.000215562
-0.000226883
-0.000226263
-0.000213677
-0.000189689
-0.000155325
-0.00011206
-6.18095e-05
-6.82472e-06
5.03913e-05
0.000107145
0.000160677
0.000208342
0.000247811
0.000277238
0.000295365
0.000301589
0.000295957
0.00027912
0.000252283
0.000217153
0.000175845
0.000130716
8.4225e-05
3.88954e-05
-2.73332e-06
-3.82348e-05
-6.54242e-05
-8.24904e-05
-8.80878e-05
-8.13958e-05
-6.21957e-05
-3.09138e-05
1.13725e-05
6.29392e-05
0.000121492
0.000184346
0.000248613
0.000311316
0.000369533
0.00042064
0.000462462
0.000462462
0.000493194
0.000511358
0.00051583
0.000505811
0.000480904
0.000441349
0.000388136
0.000322993
0.000248316
0.000167057
8.25507e-05
-1.73748e-06
-8.24645e-05
-0.000156531
-0.000221086
-0.000273542
-0.000311773
-0.000334278
-0.000340085
-0.000328776
-0.000300706
-0.000257002
-0.000199439
-0.000130361
-5.25913e-05
3.07071e-05
0.000116224
0.000200641
0.000280717
0.000353415
0.000416094
0.000466593
0.000503161
0.00052442
0.000529556
0.000518562
0.000492224
0.000452003
0.000400047
0.000339101
0.000272266
0.000202701
0.00013347
6.748e-05
7.42739e-06
-4.4227e-05
-8.53104e-05
-0.000114055
-0.000129283
-0.000130626
-0.00011865
-9.48259e-05
-6.12995e-05
-2.06094e-05
2.44215e-05
7.08499e-05
0.000115879
0.00015698
0.000191864
0.000218451
0.000234975
0.000240115
0.000233129
0.000213992
0.000183493
0.000143231
9.55292e-05
4.32292e-05
-1.05576e-05
-6.26712e-05
-0.000110226
-0.000150827
-0.000182423
-0.000203209
-0.000211718
-0.00020686
-0.000187971
-0.000154983
-0.000108693
-5.09682e-05
1.51996e-05
8.57897e-05
0.000156305
0.000222532
0.000280772
0.000327845
0.000361247
0.00037909
0.00037992
0.000362664
0.000326706
0.000272187
0.000200508
0.000114726
1.93863e-05
-8.01527e-05
-0.000178308
-0.000269751
-0.000349892
-0.000415106
-0.00046278
-0.000491143
-0.000498964
-0.000485508
-0.000450731
-0.000395512
-0.000321845
-0.000232951
-0.000133201
-2.77225e-05
7.8196e-05
0.000179634
0.000272352
0.000352936
0.000418839
0.000468282
0.000500096
0.000513656
0.000508939
0.000486689
0.000448557
0.000397113
0.000335676
0.000267994
0.000197874
0.00012891
6.43133e-05
6.82657e-06
-4.12677e-05
-7.80924e-05
-0.000102141
-0.000112347
-0.000108264
-9.02129e-05
-5.94062e-05
-1.81168e-05
3.03725e-05
8.21735e-05
0.000133239
0.000179674
0.000218002
0.000245483
0.000260345
0.000261612
0.000248697
0.000221337
0.000179723
0.000124521
5.6859e-05
-2.15211e-05
-0.000108013
-0.000199251
-0.000291445
-0.000380557
-0.000462491
-0.000533558
-0.000590929
-0.000632689
-0.000657663
-0.000665349
-0.000655951
-0.000630227
-0.000589236
-0.00053436
-0.000467507
-0.000391142
-0.000308282
-0.000222468
-0.000137597
-5.76084e-05
1.38629e-05
7.37448e-05
0.00011969
0.000150182
0.000164516
0.000162688
0.000145286
0.000113434
6.88432e-05
1.39182e-05
-4.82457e-05
-0.000113972
-0.000179157
-0.000239556
-0.000291306
-0.000331381
-0.000357695
-0.00036907
-0.000365289
-0.00034693
-0.000314964
-0.000270539
-0.000215246
-0.000151351
-8.17312e-05
-9.80832e-06
6.06187e-05
0.000125756
0.000182297
0.00022779
0.000260778
0.00028078
0.000288043
0.000283235
0.000267325
0.000241527
0.000207287
0.000166317
0.000120633
7.25623e-05
2.45877e-05
-2.09059e-05
-6.18499e-05
-9.66697e-05
-0.00012432
-0.000144204
-0.000156148
-0.000160358
-0.000157307
-0.000147689
-0.000132361
-0.000112286
-8.85357e-05
-6.2264e-05
-3.46393e-05
-6.77468e-06
2.02461e-05
4.53497e-05
6.76189e-05
8.63905e-05
0.000101232
0.000111977
0.00011873
0.000121797
0.000121613
0.000118677
0.000113493
0.000106547
9.83453e-05
8.94744e-05
8.06066e-05
7.24662e-05
6.57706e-05
6.11538e-05
5.90964e-05
5.99124e-05
6.3792e-05
7.08777e-05
8.13757e-05
9.56383e-05
0.000113984
0.000136324
0.000162005
0.000189801
0.000217846
0.000243783
0.000265393
0.000281187
0.000290264
0.000292067
0.000286408
0.000273233
0.000252283
0.00022307
0.000185205
0.000138801
8.4709e-05
2.46357e-05
-3.89654e-05
-0.000103259
-0.000165449
-0.000223097
-0.000274203
-0.000317078
-0.000350371
-0.000373168
-0.000384798
-0.000384681
-0.000372514
-0.000348439
-0.000313127
-0.000267822
-0.000214269
-0.000154548
-9.0884e-05
-2.5485e-05
3.9515e-05
0.000102053
0.000160184
0.000212096
0.000255997
0.000290085
0.0003128
0.000323215
0.000321142
0.000307051
0.000282007
0.000247526
0.000205373
0.000157357
0.000105245
5.08086e-05
-4.09603e-06
-5.74691e-05
-0.000107162
-0.000150998
-0.000187003
-0.000213638
-0.000229933
-0.000235443
-0.000230166
-0.00021455
-0.000189426
-0.000155862
-0.000115133
-6.87886e-05
-1.87312e-05
3.28023e-05
8.34096e-05
0.000130702
0.000172454
0.0002068
0.0002068
0.000232436
0.000248666
0.000255223
0.000252188
0.000240017
0.000219463
0.000191506
0.000157422
0.000118892
7.79843e-05
3.69267e-05
-2.19803e-06
-3.76558e-05
-6.81395e-05
-9.28364e-05
-0.000111428
-0.000123972
-0.000130765
-0.000132244
-0.000128981
-0.000121783
-0.000111751
-0.000100252
-8.88367e-05
-7.90606e-05
-7.22104e-05
-6.90655e-05
-6.98511e-05
-7.42585e-05
-8.15284e-05
-9.08145e-05
-0.000101504
-0.000113111
-0.000125142
-0.000137125
-0.000148507
-0.000158511
-0.000166149
-0.000170413
-0.000170527
-0.00016613
-0.000157342
-0.000144707
-0.000129039
-0.000111204
-9.19539e-05
-7.18838e-05
-5.14814e-05
-3.11957e-05
-1.15003e-05
7.04563e-06
2.37894e-05
3.80755e-05
4.93802e-05
5.74151e-05
6.21637e-05
6.38545e-05
6.28878e-05
5.97342e-05
5.48543e-05
4.86517e-05
4.14361e-05
3.34078e-05
2.46874e-05
1.53328e-05
5.35556e-06
-5.15694e-06
-1.59983e-05
-2.70227e-05
-3.82231e-05
-4.96643e-05
-6.14922e-05
-7.39415e-05
-8.7284e-05
-0.000101734
-0.000117359
-0.000134046
-0.000151528
-0.000169441
-0.000187421
-0.000205187
-0.00022256
-0.000239374
-0.000255396
-0.000270348
-0.000283952
-0.000295916
-0.000305957
-0.00031389
-0.000319678
-0.000323436
-0.000325394
-0.000325825
-0.000325
-0.000323171
-0.000320494
-0.000316977
-0.000312527
-0.000307002
-0.000300217
-0.000291946
-0.000281862
-0.000269534
-0.000254452
-0.000235989
-0.00021347
-0.00018638
-0.000154558
-0.000118312
-7.83174e-05
-3.54406e-05
9.34846e-06
5.5051e-05
0.000100687
0.000145262
0.000187692
0.000226725
0.000260966
0.000289004
0.000309574
0.000321768
0.000325183
0.000319908
0.000306402
0.000285373
0.000257629
0.000224034
0.000185533
0.000143144
9.79828e-05
5.13368e-05
4.63369e-06
-4.06441e-05
-8.30927e-05
-0.000121541
-0.000155103
-0.000183068
-0.000204687
-0.000219102
-0.000225504
-0.000223267
-0.000212005
-0.000191723
-0.000162976
-0.000126931
-8.52016e-05
-3.94956e-05
8.58005e-06
5.75035e-05
0.000105798
0.000152018
0.000194678
0.000232133
0.000262688
0.00028486
0.000297564
0.000300268
0.000293135
0.000276994
0.000253148
0.000223155
0.000188688
0.000151428
0.00011302
7.51037e-05
3.93224e-05
7.30946e-06
-1.9403e-05
-3.95345e-05
-5.21831e-05
-5.69151e-05
-5.37925e-05
-4.33216e-05
-2.63683e-05
-4.03824e-06
2.24422e-05
5.1749e-05
8.24544e-05
0.000113072
0.000142089
0.000168021
0.000189537
0.000205636
0.000215758
0.000219823
0.000218246
0.000211756
0.000201187
0.000187459
0.000171588
0.000154615
0.000137598
0.000121664
0.000108017
9.78297e-05
9.20843e-05
9.13942e-05
9.58374e-05
0.000104976
0.000118028
0.000134002
0.000151845
0.000170546
0.000189154
0.000206778
0.000222552
0.000235528
0.000244689
0.000249054
0.000247834
0.000240582
0.000227294
0.000208388
0.000184604
0.000156867
0.000126161
9.34529e-05
5.96738e-05
2.57243e-05
-7.46301e-06
-3.88437e-05
-6.72435e-05
-9.14289e-05
-0.000110281
-0.000122978
-0.000129069
-0.000128479
-0.00012147
-0.000108534
-9.02493e-05
-6.71937e-05
-3.9967e-05
-9.26224e-06
2.40448e-05
5.87928e-05
9.35627e-05
0.000126856
0.000157274
0.000183646
0.000205142
0.000221322
0.000232078
0.000237487
0.000237711
0.000232986
0.00022363
0.000210094
0.000193035
0.000173343
0.000152101
0.000130497
0.000109665
9.05305e-05
7.36398e-05
5.90183e-05
4.62206e-05
3.45285e-05
2.32603e-05
1.21886e-05
1.60185e-06
-8.08396e-06
-1.65477e-05
-2.36037e-05
-2.93792e-05
-3.44507e-05
-3.96527e-05
-4.56236e-05
-5.2551e-05
-6.02052e-05
-6.80211e-05
-7.53068e-05
-8.15855e-05
-8.68525e-05
-9.15763e-05
-9.64729e-05
-0.000102243
-0.000109383
-0.000118068
-0.000128121
-0.000139153
-0.00015077
-0.000162679
-0.00017465
-0.000186395
-0.000197513
-0.000207429
-0.000215329
-0.000220256
-0.000221391
-0.000218229
-0.000210517
-0.000198217
-0.000181517
-0.000160714
-0.000136156
-0.000108315
-7.78783e-05
-4.57937e-05
-1.32933e-05
1.81676e-05
4.71191e-05
7.22943e-05
9.27013e-05
0.000107676
0.000116936
0.000120509
0.00011862
0.000111622
0.0001
8.44162e-05
6.57462e-05
4.50902e-05
2.37453e-05
3.11021e-06
-1.54546e-05
-3.07626e-05
-4.19212e-05
-4.84119e-05
-5.00684e-05
-4.70171e-05
-3.96667e-05
-2.86646e-05
-2.86646e-05
-1.48758e-05
5.9007e-07
1.65119e-05
3.16942e-05
4.49078e-05
5.49234e-05
6.06999e-05
6.15128e-05
5.69769e-05
4.69954e-05
3.17382e-05
1.16425e-05
-1.2623e-05
-4.0178e-05
-6.99767e-05
-0.000100858
-0.000131571
-0.000160839
-0.00018743
-0.000210234
-0.000228335
-0.000241046
-0.00024794
-0.000248798
-0.00024354
-0.000232146
-0.000214672
-0.000191335
-0.000162527
-0.000128788
-9.08367e-05
-4.95749e-05
-6.10003e-06
3.83066e-05
8.22571e-05
0.000124313
0.000162986
0.000196773
0.000224394
0.000244968
0.000257873
0.000262689
0.000259322
0.000247973
0.000229044
0.00020318
0.000171343
0.000134822
9.51808e-05
5.42057e-05
1.37515e-05
-2.44808e-05
-5.91236e-05
-8.92238e-05
-0.000114238
-0.00013397
-0.000148421
-0.000157651
-0.000161777
-0.000160985
-0.000155465
-0.000145446
-0.000131418
-0.000114271
-9.50935e-05
-7.493e-05
-5.47134e-05
-3.5179e-05
-1.67876e-05
2.40297e-07
1.57943e-05
2.97251e-05
4.17602e-05
5.14456e-05
5.81969e-05
6.15148e-05
6.11533e-05
5.71933e-05
5.00431e-05
4.03004e-05
2.86207e-05
1.56485e-05
1.91743e-06
-1.21608e-05
-2.61861e-05
-3.96712e-05
-5.20048e-05
-6.24936e-05
-7.04379e-05
-7.52331e-05
-7.65191e-05
-7.4252e-05
-6.86819e-05
-6.03113e-05
-4.97853e-05
-3.77734e-05
-2.49299e-05
-1.1883e-05
7.6713e-07
1.24143e-05
2.23935e-05
2.99911e-05
3.45435e-05
3.55527e-05
3.278e-05
2.62903e-05
1.64409e-05
3.83014e-06
-1.07994e-05
-2.6669e-05
-4.30446e-05
-5.92605e-05
-7.46861e-05
-8.86919e-05
-0.000100638
-0.000109893
-0.000115917
-0.000118399
-0.000117324
-0.000112997
-0.000106045
-9.73418e-05
-8.78091e-05
-7.82606e-05
-6.94193e-05
-6.19387e-05
-5.63792e-05
-5.31986e-05
-5.27544e-05
-5.53144e-05
-6.10144e-05
-6.97911e-05
-8.13304e-05
-9.50459e-05
-0.000110135
-0.000125621
-0.000140376
-0.00015325
-0.000163151
-0.000169078
-0.000170241
-0.000166165
-0.000156605
-0.000141514
-0.000121106
-9.59069e-05
-6.67326e-05
-3.46241e-05
-7.98339e-07
3.33796e-05
6.64743e-05
9.70739e-05
0.000123897
0.000145884
0.000162187
0.000172207
0.0001757
0.000172794
0.000163936
0.000149847
0.000131502
0.000110054
8.67128e-05
6.26484e-05
3.90093e-05
1.69563e-05
-2.4278e-06
-1.82323e-05
-2.97117e-05
-3.63333e-05
-3.78664e-05
-3.4383e-05
-2.62016e-05
-1.38243e-05
2.17869e-06
2.12699e-05
4.28989e-05
6.64191e-05
9.11116e-05
0.000116215
0.000140899
0.000164267
0.000185416
0.000203546
0.000218035
0.000228462
0.000234605
0.000236408
0.000233955
0.000227469
0.000217271
0.000203771
0.000187496
0.000169095
0.000149321
0.000129036
0.000109164
9.06185e-05
7.42214e-05
6.06443e-05
5.03866e-05
4.37696e-05
4.09213e-05
4.17959e-05
4.62124e-05
5.3852e-05
6.4251e-05
7.67927e-05
9.0691e-05
0.000105014
0.000118745
0.00013085
0.000140405
0.000146716
0.000149334
0.000148047
0.000142893
0.000134145
0.000122193
0.000107441
9.03666e-05
7.16121e-05
5.19689e-05
3.23309e-05
1.36688e-05
-3.04217e-06
-1.69913e-05
-2.76541e-05
-3.48048e-05
-3.85049e-05
-3.89866e-05
-3.65059e-05
-3.13417e-05
-2.37983e-05
-1.41898e-05
-2.92176e-06
9.42986e-06
2.21314e-05
3.43865e-05
4.54446e-05
5.4677e-05
6.1617e-05
6.59539e-05
6.75187e-05
6.62269e-05
6.19983e-05
5.47768e-05
4.45938e-05
3.16166e-05
1.62032e-05
-1.0889e-06
-1.95512e-05
-3.83909e-05
-5.68243e-05
-7.41668e-05
-8.98542e-05
-0.000103418
-0.000114478
-0.000122762
-0.000128134
-0.000130611
-0.000130346
-0.000127656
-0.000123056
-0.000117197
-0.000110798
-0.000104608
-9.93357e-05
-9.56017e-05
-9.39503e-05
-9.48526e-05
-9.86655e-05
-0.000105612
-0.000115779
-0.000129088
-0.000145268
-0.000163791
-0.000183775
-0.000204025
-0.000223259
-0.000240252
-0.000253876
-0.000263178
-0.000267437
-0.000266221
-0.000259373
-0.000246912
-0.000229023
-0.000206143
-0.000178981
-0.000148486
-0.000115822
-8.23711e-05
-4.96565e-05
-1.91587e-05
7.77769e-06
2.99937e-05
4.66013e-05
5.70503e-05
6.1123e-05
5.88892e-05
5.06857e-05
3.70941e-05
1.89057e-05
-2.9112e-06
-2.72497e-05
-5.28893e-05
-7.85197e-05
-0.000102822
-0.000124557
-0.000142614
-0.000156051
-0.000164165
-0.000166495
-0.00016279
-0.00015298
-0.000137188
-0.000115742
-8.91642e-05
-5.8172e-05
-2.3725e-05
1.2964e-05
1.2964e-05
5.05179e-05
8.74964e-05
0.000122461
0.000154054
0.000181145
0.000202921
0.000218814
0.000228437
0.000231623
0.000228466
0.000219374
0.000205071
0.000186598
0.000165281
0.000142599
0.000119943
9.84093e-05
7.87831e-05
6.16324e-05
4.73533e-05
3.62002e-05
2.83565e-05
2.39715e-05
2.30692e-05
2.53755e-05
3.02837e-05
3.69947e-05
4.4664e-05
5.24758e-05
5.97409e-05
6.60446e-05
7.12296e-05
7.52352e-05
7.79916e-05
7.93313e-05
7.89676e-05
7.65826e-05
7.19125e-05
6.48305e-05
5.54285e-05
4.40434e-05
3.11915e-05
1.74402e-05
3.31916e-06
-1.07281e-05
-2.43597e-05
-3.73012e-05
-4.92913e-05
-5.99959e-05
-6.90143e-05
-7.60688e-05
-8.11916e-05
-8.47249e-05
-8.72251e-05
-8.94308e-05
-9.21317e-05
-9.58992e-05
-0.000100918
-0.000107035
-0.000113988
-0.000121585
-0.000129727
-0.00013842
-0.000147712
-0.000157537
-0.000167523
-0.000176918
-0.00018475
-0.000190014
-0.000191888
-0.000189963
-0.00018435
-0.000175552
-0.000164243
-0.000151104
-0.000136705
-0.000121443
-0.000105584
-8.94267e-05
-7.34358e-05
-5.82726e-05
-4.47111e-05
-3.34529e-05
-2.4916e-05
-1.90973e-05
-1.55825e-05
-1.36514e-05
-1.24316e-05
-1.11298e-05
-9.1869e-06
-6.19674e-06
-1.79174e-06
4.39534e-06
1.28159e-05
2.40363e-05
3.85965e-05
5.67674e-05
7.83405e-05
0.000102463
0.000127603
0.000151909
0.000173705
0.000191629
0.000204628
0.000212035
0.000213459
0.000208582
0.000197049
0.00017845
0.000152494
0.000119318
7.97598e-05
3.54195e-05
-1.15535e-05
-5.87866e-05
-0.000103995
-0.000145249
-0.000181083
-0.000210481
-0.000232782
-0.000247483
-0.000254116
-0.000252322
-0.000242001
-0.000223472
-0.000197638
-0.000165983
-0.000130417
-9.30551e-05
-5.59396e-05
-2.08188e-05
1.0966e-05
3.8491e-05
6.11576e-05
7.85591e-05
9.04131e-05
9.65215e-05
9.68052e-05
9.15063e-05
8.13098e-05
6.72632e-05
5.06628e-05
3.29242e-05
1.53984e-05
-7.85329e-07
-1.47681e-05
-2.59457e-05
-3.39155e-05
-3.83648e-05
-3.89998e-05
-3.55823e-05
-2.79947e-05
-1.62771e-05
-6.67018e-07
1.83318e-05
3.99726e-05
6.34223e-05
8.78648e-05
0.000112531
0.000136759
0.000159987
0.000181681
0.000201293
0.000218255
0.000231977
0.000241937
0.000247794
0.000249464
0.000247132
0.000241215
0.000232285
0.000220972
0.0002079
0.000193637
0.0001787
0.000163607
0.000148899
0.000135134
0.000122887
0.000112712
0.000105025
0.000100031
9.77191e-05
9.78923e-05
0.000100203
0.000104209
0.000109445
0.000115461
0.000121827
0.000128099
0.000133835
0.000138597
0.000141924
0.000143379
0.000142646
0.000139532
0.00013397
0.000126045
0.000115983
0.000104107
9.08144e-05
7.65598e-05
6.1818e-05
4.70666e-05
3.2791e-05
1.94724e-05
7.56242e-06
-2.54493e-06
-1.0533e-05
-1.61886e-05
-1.94238e-05
-2.02706e-05
-1.88759e-05
-1.54814e-05
-1.03702e-05
-3.82863e-06
3.86165e-06
1.24223e-05
2.1571e-05
3.10184e-05
4.04399e-05
4.94667e-05
5.77538e-05
6.49923e-05
7.0839e-05
7.49117e-05
7.68753e-05
7.65055e-05
7.36616e-05
6.82605e-05
6.02998e-05
4.98655e-05
3.71187e-05
2.22736e-05
5.57329e-06
-1.26855e-05
-3.21031e-05
-5.21348e-05
-7.20537e-05
-9.09778e-05
-0.000107987
-0.00012225
-0.000133078
-0.000139965
-0.000142656
-0.000141139
-0.000135491
-0.000125806
-0.000112205
-9.48466e-05
-7.39927e-05
-5.01309e-05
-2.39948e-05
3.48036e-06
3.11941e-05
5.79769e-05
8.2753e-05
0.000104692
0.000123267
0.000138224
0.000149576
0.000157561
0.000162507
0.000164733
0.000164608
0.000162624
0.000159381
0.000155518
0.000151594
0.000148025
0.000145072
0.000142809
0.000141081
0.000139549
0.000137876
0.000135817
0.000133068
0.000129234
0.000123915
0.000116664
0.000107001
9.4562e-05
7.92237e-05
6.11503e-05
4.08056e-05
1.894e-05
-3.54806e-06
-2.58144e-05
-4.71794e-05
-6.71428e-05
-8.53788e-05
-0.000101726
-0.000116122
-0.000128492
-0.000138696
-0.000146564
-0.000151935
-0.000154684
-0.000154841
-0.000152702
-0.000148789
-0.000143706
-0.000138051
-0.000132366
-0.000127043
-0.000122283
-0.000118158
-0.0001147
-0.000111973
-0.000110112
-0.000109326
-0.000109838
-0.00011179
-0.000115141
-0.000119653
-0.000124932
-0.000130535
-0.000136041
-0.000141093
-0.000145421
-0.000148837
-0.000151216
-0.000151216
-0.000152463
-0.000152492
-0.000151234
-0.000148671
-0.000144888
-0.000140091
-0.00013462
-0.00012897
-0.000123602
-0.000118718
-0.000114482
-0.000111174
-0.000108939
-0.000107736
-0.000107504
-0.000108132
-0.000109421
-0.000111135
-0.000113026
-0.000114807
-0.000116182
-0.000116914
-0.000116879
-0.000116047
-0.000114416
-0.00011196
-0.000108671
-0.000104633
-9.99987e-05
-9.49678e-05
-8.97871e-05
-8.47407e-05
-8.01072e-05
-7.6122e-05
-7.29615e-05
-7.07115e-05
-6.93303e-05
-6.86695e-05
-6.85415e-05
-6.87815e-05
-6.92454e-05
-6.9778e-05
-7.02268e-05
-7.0437e-05
-7.02152e-05
-6.93322e-05
-6.75441e-05
-6.46084e-05
-6.03263e-05
-5.4599e-05
-4.745e-05
-3.89973e-05
-2.94132e-05
-1.89016e-05
-7.66988e-06
4.08288e-06
1.61403e-05
2.82335e-05
3.99834e-05
5.08612e-05
6.02648e-05
6.76449e-05
7.25614e-05
7.47041e-05
7.3922e-05
7.02316e-05
6.37809e-05
5.47956e-05
4.35828e-05
3.05824e-05
1.64058e-05
1.85041e-06
-1.21812e-05
-2.48211e-05
-3.52889e-05
-4.29517e-05
-4.7442e-05
-4.86747e-05
-4.6735e-05
-4.1759e-05
-3.39405e-05
-2.35839e-05
-1.11091e-05
2.91783e-06
1.77528e-05
3.24944e-05
4.61857e-05
5.79756e-05
6.72313e-05
7.36014e-05
7.70333e-05
7.76946e-05
7.58559e-05
7.18168e-05
6.58772e-05
5.83453e-05
4.95706e-05
3.99642e-05
3.00014e-05
2.01921e-05
1.09899e-05
2.70653e-06
-4.47556e-06
-1.0465e-05
-1.52876e-05
-1.90765e-05
-2.20009e-05
-2.42268e-05
-2.58992e-05
-2.71322e-05
-2.80033e-05
-2.85512e-05
-2.87794e-05
-2.86414e-05
-2.81022e-05
-2.72109e-05
-2.60467e-05
-2.46965e-05
-2.32902e-05
-2.19568e-05
-2.07673e-05
-1.97413e-05
-1.89061e-05
-1.83266e-05
-1.80779e-05
-1.82314e-05
-1.88462e-05
-1.99471e-05
-2.15007e-05
-2.33897e-05
-2.54358e-05
-2.74712e-05
-2.94003e-05
-3.12163e-05
-3.29854e-05
-3.48216e-05
-3.68457e-05
-3.91432e-05
-4.17206e-05
-4.44973e-05
-4.7367e-05
-5.0211e-05
-5.28871e-05
-5.52823e-05
-5.73453e-05
-5.90495e-05
-6.03194e-05
-6.10043e-05
-6.09127e-05
-5.98334e-05
-5.75677e-05
-5.39834e-05
-4.90593e-05
-4.29108e-05
-3.57827e-05
-2.8014e-05
-1.99828e-05
-1.20458e-05
-4.49328e-06
2.46432e-06
8.69396e-06
1.41936e-05
1.91319e-05
2.37654e-05
2.83674e-05
3.324e-05
3.86879e-05
4.49383e-05
5.20659e-05
6.00003e-05
6.86211e-05
7.77971e-05
8.73698e-05
9.71736e-05
0.000107071
0.000116908
0.000126398
0.000135119
0.000142595
0.000148344
0.000151952
0.000153161
0.000151938
0.000148461
0.000143007
0.000135822
0.000127081
0.00011693
0.000105489
9.28729e-05
7.92747e-05
6.50114e-05
5.05302e-05
3.63716e-05
2.30705e-05
1.10993e-05
8.51479e-07
-7.39457e-06
-1.34773e-05
-1.73002e-05
-1.87746e-05
-1.78247e-05
-1.44376e-05
-8.69477e-06
-8.10707e-07
8.79386e-06
1.94626e-05
3.03827e-05
4.0675e-05
4.94652e-05
5.60304e-05
5.98816e-05
6.06843e-05
5.82146e-05
5.23778e-05
4.32234e-05
3.10009e-05
1.61789e-05
-5.82057e-07
-1.84259e-05
-3.63331e-05
-5.32261e-05
-6.81129e-05
-8.01896e-05
-8.88442e-05
-9.36652e-05
-9.44678e-05
-9.12563e-05
-8.41595e-05
-7.34261e-05
-5.95034e-05
-4.30571e-05
-2.49051e-05
-5.99448e-06
1.26342e-05
2.9947e-05
4.5018e-05
5.71072e-05
6.56912e-05
7.04648e-05
7.13387e-05
6.84002e-05
6.18728e-05
5.21127e-05
3.96117e-05
2.5001e-05
9.0282e-06
-7.50531e-06
-2.3763e-05
-3.88896e-05
-5.20863e-05
-6.26738e-05
-7.01308e-05
-7.41053e-05
-7.44208e-05
-7.1101e-05
-6.43485e-05
-5.45092e-05
-4.20657e-05
-2.76051e-05
-1.17808e-05
4.71076e-06
2.11752e-05
3.69844e-05
5.15884e-05
6.44942e-05
7.52966e-05
8.3711e-05
8.95672e-05
9.28193e-05
9.35587e-05
9.20021e-05
8.84865e-05
8.34585e-05
7.74222e-05
7.08529e-05
6.4107e-05
5.74074e-05
5.08976e-05
4.46609e-05
3.87345e-05
3.31581e-05
2.80067e-05
2.33716e-05
1.92813e-05
1.56558e-05
1.23204e-05
9.02694e-06
5.52693e-06
1.6912e-06
-2.4011e-06
-6.43729e-06
-9.89847e-06
-1.21683e-05
-1.27381e-05
-1.13427e-05
-7.89716e-06
-2.4124e-06
4.97348e-06
1.39425e-05
2.40067e-05
3.45881e-05
4.50456e-05
5.46169e-05
6.24249e-05
6.75649e-05
6.92443e-05
6.69355e-05
6.04837e-05
5.01989e-05
3.69583e-05
2.2182e-05
7.43642e-06
-5.93781e-06
-1.66684e-05
-2.34817e-05
-2.53685e-05
-2.17483e-05
-1.25579e-05
1.79666e-06
2.05383e-05
4.24877e-05
4.24877e-05
6.61595e-05
9.00504e-05
0.000112897
0.000133658
0.000151288
0.000164742
0.00017307
0.000175274
0.000170232
0.000156995
0.000135213
0.000105196
6.77397e-05
2.41039e-05
-2.38999e-05
-7.39569e-05
-0.000123568
-0.000170218
-0.000211241
-0.000243944
-0.000266238
-0.00027699
-0.000275632
-0.000262051
-0.000236958
-0.000201808
-0.000158186
-0.000107537
-5.17358e-05
6.57055e-06
6.42464e-05
0.000117822
0.000163678
0.000198612
0.000220502
0.00022865
0.00022374
0.000207601
0.00018264
0.000151175
0.000115155
7.60869e-05
3.50425e-05
-7.02135e-06
-4.8707e-05
-8.78721e-05
-0.00012201
-0.000148772
-0.000166236
-0.000173264
-0.000169911
-0.000157431
-0.000137718
-0.000112713
-8.41572e-05
-5.3425e-05
-2.13905e-05
1.1388e-05
4.41418e-05
7.55599e-05
0.000103904
0.000127254
0.000143741
0.000151888
0.000150997
0.000141264
0.000123577
9.92383e-05
6.97298e-05
3.65319e-05
1.00733e-06
-3.55634e-05
-7.17955e-05
-0.000106063
-0.000136601
-0.000161747
-0.000180062
-0.000190432
-0.000192255
-0.000185517
-0.000170665
-0.000148474
-0.000120004
-8.66109e-05
-4.99398e-05
-1.1955e-05
2.51935e-05
5.94284e-05
8.88618e-05
0.000111926
0.000127595
0.00013546
0.000135554
0.000128118
0.000113607
9.2768e-05
6.66021e-05
3.63765e-05
3.69634e-06
-2.95466e-05
-6.14006e-05
-9.00708e-05
-0.000114074
-0.000132396
-0.000144507
-0.000150231
-0.00014966
-0.000143066
-0.000130811
-0.000113376
-9.14654e-05
-6.60551e-05
-3.83733e-05
-9.82474e-06
1.8133e-05
4.4123e-05
6.69537e-05
8.57064e-05
9.97436e-05
0.000108649
0.000112194
0.000110308
0.00010306
9.07007e-05
7.37211e-05
5.28751e-05
2.91473e-05
3.69023e-06
-2.2261e-05
-4.74826e-05
-7.08472e-05
-9.13695e-05
-0.000108222
-0.000120734
-0.00012839
-0.000130867
-0.000128053
-0.000120051
-0.000107203
-9.01045e-05
-6.9572e-05
-4.6569e-05
-2.21422e-05
2.6057e-06
2.65605e-05
4.86503e-05
6.7887e-05
8.34156e-05
9.45459e-05
0.000100782
0.000101866
9.78066e-05
8.88778e-05
7.55972e-05
5.86934e-05
3.90577e-05
1.76938e-05
-4.34356e-06
-2.60136e-05
-4.63119e-05
-6.43088e-05
-7.92105e-05
-9.03671e-05
-9.72912e-05
-9.97071e-05
-9.75525e-05
-9.09827e-05
-8.03856e-05
-6.63407e-05
-4.95598e-05
-3.08592e-05
-1.11374e-05
8.68483e-06
2.77185e-05
4.51302e-05
6.01655e-05
7.21917e-05
8.07331e-05
8.54736e-05
8.62653e-05
8.31435e-05
7.63195e-05
6.61593e-05
5.31665e-05
3.79635e-05
2.12681e-05
3.86474e-06
-1.3442e-05
-2.9868e-05
-4.46753e-05
-5.72165e-05
-6.69738e-05
-7.35675e-05
-7.67658e-05
-7.65036e-05
-7.28738e-05
-6.61015e-05
-5.65513e-05
-4.47153e-05
-3.11612e-05
-1.65163e-05
-1.46592e-06
1.32859e-05
2.7069e-05
3.92784e-05
4.93899e-05
5.69863e-05
6.17767e-05
6.36047e-05
6.2457e-05
5.84563e-05
5.18485e-05
4.29911e-05
3.23312e-05
2.03799e-05
7.70641e-06
-5.07747e-06
-1.73689e-05
-2.86107e-05
-3.83051e-05
-4.60301e-05
-5.14604e-05
-5.43916e-05
-5.47398e-05
-5.25375e-05
-4.79403e-05
-4.11999e-05
-3.26451e-05
-2.26945e-05
-1.18339e-05
-5.78351e-07
1.05483e-05
2.10409e-05
3.0432e-05
3.83097e-05
4.43499e-05
4.83169e-05
5.00614e-05
4.95491e-05
4.68531e-05
4.21308e-05
3.56298e-05
2.76799e-05
1.86708e-05
9.03752e-06
-7.59154e-07
-1.02694e-05
-1.90728e-05
-2.67738e-05
-3.30368e-05
-3.76125e-05
-4.03181e-05
-4.10563e-05
-3.98383e-05
-3.67518e-05
-3.19547e-05
-2.56991e-05
-1.83112e-05
-1.01467e-05
-1.58083e-06
6.985e-06
1.5154e-05
2.25726e-05
2.89217e-05
3.392e-05
3.73679e-05
3.91499e-05
3.92105e-05
3.75686e-05
3.43364e-05
2.97031e-05
2.39048e-05
1.72179e-05
9.965e-06
2.49508e-06
-4.84154e-06
-1.17125e-05
-1.78203e-05
-2.29009e-05
-2.67363e-05
-2.91754e-05
-3.01295e-05
-2.95725e-05
-2.75597e-05
-2.42213e-05
-1.97321e-05
-1.43114e-05
-8.22666e-06
-1.76854e-06
4.7686e-06
1.10869e-05
1.68982e-05
2.19483e-05
2.60223e-05
2.89469e-05
3.0607e-05
3.09525e-05
2.99948e-05
2.78048e-05
2.45068e-05
2.02734e-05
1.53194e-05
9.88124e-06
4.20489e-06
-1.44579e-06
-6.80662e-06
-1.16389e-05
-1.57307e-05
-1.89044e-05
-2.10309e-05
-2.2033e-05
-2.18868e-05
-2.06235e-05
-1.8325e-05
-1.51172e-05
-1.11616e-05
-6.64832e-06
-1.78992e-06
3.18678e-06
8.05101e-06
1.25806e-05
1.65731e-05
1.65731e-05
1.98552e-05
2.22895e-05
2.37806e-05
2.42794e-05
2.37868e-05
2.23527e-05
2.23527e-05
