1.47498e-08
1.88594e-08
-2.55778e-07
-1.15422e-06
-2.43185e-06
-3.43513e-06
-4.09558e-06
-4.7779e-06
-5.47545e-06
-6.05452e-06
-6.63954e-06
-7.29133e-06
-7.86515e-06
-8.21031e-06
-8.21815e-06
-7.83568e-06
-7.1415e-06
-6.29644e-06
-5.45552e-06
-4.75391e-06
-4.27702e-06
-4.03758e-06
-4.00033e-06
-4.12547e-06
-4.41729e-06
-4.93287e-06
-5.7435e-06
-6.91153e-06
-8.496e-06
-1.05204e-05
-1.29173e-05
-1.55517e-05
-1.82954e-05
-2.10458e-05
-2.37137e-05
-2.6242e-05
-2.86106e-05
-3.07954e-05
-3.27321e-05
-3.43271e-05
-3.54798e-05
-3.60922e-05
-3.60842e-05
-3.5415e-05
-3.40871e-05
-3.21299e-05
-2.9585e-05
-2.6497e-05
-2.28883e-05
-1.87552e-05
-1.41046e-05
-8.96498e-06
-3.36777e-06
2.63631e-06
8.9589e-06
1.55107e-05
2.22309e-05
2.90704e-05
3.5989e-05
4.29662e-05
4.99926e-05
5.70654e-05
6.41828e-05
7.13221e-05
7.84488e-05
8.55474e-05
9.26182e-05
9.96447e-05
0.000106575
0.000113326
0.000119778
0.000125772
0.000131115
0.000135614
0.000139098
0.000141408
0.000142393
0.000141922
0.000139861
0.000136059
0.000130374
0.000122695
0.000112947
0.000101113
8.72461e-05
7.14669e-05
5.39477e-05
3.48754e-05
1.44132e-05
-7.30514e-06
-3.01547e-05
-5.40055e-05
-7.87133e-05
-0.000104101
-0.000129947
-0.000155998
-0.000181989
-0.000207656
-0.000232751
-0.000257038
-0.000280284
-0.000302243
-0.000322633
-0.000341164
-0.000357584
-0.000371679
-0.000383269
-0.000392225
-0.000398435
-0.00040174
-0.000401935
-0.000398819
-0.000392217
-0.00038203
-0.000368314
-0.000351268
-0.000331163
-0.000308279
-0.000282895
-0.000255274
-0.000225656
-0.000194244
-0.000161191
-0.000126612
-9.05504e-05
-5.28788e-05
-1.32978e-05
2.85296e-05
7.28913e-05
0.000120048
0.000170201
0.000223405
0.000279542
0.000338315
0.000399197
0.000461357
0.000523612
0.000584424
0.000641974
0.00069432
0.000739523
0.000775698
0.000801093
0.00081425
0.000814069
0.000799639
0.000769963
0.000723819
0.000659803
0.000576463
0.000472774
0.000349064
0.000207649
5.25215e-05
-0.000111224
-0.000277647
-0.00044055
-0.000594558
-0.000735413
-0.000859179
-0.000961764
-0.00103933
-0.00108867
-0.00110743
-0.00109457
-0.00105099
-0.000979664
-0.000885041
-0.000772318
-0.000646703
-0.000512845
-0.000374446
-0.000234232
-9.42712e-05
4.36525e-05
0.000177804
0.000306551
0.000428702
0.000543726
0.000651432
0.000751352
0.000842525
0.000923751
0.000993723
0.00105101
0.00109455
0.00112458
0.00114332
0.0011545
0.00116235
0.00117107
0.00118478
0.00120714
0.00124094
0.00128873
0.00135352
0.00143858
0.00154679
0.00167983
0.00183686
0.00201246
0.00219487
0.00236523
0.00249764
0.0025621
0.00253232
0.00239283
0.00213917
0.00177582
0.00131648
0.000781544
0.000190728
-0.000439912
-0.0010928
-0.00174436
-0.00236643
-0.00292894
-0.00340175
-0.00375879
-0.00398385
-0.00407409
-0.0040389
-0.00389601
-0.00366675
-0.00337203
-0.00302965
-0.00265351
-0.0022551
-0.00184636
-0.00144252
-0.00106236
-0.000725521
-0.00044896
-0.000244184
-0.000115241
-5.8083e-05
-6.23055e-05
-0.000114369
-0.000200389
-0.000307493
-0.000423863
-0.000537938
-0.000637106
-0.000706648
-0.000730134
-0.000691454
-0.000577355
-0.000379524
-9.57674e-05
0.000270117
0.00070977
0.00121225
0.00176569
0.00235797
0.00297626
0.0036059
0.00422937
0.00482593
0.00537271
0.00584731
0.00623044
0.00650713
0.00666655
0.00670113
0.00660535
0.00637552
0.00600859
0.0054977
0.00482609
0.00396516
0.00288627
0.0015868
0.000104619
-0.00149427
-0.00313115
-0.00471818
-0.00617082
-0.00742987
-0.00846283
-0.00924202
-0.00973199
-0.00989527
-0.00969858
-0.00911768
-0.00814999
-0.00682812
-0.00522064
-0.0034197
-0.00152496
0.000370262
0.00218856
0.00387173
0.00537723
0.00667024
0.00771697
0.00848285
0.00893431
0.00904038
0.00877219
0.00810319
0.00702233
0.00556181
0.00380825
0.00187862
-0.000106314
-0.00202936
-0.00378923
-0.00532195
-0.00659798
-0.00759258
-0.00826751
-0.00857655
-0.00847635
-0.00793901
-0.00697264
-0.00563788
-0.00404513
-0.00233265
-0.000635567
0.000940867
0.00232738
0.00347762
0.00347762
0.00435479
0.00492366
0.00514242
0.00496239
0.00434683
0.00329768
0.00186884
0.000161892
-0.00168696
-0.00352604
-0.00521262
-0.00663319
-0.00771038
-0.00839825
-0.00867372
-0.00852942
-0.00796978
-0.00701233
-0.00569414
-0.00407959
-0.00226336
-0.000364277
0.00148944
0.00317792
0.00460423
0.00570282
0.00644097
0.00681416
0.00683663
0.00653145
0.00592631
0.0050558
0.00396453
0.00270793
0.00135288
-2.23783e-05
-0.00133452
-0.00250645
-0.0034761
-0.0042001
-0.00465456
-0.00483329
-0.0047431
-0.00439863
-0.00382017
-0.00303575
-0.00208573
-0.00102614
7.19779e-05
0.00112827
0.00206535
0.00282351
0.00336704
0.00367995
0.00376124
0.00362274
0.00328352
0.00276359
0.00208587
0.00128372
0.000403539
-0.000499236
-0.00136536
-0.00213751
-0.00276802
-0.00322526
-0.00349555
-0.00358282
-0.00350885
-0.00330941
-0.00302306
-0.00268083
-0.00230354
-0.00190292
-0.00148449
-0.00105553
-0.000632431
-0.000237318
0.00011111
0.000403295
0.000641785
0.000843078
0.00103429
0.00124243
0.00147801
0.00171697
0.00189543
0.00193386
0.00177532
0.00140345
0.000840592
0.000145003
-0.000602824
-0.00133314
-0.00200834
-0.00261184
-0.0031283
-0.00353527
-0.00380022
-0.00388313
-0.00375123
-0.00339708
-0.00284652
-0.002152
-0.00137548
-0.000572858
0.000210731
0.000940943
0.00159697
0.00216957
0.00265077
0.00302679
0.00328257
0.00341023
0.00341211
0.00329996
0.00309493
0.00282429
0.00251331
0.00217897
0.00183116
0.00147769
0.00112876
0.000798814
0.000504907
0.000262717
8.32695e-05
-2.93617e-05
-7.92622e-05
-7.65858e-05
-3.18729e-05
4.92827e-05
0.000167626
0.000328346
0.000537766
0.000798787
0.00110595
0.00144289
0.0017836
0.00209586
0.00234651
0.00250817
0.0025636
0.00250478
0.00233106
0.00204981
0.00167564
0.00122651
0.000721954
0.000186303
-0.000348524
-0.000844897
-0.0012632
-0.00156521
-0.00171815
-0.00169909
-0.00149794
-0.00111725
-0.000569798
0.000123815
0.000935433
0.00182768
0.00275169
0.00364582
0.00444089
0.00507507
0.00550602
0.00571002
0.00567836
0.00541866
0.00494981
0.00428931
0.00344979
0.00244932
0.00131972
0.000106715
-0.00113067
-0.00232285
-0.00340091
-0.0043105
-0.0050176
-0.00550598
-0.00577233
-0.00582071
-0.00565581
-0.00527888
-0.0046906
-0.00389865
-0.00292423
-0.00180468
-0.000591838
0.000653887
0.00187251
0.0030131
0.00403878
0.00492686
0.00566511
0.00624634
0.00666398
0.0069103
0.00697849
0.00686775
0.00658777
0.00615926
0.005611
0.0049738
0.00427071
0.00350855
0.00267979
0.00177516
0.000798418
-0.000222467
-0.00123328
-0.00216761
-0.00296896
-0.00360256
-0.00405617
-0.00434045
-0.00448379
-0.00451521
-0.00444963
-0.00429149
-0.00404883
-0.00374125
-0.00339992
-0.00306615
-0.00278755
-0.00260605
-0.00254182
-0.00258554
-0.00270398
-0.00285252
-0.00298645
-0.00306943
-0.00308076
-0.00301683
-0.00288324
-0.00268431
-0.00241764
-0.0020738
-0.00163905
-0.00110085
-0.000454809
0.000290337
0.00111099
0.0019695
0.00281626
0.00359389
0.00424933
0.0047531
0.00510557
0.00532129
0.00541373
0.00539394
0.00526728
0.00502583
0.00465544
0.0041562
0.00355264
0.00288735
0.00221152
0.00157643
0.00102265
0.000571592
0.000226242
-2.3876e-05
-0.000202036
-0.000342988
-0.000482713
-0.000646643
-0.000846532
-0.00108187
-0.00134337
-0.00162662
-0.0019487
-0.00234581
-0.00285357
-0.00349072
-0.00425269
-0.00511003
-0.00601266
-0.00690245
-0.00773006
-0.00846371
-0.00908175
-0.00955903
-0.00986184
-0.00994985
-0.00977577
-0.00928903
-0.00845124
-0.00725319
-0.00571962
-0.00390401
-0.00188298
0.000249707
0.00239399
0.00445401
0.00634116
0.00797153
0.0092642
0.0101422
0.0105378
0.0104044
0.00972835
0.00853387
0.00688069
0.00485962
0.0025828
0.000169571
-0.00226322
-0.00460271
-0.00673965
-0.00856996
-0.00999704
-0.0109357
-0.0113193
-0.0111099
-0.0103085
-0.00896421
-0.00717082
-0.00504479
-0.00504479
-0.00270076
-0.000243962
0.00222902
0.00463265
0.00688891
0.00891531
0.0106227
0.0119294
0.0127767
0.0131353
0.013009
0.0124345
0.0114722
0.0101917
0.00866085
0.00694077
0.00508672
0.00315112
0.00118915
-0.000737244
-0.00256107
-0.00421736
-0.00565048
-0.00681858
-0.00769678
-0.00827873
-0.00857246
-0.0085922
-0.00835374
-0.00787568
-0.00718046
-0.00629385
-0.0052473
-0.00408179
-0.00284727
-0.00159752
-0.000384987
0.000743223
0.00174894
0.00260472
0.0032918
0.00379526
0.00410058
0.00419403
0.00406505
0.00370913
0.0031331
0.00236189
0.00143922
0.000420097
-0.000636125
-0.00166868
-0.0026202
-0.00344362
-0.00410292
-0.00456797
-0.00481399
-0.00482715
-0.00460811
-0.004171
-0.00354312
-0.00276645
-0.00189491
-0.000986289
-9.55798e-05
0.000726889
0.00143681
0.00199945
0.00239157
0.00260006
0.00262116
0.00246158
0.00213886
0.00167997
0.00112027
0.000502983
-0.000122242
-0.000702725
-0.00118647
-0.00152509
-0.0016771
-0.00161263
-0.001318
-0.000797043
-6.95655e-05
0.000830838
0.00185828
0.0029573
0.00406809
0.00513233
0.00609584
0.0069085
0.0075259
0.00791276
0.0080429
0.0078964
0.0074604
0.00673392
0.0057299
0.00447386
0.0030049
0.00137735
-0.000343665
-0.00209026
-0.00379537
-0.00539242
-0.00681684
-0.00800906
-0.00891524
-0.00948804
-0.00969161
-0.00950983
-0.00895094
-0.00804585
-0.00684371
-0.00540832
-0.0038131
-0.00213335
-0.000440822
0.0011963
0.00271193
0.00404341
0.0051344
0.00593674
0.00641267
0.00653891
0.00631099
0.00574443
0.00487247
0.00374312
0.00241597
0.000958344
-0.000558726
-0.00206243
-0.00347863
-0.00473335
-0.00575659
-0.00648712
-0.00687758
-0.00689884
-0.0065433
-0.00582585
-0.00478117
-0.00345801
-0.00191414
-0.000214025
0.00157273
0.00337317
0.0051113
0.00670822
0.00808572
0.00917345
0.00991454
0.0102684
0.0102135
0.00974858
0.00889158
0.00767537
0.006144
0.00435012
0.0023537
0.000222977
-0.00196338
-0.00411728
-0.00614619
-0.00795956
-0.00947564
-0.0106286
-0.0113729
-0.0116829
-0.0115506
-0.0109823
-0.00999691
-0.00862455
-0.00690802
-0.00490474
-0.00268713
-0.000340161
0.00204346
0.00436929
0.00654779
0.00850028
0.0101628
0.0114875
0.0124419
0.0130066
0.0131719
0.0129361
0.0123053
0.0112943
0.00992937
0.0082548
0.00633601
0.00425397
0.00209715
-4.30098e-05
-0.00207823
-0.00393238
-0.00554491
-0.00686632
-0.00785552
-0.00848373
-0.00873812
-0.00862199
-0.00815592
-0.00738117
-0.00635937
-0.00516483
-0.00387467
-0.00256243
-0.00129486
-0.000128918
0.000890267
0.00172831
0.00235884
0.00276255
0.0029292
0.00286033
0.00257012
0.00208419
0.0014374
0.000670639
-0.000173344
-0.00105317
-0.00193003
-0.00276715
-0.00352788
-0.0041736
-0.00466491
-0.00496642
-0.00505124
-0.0049038
-0.00452238
-0.00391973
-0.00311927
-0.0021496
-0.00104184
0.000170394
0.00145068
0.00275866
0.00404876
0.00527108
0.00637514
0.00731458
0.00805142
0.00855861
0.00882049
0.00883132
0.00859275
0.0081116
0.00739953
0.00647541
0.00536784
0.00411571
0.00276733
0.00137892
1.00435e-05
-0.00128387
-0.00245737
-0.00347634
-0.00431787
-0.00497059
-0.00543225
-0.00570459
-0.00579153
-0.005703
-0.00545781
-0.00508213
-0.00460732
-0.00406878
-0.0035029
-0.00294176
-0.00240949
-0.00192222
-0.0014897
-0.0011173
-0.000808166
-0.000564745
-0.000388641
-0.000279012
-0.000230789
-0.000234052
-0.000274885
-0.000337194
-0.000405157
-0.000465861
-0.000510509
-0.00053316
-0.000528717
-0.000492035
-0.000417406
-0.000298335
-0.00013021
8.43885e-05
0.000333465
0.000599079
0.00086164
0.00110186
0.00130244
0.00144937
0.00153056
0.00153365
0.00144635
0.00125918
0.000967894
0.000574921
9.02578e-05
-0.000468366
-0.00107678
-0.00170732
-0.00233201
-0.00292481
-0.0034624
-0.003924
-0.00429118
-0.00454777
-0.00467962
-0.00467433
-0.00452168
-0.00421522
-0.00375483
-0.00315017
-0.00315017
-0.00242371
-0.00161034
-0.000752019
0.000108519
0.000931186
0.00168143
0.00233394
0.00287307
0.003288
0.0035685
0.00370614
0.00369783
0.00354774
0.00326869
0.00288396
0.00242636
0.00193289
0.00143814
0.000970406
0.000550364
0.00019128
-9.91873e-05
-0.000315802
-0.000453349
-0.000506742
-0.000472923
-0.00035314
-0.000154774
0.000108138
0.000416424
0.000748636
0.00108373
0.00140318
0.00169273
0.00194278
0.00214718
0.0023015
0.00240176
0.00244406
0.00242521
0.00234379
0.00220099
0.00200136
0.00175356
0.00146954
0.00116228
0.000843823
0.000524848
0.000214647
-7.859e-05
-0.000347107
-0.000583035
-0.000778691
-0.000927673
-0.00102598
-0.00107233
-0.00106785
-0.00101587
-0.000921302
-0.000789524
-0.000626184
-0.000439542
-0.000244522
-6.51965e-05
6.66288e-05
0.000116816
5.79137e-05
-0.000121781
-0.000416969
-0.000812099
-0.00128629
-0.00181413
-0.00236929
-0.00292964
-0.00347477
-0.00397792
-0.00440411
-0.00471581
-0.00487884
-0.00486686
-0.00466671
-0.00428211
-0.0037319
-0.00304407
-0.00224954
-0.00137808
-0.000456395
0.00049124
0.00144001
0.00236043
0.00321635
0.0039675
0.00457513
0.00500777
0.00524573
0.00528429
0.00513409
0.00481708
0.00436024
0.00379085
0.0031348
0.00241627
0.00165924
0.000891631
0.000148753
-0.000528553
-0.00109968
-0.00152965
-0.0017936
-0.00188079
-0.00179455
-0.00154707
-0.00115355
-0.000629708
7.72902e-06
0.000736266
0.00151816
0.0022921
0.00297383
0.00346898
0.00369768
0.00361954
0.00323798
0.0025841
0.00170357
0.000650381
-0.000526904
-0.00179765
-0.00313948
-0.00451521
-0.00586313
-0.00710371
-0.00814948
-0.00891885
-0.0093565
-0.00944733
-0.00921273
-0.00869455
-0.00793771
-0.00697662
-0.00582961
-0.00450415
-0.00300976
-0.0013711
0.000364878
0.00213051
0.00384799
0.0054449
0.0068647
0.00806601
0.00901584
0.00968725
0.0100613
0.0101259
0.00987501
0.00931438
0.00846708
0.00737106
0.00607429
0.00463409
0.00311571
0.00158615
0.000108637
-0.0012591
-0.00246669
-0.00347507
-0.00425898
-0.00480582
-0.00511355
-0.0051894
-0.00504832
-0.00471063
-0.00420041
-0.00354522
-0.00277689
-0.00193306
-0.00105594
-0.000187477
0.000634446
0.00137766
0.00201823
0.00254267
0.00294589
0.00322534
0.00337357
0.00337051
0.00318458
0.00279043
0.00218847
0.00140601
0.00048868
-0.000503452
-0.00150446
-0.00245986
-0.00333469
-0.00410416
-0.0047421
-0.00521675
-0.00548988
-0.00552037
-0.00527705
-0.00475557
-0.00398904
-0.00304754
-0.00202481
-0.00101352
-8.36033e-05
0.000723317
0.00138959
0.00191512
0.00230455
0.00255139
0.0026361
0.00254055
0.00226255
0.00182202
0.00126331
0.000651808
6.01439e-05
-0.000449937
-0.000838574
-0.00108834
-0.0011983
-0.00117508
-0.0010238
-0.00074348
-0.000330095
0.000214701
0.000874781
0.00161578
0.00238676
0.00312644
0.00377425
0.00428265
0.00462321
0.00478358
0.00476083
0.00455691
0.00417679
0.00362909
0.00293048
0.00211007
0.00121007
0.000283269
-0.000611105
-0.0014142
-0.00207663
-0.00256637
-0.00287061
-0.00299139
-0.00293969
-0.00273111
-0.00238167
-0.00190601
-0.00132211
-0.000658469
4.45285e-05
0.000738661
0.00137281
0.00189958
0.00228374
0.00250718
0.0025674
0.00247271
0.00223692
0.00187434
0.00139726
0.000818633
0.000157553
-0.000556557
-0.00128321
-0.00197394
-0.00257845
-0.00305163
-0.00335945
-0.00348228
-0.00341469
-0.00316313
-0.00274359
-0.00217971
-0.00150226
-0.00075028
2.89946e-05
0.00078436
0.00146533
0.0020243
0.00242128
0.00263206
0.00265071
0.00248229
0.00213546
0.00162232
0.000960061
0.000170493
-0.000716587
-0.00165671
-0.00259142
-0.00345822
-0.00419933
-0.0047655
-0.0051201
-0.00524301
-0.0051278
-0.00477397
-0.00418366
-0.00336468
-0.00233444
-0.00112267
0.000225077
0.00164568
0.00306278
0.00439619
0.00557226
0.00653266
0.00723827
0.00766705
0.00781004
0.00766838
0.00725098
0.00657384
0.00566229
0.00455431
0.00455431
0.00330079
0.00196218
0.000603091
-0.000713197
-0.00192974
-0.00300013
-0.00389023
-0.00457643
-0.00504195
-0.00527439
-0.00526604
-0.00501587
-0.00453149
-0.00383079
-0.00294329
-0.00191
-0.00078006
0.000394051
0.0015595
0.00266394
0.00365748
0.0044959
0.00514226
0.00556603
0.00574338
0.00565933
0.00530939
0.00470145
0.00385902
0.00282221
0.00164505
0.00039117
-0.000871715
-0.00207873
-0.00317257
-0.00410351
-0.00482888
-0.00531448
-0.00553627
-0.00548226
-0.00515562
-0.00457749
-0.00378739
-0.00284066
-0.00180281
-0.000741568
0.000279466
0.00120374
0.00198462
0.00258886
0.00299642
0.00319619
0.00318401
0.00296562
0.00255916
0.00199397
0.00130889
0.000550765
-0.000229138
-0.00098109
-0.00166312
-0.00224574
-0.00271326
-0.0030603
-0.00328641
-0.00339324
-0.00338418
-0.00326414
-0.00304054
-0.002726
-0.00233988
-0.00190661
-0.00145166
-0.000997683
-0.00056229
-0.000157823
0.000208029
0.000531041
0.000807951
0.00103403
0.00120316
0.00130961
0.00134931
0.00132034
0.00122338
0.00106157
0.000840156
0.000566679
0.000250357
-0.0001003
-0.000478893
-0.000879694
-0.00129493
-0.00171265
-0.00211626
-0.00248608
-0.00280149
-0.00304315
-0.00319608
-0.00325263
-0.00321227
-0.00307874
-0.00285821
-0.00255928
-0.00219281
-0.00177137
-0.00131018
-0.000828046
-0.000346631
0.000112148
0.000528442
0.000885928
0.00117306
0.00138402
0.0015182
0.00157837
0.00156898
0.00149562
0.00136521
0.00118644
0.000970259
0.000730284
0.000482479
0.000243822
3.0387e-05
-0.000144377
-0.000270592
-0.000342146
-0.00035616
-0.000311856
-0.000209662
-5.12069e-05
0.000160518
0.000421507
0.000727037
0.00107129
0.00144702
0.00184627
0.00226137
0.00268473
0.00310659
0.0035115
0.00387636
0.00417179
0.00436524
0.00442451
0.00432386
0.00405072
0.00360587
0.00299822
0.00224364
0.00136857
0.000409292
-0.000593974
-0.00159998
-0.00256469
-0.00344263
-0.00419356
-0.00478675
-0.00519988
-0.00541796
-0.00543527
-0.00525586
-0.00489083
-0.00435645
-0.00367585
-0.00287915
-0.00199972
-0.0010712
-0.0001282
0.000792764
0.0016547
0.00242193
0.00306115
0.00354254
0.00384212
0.00394464
0.0038453
0.00354946
0.00307155
0.00243413
0.00166663
0.000803228
-0.000119066
-0.00106141
-0.00198398
-0.00284705
-0.00361155
-0.00423904
-0.00469359
-0.00494576
-0.00497605
-0.00477705
-0.00435563
-0.00373351
-0.00294318
-0.00202159
-0.00100713
5.94349e-05
0.00113345
0.00216554
0.00310274
0.00389306
0.00449203
0.00486855
0.00500929
0.00491927
0.0046173
0.00412932
0.00348427
0.00271202
0.00184197
0.000904432
-6.54665e-05
-0.00102612
-0.00193282
-0.00274208
-0.00341397
-0.00391476
-0.00422134
-0.00432397
-0.00422457
-0.00393353
-0.00346796
-0.00284988
-0.00210341
-0.00125449
-0.000334268
0.000618072
0.00155614
0.00242967
0.00318979
0.00379555
0.00421864
0.00444466
0.00447166
0.00430691
0.00396373
0.00345998
0.00281815
0.0020663
0.00123933
0.000378944
-0.000469131
-0.00125919
-0.00194962
-0.00250716
-0.00291054
-0.00315112
-0.00322998
-0.00315451
-0.00293662
-0.00259125
-0.0021343
-0.00158246
-0.000956031
-0.00028082
0.000413966
0.00109946
0.0017492
0.00234013
0.00285348
0.0032753
0.00359568
0.00380694
0.00390232
0.00387683
0.00372946
0.00346455
0.00309184
0.00262626
0.00208682
0.00149454
0.000871579
0.000241734
-0.00037007
-0.00093912
-0.00144133
-0.00185393
-0.00215786
-0.0023398
-0.00239199
-0.00231193
-0.00210313
-0.00177536
-0.00134348
-0.000826153
-0.000245044
0.000375883
0.00101135
0.00163556
0.00222257
0.00274737
0.00318763
0.00352406
0.00373853
0.00381304
0.00373293
0.00349152
0.00309121
0.00254233
0.00186346
0.00108092
0.000225123
-0.000672884
-0.00158139
-0.00246672
-0.00329307
-0.00402345
-0.00462159
-0.00505528
-0.00529996
-0.00534184
-0.0051792
-0.0048208
-0.00428209
-0.00358219
-0.00274383
-0.00179612
-0.000778568
0.000256988
0.00125126
0.00125126
0.00214725
0.00289778
0.00346946
0.00384634
0.00402971
0.00403066
0.00386244
0.00354011
0.00308233
0.00250902
0.00183923
0.00109436
0.000301574
-0.000508671
-0.00130695
-0.00206347
-0.00274474
-0.00331698
-0.00375352
-0.00403645
-0.00415272
-0.00409348
-0.00385703
-0.00344946
-0.00288319
-0.00217778
-0.00136352
-0.000482468
0.000415669
0.00127981
0.00206182
0.00271966
0.00322148
0.0035487
0.00369462
0.00366085
0.00345599
0.00309604
0.00260342
0.00200506
0.0013315
0.000616434
-0.000104296
-0.000794202
-0.00141779
-0.00194245
-0.00234056
-0.00259146
-0.00268211
-0.00260591
-0.00236097
-0.00194963
-0.00138095
-0.000676105
0.000128083
0.000981542
0.00182557
0.00259654
0.0032327
0.00368417
0.00391763
0.00391339
0.00366409
0.00317761
0.00247612
0.00158977
0.000554904
-0.000581212
-0.00175891
-0.00291209
-0.00397454
-0.00488397
-0.00558724
-0.00604632
-0.00624127
-0.00616899
-0.0058394
-0.00527134
-0.0044894
-0.00352276
-0.00240687
-0.00118808
7.22325e-05
0.00130051
0.00242124
0.00336707
0.00408488
0.00454002
0.00471762
0.00461765
0.00424872
0.00362687
0.00277812
0.00174068
0.000566153
-0.000680624
-0.00192421
-0.00308393
-0.00408222
-0.00485374
-0.00535154
-0.00554872
-0.00543585
-0.00501616
-0.0043022
-0.00331595
-0.00209076
-0.000673772
0.000872387
0.00247049
0.00403285
0.00546784
0.00668873
0.00762394
0.00822335
0.00845734
0.00831408
0.0077997
0.00693811
0.00576844
0.00434332
0.00272972
0.00100873
-0.00072864
-0.00238841
-0.00388116
-0.00512915
-0.00607235
-0.00667343
-0.00692002
-0.00682137
-0.00640064
-0.00568988
-0.00473037
-0.00357241
-0.00227205
-0.000889342
0.00051063
0.00185954
0.00309224
0.00415262
0.00499547
0.00558716
0.00590719
0.00594869
0.00571603
0.00522198
0.00448701
0.00353965
0.00241626
0.00116059
-0.000176575
-0.00153821
-0.00286252
-0.00408548
-0.00514542
-0.00598897
-0.00657538
-0.00687803
-0.00688492
-0.00659818
-0.00603219
-0.00521103
-0.0041675
-0.00294384
-0.00159227
-0.00017334
0.00124745
0.00260408
0.0038348
0.00488683
0.00571911
0.00630096
0.00660867
0.00662458
0.00633919
0.00575345
0.004882
0.00375843
0.00243778
0.000990754
-0.000506037
-0.00197613
-0.00334658
-0.00455242
-0.00553965
-0.0062635
-0.00668609
-0.00677997
-0.00653553
-0.00596529
-0.00510295
-0.0040008
-0.00272708
-0.00135968
2.39847e-05
0.00135575
0.00257988
0.00365204
0.00453757
0.00521061
0.00565351
0.00585642
0.00581861
0.0055513
0.00507914
0.00443692
0.00366317
0.00279559
0.00187004
0.000920014
-2.51684e-05
-0.000939806
-0.00179795
-0.0025711
-0.00323029
-0.00374988
-0.00411035
-0.00429939
-0.00431248
-0.00415317
-0.00383248
-0.00336664
-0.00277437
-0.00207619
-0.00129572
-0.000461585
0.000390992
0.00122041
0.00198188
0.00263188
0.00313205
0.00345307
0.00357836
0.00350472
0.00323978
0.00279985
0.00220963
0.00150082
0.000708981
-0.000127239
-0.000964496
-0.00175579
-0.00245613
-0.00302829
-0.00344532
-0.0036909
-0.0037591
-0.0036529
-0.00338096
-0.00295487
-0.00238968
-0.00170574
-0.000928692
-8.81253e-05
0.000782459
0.00164588
0.00246368
0.00319982
0.0038229
0.00430664
0.00463032
0.00478058
0.00475319
0.00455293
0.00419252
0.00369264
0.00308212
0.00239541
0.0016677
0.000931357
0.000214772
-0.000458959
-0.00107376
-0.00161907
-0.00208575
-0.00246533
-0.00275358
-0.00295111
-0.00305944
-0.00307888
-0.00301056
-0.00285782
-0.00262433
-0.00231328
-0.00192977
-0.00148305
-0.000986294
-0.000456017
8.75929e-05
0.000619976
0.00111268
0.00153592
0.00186279
0.00207232
0.00215022
0.00209018
0.00189616
0.00158227
0.00116881
0.000678936
0.000138762
-0.000422127
-0.000972223
-0.00148004
-0.00191549
-0.00225209
-0.00247003
-0.00255901
-0.00251946
-0.00236129
-0.0021005
-0.00175641
-0.00135093
-0.000907821
-0.000451487
-6.11001e-06
0.000405408
0.000763574
0.00105416
0.00126904
0.00140658
0.00140658
0.00147072
0.00146863
0.00140936
0.00130431
0.00116706
0.0010118
0.000852451
0.000702895
0.000575913
0.000480911
0.000422035
0.000397405
0.000399511
0.00041696
0.000435995
0.000440497
0.000412566
0.00033567
0.000199448
3.34151e-06
-0.000244097
-0.000528952
-0.000833961
-0.00113888
-0.00142313
-0.00166918
-0.00186131
-0.00198208
-0.00201286
-0.00193849
-0.00175118
-0.00145316
-0.00105869
-0.000592994
-8.71386e-05
0.000428561
0.000929534
0.00139825
0.0018217
0.00218794
0.00248408
0.00269574
0.00280804
0.00280953
0.00269691
0.0024768
0.0021643
0.00178017
0.00134706
0.000885297
0.000410594
-6.51972e-05
-0.000531606
-0.000977472
-0.00138975
-0.00175325
-0.00205211
-0.00227274
-0.00240602
-0.00244742
-0.00239662
-0.00225772
-0.00203822
-0.00174616
-0.00138876
-0.000974914
-0.000518523
-3.98333e-05
0.000435735
0.000879893
0.00126433
0.00156436
0.00176253
0.00184967
0.00182342
0.00168653
0.00144679
0.00111706
0.000714375
0.0002587
-0.000227355
-0.000718437
-0.001188
-0.00161124
-0.0019669
-0.00223764
-0.00241038
-0.00247738
-0.0024368
-0.0022927
-0.00205498
-0.0017385
-0.00136105
-0.000941246
-0.000497244
-4.54381e-05
0.000400385
0.000828175
0.00122639
0.00158478
0.00189626
0.00215747
0.00236837
0.00253128
0.00264971
0.00272707
0.00276507
0.00276231
0.0027151
0.00262009
0.00247562
0.00228063
0.0020346
0.00173911
0.00139845
0.00101937
0.000610712
0.000183116
-0.000250948
-0.000676565
-0.00107654
-0.00143306
-0.00172957
-0.00195144
-0.00208669
-0.00212722
-0.00206955
-0.00191469
-0.00166773
-0.00133764
-0.000937799
-0.000486924
-8.99645e-06
0.000468764
0.000918552
0.00131363
0.00162967
0.00184652
0.00194941
0.00192899
0.001781
0.00150652
0.00111304
0.000616009
3.93223e-05
-0.00058664
-0.00122808
-0.00185012
-0.00241879
-0.00290355
-0.00327905
-0.00352563
-0.00362913
-0.00358127
-0.00338117
-0.00303736
-0.00256863
-0.00200224
-0.00137121
-0.000712108
-6.24833e-05
0.000542854
0.00107494
0.00151135
0.00183522
0.00203481
0.00210384
0.00204166
0.00185267
0.00154594
0.00113591
0.000642613
9.01365e-05
-0.000495475
-0.00108728
-0.00165834
-0.00218354
-0.00264138
-0.00301382
-0.00328542
-0.00344373
-0.00348059
-0.00339273
-0.00318193
-0.00285557
-0.0024274
-0.0019168
-0.00134695
-0.000742906
-0.000129873
0.000469319
0.00103731
0.00156343
0.00204104
0.00246366
0.00282417
0.00311578
0.00333156
0.00346453
0.00351073
0.00347179
0.00335377
0.00316423
0.00291015
0.0025961
0.00222398
0.0017955
0.00131564
0.000795134
0.000251513
-0.000292003
-0.000810059
-0.00127913
-0.00167969
-0.00199688
-0.00222029
-0.00234315
-0.0023614
-0.00227325
-0.0020793
-0.00178406
-0.00139793
-0.000937591
-0.000424579
0.000116381
0.000658852
0.00117646
0.00164448
0.00204068
0.00234621
0.00254656
0.0026318
0.00259689
0.00244314
0.00217949
0.0018216
0.00138945
0.000905994
0.000396538
-0.000113003
-0.000598473
-0.00103881
-0.00141626
-0.00171686
-0.00193145
-0.00205619
-0.00209164
-0.00204091
-0.00190886
-0.0017024
-0.00143006
-0.00110093
-0.000725375
-0.000317339
0.000105085
0.0005217
0.000911559
0.00125284
0.00152451
0.00171003
0.00179904
0.00178625
0.00167138
0.00146131
0.00116971
0.000813673
0.000411512
-1.59277e-05
-0.000445018
-0.000852042
-0.00121523
-0.00151479
-0.0017338
-0.00186086
-0.00189155
-0.00182769
-0.00167583
-0.00144617
-0.00115132
-0.000804903
-0.000420782
-1.3286e-05
0.000402231
0.000809263
0.00119075
0.00153019
0.00181286
0.00202718
0.0021658
0.00222605
0.00220955
0.00212141
0.00196937
0.00176322
0.00151433
0.00123559
0.000941385
0.000647353
0.000369388
0.000121834
-8.45009e-05
-0.00024328
-0.000352247
-0.000412558
-0.000428275
-0.000405576
-0.000351796
-0.000274908
-0.000183507
-8.65326e-05
7.9878e-06
9.46931e-05
0.000171345
0.000237108
0.000290509
0.000328841
0.000347672
0.000339597
0.000294969
0.000205891
6.94324e-05
-0.000112878
-0.000112878
-0.000336057
-0.000590937
-0.000864817
-0.00114466
-0.00141836
-0.00167217
-0.00188854
-0.00204709
-0.00212697
-0.00210986
-0.00198371
-0.00174596
-0.00140584
-0.000984992
-0.00051397
-2.46307e-05
0.000455543
0.000903593
0.00129991
0.00162853
0.00187566
0.00202652
0.0020655
0.00198078
0.00176847
0.00143436
0.000994902
0.000477583
-8.23695e-05
-0.000648134
-0.00118598
-0.00166708
-0.00206878
-0.00237537
-0.00257568
-0.00265942
-0.00261718
-0.00244382
-0.00214096
-0.00171788
-0.00119281
-0.00059323
4.7464e-05
0.000695425
0.00132025
0.0018962
0.00240184
0.00281888
0.00313004
0.00331727
0.0033627
0.00325307
0.00298415
0.00256204
0.00200352
0.00133622
0.000595586
-0.000181254
-0.000959824
-0.00170834
-0.00239702
-0.0029987
-0.00348892
-0.00384494
-0.00404671
-0.00408027
-0.00394073
-0.00363272
-0.00316969
-0.00257291
-0.00186924
-0.00108732
-0.000255326
0.000598167
0.00144219
0.00224301
0.00296545
0.00357467
0.00403834
0.00432975
0.00443137
0.00433675
0.00405005
0.00358399
0.00295837
0.00219919
0.00133737
0.000407661
-0.000551315
-0.00149685
-0.00238334
-0.00316486
-0.00379859
-0.00424916
-0.00449194
-0.00451332
-0.00430983
-0.0038878
-0.00326311
-0.00246099
-0.00151634
-0.00047357
0.000614644
0.0016897
0.00269188
0.00356689
0.00427004
0.00476661
0.00503228
0.0050546
0.00483255
0.00437461
0.00369897
0.00283504
0.00182311
0.000711676
-0.000445616
-0.0015935
-0.00267904
-0.00365496
-0.0044817
-0.0051284
-0.00557311
-0.00580222
-0.00580988
-0.00559807
-0.00517732
-0.00456725
-0.00379679
-0.00290363
-0.00193208
-0.000929235
5.90239e-05
0.000990972
0.00183114
0.00255087
0.00312752
0.00354377
0.00378776
0.00385321
0.00373985
0.00345456
0.00301263
0.00243739
0.00175823
0.00100812
0.000221645
-0.000566395
-0.00132195
-0.00201232
-0.00260614
-0.00307312
-0.00338551
-0.00352132
-0.00346692
-0.00321741
-0.00277738
-0.00216238
-0.00139883
-0.000520931
0.000432632
0.00142033
0.00239882
0.00332449
0.00415533
0.00485252
0.00538212
0.00571665
0.00583716
0.0057346
0.00541024
0.00487524
0.00414972
0.00326118
0.00224275
0.00113265
-2.62886e-05
-0.00118809
-0.00230612
-0.00333538
-0.00423407
-0.00496512
-0.00549835
-0.00581272
-0.00589735
-0.00575106
-0.00538176
-0.00480597
-0.0040477
-0.0031372
-0.00211008
-0.00100609
0.00013257
0.00126261
0.00234102
0.003327
0.00418407
0.0048815
0.00539435
0.00570283
0.00579301
0.00565943
0.00530678
0.00474897
0.00400794
0.0031137
0.00210321
0.00101737
-0.000101511
-0.00121093
-0.00226873
-0.00323322
-0.00406316
-0.0047195
-0.00516894
-0.00538729
-0.00536119
-0.00508898
-0.004581
-0.00385857
-0.00295141
-0.00189474
-0.000728344
0.000502667
0.00174752
0.00295151
0.00405874
0.0050151
0.00577176
0.00628913
0.0065401
0.00651172
0.00620475
0.00563154
0.00481419
0.00378365
0.00257893
0.00124601
-0.000162922
-0.00159097
-0.00297931
-0.00427071
-0.00541287
-0.00636098
-0.00707892
-0.00753978
-0.00772601
-0.00762934
-0.00725092
-0.00660265
-0.00570748
-0.00459754
-0.00331281
-0.00190092
-0.000416129
0.00108376
0.00254072
0.00389903
0.00510652
0.00611518
0.00688246
0.00737452
0.00756967
0.00745984
0.00705123
0.00636518
0.00543732
0.0043138
0.00304698
0.00169249
0.000307053
-0.0010539
-0.00233786
-0.00349529
-0.00447981
-0.00525067
-0.00577563
-0.00603263
-0.0060113
-0.00571549
-0.00516361
-0.00438493
-0.00341552
-0.00229659
-0.00107329
0.000206856
0.00149475
0.00273982
0.00389083
0.00489785
0.00571483
0.0063029
0.00663386
0.00669259
0.00647752
0.00599988
0.00528224
0.00435662
0.003262
0.0020422
0.000745027
-0.000577669
-0.00187127
-0.00308109
-0.00415551
-0.00504902
-0.00572539
-0.0061604
-0.00634294
-0.00627438
-0.0059668
-0.00544093
-0.00472431
-0.00384986
-0.00285529
-0.00178324
-0.000680664
0.00040378
0.00142278
0.00233272
0.00309588
0.0036828
0.0036828
0.00407359
0.00425777
0.00423348
0.00400708
0.00359308
0.00301392
0.00229927
0.00148511
0.000612412
-0.000274701
-0.00113178
-0.00191716
-0.00259459
-0.00313517
-0.0035186
-0.00373374
-0.00377811
-0.00365651
-0.00338019
-0.0029671
-0.00244171
-0.00183375
-0.00117661
-0.000505634
0.000144497
0.00074233
0.00126153
0.00168181
0.00198879
0.0021728
0.00222806
0.00215302
0.00195094
0.00162981
0.00120275
0.000688699
0.000111465
-0.000502724
-0.00112744
-0.00173713
-0.00230783
-0.00281763
-0.00324642
-0.00357573
-0.00378901
-0.00387211
-0.00381369
-0.00360674
-0.00325081
-0.00275319
-0.00212882
-0.00139989
-0.000594382
0.00025693
0.00112324
0.00197413
0.00277862
0.0035047
0.00412002
0.00459441
0.00490296
0.00502853
0.00496384
0.00471321
0.0042923
0.00372514
0.00304084
0.00227149
0.00145096
0.000613276
-0.000209359
-0.000987759
-0.00169583
-0.00231071
-0.00281396
-0.00319272
-0.00343969
-0.00355278
-0.0035349
-0.0033933
-0.0031377
-0.00277855
-0.00232725
-0.00179805
-0.00120856
-0.000577861
7.42171e-05
0.000726301
0.00135633
0.00194366
0.00246946
0.00291587
0.00326575
0.0035035
0.00361642
0.00359708
0.00344506
0.00316661
0.00277355
0.0022827
0.00171472
0.0010923
0.000439394
-0.00021853
-0.00085438
-0.00144005
-0.00194794
-0.00235338
-0.00263695
-0.00278568
-0.00279372
-0.00266272
-0.00240134
-0.00202412
-0.00155034
-0.00100316
-0.000408727
0.000204634
0.000807581
0.00137118
0.0018683
0.00227491
0.00257161
0.00274516
0.00278932
0.00270487
0.00249894
0.00218413
0.00177726
0.0012978
0.000766682
0.000205725
-0.00036257
-0.000915762
-0.00143272
-0.00189476
-0.00228654
-0.00259673
-0.00281859
-0.0029504
-0.00299472
-0.00295618
-0.00283867
-0.00264405
-0.00237327
-0.00202881
-0.00161645
-0.0011465
-0.000634358
-9.91504e-05
0.000439791
0.000965866
0.0014655
0.0019269
0.00233872
0.0026886
0.00296218
0.00314395
0.00322027
0.00318293
0.00303178
0.00277585
0.00243177
0.00202004
0.00156191
0.0010777
0.000585915
0.000103304
-0.000354005
-0.000769302
-0.00112584
-0.00140908
-0.0016091
-0.001722
-0.00175053
-0.00170403
-0.00159663
-0.00144373
-0.00125872
-0.00105202
-0.000832132
-0.000606898
-0.000384334
-0.000173408
1.57432e-05
0.000172984
0.000290367
0.000363779
0.00039285
0.000379632
0.000327259
0.000239065
0.000117981
-3.35286e-05
-0.000212506
-0.000413876
-0.000629351
-0.000847665
-0.00105589
-0.00124098
-0.00139105
-0.00149599
-0.00154772
-0.00154046
-0.00147056
-0.00133614
-0.00113744
-0.000878605
-0.000569081
-0.000222863
0.0001435
0.000512242
0.000865352
0.00118613
0.00146051
0.00167715
0.00182689
0.00190286
0.00190122
0.00182185
0.00166858
0.00144925
0.0011755
0.000861634
0.000522942
0.000173824
-0.000173278
-0.000507862
-0.000820853
-0.0011044
-0.00135191
-0.00155794
-0.00171828
-0.00183015
-0.00189212
-0.001904
-0.00186645
-0.00178043
-0.00164728
-0.00146992
-0.00125331
-0.00100324
-0.000725835
-0.000428117
-0.000118172
0.000195406
0.000503346
0.000795192
0.00105954
0.00128495
0.00146116
0.00158045
0.00163827
0.00163271
0.0015637
0.00143261
0.00124196
0.000995766
0.000700148
0.000363754
-1.78249e-06
-0.000380575
-0.00075189
-0.00109226
-0.00137915
-0.00159331
-0.00171982
-0.00175001
-0.0016832
-0.00152595
-0.00128913
-0.000986171
-0.000633584
-0.000251334
0.000138292
0.00051241
0.000848793
0.00112734
0.00133287
0.00145802
0.00150326
0.0014744
0.0013807
0.00123486
0.00105186
0.000846657
0.000633545
0.000426965
0.000240956
8.7089e-05
-2.74798e-05
-0.000101307
-0.000138802
-0.000148205
-0.000139088
-0.000121761
-0.000107181
-0.000105519
-0.000124549
-0.000168874
-0.000239745
-0.000335032
-0.000448897
-0.000571474
-0.000689999
-0.000791255
-0.000862737
-0.000892404
-0.00087029
-0.00079205
-0.000660536
-0.000484038
-0.000274129
-4.50788e-05
0.00018681
0.000405029
0.000594242
0.000740335
0.000830158
0.000851912
0.000796362
0.000658153
0.000658153
0.000436629
0.000136528
-0.000231171
-0.000648976
-0.00109354
-0.00153668
-0.00194759
-0.0022972
-0.00256113
-0.00271888
-0.00275279
-0.00264934
-0.0024002
-0.00200231
-0.00145895
-0.000781783
7.53166e-06
0.000876216
0.00178063
0.00266992
0.00349206
0.00419834
0.00474573
0.00509893
0.00523191
0.0051281
0.00477922
0.00418418
0.00335061
0.00229842
0.00106277
-0.00030492
-0.00173879
-0.00316385
-0.00450292
-0.00568303
-0.00664142
-0.00733032
-0.007717
-0.00777991
-0.00750715
-0.00689901
-0.00597093
-0.00475571
-0.00330524
-0.00168955
7.87155e-06
0.00169745
0.00329212
0.00471562
0.00590706
0.00682109
0.007427
0.00770854
0.00766261
0.00729754
0.00663398
0.00570789
0.00457068
0.00328506
0.00191968
0.000544662
-0.000772835
-0.00197309
-0.00300643
-0.00383304
-0.00442197
-0.00475137
-0.00480957
-0.00459601
-0.00412214
-0.00341258
-0.00250532
-0.00144996
-0.000304523
0.000868223
0.00200439
0.00304284
0.00392903
0.00461818
0.00507653
0.00528106
0.00522021
0.00489551
0.00432183
0.00352588
0.00254492
0.0014259
0.000222766
-0.0010082
-0.00221247
-0.00333973
-0.00434552
-0.00519267
-0.00585193
-0.00630182
-0.0065288
-0.00652845
-0.00630674
-0.00587983
-0.00527224
-0.00451399
-0.00363764
-0.00267664
-0.00166497
-0.000636483
0.000375998
0.0013405
0.00222573
0.00300234
0.00364539
0.00413619
0.00446217
0.00461554
0.00459315
0.00439784
0.00403903
0.00353136
0.00289454
0.00215543
0.00134908
0.000516723
-0.000297786
-0.00105081
-0.0017015
-0.00221553
-0.0025692
-0.00275121
-0.00276093
-0.00260591
-0.00230111
-0.00186845
-0.00133495
-0.000730766
-8.90935e-05
0.000553737
0.00116077
0.00169825
0.00213738
0.0024545
0.0026324
0.0026623
0.00254341
0.00228126
0.001887
0.00137737
0.000773316
9.83601e-05
-0.000621951
-0.00136042
-0.00208906
-0.00277901
-0.00339945
-0.00391799
-0.00430298
-0.00452584
-0.00456384
-0.00440466
-0.00404853
-0.00350565
-0.0027933
-0.00193567
-0.000962965
9.06242e-05
0.00118684
0.0022814
0.00332405
0.00426179
0.00504403
0.00562875
0.00598741
0.00610658
0.00598792
0.00564725
0.0051111
0.00441178
0.00358484
0.00267007
0.00171187
0.000757711
-0.000143807
-0.000945072
-0.00160319
-0.00208454
-0.0023679
-0.00244546
-0.00232193
-0.00201244
-0.00154027
-0.000935896
-0.000237
0.000511174
0.00125698
0.0019463
0.0025269
0.00295049
0.00317533
0.00317154
0.00292634
0.00244656
0.00175787
0.000901657
-6.83879e-05
-0.00108987
-0.00209738
-0.00302903
-0.00382838
-0.00444264
-0.00482475
-0.00494022
-0.00477205
-0.00432222
-0.00361273
-0.00268547
-0.00159851
-0.000419353
0.000782237
0.00194006
0.00299396
0.00388954
0.00457933
0.00502671
0.00520941
0.00512098
0.00477109
0.00418589
0.00340671
0.00248634
0.00148408
0.000461638
-0.00051959
-0.0014009
-0.00212987
-0.00266435
-0.00297495
-0.00304559
-0.00287359
-0.00247008
-0.00185938
-0.00107707
-0.000167104
0.000821285
0.001836
0.00282368
0.00373228
0.00451457
0.00513031
0.0055469
0.00574015
0.00569532
0.00540744
0.00488082
0.00412899
0.0031753
0.00205221
0.000798609
-0.000542562
-0.00192478
-0.00329808
-0.00461019
-0.0058086
-0.00684328
-0.00766934
-0.00824961
-0.00855767
-0.00858021
-0.00831696
-0.00777862
-0.00698567
-0.00596868
-0.00476798
-0.00343272
-0.00201955
-0.000590283
0.000791795
0.00206594
0.00317821
0.00408514
0.00475523
0.00516865
0.00531668
0.00520127
0.00483422
0.00423689
0.0034405
0.00248607
0.00142263
0.000304583
-0.000811452
-0.00187024
-0.00282151
-0.0036227
-0.00424035
-0.0046508
-0.0048407
-0.00480672
-0.00455481
-0.00410001
-0.00346644
-0.00268656
-0.00179936
-0.000848403
0.000120297
0.00106089
0.00193074
0.00269311
0.00331865
0.00378612
0.00408243
0.00420268
0.00414971
0.00393354
0.0035709
0.00308489
0.00250425
0.00186218
0.00119431
0.000535951
-8.0701e-05
-0.000628282
-0.00108501
-0.00143529
-0.00143529
-0.0016701
-0.00178681
-0.00178846
-0.00168288
-0.0014822
-0.00120281
-0.000864502
-0.000488506
-9.61104e-05
0.000291571
0.000654245
0.000973998
0.0012362
0.00142916
0.00154393
0.00157474
0.00151979
0.00138174
0.00116816
0.000892247
0.000572534
0.000230415
-0.000112784
-0.000436931
-0.000723388
-0.00095622
-0.00112317
-0.00121527
-0.00122649
-0.00115458
-0.00100247
-0.000779059
-0.0004991
-0.000182007
0.000150253
0.000475359
0.000772674
0.00102492
0.00121884
0.0013449
0.00139683
0.00137175
0.00127055
0.0010983
0.000864349
0.000581631
0.000265692
-6.61782e-05
-0.000396501
-0.000709698
-0.000993028
-0.00123596
-0.00142977
-0.00156813
-0.00164748
-0.00166665
-0.0016269
-0.00153222
-0.00138917
-0.00120591
-0.000991305
-0.000754332
-0.000503928
-0.000249355
-6.47491e-07
0.000231438
0.000435727
0.000600952
0.000716835
0.000775963
0.000774885
0.000713626
0.000594956
0.000424103
0.000207938
-4.61189e-05
-0.00032994
-0.000633349
-0.000943254
-0.00124382
-0.0015175
-0.00174703
-0.00191758
-0.002018
-0.00204112
-0.00198401
-0.00184774
-0.00163661
-0.0013577
-0.00102106
-0.000640411
-0.000233609
0.000178427
0.000574151
0.000933356
0.00123786
0.00147243
0.00162621
0.00169299
0.00167033
0.00155919
0.0013641
0.00109312
0.000757136
0.00036947
-5.4232e-05
-0.000496583
-0.000939696
-0.00136612
-0.00175894
-0.00210188
-0.0023803
-0.00258229
-0.00269901
-0.00272467
-0.0026569
-0.00249727
-0.00225131
-0.00192812
-0.0015396
-0.00109987
-0.000624624
-0.000130269
0.000366514
0.000849001
0.00130104
0.00170779
0.00205609
0.00233473
0.00253513
0.00265188
0.00268246
0.00262686
0.00248704
0.00226686
0.00197248
0.00161286
0.00119946
0.000746068
0.000269009
-0.000213481
-0.000682917
-0.00112204
-0.00151532
-0.00184885
-0.00211017
-0.00228827
-0.00237445
-0.00236343
-0.00225401
-0.00204942
-0.00175776
-0.00139167
-0.000967135
-0.000501903
-1.43755e-05
0.000477128
0.000954839
0.0014019
0.00180257
0.00214253
0.00240956
0.00259434
0.00269072
0.0026956
0.00260914
0.00243504
0.00218004
0.001853
0.00146439
0.00102631
0.000552468
5.78883e-05
-0.000441597
-0.000929148
-0.00138607
-0.00179199
-0.00212695
-0.00237391
-0.00251975
-0.00255566
-0.00247783
-0.0022878
-0.00199173
-0.00159943
-0.00112386
-0.000581688
5.73124e-06
0.000612097
0.00120769
0.00176205
0.00224652
0.00263645
0.00291319
0.00306515
0.00308737
0.00298024
0.00274873
0.00240243
0.00195582
0.00142835
0.000843935
0.000230119
-0.000383405
-0.000967058
-0.00149388
-0.00194146
-0.00229292
-0.0025371
-0.00266821
-0.00268514
-0.00259074
-0.00239105
-0.00209521
-0.00171584
-0.00126944
-0.000775819
-0.000257194
0.000262648
0.0007592
0.00120881
0.0015905
0.00188681
0.00208377
0.00217128
0.00214394
0.0020011
0.0017464
0.00138845
0.000942375
0.000430068
-0.000121709
-0.000683744
-0.00122598
-0.00171914
-0.00213676
-0.00245673
-0.00266165
-0.00273887
-0.00268077
-0.00248542
-0.00215728
-0.00170773
-0.00115483
-0.000522578
0.000160492
0.000863025
0.00155271
0.0021982
0.00277093
0.00324613
0.00360267
0.00382329
0.00389575
0.00381408
0.00357981
0.00320257
0.00269961
0.00209446
0.00141534
0.000693
-4.1472e-05
-0.000758024
-0.0014282
-0.00202576
-0.00252737
-0.00291319
-0.00316767
-0.00328092
-0.00324989
-0.00307871
-0.00277825
-0.00236531
-0.00186149
-0.00129165
-0.000682459
-6.16033e-05
0.00054259
0.00110189
0.00158962
0.00198214
0.00225993
0.00240874
0.0024208
0.00229544
0.00203897
0.0016643
0.00119025
0.000640582
4.28382e-05
-0.000572995
-0.00117599
-0.00173542
-0.00222151
-0.00260686
-0.00286877
-0.00299128
-0.00296632
-0.00279377
-0.00248072
-0.00204097
-0.00149466
-0.000867339
-0.000188399
0.000510302
0.00119548
0.00183392
0.00239468
0.00285135
0.00318372
0.00337883
0.00343116
0.00334251
0.00312146
0.00278238
0.00234376
0.00182709
0.00125617
0.000656229
5.25287e-05
-0.000530488
-0.00106952
-0.00106952
-0.00154341
-0.0019349
-0.00223137
-0.0024241
-0.00250771
-0.00248076
-0.0023462
-0.00211081
-0.00178461
-0.001381
-0.000916909
-0.000412333
0.000110453
0.000627909
0.00111622
0.00155231
0.00191535
0.00218836
0.00235903
0.00241969
0.00236738
0.00220432
0.001938
0.00158059
0.00114852
0.000661938
0.000143784
-0.000381629
-0.00089015
-0.00135921
-0.00176896
-0.00210299
-0.00234897
-0.00249882
-0.0025485
-0.00249743
-0.00234826
-0.00210707
-0.00178343
-0.00139024
-0.000943526
-0.000462332
3.25543e-05
0.000520607
0.000982882
0.0014024
0.0017645
0.00205714
0.00227053
0.00239692
0.00243099
0.00237082
0.00221869
0.00198176
0.00167198
0.00130498
0.000898801
0.00047284
4.68272e-05
-0.000360311
-0.000731205
-0.0010503
-0.00130415
-0.00148214
-0.00157723
-0.0015863
-0.00151033
-0.00135461
-0.00112872
-0.000845846
-0.000522022
-0.0001752
0.000175758
0.000512311
0.000817377
0.00107616
0.00127663
0.00140955
0.00146839
0.00144914
0.0013504
0.00117346
0.000922586
0.000605604
0.000234126
-0.000177341
-0.000612594
-0.00105431
-0.00148444
-0.00188499
-0.00223894
-0.00253069
-0.00274626
-0.00287385
-0.00290469
-0.00283386
-0.0026606
-0.00238829
-0.00202454
-0.00158144
-0.00107536
-0.000526293
4.31822e-05
0.000609299
0.00114838
0.00163793
0.0020579
0.00239194
0.00262798
0.00275826
0.00277959
0.00269408
0.0025092
0.002237
0.00189325
0.00149667
0.00106757
0.000626117
0.000191126
-0.000220025
-0.000591564
-0.000910343
-0.00116671
-0.00135453
-0.00147125
-0.00151796
-0.00149922
-0.00142238
-0.00129667
-0.00113223
-0.000939784
-0.000730683
-0.000516887
-0.000310234
-0.00012156
4.00568e-05
0.000167959
0.000258122
0.000308898
0.000320827
0.000296446
0.000239741
0.000155548
4.92734e-05
-7.31378e-05
-0.00020522
-0.000340205
-0.000471324
-0.000591853
-0.00069514
-0.000775093
-0.000826891
-0.000847213
-0.00083407
-0.000786878
-0.000706739
-0.000596361
-0.000459718
-0.000302028
-0.000129959
4.86331e-05
0.000225479
0.000392513
0.000542155
0.000667877
0.000765073
0.000831405
0.000866377
0.000870948
0.000847608
0.000800354
0.000734249
0.000655042
0.000568961
0.000482284
0.000400637
0.00032836
0.000268136
0.000221095
0.000187446
0.000166969
0.000158902
0.000161865
0.000174258
0.000194581
0.000221427
0.000253434
0.000289417
0.000328584
0.0003706
0.000415332
0.000462422
0.000510954
0.000559249
0.000604568
0.000642837
0.000669041
0.000678381
0.000667017
0.000631768
0.000569905
0.0004796
0.000360127
0.000211686
3.55341e-05
-0.000165442
-0.000385965
-0.000617647
-0.000849022
-0.00106704
-0.00125907
-0.00141388
-0.00152203
-0.0015764
-0.00157259
-0.00150889
-0.00138618
-0.00120817
-0.000981972
-0.000718513
-0.000432041
-0.000138361
0.000146686
0.000407875
0.00063153
0.000806903
0.000926594
0.000986023
0.000983298
0.000919661
0.000799573
0.000630281
0.000421415
0.000184619
-6.70314e-05
-0.000319803
-0.000560151
-0.000775461
-0.000954599
-0.00108834
-0.00116967
-0.00119384
-0.00115833
-0.00106294
-0.000909825
-0.000703661
-0.00045158
-0.000162944
0.000151042
0.000477662
0.000803096
0.0011132
0.00139442
0.0016342
0.0018211
0.00194486
0.00199704
0.00197208
0.00186812
0.00168714
0.00143504
0.00112197
0.00076187
0.000370703
-3.48913e-05
-0.000438013
-0.000821908
-0.00117093
-0.00147127
-0.00171126
-0.00188169
-0.00197661
-0.00199376
-0.00193435
-0.00180253
-0.0016051
-0.00135143
-0.00105288
-0.000722015
-0.000372299
-1.81529e-05
0.000325474
0.000644021
0.000924185
0.00115442
0.00132541
0.00143084
0.00146786
0.00143697
0.00134155
0.00118778
0.000984504
0.000742654
0.000474607
0.000193806
-8.56613e-05
-0.000349862
-0.000585905
-0.000782534
-0.000930594
-0.0010235
-0.00105754
-0.00103177
-0.000947789
-0.000809483
-0.000622849
-0.00039564
-0.00013699
0.000142909
0.000433108
0.00072212
0.000998007
0.00124866
0.00146255
0.0016294
0.00174054
0.00178915
0.00177105
0.00168512
0.00153298
0.00131886
0.0010502
0.0010502
0.0007378
0.000394844
3.5823e-05
-0.000324011
-0.000669127
-0.000984722
-0.00125771
-0.0014771
-0.00163406
-0.00172213
-0.00173765
-0.00168001
-0.00155168
-0.00135841
-0.00110917
-0.000815327
-0.000489594
-0.000145361
0.000203871
0.000545049
0.000865882
0.00115488
0.00140124
0.0015948
0.0017263
0.00178846
0.00177723
0.0016923
0.00153699
0.0013182
0.00104594
0.000732261
0.000390167
3.29546e-05
-0.000325876
-0.000672563
-0.000993225
-0.0012742
-0.00150268
-0.0016677
-0.00176133
-0.00177944
-0.00172213
-0.00159354
-0.00140129
-0.00115533
-0.000867151
-0.000549317
-0.000215223
0.000121157
0.000445417
0.000743051
0.00100022
0.00120482
0.00134747
0.0014223
0.00142733
0.00136431
0.00123821
0.00105659
0.000829045
0.000566557
0.000281211
-1.3995e-05
-0.000305401
-0.00057913
-0.000821714
-0.00102093
-0.00116675
-0.00125201
-0.0012728
-0.00122842
-0.00112123
-0.000956276
-0.000740918
-0.000484601
-0.00019869
0.000103658
0.000407935
0.0006992
0.000963046
0.00118628
0.0013576
0.00146832
0.00151286
0.00148878
0.00139668
0.00124003
0.00102503
0.000760468
0.000457617
0.000130033
-0.000206924
-0.000536916
-0.000843634
-0.00111178
-0.00132807
-0.00148228
-0.00156766
-0.00158069
-0.00152095
-0.00139118
-0.00119723
-0.000947705
-0.000653791
-0.000329221
1.02747e-05
0.000348002
0.000667439
0.000953305
0.00119246
0.00137449
0.00149193
0.00154036
0.00151825
0.00142695
0.00127073
0.00105675
0.000795104
0.000498466
0.000181492
-0.000140213
-0.000451159
-0.000736826
-0.00098439
-0.00118338
-0.00132605
-0.00140732
-0.00142478
-0.00137874
-0.00127239
-0.00111169
-0.000905163
-0.000663486
-0.000398824
-0.000124028
0.000148212
0.000406109
0.000639231
0.000838657
0.000997093
0.00110914
0.00117151
0.00118306
0.00114485
0.00106013
0.000934135
0.000773817
0.000587335
0.000383468
0.000171064
-4.12796e-05
-0.000245417
-0.00043395
-0.000600467
-0.000739535
-0.000846607
-0.000918115
-0.000951781
-0.000946941
-0.000904685
-0.000827905
-0.000721425
-0.000591929
-0.000447331
-0.000295947
-0.000146042
-5.48179e-06
0.000118988
0.000222324
0.000301048
0.000352887
0.00037689
0.000373685
0.000345253
0.000294495
0.000225262
0.000142622
5.24851e-05
-3.92504e-05
-0.000127156
-0.000206359
-0.000272836
-0.000323741
-0.000357191
-0.000371695
-0.000365889
-0.000338761
-0.00028999
-0.000220199
-0.000131356
-2.73059e-05
8.61884e-05
0.000202277
0.000314077
0.000415205
0.000499987
0.00056381
0.000603368
0.000616551
0.000602218
0.000560193
0.000491559
0.000398952
0.000286522
0.000159649
2.4614e-05
-0.000111828
-0.000243185
-0.000364015
-0.000470319
-0.000559361
-0.000629229
-0.000678506
-0.000706052
-0.000710872
-0.000692324
-0.000650799
-0.000588213
-0.000507811
-0.000413687
-0.000310454
-0.000202883
-9.55283e-05
7.34872e-06
0.000101599
0.000182985
0.000247169
0.000290026
0.000308276
0.000300033
0.000265088
0.00020512
0.000123734
2.60164e-05
-8.2339e-05
-0.000195672
-0.000308474
-0.000415424
-0.00051162
-0.00059267
-0.000654611
-0.000694047
-0.00070863
-0.000697461
-0.000661163
-0.000601659
-0.000521791
-0.00042489
-0.00031441
-0.000193683
-6.58603e-05
6.58949e-05
0.0001981
0.000326914
0.00044845
0.000559093
0.000655685
0.000735792
0.000797885
0.000841124
0.000864887
0.000868536
0.000851469
0.000813385
0.000754807
0.000677456
0.000584061
0.000478039
0.000363293
0.000243798
0.000123058
3.92911e-06
-0.000111153
-0.000219911
-0.000320024
-0.000408926
-0.000483818
-0.000542126
-0.00058212
-0.000603224
-0.000605985
-0.000592039
-0.000564011
-0.000525129
-0.000478719
-0.000428067
-0.000376602
-0.000327908
-0.000285396
-0.000251966
-0.000229801
-0.000220053
-0.000222381
-0.000234983
-0.000255292
-0.000280458
-0.000307198
-0.000331841
-0.000350861
-0.000361147
-0.000359913
-0.000344798
-0.000314207
-0.000267519
-0.000205099
-0.000128221
-3.89359e-05
6.01602e-05
0.000166176
0.000276104
0.000386903
0.000495547
0.000599073
0.000694639
0.000779603
0.00085161
0.000908642
0.000949035
0.000971592
0.000975734
0.00096145
0.00096145
0.000929106
0.000879328
0.000813053
0.000731741
0.000637437
0.000532523
0.000419515
0.000300994
0.000179384
5.67564e-05
-6.5052e-05
-0.00018431
-0.000299364
-0.000408477
-0.000509634
-0.000600701
-0.000679816
-0.000745561
-0.000796797
-0.00083247
-0.000851684
-0.000853984
-0.000839417
-0.000808286
-0.000761136
-0.000698993
-0.000623424
-0.00053649
-0.000440792
-0.000339342
-0.000235254
-0.000131462
-3.05269e-05
6.54766e-05
0.000154937
0.000236618
0.000309531
0.000372767
0.000425387
0.00046649
0.000495387
0.000511746
0.000515638
0.000507545
0.000488389
0.000459576
0.00042286
0.000380119
0.00033336
0.00028494
0.000237537
0.00019374
0.0001557
0.000125071
0.000102946
8.96312e-05
8.46484e-05
8.70354e-05
9.54874e-05
0.000108181
0.000122741
0.000136496
0.000146718
0.000150804
0.000146471
0.000131935
0.000106017
6.81802e-05
1.84491e-05
-4.26385e-05
-0.00011392
-0.000193419
-0.000278148
-0.000363953
-0.000445719
-0.000518186
-0.000576691
-0.000617286
-0.000636763
-0.000633055
-0.00060554
-0.000554901
-0.000482863
-0.000392152
-0.000286603
-0.000171111
-5.12792e-05
6.70135e-05
0.000177938
0.000276032
0.000356715
0.000416758
0.00045437
0.00046898
0.000461022
0.000431816
0.000383413
0.000318406
0.000239905
0.000151643
5.79503e-05
-3.6531e-05
-0.000127192
-0.000209707
-0.00028028
-0.000335829
-0.000373968
-0.000392869
-0.000391161
-0.000367914
-0.000322798
-0.000256415
-0.000170554
-6.82015e-05
4.64224e-05
0.000167783
0.000289319
0.000404314
0.000506678
0.000591055
0.000652742
0.000687908
0.000693783
0.000668622
0.000611773
0.000524015
0.000407969
0.000268317
0.000111588
-5.4529e-05
-0.000221997
-0.000383019
-0.000530486
-0.000658338
-0.000761669
-0.000836603
-0.000880149
-0.000890239
-0.0008659
-0.000807456
-0.000716746
-0.000597321
-0.000454353
-0.00029412
-0.000123426
5.0776e-05
0.000221625
0.000382562
0.000527466
0.000650732
0.00074735
0.000813143
0.000845167
0.000842135
0.000804637
0.000735101
0.000637645
0.000517829
0.000382217
0.000237828
9.17493e-05
-4.90263e-05
-0.000177771
-0.000288328
-0.000375445
-0.000435041
-0.000464489
-0.000462851
-0.000430957
-0.000371268
-0.000287591
-0.000184689
-6.79343e-05
5.69668e-05
0.000184256
0.000308413
0.000424295
0.000527167
0.000612852
0.000678036
0.000720507
0.000739192
0.000734092
0.000706153
0.000657128
0.000589435
0.000505995
0.000410112
0.000305468
0.00019619
8.67832e-05
-1.80799e-05
-0.000113736
-0.000195663
-0.000259807
-0.000303053
-0.00032342
-0.000319923
-0.000292486
-0.000242022
-0.000170429
-8.05325e-05
2.38389e-05
0.000137782
0.000255436
0.000370296
0.000475752
0.000565783
0.000635442
0.000680905
0.000699481
0.000689716
0.000651351
0.000585191
0.000493155
0.00037842
0.00024539
9.95157e-05
-5.30095e-05
-0.000205696
-0.000352247
-0.000486966
-0.000605066
-0.000702892
-0.000777965
-0.000828891
-0.00085527
-0.0008577
-0.000837802
-0.000798178
-0.000742313
-0.00067442
-0.000599228
-0.000521663
-0.00044645
-0.00037776
-0.000319053
-0.000273097
-0.00024201
-0.000227187
-0.000229236
-0.000247958
-0.000282302
-0.00033034
-0.000389373
-0.00045614
-0.000527015
-0.000598225
-0.000666093
-0.00072723
-0.000778553
-0.000817234
-0.000840735
-0.000846899
-0.000834072
-0.000801391
-0.000749074
-0.000678437
-0.000591794
-0.000492478
-0.000384674
-0.000272937
-0.000161744
-5.54077e-05
4.19069e-05
0.00012635
0.000194613
0.000244058
0.000272857
0.000280183
0.000266411
0.000233173
0.000183193
0.000119992
4.76248e-05
-2.95352e-05
-0.000107041
-0.000180516
-0.000245724
-0.000298787
-0.000336517
-0.000356605
-0.000357727
-0.000339638
-0.000303176
-0.000250086
-0.000182838
-0.000104559
-1.89462e-05
6.99224e-05
0.000157807
0.000240494
0.000314025
0.000374943
0.000420498
0.000448782
0.000458793
0.000450463
0.00042463
0.000382995
0.000328052
0.000262992
0.000191524
0.000117632
4.53754e-05
-2.12316e-05
-7.83682e-05
-0.000122619
-0.000151175
-0.000161985
-0.000153842
-0.000126451
-8.04566e-05
-1.74412e-05
6.01315e-05
0.000148982
0.000245148
0.000344217
0.000441579
0.000532646
0.000613109
0.000679255
0.000679255
0.000728115
0.000757406
0.0007655
0.000751467
0.000715085
0.000656919
0.000578482
0.000482291
0.000371731
0.000250892
0.000124392
-2.84511e-06
-0.000125844
-0.00023979
-0.000340128
-0.000422625
-0.000483583
-0.000520211
-0.000530835
-0.000514849
-0.000472749
-0.000406278
-0.000318361
-0.000212812
-9.40964e-05
3.28372e-05
0.000162799
0.000290657
0.000411555
0.000521043
0.00061521
0.000690859
0.000745561
0.000777566
0.000785781
0.00077
0.000731117
0.000671092
0.000592811
0.000500046
0.000397325
0.000289572
0.000181721
7.85344e-05
-1.54776e-05
-9.6177e-05
-0.000159997
-0.000204164
-0.000226913
-0.000227697
-0.000207356
-0.000168138
-0.000113451
-4.74196e-05
2.54916e-05
0.000100652
0.000173472
0.000239717
0.000295697
0.000338256
0.000364815
0.000373555
0.000363598
0.00033507
0.000289133
0.000228
0.000154892
7.38637e-05
-1.05071e-05
-9.34397e-05
-0.000170261
-0.000236739
-0.000289271
-0.00032483
-0.000340954
-0.000335931
-0.00030894
-0.000260128
-0.000190789
-0.000103593
-2.68222e-06
0.000106443
0.000217316
0.00032328
0.000418234
0.000496847
0.000554562
0.000587759
0.000593829
0.000571083
0.000518802
0.000437543
0.000329581
0.00019929
5.31411e-05
-0.000100945
-0.000254534
-0.000399381
-0.00052794
-0.000633829
-0.000712113
-0.0007593
-0.000773172
-0.000752722
-0.000698346
-0.000612112
-0.000497809
-0.000360775
-0.000207667
-4.60974e-05
0.000116023
0.00027124
0.000413078
0.000536226
0.000636548
0.00071107
0.00075793
0.000776293
0.000766371
0.000729562
0.000668597
0.000587505
0.000491351
0.0003858
0.000276652
0.000169443
6.91779e-05
-1.98164e-05
-9.39395e-05
-0.000150302
-0.000186709
-0.000201731
-0.000194868
-0.00016672
-0.000119077
-5.49858e-05
2.12e-05
0.00010402
0.000187443
0.00026541
0.000332189
0.000382739
0.000413157
0.000420965
0.000404923
0.000364724
0.000301033
0.000215649
0.000111398
-8.13966e-06
-0.000138677
-0.000275204
-0.00041229
-0.000544538
-0.000666752
-0.00077403
-0.000862112
-0.000927747
-0.00096871
-0.000983641
-0.000972086
-0.000934628
-0.000872817
-0.000788994
-0.000686329
-0.00056894
-0.000441798
-0.00031046
-0.000180786
-5.86096e-05
5.0659e-05
0.00014239
0.00021298
0.000259983
0.000282126
0.000279232
0.000252119
0.000202528
0.000133125
4.75361e-05
-4.96215e-05
-0.000152855
-0.000256062
-0.000352888
-0.000437225
-0.000503865
-0.000548975
-0.000570178
-0.000566526
-0.000538509
-0.000487853
-0.000417084
-0.000329348
-0.000228633
-0.000119848
-8.48741e-06
9.97659e-05
0.000199416
0.000285637
0.000354772
0.000404581
0.000434183
0.000443802
0.000434423
0.000407578
0.000365322
0.000310246
0.000245376
0.000174065
9.9921e-05
2.66438e-05
-4.22871e-05
-0.000103922
-0.000156008
-0.000197017
-0.000226086
-0.000242932
-0.000247808
-0.000241442
-0.000224951
-0.000199769
-0.000167581
-0.000130228
-8.96019e-05
-4.75449e-05
-5.74592e-06
3.42936e-05
7.12039e-05
0.000103762
0.000131038
0.00015247
0.000167825
0.00017717
0.000180869
0.000179513
0.000173825
0.000164603
0.000152681
0.000138939
0.000124333
0.0001099
9.671e-05
8.57836e-05
7.80183e-05
7.41132e-05
7.45207e-05
7.9476e-05
8.91046e-05
0.000103559
0.000123142
0.000148276
0.000179172
0.000215398
0.000255693
0.000297966
0.000339319
0.00037639
0.000406131
0.000426335
0.000435425
0.000432184
0.000415817
0.000385927
0.000342312
0.000285065
0.000214999
0.000133929
4.4618e-05
-4.94792e-05
-0.000144566
-0.000236902
-0.000323114
-0.000400332
-0.000466085
-0.000518145
-0.000554596
-0.000573996
-0.000575377
-0.000558248
-0.000522815
-0.000470156
-0.000402181
-0.00032153
-0.00023139
-0.000135254
-3.66566e-05
6.10214e-05
0.000154647
0.000241332
0.000318425
0.000383485
0.000434225
0.000468588
0.00048511
0.00048326
0.000463466
0.000426942
0.000375569
0.000311775
0.000238327
0.000158138
7.42236e-05
-1.02503e-05
-9.19606e-05
-0.000167548
-0.00023382
-0.000287987
-0.0003279
-0.000352206
-0.000360361
-0.000352483
-0.000329214
-0.000291677
-0.000241421
-0.000180343
-0.000110688
-3.51518e-05
4.30843e-05
0.000120501
0.000193513
0.000258709
0.000313047
0.000313047
0.000354103
0.000380312
0.000390986
0.00038614
0.000366411
0.000333103
0.000288123
0.000233848
0.000173094
0.000109114
4.53852e-05
-1.47993e-05
-6.87304e-05
-0.000114449
-0.000150735
-0.000177075
-0.000193595
-0.000200902
-0.000199897
-0.000191701
-0.00017771
-0.000159682
-0.000139692
-0.000119972
-0.000102724
-8.9906e-05
-8.29341e-05
-8.24661e-05
-8.83795e-05
-9.98736e-05
-0.000115692
-0.000134507
-0.000155145
-0.000176459
-0.000197205
-0.00021613
-0.000232009
-0.00024359
-0.000249705
-0.00024954
-0.00024283
-0.000229869
-0.000211388
-0.000188395
-0.000162008
-0.000133289
-0.000103151
-7.23828e-05
-4.17614e-05
-1.21325e-05
1.55758e-05
4.04003e-05
6.14347e-05
7.79601e-05
8.95664e-05
9.62042e-05
9.81531e-05
9.5935e-05
9.02141e-05
8.17122e-05
7.11478e-05
5.91822e-05
4.6365e-05
3.30984e-05
1.96282e-05
6.02899e-06
-7.75178e-06
-2.17634e-05
-3.60223e-05
-5.06452e-05
-6.58898e-05
-8.20473e-05
-9.93898e-05
-0.000118182
-0.000138623
-0.000160738
-0.000184338
-0.000209067
-0.000234489
-0.000260161
-0.000285686
-0.000310746
-0.000335075
-0.000358361
-0.000380182
-0.000400058
-0.000417527
-0.000432183
-0.000443718
-0.000452017
-0.000457182
-0.000459491
-0.000459323
-0.000457104
-0.000453276
-0.000448263
-0.000442363
-0.000435664
-0.000428071
-0.000419367
-0.000409197
-0.000397029
-0.000382122
-0.000363565
-0.00034033
-0.000311318
-0.000275521
-0.000232335
-0.000181825
-0.000124749
-6.23592e-05
3.82859e-06
7.21403e-05
0.000140804
0.000208004
0.000271873
0.000330435
0.000381622
0.000423436
0.000454186
0.000472671
0.000478297
0.000471086
0.000451585
0.000420712
0.000379627
0.000329637
0.000272202
0.000208973
0.000141782
7.26131e-05
3.57383e-06
-6.31965e-05
-0.00012569
-0.000182191
-0.000231378
-0.000272275
-0.000304027
-0.000325668
-0.00033613
-0.00033446
-0.000320011
-0.000292552
-0.000252456
-0.000200881
-0.000139745
-7.14246e-05
1.58462e-06
7.67715e-05
0.000151519
0.000223113
0.000288875
0.000346211
0.000392632
0.000425983
0.000444787
0.000448443
0.000437245
0.000412329
0.000375527
0.00032912
0.000275623
0.000217653
0.000157854
9.88734e-05
4.33472e-05
-6.1679e-06
-4.73422e-05
-7.82552e-05
-9.75689e-05
-0.00010464
-9.95509e-05
-8.30442e-05
-5.64061e-05
-2.13276e-05
2.02307e-05
6.61415e-05
0.000114148
0.000161897
0.000207033
0.000247309
0.000280716
0.000305668
0.000321194
0.000327033
0.000323638
0.000312074
0.000293774
0.00027033
0.000243462
0.000215022
0.000186893
0.000160909
0.000138858
0.000122406
0.000112912
0.000111224
0.000117539
0.00013135
0.000151581
0.000176792
0.000205358
0.000235595
0.000265859
0.000294571
0.000320203
0.000341253
0.000356247
0.000363847
0.000363027
0.000353221
0.000334402
0.000307092
0.000272272
0.000231232
0.000185415
0.000136315
8.5438e-05
3.42993e-05
-1.55578e-05
-6.25387e-05
-0.000104983
-0.000141217
-0.000169702
-0.00018923
-0.000199067
-0.000198979
-0.000189177
-0.000170243
-0.000143007
-0.000108412
-6.74693e-05
-2.13392e-05
2.85722e-05
8.05541e-05
0.000132603
0.00018257
0.000228412
0.000268387
0.000301161
0.000325865
0.000342103
0.000349851
0.000349325
0.000340935
0.000325332
0.000303439
0.000276446
0.0002458
0.000213139
0.000180179
0.000148555
0.000119647
9.44046e-05
7.3186e-05
5.56767e-05
4.09936e-05
2.79851e-05
1.56794e-05
3.67348e-06
-7.92196e-06
-1.88951e-05
-2.91564e-05
-3.87235e-05
-4.78175e-05
-5.69357e-05
-6.65585e-05
-7.67313e-05
-8.7031e-05
-9.68694e-05
-0.000105747
-0.000113402
-0.000119965
-0.000126037
-0.00013252
-0.000140286
-0.000149907
-0.000161573
-0.00017513
-0.00019021
-0.000206405
-0.000223409
-0.000240995
-0.000258839
-0.000276341
-0.000292567
-0.000306276
-0.000316022
-0.000320391
-0.000318325
-0.000309248
-0.000292962
-0.000269556
-0.000239402
-0.000203103
-0.000161475
-0.000115639
-6.71146e-05
-1.77903e-05
3.01752e-05
7.45586e-05
0.000113361
0.000145006
0.000168366
0.000182779
0.000188085
0.000184556
0.000172783
0.000153629
0.000128273
9.82302e-05
6.53051e-05
3.15e-05
-1.09931e-06
-3.04734e-05
-5.48437e-05
-7.28257e-05
-8.35286e-05
-8.65774e-05
-8.20552e-05
-7.0453e-05
-5.26713e-05
-5.26713e-05
-3.00156e-05
-4.17613e-06
2.28439e-05
4.89257e-05
7.2012e-05
9.01457e-05
0.000101571
0.000104976
9.96384e-05
8.53989e-05
6.25751e-05
3.19387e-05
-5.31676e-06
-4.7668e-05
-9.33764e-05
-0.000140578
-0.000187342
-0.00023173
-0.000271915
-0.000306303
-0.000333607
-0.000352868
-0.000363453
-0.000365049
-0.000357605
-0.000341224
-0.000316095
-0.000282543
-0.000241124
-0.000192621
-0.000138011
-7.84663e-05
-1.53982e-05
4.95389e-05
0.000114474
0.000177374
0.000236071
0.000288281
0.000331779
0.000364738
0.000385912
0.000394506
0.000390147
0.00037302
0.000343882
0.000303931
0.000254798
0.000198596
0.000137851
7.53198e-05
1.37845e-05
-4.41733e-05
-9.63983e-05
-0.000141307
-0.000177935
-0.000205905
-0.000225298
-0.000236462
-0.000239873
-0.00023614
-0.000225982
-0.000210109
-0.000189254
-0.000164382
-0.00013675
-0.000107646
-7.81682e-05
-4.92312e-05
-2.1591e-05
4.20178e-06
2.77595e-05
4.86976e-05
6.65128e-05
8.05817e-05
9.02389e-05
9.49272e-05
9.43742e-05
8.86783e-05
7.8293e-05
6.39469e-05
4.65015e-05
2.68195e-05
5.70332e-06
-1.61156e-05
-3.79198e-05
-5.8894e-05
-7.80713e-05
-9.44018e-05
-0.000106882
-0.000114677
-0.000117236
-0.000114389
-0.000106376
-9.37815e-05
-7.74539e-05
-5.83971e-05
-3.7682e-05
-1.64144e-05
4.27889e-06
2.3283e-05
3.95065e-05
5.18825e-05
5.9444e-05
6.14757e-05
5.76444e-05
4.80472e-05
3.31878e-05
1.39097e-05
-8.70314e-06
-3.34497e-05
-5.91286e-05
-8.46001e-05
-0.000108783
-0.00013063
-0.000149135
-0.000163381
-0.000172613
-0.000176362
-0.000174559
-0.000167592
-0.000156277
-0.000141806
-0.000125585
-0.000109015
-9.33572e-05
-7.97718e-05
-6.93355e-05
-6.29653e-05
-6.13362e-05
-6.48495e-05
-7.36101e-05
-8.73789e-05
-0.000105538
-0.000127111
-0.000150849
-0.000175321
-0.000198957
-0.000220087
-0.000237064
-0.000248383
-0.000252754
-0.000249217
-0.000237221
-0.000216579
-0.000187456
-0.000150478
-0.000106793
-5.80128e-05
-6.09651e-06
4.675e-05
9.81822e-05
0.000145876
0.000187706
0.000221892
0.000247069
0.000262297
0.000267143
0.000261785
0.000247004
0.000224043
0.000194493
0.000160219
0.000123237
8.55108e-05
4.88517e-05
1.4943e-05
-1.46434e-05
-3.85629e-05
-5.58099e-05
-6.57186e-05
-6.79724e-05
-6.26574e-05
-5.02431e-05
-3.14764e-05
-7.25322e-06
2.15068e-05
5.39073e-05
8.89891e-05
0.000125662
0.000162768
0.000199148
0.00023362
0.000264988
0.000292137
0.00031415
0.000330334
0.000340213
0.000343525
0.00034025
0.000330618
0.000315098
0.000294357
0.000269254
0.000240854
0.000210408
0.000179274
0.00014885
0.000120501
9.54666e-05
7.47671e-05
5.91583e-05
4.91278e-05
4.49006e-05
4.6439e-05
5.34618e-05
6.54747e-05
8.17745e-05
0.000101438
0.000123319
0.000146067
0.000168186
0.000188134
0.000204442
0.000215874
0.000221548
0.000220966
0.000214003
0.000200924
0.000182349
0.000159114
0.000132183
0.000102692
7.2e-05
4.1593e-05
1.29518e-05
-1.25292e-05
-3.36532e-05
-4.95957e-05
-6.0003e-05
-6.49484e-05
-6.48041e-05
-6.00707e-05
-5.12669e-05
-3.89493e-05
-2.3746e-05
-6.35246e-06
1.2421e-05
3.15966e-05
5.00984e-05
6.69114e-05
8.11903e-05
9.22747e-05
9.96584e-05
0.000102969
0.000101956
9.64552e-05
8.63556e-05
7.16685e-05
5.2635e-05
2.97819e-05
3.91649e-06
-2.39252e-05
-5.25652e-05
-8.07881e-05
-0.000107455
-0.000131592
-0.000152403
-0.000169229
-0.000181572
-0.000189159
-0.000192007
-0.000190422
-0.00018497
-0.000176467
-0.000165955
-0.000154591
-0.000143534
-0.000133895
-0.00012668
-0.000122744
-0.000122788
-0.00012734
-0.000136729
-0.000151057
-0.000170205
-0.000193797
-0.000221148
-0.000251181
-0.000282367
-0.000312843
-0.000340673
-0.000364023
-0.000381215
-0.000390824
-0.00039181
-0.000383596
-0.000366058
-0.000339474
-0.000304579
-0.000262645
-0.000215417
-0.000164933
-0.000113401
-6.31409e-05
-1.64477e-05
2.46305e-05
5.8415e-05
8.36231e-05
9.94088e-05
0.000105409
0.000101727
8.88666e-05
6.76936e-05
3.94064e-05
5.49892e-06
-3.22994e-05
-7.21011e-05
-0.000111929
-0.000149786
-0.000183762
-0.000212153
-0.000233526
-0.000246776
-0.000251174
-0.00024636
-0.000232292
-0.000209218
-0.000177675
-0.000138493
-9.27766e-05
-4.18962e-05
1.24849e-05
1.24849e-05
6.84408e-05
0.000123904
0.000176789
0.000225066
0.000266877
0.000300703
0.000325457
0.000340425
0.000345233
0.000339931
0.000325095
0.000301861
0.00027188
0.00023725
0.000200365
0.00016364
0.00012915
9.84085e-05
7.24027e-05
5.1751e-05
3.67573e-05
2.74243e-05
2.35299e-05
2.46823e-05
3.02384e-05
3.91999e-05
5.03176e-05
6.23675e-05
7.4333e-05
8.54128e-05
9.50358e-05
0.000102919
0.000108989
0.000113181
0.000115305
0.000115035
0.000111985
0.000105825
9.63547e-05
8.35685e-05
6.77244e-05
4.93589e-05
2.91787e-05
7.91943e-06
-1.37099e-05
-3.50172e-05
-5.53285e-05
-7.40018e-05
-9.04122e-05
-0.000103933
-0.000114056
-0.000120659
-0.000124186
-0.000125552
-0.000125941
-0.000126667
-0.000128952
-0.000133595
-0.000140814
-0.000150402
-0.000162033
-0.000175392
-0.000190137
-0.00020585
-0.000222013
-0.000237907
-0.000252502
-0.000264528
-0.000272735
-0.000276151
-0.000274235
-0.000266965
-0.000254802
-0.000238507
-0.000218926
-0.000196868
-0.000173071
-0.000148214
-0.000123015
-9.83514e-05
-7.52823e-05
-5.49382e-05
-3.8315e-05
-2.60374e-05
-1.81771e-05
-1.42203e-05
-1.31936e-05
-1.38567e-05
-1.49197e-05
-1.52634e-05
-1.40158e-05
-1.04216e-05
-3.72106e-06
6.84199e-06
2.19897e-05
4.23481e-05
6.82444e-05
9.94405e-05
0.000134947
0.000172954
0.000210996
0.000246446
0.000276984
0.0003007
0.000316033
0.000321813
0.000317217
0.000301619
0.000274569
0.000235974
0.000186363
0.000127135
6.06076e-05
-1.01804e-05
-8.185e-05
-0.000151054
-0.000214778
-0.000270551
-0.000316493
-0.000351234
-0.000373789
-0.000383449
-0.000379828
-0.00036304
-0.000333859
-0.000293789
-0.000245047
-0.000190407
-0.000132918
-7.55953e-05
-2.11547e-05
2.81653e-05
7.06619e-05
0.000105133
0.000130798
0.000147233
0.000154344
0.000152374
0.00014197
0.000124312
0.000101103
7.43506e-05
4.61273e-05
1.83942e-05
-7.16195e-06
-2.92357e-05
-4.68819e-05
-5.9428e-05
-6.63895e-05
-6.74044e-05
-6.22379e-05
-5.08577e-05
-3.34817e-05
-1.05599e-05
1.7223e-05
4.89165e-05
8.33762e-05
0.000119436
0.000156009
0.00019208
0.00022672
0.000259067
0.000288275
0.000313487
0.000333869
0.000348686
0.000357425
0.000359912
0.000356348
0.000347252
0.000333389
0.000315677
0.0002951
0.000272648
0.000249269
0.000225892
0.000203432
0.000182772
0.000164703
0.000149903
0.000138886
0.000131906
0.000128923
0.00012965
0.000133625
0.000140259
0.000148887
0.000158826
0.000169394
0.000179889
0.000189574
0.000197716
0.000203621
0.000206656
0.000206324
0.000202333
0.000194597
0.000183219
0.000168495
0.000150895
0.000131013
0.000109538
8.72259e-05
6.4863e-05
4.32295e-05
2.30859e-05
5.14079e-06
-9.99692e-06
-2.18546e-05
-3.01175e-05
-3.46514e-05
-3.55136e-05
-3.29367e-05
-2.72965e-05
-1.90651e-05
-8.74861e-06
3.15832e-06
1.61822e-05
2.98685e-05
4.37841e-05
5.75085e-05
7.06073e-05
8.26441e-05
9.32301e-05
0.000102004
0.000108539
0.00011234
0.000112952
0.000110039
0.000103364
9.27857e-05
7.83068e-05
6.0104e-05
3.84977e-05
1.39097e-05
-1.31413e-05
-4.19986e-05
-7.1826e-05
-0.0001016
-0.000130129
-0.000156126
-0.000178335
-0.000195667
-0.000207262
-0.000212545
-0.000211272
-0.000203474
-0.000189322
-0.000169075
-0.000143125
-0.000112045
-7.66346e-05
-3.7977e-05
2.59706e-06
4.36022e-05
8.34806e-05
0.000120714
0.000153993
0.000182338
0.000205118
0.000222036
0.000233158
0.000238889
0.000239859
0.000236833
0.000230767
0.000222849
0.000214369
0.000206504
0.00020012
0.000195684
0.000193258
0.000192502
0.00019272
0.000193039
0.00019268
0.000190993
0.000187309
0.000180923
0.000171225
0.000157737
0.000140111
0.000118237
9.23616e-05
6.30915e-05
3.13408e-05
-1.7552e-06
-3.50004e-05
-6.73019e-05
-9.77357e-05
-0.000125547
-0.000150176
-0.000171274
-0.000188657
-0.000202229
-0.000211969
-0.000217973
-0.000220434
-0.000219621
-0.000215944
-0.000210017
-0.000202566
-0.000194279
-0.000185741
-0.000177439
-0.000169729
-0.000162833
-0.000156938
-0.000152277
-0.000149137
-0.000147825
-0.000148599
-0.000151595
-0.000156742
-0.000163723
-0.000171999
-0.000180913
-0.000189816
-0.000198144
-0.000205429
-0.000211294
-0.000215444
-0.000215444
-0.000217657
-0.000217774
-0.000215721
-0.000211537
-0.000205423
-0.000197746
-0.000189019
-0.000179893
-0.000171098
-0.000163202
-0.000156492
-0.000151202
-0.000147631
-0.000145913
-0.000145931
-0.000147478
-0.000150278
-0.000153901
-0.000157813
-0.00016149
-0.000164455
-0.00016631
-0.000166784
-0.00016575
-0.000163209
-0.000159243
-0.000153974
-0.000147587
-0.000140354
-0.000132609
-0.000124722
-0.000117089
-0.000110101
-0.000104093
-9.9302e-05
-9.58603e-05
-9.37826e-05
-9.29559e-05
-9.31619e-05
-9.41327e-05
-9.55941e-05
-9.72609e-05
-9.88255e-05
-9.99742e-05
-0.00010039
-9.97333e-05
-9.76602e-05
-9.38613e-05
-8.80987e-05
-8.02404e-05
-7.02923e-05
-5.83874e-05
-4.47401e-05
-2.96132e-05
-1.33037e-05
3.8731e-06
2.15828e-05
3.94338e-05
5.69183e-05
7.33603e-05
8.79315e-05
9.97772e-05
0.000108166
0.000112547
0.000112559
0.000108047
9.90813e-05
8.59201e-05
6.89831e-05
4.89033e-05
2.66078e-05
3.3378e-06
-1.94438e-05
-4.02447e-05
-5.77253e-05
-7.07873e-05
-7.86561e-05
-8.09903e-05
-7.78706e-05
-6.96329e-05
-5.67443e-05
-3.98384e-05
-1.97705e-05
2.41698e-06
2.55455e-05
4.83223e-05
6.94067e-05
8.75705e-05
0.000101879
0.000111781
0.000117101
0.000117975
0.000114748
0.000107885
9.79174e-05
8.54418e-05
7.11362e-05
5.57687e-05
4.01701e-05
2.51592e-05
1.14342e-05
-5.36537e-07
-1.055e-05
-1.85983e-05
-2.47937e-05
-2.93614e-05
-3.26158e-05
-3.48882e-05
-3.64757e-05
-3.7629e-05
-3.8533e-05
-3.92792e-05
-3.98552e-05
-4.01539e-05
-4.00173e-05
-3.93339e-05
-3.80938e-05
-3.63459e-05
-3.418e-05
-3.17642e-05
-2.93141e-05
-2.70138e-05
-2.50162e-05
-2.35042e-05
-2.2691e-05
-2.27509e-05
-2.37671e-05
-2.57221e-05
-2.84965e-05
-3.18618e-05
-3.54936e-05
-3.9046e-05
-4.22635e-05
-4.50483e-05
-4.74493e-05
-4.96168e-05
-5.17647e-05
-5.41267e-05
-5.68905e-05
-6.01367e-05
-6.38404e-05
-6.79177e-05
-7.22244e-05
-7.65331e-05
-8.05768e-05
-8.4107e-05
-8.68769e-05
-8.8591e-05
-8.89221e-05
-8.7579e-05
-8.43497e-05
-7.9123e-05
-7.19187e-05
-6.29156e-05
-5.24464e-05
-4.09569e-05
-2.89465e-05
-1.69138e-05
-5.31954e-06
5.43872e-06
1.50459e-05
2.33159e-05
3.02748e-05
3.6188e-05
4.14814e-05
4.66713e-05
5.23546e-05
5.91421e-05
6.75043e-05
7.76573e-05
8.95824e-05
0.000103109
0.000117936
0.00013361
0.000149586
0.000165312
0.000180215
0.000193631
0.000204847
0.000213241
0.000218361
0.000219963
0.000218041
0.000212835
0.00020475
0.000194196
0.000181462
0.000166737
0.000150197
0.000132058
0.000112586
9.21581e-05
7.12978e-05
5.06588e-05
3.09459e-05
1.28319e-05
-3.06682e-06
-1.61913e-05
-2.60839e-05
-3.24293e-05
-3.50228e-05
-3.37284e-05
-2.85182e-05
-1.95535e-05
-7.22779e-06
7.81548e-06
2.46553e-05
4.21212e-05
5.89134e-05
7.37337e-05
8.54021e-05
9.29837e-05
9.58295e-05
9.35002e-05
8.57352e-05
7.25214e-05
5.41746e-05
3.13863e-05
5.2197e-06
-2.29484e-05
-5.15072e-05
-7.87318e-05
-0.00010297
-0.000122823
-0.000137217
-0.0001454
-0.000146966
-0.000141895
-0.000130516
-0.00011341
-9.13923e-05
-6.55595e-05
-3.72623e-05
-7.98149e-06
2.07638e-05
4.74811e-05
7.08103e-05
8.96367e-05
0.000103149
0.000110835
0.000112469
0.000108102
9.80422e-05
8.28451e-05
6.32947e-05
4.03945e-05
1.53367e-05
-1.05708e-05
-3.5996e-05
-5.9643e-05
-8.02999e-05
-9.69173e-05
-0.000108685
-0.000115062
-0.000115773
-0.000110823
-0.000100504
-8.53655e-05
-6.61627e-05
-4.38147e-05
-1.93636e-05
6.07899e-06
3.13928e-05
5.55328e-05
7.76063e-05
9.68847e-05
0.000112786
0.000124903
0.000133037
0.000137182
0.000137516
0.000134393
0.000128336
0.000120001
0.000110132
9.94801e-05
8.86971e-05
7.82531e-05
6.84432e-05
5.94358e-05
5.12953e-05
4.40014e-05
3.75063e-05
3.17727e-05
2.67315e-05
2.221e-05
1.79272e-05
1.3557e-05
8.79996e-06
3.46956e-06
-2.40064e-06
-8.48816e-06
-1.41891e-05
-1.87003e-05
-2.11941e-05
-2.10359e-05
-1.78653e-05
-1.14963e-05
-1.85404e-06
1.09184e-05
2.63301e-05
4.35414e-05
6.14411e-05
7.86761e-05
9.36714e-05
0.000104766
0.000110455
0.000109622
0.000101696
8.67799e-05
6.58e-05
4.06184e-05
1.38209e-05
-1.18655e-05
-3.39644e-05
-5.01525e-05
-5.82544e-05
-5.66472e-05
-4.46424e-05
-2.25669e-05
8.31604e-06
4.58811e-05
4.58811e-05
8.72605e-05
0.000129233
0.000168843
0.000203789
0.00023229
0.000252819
0.000264156
0.000265521
0.000256388
0.000236281
0.000205003
0.000162965
0.000111109
5.06304e-05
-1.69421e-05
-8.94101e-05
-0.000163812
-0.000236661
-0.000304051
-0.000361581
-0.000404763
-0.000429993
-0.000435085
-0.000419065
-0.000382156
-0.000326181
-0.000254389
-0.000170616
-7.89481e-05
1.58664e-05
0.000108321
0.000192782
0.000264067
0.000317801
0.00035095
0.000362389
0.000353042
0.000325521
0.000283468
0.000230762
0.00017095
0.000107144
4.20216e-05
-2.2213e-05
-8.35601e-05
-0.000139701
-0.000187909
-0.000225616
-0.000250907
-0.000262581
-0.000260264
-0.000244705
-0.000217663
-0.000181271
-0.000137564
-8.85115e-05
-3.61146e-05
1.76508e-05
7.07408e-05
0.000120745
0.000164858
0.000200287
0.000224707
0.000236507
0.000234979
0.000220442
0.000194115
0.000157761
0.000113353
6.29161e-05
8.4805e-06
-4.78797e-05
-0.000103948
-0.000157249
-0.000205082
-0.000244801
-0.000274149
-0.00029145
-0.000295693
-0.000286639
-0.000264801
-0.00023128
-0.000187626
-0.000135848
-7.84651e-05
-1.8499e-05
4.06591e-05
9.55626e-05
0.000143069
0.000180555
0.000206101
0.000218718
0.000218357
0.000205611
0.000181462
0.00014732
0.0001051
5.71157e-05
5.95228e-06
-4.55834e-05
-9.46197e-05
-0.000138537
-0.000175233
-0.000203234
-0.000221701
-0.000230326
-0.00022919
-0.000218688
-0.000199478
-0.000172438
-0.000138706
-9.9774e-05
-5.74909e-05
-1.39223e-05
2.88192e-05
6.87217e-05
0.000103996
0.00013317
0.000155153
0.000169207
0.000174889
0.000172048
0.000160841
0.000141748
0.0001156
8.35917e-05
4.72379e-05
8.27788e-06
-3.14452e-05
-7.01049e-05
-0.000105999
-0.000137623
-0.000163694
-0.000183164
-0.000195224
-0.000199346
-0.000195333
-0.000183352
-0.000163931
-0.00013795
-0.000106619
-7.14029e-05
-3.39098e-05
4.18478e-06
4.1179e-05
7.54051e-05
0.000105314
0.000129552
0.00014703
0.000156964
0.000158924
0.000152883
0.00013923
0.000118736
9.25065e-05
6.19187e-05
2.85517e-05
-5.90756e-06
-3.97711e-05
-7.14362e-05
-9.94369e-05
-0.000122507
-0.000139652
-0.000150176
-0.000153702
-0.000150189
-0.000139934
-0.000123541
-0.000101902
-7.61214e-05
-4.74354e-05
-1.71739e-05
1.32772e-05
4.2551e-05
6.93711e-05
9.25846e-05
0.000111199
0.000124445
0.000131821
0.000133099
0.000128321
0.000117803
0.000102117
8.20593e-05
5.86028e-05
3.28609e-05
6.03901e-06
-2.06224e-05
-4.59139e-05
-6.87142e-05
-8.80339e-05
-0.000103065
-0.000113221
-0.000118147
-0.000117731
-0.000112106
-0.000101635
-8.68795e-05
-6.85905e-05
-4.7669e-05
-2.51017e-05
-1.92483e-06
2.07956e-05
4.20214e-05
6.08162e-05
7.63843e-05
8.80871e-05
9.54708e-05
9.82907e-05
9.65172e-05
9.03309e-05
8.01073e-05
6.63967e-05
4.98982e-05
3.1421e-05
1.18443e-05
-7.90917e-06
-2.69094e-05
-4.42808e-05
-5.92532e-05
-7.11839e-05
-7.95771e-05
-8.41106e-05
-8.4653e-05
-8.12573e-05
-7.41519e-05
-6.37305e-05
-5.05234e-05
-3.51725e-05
-1.84172e-05
-1.05646e-06
1.61037e-05
3.22862e-05
4.67703e-05
5.89242e-05
6.82398e-05
7.43556e-05
7.70558e-05
7.62731e-05
7.21064e-05
6.48133e-05
5.47816e-05
4.25143e-05
2.86138e-05
1.37485e-05
-1.37909e-06
-1.60664e-05
-2.96532e-05
-4.15446e-05
-5.12225e-05
-5.82826e-05
-6.24569e-05
-6.36051e-05
-6.17227e-05
-5.6953e-05
-4.95624e-05
-3.99242e-05
-2.85238e-05
-1.59266e-05
-2.72346e-06
1.04858e-05
2.30953e-05
3.45371e-05
4.43222e-05
5.20396e-05
5.73655e-05
6.01026e-05
6.01855e-05
5.76561e-05
5.26697e-05
4.55082e-05
3.65515e-05
2.62363e-05
1.50473e-05
3.51461e-06
-7.81619e-06
-1.84261e-05
-2.78497e-05
-3.56862e-05
-4.16059e-05
-4.53687e-05
-4.68412e-05
-4.59944e-05
-4.29012e-05
-3.77464e-05
-3.08134e-05
-2.24521e-05
-1.30653e-05
-3.09969e-06
6.98313e-06
1.67294e-05
2.57003e-05
3.34932e-05
3.9773e-05
4.42828e-05
4.6847e-05
4.73838e-05
4.59103e-05
4.25337e-05
3.74432e-05
3.09035e-05
2.32444e-05
1.48404e-05
6.08324e-06
-2.63074e-06
-1.09034e-05
-1.83573e-05
-2.46654e-05
-2.95607e-05
-3.28427e-05
-3.43906e-05
-3.41693e-05
-3.22251e-05
-2.8681e-05
-2.37295e-05
-1.76206e-05
-1.0651e-05
-3.15181e-06
4.52611e-06
1.2029e-05
1.90159e-05
2.5175e-05
2.5175e-05
3.02384e-05
3.39948e-05
3.62977e-05
3.70704e-05
3.63094e-05
3.40852e-05
3.40852e-05
