4.97861e-08
-9.71136e-08
-7.2261e-07
-1.27069e-06
-1.48388e-06
-1.79247e-06
-2.07086e-06
-2.19787e-06
-2.35851e-06
-2.54855e-06
-2.74404e-06
-2.9685e-06
-3.22394e-06
-3.45678e-06
-3.57209e-06
-3.47596e-06
-3.15985e-06
-2.76016e-06
-2.43527e-06
-2.25281e-06
-2.19896e-06
-2.23009e-06
-2.32189e-06
-2.47725e-06
-2.7039e-06
-2.99645e-06
-3.36686e-06
-3.87614e-06
-4.57515e-06
-5.46682e-06
-6.52921e-06
-7.7025e-06
-8.89639e-06
-1.00395e-05
-1.11105e-05
-1.21231e-05
-1.30759e-05
-1.3948e-05
-1.47174e-05
-1.53489e-05
-1.5798e-05
-1.6014e-05
-1.59517e-05
-1.559e-05
-1.49219e-05
-1.39714e-05
-1.27836e-05
-1.1369e-05
-9.72467e-06
-7.85851e-06
-5.76053e-06
-3.41917e-06
-8.57917e-07
1.8814e-06
4.77163e-06
7.78012e-06
1.08589e-05
1.39875e-05
1.71539e-05
2.03498e-05
2.35985e-05
2.69049e-05
3.02484e-05
3.36141e-05
3.69857e-05
4.0348e-05
4.36781e-05
4.69391e-05
5.00927e-05
5.309e-05
5.58642e-05
5.83457e-05
6.04764e-05
6.22e-05
6.34494e-05
6.41749e-05
6.4335e-05
6.38639e-05
6.26848e-05
6.07207e-05
5.78921e-05
5.41387e-05
4.94368e-05
4.38005e-05
3.7287e-05
2.99848e-05
2.19792e-05
1.33317e-05
4.08576e-06
-5.7309e-06
-1.61012e-05
-2.69969e-05
-3.83572e-05
-5.00789e-05
-6.20253e-05
-7.40331e-05
-8.59366e-05
-9.75926e-05
-0.00010888
-0.000119718
-0.000130036
-0.000139733
-0.000148729
-0.000156944
-0.000164268
-0.000170594
-0.000175841
-0.000179898
-0.000182628
-0.000183922
-0.000183678
-0.000181807
-0.000178288
-0.000173186
-0.00016662
-0.000158723
-0.000149632
-0.000139456
-0.000128258
-0.000116079
-0.0001029
-8.86874e-05
-7.34491e-05
-5.71973e-05
-3.98962e-05
-2.15043e-05
-2.03744e-06
1.85016e-05
4.01574e-05
6.29456e-05
8.68546e-05
0.000111858
0.000137867
0.000164702
0.000192068
0.000219515
0.000246445
0.000272135
0.000295825
0.000316749
0.000334139
0.000347312
0.000355748
0.000359055
0.000356826
0.000348486
0.000333275
0.000310316
0.000278621
0.000237468
0.000187133
0.000128888
6.45867e-05
-3.34563e-06
-7.20497e-05
-0.000138874
-0.000202187
-0.000261036
-0.000314506
-0.000361819
-0.000402068
-0.000433896
-0.00045557
-0.000465426
-0.000462476
-0.000446652
-0.000418863
-0.000380861
-0.000334942
-0.000283425
-0.00022813
-0.000170295
-0.000110704
-4.99116e-05
1.1452e-05
7.26222e-05
0.000132793
0.000191151
0.000246767
0.00029846
0.000345158
0.000386192
0.000421108
0.000449674
0.000472007
0.000488915
0.000502102
0.000513498
0.000524815
0.000537618
0.000553015
0.000571361
0.000592536
0.000616766
0.000644999
0.000678626
0.00071952
0.000769736
0.000830263
0.000899532
0.00097251
0.00104063
0.00109129
0.00111008
0.00108744
0.00102015
0.000908964
0.000759599
0.000582505
0.000388514
0.000183049
-3.28616e-05
-0.000258391
-0.000492917
-0.000734037
-0.000974539
-0.00120185
-0.00140035
-0.00155597
-0.00165931
-0.00170715
-0.00170275
-0.0016544
-0.00157247
-0.00146613
-0.00134152
-0.00120215
-0.00105058
-0.000890853
-0.000729206
-0.000573682
-0.000433597
-0.000317545
-0.000230921
-0.000174752
-0.000145976
-0.000138718
-0.000146065
-0.000161735
-0.000181172
-0.000201634
-0.000220813
-0.00023524
-0.000239824
-0.000228049
-0.000192809
-0.000127846
-2.91093e-05
0.000104483
0.000271108
0.000466792
0.000686508
0.000925008
0.00117715
0.00143769
0.00170058
0.00195824
0.00220163
0.00242155
0.00260942
0.00275774
0.00286086
0.00291445
0.00291496
0.00286056
0.00274935
0.00257564
0.00232855
0.00198966
0.00154262
0.000993753
0.000368109
-0.000303642
-0.000982796
-0.00162593
-0.00219909
-0.00268986
-0.00309844
-0.00342532
-0.00367313
-0.0038395
-0.00390821
-0.00385168
-0.00364322
-0.00327126
-0.00274431
-0.00209026
-0.00135175
-0.000577703
0.000186745
0.000908308
0.00156672
0.0021511
0.00265472
0.0030704
0.0033863
0.00358264
0.0036328
0.0035053
0.0031788
0.00266811
0.00201741
0.001279
0.000511803
-0.000225479
-0.000891782
-0.00147565
-0.00198232
-0.00241585
-0.00277755
-0.0030572
-0.00322567
-0.00324325
-0.0030788
-0.002728
-0.00221817
-0.00160333
-0.000947812
-0.000308243
0.000270547
0.000758351
0.00114268
0.00114268
0.00142049
0.00158587
0.00162404
0.0015177
0.00125655
0.000842969
0.000299946
-0.000326569
-0.000976616
-0.00159144
-0.00212585
-0.00255198
-0.00285817
-0.00304419
-0.00311365
-0.00306663
-0.00289665
-0.00259471
-0.00215755
-0.00159617
-0.000939649
-0.000232899
0.000469951
0.00111562
0.00166098
0.00207886
0.00235957
0.00250596
0.00252689
0.00243302
0.00223452
0.00194023
0.00155884
0.00110479
0.000602464
8.3143e-05
-0.00041875
-0.000869756
-0.00124234
-0.00151832
-0.0016896
-0.00175577
-0.00172087
-0.00159131
-0.00137579
-0.00108662
-0.000740878
-0.000361711
2.18729e-05
0.000380909
0.000694129
0.000947009
0.00112993
0.00124057
0.00128182
0.00125656
0.00116427
0.00100403
0.000778751
0.000495885
0.000170125
-0.000175131
-0.000510999
-0.000809335
-0.00104858
-0.00121595
-0.00130966
-0.00134097
-0.0013289
-0.00129026
-0.0012348
-0.00116461
-0.00107337
-0.000950612
-0.000791948
-0.00060271
-0.000394581
-0.000184178
1.03248e-05
0.000175313
0.000306812
0.000412493
0.0005073
0.000604153
0.000698807
0.000763445
0.000766981
0.000690641
0.000527179
0.000287729
6.23169e-06
-0.00027425
-0.000523971
-0.000729675
-0.000888291
-0.00101067
-0.00111453
-0.00121029
-0.00129408
-0.00134839
-0.00135027
-0.00128139
-0.00113426
-0.000911876
-0.000628137
-0.000308526
1.93749e-05
0.000335119
0.000624885
0.000877854
0.00108438
0.00123855
0.00133871
0.00138543
0.00138385
0.00134489
0.00128087
0.00120014
0.00110608
0.000999544
0.000880154
0.000748437
0.000607714
0.000464215
0.000327434
0.000208848
0.000118236
6.05405e-05
3.49791e-05
3.70175e-05
6.11922e-05
0.000103342
0.0001625
0.000240519
0.000339162
0.000457045
0.000588237
0.000722493
0.000845654
0.000942399
0.00100167
0.0010181
0.000990954
0.000924573
0.000827351
0.000708394
0.000573077
0.000423319
0.000261394
9.10529e-05
-8.09667e-05
-0.000243371
-0.000381016
-0.000476998
-0.000516016
-0.000487216
-0.000385417
-0.000211395
2.81743e-05
0.000321121
0.000650677
0.000996216
0.00133182
0.00162988
0.00187194
0.00204838
0.00215278
0.00218482
0.00215038
0.00205468
0.00189506
0.00166457
0.00135892
0.000976902
0.00052516
2.45582e-05
-0.000490932
-0.000982992
-0.0014181
-0.00177175
-0.00203109
-0.00219528
-0.00227211
-0.00227086
-0.00219624
-0.00204779
-0.0018219
-0.00151582
-0.00113268
-0.000684906
-0.000194112
0.000312852
0.000809367
0.00127373
0.00169149
0.00205523
0.00236235
0.00261162
0.00279999
0.00292191
0.00297211
0.00294783
0.00285033
0.00268678
0.00246847
0.00220482
0.00189899
0.00154978
0.00115673
0.000724512
0.000269285
-0.000179545
-0.000591351
-0.000943082
-0.00121944
-0.00141762
-0.00155121
-0.00164474
-0.00171951
-0.00178459
-0.00183823
-0.00187026
-0.0018666
-0.00181715
-0.00172456
-0.00160723
-0.00149095
-0.00139863
-0.00134383
-0.00132792
-0.00134107
-0.00136419
-0.0013762
-0.00136386
-0.00132349
-0.00125775
-0.00117197
-0.00106997
-0.000949886
-0.000802642
-0.000615286
-0.000376803
-8.33888e-05
0.000258236
0.000629782
0.00100313
0.00134344
0.00162088
0.00182792
0.00197429
0.00207331
0.00214098
0.00219135
0.00222665
0.00223219
0.00218657
0.00207454
0.00188923
0.00163704
0.00134126
0.00103699
0.000759486
0.000532702
0.000366633
0.000256325
0.000179915
0.000105842
7.53315e-06
-0.000128022
-0.000299482
-0.000490605
-0.000675801
-0.000838476
-0.000981961
-0.00112306
-0.0012854
-0.00149321
-0.00176275
-0.00209637
-0.00247837
-0.00287893
-0.00326538
-0.00360982
-0.00389071
-0.00409369
-0.00421394
-0.00424971
-0.00419163
-0.00402348
-0.00373012
-0.00330482
-0.00275071
-0.00208157
-0.00132454
-0.00051548
0.00030861
0.00111425
0.00187183
0.00255417
0.00313573
0.00358921
0.00388462
0.00399609
0.00390689
0.00361209
0.00312254
0.00246558
0.0016803
0.00081046
-9.91612e-05
-0.00100475
-0.00186642
-0.0026473
-0.00331103
-0.00382176
-0.00414565
-0.00425556
-0.00413837
-0.00380321
-0.00328032
-0.00260574
-0.00181481
-0.00181481
-0.00094396
-2.47994e-05
0.000918115
0.00186008
0.00276759
0.00360012
0.00431597
0.00487325
0.00523703
0.00538953
0.00533506
0.00509684
0.0047075
0.00420084
0.0036056
0.00294178
0.0022221
0.00145787
0.000664867
-0.00013405
-0.000909941
-0.00163011
-0.00226131
-0.00277701
-0.00316309
-0.00341655
-0.00354221
-0.00355006
-0.00345326
-0.0032638
-0.00299036
-0.0026422
-0.00223119
-0.00177221
-0.00128314
-0.0007842
-0.000296428
0.000161386
0.000574578
0.000931725
0.00122243
0.00143663
0.00156522
0.00160014
0.00153503
0.00136925
0.00111321
0.00078613
0.000411415
1.5919e-05
-0.000372955
-0.000732791
-0.00105041
-0.00131842
-0.00153037
-0.00168146
-0.00176805
-0.00178597
-0.00172987
-0.00159699
-0.00139201
-0.00112621
-0.000815748
-0.000480914
-0.000145624
0.000166354
0.00043607
0.000649424
0.000796804
0.000873892
0.000881793
0.000825902
0.000714518
0.000558855
0.000373318
0.000174896
-1.85545e-05
-0.000188979
-0.000318224
-0.000389713
-0.000390822
-0.000314972
-0.000161478
6.55621e-05
0.00035713
0.000699842
0.00107708
0.0014712
0.0018658
0.00224436
0.00258917
0.0028829
0.00310915
0.00325113
0.00329091
0.00321369
0.00301167
0.00268327
0.00223427
0.00168069
0.00104837
0.000367091
-0.000334085
-0.001027
-0.00168573
-0.00228828
-0.00281631
-0.00325244
-0.00357861
-0.00377865
-0.00384135
-0.00376225
-0.0035432
-0.00319369
-0.00273232
-0.00218336
-0.00157275
-0.000926388
-0.000270615
0.000367793
0.00096299
0.00148952
0.00192212
0.00223761
0.00241848
0.00245599
0.00235071
0.00211216
0.00175813
0.0013125
0.000801535
0.000251319
-0.00031241
-0.000863926
-0.0013775
-0.00182757
-0.00218955
-0.00244104
-0.00256407
-0.00254777
-0.00239003
-0.00209703
-0.001681
-0.00115923
-0.000553305
0.000112792
0.000813278
0.00151933
0.00219833
0.00281646
0.00334188
0.00374593
0.00400573
0.00410707
0.00404566
0.00382583
0.00345786
0.00295603
0.00233644
0.00161604
0.000815186
-3.97752e-05
-0.000916542
-0.00177803
-0.00258438
-0.00329691
-0.00388262
-0.00431679
-0.00458372
-0.00467679
-0.00459661
-0.00434816
-0.00393895
-0.00337934
-0.00268407
-0.001874
-0.000976887
-2.68107e-05
0.000937698
0.00187718
0.00275511
0.00354042
0.00420925
0.00474523
0.00513716
0.00537652
0.00545622
0.00537063
0.00511581
0.00469287
0.00411499
0.00340754
0.00260368
0.00174315
0.000869323
2.26018e-05
-0.000766306
-0.00147566
-0.00208876
-0.00259396
-0.00298354
-0.00325093
-0.00338878
-0.0033919
-0.0032628
-0.00301274
-0.00266045
-0.00223035
-0.00175108
-0.00125295
-0.000763533
-0.000305963
0.000100662
0.000440619
0.000701201
0.000873726
0.000953836
0.000941446
0.000841758
0.000665186
0.000425689
0.000138749
-0.000179961
-0.000515049
-0.000851813
-0.00117508
-0.00146736
-0.00171026
-0.0018865
-0.00198098
-0.00198313
-0.00188952
-0.00170413
-0.00143563
-0.00109496
-0.00069429
-0.000245281
0.000241417
0.000754394
0.0012796
0.00179958
0.00229391
0.00274084
0.00311981
0.00341378
0.00361099
0.0037054
0.00369564
0.0035832
0.00337169
0.00306767
0.00268078
0.00222362
0.00171289
0.00116973
0.000617452
7.75342e-05
-0.000432024
-0.000896814
-0.0013075
-0.00165979
-0.00195138
-0.00217787
-0.0023339
-0.00241638
-0.00242457
-0.00236114
-0.00223392
-0.00205665
-0.00184689
-0.00162211
-0.00139758
-0.00118456
-0.000989222
-0.000813486
-0.00065715
-0.000520218
-0.000403811
-0.000309611
-0.000238898
-0.00019187
-0.000166951
-0.000160231
-0.000165993
-0.000178221
-0.000191553
-0.000200928
-0.000202009
-0.000191604
-0.000166562
-0.00012313
-5.88597e-05
2.41577e-05
0.000120052
0.000221718
0.000320944
0.000409585
0.000481517
0.000532957
0.000561049
0.000562983
0.000536305
0.000478536
0.000387026
0.00025925
9.43255e-05
-0.000104805
-0.000331183
-0.000574875
-0.000824598
-0.00106951
-0.0012998
-0.00150679
-0.0016829
-0.0018212
-0.00191496
-0.00195739
-0.00194173
-0.00186214
-0.0017154
-0.00150341
-0.00123577
-0.00123577
-0.000928419
-0.000599282
-0.000265941
5.56773e-05
0.000353898
0.000623278
0.000862893
0.00107163
0.00124606
0.00138072
0.00146788
0.00149906
0.00146887
0.00137908
0.00123932
0.00106446
0.000871926
0.000678963
0.000499506
0.000341989
0.000209537
0.000102467
2.05146e-05
-3.57624e-05
-6.4368e-05
-6.25207e-05
-2.83605e-05
3.73022e-05
0.000130459
0.000244329
0.000370038
0.000498294
0.000621312
0.000733464
0.000831273
0.000912757
0.000976103
0.00101907
0.00103909
0.00103361
0.00100073
0.000940349
0.000855148
0.000750051
0.000630861
0.000503701
0.000374094
0.000246164
0.000122793
6.16467e-06
-0.000101582
-0.000197966
-0.000280317
-0.000346014
-0.000392448
-0.000417649
-0.00042111
-0.000403627
-0.000366705
-0.000312474
-0.000245073
-0.000172433
-0.000106539
-6.20254e-05
-5.37884e-05
-9.17179e-05
-0.000175657
-0.000299058
-0.000453277
-0.000626869
-0.000807663
-0.000987466
-0.0011652
-0.00134237
-0.00151718
-0.00168422
-0.00183241
-0.00194439
-0.00200064
-0.0019855
-0.00189179
-0.00172107
-0.00148212
-0.00118855
-0.000855767
-0.000497657
-0.000124451
0.000256091
0.000635593
0.0010025
0.00134215
0.00163809
0.00187398
0.00203711
0.0021217
0.00212996
0.00206981
0.00195162
0.00178594
0.00158143
0.00134341
0.0010754
0.000783719
0.000480396
0.000182282
-9.05285e-05
-0.000317006
-0.000479598
-0.000568907
-0.000583969
-0.000529568
-0.000414256
-0.000247333
-3.63572e-05
0.000211219
0.000482747
0.000756063
0.000999432
0.00117544
0.00125449
0.00122795
0.00110108
0.000885803
0.000603238
0.000276572
-8.19643e-05
-0.00047682
-0.000918206
-0.00140949
-0.00194361
-0.0024954
-0.00301876
-0.00345852
-0.0037688
-0.00392516
-0.00392571
-0.00378764
-0.00353868
-0.00320598
-0.00280686
-0.00234515
-0.00181535
-0.00121104
-0.000534379
0.000196944
0.000951014
0.00168885
0.0023722
0.00296807
0.0034509
0.00380768
0.00403746
0.00414385
0.00413217
0.00400974
0.00378411
0.00346116
0.00304822
0.00255881
0.00201128
0.00142606
0.0008254
0.000233895
-0.00032339
-0.000824369
-0.00125132
-0.0015915
-0.00183753
-0.00198747
-0.00204349
-0.00201007
-0.00189401
-0.001704
-0.00145121
-0.00115104
-0.000820698
-0.000476767
-0.000135975
0.000186578
0.000480106
0.000738475
0.000958648
0.00113788
0.00127027
0.00134051
0.00132585
0.00121276
0.00100269
0.000706435
0.00034641
-4.42728e-05
-0.000431813
-0.000792936
-0.00111589
-0.00139608
-0.00163568
-0.00183736
-0.001995
-0.00209098
-0.00210228
-0.00201171
-0.00181662
-0.00153439
-0.00119865
-0.000844906
-0.000502711
-0.000193162
7.65337e-05
0.000311812
0.000520289
0.000700581
0.000841798
0.000928006
0.000940729
0.000867968
0.000714489
0.000504182
0.000272887
5.71892e-05
-0.000113803
-0.000224137
-0.000272426
-0.000267714
-0.000221847
-0.000142466
-3.03913e-05
0.000118343
0.000308104
0.000539391
0.000803638
0.0010814
0.00134748
0.00157785
0.00175427
0.00186506
0.00190505
0.00187474
0.00177689
0.00161512
0.00139512
0.00112484
0.00081493
0.000480637
0.000142143
-0.000177575
-0.000457546
-0.000684468
-0.00085325
-0.000964152
-0.00102069
-0.00102646
-0.000981409
-0.000881968
-0.000726541
-0.000519334
-0.00027048
2.43779e-06
0.000274687
0.000519199
0.000713138
0.00084244
0.000902965
0.00089973
0.000843166
0.000743075
0.0006052
0.00043183
0.000224081
-1.45775e-05
-0.000275257
-0.000543175
-0.000798505
-0.00101904
-0.00118477
-0.00128151
-0.00130268
-0.00124983
-0.00113097
-0.000957555
-0.00074219
-0.000498883
-0.000242589
1.36505e-05
0.000256822
0.000472
0.000646108
0.000770956
0.000842367
0.000855477
0.000804558
0.000686462
0.000499354
0.000243245
-7.45152e-05
-0.000435238
-0.000812684
-0.00117838
-0.00150304
-0.00176006
-0.00193124
-0.00201047
-0.00199992
-0.00190389
-0.00172718
-0.00147316
-0.00114301
-0.000738219
-0.000265739
0.000257983
0.000807981
0.00135306
0.0018604
0.00230182
0.0026563
0.00291072
0.00305995
0.00310418
0.00304561
0.00288689
0.00263187
0.00228729
0.00186439
0.00186439
0.00137999
0.000856358
0.000319692
-0.000203151
-0.000688519
-0.00111777
-0.00147714
-0.00175634
-0.00194724
-0.00204376
-0.00204184
-0.00193999
-0.00174078
-0.00145243
-0.00108958
-0.000671456
-0.0002198
0.000242133
0.000691366
0.00110746
0.00147447
0.00177955
0.00201076
0.00215789
0.00221219
0.00216618
0.00201658
0.0017672
0.00142917
0.00102022
0.00056395
8.69639e-05
-0.000385564
-0.000831023
-0.00122931
-0.00156421
-0.00182296
-0.00199517
-0.00207307
-0.00205262
-0.00193506
-0.00172808
-0.0014467
-0.00111175
-0.000745871
-0.000372195
-1.29494e-05
0.000313849
0.000595597
0.000823427
0.000988761
0.00108372
0.00110368
0.00104697
0.00091602
0.000719417
0.000471954
0.000193258
-9.53529e-05
-0.000374061
-0.000627993
-0.000849149
-0.00103402
-0.00118119
-0.00129015
-0.00135923
-0.00138506
-0.00136425
-0.0012956
-0.001182
-0.00103071
-0.000852852
-0.000661552
-0.000469392
-0.000286674
-0.000119395
3.06615e-05
0.000163272
0.00027818
0.000374408
0.000449714
0.00050061
0.000523225
0.000514734
0.000473785
0.000401093
0.000300597
0.00017789
3.78248e-05
-0.000115792
-0.000280123
-0.000452118
-0.000626896
-0.000798017
-0.00095807
-0.00109895
-0.00121262
-0.00129274
-0.00133651
-0.0013438
-0.00131615
-0.00125676
-0.00116916
-0.00105581
-0.000918211
-0.000758523
-0.000581028
-0.000392084
-0.000199709
-1.30623e-05
0.000158419
0.000306764
0.000426954
0.000516786
0.000576259
0.000606808
0.000610607
0.000590059
0.000547552
0.000486011
0.000409517
0.00032348
0.000234301
0.000148656
7.27852e-05
1.18652e-05
-3.06175e-05
-5.28082e-05
-5.36603e-05
-3.26012e-05
1.05201e-05
7.58075e-05
0.000163519
0.000273817
0.000405804
0.000557098
0.000724369
0.000903652
0.00109053
0.00127922
0.00146084
0.00162368
0.00175464
0.00184016
0.00186753
0.0018287
0.00172356
0.00155597
0.00133083
0.00105656
0.000744681
0.000406881
5.14242e-05
-0.00031474
-0.000681787
-0.00103836
-0.00137232
-0.00167004
-0.0019161
-0.00209593
-0.00219933
-0.00222003
-0.00215495
-0.00200575
-0.00178141
-0.00149596
-0.00116428
-0.000801897
-0.000424848
-4.89872e-05
0.000310888
0.000641602
0.000930932
0.00116769
0.00134235
0.00144767
0.001479
0.0014344
0.00131548
0.00112772
0.000879483
0.000581037
0.000244301
-0.000116904
-0.000487214
-0.000850476
-0.00118938
-0.00148518
-0.00171993
-0.00187885
-0.00195127
-0.00193215
-0.00182377
-0.00163544
-0.00137974
-0.00106917
-0.000716156
-0.000332891
6.78953e-05
0.000470823
0.000857768
0.00120919
0.0015056
0.00173013
0.00187176
0.00192667
0.00189674
0.00178825
0.0016105
0.00137267
0.00108218
0.00074637
0.000376157
-1.31322e-05
-0.000403075
-0.000772358
-0.00109826
-0.0013601
-0.00154377
-0.0016434
-0.00165984
-0.0015994
-0.00147192
-0.00128716
-0.00105171
-0.000770341
-0.000449477
-9.86832e-05
0.000267975
0.00063154
0.000970579
0.00126431
0.00149547
0.00165275
0.00173154
0.00173286
0.0016619
0.00152615
0.00133344
0.00109177
0.000810583
0.000501887
0.000180051
-0.00013832
-0.000435693
-0.000696479
-0.000909335
-0.00106774
-0.00116857
-0.0012114
-0.00119812
-0.00113106
-0.00101177
-0.000841887
-0.000626059
-0.000372931
-9.38311e-05
0.00019749
0.000486126
0.000757967
0.00100124
0.00120799
0.00137373
0.00149606
0.00157364
0.00160557
0.0015914
0.00153093
0.00142487
0.00127633
0.00109024
0.000872611
0.00063164
0.000377771
0.000122147
-0.00012403
-0.000349496
-0.000543742
-0.000698582
-0.000808124
-0.000868203
-0.000877194
-0.000836183
-0.000748379
-0.000618236
-0.000450782
-0.000251802
-2.79549e-05
0.000213257
0.000463004
0.000710754
0.000945296
0.00115584
0.00133193
0.00146234
0.0015354
0.00154292
0.00148201
0.00135351
0.00116225
0.000917236
0.000629869
0.000311447
-2.75681e-05
-0.000376728
-0.000725915
-0.00106476
-0.00138125
-0.0016616
-0.00189088
-0.00205491
-0.00214314
-0.00215015
-0.0020753
-0.00192161
-0.00169474
-0.0014029
-0.00105733
-0.000674098
-0.000274987
0.000117003
0.000481461
0.000481461
0.000800815
0.00106251
0.00126192
0.00140113
0.00148324
0.00151033
0.00148429
0.00140451
0.00126666
0.00106538
0.000801133
0.000483557
0.000128381
-0.000244051
-0.000608753
-0.000938504
-0.00121132
-0.00141535
-0.00154614
-0.00160465
-0.00159674
-0.00153088
-0.00141438
-0.0012508
-0.00104204
-0.000791463
-0.000505163
-0.000192427
0.00013386
0.0004561
0.000754092
0.00100989
0.00120984
0.00134449
0.0014084
0.00140125
0.00132734
0.00119343
0.00100811
0.000781851
0.000526549
0.000255321
-1.77483e-05
-0.000278011
-0.000510988
-0.000703781
-0.000846529
-0.000932132
-0.000955232
-0.00091209
-0.000800338
-0.000620732
-0.000381128
-9.62658e-05
0.000214778
0.000528931
0.0008201
0.00106385
0.0012434
0.00134866
0.00137396
0.00132004
0.00119313
0.00100032
0.000744704
0.000428576
5.96015e-05
-0.000349717
-0.000781679
-0.00121258
-0.00161467
-0.00196003
-0.00222522
-0.00239385
-0.0024575
-0.00241568
-0.00227408
-0.0020417
-0.00172837
-0.00134482
-0.000906143
-0.00043519
4.02739e-05
0.000492188
0.000893794
0.0012224
0.00146306
0.00160882
0.00165746
0.00160964
0.001469
0.0012406
0.00093112
0.000551117
0.000117116
-0.000345957
-0.000805697
-0.00122753
-0.00157977
-0.00183813
-0.00198833
-0.00202437
-0.00194572
-0.0017556
-0.00145968
-0.00106628
-0.000587363
-3.99386e-05
0.00055244
0.00115947
0.00174476
0.00227002
0.00270304
0.0030203
0.00320637
0.00325465
0.00316645
0.00294877
0.00261169
0.0021681
0.00163553
0.00103624
0.000397504
-0.000248531
-0.00086726
-0.00142441
-0.00189033
-0.00224406
-0.0024749
-0.0025805
-0.00256227
-0.00242532
-0.00217943
-0.00183655
-0.0014103
-0.000917874
-0.000382296
0.000168515
0.000704929
0.00119726
0.00161821
0.00194625
0.00216838
0.00227973
0.00228071
0.00217553
0.00197139
0.0016773
0.00130357
0.00086229
0.00036861
-0.000158346
-0.000695105
-0.00121426
-0.00168754
-0.00208946
-0.00239952
-0.00260376
-0.00269539
-0.00267401
-0.00254386
-0.00231195
-0.00198757
-0.00158245
-0.0011111
-0.000591322
-4.42592e-05
0.000505946
0.0010337
0.00151494
0.00192878
0.00225695
0.00248325
0.00259496
0.00258383
0.0024458
0.0021831
0.00180796
0.00134276
0.000815205
0.000255071
-0.000307087
-0.000843302
-0.00133132
-0.00175503
-0.00210058
-0.00235388
-0.00250241
-0.00253669
-0.00245168
-0.00224769
-0.00193333
-0.00152766
-0.00105665
-0.000548777
-3.10935e-05
0.00047288
0.00094344
0.00136501
0.00172483
0.0020113
0.00221368
0.0023232
0.00233591
0.0022539
0.00208454
0.00183934
0.00153288
0.00118254
0.000805365
0.000415072
2.37406e-05
-0.000356522
-0.000712895
-0.00103203
-0.00130139
-0.00151001
-0.00165
-0.00171753
-0.00171295
-0.00164048
-0.00150642
-0.00131752
-0.00108096
-0.000803898
-0.000494619
-0.000164973
0.000169332
0.00049009
0.000778154
0.00101536
0.00118729
0.00128597
0.00130954
0.00126077
0.00114659
0.000976738
0.000761334
0.000508646
0.000227182
-7.13435e-05
-0.00037285
-0.000662054
-0.000923756
-0.00114378
-0.0013098
-0.00141304
-0.00144837
-0.00141333
-0.00130793
-0.00113597
-0.000904672
-0.000622913
-0.000301726
4.4748e-05
0.000399454
0.000744456
0.0010636
0.00134334
0.00157298
0.00174486
0.00185465
0.00190139
0.00188603
0.00181096
0.00168097
0.00150314
0.00128576
0.00103704
0.000765724
0.000481514
0.000193387
-9.12217e-05
-0.000364662
-0.000616852
-0.00083821
-0.00102249
-0.00116503
-0.0012619
-0.00131075
-0.00131281
-0.00127209
-0.00119252
-0.00107854
-0.000935148
-0.000767078
-0.000578864
-0.000375404
-0.000163409
4.83288e-05
0.000249308
0.000428252
0.000575249
0.000681899
0.000741474
0.000751108
0.000712653
0.000631462
0.000513659
0.000365455
0.00019412
7.19837e-06
-0.000187367
-0.00038028
-0.000560994
-0.000718485
-0.000842715
-0.000925945
-0.000963912
-0.000956114
-0.000904755
-0.000814775
-0.000693542
-0.000549023
-0.000389502
-0.000223726
-5.99681e-05
9.4488e-05
0.000233331
0.000351504
0.000446012
0.000515673
0.000515673
0.000559925
0.0005795
0.00057697
0.00055558
0.000519048
0.00047203
0.000420289
0.000369903
0.000325875
0.000291507
0.000267345
0.000250989
0.000238773
0.000225826
0.000205768
0.00017218
0.000119842
4.72346e-05
-4.18211e-05
-0.000141299
-0.000245317
-0.00034789
-0.000443581
-0.000529054
-0.000603734
-0.000666509
-0.00071352
-0.00073956
-0.000737854
-0.000700832
-0.000623347
-0.000505507
-0.00035328
-0.00017657
1.3477e-05
0.000207119
0.000396824
0.000576556
0.000741539
0.000887279
0.00100759
0.00109433
0.00113968
0.00113837
0.00108895
0.000994964
0.000864835
0.000709396
0.000538555
0.000359303
0.00017573
-1.00435e-05
-0.000196423
-0.000380426
-0.000556073
-0.000714803
-0.000847191
-0.000944495
-0.000999956
-0.00101033
-0.000977499
-0.000906751
-0.000803657
-0.000673446
-0.000521216
-0.000352758
-0.000175034
4.12259e-06
0.000175795
0.000330552
0.000459907
0.000557547
0.000619362
0.000642899
0.000627834
0.000575929
0.000490077
0.000373532
0.000229626
6.33239e-05
-0.000117606
-0.000303596
-0.000484165
-0.000648568
-0.000786637
-0.000889982
-0.000953036
-0.000973116
-0.000950718
-0.000889743
-0.000796213
-0.00067648
-0.000536398
-0.000381126
-0.00021459
-3.96918e-05
0.000139996
0.00031978
0.000494671
0.000659345
0.000808649
0.000938334
0.00104524
0.00112803
0.00118712
0.00122345
0.00123735
0.0012287
0.00119815
0.00114607
0.00107191
0.00097589
0.000859111
0.000723352
0.000571491
0.000406948
0.000233403
5.51256e-05
-0.0001225
-0.000292823
-0.000449002
-0.000584551
-0.000693383
-0.000770672
-0.000813007
-0.000818314
-0.000786192
-0.000717702
-0.000615256
-0.000482887
-0.000326694
-0.000154958
2.29648e-05
0.000197135
0.000357113
0.000493226
0.000597329
0.000662986
0.000685623
0.00066223
0.000591448
0.000474057
0.000313831
0.000118049
-0.000103619
-0.000339806
-0.000577641
-0.000804279
-0.00100797
-0.00117853
-0.00130774
-0.00138909
-0.00141769
-0.00139091
-0.00130922
-0.00117678
-0.00100068
-0.000790675
-0.000559209
-0.000319663
-8.46535e-05
0.000135055
0.000330658
0.000494685
0.000620983
0.000704558
0.00074123
0.000727687
0.000662297
0.000546664
0.000386008
0.000188466
-3.52102e-05
-0.000272112
-0.000508633
-0.000732693
-0.00093465
-0.00110674
-0.00124286
-0.00133853
-0.00139091
-0.00139802
-0.00135862
-0.00127314
-0.0011442
-0.000976467
-0.00077652
-0.000552736
-0.000314595
-7.11157e-05
0.000171122
0.00040829
0.000636452
0.000850484
0.00104527
0.00121514
0.00135324
0.00145279
0.0015099
0.0015244
0.00149873
0.00143794
0.0013481
0.00123336
0.00109546
0.000934566
0.000750721
0.000545863
0.000325313
9.78033e-05
-0.000125979
-0.000334829
-0.00051843
-0.000669233
-0.000782966
-0.000858087
-0.000895048
-0.00089443
-0.000855885
-0.000779102
-0.000664896
-0.00051596
-0.000337363
-0.000136869
7.53861e-05
0.00028812
0.000489681
0.000668845
0.000816406
0.000925753
0.000992405
0.00101397
0.000990665
0.000925592
0.000823499
0.000689972
0.000531779
0.000356487
0.000171713
-1.52458e-05
-0.00019731
-0.000367335
-0.00051856
-0.000645114
-0.000742231
-0.000806065
-0.000833392
-0.000822634
-0.000774444
-0.000690853
-0.000574931
-0.000431644
-0.000268994
-9.66293e-05
7.58499e-05
0.000238498
0.000381344
0.00049624
0.000578826
0.000627364
0.000641146
0.00062151
0.000572045
0.000496983
0.000398837
0.00027956
0.000143062
-5.50802e-06
-0.000160042
-0.000312707
-0.000453661
-0.000572636
-0.000661268
-0.000713615
-0.00072655
-0.000700254
-0.000638031
-0.000545234
-0.000427649
-0.000290802
-0.000140012
1.9369e-05
0.000181746
0.000341186
0.000491288
0.000625447
0.000737633
0.000823198
0.000879305
0.000905023
0.000901211
0.000870147
0.000815009
0.000739457
0.00064761
0.000544257
0.000434886
0.000325437
0.000221554
0.000127672
4.69935e-05
-1.83775e-05
-6.76932e-05
-0.000101346
-0.000120432
-0.000126392
-0.000120723
-0.000105224
-8.20215e-05
-5.3183e-05
-2.02742e-05
1.55052e-05
5.20194e-05
8.6266e-05
0.000115117
0.000134596
0.000139338
0.000123895
8.56838e-05
2.51541e-05
-5.55508e-05
-0.000151793
-0.000151793
-0.000256474
-0.000362219
-0.000464295
-0.000560076
-0.000646709
-0.00072114
-0.000779197
-0.000814797
-0.000821258
-0.000792412
-0.000724453
-0.000618236
-0.000480434
-0.00032193
-0.000153277
1.65628e-05
0.000179691
0.000331045
0.000467839
0.000586545
0.000680527
0.000740747
0.000758099
0.000724623
0.000635845
0.000494149
0.000310281
0.000100655
-0.000116907
-0.000325768
-0.000512673
-0.000670002
-0.000795942
-0.000890576
-0.000952527
-0.000978919
-0.000965359
-0.000906367
-0.000797266
-0.000637621
-0.000433347
-0.000195479
6.1649e-05
0.000322478
0.000572313
0.000798982
0.000993402
0.00114829
0.00125644
0.00131072
0.00130625
0.00124071
0.00111418
0.000931222
0.000701694
0.00043878
0.000155496
-0.000136383
-0.000425844
-0.000703704
-0.000962178
-0.00119297
-0.00138576
-0.00152891
-0.0016117
-0.00162593
-0.00156707
-0.00143579
-0.00123897
-0.000987944
-0.000695426
-0.000374327
-3.74293e-05
0.00030243
0.000632631
0.000940859
0.00121428
0.00143995
0.00160604
0.0017034
0.00172691
0.00167536
0.00155111
0.00136003
0.00111034
0.0008115
0.000474219
0.000111308
-0.000261802
-0.000627628
-0.00096699
-0.00126042
-0.00149128
-0.00164701
-0.00171916
-0.00170411
-0.00160279
-0.00141989
-0.00116384
-0.000846274
-0.000481615
-8.70254e-05
0.000317456
0.000710614
0.00107309
0.00138736
0.00163766
0.00181214
0.00190303
0.00190544
0.0018169
0.00163862
0.00137655
0.00104104
0.000646979
0.00021355
-0.000237414
-0.00068354
-0.00110391
-0.00148045
-0.00179874
-0.00204809
-0.00222097
-0.00231219
-0.00231873
-0.0022401
-0.00207895
-0.00184206
-0.00154111
-0.00119168
-0.000811688
-0.000420013
-3.45604e-05
0.000329318
0.000658873
0.000943675
0.00117541
0.00134729
0.00145349
0.00148927
0.00145235
0.00134435
0.00117104
0.000942267
0.000670955
0.000371885
6.06444e-05
-0.000247618
-0.000538885
-0.00080006
-0.00101857
-0.00118286
-0.0012839
-0.00131491
-0.00127114
-0.00115176
-0.000960806
-0.000706786
-0.000401044
-5.65426e-05
0.000312287
0.000690415
0.00106261
0.00141334
0.00172733
0.00198981
0.00218721
0.00230837
0.00234509
0.00229279
0.00215168
0.00192664
0.00162615
0.00126168
0.000847316
0.000399512
-6.38111e-05
-0.000524516
-0.000964706
-0.00136712
-0.0017157
-0.00199649
-0.00219896
-0.00231604
-0.00234389
-0.00228232
-0.0021342
-0.00190487
-0.00160264
-0.00123875
-0.000826749
-0.000382203
7.77601e-05
0.000534912
0.000970762
0.00136804
0.00171156
0.00198835
0.00218746
0.00230046
0.00232351
0.00225692
0.00210381
0.00187095
0.00156861
0.00120937
0.00080735
0.00037753
-6.45629e-05
-0.000503223
-0.000922016
-0.00130289
-0.00162736
-0.00187864
-0.00204304
-0.00211136
-0.00207975
-0.00194994
-0.00172915
-0.00142815
-0.00105954
-0.000637427
-0.000177327
0.000303494
0.00078614
0.00125004
0.00167313
0.00203391
0.00231324
0.0024961
0.00257348
0.00254205
0.00240329
0.00216306
0.00183052
0.0014173
0.000937688
0.000408788
-0.000149639
-0.000715743
-0.00126653
-0.00177913
-0.00223208
-0.00260646
-0.00288695
-0.00306245
-0.00312567
-0.00307327
-0.00290717
-0.00263351
-0.00226146
-0.00180426
-0.00127916
-0.000706624
-0.000109218
0.000490183
0.00106915
0.00160606
0.00207998
0.00247102
0.00276284
0.00294376
0.00300673
0.00295053
0.00278015
0.002506
0.00214256
0.00170707
0.00121861
0.000696685
0.000160065
-0.000372708
-0.000881637
-0.00134534
-0.0017429
-0.00205513
-0.00226567
-0.00236326
-0.00234478
-0.00221477
-0.00198295
-0.00166342
-0.001273
-0.000829134
-0.000348895
0.000151038
0.000653429
0.00113996
0.00159099
0.00198574
0.00230408
0.00252909
0.00264893
0.00265812
0.0025576
0.002354
0.00205873
0.00168586
0.00125081
0.000770234
0.00026205
-0.000254653
-0.000759881
-0.00123308
-0.00165404
-0.00200481
-0.0022713
-0.00244419
-0.00251937
-0.00249741
-0.00238278
-0.00218297
-0.00190747
-0.00156785
-0.0011787
-0.000757274
-0.000322296
0.000106433
0.000509069
0.000867283
0.00116587
0.0013938
0.0013938
0.0015442
0.00161415
0.0016042
0.00151783
0.001361
0.00114203
0.000871754
0.000563583
0.000233013
-0.000103317
-0.000428707
-0.000727481
-0.000986089
-0.00119399
-0.00134413
-0.00143265
-0.00145785
-0.00142051
-0.0013243
-0.00117531
-0.000982044
-0.000755498
-0.000508435
-0.000254413
-6.72098e-06
0.000222544
0.000423373
0.000587983
0.000710066
0.000784787
0.00080906
0.000781248
0.000701403
0.000572162
0.000399502
0.00019206
-4.00089e-05
-0.00028551
-0.000533196
-0.000772739
-0.000994956
-0.00119157
-0.0013549
-0.00147782
-0.00155331
-0.00157429
-0.00153519
-0.00143335
-0.00126963
-0.00104891
-0.000780093
-0.000474846
-0.000145418
0.000196538
0.000539643
0.000872788
0.00118459
0.00146296
0.00169623
0.00187351
0.00198511
0.00202464
0.00199044
0.00188574
0.00171778
0.00149645
0.00123309
0.000939352
0.000626278
0.000303836
-1.85797e-05
-0.000331086
-0.000623332
-0.000885043
-0.00110641
-0.00127878
-0.00139572
-0.00145409
-0.00145393
-0.00139761
-0.00128892
-0.00113331
-0.000938773
-0.000714004
-0.000466743
-0.000205187
6.2011e-05
0.000326639
0.000581094
0.000817915
0.00102936
0.00120789
0.00134595
0.0014363
0.00147406
0.00145733
0.00138677
0.00126617
0.00110189
0.00090171
0.000674136
0.000428068
0.000172678
-8.26097e-05
-0.000327778
-0.000552207
-0.000745649
-0.00089885
-0.00100418
-0.00105682
-0.00105512
-0.00100043
-0.000896819
-0.000750422
-0.000568875
-0.000360846
-0.00013585
9.59189e-05
0.000323899
0.000537289
0.00072555
0.00087933
0.000991183
0.00105615
0.00107199
0.00103914
0.000960454
0.000840598
0.000685326
0.000501033
0.000294878
7.48202e-05
-0.000150723
-0.000373046
-0.00058354
-0.000774192
-0.000937971
-0.00106973
-0.00116674
-0.00122833
-0.00125484
-0.00124605
-0.00120078
-0.00111803
-0.000997857
-0.000842153
-0.000655595
-0.000445956
-0.000222968
3.9515e-06
0.000226811
0.000439375
0.000637675
0.000819313
0.000981719
0.00112048
0.00122903
0.0013
0.00132682
0.00130594
0.00123872
0.00113069
0.000990018
0.000826215
0.000648377
0.000463806
0.000277778
9.44947e-05
-8.16787e-05
-0.000245573
-0.000391229
-0.000512516
-0.000603959
-0.000662406
-0.000688325
-0.000685107
-0.000657536
-0.000610262
-0.000547365
-0.00047247
-0.000388576
-0.000298724
-0.000206864
-0.000118113
-3.83248e-05
2.72287e-05
7.48206e-05
0.000102625
0.000110897
0.00010151
7.7031e-05
3.9585e-05
-9.73979e-06
-7.03756e-05
-0.000141443
-0.000220964
-0.000305491
-0.000390229
-0.000469452
-0.000537348
-0.000588646
-0.000619112
-0.000626233
-0.000608893
-0.000566645
-0.000499896
-0.000410447
-0.000301765
-0.000178206
-4.46142e-05
9.3344e-05
0.00022979
0.00035934
0.000477232
0.000579146
0.000660952
0.000718924
0.000749965
0.000751677
0.000722834
0.000664134
0.000578552
0.000470906
0.000347023
0.00021277
7.33824e-05
-6.64826e-05
-0.000202839
-0.000332485
-0.000452498
-0.000560018
-0.000652267
-0.000726398
-0.000779738
-0.000810288
-0.000816967
-0.000799368
-0.000758004
-0.000695166
-0.000613939
-0.000517097
-0.000407755
-0.000289254
-0.000164617
-3.66995e-05
9.14002e-05
0.000216015
0.000333019
0.000437848
0.000525888
0.000593418
0.000637754
0.000657093
0.000650718
0.00061855
0.000560803
0.000478543
0.000373702
0.000248902
0.000108125
-4.21552e-05
-0.000192602
-0.000332942
-0.000453817
-0.000547229
-0.000607573
-0.000632814
-0.000624781
-0.000587514
-0.00052514
-0.000441651
-0.000340877
-0.000226357
-0.000101715
2.88262e-05
0.000159259
0.000281917
0.000389287
0.000475379
0.000535963
0.00056813
0.000571664
0.000549738
0.00050683
0.000447867
0.000378497
0.000304931
0.000233145
0.000167943
0.000112769
6.87409e-05
3.4364e-05
7.52815e-06
-1.4001e-05
-3.31099e-05
-5.23773e-05
-7.37258e-05
-9.81905e-05
-0.00012549
-0.00015484
-0.000185544
-0.000216868
-0.000247505
-0.000275617
-0.000299597
-0.000316865
-0.000323481
-0.000316238
-0.000293764
-0.000256501
-0.000205648
-0.000143174
-7.27564e-05
1.23397e-06
7.4354e-05
0.00014197
0.0001994
0.000241621
0.000263391
0.000259731
0.000226219
0.000159809
0.000159809
6.01672e-05
-6.94547e-05
-0.000222339
-0.000389006
-0.000557317
-0.00071404
-0.000848628
-0.000953198
-0.00102076
-0.00104612
-0.00102555
-0.000955654
-0.000833503
-0.000657131
-0.000426818
-0.000146354
0.000174923
0.000520861
0.000871138
0.00120432
0.0014996
0.0017392
0.00190944
0.0020008
0.00200801
0.00192782
0.00175768
0.00149683
0.00114722
0.000716024
0.000218166
-0.000323713
-0.000881192
-0.00142317
-0.00191883
-0.00234148
-0.00267214
-0.0028978
-0.00300909
-0.00300047
-0.00286926
-0.00261551
-0.00224406
-0.00176655
-0.00120269
-0.00057973
6.93683e-05
0.00070969
0.00130946
0.00184219
0.00228736
0.00263112
0.00286503
0.0029837
0.00298315
0.00286257
0.00262687
0.00228696
0.00185997
0.00136892
0.000841597
0.000307756
-0.000204524
-0.000670659
-0.00107027
-0.00138762
-0.00161158
-0.00173503
-0.00175412
-0.00166883
-0.00148414
-0.00121062
-0.000863945
-0.000464059
-3.41795e-05
0.00040101
0.000817194
0.00119246
0.00150895
0.00175222
0.00191073
0.00197657
0.00194588
0.00181856
0.00159812
0.00129264
0.000915444
0.000483724
1.72878e-05
-0.00046262
-0.000934636
-0.0013787
-0.00177727
-0.00211547
-0.00238091
-0.002564
-0.00265895
-0.00266424
-0.00258218
-0.00241879
-0.00218274
-0.0018841
-0.0015346
-0.00114721
-0.000735125
-0.000311833
0.000108584
0.000511386
0.000881573
0.00120561
0.00147248
0.00167385
0.00180408
0.00186034
0.00184364
0.00175765
0.00160713
0.00139904
0.00114322
0.000852505
0.000541916
0.0002276
-7.36154e-05
-0.000345687
-0.000575401
-0.000754046
-0.000877323
-0.000943591
-0.000953387
-0.000909321
-0.000815167
-0.000675184
-0.000494434
-0.0002809
-4.62562e-05
0.000195679
0.000429766
0.000639952
0.000810635
0.000929621
0.00098986
0.000988562
0.000926819
0.00080948
0.000643859
0.000437846
0.000199159
-6.42077e-05
-0.000344191
-0.000632633
-0.000919729
-0.00119271
-0.0014365
-0.00163512
-0.00177262
-0.00183562
-0.00181745
-0.00171772
-0.00154003
-0.00129237
-0.000985937
-0.000632837
-0.000244482
0.000167608
0.000590016
0.00100725
0.00140119
0.00175199
0.00204152
0.00225513
0.00238295
0.00242169
0.00237446
0.00224861
0.0020531
0.00179812
0.00149562
0.0011585
0.000801276
0.000441147
9.76733e-05
-0.000209035
-0.000460936
-0.000643994
-0.000749857
-0.000776548
-0.000727488
-0.000610335
-0.000436061
-0.000217988
2.78336e-05
0.000283082
0.000529868
0.00075044
0.000926107
0.00103959
0.00107731
0.00103194
0.000904132
0.000701278
0.000436047
0.000125096
-0.000212096
-0.000555722
-0.000888587
-0.00119351
-0.00145165
-0.00164555
-0.00175991
-0.00178229
-0.00170497
-0.00152741
-0.0012581
-0.000913058
-0.000514108
-8.61132e-05
0.000346836
0.000761919
0.00113772
0.00145566
0.00170039
0.00186043
0.00192818
0.00190044
0.00177991
0.00157508
0.00129998
0.000973352
0.000616636
0.000252997
-9.43419e-05
-0.000404226
-0.000658554
-0.00084301
-0.00094725
-0.000965449
-0.000897007
-0.000745956
-0.000520753
-0.000233667
0.000100776
0.000465614
0.000841523
0.00120854
0.00154701
0.00183831
0.00206562
0.00221479
0.00227511
0.00223962
0.00210529
0.00187369
0.00155184
0.00115087
0.000684177
0.000167516
-0.000381194
-0.000942046
-0.00149366
-0.00201454
-0.0024839
-0.00288258
-0.00319391
-0.00340494
-0.00350799
-0.00349993
-0.00338132
-0.00315714
-0.00283598
-0.00242954
-0.00195332
-0.00142649
-0.000871245
-0.000311784
0.000227219
0.000722648
0.00115482
0.00150806
0.00177099
0.0019367
0.002002
0.0019667
0.00183392
0.00161079
0.00130877
0.000943505
0.000534483
0.000104021
-0.000324557
-0.000729084
-0.00109016
-0.00139203
-0.00162325
-0.00177669
-0.00184859
-0.00183783
-0.00174608
-0.00157801
-0.00134131
-0.00104674
-0.000708078
-0.000341957
3.33783e-05
0.000399576
0.000739566
0.00103879
0.00128575
0.00147238
0.00159409
0.00164915
0.0016385
0.00156566
0.00143659
0.00125968
0.00104568
0.000807134
0.00055731
0.00030901
7.40431e-05
-0.000137305
-0.00031701
-0.000459322
-0.000459322
-0.000560747
-0.000619812
-0.000636276
-0.000611537
-0.000549158
-0.000454339
-0.000333544
-0.000194467
-4.60994e-05
0.000102214
0.000241938
0.000365358
0.000465767
0.00053786
0.000578049
0.000584647
0.00055783
0.000499895
0.000415815
0.000312808
0.000198274
7.90672e-05
-3.79374e-05
-0.000146537
-0.000241801
-0.000319827
-0.000377003
-0.000409715
-0.000414948
-0.000390758
-0.000337134
-0.000256924
-0.000155666
-4.10481e-05
7.80551e-05
0.000193063
0.000296591
0.000382807
0.000447495
0.000487944
0.000502725
0.000491276
0.000453941
0.000392105
0.000307967
0.000205085
8.86781e-05
-3.53001e-05
-0.000161016
-0.000282947
-0.000395577
-0.00049387
-0.000573939
-0.000632708
-0.000667966
-0.000678782
-0.000665641
-0.000630192
-0.00057488
-0.000502867
-0.000417671
-0.000322888
-0.00022243
-0.000120507
-2.15752e-05
6.94528e-05
0.000147272
0.000206947
0.000245135
0.000260174
0.000251638
0.00022061
0.000169311
0.000100084
1.48026e-05
-8.46094e-05
-0.00019538
-0.000313646
-0.0004339
-0.000548995
-0.000651394
-0.000734031
-0.000790897
-0.000817994
-0.00081366
-0.000778338
-0.000714074
-0.000623728
-0.000510684
-0.000379083
-0.000234253
-8.25542e-05
6.95677e-05
0.000215351
0.00034753
0.000459585
0.000546254
0.00060341
0.000628076
0.000618662
0.000575073
0.000498385
0.000390802
0.000256014
9.95474e-05
-7.17315e-05
-0.000250507
-0.000429193
-0.000599954
-0.00075508
-0.000887866
-0.00099304
-0.00106649
-0.00110539
-0.00110822
-0.00107479
-0.00100625
-0.000904869
-0.000773899
-0.000617596
-0.000440793
-0.000248711
-4.74316e-05
0.000156198
0.00035513
0.000542373
0.000711163
0.000855312
0.000969817
0.00105114
0.00109709
0.00110688
0.0010807
0.00101938
0.000925
0.000800629
0.000649986
0.000478069
0.00029122
9.66582e-05
-9.82265e-05
-0.000286377
-0.000461179
-0.00061669
-0.000747427
-0.00084817
-0.000914657
-0.000943835
-0.00093382
-0.000884478
-0.000797717
-0.000677378
-0.000528967
-0.000358993
-0.000174347
1.81798e-05
0.000212205
0.000401642
0.000580347
0.000742065
0.000880767
0.000991045
0.00106818
0.00110835
0.00110947
0.00107163
0.000996531
0.000887364
0.000748347
0.000584399
0.000401202
0.000204687
8.61792e-07
-0.000203596
-0.000400831
-0.000581956
-0.000738495
-0.000863119
-0.000949613
-0.00099378
-0.000993761
-0.000949742
-0.000863672
-0.000738527
-0.000578076
-0.000387173
-0.00017232
5.77169e-05
0.000292373
0.000520057
0.000728881
0.000908108
0.00104928
0.00114663
0.00119699
0.00119924
0.00115394
0.001063
0.000929541
0.000758128
0.000555163
0.000329307
9.13038e-05
-0.000146984
-0.000373729
-0.000578271
-0.00075201
-0.000888799
-0.000984858
-0.00103836
-0.00104881
-0.0010165
-0.000942562
-0.000829514
-0.000681614
-0.000505038
-0.000307916
-0.000100265
0.00010652
0.000301159
0.000473703
0.000615849
0.000721181
0.000785526
0.000807016
0.000785125
0.000720172
0.000614142
0.000471356
0.000298519
0.000103849
-0.000103152
-0.00031158
-0.000510316
-0.000688922
-0.000837993
-0.000949589
-0.00101728
-0.00103625
-0.00100346
-0.00091794
-0.000781293
-0.000598117
-0.000375973
-0.000124893
0.000143419
0.000416312
0.000681142
0.000926525
0.00114237
0.00131953
0.00145021
0.00152803
0.00154834
0.00150923
0.00141169
0.00125963
0.00105989
0.00082179
0.000556219
0.000274653
-1.13528e-05
-0.000290595
-0.000552629
-0.000787618
-0.000986114
-0.00113952
-0.00124103
-0.00128632
-0.00127404
-0.00120598
-0.00108699
-0.000924569
-0.00072789
-0.000507021
-0.00027257
-3.54121e-05
0.000193628
0.000404274
0.000586881
0.000732491
0.000833653
0.000885067
0.000883922
0.000830227
0.000726895
0.000579514
0.000395837
0.000185386
-4.11049e-05
-0.000272439
-0.000496929
-0.00070256
-0.00087798
-0.00101325
-0.00110062
-0.00113523
-0.00111476
-0.00103943
-0.000912184
-0.000738641
-0.000526738
-0.000285927
-2.68549e-05
0.00023866
0.000498289
0.000739726
0.00095142
0.0011237
0.00124936
0.00132383
0.00134529
0.0013145
0.00123431
0.0011091
0.000944729
0.000748441
0.000528429
0.000293539
5.34555e-05
-0.00018111
-0.000399586
-0.000399586
-0.000592844
-0.000753197
-0.000874392
-0.000951958
-0.000983859
-0.000970361
-0.000913272
-0.000815961
-0.000683249
-0.000521133
-0.000336803
-0.000138443
6.50108e-05
0.000264197
0.00044984
0.000613434
0.000747913
0.000847518
0.000907767
0.000926044
0.000901667
0.000835691
0.000730857
0.000591618
0.000424153
0.000236077
3.60627e-05
-0.000166646
-0.000362887
-0.000544137
-0.000702938
-0.0008332
-0.000930278
-0.000990776
-0.0010123
-0.00099365
-0.000935148
-0.000838617
-0.000707541
-0.000547432
-0.000365896
-0.000171588
2.6853e-05
0.000221091
0.000403612
0.000568241
0.00071005
0.000824814
0.000908743
0.000958682
0.000972208
0.000948119
0.000887282
0.000792756
0.000669533
0.000524334
0.000364999
0.00019969
3.61306e-05
-0.000118783
-0.000258967
-0.000379192
-0.000475103
-0.00054319
-0.000580742
-0.000586139
-0.000559371
-0.000502153
-0.000417885
-0.000311607
-0.000189723
-5.9484e-05
7.16907e-05
0.000196785
0.000309571
0.000404816
0.000478207
0.000526161
0.000545768
0.000534867
0.000492061
0.000417085
0.000311608
0.000179274
2.52015e-05
-0.000144187
-0.000321442
-0.000498558
-0.000667769
-0.000822072
-0.000955178
-0.00106163
-0.00113676
-0.00117669
-0.00117868
-0.00114105
-0.00106334
-0.000946883
-0.000794878
-0.000612456
-0.000406688
-0.000186031
4.03022e-05
0.000262872
0.000472547
0.000661118
0.000821917
0.000949678
0.00104037
0.00109157
0.00110253
0.00107408
0.00100847
0.0009095
0.000782518
0.000633914
0.000470462
0.000299141
0.000127459
-3.71516e-05
-0.000188251
-0.000320319
-0.000428962
-0.000511284
-0.000565936
-0.000593212
-0.000594827
-0.00057349
-0.000532504
-0.00047553
-0.00040672
-0.000330562
-0.000251574
-0.000174298
-0.000102834
-4.03825e-05
1.05079e-05
4.80043e-05
7.13037e-05
8.04569e-05
7.61505e-05
5.94481e-05
3.1546e-05
-6.04189e-06
-5.13157e-05
-0.000101822
-0.000154653
-0.000206452
-0.000253609
-0.000292838
-0.000321545
-0.000337804
-0.000340441
-0.000329236
-0.000304946
-0.000268847
-0.000222419
-0.000167468
-0.000106147
-4.0815e-05
2.62163e-05
9.25074e-05
0.000155349
0.000212248
0.000261267
0.000300997
0.000330319
0.000348546
0.000355753
0.000352568
0.000340065
0.000319849
0.000293985
0.00026477
0.000234395
0.000204769
0.000177267
0.000152717
0.000131854
0.000115208
0.000102917
9.50665e-05
9.17495e-05
9.30429e-05
9.89294e-05
0.000109106
0.000123035
0.000140016
0.000159316
0.000180257
0.000202116
0.000224126
0.000245362
0.00026453
0.000279863
0.000289421
0.000291866
0.000286231
0.000271429
0.000246729
0.000211773
0.000166315
0.000110217
4.34658e-05
-3.35065e-05
-0.000119374
-0.000211255
-0.000304506
-0.00039391
-0.000474471
-0.000541512
-0.000591379
-0.000621672
-0.000631037
-0.000619219
-0.000586739
-0.000534649
-0.000464652
-0.000379423
-0.000282592
-0.000178247
-7.12345e-05
3.27763e-05
0.000128419
0.000211143
0.000277107
0.000323105
0.00034691
0.000347598
0.000325321
0.000281356
0.000218255
0.000139717
5.04254e-05
-4.43186e-05
-0.000139023
-0.000228308
-0.000307246
-0.000371753
-0.000418622
-0.000445345
-0.000450132
-0.000431927
-0.000390461
-0.000326432
-0.00024156
-0.000138576
-2.12351e-05
0.000105678
0.000236512
0.000365319
0.000486348
0.000594143
0.000683699
0.000750447
0.000790454
0.00080118
0.00078146
0.000731256
0.000652151
0.000547485
0.000421894
0.000280531
0.000128892
-2.71018e-05
-0.000181667
-0.000329371
-0.000464963
-0.000583276
-0.000679449
-0.000749447
-0.000790349
-0.000800359
-0.000778934
-0.000727275
-0.000648317
-0.0005461
-0.000425495
-0.000292092
-0.00015204
-1.16948e-05
0.000122935
0.000246366
0.0003537
0.000440943
0.000505301
0.00054517
0.000559842
0.000549491
0.000515341
0.000459522
0.000384831
0.000294776
0.000193771
8.70085e-05
-1.99502e-05
-0.000121475
-0.000212153
-0.000287199
-0.000342895
-0.000376782
-0.000387585
-0.000375128
-0.00034026
-0.000284658
-0.00021059
-0.000120803
-1.85314e-05
9.25439e-05
0.00020822
0.000323584
0.000433253
0.000531886
0.00061447
0.000676457
0.000714144
0.000725351
0.000709306
0.000666228
0.000597622
0.00050639
0.000396502
0.000396502
0.000272359
0.000138585
2.60152e-07
-0.00013735
-0.000269129
-0.000390212
-0.000495971
-0.000581981
-0.000644322
-0.000679886
-0.000686454
-0.000663065
-0.000610644
-0.000531918
-0.00043083
-0.000312233
-0.000181536
-4.42447e-05
9.43601e-05
0.000229413
0.0003564
0.000470944
0.000568474
0.000644233
0.00069409
0.000715134
0.000705863
0.000666606
0.000599581
0.000508517
0.000398094
0.000273268
0.000138925
-2.16476e-07
-0.000139573
-0.000274424
-0.000399604
-0.000509539
-0.000598762
-0.000662587
-0.000697619
-0.000702256
-0.000677003
-0.000624134
-0.000547125
-0.000450253
-0.000338146
-0.000215473
-8.6955e-05
4.24417e-05
0.000167378
0.000282302
0.000381727
0.00046072
0.000515503
0.000543802
0.000544978
0.000519973
0.000471021
0.000401241
0.000314297
0.000214231
0.000105458
-7.23325e-06
-0.000118648
-0.000223266
-0.00031561
-0.000390749
-0.000444667
-0.000474594
-0.000479191
-0.000458487
-0.000413742
-0.000347238
-0.000262046
-0.000161952
-5.14941e-05
6.41835e-05
0.000179696
0.000289528
0.000388171
0.000470608
0.000532682
0.000571271
0.00058443
0.000571366
0.00053235
0.000468667
0.000382643
0.00027772
0.000158528
3.0709e-05
-9.94684e-05
-0.000225494
-0.000340954
-0.000440101
-0.000518489
-0.00057295
-0.0006014
-0.000602937
-0.000577728
-0.00052679
-0.000451908
-0.000355897
-0.000242847
-0.000117935
1.27753e-05
0.000142668
0.00026517
0.000374243
0.000464789
0.000532928
0.000576007
0.000592532
0.000582119
0.000545413
0.000484078
0.000400876
0.000299734
0.000185612
6.41133e-05
-5.88459e-05
-0.000177355
-0.000285973
-0.000380063
-0.000455925
-0.000510738
-0.000542534
-0.000550282
-0.000533906
-0.000494337
-0.000433608
-0.000354854
-0.000262118
-0.00016008
-5.37105e-05
5.2119e-05
0.000152867
0.000244388
0.000323138
0.000386313
0.000431773
0.000458095
0.000464662
0.000451682
0.000420255
0.000372345
0.000310639
0.000238268
0.000158532
7.48394e-05
-9.43502e-06
-9.11481e-05
-0.000167388
-0.000235449
-0.000292817
-0.000337231
-0.000366939
-0.000380894
-0.000378854
-0.000361513
-0.000330664
-0.000289061
-0.000239853
-0.000186247
-0.000131444
-7.82898e-05
-2.88454e-05
1.55755e-05
5.38973e-05
8.50907e-05
0.000108286
0.000122762
0.000127859
0.000122999
0.000108315
8.50157e-05
5.49969e-05
2.06649e-05
-1.51487e-05
-4.95267e-05
-8.00175e-05
-0.00010496
-0.000123263
-0.000134165
-0.000137144
-0.000131929
-0.000118375
-9.64312e-05
-6.65107e-05
-2.98929e-05
1.12707e-05
5.44894e-05
9.72337e-05
0.000136957
0.000171476
0.000199216
0.000219182
0.000230781
0.00023352
0.000226943
0.000210748
0.000184935
0.000149971
0.000106977
5.78933e-05
5.26841e-06
-4.81979e-05
-0.000100036
-0.000148256
-0.000191313
-0.000228031
-0.000257544
-0.000279053
-0.000291631
-0.000294401
-0.000287035
-0.000269876
-0.000243819
-0.000210437
-0.000171835
-0.000130278
-8.78957e-05
-4.653e-05
-7.7565e-06
2.70027e-05
5.62853e-05
7.85956e-05
9.25948e-05
9.71877e-05
9.17501e-05
7.64547e-05
5.2352e-05
2.11392e-05
-1.53053e-05
-5.50778e-05
-9.62387e-05
-0.000137049
-0.000176
-0.000211599
-0.000242201
-0.000266078
-0.000281663
-0.000287725
-0.000283562
-0.000269127
-0.000244992
-0.000212226
-0.000172148
-0.00012613
-7.54943e-05
-2.15671e-05
3.41449e-05
9.00326e-05
0.000144472
0.000195766
0.000242289
0.00028275
0.000316317
0.000342432
0.000360628
0.000370535
0.000371726
0.00036378
0.00034674
0.000321111
0.000287724
0.000247905
0.000203343
0.000155753
0.000106602
5.70076e-05
7.80305e-06
-4.03708e-05
-8.6785e-05
-0.000130288
-0.000169296
-0.000202174
-0.000227617
-0.000244817
-0.000253604
-0.000254588
-0.000249126
-0.000238902
-0.000225542
-0.000210486
-0.000194941
-0.000179835
-0.000165787
-0.000153311
-0.000142995
-0.00013532
-0.000130395
-0.00012807
-0.000128335
-0.000130998
-0.000135303
-0.000140288
-0.000144909
-0.000147951
-0.000148079
-0.000143975
-0.000134543
-0.000118994
-9.69648e-05
-6.86379e-05
-3.4715e-05
3.77799e-06
4.57151e-05
8.9967e-05
0.000135431
0.000181031
0.000225736
0.000268547
0.000308436
0.000344338
0.000375125
0.000399631
0.000416894
0.0004263
0.000427525
0.000420543
0.000420543
0.00040552
0.000382799
0.000353127
0.00031746
0.00027671
0.000231866
0.000183852
0.000133362
8.1045e-05
2.7612e-05
-2.62247e-05
-7.97148e-05
-0.000131884
-0.00018145
-0.000227031
-0.000267441
-0.000301777
-0.000329424
-0.000349985
-0.000363294
-0.000369576
-0.00036915
-0.000362154
-0.000348749
-0.00032909
-0.000303302
-0.000271797
-0.000235384
-0.000195132
-0.000152279
-0.000108101
-6.3774e-05
-2.03873e-05
2.11533e-05
6.02073e-05
9.62855e-05
0.000128923
0.000157559
0.000181553
0.000200323
0.000213433
0.000220717
0.000222297
0.000218605
0.000210422
0.000198642
0.000184112
0.000167711
0.000150383
0.00013305
0.000116414
0.000101017
8.73933e-05
7.59355e-05
6.68061e-05
6.00438e-05
5.57089e-05
5.37136e-05
5.36394e-05
5.48963e-05
5.6751e-05
5.82877e-05
5.85059e-05
5.6376e-05
5.09478e-05
4.15141e-05
2.76358e-05
9.11016e-06
-1.39878e-05
-4.1275e-05
-7.2048e-05
-0.000105199
-0.000139032
-0.000171443
-0.000200542
-0.00022474
-0.000242562
-0.000252913
-0.000255216
-0.000249397
-0.000235736
-0.00021463
-0.000186616
-0.000152434
-0.000113099
-6.99895e-05
-2.48656e-05
2.01178e-05
6.26352e-05
0.000100575
0.000132202
0.000156193
0.000171683
0.000178321
0.000176251
0.000165934
0.000148026
0.000123407
9.3302e-05
5.92354e-05
2.29229e-05
-1.37399e-05
-4.88096e-05
-8.05229e-05
-0.000107388
-0.000128175
-0.000141889
-0.000147733
-0.000145062
-0.000133447
-0.000112891
-8.38387e-05
-4.72133e-05
-4.59026e-06
4.1728e-05
8.89312e-05
0.000134373
0.000175802
0.000211193
0.000238946
0.000257876
0.000267019
0.000265546
0.000252751
0.000228243
0.000192174
0.000145497
9.00785e-05
2.84756e-05
-3.62853e-05
-0.000100994
-0.00016268
-0.000218813
-0.000267316
-0.000306517
-0.000335007
-0.000351581
-0.000355235
-0.000345219
-0.000321318
-0.000284203
-0.000235421
-0.000177176
-0.000112176
-4.3384e-05
2.62042e-05
9.37553e-05
0.000156742
0.000212915
0.000260267
0.000297031
0.000321748
0.000333452
0.000331758
0.000316967
0.000290145
0.000253031
0.00020782
0.000156913
0.000102823
4.81545e-05
-4.53099e-06
-5.28045e-05
-9.44143e-05
-0.000127359
-0.000150046
-0.000161435
-0.000161117
-0.000149372
-0.000127109
-9.57211e-05
-5.69654e-05
-1.28221e-05
3.46703e-05
8.3515e-05
0.000131716
0.000177225
0.000218076
0.000252531
0.000279141
0.000296867
0.000305106
0.000303688
0.00029291
0.000273452
0.000246298
0.000212658
0.00017393
0.000131756
8.79454e-05
4.44082e-05
3.17229e-06
-3.3704e-05
-6.4396e-05
-8.75749e-05
-0.000102341
-0.000108108
-0.000104704
-9.23212e-05
-7.14189e-05
-4.27478e-05
-7.43465e-06
3.29579e-05
7.64557e-05
0.000120682
0.000163055
0.000201194
0.00023301
0.000256722
0.00027107
0.000275283
0.00026893
0.000251898
0.000224433
0.000187191
0.00014125
8.82048e-05
3.01524e-05
-3.04738e-05
-9.11032e-05
-0.000149266
-0.000202812
-0.00025004
-0.000289713
-0.000320976
-0.000343318
-0.000356554
-0.000360799
-0.000356488
-0.000344409
-0.000325731
-0.00030201
-0.000275078
-0.000246864
-0.000219206
-0.000193736
-0.000171885
-0.000154811
-0.000143336
-0.000137998
-0.000139036
-0.000146337
-0.000159453
-0.000177644
-0.000199898
-0.00022496
-0.000251419
-0.000277863
-0.000302973
-0.000325472
-0.000344095
-0.000357646
-0.000364969
-0.000365011
-0.000357129
-0.000341164
-0.000317364
-0.000286493
-0.000249872
-0.000209214
-0.000166272
-0.000122671
-7.99423e-05
-3.9475e-05
-2.49178e-06
2.98627e-05
5.64878e-05
7.63712e-05
8.86965e-05
9.29932e-05
8.92597e-05
7.79641e-05
6.00431e-05
3.69051e-05
1.02329e-05
-1.82084e-05
-4.65858e-05
-7.30781e-05
-9.60658e-05
-0.000114227
-0.000126533
-0.000132283
-0.00013116
-0.0001232
-0.000108703
-8.82201e-05
-6.26049e-05
-3.294e-05
-4.90255e-07
3.33051e-05
6.68714e-05
9.8568e-05
0.000126811
0.000150194
0.000167593
0.00017826
0.000181853
0.000178436
0.000168442
0.000152646
0.00013211
0.000108105
8.19823e-05
5.51562e-05
2.91073e-05
5.30743e-06
-1.48298e-05
-3.00302e-05
-3.92355e-05
-4.16355e-05
-3.67357e-05
-2.44096e-05
-4.91698e-06
2.1062e-05
5.2423e-05
8.77291e-05
0.000125351
0.000163563
0.000200587
0.000234739
0.000264589
0.000288916
0.000288916
0.000306643
0.000316897
0.000318954
0.00031222
0.000296407
0.000271655
0.00023857
0.000198236
0.000152174
0.00010228
5.06875e-05
-4.44887e-07
-4.90698e-05
-9.3319e-05
-0.000131497
-0.000162145
-0.000184208
-0.000196916
-0.00019969
-0.000192348
-0.000175151
-0.000148737
-0.000114097
-7.25676e-05
-2.57998e-05
2.43659e-05
7.59941e-05
0.000127102
0.000175694
0.000219905
0.000258124
0.000288983
0.000311301
0.000324141
0.000327052
0.000320127
0.000303892
0.000279334
0.000247894
0.00021133
0.000171511
0.000130272
8.93978e-05
5.05523e-05
1.52556e-05
-1.51169e-05
-3.93547e-05
-5.64448e-05
-6.57261e-05
-6.70199e-05
-6.06906e-05
-4.75958e-05
-2.88886e-05
-5.99622e-06
1.94135e-05
4.56625e-05
7.11927e-05
9.45736e-05
0.000114444
0.000129544
0.000138803
0.000141385
0.000136792
0.000124991
0.000106484
8.23132e-05
5.39628e-05
2.31796e-05
-8.13374e-06
-3.80966e-05
-6.51399e-05
-8.79585e-05
-0.000105372
-0.000116397
-0.000120231
-0.000116222
-0.000103944
-8.33519e-05
-5.49919e-05
-2.00806e-05
1.94115e-05
6.09006e-05
0.000101784
0.000139692
0.000172456
0.000198334
0.000216039
0.000224572
0.000223148
0.00021114
0.000188172
0.000154367
0.000110695
5.91545e-05
2.4712e-06
-5.62035e-05
-0.00011354
-0.00016647
-0.000212441
-0.000249512
-0.000276363
-0.000292055
-0.0002959
-0.000287487
-0.000266725
-0.000233976
-0.000190252
-0.000137387
-7.79847e-05
-1.50808e-05
4.8212e-05
0.000108973
0.000164645
0.000213176
0.000253065
0.000283253
0.000303024
0.000311969
0.000310047
0.000297691
0.000275864
0.000246066
0.000210241
0.000170585
0.000129345
8.86577e-05
5.04277e-05
1.6292e-05
-1.23675e-05
-3.43951e-05
-4.88429e-05
-5.50527e-05
-5.27531e-05
-4.21242e-05
-2.39768e-05
1.22362e-07
2.80469e-05
5.74141e-05
8.57952e-05
0.000110913
0.000130849
0.000144299
0.000150578
0.000149256
0.000140019
0.000122735
9.74303e-05
6.42522e-05
2.35395e-05
-2.38471e-05
-7.63848e-05
-0.000132098
-0.000188625
-0.000243267
-0.00029327
-0.000336294
-0.00037065
-0.000395212
-0.000409358
-0.000412987
-0.000406469
-0.000390367
-0.000365316
-0.000332178
-0.000292063
-0.000246353
-0.000196783
-0.000145429
-9.46257e-05
-4.67377e-05
-3.95122e-06
3.18808e-05
5.93644e-05
7.76166e-05
8.62346e-05
8.5237e-05
7.49932e-05
5.61876e-05
2.98928e-05
-2.38231e-06
-3.87351e-05
-7.69164e-05
-0.00011442
-0.000148737
-0.00017775
-0.000199859
-0.000213956
-0.000219527
-0.000216626
-0.000205632
-0.000186932
-0.000161031
-0.000128807
-9.14625e-05
-5.05681e-05
-8.1034e-06
3.36711e-05
7.24814e-05
0.000106366
0.000133842
0.000154026
0.000166612
0.00017168
0.000169608
0.000160977
0.000146462
0.000126839
0.000103031
7.61941e-05
4.77083e-05
1.90366e-05
-8.37527e-06
-3.32453e-05
-5.45907e-05
-7.17119e-05
-8.42124e-05
-9.19978e-05
-9.5173e-05
-9.40138e-05
-8.89244e-05
-8.03655e-05
-6.88563e-05
-5.49822e-05
-3.93895e-05
-2.27475e-05
-5.73596e-06
1.08981e-05
2.64414e-05
4.03355e-05
5.21332e-05
6.15408e-05
6.84675e-05
7.29845e-05
7.52893e-05
7.5655e-05
7.43822e-05
7.17586e-05
6.80604e-05
6.35873e-05
5.86842e-05
5.37495e-05
4.92219e-05
4.55448e-05
4.31029e-05
4.21901e-05
4.30169e-05
4.57407e-05
5.05072e-05
5.75365e-05
6.71157e-05
7.9331e-05
9.39258e-05
0.000110326
0.000127566
0.000144249
0.000158839
0.000170243
0.000177825
0.000181147
0.000180119
0.000174891
0.000165539
0.000151865
0.000133478
0.000110068
8.15759e-05
4.83939e-05
1.15034e-05
-2.76082e-05
-6.71594e-05
-0.000105368
-0.000140679
-0.00017176
-0.000197493
-0.000217166
-0.000230371
-0.000236743
-0.000236008
-0.000228066
-0.000213017
-0.000191276
-0.000163595
-0.000131004
-9.47189e-05
-5.60172e-05
-1.61627e-05
2.357e-05
6.19124e-05
9.76615e-05
0.000129644
0.000156632
0.000177413
0.000191068
0.000197117
0.000195487
0.000186546
0.000171042
0.000149984
0.00012448
9.55941e-05
6.43551e-05
3.17818e-05
-1.07661e-06
-3.30768e-05
-6.29578e-05
-8.94115e-05
-0.000111229
-0.000127455
-0.000137458
-0.000140876
-0.000137661
-0.000128104
-0.000112712
-9.21476e-05
-6.72328e-05
-3.89809e-05
-8.64252e-06
2.23817e-05
5.26362e-05
8.06795e-05
0.000105201
0.000125181
0.000125181
0.000140014
0.000149385
0.000153161
0.000151451
0.000144542
0.000132817
0.000116753
9.70307e-05
7.46186e-05
5.07015e-05
2.65219e-05
3.2323e-06
-1.81504e-05
-3.68223e-05
-5.22917e-05
-6.43358e-05
-7.29344e-05
-7.81887e-05
-8.02748e-05
-7.9501e-05
-7.6342e-05
-7.14414e-05
-6.56164e-05
-5.98194e-05
-5.49897e-05
-5.18268e-05
-5.07018e-05
-5.16716e-05
-5.44337e-05
-5.84818e-05
-6.34426e-05
-6.90641e-05
-7.50974e-05
-8.13831e-05
-8.77874e-05
-9.40479e-05
-9.9694e-05
-0.000104085
-0.000106568
-0.000106612
-0.000103926
-9.85326e-05
-9.07562e-05
-8.11103e-05
-7.01333e-05
-5.82914e-05
-4.59632e-05
-3.34609e-05
-2.10528e-05
-9.0065e-06
2.35268e-06
1.26395e-05
2.1465e-05
2.8517e-05
3.36242e-05
3.67779e-05
3.81205e-05
3.78955e-05
3.63822e-05
3.38456e-05
3.04922e-05
2.64411e-05
2.17418e-05
1.64107e-05
1.0422e-05
3.78393e-06
-3.33528e-06
-1.07359e-05
-1.83121e-05
-2.59874e-05
-3.3747e-05
-4.16696e-05
-4.99118e-05
-5.86646e-05
-6.80666e-05
-7.81717e-05
-8.89239e-05
-0.000100159
-0.000111644
-0.00012314
-0.000134484
-0.00014556
-0.000156234
-0.000166344
-0.000175739
-0.000184269
-0.000191758
-0.000198054
-0.000203074
-0.000206812
-0.000209356
-0.00021085
-0.00021145
-0.000211324
-0.000210598
-0.000209271
-0.000207262
-0.000204467
-0.000200757
-0.000196006
-0.000190066
-0.000182724
-0.000173766
-0.000162912
-0.000149791
-0.000134076
-0.000115585
-9.43932e-05
-7.08164e-05
-4.52817e-05
-1.83066e-05
9.5446e-06
3.77325e-05
6.57339e-05
9.30142e-05
0.000118944
0.00014277
0.000163661
0.000180753
0.000193253
0.000200599
0.000202544
0.000199137
0.00019068
0.000177612
0.000160422
0.000139662
0.000115915
8.9764e-05
6.18848e-05
3.3056e-05
4.14649e-06
-2.39258e-05
-5.031e-05
-7.42953e-05
-9.53127e-05
-0.000112828
-0.000126223
-0.000134899
-0.000138374
-0.00013627
-0.000128417
-0.000114947
-9.63823e-05
-7.3625e-05
-4.77251e-05
-1.97102e-05
9.4431e-06
3.88354e-05
6.76701e-05
9.52274e-05
0.000120683
0.000143053
0.000161363
0.000174736
0.000182491
0.000184284
0.0001802
0.000170741
0.00015668
0.000138962
0.000118597
9.65743e-05
7.38771e-05
5.14717e-05
3.03208e-05
1.1386e-05
-4.44242e-06
-1.64118e-05
-2.39853e-05
-2.69077e-05
-2.52069e-05
-1.91748e-05
-9.32635e-06
3.70371e-06
1.92074e-05
3.63928e-05
5.44205e-05
7.24205e-05
8.94906e-05
0.000104743
0.00011741
0.000126947
0.000133052
0.000135739
0.000135292
0.000132083
0.000126548
0.000119216
0.000110633
0.000101344
9.19274e-05
8.30481e-05
7.54358e-05
6.9796e-05
6.6731e-05
6.65859e-05
6.93625e-05
7.47987e-05
8.24228e-05
9.1638e-05
0.000101854
0.000112501
0.000123047
0.000133019
0.000141915
0.00014916
0.000154141
0.000156254
0.000155
0.000150107
0.000141581
0.00012969
0.000114893
9.77558e-05
7.8871e-05
5.88235e-05
3.81595e-05
1.73978e-05
-2.90021e-06
-2.20859e-05
-3.94097e-05
-5.40907e-05
-6.54548e-05
-7.30158e-05
-7.65135e-05
-7.59327e-05
-7.14699e-05
-6.3437e-05
-5.21659e-05
-3.79928e-05
-2.12829e-05
-2.45112e-06
1.79522e-05
3.91815e-05
6.03693e-05
8.06162e-05
9.90756e-05
0.00011505
0.000128072
0.000137928
0.000144582
0.000148083
0.000148541
0.000146092
0.000140886
0.000133152
0.000123244
0.000111666
9.90688e-05
8.61658e-05
7.36357e-05
6.20163e-05
5.15498e-05
4.21373e-05
3.34454e-05
2.50278e-05
1.66324e-05
8.43158e-06
7.5913e-07
-6.08786e-06
-1.18211e-05
-1.63052e-05
-1.97352e-05
-2.26588e-05
-2.56925e-05
-2.9257e-05
-3.35642e-05
-3.85351e-05
-4.37842e-05
-4.88051e-05
-5.32418e-05
-5.70684e-05
-6.05486e-05
-6.4092e-05
-6.81247e-05
-7.29755e-05
-7.87627e-05
-8.53769e-05
-9.2577e-05
-0.000100105
-0.000107735
-0.000115233
-0.000122358
-0.000128846
-0.000134342
-0.000138354
-0.000140371
-0.000140038
-0.000137127
-0.000131502
-0.000123203
-0.000112379
-9.9198e-05
-8.38738e-05
-6.67039e-05
-4.81024e-05
-2.86357e-05
-9.05139e-06
9.79114e-06
2.70729e-05
4.20688e-05
5.41881e-05
6.30857e-05
6.86535e-05
7.09338e-05
7.00632e-05
6.62383e-05
5.97332e-05
5.09174e-05
4.0272e-05
2.84263e-05
1.61453e-05
4.26096e-06
-6.41716e-06
-1.51867e-05
-2.15379e-05
-2.51893e-05
-2.60465e-05
-2.42185e-05
-1.99992e-05
-1.37906e-05
-1.37906e-05
-6.15258e-06
2.24395e-06
1.07738e-05
1.87908e-05
2.5577e-05
3.0466e-05
3.29207e-05
3.25805e-05
2.92389e-05
2.28239e-05
1.34305e-05
1.27925e-06
-1.32837e-05
-2.97839e-05
-4.76498e-05
-6.6197e-05
-8.46797e-05
-0.000102339
-0.000118425
-0.000132251
-0.000143226
-0.000150911
-0.000155031
-0.000155427
-0.000152002
-0.000144683
-0.000133506
-0.000118627
-0.000100281
-7.88248e-05
-5.47382e-05
-2.86368e-05
-1.28683e-06
2.64499e-05
5.36647e-05
7.94267e-05
0.000102778
0.000122841
0.000139027
0.000150931
0.000158198
0.000160671
0.00015838
0.000151445
0.000140067
0.000124605
0.000105611
8.38084e-05
6.00992e-05
3.55317e-05
1.11895e-05
-1.19377e-05
-3.3065e-05
-5.1652e-05
-6.73987e-05
-8.01765e-05
-8.98987e-05
-9.65059e-05
-0.000100002
-0.000100379
-9.75994e-05
-9.17344e-05
-8.31723e-05
-7.25563e-05
-6.05776e-05
-4.79524e-05
-3.53441e-05
-2.32368e-05
-1.1899e-05
-1.42797e-06
8.12371e-06
1.66859e-05
2.41095e-05
3.00893e-05
3.42599e-05
3.63153e-05
3.60848e-05
3.36409e-05
2.92575e-05
2.33019e-05
1.62057e-05
8.37531e-06
1.21171e-07
-8.29941e-06
-1.66374e-05
-2.46012e-05
-3.18361e-05
-3.79453e-05
-4.25017e-05
-4.51514e-05
-4.57105e-05
-4.41717e-05
-4.07262e-05
-3.57175e-05
-2.954e-05
-2.25949e-05
-1.52617e-05
-7.87641e-06
-7.42858e-07
5.81165e-06
1.13947e-05
1.5589e-05
1.80111e-05
1.83734e-05
1.65395e-05
1.25465e-05
6.61353e-06
-8.96065e-07
-9.5457e-06
-1.88882e-05
-2.8512e-05
-3.80384e-05
-4.71031e-05
-5.53463e-05
-6.23873e-05
-6.78406e-05
-7.13975e-05
-7.28962e-05
-7.23482e-05
-6.99664e-05
-6.61742e-05
-6.15024e-05
-5.6442e-05
-5.14396e-05
-4.69098e-05
-4.31938e-05
-4.05632e-05
-3.92223e-05
-3.93504e-05
-4.11062e-05
-4.45803e-05
-4.97686e-05
-5.65108e-05
-6.44884e-05
-7.32444e-05
-8.21506e-05
-9.04941e-05
-9.75855e-05
-0.000102749
-0.000105385
-0.000105094
-0.000101642
-9.49046e-05
-8.49093e-05
-7.18631e-05
-5.61468e-05
-3.82786e-05
-1.88666e-05
1.37916e-06
2.16826e-05
4.12456e-05
5.92816e-05
7.51002e-05
8.8104e-05
9.77864e-05
0.000103828
0.000106123
0.000104739
9.98961e-05
9.19863e-05
8.15628e-05
6.92617e-05
5.57339e-05
4.16275e-05
2.76547e-05
1.45484e-05
2.94904e-06
-6.5705e-06
-1.35108e-05
-1.75326e-05
-1.84943e-05
-1.64279e-05
-1.15191e-05
-4.0562e-06
5.66636e-06
1.73529e-05
3.06393e-05
4.51157e-05
6.03617e-05
7.5902e-05
9.11891e-05
0.000105626
0.000118631
0.000129711
0.00013848
0.000144694
0.000148257
0.00014918
0.000147567
0.000143584
0.000137418
0.00012932
0.000119605
0.000108638
9.68473e-05
8.47386e-05
7.28621e-05
6.17616e-05
5.19265e-05
4.37583e-05
3.75675e-05
3.35487e-05
3.17685e-05
3.22049e-05
3.47496e-05
3.92035e-05
4.52821e-05
5.25933e-05
6.06377e-05
6.88411e-05
7.65778e-05
8.32314e-05
8.83035e-05
9.14394e-05
9.24175e-05
9.11675e-05
8.77753e-05
8.24356e-05
7.53323e-05
6.66422e-05
5.66275e-05
4.56349e-05
3.4083e-05
2.24685e-05
1.13782e-05
1.3953e-06
-7.02791e-06
-1.35799e-05
-1.81242e-05
-2.06879e-05
-2.13388e-05
-2.0188e-05
-1.73986e-05
-1.31123e-05
-7.49239e-06
-7.96901e-07
6.59392e-06
1.42097e-05
2.15585e-05
2.81633e-05
3.36183e-05
3.76144e-05
3.9963e-05
4.05948e-05
3.94636e-05
3.65298e-05
3.17951e-05
2.53045e-05
1.71839e-05
7.66948e-06
-2.8992e-06
-1.40929e-05
-2.54384e-05
-3.64944e-05
-4.6887e-05
-5.6296e-05
-6.44512e-05
-7.11485e-05
-7.62571e-05
-7.97299e-05
-8.15772e-05
-8.18648e-05
-8.07819e-05
-7.86239e-05
-7.57408e-05
-7.25471e-05
-6.94827e-05
-6.6949e-05
-6.5309e-05
-6.48972e-05
-6.59956e-05
-6.88172e-05
-7.35065e-05
-8.01182e-05
-8.85929e-05
-9.8745e-05
-0.000110181
-0.000122249
-0.000134187
-0.000145248
-0.000154707
-0.000161932
-0.000166432
-0.000167877
-0.000166141
-0.000161207
-0.000153111
-0.000142006
-0.000128157
-0.000111929
-9.37853e-05
-7.43534e-05
-5.44508e-05
-3.49528e-05
-1.67148e-05
-5.52961e-07
1.28148e-05
2.28436e-05
2.92045e-05
3.17579e-05
3.05406e-05
2.57593e-05
1.77667e-05
7.04527e-06
-5.82561e-06
-2.0194e-05
-3.5322e-05
-5.0415e-05
-6.46933e-05
-7.74188e-05
-8.79222e-05
-9.56478e-05
-0.000100183
-0.000101247
-9.8662e-05
-9.23669e-05
-8.24238e-05
-6.90234e-05
-5.24699e-05
-3.32099e-05
-1.18802e-05
1.07364e-05
1.07364e-05
3.37749e-05
5.63319e-05
7.7505e-05
9.6482e-05
0.000112664
0.00012563
0.000135068
0.00014079
0.000142741
0.000141033
0.000135939
0.000127891
0.000117507
0.00010555
9.28141e-05
7.99752e-05
6.75432e-05
5.59369e-05
4.54941e-05
3.64575e-05
2.90278e-05
2.34226e-05
1.98683e-05
1.84594e-05
1.90607e-05
2.1362e-05
2.49444e-05
2.93027e-05
3.38716e-05
3.81914e-05
4.20107e-05
4.51889e-05
4.76456e-05
4.93018e-05
5.00103e-05
4.95903e-05
4.78477e-05
4.46162e-05
3.98463e-05
3.36561e-05
2.63277e-05
1.8216e-05
9.68368e-06
1.0687e-06
-7.37619e-06
-1.54821e-05
-2.31538e-05
-3.02892e-05
-3.66959e-05
-4.21786e-05
-4.66726e-05
-5.02827e-05
-5.3202e-05
-5.57317e-05
-5.82938e-05
-6.12497e-05
-6.47673e-05
-6.87813e-05
-7.31154e-05
-7.76361e-05
-8.22455e-05
-8.69322e-05
-9.18027e-05
-9.70025e-05
-0.000102569
-0.000108275
-0.000113659
-0.000118128
-0.00012103
-0.00012184
-0.000120331
-0.000116605
-0.000110997
-0.000103951
-9.59138e-05
-8.72313e-05
-7.81065e-05
-6.86671e-05
-5.90608e-05
-4.95336e-05
-4.04563e-05
-3.22665e-05
-2.53512e-05
-1.99149e-05
-1.59233e-05
-1.31202e-05
-1.10652e-05
-9.25379e-06
-7.30129e-06
-4.94086e-06
-1.94262e-06
1.86559e-06
6.6625e-06
1.27271e-05
2.04218e-05
3.00667e-05
4.17849e-05
5.53802e-05
7.01874e-05
8.51505e-05
9.92093e-05
0.000111447
0.000121072
0.000127568
0.000130687
0.000130295
0.000126271
0.000118411
0.000106448
9.01868e-05
6.96993e-05
4.55029e-05
1.85661e-05
-9.8204e-06
-3.82136e-05
-6.52574e-05
-8.98411e-05
-0.00011113
-0.000128587
-0.000141866
-0.000150669
-0.000154729
-0.000153831
-0.000147869
-0.000137004
-0.000121764
-0.00010303
-8.1955e-05
-5.98129e-05
-3.78124e-05
-1.69717e-05
1.95352e-06
1.84728e-05
3.22658e-05
4.31106e-05
5.08327e-05
5.52311e-05
5.61926e-05
5.38477e-05
4.85537e-05
4.08761e-05
3.15658e-05
2.14657e-05
1.13792e-05
1.98993e-06
-6.16119e-06
-1.26999e-05
-1.73672e-05
-1.99411e-05
-2.0225e-05
-1.8059e-05
-1.33378e-05
-6.03774e-06
3.70646e-06
1.55421e-05
2.89942e-05
4.35612e-05
5.8719e-05
7.39832e-05
8.8961e-05
0.000103306
0.000116684
0.000128766
0.000139194
0.000147605
0.000153702
0.0001573
0.00015837
0.000157042
0.000153589
0.000148364
0.00014175
0.000134103
0.000125727
0.000116904
0.000107923
9.90776e-05
9.06974e-05
8.31619e-05
7.68329e-05
7.19716e-05
6.87174e-05
6.70826e-05
6.69513e-05
6.81039e-05
7.02634e-05
7.31419e-05
7.64687e-05
7.9974e-05
8.33894e-05
8.64778e-05
8.89809e-05
9.06125e-05
9.11359e-05
9.03683e-05
8.81816e-05
8.45401e-05
7.95073e-05
7.32229e-05
6.58814e-05
5.7731e-05
4.90425e-05
4.00855e-05
3.11388e-05
2.24843e-05
1.44021e-05
7.15287e-06
9.69097e-07
-3.95653e-06
-7.50119e-06
-9.61014e-06
-1.02968e-05
-9.6482e-06
-7.79502e-06
-4.88144e-06
-1.05868e-06
3.52253e-06
8.70361e-06
1.43184e-05
2.01851e-05
2.60642e-05
3.17063e-05
3.68948e-05
4.13905e-05
4.49124e-05
4.71947e-05
4.80578e-05
4.7401e-05
4.51613e-05
4.13313e-05
3.59606e-05
2.91375e-05
2.09797e-05
1.16085e-05
1.15878e-06
-1.01896e-05
-2.21959e-05
-3.45169e-05
-4.66763e-05
-5.8111e-05
-6.82637e-05
-7.66448e-05
-8.28504e-05
-8.66173e-05
-8.78677e-05
-8.66215e-05
-8.2911e-05
-7.67939e-05
-6.83276e-05
-5.75645e-05
-4.46554e-05
-2.9902e-05
-1.37444e-05
3.22323e-06
2.02823e-05
3.66887e-05
5.17923e-05
6.51266e-05
7.64119e-05
8.55627e-05
9.26934e-05
9.80172e-05
0.000101716
0.000103947
0.000104907
0.000104834
0.000103998
0.000102647
0.000100984
9.91853e-05
9.73829e-05
9.5629e-05
9.38582e-05
9.19687e-05
8.99425e-05
8.77156e-05
8.51078e-05
8.19429e-05
7.80029e-05
7.2974e-05
6.65227e-05
5.84039e-05
4.85369e-05
3.70227e-05
2.41825e-05
1.05233e-05
-3.39549e-06
-1.70687e-05
-3.01022e-05
-4.22359e-05
-5.33525e-05
-6.34453e-05
-7.25246e-05
-8.05407e-05
-8.73806e-05
-9.2884e-05
-9.68402e-05
-9.90684e-05
-9.95594e-05
-9.85182e-05
-9.6278e-05
-9.32319e-05
-8.98124e-05
-8.6405e-05
-8.32619e-05
-8.05072e-05
-7.81795e-05
-7.62772e-05
-7.48081e-05
-7.38292e-05
-7.34582e-05
-7.38318e-05
-7.50291e-05
-7.7018e-05
-7.96432e-05
-8.26738e-05
-8.58628e-05
-8.89685e-05
-9.17846e-05
-9.41611e-05
-9.6005e-05
-9.7264e-05
-9.7264e-05
-9.78965e-05
-9.7862e-05
-9.71182e-05
-9.56481e-05
-9.34928e-05
-9.07512e-05
-8.76493e-05
-8.45157e-05
-8.15047e-05
-7.86685e-05
-7.62295e-05
-7.43522e-05
-7.30237e-05
-7.22343e-05
-7.1958e-05
-7.21031e-05
-7.25534e-05
-7.32047e-05
-7.39503e-05
-7.46444e-05
-7.51344e-05
-7.53018e-05
-7.50937e-05
-7.45101e-05
-7.35242e-05
-7.20819e-05
-7.01644e-05
-6.78018e-05
-6.50656e-05
-6.20708e-05
-5.89726e-05
-5.59445e-05
-5.31509e-05
-5.07395e-05
-4.88257e-05
-4.74485e-05
-4.65577e-05
-4.60419e-05
-4.57843e-05
-4.5698e-05
-4.56971e-05
-4.57035e-05
-4.56553e-05
-4.54663e-05
-4.50204e-05
-4.41845e-05
-4.28043e-05
-4.07206e-05
-3.78088e-05
-3.40131e-05
-2.93518e-05
-2.38968e-05
-1.77632e-05
-1.10862e-05
-3.98924e-06
3.40203e-06
1.09455e-05
1.84579e-05
2.56605e-05
3.21947e-05
3.77095e-05
4.19011e-05
4.45222e-05
4.54157e-05
4.4536e-05
4.19434e-05
3.77589e-05
3.21414e-05
2.53156e-05
1.75796e-05
9.32035e-06
1.01125e-06
-6.87827e-06
-1.39e-05
-1.96227e-05
-2.37407e-05
-2.61194e-05
-2.67495e-05
-2.56499e-05
-2.28475e-05
-1.84357e-05
-1.25496e-05
-5.38262e-06
2.76214e-06
1.14454e-05
2.01054e-05
2.81688e-05
3.51354e-05
4.06246e-05
4.44369e-05
4.6553e-05
4.7074e-05
4.61614e-05
4.39888e-05
4.07165e-05
3.65053e-05
3.15345e-05
2.60107e-05
2.01854e-05
1.43336e-05
8.69419e-06
3.45344e-06
-1.22612e-06
-5.24691e-06
-8.61179e-06
-1.13712e-05
-1.35975e-05
-1.53658e-05
-1.67354e-05
-1.77513e-05
-1.84329e-05
-1.87993e-05
-1.88517e-05
-1.8576e-05
-1.80278e-05
-1.72884e-05
-1.64203e-05
-1.55243e-05
-1.47114e-05
-1.40459e-05
-1.35305e-05
-1.31419e-05
-1.28819e-05
-1.27558e-05
-1.27688e-05
-1.29421e-05
-1.33042e-05
-1.38852e-05
-1.46776e-05
-1.56243e-05
-1.66548e-05
-1.77187e-05
-1.88046e-05
-1.99293e-05
-2.11433e-05
-2.25125e-05
-2.4088e-05
-2.58798e-05
-2.7818e-05
-2.98064e-05
-3.1755e-05
-3.35442e-05
-3.50738e-05
-3.63088e-05
-3.72751e-05
-3.80037e-05
-3.84709e-05
-3.86175e-05
-3.83465e-05
-3.75232e-05
-3.60147e-05
-3.37233e-05
-3.0629e-05
-2.68021e-05
-2.23954e-05
-1.76245e-05
-1.27278e-05
-7.9265e-06
-3.38529e-06
7.86005e-07
4.54827e-06
7.98956e-06
1.12745e-05
1.45627e-05
1.80243e-05
2.18288e-05
2.60971e-05
3.08579e-05
3.60257e-05
4.14818e-05
4.71257e-05
5.28575e-05
5.85993e-05
6.43257e-05
7.00689e-05
7.57968e-05
8.13534e-05
8.65203e-05
9.10157e-05
9.45284e-05
9.67739e-05
9.75657e-05
9.68759e-05
9.47963e-05
9.14572e-05
8.69685e-05
8.14466e-05
7.50074e-05
6.77215e-05
5.96732e-05
5.10089e-05
4.19547e-05
3.28359e-05
2.40086e-05
1.58085e-05
8.54428e-06
2.44388e-06
-2.37367e-06
-5.86896e-06
-8.01644e-06
-8.77474e-06
-8.12117e-06
-6.06502e-06
-2.65198e-06
1.98883e-06
7.57922e-06
1.37067e-05
1.98893e-05
2.55872e-05
3.0287e-05
3.36227e-05
3.53329e-05
3.52243e-05
3.32028e-05
2.9247e-05
2.34316e-05
1.59544e-05
7.09846e-06
-2.75066e-06
-1.30927e-05
-2.33507e-05
-3.29317e-05
-4.13154e-05
-4.80674e-05
-5.28469e-05
-5.5457e-05
-5.58228e-05
-5.39363e-05
-4.9818e-05
-4.35742e-05
-3.54642e-05
-2.58466e-05
-1.51755e-05
-4.01969e-06
6.99112e-06
1.7226e-05
2.61257e-05
3.32463e-05
3.82669e-05
4.10158e-05
4.14604e-05
3.96661e-05
3.57797e-05
3.00188e-05
2.26733e-05
1.41203e-05
4.78065e-06
-4.89744e-06
-1.44142e-05
-2.32637e-05
-3.09758e-05
-3.71487e-05
-4.14763e-05
-4.37399e-05
-4.38429e-05
-4.18128e-05
-3.77617e-05
-3.18945e-05
-2.44957e-05
-1.59033e-05
-6.49816e-06
3.31551e-06
1.3154e-05
2.2676e-05
3.15484e-05
3.94629e-05
4.61775e-05
5.1506e-05
5.53235e-05
5.75903e-05
5.8348e-05
5.7717e-05
5.59029e-05
5.3176e-05
4.9831e-05
4.6122e-05
4.22142e-05
3.8221e-05
3.42183e-05
3.02413e-05
2.63256e-05
2.25344e-05
1.89687e-05
1.57181e-05
1.28095e-05
1.02164e-05
7.84278e-06
5.5333e-06
3.14617e-06
6.31296e-07
-1.92298e-06
-4.27986e-06
-6.0794e-06
-6.9551e-06
-6.68045e-06
-5.16259e-06
-2.37579e-06
1.60981e-06
6.59883e-06
1.22736e-05
1.82673e-05
2.42341e-05
2.98028e-05
3.45602e-05
3.80731e-05
3.99155e-05
3.9747e-05
3.73752e-05
3.28355e-05
2.64675e-05
1.89767e-05
1.12686e-05
4.04216e-06
-2.09945e-06
-6.44569e-06
-8.42183e-06
-7.66817e-06
-4.09631e-06
2.11492e-06
1.06714e-05
2.11083e-05
3.28039e-05
3.28039e-05
4.5131e-05
5.75771e-05
6.97488e-05
8.11434e-05
9.11217e-05
9.90838e-05
0.000104363
0.000106049
0.000103109
9.47977e-05
8.08636e-05
6.1447e-05
3.7087e-05
8.80706e-06
-2.18455e-05
-5.30867e-05
-8.3213e-05
-0.000110531
-0.000133308
-0.000150135
-0.000160394
-0.000163924
-0.000160653
-0.0001509
-0.000135442
-0.000115145
-9.05111e-05
-6.20106e-05
-3.06311e-05
2.32189e-06
3.52422e-05
6.61251e-05
9.2789e-05
0.000113319
0.000126499
0.00013192
0.000129984
0.000121735
0.000108404
9.11887e-05
7.11166e-05
4.8838e-05
2.47284e-05
-7.22986e-07
-2.64428e-05
-5.0866e-05
-7.23257e-05
-8.91393e-05
-9.98683e-05
-0.000103767
-0.000101086
-9.28449e-05
-8.03345e-05
-6.49197e-05
-4.78495e-05
-2.99745e-05
-1.16243e-05
7.08087e-06
2.57982e-05
4.38733e-05
6.03843e-05
7.41847e-05
8.40425e-05
8.89674e-05
8.84817e-05
8.26396e-05
7.194e-05
5.71759e-05
3.92959e-05
1.92518e-05
-2.10567e-06
-2.3974e-05
-4.54799e-05
-6.56266e-05
-8.34226e-05
-9.79476e-05
-0.00010835
-0.000113997
-0.000114592
-0.00011016
-0.000100979
-8.75258e-05
-7.04902e-05
-5.07179e-05
-2.92322e-05
-7.22875e-06
1.41118e-05
3.36619e-05
5.0361e-05
6.33953e-05
7.23006e-05
7.69147e-05
7.71912e-05
7.31745e-05
6.51016e-05
5.33423e-05
3.83755e-05
2.08794e-05
1.80198e-06
-1.77313e-05
-3.65755e-05
-5.36321e-05
-6.79905e-05
-7.9032e-05
-8.63859e-05
-8.99261e-05
-8.97171e-05
-8.58974e-05
-7.86532e-05
-6.82689e-05
-5.51836e-05
-3.99937e-05
-2.34388e-05
-6.36951e-06
1.03316e-05
2.58196e-05
3.93811e-05
5.04905e-05
5.87717e-05
6.39868e-05
6.60241e-05
6.48478e-05
6.04921e-05
5.31007e-05
4.29603e-05
3.05117e-05
1.63377e-05
1.12541e-06
-1.43825e-05
-2.9451e-05
-4.33988e-05
-5.56246e-05
-6.56288e-05
-7.30037e-05
-7.74493e-05
-7.87945e-05
-7.69785e-05
-7.20672e-05
-6.42769e-05
-5.39762e-05
-4.16578e-05
-2.78878e-05
-1.32974e-05
1.44241e-06
1.56676e-05
2.87406e-05
4.00855e-05
4.92065e-05
5.56984e-05
5.92797e-05
5.98156e-05
5.7328e-05
5.19875e-05
4.4109e-05
3.41295e-05
2.25742e-05
1.00305e-05
-2.90564e-06
-1.56385e-05
-2.75753e-05
-3.81857e-05
-4.70097e-05
-5.36449e-05
-5.77976e-05
-5.92906e-05
-5.80606e-05
-5.41954e-05
-4.79224e-05
-3.95729e-05
-2.95648e-05
-1.84009e-05
-6.63162e-06
5.19305e-06
1.65391e-05
2.69016e-05
3.5829e-05
4.29583e-05
4.8015e-05
5.08104e-05
5.12612e-05
4.93934e-05
4.53323e-05
3.92928e-05
3.1571e-05
2.25326e-05
1.2606e-05
2.25781e-06
-8.03912e-06
-1.78139e-05
-2.66231e-05
-3.40866e-05
-3.98965e-05
-4.38224e-05
-4.57287e-05
-4.55841e-05
-4.34359e-05
-3.94153e-05
-3.37513e-05
-2.67274e-05
-1.86689e-05
-9.95588e-06
-1.0036e-06
7.77042e-06
1.59738e-05
2.32428e-05
2.92615e-05
3.37837e-05
3.66347e-05
3.7725e-05
3.7049e-05
3.46794e-05
3.07649e-05
2.55193e-05
1.92014e-05
1.21102e-05
4.59312e-06
-2.9849e-06
-1.02734e-05
-1.69422e-05
-2.26952e-05
-2.72781e-05
-3.04991e-05
-3.224e-05
-3.24443e-05
-3.11366e-05
-2.84124e-05
-2.44089e-05
-1.93252e-05
-1.34161e-05
-6.96407e-06
-2.76116e-07
6.33564e-06
1.25725e-05
1.81515e-05
2.28328e-05
2.6428e-05
2.87844e-05
2.98165e-05
2.95141e-05
2.79137e-05
2.51079e-05
2.12469e-05
1.65246e-05
1.11724e-05
5.45282e-06
-3.60758e-07
-6.01051e-06
-1.12398e-05
-1.5807e-05
-1.95275e-05
-2.22481e-05
-2.38495e-05
-2.42878e-05
-2.35682e-05
-2.17304e-05
-1.88745e-05
-1.51596e-05
-1.07731e-05
-5.91749e-06
-8.22731e-07
4.26438e-06
9.1182e-06
1.35332e-05
1.73051e-05
2.02705e-05
2.23233e-05
2.3387e-05
2.34221e-05
2.24457e-05
2.05303e-05
1.77839e-05
1.43385e-05
1.03638e-05
6.05693e-06
1.62281e-06
-2.73095e-06
-6.81277e-06
-1.04442e-05
-1.34613e-05
-1.57396e-05
-1.71903e-05
-1.77538e-05
-1.74169e-05
-1.62217e-05
-1.42417e-05
-1.15736e-05
-8.35306e-06
-4.73926e-06
-8.99763e-07
2.98775e-06
6.74048e-06
1.01909e-05
1.31928e-05
1.5614e-05
1.73513e-05
1.83382e-05
1.85435e-05
1.79742e-05
1.66732e-05
1.47144e-05
1.22032e-05
9.26659e-06
6.03586e-06
2.66062e-06
-6.94867e-07
-3.87943e-06
-6.75182e-06
-9.18271e-06
-1.10683e-05
-1.23323e-05
-1.29277e-05
-1.28407e-05
-1.209e-05
-1.07244e-05
-8.81886e-06
-6.46944e-06
-3.78875e-06
-9.02579e-07
2.05427e-06
4.94444e-06
7.63571e-06
1.00079e-05
1.00079e-05
1.1958e-05
1.34044e-05
1.42903e-05
1.45866e-05
1.42972e-05
1.34513e-05
1.34513e-05
