2.34554e-08
8.41753e-09
-4.11816e-07
-1.45345e-06
-2.58032e-06
-3.29445e-06
-3.85142e-06
-4.4727e-06
-4.99921e-06
-5.45757e-06
-5.99281e-06
-6.55518e-06
-7.07569e-06
-7.47718e-06
-7.57453e-06
-7.2566e-06
-6.58769e-06
-5.75417e-06
-4.97942e-06
-4.40752e-06
-4.06411e-06
-3.91986e-06
-3.94539e-06
-4.11574e-06
-4.4303e-06
-4.93028e-06
-5.6732e-06
-6.72496e-06
-8.16504e-06
-1.00291e-05
-1.225e-05
-1.46924e-05
-1.72183e-05
-1.97141e-05
-2.21051e-05
-2.43655e-05
-2.64916e-05
-2.84559e-05
-3.01963e-05
-3.16326e-05
-3.26732e-05
-3.32202e-05
-3.31906e-05
-3.25421e-05
-3.12772e-05
-2.94291e-05
-2.70506e-05
-2.41912e-05
-2.08612e-05
-1.70475e-05
-1.27566e-05
-8.00635e-06
-2.818e-06
2.75055e-06
8.61049e-06
1.46873e-05
2.09214e-05
2.72563e-05
3.366e-05
4.01223e-05
4.66408e-05
5.32233e-05
5.9866e-05
6.6534e-05
7.31913e-05
7.98246e-05
8.64247e-05
9.29625e-05
9.93806e-05
0.000105595
0.000111494
0.000116928
0.000121728
0.000125734
0.000128798
0.000130777
0.000131548
0.000130997
0.000128989
0.000125373
0.000120009
0.000112787
0.000103639
9.25604e-05
7.96185e-05
6.49447e-05
4.87111e-05
3.10848e-05
1.2196e-05
-7.85296e-06
-2.89679e-05
-5.10496e-05
-7.39722e-05
-9.75606e-05
-0.000121587
-0.00014579
-0.000169894
-0.000193639
-0.000216794
-0.000239153
-0.000260528
-0.000280705
-0.000299438
-0.00031648
-0.000331613
-0.000344628
-0.000355346
-0.000363637
-0.000369363
-0.000372338
-0.000372369
-0.000369277
-0.000362913
-0.000353234
-0.000340352
-0.00032449
-0.000305906
-0.000284853
-0.00026156
-0.000236221
-0.000208995
-0.000180002
-0.000149333
-0.000117084
-8.32935e-05
-4.78419e-05
-1.05028e-05
2.89414e-05
7.0695e-05
0.000114969
0.000161904
0.000211513
0.000263679
0.000318118
0.000374313
0.000431469
0.000488465
0.000543854
0.00059596
0.000643038
0.000683364
0.000715269
0.000737253
0.000748115
0.000746932
0.000732823
0.000704707
0.000661253
0.000600971
0.000522409
0.000424801
0.000309014
0.00017778
3.51472e-05
-0.000113909
-0.000263764
-0.000409078
-0.000545768
-0.000670699
-0.000780747
-0.000872583
-0.000942918
-0.000988601
-0.00100697
-0.000996672
-0.000958272
-0.000894328
-0.000808916
-0.000706908
-0.000593217
-0.000472075
-0.000346631
-0.000219082
-9.10822e-05
3.58684e-05
0.000160181
0.000280246
0.000394773
0.000502959
0.000604138
0.000697368
0.00078154
0.000855654
0.000918737
0.000969798
0.00100838
0.00103547
0.00105378
0.00106698
0.00107872
0.00109247
0.00111135
0.00113773
0.00117345
0.00122064
0.00128224
0.00136152
0.00146161
0.0015845
0.00172922
0.00188956
0.00205288
0.00219972
0.00230428
0.00233913
0.00228387
0.00212941
0.00187583
0.00153126
0.00111183
0.000636075
0.000117718
-0.000433547
-0.0010056
-0.0015809
-0.00213684
-0.00264601
-0.00307847
-0.00340777
-0.00361732
-0.00370351
-0.00367494
-0.0035488
-0.00334601
-0.00308634
-0.00278525
-0.00245367
-0.00210027
-0.0017348
-0.0013709
-0.00102608
-0.000719184
-0.000466853
-0.000280334
-0.00016302
-0.000110176
-0.000111098
-0.00015237
-0.000220854
-0.000305331
-0.000396485
-0.000485581
-0.000562501
-0.000614421
-0.000626356
-0.000583198
-0.000472187
-0.000285207
-2.0179e-05
0.000319122
0.000724569
0.00118572
0.00169156
0.00223115
0.00279314
0.00336454
0.00392951
0.00446892
0.0049618
0.00538796
0.00573023
0.00597526
0.00611354
0.00613832
0.00604461
0.00582912
0.0054879
0.00501104
0.00437771
0.00355741
0.0025278
0.0013004
-7.71598e-05
-0.00153916
-0.00301002
-0.0044078
-0.00566381
-0.00674046
-0.00762082
-0.0082872
-0.00871402
-0.00886856
-0.00871178
-0.00820871
-0.00734865
-0.0061588
-0.0047025
-0.00306741
-0.00134992
0.000360089
0.00199109
0.00349361
0.00483457
0.00598781
0.00692695
0.00762244
0.00804092
0.00814641
0.00790215
0.00727586
0.00626085
0.00490343
0.00329869
0.00155926
-0.000202364
-0.00188013
-0.00339461
-0.00470879
-0.00581111
-0.00668591
-0.00730157
-0.00761173
-0.00756217
-0.00711134
-0.00625931
-0.00506329
-0.00363056
-0.00209478
-0.000583228
0.00080838
0.00201885
0.00301055
0.00301055
0.00375865
0.0042391
0.00441595
0.00424324
0.00368615
0.00274555
0.0014701
-4.52132e-05
-0.00167187
-0.00327078
-0.00471796
-0.00592107
-0.00682216
-0.00739133
-0.00761654
-0.007494
-0.00702299
-0.00620882
-0.00507286
-0.00366354
-0.00206135
-0.000373325
0.00128153
0.00279043
0.00406267
0.00503872
0.00569171
0.00602183
0.00604547
0.00578471
0.00526342
0.00450939
0.00355739
0.00245185
0.00125069
2.54244e-05
-0.00114691
-0.00219491
-0.00306072
-0.00370464
-0.00410646
-0.0042627
-0.00418101
-0.00387513
-0.00336318
-0.00267007
-0.0018319
-0.000899067
6.40556e-05
0.000985179
0.00179754
0.00245284
0.00292301
0.00319551
0.00327131
0.00316176
0.00288064
0.00243986
0.00185495
0.00115259
0.000372421
-0.000435126
-0.001213
-0.00190531
-0.00246699
-0.00286973
-0.00310318
-0.0031755
-0.00311293
-0.00295169
-0.00272449
-0.00245287
-0.00214753
-0.00181035
-0.00144022
-0.00104391
-0.000640581
-0.000255312
8.89915e-05
0.000377225
0.000608045
0.000797217
0.000973121
0.00116394
0.00137838
0.00158647
0.00172141
0.00171243
0.00151784
0.00113291
0.000589219
-4.71137e-05
-0.000697955
-0.00130748
-0.00185225
-0.00232742
-0.00273336
-0.00306403
-0.00329539
-0.00338761
-0.00330298
-0.00302477
-0.00256656
-0.00196806
-0.00128066
-0.000555944
0.000159112
0.00082827
0.00143111
0.00195774
0.0023981
0.00273851
0.00296695
0.00307856
0.00307733
0.00297687
0.00279939
0.0025695
0.00230628
0.00202103
0.00171996
0.0014081
0.0010935
0.000789601
0.000513673
0.000282969
0.000110957
3.62707e-06
-4.24904e-05
-3.77738e-05
6.67896e-06
8.45283e-05
0.000195939
0.000345951
0.000540682
0.000782138
0.00106366
0.00136838
0.00167069
0.00193964
0.00214522
0.00226549
0.00228911
0.00221305
0.00204116
0.00178395
0.00145531
0.00106833
0.000636247
0.00017729
-0.000282923
-0.000712654
-0.00107637
-0.0013382
-0.00146684
-0.00144038
-0.00124905
-0.000895348
-0.000391852
0.00024081
0.000974524
0.00177298
0.00258965
0.00336696
0.00404449
0.00457417
0.00492598
0.00508314
0.00504168
0.00481153
0.00440682
0.00383477
0.003099
0.0022109
0.00119542
9.36006e-05
-0.00103544
-0.00212075
-0.00309514
-0.00390826
-0.00453033
-0.00495018
-0.00517084
-0.00520189
-0.00505011
-0.00471529
-0.00419455
-0.00349057
-0.00261867
-0.00161065
-0.000514238
0.000613398
0.00171569
0.00274558
0.00367019
0.00447064
0.00513809
0.00566795
0.00605458
0.00628941
0.00636381
0.00627504
0.00603039
0.00564778
0.00515359
0.00457588
0.00393348
0.00322939
0.00245607
0.00160809
0.000695009
-0.000248978
-0.00116695
-0.00199773
-0.00269493
-0.0032332
-0.00361013
-0.00384757
-0.00398067
-0.00403641
-0.00402223
-0.0039334
-0.00376669
-0.00352909
-0.00324233
-0.00294479
-0.00268553
-0.00250841
-0.00243548
-0.00246052
-0.00255408
-0.00267415
-0.00277728
-0.00282965
-0.00281534
-0.00273516
-0.00259715
-0.00240706
-0.0021629
-0.00185313
-0.00145995
-0.000967429
-0.000369782
0.000323724
0.00108719
0.00187934
0.00264699
0.00333255
0.00389128
0.0043093
0.00459929
0.00478024
0.00486798
0.00487353
0.00479442
0.0046106
0.00430005
0.00385891
0.00330776
0.00268815
0.00205577
0.00146773
0.000966259
0.000570407
0.000278676
7.28617e-05
-8.08181e-05
-0.000223945
-0.000389841
-0.000593915
-0.000835077
-0.00109888
-0.00136592
-0.00163171
-0.00191969
-0.00227069
-0.00272321
-0.00330016
-0.00400071
-0.00479626
-0.00563479
-0.00645556
-0.00720811
-0.0078607
-0.00839287
-0.0087848
-0.00901338
-0.00904817
-0.00884723
-0.00836447
-0.00756786
-0.00645298
-0.00504468
-0.00339373
-0.00157278
0.000332188
0.002234
0.00405187
0.00571142
0.00714205
0.00827464
0.00904054
0.00937715
0.00924155
0.00862192
0.00754047
0.00605245
0.00424228
0.00221229
6.873e-05
-0.00208559
-0.00415226
-0.00603728
-0.00765079
-0.00890728
-0.0097295
-0.0100562
-0.00985247
-0.00912181
-0.00791454
-0.00631894
-0.00443624
-0.00443624
-0.00236267
-0.000187257
0.00200969
0.00415859
0.00619137
0.00802943
0.00958691
0.0107848
0.0115629
0.0118895
0.0117693
0.0112421
0.0103693
0.00921798
0.00785028
0.00631874
0.00466702
0.00293518
0.00116804
-0.000579663
-0.00224566
-0.00376722
-0.00508803
-0.006164
-0.00696962
-0.00750016
-0.00776544
-0.00778095
-0.00756421
-0.00713483
-0.00651315
-0.00572041
-0.00478351
-0.00373878
-0.00263031
-0.00150594
-0.000413265
0.000604754
0.00151398
0.00229016
0.00291584
0.00337574
0.00365477
0.0037391
0.00361794
0.00328672
0.00275404
0.00204779
0.00121214
0.000299256
-0.000635684
-0.00153787
-0.00235995
-0.00306695
-0.00363246
-0.00403289
-0.00424856
-0.00426796
-0.00408888
-0.00371861
-0.00317726
-0.00250015
-0.00173396
-0.000929388
-0.000136676
0.000596429
0.00122855
0.00172872
0.00207648
0.00226032
0.002278
0.00213737
0.00185509
0.00145538
0.000969907
0.0004375
-9.78977e-05
-0.000590474
-0.000995039
-0.00126919
-0.00137706
-0.00129425
-0.00101111
-0.000532878
0.000122106
0.000923718
0.00183143
0.00279734
0.00377112
0.00470434
0.00555107
0.00626738
0.00681368
0.00715725
0.0072712
0.00713317
0.00672907
0.00605771
0.00513121
0.00397472
0.00262858
0.00114736
-0.000407732
-0.00197569
-0.00349706
-0.00491417
-0.00617315
-0.0072247
-0.00802267
-0.00852504
-0.00870011
-0.00853398
-0.00803368
-0.00722553
-0.00615284
-0.00487313
-0.0034517
-0.00195406
-0.000442716
0.00102171
0.00237999
0.00357573
0.00455699
0.005278
0.00570271
0.00580993
0.00559695
0.00507974
0.00429079
0.0032761
0.00209119
0.000796362
-0.000546392
-0.00187386
-0.0031216
-0.00422527
-0.00512353
-0.00576204
-0.00609822
-0.00610581
-0.00577825
-0.00512938
-0.00419029
-0.00300392
-0.00162125
-9.9355e-05
0.00150036
0.00311314
0.00467001
0.00609828
0.00732649
0.008291
0.00894037
0.0092387
0.00916872
0.00873253
0.00794856
0.00684728
0.00546767
0.00385481
0.00205973
0.000142253
-0.00182642
-0.00376563
-0.00559038
-0.00721728
-0.00857173
-0.0095951
-0.0102481
-0.0105102
-0.0103767
-0.00985527
-0.00896287
-0.00772518
-0.00617866
-0.00437329
-0.00237342
-0.00025573
0.00189524
0.00399306
0.0059562
0.00771398
0.00920996
0.0104028
0.0112651
0.0117798
0.0119366
0.011731
0.011165
0.0102487
0.00900506
0.00747775
0.00573085
0.00384151
0.00189337
-2.8133e-05
-0.00184457
-0.00349284
-0.00492435
-0.00609916
-0.00698463
-0.00755779
-0.0078062
-0.00772846
-0.00733855
-0.00667073
-0.00577821
-0.00472575
-0.00358178
-0.00241317
-0.00128098
-0.000236609
0.000679426
0.00143565
0.00200737
0.00237648
0.00253329
0.00247872
0.00222513
0.00179575
0.00122245
0.000541943
-0.000208027
-0.000990939
-0.00177244
-0.00251979
-0.00319932
-0.00377447
-0.00420817
-0.00446785
-0.0045292
-0.00437909
-0.00401842
-0.00346151
-0.00273097
-0.00185291
-0.000854892
0.000234488
0.00138486
0.0025617
0.00372451
0.00482788
0.00582512
0.00667297
0.00733592
0.00778913
0.00801889
0.00802101
0.00779792
0.00735623
0.00670686
0.00586751
0.0048645
0.00373307
0.00251741
0.00126907
4.1482e-05
-0.00111742
-0.00216921
-0.00308545
-0.00384809
-0.00444894
-0.0048853
-0.00515513
-0.00525823
-0.00520089
-0.00499764
-0.00467025
-0.0042474
-0.00376337
-0.00325339
-0.00274789
-0.00226941
-0.00183218
-0.00144344
-0.00110611
-0.000821968
-0.000593404
-0.000422763
-0.000310445
-0.000253188
-0.000243421
-0.000269533
-0.000317135
-0.000371671
-0.000421276
-0.000457599
-0.000474427
-0.000466478
-0.000428851
-0.000355899
-0.000241238
-8.1697e-05
0.000117726
0.000344022
0.000580371
0.000809031
0.00101303
0.00117842
0.00129468
0.00135242
0.00134165
0.00125253
0.00107706
0.000810696
0.000454253
1.57688e-05
-0.000488722
-0.00103686
-0.0016033
-0.00216287
-0.00269253
-0.00317188
-0.00358275
-0.00390888
-0.00413577
-0.00425019
-0.00424003
-0.00409495
-0.00380828
-0.00338035
-0.00282227
-0.00282227
-0.00215824
-0.00142297
-0.000655134
0.000107608
0.000831154
0.00148831
0.00206173
0.00254155
0.00291915
0.00318408
0.00332604
0.00333805
0.00321932
0.0029788
0.00263777
0.00222763
0.00178381
0.00133964
0.000922311
0.000550629
0.000234855
-2.04515e-05
-0.000212307
-0.000336835
-0.000389322
-0.000365853
-0.000265771
-9.42339e-05
0.000136828
0.000410279
0.000706485
0.00100579
0.00129095
0.0015492
0.00177241
0.00195562
0.00209512
0.00218707
0.00222726
0.00221198
0.00213914
0.00200925
0.00182662
0.00160001
0.00134117
0.00106238
0.000774884
0.000488268
0.000210289
-5.25303e-05
-0.000293863
-0.000507014
-0.000685192
-0.000822456
-0.00091467
-0.000959854
-0.000958379
-0.000913054
-0.000828314
-0.000708988
-0.000560647
-0.000392495
-0.000220925
-7.06042e-05
2.80913e-05
4.51736e-05
-3.95707e-05
-0.000229752
-0.000515382
-0.000880008
-0.00130304
-0.00176138
-0.00223552
-0.00271265
-0.0031799
-0.00361597
-0.00399042
-0.00426808
-0.00441403
-0.00440046
-0.00421398
-0.00385854
-0.00335244
-0.00272283
-0.00199976
-0.00121154
-0.000381901
0.000469256
0.00132153
0.00214906
0.0029189
0.003594
0.00413854
0.00452344
0.00473146
0.0047606
0.00462325
0.00434094
0.00393821
0.00343854
0.00286255
0.00222811
0.00155367
0.000864071
0.000193061
-0.00041991
-0.00093534
-0.00131903
-0.00154796
-0.00161456
-0.00152493
-0.0012926
-0.000933327
-0.000462211
0.000106189
0.000751761
0.00143829
0.0021066
0.00267756
0.00306697
0.00321142
0.00308801
0.00270923
0.00210704
0.00132556
0.000412212
-0.000600415
-0.0017008
-0.00288003
-0.00410944
-0.00533333
-0.00647244
-0.00743396
-0.00813283
-0.00851654
-0.00857537
-0.00833512
-0.00784167
-0.00714296
-0.00627327
-0.0052464
-0.00406197
-0.00272047
-0.00123821
0.000343819
0.00196082
0.00353596
0.00499737
0.00628902
0.00737013
0.00821072
0.00879162
0.00910364
0.0091421
0.00890538
0.00840084
0.00764811
0.00667675
0.00552576
0.0042447
0.00289021
0.00151996
0.000189901
-0.0010466
-0.00214234
-0.00306105
-0.003779
-0.00428382
-0.00457311
-0.00465333
-0.00453752
-0.00424311
-0.0037911
-0.00320617
-0.00251777
-0.00176114
-0.000974892
-0.000196564
0.000539807
0.0012057
0.00178142
0.00225681
0.00262774
0.00289032
0.00303298
0.00302954
0.00284625
0.00246396
0.00189144
0.00115989
0.000317257
-0.00057496
-0.0014557
-0.00228158
-0.00302863
-0.003682
-0.00422646
-0.00463894
-0.0048835
-0.00491673
-0.00470496
-0.00424233
-0.00356045
-0.00272697
-0.00182949
-0.000949814
-0.000146379
0.000548533
0.00112618
0.00159376
0.001957
0.00220505
0.00231323
0.00225781
0.00202918
0.00164167
0.00113891
0.000587758
6.04125e-05
-0.000384024
-0.000709571
-0.000904292
-0.000974127
-0.000931975
-0.000786532
-0.00053713
-0.000177372
0.000295494
0.000871525
0.00152319
0.00220501
0.00285957
0.00343041
0.00387471
0.0041676
0.00429861
0.00426643
0.00407462
0.00372862
0.00323641
0.00261306
0.00188419
0.00108648
0.000266859
-0.000520896
-0.00122386
-0.00179989
-0.00222455
-0.00249059
-0.00260195
-0.00256843
-0.00240151
-0.00211032
-0.00170237
-0.00119089
-0.000601105
2.98441e-05
0.000655658
0.00122553
0.00169308
0.00202607
0.00221042
0.00224783
0.00215053
0.0019345
0.00161305
0.00119495
0.000688576
0.000108064
-0.000522202
-0.00116638
-0.00178006
-0.00231611
-0.00273193
-0.002996
-0.00309157
-0.00301611
-0.00277877
-0.00239721
-0.00189456
-0.00129875
-0.000644191
2.891e-05
0.00067862
0.00126317
0.00174196
0.00208176
0.00226411
0.00228408
0.00214259
0.00184278
0.00139204
0.000802481
9.15632e-05
-0.000711837
-0.00156224
-0.00240265
-0.0031744
-0.00382343
-0.00430503
-0.00459022
-0.00466786
-0.00453781
-0.00420233
-0.00366415
-0.00292907
-0.00200904
-0.000926709
0.000278689
0.00154984
0.00281677
0.00400599
0.00505059
0.00589908
0.00651835
0.00689115
0.00701204
0.00688364
0.00651354
0.00591413
0.00510564
0.00411964
0.00411964
0.00299997
0.00180037
0.000579646
-0.000603903
-0.00169803
-0.00266089
-0.00346228
-0.00408124
-0.00450239
-0.00471386
-0.00470794
-0.00448291
-0.00404497
-0.00341034
-0.00260687
-0.0016734
-0.000655875
0.000397304
0.00143771
0.00241834
0.00329614
0.00403439
0.00460211
0.00497271
0.00512494
0.00504465
0.00472636
0.00417661
0.0034175
0.0024864
0.00143298
0.000315549
-0.000804892
-0.00187168
-0.00283546
-0.00365356
-0.00428994
-0.00471594
-0.00491078
-0.0048635
-0.00457646
-0.004068
-0.00337314
-0.00254145
-0.00163112
-0.000701221
0.000193027
0.00100273
0.0016888
0.0022244
0.00259235
0.00278077
0.00278336
0.00260301
0.00225352
0.0017592
0.00115457
0.00048271
-0.000209195
-0.000875792
-0.00147966
-0.00199615
-0.00241367
-0.00272885
-0.00294119
-0.003051
-0.00305891
-0.00296605
-0.0027762
-0.00249915
-0.00215215
-0.00175835
-0.00134281
-0.000928257
-0.000532269
-0.000166527
0.000162921
0.000453845
0.000704351
0.000910536
0.00106687
0.0011675
0.00120734
0.0011833
0.00109521
0.000945612
0.000739909
0.000486553
0.000195196
-0.000126321
-0.000472522
-0.000838251
-0.00121602
-0.00159416
-0.00195704
-0.00228681
-0.00256497
-0.00277437
-0.00290272
-0.00294498
-0.00290225
-0.00277885
-0.00258094
-0.00231597
-0.00199199
-0.00161829
-0.00120724
-0.000775283
-0.00034179
7.31762e-05
0.000450819
0.000775381
0.00103604
0.00122787
0.00135078
0.00140763
0.00140272
0.00134116
0.00122888
0.00107316
0.000883525
0.000672183
0.000453626
0.000243241
5.55501e-05
-9.73613e-05
-0.000206823
-0.000267777
-0.000277988
-0.000236718
-0.000144082
-1.16646e-06
0.000190042
0.000426958
0.00070611
0.00102234
0.00136869
0.00173746
0.00212108
0.00251165
0.00289841
0.00326465
0.00358712
0.00383823
0.00398874
0.00401136
0.00388727
0.00361089
0.00318665
0.00262435
0.00194035
0.00115976
0.000312833
-0.000569778
-0.00145591
-0.00230893
-0.00309027
-0.00376509
-0.00430449
-0.00468504
-0.00489039
-0.00491353
-0.00475609
-0.00442625
-0.00393923
-0.00331886
-0.00259487
-0.00179818
-0.000959811
-0.000112061
0.000711978
0.00147999
0.00216123
0.00272689
0.00315126
0.00341379
0.00350142
0.0034098
0.00314343
0.00271516
0.00214516
0.00145919
0.000686971
-0.000138889
-0.000983542
-0.00181101
-0.00258507
-0.00326924
-0.00382715
-0.00422564
-0.00443876
-0.00445028
-0.00425585
-0.00386512
-0.00330072
-0.00259249
-0.00177214
-0.000872043
7.33767e-05
0.00102595
0.0019423
0.00277509
0.00347775
0.00401024
0.00434459
0.00446942
0.00439007
0.00412358
0.00369298
0.00312343
0.00243956
0.00166467
0.000824156
-4.9926e-05
-0.000918563
-0.00173953
-0.00247082
-0.00307342
-0.00351575
-0.00377868
-0.00385672
-0.00375508
-0.00348634
-0.00306797
-0.00251914
-0.00185836
-0.00110563
-0.000287046
0.000563073
0.00140286
0.00218574
0.00286614
0.00340629
0.00378059
0.0039769
0.00399502
0.0038432
0.00353482
0.00308645
0.00251744
0.00185142
0.00111844
0.000355004
-0.00039843
-0.00110092
-0.00171497
-0.0022112
-0.0025717
-0.00278956
-0.00286566
-0.00280606
-0.00262049
-0.00232039
-0.00191718
-0.00142387
-0.000858636
-0.00024578
0.000387061
0.00101203
0.00160317
0.00213823
0.00260009
0.00297697
0.0032613
0.00344743
0.0035302
0.00350566
0.00337286
0.00313503
0.00280026
0.00238161
0.00189565
0.00136083
0.000797666
0.000228825
-0.000322505
-0.000833707
-0.00128262
-0.00164877
-0.00191593
-0.00207306
-0.00211386
-0.00203702
-0.00184682
-0.0015525
-0.00116702
-0.000706126
-0.000188137
0.000366494
0.000935819
0.00149671
0.00202522
0.00249815
0.00289478
0.00319644
0.00338458
0.00344151
0.00335497
0.00312144
0.00274533
0.00223809
0.00161877
0.000912156
0.000144794
-0.000656893
-0.00146594
-0.00225395
-0.00299041
-0.00364254
-0.00417707
-0.00456386
-0.00477997
-0.00481282
-0.00466127
-0.00433345
-0.00384328
-0.00320811
-0.00244907
-0.00159386
-0.000680656
0.00024166
0.00112022
0.00112022
0.00190666
0.00256175
0.00305919
0.00338943
0.003557
0.00357144
0.00344207
0.00317893
0.00279294
0.00229438
0.00169495
0.00101382
0.000279224
-0.00047642
-0.00122026
-0.00191763
-0.00253234
-0.0030337
-0.00340212
-0.00362684
-0.00370188
-0.00362569
-0.0034016
-0.003036
-0.00253762
-0.00192072
-0.00120905
-0.000436619
0.000355358
0.00112241
0.00182029
0.00240958
0.00286093
0.00315715
0.0032911
0.00326351
0.00308262
0.00276347
0.002326
0.00179401
0.00119486
0.000558652
-8.26625e-05
-0.000696212
-0.00124971
-0.00171369
-0.00206377
-0.00228216
-0.00235745
-0.00228319
-0.00205686
-0.0016801
-0.00116205
-0.000524754
0.000195508
0.000951944
0.00169061
0.00235382
0.0028885
0.0032554
0.00343002
0.00339891
0.00315993
0.00272324
0.00210691
0.00133188
0.000425135
-0.000574081
-0.00161469
-0.00263883
-0.003586
-0.00439759
-0.00502387
-0.0054298
-0.0055974
-0.00552469
-0.0052222
-0.00470834
-0.0040054
-0.00313853
-0.00213881
-0.00104914
7.28343e-05
0.00116016
0.0021464
0.00297302
0.00359471
0.00398409
0.00413115
0.00403703
0.00370923
0.00316143
0.00241471
0.00149991
0.000460682
-0.000645357
-0.0017488
-0.00277455
-0.00365137
-0.00432097
-0.00474344
-0.00489797
-0.0047789
-0.00439041
-0.00374397
-0.0028588
-0.00176359
-0.000499121
0.00087956
0.0023033
0.00369217
0.00496188
0.00603397
0.00684644
0.00735783
0.00754464
0.00739929
0.00693005
0.00615923
0.00512035
0.00385807
0.00242983
0.000905814
-0.000634264
-0.00210677
-0.0034314
-0.00453843
-0.00537491
-0.00590941
-0.00613298
-0.00605415
-0.0056917
-0.00507202
-0.00423004
-0.00320788
-0.00205248
-0.000816481
0.000440408
0.00165459
0.00276514
0.00371886
0.004473
0.00499732
0.0052755
0.00530383
0.00508783
0.00464002
0.0039793
0.00313068
0.00212515
0.00100038
-0.000198773
-0.00142078
-0.00260868
-0.00370288
-0.00464661
-0.0053921
-0.00590405
-0.00616067
-0.0061537
-0.00588728
-0.00537541
-0.00463952
-0.00370794
-0.00261704
-0.0014119
-0.000145398
0.00112449
0.0023385
0.00344082
0.00438392
0.0051305
0.00565153
0.00592379
0.00593041
0.00566279
0.00512225
0.00432405
0.00330283
0.00211249
0.000818402
-0.000510723
-0.00180723
-0.00300861
-0.00406192
-0.00492402
-0.0055575
-0.00592892
-0.00601341
-0.00580126
-0.00530122
-0.0045406
-0.00356509
-0.0024363
-0.00122418
3.04016e-06
0.00118604
0.00227656
0.00323636
0.00403527
0.00464968
0.00506176
0.00525978
0.00524045
0.00501221
0.00459627
0.0040233
0.00332793
0.00254511
0.00170876
0.000849732
-6.0679e-06
-0.000835518
-0.00161424
-0.00231536
-0.00291185
-0.00338
-0.00370209
-0.00386764
-0.00387376
-0.00372517
-0.00343316
-0.00301294
-0.00248109
-0.0018552
-0.0011554
-0.000406917
0.000357801
0.00109992
0.00177814
0.00235275
0.00278921
0.00306252
0.00316056
0.00308334
0.00283991
0.00244663
0.00192617
0.00130511
0.000611757
-0.000122174
-0.000859183
-0.00155815
-0.00217976
-0.00269083
-0.00306629
-0.00329013
-0.00335568
-0.00326415
-0.00302177
-0.0026381
-0.00212711
-0.00150783
-0.000803497
-4.15037e-05
0.000746044
0.00152358
0.00225563
0.00291027
0.00346052
0.00388434
0.00416506
0.00429288
0.00426564
0.00408809
0.0037712
0.00333271
0.00279712
0.00219289
0.0015488
0.000892016
0.00024712
-0.000365838
-0.000932345
-0.00144066
-0.00187882
-0.0022367
-0.00250947
-0.00269619
-0.00279643
-0.00281045
-0.0027413
-0.00259415
-0.00237376
-0.00208452
-0.00173247
-0.00132628
-0.000877418
-0.000400544
8.58677e-05
0.000559415
0.000994442
0.00136463
0.00164685
0.00182332
0.0018824
0.00182033
0.00164297
0.00136406
0.00100103
0.000573153
0.000102233
-0.000387134
-0.00086856
-0.00131479
-0.00169905
-0.00199752
-0.00219221
-0.00227349
-0.00224146
-0.00210465
-0.00187688
-0.00157519
-0.00121907
-0.0008293
-0.000427028
-3.34146e-05
0.000331722
0.000651714
0.000914062
0.00111135
0.00124195
0.00124195
0.0013088
0.00131716
0.00127421
0.00118975
0.00107527
0.000942767
0.000804744
0.000674183
0.000562887
0.000479219
0.000426468
0.000402063
0.000398391
0.000404939
0.000409237
0.000396601
0.000351503
0.000261185
0.000120065
-6.82633e-05
-0.000293924
-0.000544532
-0.000805618
-0.00106094
-0.00129566
-0.00149805
-0.00165619
-0.00175486
-0.00177723
-0.00170863
-0.00154013
-0.00127267
-0.000919497
-0.000504009
-5.41654e-05
0.000403473
0.00084801
0.00126478
0.00164274
0.00197161
0.00223969
0.00243274
0.00253554
0.00253669
0.00243302
0.00223096
0.00194562
0.00159776
0.00120895
0.000797056
0.000374622
-4.95507e-05
-0.000467815
-0.000871322
-0.00124821
-0.00158323
-0.00185988
-0.00206385
-0.00218527
-0.00221923
-0.00216623
-0.00203235
-0.0018266
-0.00155729
-0.00123151
-0.000857998
-0.000449806
-2.51052e-05
0.000393836
0.000782456
0.00111641
0.00137501
0.00154411
0.00161648
0.00159036
0.0014686
0.0012582
0.000969795
0.000616811
0.000215243
-0.000215568
-0.000652829
-0.00107237
-0.0014514
-0.00176994
-0.00201149
-0.00216397
-0.00222069
-0.0021806
-0.00204851
-0.00183469
-0.00155317
-0.00121931
-0.000848514
-0.000455465
-5.30151e-05
0.000347982
0.000737036
0.00110323
0.00143656
0.00172939
0.00197704
0.00217788
0.00233284
0.0024446
0.0025164
0.00254992
0.00254396
0.00249575
0.00240332
0.00226562
0.00208164
0.00185141
0.00157711
0.00126312
0.000915907
0.000543663
0.000155787
-0.000236618
-0.000619801
-0.000977963
-0.00129526
-0.00155723
-0.00175122
-0.00186705
-0.00189808
-0.00184164
-0.00169907
-0.00147523
-0.00117829
-0.000820344
-0.000418552
5.33211e-06
0.000427126
0.000822296
0.00116719
0.00144058
0.00162525
0.00170871
0.00168304
0.00154462
0.0012944
0.000939157
0.000493178
-2.16698e-05
-0.000578186
-0.00114641
-0.00169538
-0.00219527
-0.00261969
-0.00294696
-0.00316026
-0.00324738
-0.00320103
-0.00302042
-0.00271344
-0.00229704
-0.00179533
-0.00123748
-0.000655991
-8.3808e-05
0.000449271
0.000918851
0.0013059
0.00159572
0.00177753
0.0018448
0.00179537
0.00163125
0.00135918
0.000991712
0.000547187
4.80008e-05
-0.000481121
-0.00101428
-0.00152617
-0.00199437
-0.00240034
-0.00272865
-0.00296629
-0.00310315
-0.00313266
-0.00305196
-0.00286218
-0.00256962
-0.00218628
-0.00172906
-0.00121835
-0.000676562
-0.00012612
0.000413387
0.000927981
0.00140914
0.00185014
0.00224337
0.00258091
0.00285482
0.00305651
0.0031783
0.00321716
0.003176
0.00306186
0.0028835
0.0026486
0.00236119
0.00202196
0.00163161
0.00119422
0.000719669
0.000224697
-0.000268528
-0.000736188
-0.00115645
-0.0015117
-0.00178958
-0.0019825
-0.00208623
-0.00209861
-0.00201835
-0.00184524
-0.00158232
-0.00123808
-0.00082676
-0.000367264
0.000117983
0.000604579
0.00106811
0.00148565
0.00183681
0.00210508
0.0022784
0.00234876
0.00231248
0.00217191
0.00193602
0.00161885
0.00123753
0.00081176
0.000363147
-8.64966e-05
-0.000516892
-0.000909915
-0.00124976
-0.00152358
-0.00172249
-0.00184196
-0.00188086
-0.00184039
-0.00172401
-0.00153778
-0.00128934
-0.000987269
-0.000642451
-0.000269795
0.000112688
0.000486023
0.000830746
0.00112714
0.00135789
0.001511
0.00157958
0.00156038
0.00145477
0.00127006
0.00101766
0.000710044
0.000361049
-1.21231e-05
-0.000389601
-0.000751135
-0.00107676
-0.00134703
-0.00154536
-0.00166075
-0.00168866
-0.0016304
-0.00149235
-0.00128468
-0.00101942
-0.000708795
-0.00036497
-4.94358e-07
0.000371199
0.000735689
0.00107787
0.00138277
0.00163688
0.00182966
0.00195454
0.00200924
0.00199542
0.0019179
0.00178381
0.0016018
0.00138178
0.00113504
0.000874334
0.000613608
0.000366964
0.000146868
-3.75644e-05
-0.00018103
-0.000281581
-0.000340243
-0.000360534
-0.000347562
-0.000307175
-0.000245697
-0.000170084
-8.77128e-05
-5.15826e-06
7.32545e-05
0.000145283
0.000208929
0.0002613
0.000298587
0.000315238
0.000303002
0.000252994
0.000159874
2.33297e-05
-0.000153202
-0.000153202
-0.000362786
-0.000594747
-0.000837095
-0.00107974
-0.00131379
-0.00152827
-0.00170887
-0.00183854
-0.00189892
-0.00187362
-0.00175203
-0.00153239
-0.00122427
-0.000848888
-0.000434217
-7.34121e-06
0.000409343
0.000797389
0.00114182
0.00143062
0.0016515
0.00178917
0.00182725
0.00175296
0.0015609
0.00125564
0.000854049
0.000384577
-0.000117996
-0.000619225
-0.00108889
-0.00150288
-0.00184473
-0.00210483
-0.00227572
-0.00234846
-0.00231372
-0.00216494
-0.00190037
-0.00152536
-0.00105523
-0.000515375
6.29366e-05
0.00064784
0.00121048
0.00172666
0.00217712
0.00254598
0.0028181
0.00297715
0.00300747
0.0028984
0.00264722
0.00226011
0.00175348
0.00115395
0.000493839
-0.000194968
-0.000883505
-0.0015451
-0.0021552
-0.00269133
-0.00313159
-0.00345388
-0.00363808
-0.00366988
-0.00354345
-0.00326219
-0.00283887
-0.00229461
-0.00165541
-0.000947874
-0.000197711
0.000568971
0.0013243
0.00203862
0.00268112
0.00322091
0.0036291
0.00388211
0.00396493
0.00387265
0.0036097
0.00318799
0.00262559
0.0019455
0.00117449
0.000342861
-0.000514892
-0.0013601
-0.00215122
-0.00284612
-0.00340582
-0.0037991
-0.00400495
-0.00401215
-0.00381878
-0.00343188
-0.00286677
-0.0021468
-0.00130353
-0.000376398
0.000587952
0.0015376
0.00242033
0.0031896
0.00380686
0.00424165
0.00447297
0.00449019
0.0042915
0.00388292
0.00327969
0.00250758
0.00160215
0.000606939
-0.000429255
-0.00145616
-0.00242612
-0.00329706
-0.00403416
-0.00461072
-0.00500792
-0.00521392
-0.00522305
-0.00503619
-0.00466174
-0.00411659
-0.0034266
-0.00262612
-0.00175556
-0.000857501
2.67864e-05
0.000860298
0.00161213
0.00225743
0.00277634
0.00315351
0.0033778
0.0034423
0.00334521
0.00309175
0.00269551
0.00217792
0.00156623
0.000891167
0.000184783
-0.000520942
-0.00119519
-0.00180881
-0.00233386
-0.00274336
-0.00301295
-0.0031239
-0.00306452
-0.00283062
-0.00242709
-0.00186932
-0.00118192
-0.000395509
0.000455831
0.00133566
0.00220612
0.00302915
0.00376771
0.00438729
0.00485732
0.00515282
0.00525625
0.00515891
0.00486163
0.00437474
0.00371693
0.00291321
0.00199361
0.00099301
-4.9577e-05
-0.00109275
-0.00209499
-0.00301633
-0.00381954
-0.00447158
-0.00494585
-0.00522419
-0.00529735
-0.00516435
-0.00483217
-0.00431513
-0.00363398
-0.00281532
-0.00189098
-0.000896487
0.000130204
0.00114969
0.00212248
0.00301117
0.00378257
0.00440891
0.00486752
0.00514026
0.00521495
0.00508793
0.00476463
0.004258
0.00358826
0.00278297
0.00187521
0.000901053
-0.000102257
-0.00109729
-0.00204674
-0.00291274
-0.00365692
-0.00424289
-0.00464031
-0.00482764
-0.00479354
-0.00453775
-0.00407123
-0.00341481
-0.00259604
-0.0016464
-0.000601005
0.000500278
0.0016126
0.00268744
0.00367468
0.00452535
0.00519537
0.00564935
0.0058636
0.00582766
0.00554335
0.00502236
0.00428469
0.00335782
0.00227593
0.00107944
-0.000185341
-0.0014677
-0.0027149
-0.00387522
-0.00490121
-0.00575203
-0.00639477
-0.0068051
-0.00696731
-0.00687396
-0.00652642
-0.0059362
-0.00512432
-0.00411957
-0.00295822
-0.00168403
-0.000346413
0.00100257
0.00231114
0.00352972
0.00461168
0.00551351
0.00619673
0.00663156
0.00679962
0.0066946
0.00632306
0.00570531
0.00487391
0.00387002
0.00273983
0.00153192
0.000295243
-0.000922556
-0.00207537
-0.0031179
-0.00400674
-0.00470344
-0.0051772
-0.00540655
-0.00538199
-0.00510874
-0.00460552
-0.00390012
-0.00302624
-0.00202171
-0.000926603
0.00021796
0.0013695
0.00248372
0.00351509
0.00441823
0.00515043
0.00567542
0.00596729
0.0060128
0.00581151
0.00537484
0.00472449
0.00389027
0.00290736
0.00181437
0.000653315
-0.000530166
-0.00168788
-0.00277131
-0.00373411
-0.00453512
-0.00514169
-0.00553223
-0.00569702
-0.00563753
-0.00536472
-0.00489693
-0.00425816
-0.00347701
-0.0025867
-0.00162559
-0.000636187
0.000337519
0.00125248
0.00206873
0.00275202
0.00327625
0.00327625
0.00362428
0.00378756
0.00376523
0.00356348
0.00319543
0.0026808
0.00204564
0.00132168
0.000545377
-0.000243987
-0.00100682
-0.00170602
-0.00230936
-0.00279135
-0.00313433
-0.00332875
-0.00337232
-0.0032687
-0.00302731
-0.00266373
-0.00219934
-0.00166029
-0.00107639
-0.000479361
9.97574e-05
0.000632845
0.0010964
0.00147249
0.00174827
0.00191462
0.00196577
0.00189979
0.00171894
0.00142984
0.00104445
0.000580502
6.01026e-05
-0.000492721
-0.0010538
-0.00159999
-0.00211008
-0.00256485
-0.00294656
-0.00323874
-0.0034264
-0.00349613
-0.00343681
-0.00324176
-0.0029111
-0.00245241
-0.00188066
-0.00121748
-0.000489092
0.000276993
0.00105389
0.00181509
0.0025335
0.00318089
0.00372858
0.00414977
0.00442222
0.00453032
0.00446773
0.00423931
0.00386008
0.00335216
0.00274171
0.00205697
0.00132705
0.000580653
-0.000155228
-0.000855638
-0.00149724
-0.0020587
-0.00252202
-0.00287375
-0.00310535
-0.00321362
-0.00320071
-0.00307313
-0.00283981
-0.00251069
-0.00209737
-0.00161451
-0.00107876
-0.000507146
8.24505e-05
0.000670664
0.00123817
0.00176709
0.0022406
0.00264236
0.00295669
0.00316897
0.00326732
0.00324536
0.00310353
0.00284815
0.00249062
0.00204689
0.00153582
0.000977644
0.000393562
-0.000194101
-0.000761608
-0.001284
-0.00173654
-0.00209719
-0.00234856
-0.00247902
-0.0024836
-0.0023643
-0.00212934
-0.00179203
-0.00136975
-0.00088297
-0.000354626
0.000190451
0.000726441
0.00122774
0.00167009
0.00203185
0.00229559
0.00244954
0.00248824
0.00241253
0.00222891
0.00194863
0.00158642
0.00115911
0.000684753
0.000182427
-0.000327902
-0.000826164
-0.00129323
-0.00171193
-0.00206799
-0.00235075
-0.00255405
-0.0026765
-0.00272043
-0.00268934
-0.00258537
-0.00240881
-0.00215999
-0.00184148
-0.00145953
-0.00102518
-0.000554445
-6.60893e-05
0.000422089
0.000895535
0.00134296
0.00175528
0.00212387
0.00243825
0.00268495
0.00284889
0.00291673
0.0028805
0.0027405
0.00250621
0.00219405
0.00182341
0.00141386
0.000983393
0.000547407
0.000119176
-0.000288296
-0.000660854
-0.000983607
-0.00124299
-0.00142908
-0.0015373
-0.00156958
-0.00153446
-0.00144475
-0.00131387
-0.00115314
-0.000971389
-0.000775938
-0.000573601
-0.000371723
-0.000179129
-6.07424e-06
0.000137317
0.00024335
0.000308271
0.000332134
0.000317554
0.000268263
0.000187836
7.88722e-05
-5.68631e-05
-0.000217175
-0.000397741
-0.000591073
-0.000786752
-0.000972674
-0.00113664
-0.00126762
-0.00135645
-0.00139616
-0.00138227
-0.00131232
-0.00118516
-0.00100155
-0.000766006
-0.000487531
-0.000178515
0.000146773
0.000472966
0.000784627
0.00106774
0.00131048
0.001503
0.00163702
0.0017061
0.00170626
0.00163667
0.00150015
0.00130368
0.00105794
0.000776082
0.000471894
0.000158148
-0.00015426
-0.000456131
-0.000739543
-0.000997664
-0.00122452
-0.00141486
-0.0015643
-0.00166949
-0.00172829
-0.00173997
-0.00170496
-0.00162418
-0.00149941
-0.00133441
-0.00113446
-0.000905006
-0.00065183
-0.000381529
-0.000101157
0.000181949
0.000459569
0.000722301
0.000959888
0.00116191
0.00131908
0.00142464
0.00147472
0.00146766
0.00140342
0.00128315
0.001109
0.000884618
0.000615667
0.000310008
-2.13487e-05
-0.000362676
-0.00069375
-0.000992941
-0.00124057
-0.00142044
-0.00152093
-0.0015369
-0.00147043
-0.00132884
-0.00112169
-0.000859979
-0.000556804
-0.000227723
0.000109766
0.000436892
0.000734262
0.00098358
0.00117082
0.00128876
0.00133657
0.00131802
0.00124092
0.00111687
0.000959086
0.000780543
0.000594213
0.000413382
0.000250448
0.000115247
1.35451e-05
-5.43595e-05
-9.32457e-05
-0.000110275
-0.000113175
-0.000110451
-0.000110929
-0.00012219
-0.000149468
-0.000195354
-0.000260152
-0.000342192
-0.000437071
-0.000536941
-0.000631761
-0.000711265
-0.000765082
-0.00078273
-0.000756127
-0.000682577
-0.000565045
-0.00041036
-0.000228179
-3.07787e-05
0.000168037
0.00035454
0.000515784
0.000639504
0.000713965
0.000728281
0.00067356
0.00054435
0.00054435
0.0003398
6.47364e-05
-0.000269687
-0.00064632
-0.00104277
-0.00143243
-0.00178758
-0.00208405
-0.0023023
-0.00242545
-0.00243909
-0.00233248
-0.00209837
-0.0017333
-0.0012393
-0.000626059
8.71027e-05
0.000869402
0.00167933
0.00246966
0.00319351
0.00380791
0.00427593
0.00456839
0.0046647
0.00455228
0.00422454
0.00367983
0.00292373
0.00197308
0.000859347
-0.000370053
-0.00165411
-0.00292414
-0.00411039
-0.00514795
-0.00598297
-0.00657646
-0.00690221
-0.00694243
-0.00668723
-0.00613668
-0.00530324
-0.0042149
-0.00291761
-0.00147421
3.99989e-05
0.00154404
0.00296016
0.00422178
0.00527679
0.00608694
0.0066269
0.0068832
0.00685194
0.00653778
0.00595659
0.00513875
0.00412893
0.0029826
0.00176193
0.000531348
-0.000647511
-0.0017205
-0.00264304
-0.00337969
-0.00390343
-0.00419558
-0.00424613
-0.0040544
-0.0036305
-0.0029968
-0.00218786
-0.00124849
-0.00023096
0.000808204
0.00181195
0.00272642
0.00350449
0.00410804
0.00450812
0.00468458
0.00462712
0.00433682
0.00382589
0.0031167
0.00224166
0.00124243
0.000166965
-0.000934631
-0.00201345
-0.00302419
-0.00392701
-0.00468864
-0.00528261
-0.00568908
-0.00589545
-0.00589771
-0.00570131
-0.00532062
-0.00477729
-0.00409768
-0.00331023
-0.00244458
-0.00153126
-0.000600585
0.00031775
0.00119412
0.00199901
0.00270467
0.00328785
0.00373153
0.00402438
0.00415956
0.00413507
0.00395493
0.00362861
0.00316957
0.002596
0.001933
0.00121284
0.000472665
-0.000248369
-0.000911645
-0.00148173
-0.00193001
-0.00223796
-0.00239754
-0.0024089
-0.00227847
-0.00201858
-0.00164667
-0.00118392
-0.000654757
-8.78961e-05
0.000483931
0.00102695
0.00150951
0.0019035
0.00218566
0.00234019
0.00236
0.0022454
0.00200268
0.00164352
0.00118398
0.000642571
3.93641e-05
-0.00060383
-0.00126396
-0.00191705
-0.002537
-0.00309446
-0.00355825
-0.00389811
-0.00408698
-0.00410467
-0.00394258
-0.00360378
-0.00309954
-0.00244749
-0.00167112
-0.000797508
0.000144275
0.0011216
0.00209598
0.0030232
0.00385602
0.00454911
0.00506535
0.00538002
0.00548204
0.0053742
0.00507193
0.00459896
0.00398281
0.00325368
0.00244564
0.00159675
0.000748446
-5.54052e-05
-0.000770923
-0.00135853
-0.00178737
-0.00203829
-0.00210494
-0.00199284
-0.00171678
-0.00129856
-0.000766072
-0.000153412
0.00049877
0.00114487
0.00173825
0.00223368
0.00258835
0.00276556
0.00274041
0.0025042
0.0020659
0.00145039
0.000695023
-0.000153016
-0.00103983
-0.00191052
-0.00271419
-0.00340317
-0.00393126
-0.00425728
-0.00435085
-0.00419582
-0.0037927
-0.00316091
-0.0023382
-0.00137659
-0.000336262
0.000721307
0.00173872
0.00266401
0.00344987
0.00405519
0.00444855
0.00461065
0.00453531
0.00423025
0.00371782
0.00303412
0.00222569
0.00134507
0.000446948
-0.000414268
-0.0011867
-0.00182444
-0.00229093
-0.00256059
-0.0026193
-0.00246476
-0.0021068
-0.00156671
-0.000875536
-7.15301e-05
0.000802604
0.00170115
0.00257652
0.00338222
0.00407599
0.00462135
0.00498835
0.00515461
0.00510629
0.00483843
0.00435474
0.00366798
0.00280026
0.00178145
0.000646482
-0.00056589
-0.00181324
-0.00304995
-0.0042286
-0.00530198
-0.00622552
-0.00695943
-0.00747109
-0.00773787
-0.00774922
-0.00750577
-0.00701732
-0.0063024
-0.00538823
-0.00431042
-0.00311274
-0.00184607
-0.000565868
0.000671155
0.00181061
0.00280465
0.00361523
0.00421493
0.00458656
0.00472258
0.00462442
0.00430166
0.00377242
0.00306411
0.00221318
0.00126373
0.00026514
-0.000731008
-0.00167466
-0.00252087
-0.0032321
-0.00377935
-0.00414267
-0.00431115
-0.00428208
-0.00406029
-0.0036584
-0.00309703
-0.00240418
-0.00161393
-0.00076501
0.000101075
0.000942801
0.00172166
0.0024046
0.00296544
0.0033854
0.0036531
0.00376439
0.00372179
0.00353399
0.0032156
0.00278689
0.00227324
0.00170419
0.00111154
0.000526569
-2.23501e-05
-0.000511031
-0.000920171
-0.00123604
-0.00123604
-0.00145071
-0.00156166
-0.00157104
-0.00148489
-0.00131315
-0.00106997
-0.0007726
-0.000439675
-9.04361e-05
0.000255534
0.000579509
0.000865152
0.00109899
0.00127018
0.00137062
0.00139542
0.00134342
0.00121755
0.00102548
0.000780139
0.000498679
0.000199675
-9.88876e-05
-0.000379867
-0.000627611
-0.000829213
-0.00097463
-0.00105586
-0.00106693
-0.00100508
-0.000872102
-0.000675434
-0.00042829
-0.000148357
0.000144388
0.000429839
0.000689755
0.000909213
0.00107699
0.00118519
0.00122886
0.00120575
0.00111651
0.000965278
0.000759723
0.000510561
0.000231127
-6.32947e-05
-0.000357299
-0.000637307
-0.0008919
-0.00111116
-0.00128685
-0.00141306
-0.00148629
-0.00150513
-0.00147063
-0.00138648
-0.00125859
-0.00109426
-0.000901508
-0.00068845
-0.000463139
-0.000234047
-1.04511e-05
0.000197693
0.000379937
0.000525758
0.000625991
0.000674638
0.000669342
0.000610699
0.000501794
0.0003477
0.000154278
-7.25848e-05
-0.000326152
-0.000597482
-0.000874757
-0.00114331
-0.00138673
-0.00158914
-0.00173719
-0.001821
-0.00183473
-0.00177674
-0.00164901
-0.00145614
-0.00120476
-0.00090373
-0.000565078
-0.000204504
0.000159852
0.000509599
0.000827205
0.00109648
0.00130396
0.00144016
0.00149938
0.00147905
0.00137973
0.00120517
0.000962056
0.00065972
0.000310161
-7.21373e-05
-0.000471158
-0.000870625
-0.00125453
-0.00160715
-0.00191358
-0.00216089
-0.00233886
-0.00243997
-0.00245937
-0.00239531
-0.00224946
-0.00202684
-0.00173548
-0.00138581
-0.000990109
-0.000561949
-0.000115678
0.000333657
0.000770678
0.00118057
0.00154965
0.00186555
0.00211778
0.00229855
0.00240308
0.00242928
0.00237732
0.00224906
0.00204805
0.00178008
0.0014534
0.00107838
0.000667693
0.000236501
-0.000198559
-0.000620971
-0.00101542
-0.00136815
-0.00166683
-0.00190024
-0.00205837
-0.00213348
-0.00212101
-0.00201997
-0.00183344
-0.00156904
-0.0012385
-0.000856402
-0.000438714
-1.66577e-06
0.000438838
0.000867445
0.00126942
0.00163068
0.0019381
0.00218033
0.0023485
0.00243638
0.00244057
0.00236112
0.00220167
0.00196865
0.00167038
0.00131667
0.000918743
0.000489177
4.15358e-05
-0.000409971
-0.000849885
-0.00126067
-0.00162343
-0.00192034
-0.00213651
-0.00226065
-0.0022856
-0.00220895
-0.00203288
-0.00176333
-0.0014091
-0.000981474
-0.000495013
3.11793e-05
0.000573278
0.00110442
0.00159724
0.00202618
0.00236958
0.00261158
0.00274269
0.00275913
0.0026616
0.00245451
0.00214597
0.00174822
0.00127789
0.000755905
0.000206961
-0.000342029
-0.000864218
-0.00133527
-0.00173516
-0.00204911
-0.00226758
-0.00238577
-0.00240278
-0.00232082
-0.0021446
-0.00188149
-0.00154228
-0.00114155
-0.000697266
-0.000229976
0.000237899
0.000683275
0.00108439
0.00142251
0.00168237
0.00185215
0.00192384
0.00189367
0.0017615
0.00153059
0.00120881
0.000810076
0.000354033
-0.000135788
-0.000633643
-0.0011128
-0.00154739
-0.00191428
-0.00219412
-0.00237159
-0.00243552
-0.00237902
-0.00220009
-0.0019025
-0.0014964
-0.00099828
-0.000430033
0.000182417
0.000810752
0.00142594
0.00200018
0.00250862
0.00292969
0.00324471
0.00343835
0.00349966
0.00342329
0.00321071
0.00287071
0.00241876
0.00187602
0.00126787
0.000621724
-3.49593e-05
-0.000675682
-0.0012754
-0.00181095
-0.00226143
-0.00260853
-0.00283772
-0.00293979
-0.0029119
-0.00275785
-0.00248771
-0.00211709
-0.00166587
-0.00115658
-0.000613098
-6.01013e-05
0.000477242
0.000974018
0.00140678
0.00175457
0.00199987
0.00212993
0.0021379
0.00202333
0.00179206
0.00145599
0.00103224
0.000542191
1.04744e-05
-0.000536252
-0.00107062
-0.00156529
-0.0019936
-0.00233128
-0.00255849
-0.00266158
-0.00263389
-0.00247558
-0.00219298
-0.00179849
-0.00131024
-0.000750944
-0.000146431
0.000475298
0.00108479
0.00165253
0.00215102
0.00255678
0.00285207
0.00302566
0.00307286
0.00299527
0.00280042
0.00250066
0.00211181
0.00165236
0.00114304
0.00060593
6.34265e-05
-0.00046214
-0.000948957
-0.000948957
-0.00137732
-0.00173141
-0.00199948
-0.00217314
-0.00224744
-0.00222156
-0.00209869
-0.00188528
-0.00159066
-0.0012272
-0.000810267
-0.000357923
0.000109731
0.000571522
0.00100617
0.00139323
0.00171448
0.00195525
0.00210484
0.00215649
0.00210775
0.00196077
0.00172215
0.00140255
0.0010165
0.000581918
0.000119207
-0.000349937
-0.000803958
-0.00122278
-0.00158882
-0.00188759
-0.00210817
-0.00224328
-0.002289
-0.00224427
-0.00211095
-0.00189416
-0.00160231
-0.00124705
-0.000843362
-0.000409132
3.65066e-05
0.00047506
0.000889576
0.00126506
0.00158891
0.00185083
0.00204218
0.00215584
0.00218682
0.00213302
0.00199625
0.00178301
0.00150434
0.00117461
0.000810408
0.000429515
4.96776e-05
-0.000312458
-0.00064184
-0.000925076
-0.00115061
-0.00130925
-0.00139471
-0.00140395
-0.00133752
-0.00119994
-0.000999621
-0.000748324
-0.000460476
-0.00015235
0.000159055
0.000457217
0.000727086
0.000955743
0.0011327
0.00124981
0.00130108
0.00128257
0.00119257
0.00103175
0.000803713
0.000515703
0.000178598
-0.000194169
-0.00058755
-0.00098538
-0.00137102
-0.00172836
-0.00204248
-0.00229981
-0.0024883
-0.00259777
-0.00262064
-0.0025526
-0.00239293
-0.00214453
-0.00181425
-0.0014131
-0.00095604
-0.000461378
5.03502e-05
0.000557779
0.0010398
0.00147652
0.00185051
0.00214783
0.00235821
0.00247492
0.00249529
0.00242122
0.0022591
0.00201919
0.00171513
0.00136327
0.000981336
0.000586886
0.00019664
-0.000173492
-0.000509035
-0.00079808
-0.00103174
-0.00120419
-0.00131294
-0.00135893
-0.00134624
-0.00128148
-0.00117284
-0.00102923
-0.000860076
-0.000675517
-0.000486252
-0.00030285
-0.000134989
9.29727e-06
0.000124178
0.000205977
0.000253036
0.000265799
0.000246504
0.000198496
0.000125732
3.26612e-05
-7.56534e-05
-0.000193444
-0.000314486
-0.000432387
-0.00054063
-0.00063279
-0.000703217
-0.00074762
-0.000763134
-0.000748239
-0.000702912
-0.000628684
-0.000528267
-0.000405266
-0.00026434
-0.000111348
4.70114e-05
0.000203796
0.000352089
0.000485247
0.00059764
0.000685395
0.000746423
0.000780009
0.000786757
0.000768753
0.000729372
0.000672905
0.000604387
0.000529379
0.000453428
0.000381439
0.000317172
0.000262904
0.000219633
0.000187747
0.000167276
0.000157694
0.000158037
0.000167262
0.000184357
0.000208233
0.000237661
0.000271402
0.000308485
0.000348344
0.000390582
0.000434576
0.000479218
0.000522724
0.000562338
0.000594174
0.000613852
0.000617574
0.000602332
0.000565474
0.000504847
0.000419163
0.000307872
0.00017105
9.70194e-06
-0.00017363
-0.000373995
-0.000583219
-0.000790309
-0.00098338
-0.00115138
-0.00128464
-0.0013753
-0.00141782
-0.00140911
-0.00134828
-0.00123655
-0.00107727
-0.000876529
-0.000643753
-0.000391131
-0.000132103
0.000119549
0.000350297
0.000548169
0.000703874
0.000810746
0.000864382
0.000862905
0.000807304
0.000701322
0.000551234
0.000365645
0.000155078
-6.86436e-05
-0.00029311
-0.000506115
-0.000696363
-0.000854005
-0.000971036
-0.00104139
-0.00106086
-0.00102712
-0.000939876
-0.000800962
-0.000614442
-0.000386665
-0.000126054
0.000157188
0.000451333
0.000743628
0.00102122
0.00127193
0.00148458
0.00164891
0.00175575
0.00179777
0.00177048
0.00167274
0.00150661
0.00127777
0.000995772
0.000673152
0.000323825
-3.77635e-05
-0.000396894
-0.00073913
-0.00105101
-0.00132038
-0.00153658
-0.00169104
-0.00177807
-0.00179521
-0.00174305
-0.00162497
-0.00144718
-0.00121843
-0.000949149
-0.000650841
-0.000335986
-1.78935e-05
0.000289897
0.000574456
0.000824088
0.00102871
0.00118038
0.0012739
0.00130703
0.00128022
0.00119639
0.00106091
0.000881409
0.000667214
0.000429094
0.000179051
-7.01961e-05
-0.000306054
-0.000516786
-0.000692071
-0.000823585
-0.000905504
-0.000934659
-0.000910353
-0.000834128
-0.000709576
-0.000542055
-0.000338337
-0.000106374
0.000144891
0.000405739
0.000665763
0.000913897
0.00113886
0.00133004
0.00147802
0.00157483
0.00161448
0.0015937
0.00151203
0.00137129
0.0011758
0.000932801
0.000932801
0.000652192
0.00034552
2.53165e-05
-0.00029514
-0.000602375
-0.000883623
-0.00112749
-0.00132413
-0.00146537
-0.00154504
-0.00155946
-0.00150764
-0.00139163
-0.00121684
-0.000991723
-0.000726696
-0.000433352
-0.000123879
0.000189611
0.000495617
0.000783386
0.00104279
0.0012641
0.00143781
0.00155514
0.00160937
0.00159694
0.0015178
0.00137538
0.00117648
0.000930572
0.000648699
0.000342412
2.32599e-05
-0.000297165
-0.000607
-0.000894036
-0.00114591
-0.00135078
-0.00149847
-0.00158167
-0.00159664
-0.00154367
-0.00142693
-0.00125367
-0.00103307
-0.000775441
-0.000491912
-0.000194116
0.000105824
0.000395231
0.000661146
0.000891075
0.00107398
0.0012013
0.00126777
0.00127173
0.00121493
0.00110203
0.000939971
0.000737309
0.000503711
0.000249756
-1.31371e-05
-0.000272854
-0.000516928
-0.000733126
-0.00091033
-0.00103947
-0.00111414
-0.00113093
-0.00108943
-0.00099198
-0.000843276
-0.00065002
-0.000420675
-0.000165382
0.000104103
0.000374869
0.000633705
0.000867816
0.0010654
0.0012164
0.00131322
0.001351
0.00132767
0.00124381
0.00110249
0.000909153
0.000671616
0.00040004
0.000106738
-0.000194346
-0.000488482
-0.000761036
-0.000998358
-0.00118884
-0.00132382
-0.00139769
-0.00140757
-0.00135321
-0.00123707
-0.00106414
-0.000841713
-0.000579549
-0.000289864
1.32592e-05
0.000314793
0.000599794
0.000854487
0.00106713
0.00122853
0.00133218
0.00137429
0.00135364
0.00127148
0.00113158
0.000940306
0.000706596
0.000441827
0.000159131
-0.000127576
-0.000404505
-0.000658737
-0.000878959
-0.00105604
-0.00118322
-0.00125602
-0.00127218
-0.00123187
-0.00113773
-0.000994931
-0.000810977
-0.000595387
-0.000359056
-0.000113494
0.000129942
0.000360733
0.00056957
0.000748454
0.000890861
0.000991979
0.0010488
0.00106018
0.00102696
0.000951933
0.000839749
0.000696635
0.000529921
0.000347427
0.000157008
-3.36605e-05
-0.000217283
-0.000387245
-0.00053776
-0.000663791
-0.000761015
-0.000825993
-0.000856549
-0.000852095
-0.000813738
-0.000744363
-0.000648745
-0.000533278
-0.000405182
-0.000271823
-0.00014041
-1.75474e-05
9.14453e-05
0.000182693
0.000253325
0.000301244
0.000325386
0.000325872
0.000303779
0.000261039
0.000200828
0.000127758
4.72674e-05
-3.511e-05
-0.000114069
-0.000184855
-0.000243792
-0.000288456
-0.000317251
-0.000328895
-0.000322278
-0.000296627
-0.000251681
-0.000187972
-0.000107411
-1.37867e-05
8.7459e-05
0.00019018
0.000288334
0.000376339
0.000449408
0.000503889
0.000537264
0.000547882
0.000534725
0.000497451
0.000436727
0.000354578
0.000254444
0.000141039
2.00799e-05
-0.000102256
-0.000220119
-0.00032869
-0.000424453
-0.000504986
-0.000568558
-0.000613817
-0.000639534
-0.000644504
-0.000627956
-0.000590287
-0.00053336
-0.000460241
-0.000374878
-0.000281734
-0.000185262
-8.95411e-05
1.71847e-06
8.49664e-05
0.000156578
0.000212763
0.000249886
0.000265066
0.000256647
0.000224514
0.000170357
9.76283e-05
1.09493e-05
-8.47243e-05
-0.000184534
-0.000283767
-0.000377959
-0.000463018
-0.00053511
-0.000590568
-0.000626153
-0.000639551
-0.000629745
-0.000597138
-0.000543403
-0.000471109
-0.000383288
-0.000283062
-0.000173419
-5.71799e-05
6.27619e-05
0.000183165
0.000300487
0.000411161
0.000511828
0.000599574
0.000672265
0.000728633
0.000767932
0.000789537
0.000792799
0.000777062
0.000741996
0.000688195
0.000617369
0.000532073
0.000435538
0.000331452
0.000223399
0.00011436
6.67918e-06
-9.76824e-05
-0.000196843
-0.000288665
-0.000370535
-0.000439547
-0.00049314
-0.000529694
-0.000548726
-0.000550912
-0.000538101
-0.000513097
-0.000479073
-0.00043906
-0.000395897
-0.000352414
-0.00031142
-0.000275511
-0.000246959
-0.000227583
-0.000218329
-0.000218853
-0.000227763
-0.000243238
-0.000263064
-0.000284382
-0.000304028
-0.000318995
-0.000326467
-0.000323781
-0.000308696
-0.000279684
-0.000236106
-0.000178299
-0.000107535
-2.58224e-05
6.44237e-05
0.00016063
0.00026016
0.000360355
0.000458591
0.000552323
0.000639075
0.000716464
0.000782273
0.000834504
0.00087146
0.000891957
0.000895462
0.00088198
0.00088198
0.000851867
0.00080573
0.000744534
0.000669809
0.000583534
0.000487832
0.000384898
0.000276938
0.000165929
5.36128e-05
-5.83497e-05
-0.000168375
-0.000274887
-0.000376045
-0.000469664
-0.000553565
-0.000625993
-0.000685694
-0.000731712
-0.000763231
-0.00077969
-0.000780992
-0.000767339
-0.000738964
-0.000696268
-0.000640047
-0.000571536
-0.000492537
-0.000405469
-0.00031309
-0.000218206
-0.000123487
-3.12724e-05
5.65383e-05
0.000138494
0.000213533
0.000280779
0.000339324
0.000388163
0.000426329
0.000453098
0.000468143
0.000471583
0.000463978
0.000446355
0.000420193
0.000387201
0.000349097
0.000307705
0.000265144
0.000223691
0.000185413
0.000152022
0.000124887
0.000104894
9.22464e-05
8.65872e-05
8.7243e-05
9.31621e-05
0.000102744
0.000113944
0.000124464
0.00013188
0.000133826
0.000128223
0.000113449
8.84581e-05
5.28017e-05
6.53687e-06
-4.97868e-05
-0.000115016
-0.000187243
-0.000263582
-0.000340032
-0.0004119
-0.000474694
-0.000524544
-0.000558121
-0.000572835
-0.000567242
-0.000541122
-0.000495202
-0.000430935
-0.000350526
-0.000257111
-0.000154785
-4.83571e-05
5.69846e-05
0.000155976
0.000243672
0.00031597
0.000369967
0.000403994
0.000417483
0.000410829
0.000385218
0.000342421
0.000284662
0.000214675
0.000135828
5.20387e-05
-3.24935e-05
-0.000113556
-0.000187197
-0.000250015
-0.000299279
-0.000332845
-0.000349047
-0.00034662
-0.000324682
-0.000282931
-0.000221995
-0.000143599
-5.05875e-05
5.29655e-05
0.000161725
0.000269613
0.000370758
0.000460017
0.000532875
0.000585442
0.000614625
0.000618114
0.000594317
0.000542524
0.000463278
0.000358803
0.000233292
9.26797e-05
-5.60626e-05
-0.000205681
-0.000349198
-0.000480371
-0.000593972
-0.000685789
-0.000752461
-0.000791319
-0.000800386
-0.000778556
-0.000725876
-0.000643884
-0.000535854
-0.00040659
-0.000261877
-0.000107978
4.87187e-05
0.000201994
0.00034601
0.000475403
0.000585294
0.000671306
0.00072976
0.00075806
0.000755093
0.000721423
0.00065928
0.000572429
0.0004659
0.000345524
0.000217456
8.79161e-05
-3.69361e-05
-0.000151179
-0.000249391
-0.000326893
-0.000380005
-0.00040634
-0.000405031
-0.000376795
-0.000323828
-0.000249528
-0.000158121
-5.43516e-05
5.67662e-05
0.000170206
0.000281145
0.000385003
0.000477463
0.000554694
0.000613647
0.000652243
0.00066943
0.00066514
0.000640178
0.000596118
0.000535167
0.000459979
0.00037355
0.000279239
0.000180837
8.24717e-05
-1.15822e-05
-9.70364e-05
-0.000169766
-0.000226216
-0.000263798
-0.000280902
-0.000276738
-0.000251345
-0.00020562
-0.000141253
-6.07345e-05
3.2504e-05
0.000134049
0.000238619
0.000340336
0.000433285
0.000512208
0.00057282
0.000611807
0.000626904
0.000616937
0.000581683
0.000521787
0.000438892
0.000335735
0.00021616
8.50314e-05
-5.20569e-05
-0.000189241
-0.000320861
-0.00044184
-0.000547979
-0.00063613
-0.000704176
-0.000750906
-0.00077594
-0.000779743
-0.000763649
-0.000729852
-0.000681357
-0.000621883
-0.000555672
-0.000487173
-0.000420642
-0.000359812
-0.000307783
-0.000267065
-0.000239562
-0.000226508
-0.000228441
-0.000245185
-0.000275787
-0.000318519
-0.000370989
-0.000430288
-0.000493159
-0.000556232
-0.000616274
-0.000670318
-0.000715602
-0.000749535
-0.000769766
-0.000774257
-0.000761455
-0.000730648
-0.000682161
-0.000617287
-0.000538278
-0.000448366
-0.000351449
-0.000251546
-0.000152493
-5.79643e-05
2.85216e-05
0.000103728
0.000164807
0.000209393
0.000235772
0.000243095
0.000231588
0.000202631
0.000158619
0.000102717
3.86364e-05
-2.965e-05
-9.81425e-05
-0.000162885
-0.000220064
-0.000266295
-0.000298861
-0.000315805
-0.000316025
-0.000299378
-0.000266632
-0.000219283
-0.000159454
-8.98708e-05
-1.37586e-05
6.53287e-05
0.000143645
0.00021741
0.000283042
0.000337403
0.000378
0.00040312
0.000411895
0.000404318
0.000381202
0.000344121
0.000295356
0.000237782
0.000174688
0.000109555
4.5936e-05
-1.26231e-05
-6.27338e-05
-0.000101365
-0.000126019
-0.000134854
-0.000126774
-0.000101495
-5.95941e-05
-2.51572e-06
6.74694e-05
0.000147334
0.000233467
0.000321914
0.000408576
0.000489386
0.000560586
0.000619002
0.000619002
0.000662067
0.000687742
0.000694525
0.00068148
0.000648259
0.000595277
0.0005239
0.000436434
0.000336014
0.000226461
0.000112098
-2.51712e-06
-0.000112869
-0.000214679
-0.000303948
-0.000376988
-0.000430645
-0.000462609
-0.000471471
-0.00045667
-0.000418644
-0.000358961
-0.000280171
-0.000185592
-7.91677e-05
3.47072e-05
0.000151433
0.000266435
0.000375329
0.000474049
0.00055904
0.000627402
0.000676875
0.000705751
0.000712978
0.000698439
0.00066307
0.000608739
0.000538165
0.000454891
0.000363064
0.000267063
0.000171206
7.96373e-05
-3.74907e-06
-7.53903e-05
-0.000132185
-0.000171673
-0.000192256
-0.000193435
-0.000175973
-0.000141887
-9.41876e-05
-3.64774e-05
2.73115e-05
9.30764e-05
0.000156808
0.000214859
0.000264008
0.000301422
0.000324733
0.000332236
0.000323045
0.000297208
0.000255782
0.000200841
0.000135396
6.31919e-05
-1.1597e-05
-8.46706e-05
-0.000151933
-0.000209808
-0.00025527
-0.000285705
-0.000298972
-0.000293564
-0.000268679
-0.000224341
-0.000161673
-8.31378e-05
7.39106e-06
0.000104738
0.000202931
0.000296073
0.0003789
0.000446827
0.000496016
0.000523509
0.000527134
0.000505391
0.00045755
0.000383975
0.000286629
0.000169544
3.87206e-05
-9.86194e-05
-0.000234896
-0.000362772
-0.000475668
-0.000568184
-0.000636262
-0.000677075
-0.000688783
-0.000670434
-0.000622189
-0.00054563
-0.000443867
-0.000321517
-0.000184556
-3.99006e-05
0.000105285
0.000244297
0.000371337
0.000481682
0.000571715
0.000638871
0.000681519
0.000698866
0.000691004
0.000659083
0.000605467
0.00053373
0.000448416
0.000354629
0.000257575
0.000162196
7.29397e-05
-6.36584e-06
-7.25398e-05
-0.000123006
-0.000155759
-0.00016944
-0.000163525
-0.00013851
-9.60227e-05
-3.89428e-05
2.85699e-05
0.000101418
0.000174139
0.000241355
0.000298086
0.000340127
0.000364436
0.000369187
0.000353419
0.000316802
0.000259773
0.000183666
9.05972e-05
-1.6592e-05
-0.00013419
-0.000257641
-0.000381931
-0.000501942
-0.000612615
-0.00070925
-0.000788002
-0.000846104
-0.000881735
-0.000893893
-0.000882452
-0.00084817
-0.000792474
-0.000717359
-0.000625555
-0.000520631
-0.000406901
-0.000289282
-0.000173066
-6.35589e-05
3.43363e-05
0.000116448
0.000179553
0.000221506
0.000241245
0.000238683
0.000214579
0.000170486
0.000108768
3.26886e-05
-5.35679e-05
-0.000145029
-0.000236165
-0.00032123
-0.000394813
-0.000452468
-0.000491022
-0.000508569
-0.000504476
-0.000479343
-0.000434646
-0.000372347
-0.000294964
-0.000205874
-0.000109302
-1.00621e-05
8.67154e-05
0.000175978
0.000253311
0.000315402
0.00036025
0.000387124
0.000396287
0.000388647
0.000365545
0.00032875
0.000280445
0.000223181
0.000159852
9.36699e-05
2.79888e-05
-3.40025e-05
-8.95819e-05
-0.000136673
-0.000173881
-0.00020042
-0.000216037
-0.000220982
-0.000215916
-0.000201816
-0.000179919
-0.000151657
-0.000118593
-8.23742e-05
-4.46347e-05
-6.89131e-06
2.94576e-05
6.30822e-05
9.28074e-05
0.000117769
0.000137439
0.000151594
0.000160327
0.000164009
0.000163198
0.000158555
0.000150788
0.000140607
0.000128757
0.00011607
0.000103474
9.19419e-05
8.2417e-05
7.57305e-05
7.25225e-05
7.32072e-05
7.80143e-05
8.70908e-05
0.000100633
0.000119002
0.000142612
0.000171535
0.000205153
0.000242094
0.000280213
0.000316641
0.000348323
0.00037282
0.000388512
0.000394263
0.0003893
0.0003732
0.000345632
0.000306193
0.00025469
0.000191604
0.000118368
3.73928e-05
-4.8111e-05
-0.000134528
-0.000218297
-0.000296267
-0.000365795
-0.000424632
-0.00047083
-0.000502863
-0.000519627
-0.000520292
-0.0005044
-0.000472142
-0.000424468
-0.000363082
-0.000290363
-0.000209171
-0.000122595
-3.37411e-05
5.441e-05
0.000139045
0.000217537
0.000287466
0.000346545
0.000392546
0.000423484
0.000438055
0.000435892
0.000417497
0.000384103
0.000337563
0.00028016
0.000214376
0.000142739
6.78301e-05
-7.64333e-06
-8.08062e-05
-0.00014868
-0.000208348
-0.00025722
-0.000293292
-0.000315303
-0.000322719
-0.000315597
-0.000294521
-0.000260555
-0.000215134
-0.000159969
-9.71104e-05
-2.9055e-05
4.1255e-05
0.000110602
0.000175748
0.000233645
0.000281636
0.000281636
0.000317705
0.000340647
0.000349964
0.000345703
0.000328451
0.000299326
0.000259887
0.000212087
0.000158355
0.000101572
4.48362e-05
-8.94054e-06
-5.73592e-05
-9.86545e-05
-0.000131718
-0.000156095
-0.000171893
-0.000179598
-0.000179932
-0.000173802
-0.000162392
-0.000147249
-0.000130241
-0.000113421
-9.88296e-05
-8.82324e-05
-8.28141e-05
-8.30375e-05
-8.86606e-05
-9.88322e-05
-0.000112395
-0.000128304
-0.000145697
-0.000163695
-0.000181358
-0.000197731
-0.000211746
-0.000222175
-0.000227821
-0.000227811
-0.000221796
-0.00021
-0.000193117
-0.000172143
-0.000148162
-0.00012216
-9.49513e-05
-6.7225e-05
-3.96439e-05
-1.29189e-05
1.21506e-05
3.46893e-05
5.38448e-05
6.89392e-05
7.95933e-05
8.57719e-05
8.77529e-05
8.60399e-05
8.12508e-05
7.40261e-05
6.49709e-05
5.46082e-05
4.33376e-05
3.14328e-05
1.90537e-05
6.24636e-06
-6.9729e-06
-2.0507e-05
-3.42626e-05
-4.83014e-05
-6.28091e-05
-7.80114e-05
-9.418e-05
-0.000111616
-0.000130547
-0.000151028
-0.000172897
-0.00019581
-0.000219332
-0.000243019
-0.000266502
-0.000289517
-0.000311834
-0.000333156
-0.000353096
-0.000371246
-0.000387206
-0.0004006
-0.000411156
-0.000418793
-0.000423632
-0.000425952
-0.000426109
-0.000424481
-0.000421439
-0.000417298
-0.000412217
-0.00040618
-0.000399056
-0.000390629
-0.000380585
-0.000368462
-0.000353626
-0.000335305
-0.000312613
-0.000284587
-0.000250397
-0.00020964
-0.000162531
-0.00010986
-5.27809e-05
7.37274e-06
6.91579e-05
0.000131084
0.00019164
0.000249234
0.000302124
0.000348429
0.000386297
0.00041412
0.000430746
0.000435631
0.000428844
0.000410938
0.000382795
0.000345486
0.000300184
0.000248191
0.000190954
0.000130064
6.72846e-05
4.53613e-06
-5.62134e-05
-0.000113112
-0.000164592
-0.000209458
-0.000246803
-0.000275755
-0.000295309
-0.00030443
-0.00030227
-0.000288283
-0.000262343
-0.000224956
-0.0001774
-0.000121609
-5.98152e-05
5.76812e-06
7.29745e-05
0.00013959
0.00020337
0.000262076
0.000313422
0.000355132
0.000385224
0.000402311
0.000405774
0.000395848
0.000373606
0.00034076
0.000299389
0.000251762
0.000200206
0.000147043
9.4587e-05
4.51522e-05
1.00674e-06
-3.57574e-05
-6.34026e-05
-8.07152e-05
-8.71115e-05
-8.26672e-05
-6.80623e-05
-4.44643e-05
-1.3389e-05
2.34366e-05
6.41496e-05
0.000106759
0.000149181
0.000189326
0.000225173
0.000254909
0.00027713
0.000291012
0.000296376
0.000293694
0.000283947
0.000268364
0.000248287
0.000225194
0.000200656
0.000176257
0.000153591
0.000134277
0.000119862
0.000111621
0.000110351
0.0001162
0.000128648
0.000146675
0.00016897
0.000194083
0.000220553
0.000246983
0.000272038
0.000294426
0.000312833
0.000325902
0.000332369
0.000331245
0.000321976
0.000304545
0.000279469
0.000247685
0.000210396
0.000168919
0.000124588
7.87184e-05
3.26178e-05
-1.238e-05
-5.48501e-05
-9.32524e-05
-0.000126004
-0.000151656
-0.000169104
-0.000177716
-0.000177326
-0.000168194
-0.000150908
-0.000126236
-9.50001e-05
-5.8066e-05
-1.64343e-05
2.86613e-05
7.56683e-05
0.000122726
0.000167847
0.000209168
0.000245113
0.000274507
0.000296644
0.000311262
0.000318398
0.000318258
0.000311185
0.000297703
0.000278548
0.000254715
0.000227463
0.00019827
0.000168711
0.000140292
0.000114266
9.14411e-05
7.2021e-05
5.55757e-05
4.12239e-05
2.79722e-05
1.51783e-05
2.81576e-06
-8.78893e-06
-1.93579e-05
-2.8758e-05
-3.70496e-05
-4.46697e-05
-5.23775e-05
-6.08076e-05
-7.00867e-05
-7.98522e-05
-8.94789e-05
-9.83063e-05
-0.000105906
-0.000112341
-0.000118203
-0.000124377
-0.000131723
-0.000140822
-0.000151877
-0.000164709
-0.000178897
-0.000193996
-0.000209682
-0.000225707
-0.000241736
-0.000257223
-0.000271354
-0.000283025
-0.000290928
-0.000293845
-0.000290942
-0.000281789
-0.000266253
-0.000244478
-0.000216841
-0.000183858
-0.000146213
-0.000104887
-6.12171e-05
-1.68877e-05
2.61411e-05
6.5861e-05
0.000100503
0.000128686
0.000149438
0.000162247
0.000167053
0.000164132
0.000153992
0.000137357
0.00011522
8.88695e-05
5.98772e-05
3.00282e-05
1.21247e-06
-2.47353e-05
-4.6208e-05
-6.19711e-05
-7.12623e-05
-7.37946e-05
-6.96861e-05
-5.9423e-05
-4.38485e-05
-4.38485e-05
-2.41413e-05
-1.81342e-06
2.13838e-05
4.36603e-05
6.32588e-05
7.8451e-05
8.77087e-05
8.99384e-05
8.4553e-05
7.14138e-05
5.07815e-05
2.3304e-05
-1.00131e-05
-4.78717e-05
-8.87664e-05
-0.00013106
-0.000173031
-0.000212938
-0.000249122
-0.000280116
-0.000304721
-0.000322045
-0.000331512
-0.000332836
-0.000325946
-0.000310886
-0.000287779
-0.000256917
-0.000218818
-0.000174205
-0.000123992
-6.93069e-05
-1.15147e-05
4.77872e-05
0.000106821
0.000163703
0.000216455
0.000263025
0.000301509
0.000330454
0.000348877
0.00035612
0.000351914
0.000336483
0.000310462
0.00027483
0.000230987
0.000180776
0.000126407
7.03368e-05
1.50836e-05
-3.70267e-05
-8.40892e-05
-0.000124737
-0.000158157
-0.000184041
-0.000202436
-0.000213559
-0.000217715
-0.000215328
-0.000206888
-0.000192889
-0.000173977
-0.000151168
-0.000125765
-9.90422e-05
-7.20923e-05
-4.58167e-05
-2.08813e-05
2.30684e-06
2.34874e-05
4.23765e-05
5.85581e-05
7.14492e-05
8.03649e-05
8.47167e-05
8.42213e-05
7.89825e-05
6.94686e-05
5.64067e-05
4.06233e-05
2.29327e-05
4.06535e-06
-1.53616e-05
-3.47548e-05
-5.34093e-05
-7.04687e-05
-8.49899e-05
-9.60487e-05
-0.000102862
-0.00010493
-0.000102142
-9.47691e-05
-8.34042e-05
-6.88619e-05
-5.20534e-05
-3.39064e-05
-1.53558e-05
2.66599e-06
1.9235e-05
3.34053e-05
4.42095e-05
5.07589e-05
5.23947e-05
4.88071e-05
4.00839e-05
2.6693e-05
9.41653e-06
-1.07533e-05
-3.2742e-05
-5.55029e-05
-7.80626e-05
-9.94995e-05
-0.000118908
-0.000135397
-0.000148125
-0.000156389
-0.000159762
-0.000158202
-0.000152086
-0.000142199
-0.000129664
-0.000115751
-0.000101654
-8.84334e-05
-7.70708e-05
-6.84545e-05
-6.33204e-05
-6.22206e-05
-6.5516e-05
-7.33413e-05
-8.55407e-05
-0.000101614
-0.000120718
-0.000141738
-0.000163369
-0.000184149
-0.00020254
-0.00021706
-0.000226354
-0.000229293
-0.000225101
-0.000213366
-0.00019396
-0.000167081
-0.000133362
-9.38761e-05
-5.0059e-05
-3.626e-06
4.34953e-05
8.92598e-05
0.000131645
0.00016881
0.000199219
0.00022168
0.000235361
0.000239886
0.000235428
0.000222655
0.000202623
0.000176716
0.000146569
0.000113928
8.04849e-05
4.78366e-05
1.75238e-05
-9.00467e-06
-3.05242e-05
-4.60925e-05
-5.5054e-05
-5.71043e-05
-5.23351e-05
-4.11763e-05
-2.43019e-05
-2.51003e-06
2.34108e-05
5.26873e-05
8.4451e-05
0.000117712
0.000151431
0.000184536
0.000215897
0.000244368
0.000268905
0.000288674
0.000303077
0.000311737
0.00031449
0.000311374
0.000302635
0.000288704
0.000270165
0.000247761
0.000222421
0.00019523
0.000167383
0.000140142
0.000114743
9.23037e-05
7.37392e-05
5.97297e-05
5.07129e-05
4.68808e-05
4.81862e-05
5.43763e-05
6.50133e-05
7.94663e-05
9.68997e-05
0.000116267
0.00013633
0.000155724
0.000173052
0.000187019
0.000196581
0.000201028
0.000199979
0.000193389
0.000181554
0.000165027
0.000144477
0.000120666
9.45522e-05
6.73036e-05
4.02078e-05
1.45869e-05
-8.27169e-06
-2.72729e-05
-4.16875e-05
-5.12067e-05
-5.59017e-05
-5.61018e-05
-5.22194e-05
-4.46752e-05
-3.39338e-05
-2.05098e-05
-4.99036e-06
1.18762e-05
2.91538e-05
4.58231e-05
6.09245e-05
7.36569e-05
8.34089e-05
8.97386e-05
9.23542e-05
9.10804e-05
8.57897e-05
7.63888e-05
6.28981e-05
4.55423e-05
2.47993e-05
1.40874e-06
-2.36804e-05
-4.94013e-05
-7.46708e-05
-9.85011e-05
-0.000120065
-0.00013868
-0.000153786
-0.000164963
-0.000171994
-0.000174899
-0.000173928
-0.000169551
-0.000162486
-0.000153653
-0.000144068
-0.000134761
-0.000126721
-0.000120827
-0.000117831
-0.00011837
-0.00012293
-0.000131806
-0.000145099
-0.000162705
-0.000184273
-0.000209146
-0.000236261
-0.000264126
-0.000291026
-0.000315256
-0.000335223
-0.000349503
-0.000356937
-0.000356737
-0.000348518
-0.000332234
-0.000308134
-0.000276842
-0.00023943
-0.000197353
-0.000152333
-0.00010631
-6.13682e-05
-1.95597e-05
1.7282e-05
4.76215e-05
7.0275e-05
8.44853e-05
8.9943e-05
8.67423e-05
7.53376e-05
5.65137e-05
3.135e-05
1.17925e-06
-3.24638e-05
-6.7897e-05
-0.00010334
-0.000136994
-0.000167152
-0.000192292
-0.000211128
-0.000222679
-0.000226302
-0.00022167
-0.000208719
-0.000187645
-0.000158916
-0.000123266
-8.16813e-05
-3.54207e-05
1.39522e-05
1.39522e-05
6.4638e-05
0.000114733
0.00016233
0.000205592
0.000242896
0.000272989
0.000294988
0.000308302
0.000312631
0.000308057
0.000295115
0.000274813
0.00024861
0.000218353
0.000186141
0.000154034
0.000123739
9.64834e-05
7.31033e-05
5.41556e-05
3.9947e-05
3.05781e-05
2.6019e-05
2.60881e-05
3.03012e-05
3.77864e-05
4.74262e-05
5.81012e-05
6.88195e-05
7.87624e-05
8.73851e-05
9.44557e-05
9.99116e-05
0.000103675
0.00010555
0.000105204
0.000102248
9.63592e-05
8.73629e-05
7.53048e-05
6.05134e-05
4.35696e-05
2.51706e-05
6.00272e-06
-1.33119e-05
-3.2217e-05
-5.02064e-05
-6.67992e-05
-8.1482e-05
-9.36979e-05
-0.000103012
-0.000109379
-0.000113241
-0.000115393
-0.000116866
-0.000118798
-0.000122164
-0.000127483
-0.000134767
-0.000143751
-0.000154159
-0.000165779
-0.000178434
-0.000191932
-0.000205976
-0.000219983
-0.000232984
-0.00024375
-0.000251054
-0.000253914
-0.000251808
-0.000244787
-0.000233393
-0.000218413
-0.000200673
-0.000180926
-0.000159786
-0.000137756
-0.000115372
-9.33573e-05
-7.26438e-05
-5.4266e-05
-3.91487e-05
-2.786e-05
-2.04348e-05
-1.63637e-05
-1.47254e-05
-1.43738e-05
-1.41759e-05
-1.32274e-05
-1.08534e-05
-6.45083e-06
5.94439e-07
1.09274e-05
2.52449e-05
4.41933e-05
6.81047e-05
9.67348e-05
0.000129081
0.00016332
0.000197083
0.000228032
0.000254203
0.000274004
0.00028622
0.000290026
0.000284827
0.000270089
0.000245345
0.000210373
0.000165512
0.000111968
5.18728e-05
-1.1949e-05
-7.6373e-05
-0.000138348
-0.000195194
-0.000244785
-0.000285561
-0.000316432
-0.000336605
-0.000345448
-0.000342542
-0.000327887
-0.000302069
-0.000266382
-0.000222832
-0.000173968
-0.00012259
-7.14455e-05
-2.29538e-05
2.09527e-05
5.886e-05
8.98031e-05
0.000113148
0.00012851
0.000135726
0.000134878
0.000126427
0.00011138
9.1237e-05
6.77836e-05
4.29058e-05
1.8407e-05
-4.18371e-06
-2.36966e-05
-3.92922e-05
-5.03901e-05
-5.65649e-05
-5.74608e-05
-5.28129e-05
-4.25361e-05
-2.67683e-05
-5.87721e-06
1.94963e-05
4.84247e-05
7.98246e-05
0.000112623
0.000145818
0.000178496
0.000209852
0.000239137
0.000265594
0.00028845
0.000306936
0.000320366
0.000328273
0.000330522
0.000327323
0.000319188
0.000306844
0.000291131
0.000272922
0.000253057
0.000232324
0.000211499
0.000191372
0.000172719
0.000156283
0.000142735
0.000132588
0.000126092
0.000123214
0.000123695
0.000127093
0.000132849
0.000140345
0.000148969
0.000158119
0.000167177
0.000175505
0.000182471
0.000187453
0.000189868
0.00018927
0.000185402
0.000178182
0.000167707
0.000154264
0.000138285
0.000120306
0.000100947
8.08749e-05
6.07718e-05
4.13198e-05
2.31919e-05
7.01718e-06
-6.66191e-06
-1.74179e-05
-2.49642e-05
-2.91797e-05
-3.01137e-05
-2.79714e-05
-2.30869e-05
-1.58708e-05
-6.75013e-06
3.85871e-06
1.55494e-05
2.79233e-05
4.0589e-05
5.31427e-05
6.51465e-05
7.61698e-05
8.58354e-05
9.37646e-05
9.951e-05
0.000102613
0.000102712
9.95595e-05
9.29847e-05
8.29078e-05
6.93802e-05
5.25886e-05
3.28228e-05
1.04428e-05
-1.41137e-05
-4.02791e-05
-6.73053e-05
-9.42425e-05
-0.000119962
-0.00014326
-0.000163006
-0.000178241
-0.000188229
-0.000192519
-0.000190978
-0.00018368
-0.000170762
-0.000152421
-0.000128957
-0.000100815
-6.86852e-05
-3.35569e-05
3.3371e-06
4.05973e-05
7.67377e-05
0.000110343
0.000140254
0.000165662
0.000186097
0.000201412
0.000211778
0.000217603
0.000219398
0.000217761
0.000213471
0.000207497
0.000200877
0.000194542
0.000189176
0.000185169
0.000182601
0.000181212
0.000180441
0.000179635
0.00017825
0.000175791
0.000171677
0.000165297
0.00015609
0.000143532
0.000127221
0.00010703
8.3184e-05
5.62629e-05
2.71732e-05
-2.97065e-06
-3.30553e-05
-6.21266e-05
-8.94213e-05
-0.000114358
-0.000136551
-0.000155789
-0.00017194
-0.000184871
-0.000194469
-0.000200688
-0.000203559
-0.000203228
-0.000200077
-0.000194735
-0.000187933
-0.000180368
-0.000172653
-0.000165275
-0.000158535
-0.000152583
-0.000147535
-0.000143546
-0.000140843
-0.000139704
-0.000140396
-0.000143073
-0.000147677
-0.000153903
-0.000161244
-0.000169099
-0.000176892
-0.000184126
-0.0001904
-0.000195409
-0.000198932
-0.000198932
-0.000200797
-0.000200875
-0.000199088
-0.000195443
-0.000190092
-0.000183343
-0.000175659
-0.000167662
-0.000160005
-0.000153109
-0.000147185
-0.000142517
-0.000139382
-0.000137813
-0.000137685
-0.000138848
-0.000141047
-0.00014391
-0.000147026
-0.000149964
-0.000152297
-0.000153679
-0.0001539
-0.000152881
-0.000150624
-0.000147156
-0.000142528
-0.000136882
-0.000130455
-0.000123536
-0.000116456
-0.000109584
-0.000103286
-9.78696e-05
-9.35603e-05
-9.04788e-05
-8.86101e-05
-8.78058e-05
-8.78405e-05
-8.84814e-05
-8.95066e-05
-9.06804e-05
-9.17516e-05
-9.24683e-05
-9.25583e-05
-9.17118e-05
-8.96081e-05
-8.59491e-05
-8.04943e-05
-7.31154e-05
-6.38309e-05
-5.27801e-05
-4.01739e-05
-2.62649e-05
-1.13277e-05
4.35873e-06
2.04983e-05
3.67331e-05
5.25822e-05
6.73909e-05
8.0376e-05
9.07745e-05
9.79595e-05
0.000101468
0.000101021
9.65487e-05
8.81745e-05
7.61646e-05
6.09128e-05
4.29986e-05
2.32564e-05
2.7899e-06
-1.71191e-05
-3.51936e-05
-5.02957e-05
-6.14912e-05
-6.81573e-05
-7.00719e-05
-6.73355e-05
-6.01997e-05
-4.90107e-05
-3.42704e-05
-1.66692e-05
2.92717e-06
2.34821e-05
4.38035e-05
6.26411e-05
7.88639e-05
9.16223e-05
0.000100429
0.000105162
0.000105991
0.000103255
9.7365e-05
8.87693e-05
7.79566e-05
6.54785e-05
5.19697e-05
3.81344e-05
2.46905e-05
1.22646e-05
1.28044e-06
-8.05612e-06
-1.56876e-05
-2.16797e-05
-2.6228e-05
-2.96003e-05
-3.20626e-05
-3.38504e-05
-3.51604e-05
-3.61319e-05
-3.68344e-05
-3.72641e-05
-3.73402e-05
-3.69569e-05
-3.60823e-05
-3.47661e-05
-3.30833e-05
-3.11476e-05
-2.91268e-05
-2.71769e-05
-2.5398e-05
-2.38828e-05
-2.27653e-05
-2.2202e-05
-2.23232e-05
-2.32038e-05
-2.48504e-05
-2.71833e-05
-3.00174e-05
-3.3081e-05
-3.60946e-05
-3.88713e-05
-4.13591e-05
-4.36223e-05
-4.58042e-05
-4.80855e-05
-5.0637e-05
-5.35607e-05
-5.68509e-05
-6.04289e-05
-6.41844e-05
-6.79635e-05
-7.15775e-05
-7.48578e-05
-7.76673e-05
-7.98367e-05
-8.11236e-05
-8.12447e-05
-7.99283e-05
-7.69508e-05
-7.21757e-05
-6.56004e-05
-5.73839e-05
-4.78397e-05
-3.73962e-05
-2.6532e-05
-1.57127e-05
-5.34477e-06
4.24556e-06
1.28186e-05
2.02734e-05
2.67213e-05
3.2457e-05
3.78591e-05
4.33609e-05
4.94502e-05
5.65805e-05
6.50368e-05
7.48855e-05
8.60419e-05
9.8345e-05
0.000111553
0.000125331
0.000139316
0.00015314
0.000166345
0.000178338
0.00018847
0.000196144
0.000200888
0.00020242
0.000200717
0.000196009
0.00018867
0.000179055
0.000167412
0.000153918
0.000138742
0.000122061
0.000104119
8.52935e-05
6.61167e-05
4.72393e-05
2.93405e-05
1.30416e-05
-1.11462e-06
-1.26747e-05
-2.13089e-05
-2.6803e-05
-2.90004e-05
-2.77838e-05
-2.31291e-05
-1.51688e-05
-4.23056e-06
9.11359e-06
2.40072e-05
3.9369e-05
5.40179e-05
6.6779e-05
7.66167e-05
8.27643e-05
8.47034e-05
8.20739e-05
7.46784e-05
6.25433e-05
4.59764e-05
2.56071e-05
2.3715e-06
-2.25287e-05
-4.76726e-05
-7.15381e-05
-9.26941e-05
-0.000109952
-0.000122407
-0.000129431
-0.000130704
-0.000126221
-0.000116231
-0.000101174
-8.17238e-05
-5.88371e-05
-3.36913e-05
-7.59615e-06
1.80629e-05
4.19098e-05
6.27041e-05
7.94416e-05
9.13987e-05
9.81356e-05
9.94831e-05
9.55193e-05
8.65362e-05
7.30237e-05
5.56722e-05
3.5367e-05
1.3157e-05
-9.81535e-06
-3.23799e-05
-5.33732e-05
-7.17004e-05
-8.6425e-05
-9.68286e-05
-0.000102427
-0.000102977
-9.84921e-05
-8.92426e-05
-7.57153e-05
-5.8577e-05
-3.86441e-05
-1.68356e-05
5.87252e-06
2.84978e-05
5.01337e-05
7.0004e-05
8.74486e-05
0.000101927
0.000113063
0.000120658
0.000124684
0.000125281
0.000122762
0.00011759
0.000110363
0.00010176
9.24475e-05
8.29689e-05
7.3693e-05
6.48514e-05
5.65832e-05
4.89454e-05
4.19459e-05
3.56029e-05
2.99531e-05
2.498e-05
2.05472e-05
1.6405e-05
1.22426e-05
7.75993e-06
2.78128e-06
-2.62954e-06
-8.12231e-06
-1.30844e-05
-1.67403e-05
-1.83608e-05
-1.74663e-05
-1.38322e-05
-7.36728e-06
1.89912e-06
1.37086e-05
2.75152e-05
4.2544e-05
5.78526e-05
7.23099e-05
8.45931e-05
9.33132e-05
9.72312e-05
9.54621e-05
8.76225e-05
7.39454e-05
5.5414e-05
3.3817e-05
1.14194e-05
-9.59215e-06
-2.72386e-05
-3.95763e-05
-4.48573e-05
-4.19149e-05
-3.0372e-05
-1.06374e-05
1.61782e-05
4.83082e-05
4.83082e-05
8.34154e-05
0.000118948
0.000152648
0.000182737
0.000207699
0.000226122
0.000236814
0.000238818
0.000231214
0.000213176
0.000184386
0.000145257
9.67482e-05
4.01935e-05
-2.25778e-05
-8.90751e-05
-0.000156297
-0.000220989
-0.000279608
-0.000328309
-0.000363525
-0.000382757
-0.000384599
-0.000368463
-0.000334827
-0.000285507
-0.000223147
-0.00015054
-7.08265e-05
1.19948e-05
9.32146e-05
0.000167928
0.000231377
0.000279412
0.000309228
0.000319851
0.000312159
0.000288557
0.000252338
0.000206865
0.000155085
9.94733e-05
4.20489e-05
-1.55111e-05
-7.1391e-05
-0.000123145
-0.000167873
-0.00020288
-0.000226087
-0.0002362
-0.000233033
-0.000217714
-0.000192283
-0.000158972
-0.000119824
-7.66603e-05
-3.10381e-05
1.57156e-05
6.21274e-05
0.000106188
0.000145421
0.000177273
0.000199468
0.000210304
0.000208996
0.000195829
0.00017196
0.000139054
9.89898e-05
5.36762e-05
4.95656e-06
-4.53608e-05
-9.53369e-05
-0.000142751
-0.000185174
-0.000220272
-0.000246057
-0.000261015
-0.000264262
-0.000255666
-0.000235765
-0.000205575
-0.000166507
-0.000120386
-6.947e-05
-1.64554e-05
3.56543e-05
8.38664e-05
0.000125476
0.00015822
0.000180497
0.000191562
0.000191425
0.000180534
0.000159644
0.000129914
9.29261e-05
5.06099e-05
5.22039e-06
-4.06917e-05
-8.45024e-05
-0.00012382
-0.000156701
-0.000181788
-0.000198343
-0.000206114
-0.00020519
-0.000195935
-0.000178903
-0.000154825
-0.000124689
-8.98377e-05
-5.19381e-05
-1.28718e-05
2.54238e-05
6.11106e-05
9.2573e-05
0.000118516
0.000138006
0.000150426
0.000155413
0.000152849
0.000142857
0.000125827
0.000102472
7.38466e-05
4.13059e-05
6.41549e-06
-2.91558e-05
-6.37539e-05
-9.58453e-05
-0.000124081
-0.00014732
-0.00016463
-0.000175299
-0.000178862
-0.000175155
-0.000164326
-0.000146844
-0.000123505
-9.54117e-05
-6.38805e-05
-3.03481e-05
3.68263e-06
3.66851e-05
6.71743e-05
9.37781e-05
0.000115302
0.000130784
0.000139531
0.000141171
0.000135694
0.00012346
0.000105171
8.18175e-05
5.46289e-05
2.50029e-05
-5.57712e-06
-3.56347e-05
-6.3762e-05
-8.86624e-05
-0.000109219
-0.000124544
-0.000133996
-0.000137217
-0.000134152
-0.000125044
-0.000110428
-9.11038e-05
-6.80554e-05
-4.23919e-05
-1.53208e-05
1.19043e-05
3.8062e-05
6.20121e-05
8.27215e-05
9.93093e-05
0.000111102
0.000117661
0.000118779
0.000114499
0.000105107
9.11125e-05
7.32166e-05
5.22832e-05
2.93039e-05
5.35606e-06
-1.84521e-05
-4.10415e-05
-6.14061e-05
-7.86582e-05
-9.20794e-05
-0.000101149
-0.000105548
-0.000105179
-0.000100168
-9.08323e-05
-7.76716e-05
-6.13591e-05
-4.2693e-05
-2.2544e-05
-1.84237e-06
1.84496e-05
3.74058e-05
5.41942e-05
6.81002e-05
7.85508e-05
8.51429e-05
8.76596e-05
8.60774e-05
8.05613e-05
7.14486e-05
5.92301e-05
4.45263e-05
2.80518e-05
1.05894e-05
-7.02934e-06
-2.39717e-05
-3.94632e-05
-5.28198e-05
-6.34637e-05
-7.09492e-05
-7.4991e-05
-7.54732e-05
-7.24426e-05
-6.61064e-05
-5.68152e-05
-4.50339e-05
-3.13334e-05
-1.63792e-05
-8.85039e-07
1.44314e-05
2.88757e-05
4.18039e-05
5.26515e-05
6.09665e-05
6.64265e-05
6.88348e-05
6.81333e-05
6.44174e-05
5.79137e-05
4.89627e-05
3.80155e-05
2.56113e-05
1.23461e-05
-1.14989e-06
-1.42512e-05
-2.63744e-05
-3.69845e-05
-4.56166e-05
-5.19162e-05
-5.56432e-05
-5.66659e-05
-5.49863e-05
-5.07341e-05
-4.41368e-05
-3.55294e-05
-2.53554e-05
-1.41154e-05
-2.3285e-06
9.46367e-06
2.07152e-05
3.09267e-05
3.96639e-05
4.6551e-05
5.13011e-05
5.3748e-05
5.38282e-05
5.15707e-05
4.71196e-05
4.07333e-05
3.27456e-05
2.35401e-05
1.35533e-05
3.2633e-06
-6.84426e-06
-1.63095e-05
-2.47195e-05
-3.17148e-05
-3.69983e-05
-4.03566e-05
-4.1671e-05
-4.09117e-05
-3.81462e-05
-3.3547e-05
-2.73638e-05
-1.99017e-05
-1.15228e-05
-2.62941e-06
6.36965e-06
1.50692e-05
2.30743e-05
3.00283e-05
3.56354e-05
3.96625e-05
4.19504e-05
4.24281e-05
4.11119e-05
3.80978e-05
3.35557e-05
2.77225e-05
2.08927e-05
1.33978e-05
5.58254e-06
-2.19718e-06
-9.58075e-06
-1.62334e-05
-2.18654e-05
-2.62359e-05
-2.91649e-05
-3.05462e-05
-3.03478e-05
-2.86108e-05
-2.54471e-05
-2.1029e-05
-1.55793e-05
-9.36153e-06
-2.66975e-06
4.18325e-06
1.08806e-05
1.71173e-05
2.2615e-05
2.2615e-05
2.71347e-05
3.04875e-05
3.25425e-05
3.32314e-05
3.25527e-05
3.05719e-05
3.05719e-05
