9.39348e-10
1.24241e-09
-1.34967e-08
-6.94114e-08
-1.97528e-07
-4.53799e-07
-9.32465e-07
-1.68832e-06
-2.59511e-06
-3.33986e-06
-3.66988e-06
-3.63811e-06
-3.49651e-06
-3.37868e-06
-3.24016e-06
-3.06272e-06
-2.90465e-06
-2.75939e-06
-2.5471e-06
-2.23439e-06
-1.84214e-06
-1.39884e-06
-9.86269e-07
-7.53254e-07
-8.06718e-07
-1.13644e-06
-1.66267e-06
-2.30915e-06
-3.03496e-06
-3.83605e-06
-4.72493e-06
-5.71116e-06
-6.80216e-06
-8.0016e-06
-9.28935e-06
-1.06061e-05
-1.18621e-05
-1.2966e-05
-1.38542e-05
-1.4504e-05
-1.49279e-05
-1.5152e-05
-1.51885e-05
-1.50204e-05
-1.46138e-05
-1.3939e-05
-1.29772e-05
-1.17201e-05
-1.01765e-05
-8.37785e-06
-6.37188e-06
-4.20691e-06
-1.91789e-06
4.81366e-07
2.99425e-06
5.62614e-06
8.37046e-06
1.12057e-05
1.40985e-05
1.70084e-05
1.98995e-05
2.27515e-05
2.556e-05
2.83306e-05
3.108e-05
3.3836e-05
3.66234e-05
3.94473e-05
4.22907e-05
4.51238e-05
4.79095e-05
5.0598e-05
5.31148e-05
5.53582e-05
5.72112e-05
5.8558e-05
5.92951e-05
5.93422e-05
5.86516e-05
5.72053e-05
5.50003e-05
5.20342e-05
4.82961e-05
4.37603e-05
3.83876e-05
3.2145e-05
2.50325e-05
1.7099e-05
8.44486e-06
-7.85619e-07
-1.04253e-05
-2.03209e-05
-3.03673e-05
-4.05195e-05
-5.07771e-05
-6.11549e-05
-7.16521e-05
-8.22273e-05
-9.27838e-05
-0.000103168
-0.000113189
-0.000122647
-0.000131363
-0.0001392
-0.000146062
-0.00015189
-0.000156647
-0.000160306
-0.000162852
-0.000164278
-0.000164575
-0.000163702
-0.000161584
-0.000158106
-0.000153132
-0.000146548
-0.000138317
-0.00012852
-0.000117366
-0.000105164
-9.22576e-05
-7.89488e-05
-6.543e-05
-5.17718e-05
-3.79315e-05
-2.37629e-05
-9.03968e-06
6.50135e-06
2.31211e-05
4.10604e-05
6.05204e-05
8.16183e-05
0.00010434
0.000128534
0.00015395
0.000180264
0.000207057
0.000233794
0.000259825
0.000284363
0.000306483
0.000325141
0.000339271
0.0003479
0.000350255
0.000345824
0.000334365
0.000315875
0.000290505
0.00025838
0.000219383
0.00017305
0.000118712
5.58956e-05
-1.51264e-05
-9.27768e-05
-0.000173895
-0.00025401
-0.000328122
-0.000391618
-0.000441002
-0.00047438
-0.000491632
-0.000494
-0.000483242
-0.000460954
-0.000428429
-0.00038677
-0.000337012
-0.000280371
-0.000218599
-0.000154048
-8.93047e-05
-2.67028e-05
3.20345e-05
8.60342e-05
0.000135354
0.000180764
0.000223292
0.000263803
0.000302781
0.000340303
0.000376044
0.000409218
0.00043851
0.00046221
0.000478664
0.000486867
0.00048688
0.000480002
0.000468871
0.000457405
0.000450224
0.000451596
0.000464447
0.000489978
0.000527834
0.000576562
0.000634283
0.000699463
0.0007713
0.000849278
0.000931963
0.00101547
0.00109195
0.00114866
0.00116837
0.00113178
0.00102207
0.000830593
0.000561471
0.00023221
-0.000130227
-0.000495569
-0.000836029
-0.00113113
-0.00137083
-0.00155461
-0.00168656
-0.00177039
-0.00180769
-0.0017983
-0.00174103
-0.00163555
-0.00148564
-0.00130097
-0.00109558
-0.000884795
-0.000682378
-0.000498375
-0.000337873
-0.000201654
-8.86737e-05
1.19109e-06
6.58004e-05
0.000101351
0.000104324
7.37131e-05
1.26475e-05
-7.10788e-05
-0.000165852
-0.000258364
-0.000336236
-0.000390019
-0.000413946
-0.000405488
-0.000364106
-0.000289697
-0.000181558
-3.84846e-05
0.000140133
0.000353046
0.000596345
0.000863367
0.00114531
0.00143237
0.00171497
0.00198451
0.00223332
0.00245418
0.00263966
0.00278185
0.0028728
0.00290577
0.00287653
0.00278406
0.00263004
0.00241747
0.00214887
0.00182461
0.0014412
0.000989971
0.000456943
-0.000173077
-0.000905514
-0.00172124
-0.00256844
-0.00337032
-0.00404537
-0.00452725
-0.00477644
-0.00478526
-0.00457718
-0.00419568
-0.00368541
-0.00307868
-0.00239421
-0.00164171
-0.000827751
3.49488e-05
0.000917697
0.00177532
0.00255614
0.00321348
0.00371324
0.00403812
0.00418844
0.00417723
0.00402185
0.00373626
0.0033269
0.00279149
0.00212109
0.00130752
0.000358078
-0.000687675
-0.00175148
-0.0027302
-0.00352443
-0.00406413
-0.00432021
-0.00430497
-0.004065
-0.00366315
-0.00315381
-0.0025674
-0.00191315
-0.00119175
-0.000409173
0.000409498
0.00121176
0.00192502
0.00192502
0.00247787
0.00282018
0.0029308
0.00281354
0.00248799
0.00198037
0.00131745
0.000524668
-0.000370422
-0.00132922
-0.00229354
-0.00318586
-0.00392016
-0.00441787
-0.00462411
-0.00452038
-0.00412865
-0.00350327
-0.00271507
-0.00183558
-0.000925992
-3.17136e-05
0.000816556
0.00159578
0.00228196
0.00284565
0.00325401
0.00347781
0.00349968
0.00332006
0.00295894
0.00245273
0.00184717
0.00118874
0.000517965
-0.000133248
-0.000740658
-0.00128495
-0.00174868
-0.00211381
-0.00236129
-0.00247422
-0.00244306
-0.00226938
-0.00196613
-0.00155552
-0.00106586
-0.000527869
2.8211e-05
0.000573104
0.0010769
0.00150798
0.00183439
0.00202824
0.00207218
0.00196561
0.00172656
0.00138703
0.000984378
0.00055371
0.00012344
-0.000287011
-0.000667089
-0.00101095
-0.00131113
-0.00155508
-0.00172655
-0.0018094
-0.00179213
-0.00167304
-0.00146437
-0.00119254
-0.000894244
-0.000609548
-0.000372346
-0.000200538
-9.11412e-05
-2.3899e-05
2.88904e-05
9.15401e-05
0.000177011
0.000284375
0.000402793
0.000519174
0.00062422
0.000714477
0.000791289
0.000856275
0.000902405
0.000905022
0.000822325
0.000610973
0.000250545
-0.000238672
-0.000796462
-0.00133987
-0.00178595
-0.00207268
-0.0021741
-0.00210263
-0.00189596
-0.0015989
-0.00125204
-0.000886885
-0.000523164
-0.000170477
0.000164999
0.000475965
0.000755649
0.00100021
0.00120719
0.00137289
0.00149259
0.00156254
0.00158017
0.00154261
0.00144754
0.00129763
0.00110455
0.000887982
0.000671025
0.00047503
0.000314691
0.000194115
0.000107164
4.29506e-05
-7.78609e-06
-4.95371e-05
-8.19769e-05
-0.000101117
-0.000101197
-7.72488e-05
-2.73187e-05
4.68763e-05
0.000141173
0.000251405
0.000375438
0.000513171
0.000664343
0.000825409
0.00098692
0.00113258
0.00124086
0.00128922
0.00125944
0.00114277
0.000942993
0.000676227
0.000367538
4.60623e-05
-0.000259658
-0.000525842
-0.000736476
-0.000883247
-0.000962197
-0.000970154
-0.00090369
-0.000759958
-0.000537781
-0.000239072
0.000129136
0.000553365
0.00101391
0.00148573
0.00193902
0.00233992
0.00265225
0.00284106
0.00287889
0.00275389
0.00247557
0.00207332
0.00158768
0.0010599
0.000524142
2.30605e-06
-0.000498098
-0.000979461
-0.00144344
-0.00188165
-0.00227341
-0.00258887
-0.0027953
-0.00286643
-0.00279155
-0.00257824
-0.00224781
-0.00182858
-0.00134967
-0.000835493
-0.00030254
0.000238818
0.000778923
0.0013043
0.00179635
0.00223289
0.00259204
0.00285733
0.00302188
0.00308919
0.00307043
0.00298005
0.00283156
0.00263485
0.00239585
0.00211871
0.00180868
0.00147361
0.0011227
0.00076331
0.000397247
1.92643e-05
-0.000379712
-0.000803863
-0.00124204
-0.00166251
-0.00201784
-0.00225902
-0.00235289
-0.00229443
-0.0021085
-0.00184214
-0.00155229
-0.00129179
-0.00109568
-0.000974131
-0.000916984
-0.000905618
-0.000922724
-0.000957054
-0.0010053
-0.00107029
-0.00115372
-0.00124807
-0.001335
-0.00139081
-0.00139391
-0.00133034
-0.0011974
-0.00100466
-0.000770118
-0.000512361
-0.000243131
3.56334e-05
0.000330082
0.000649814
0.0010012
0.00138014
0.00176761
0.00213041
0.00242659
0.00261462
0.00266612
0.00257845
0.00237886
0.00211467
0.0018343
0.00157161
0.00134007
0.00113391
0.000933517
0.000716743
0.000473341
0.000212525
-4.06582e-05
-0.000254208
-0.000398237
-0.000454816
-0.00042658
-0.000338614
-0.000232976
-0.000159396
-0.000163088
-0.000270582
-0.000480242
-0.00076461
-0.00108366
-0.00140189
-0.00170233
-0.00199122
-0.00228963
-0.00261713
-0.00297912
-0.00336364
-0.00374368
-0.00408173
-0.00433767
-0.00447798
-0.00448007
-0.0043303
-0.0040208
-0.00354887
-0.00291712
-0.00213344
-0.00121367
-0.000187886
0.000895548
0.00197379
0.00297889
0.00384655
0.00452285
0.00497009
0.00516948
0.00511797
0.00482177
0.00429215
0.00354537
0.0026057
0.00150957
0.000308346
-0.000933133
-0.00214256
-0.00324802
-0.00418567
-0.00490574
-0.00537526
-0.00557636
-0.00550268
-0.00515717
-0.00455176
-0.00370841
-0.00266202
-0.00266202
-0.00146439
-0.000185515
0.00109252
0.00228979
0.00334484
0.00422347
0.00491559
0.00542507
0.00575979
0.00592394
0.00591319
0.00571642
0.00532512
0.0047436
0.00399386
0.00311566
0.00216298
0.0011952
0.000264515
-0.000592926
-0.00135837
-0.00202646
-0.0025991
-0.00307844
-0.00346146
-0.00373918
-0.00389974
-0.00393272
-0.00383294
-0.00360374
-0.00325842
-0.00281816
-0.00230769
-0.00175188
-0.00117444
-0.000597212
-3.96307e-05
0.000480676
0.000946471
0.00134126
0.0016517
0.00186958
0.00199204
0.00202073
0.00196027
0.00181531
0.00158804
0.00127847
0.000887691
0.000422227
-0.000102112
-0.000657586
-0.00120502
-0.00169916
-0.00209724
-0.00236649
-0.00248843
-0.00246076
-0.00229679
-0.00202096
-0.00166201
-0.00124825
-0.000806366
-0.000360673
6.81934e-05
0.000462857
0.000807116
0.00108543
0.00128477
0.00139591
0.00141339
0.00133611
0.00116916
0.000924652
0.000620409
0.000278408
-7.60013e-05
-0.000415316
-0.000712083
-0.000940778
-0.00107885
-0.00110806
-0.00101657
-0.000800519
-0.000464663
-2.2822e-05
0.000501648
0.00107687
0.00166577
0.00223044
0.00273576
0.00315194
0.00345683
0.00363771
0.00369096
0.00361935
0.00342852
0.00312462
0.00271321
0.00219877
0.00158569
0.000881735
0.000102476
-0.000726264
-0.0015689
-0.0023823
-0.00311986
-0.00373787
-0.00420207
-0.00449026
-0.00459151
-0.00450475
-0.0042378
-0.00380552
-0.00322832
-0.00253259
-0.0017519
-0.000925752
-9.56053e-05
0.000698759
0.00142163
0.0020436
0.00254347
0.00290798
0.00312904
0.00320102
0.0031204
0.00288684
0.00250453
0.00198419
0.00134584
0.000620168
-0.000153041
-0.000928782
-0.00166123
-0.00230781
-0.00283277
-0.00320928
-0.00341938
-0.00345275
-0.00330613
-0.00298373
-0.00249779
-0.00186877
-0.00112506
-0.000301894
0.000561208
0.00142417
0.00224976
0.00300519
0.00366192
0.00419471
0.00458074
0.00479924
0.00483245
0.0046685
0.00430504
0.00375156
0.00302947
0.00217078
0.00121548
0.000207277
-0.000811471
-0.00180315
-0.00273534
-0.00357892
-0.00430541
-0.00488525
-0.00528887
-0.00549045
-0.00547268
-0.00523037
-0.00477208
-0.00411945
-0.00330415
-0.00236341
-0.00133602
-0.000259756
0.000829472
0.00189688
0.00290745
0.00382547
0.00461602
0.0052478
0.00569644
0.00594738
0.00599753
0.0058549
0.00553601
0.00506184
0.00445357
0.00372976
0.00290612
0.00199806
0.00102539
1.73815e-05
-0.000984594
-0.0019294
-0.00276322
-0.00343812
-0.00391878
-0.00418709
-0.00424405
-0.00410738
-0.00380519
-0.00337001
-0.00283581
-0.0022363
-0.00160304
-0.000965314
-0.000351756
0.000209482
0.000693668
0.00108243
0.00136417
0.00153319
0.00158945
0.00153806
0.00138759
0.00114846
0.000832961
0.000456508
3.8229e-05
-0.000399901
-0.000834772
-0.00124417
-0.00160885
-0.00191392
-0.00214877
-0.00230548
-0.00237671
-0.00235433
-0.00222989
-0.00199702
-0.00165503
-0.0012117
-0.000683958
-9.63991e-05
0.00052191
0.00114185
0.00173819
0.00229125
0.00278597
0.00321011
0.00355251
0.00380191
0.00394696
0.00397806
0.00388975
0.00368232
0.00336221
0.00294132
0.00243562
0.00186336
0.0012441
0.000599014
-4.82866e-05
-0.000671722
-0.00124398
-0.00173886
-0.00213436
-0.00241637
-0.00258151
-0.00263762
-0.00260101
-0.00249233
-0.00233229
-0.00213781
-0.0019197
-0.00168363
-0.00143403
-0.00117726
-0.000922408
-0.000680637
-0.000464373
-0.000285273
-0.000151024
-6.32193e-05
-1.77666e-05
-6.81189e-06
-2.08351e-05
-5.0703e-05
-8.92598e-05
-0.000131535
-0.000173705
-0.000212113
-0.000243077
-0.000263157
-0.000269457
-0.000259979
-0.000233798
-0.000190639
-0.000130023
-5.08303e-05
4.81732e-05
0.000167034
0.000302824
0.00044772
0.000588252
0.000707349
0.00078868
0.00082044
0.000796599
0.000716325
0.000582869
0.000402056
0.000180764
-7.35478e-05
-0.000352339
-0.000645741
-0.000942812
-0.00123148
-0.00149841
-0.00172987
-0.0019137
-0.00204107
-0.00210695
-0.00210944
-0.00204864
-0.0019256
-0.00174159
-0.00149785
-0.00149785
-0.00119621
-0.000840554
-0.000439248
-7.62172e-06
0.000430827
0.000846202
0.00120739
0.00148873
0.00167513
0.00176384
0.00176353
0.00169136
0.00156781
0.00141067
0.00123118
0.00103458
0.000823335
0.000600508
0.000372459
0.00015047
-5.0149e-05
-0.000213738
-0.000328401
-0.000388212
-0.000393525
-0.000350182
-0.000267591
-0.000155893
-2.37004e-05
0.000122394
0.000276969
0.000434666
0.000589372
0.000733933
0.000860691
0.000962711
0.00103503
0.00107541
0.00108448
0.00106519
0.00102151
0.000956886
0.000873389
0.000771929
0.000653143
0.000518484
0.000371192
0.000216824
6.29405e-05
-8.21491e-05
-0.000211088
-0.000318699
-0.000402263
-0.000461129
-0.000496113
-0.000508804
-0.000500937
-0.000474161
-0.000430183
-0.000370864
-0.000298175
-0.000214343
-0.000122321
-2.63936e-05
6.70236e-05
0.000148076
0.000202118
0.000209892
0.000150774
9.02687e-06
-0.000219123
-0.000521045
-0.00086888
-0.00122645
-0.00155822
-0.0018359
-0.00204138
-0.00216769
-0.00221771
-0.00219908
-0.00211737
-0.00197285
-0.00176245
-0.00148369
-0.00113808
-0.000734017
-0.000288171
0.000176782
0.000636971
0.00107131
0.00146325
0.00180113
0.00207714
0.00228486
0.00241663
0.00246339
0.00241738
0.00227589
0.00204422
0.00173693
0.00137684
0.000991523
0.000607833
0.000246854
-7.84704e-05
-0.000362527
-0.000603948
-0.00080127
-0.000948857
-0.00103551
-0.00104712
-0.000971769
-0.000804467
-0.000549853
-0.000222499
0.000155494
0.000558866
0.000962843
0.00134354
0.00167526
0.00192698
0.00206071
0.00203487
0.0018151
0.00139003
0.000783233
5.22187e-05
-0.000727049
-0.00148113
-0.00215498
-0.0027193
-0.00317175
-0.00353051
-0.00381814
-0.0040427
-0.00418913
-0.00422505
-0.00411397
-0.00382997
-0.00337091
-0.0027636
-0.00205552
-0.00129866
-0.00053566
0.000206977
0.00091967
0.00160452
0.00226513
0.00289642
0.00347984
0.00398534
0.00437827
0.00462753
0.00471134
0.00461933
0.00435293
0.00392628
0.00336588
0.00270703
0.00198834
0.00124768
0.000519705
-0.000166269
-0.00078742
-0.00132628
-0.00176932
-0.00210733
-0.00233596
-0.00245466
-0.00246571
-0.0023751
-0.00219343
-0.00193475
-0.0016146
-0.00124904
-0.000854098
-0.00044515
-3.68728e-05
0.000355666
0.000716163
0.00102801
0.00127687
0.0014535
0.00155523
0.00158574
0.00155325
0.00146721
0.00133343
0.00114893
0.000900061
0.000567721
0.000139863
-0.000374831
-0.000941484
-0.00150615
-0.00201002
-0.0024024
-0.00264988
-0.00274209
-0.00269038
-0.00251794
-0.00224809
-0.00189816
-0.00147938
-0.00100079
-0.000477242
6.16089e-05
0.000569699
0.000994292
0.001292
0.00144231
0.00145241
0.00135196
0.00118119
0.000977749
0.000766185
0.00055306
0.000331103
9.09081e-05
-0.000167337
-0.000428278
-0.000662222
-0.000831384
-0.000901231
-0.00085259
-0.000687242
-0.000424801
-9.50745e-05
0.000270114
0.000643874
0.00100777
0.00135015
0.00166121
0.00192862
0.00213609
0.00226488
0.00229763
0.00222386
0.00204413
0.00176987
0.00141933
0.00101301
0.000571525
0.000115729
-0.000332672
-0.000750505
-0.0011132
-0.00139641
-0.00157895
-0.00164645
-0.00159506
-0.00143453
-0.00118803
-0.000886935
-0.000562503
-0.00023889
6.9962e-05
0.000359229
0.000628562
0.000875543
0.00109066
0.0012569
0.00135363
0.00136217
0.00127133
0.00108207
0.000809045
0.000477303
0.000115739
-0.000249198
-0.000597433
-0.000916028
-0.00119658
-0.00143081
-0.00160756
-0.00171289
-0.00173249
-0.00165522
-0.00147664
-0.00120187
-0.000846359
-0.0004347
2.36953e-06
0.000431589
0.000820578
0.00114048
0.00136806
0.00148766
0.00149283
0.00138666
0.00118085
0.000894153
0.000550009
0.000171762
-0.000223074
-0.000625019
-0.00102907
-0.00142859
-0.00181051
-0.00215262
-0.00242382
-0.00258938
-0.00261985
-0.00249844
-0.00222374
-0.00180977
-0.00128356
-0.000679236
-3.01764e-05
0.000635397
0.00129358
0.00192194
0.00249714
0.00299327
0.00338172
0.00363488
0.0037325
0.00366697
0.00344483
0.00308482
0.00261384
0.00206205
0.00206205
0.00145891
0.000830927
0.000201483
-0.000408043
-0.000976703
-0.00148349
-0.00190841
-0.0022344
-0.00244923
-0.00254701
-0.00252878
-0.00240134
-0.00217452
-0.00185869
-0.00146401
-0.0010015
-0.000484854
6.81801e-05
0.000635034
0.00118865
0.00169927
0.00213769
0.00247851
0.00270244
0.00279752
0.0027599
0.00259364
0.00230891
0.00191926
0.00144012
0.000889207
0.000287972
-0.000337149
-0.000954405
-0.00152823
-0.00202297
-0.0024076
-0.00265969
-0.00276749
-0.00272993
-0.00255485
-0.00225661
-0.00185467
-0.00137292
-0.000839179
-0.000284562
0.000257156
0.000751324
0.0011659
0.00147565
0.00166535
0.00173097
0.00167889
0.00152393
0.00128636
0.000987874
0.000647961
0.000282899
-9.21801e-05
-0.000461035
-0.000805945
-0.00110862
-0.00135156
-0.00152052
-0.00160815
-0.00161659
-0.00155717
-0.00144696
-0.0013039
-0.00114228
-0.000970656
-0.000792421
-0.000608009
-0.000417524
-0.000223297
-3.12853e-05
0.000149634
0.000309915
0.00044159
0.00053971
0.000603021
0.000633716
0.00063604
0.000614254
0.000571089
0.000507429
0.000422948
0.000316925
0.000188931
3.96348e-05
-0.000128358
-0.000310175
-0.000499225
-0.000688479
-0.000871799
-0.00104415
-0.00120026
-0.00133284
-0.00143241
-0.00148894
-0.0014941
-0.0014433
-0.00133694
-0.00118107
-0.000986682
-0.000767603
-0.000537698
-0.00030878
-8.98367e-05
0.000112897
0.000295264
0.000453876
0.0005849
0.000684045
0.000747623
0.00077355
0.000761888
0.000715267
0.000639002
0.000540313
0.000426901
0.000305894
0.000183622
6.58396e-05
-4.19687e-05
-0.000134309
-0.000205581
-0.000250524
-0.000265146
-0.000247599
-0.000198542
-0.000120902
-1.91701e-05
0.000101624
0.000236933
0.000383285
0.000538351
0.000700732
0.000869642
0.0010443
0.00122301
0.00140241
0.00157717
0.00173967
0.00187901
0.00197988
0.00202279
0.00198669
0.00185358
0.00161327
0.00126721
0.00083021
0.000328814
-0.000203628
-0.000732744
-0.00122677
-0.00165843
-0.00200753
-0.00226351
-0.00242481
-0.00249491
-0.00247924
-0.00238451
-0.00221807
-0.00198624
-0.00169415
-0.0013477
-0.000955318
-0.000528346
-8.16239e-05
0.000365796
0.000791943
0.00117531
0.00149735
0.00174268
0.00189895
0.00195802
0.00191713
0.00177878
0.00154994
0.00124194
0.000870111
0.000452648
9.11071e-06
-0.000440713
-0.00087768
-0.00128423
-0.00164499
-0.00194661
-0.00217706
-0.00232501
-0.00237983
-0.00233211
-0.00217515
-0.00190751
-0.00153596
-0.00107699
-0.000556179
-5.56686e-06
0.000540661
0.00105139
0.00150243
0.00187692
0.0021627
0.00234983
0.00243008
0.00239827
0.00225449
0.00200624
0.00166938
0.00126679
0.000824883
0.000369273
-7.88727e-05
-0.000504505
-0.000898093
-0.00125322
-0.00156312
-0.00181756
-0.00200228
-0.00210133
-0.00210083
-0.00199217
-0.00177503
-0.00145966
-0.00106667
-0.000623344
-0.000158373
0.00030237
0.000738491
0.00113574
0.00148405
0.00177382
0.0019934
0.00212971
0.00217117
0.00211091
0.00194932
0.00169519
0.00136488
0.00097968
0.00056283
0.000137181
-0.000276323
-0.000659251
-0.000995414
-0.00127039
-0.0014717
-0.00158997
-0.00162053
-0.00156488
-0.00143118
-0.00123345
-0.000988989
-0.000714903
-0.000425282
-0.000130153
0.000164275
0.000454444
0.000737096
0.00100649
0.00125322
0.00146571
0.00163265
0.00174479
0.00179593
0.00178379
0.00171043
0.00158131
0.00140371
0.0011857
0.000935859
0.000663401
0.000378001
8.95446e-05
-0.000192142
-0.000457476
-0.000697078
-0.000901454
-0.00106085
-0.0011659
-0.00120895
-0.00118532
-0.0010941
-0.000938709
-0.000726996
-0.000470386
-0.00018258
0.000121514
0.000426921
0.000720124
0.000990192
0.00122875
0.00142917
0.00158585
0.0016935
0.00174677
0.00174025
0.00166881
0.00152772
0.00131311
0.00102413
0.000666215
0.000253048
-0.000194645
-0.000652349
-0.00109497
-0.00149953
-0.00184752
-0.00212618
-0.00232743
-0.00244584
-0.00247748
-0.00241978
-0.00227199
-0.00203618
-0.00171876
-0.00133133
-0.000889837
-0.000412681
8.07842e-05
0.000570323
0.000570323
0.00103352
0.00144448
0.00177473
0.00199768
0.00209533
0.00206387
0.00191508
0.00167363
0.00137167
0.00104196
0.000710712
0.000392819
9.17044e-05
-0.00019777
-0.000485431
-0.000780477
-0.00108466
-0.00138777
-0.00166857
-0.00189917
-0.00204954
-0.0020929
-0.00201306
-0.00180995
-0.00149904
-0.00110595
-0.000661319
-0.000197075
0.000257394
0.000678599
0.00104923
0.00135601
0.00158843
0.00173928
0.001805
0.00178507
0.00168205
0.00150264
0.00125792
0.000961999
0.000630307
0.000279213
-7.40207e-05
-0.00041216
-0.0007193
-0.000981321
-0.00118571
-0.00132179
-0.00138148
-0.00135988
-0.00125579
-0.00107224
-0.000816232
-0.000497619
-0.000127826
0.000280023
0.000709078
0.00113594
0.00152942
0.00185287
0.00206967
0.00214952
0.00207391
0.00184014
0.00146291
0.000971812
0.00040535
-0.000195329
-0.00079125
-0.00134989
-0.00184811
-0.00227062
-0.00260495
-0.00283811
-0.00295771
-0.00295448
-0.0028237
-0.00256687
-0.00219386
-0.00172326
-0.00117983
-0.000591027
1.53685e-05
0.000612553
0.00117455
0.00167429
0.00208185
0.00236607
0.00250054
0.00247076
0.00227803
0.00193878
0.00148086
0.000938473
0.000346634
-0.000262907
-0.000862453
-0.00142657
-0.00193026
-0.00234795
-0.00265315
-0.00281972
-0.00282597
-0.00266037
-0.00232571
-0.00183951
-0.0012306
-0.000533651
0.000215755
0.000983623
0.00173733
0.00244423
0.00307073
0.00358244
0.00394564
0.00413038
0.00411511
0.00389202
0.00347036
0.00287585
0.00214622
0.00132582
0.000461525
-0.000400409
-0.00121714
-0.00195084
-0.00256853
-0.00304175
-0.00334793
-0.00347284
-0.00341273
-0.0031758
-0.00278279
-0.00226554
-0.00166251
-0.0010124
-0.000349046
0.000300343
0.000913868
0.00147315
0.00196211
0.00236549
0.00266724
0.0028511
0.00290367
0.00281782
0.00259433
0.00224254
0.00178032
0.00123237
0.000626592
-9.1811e-06
-0.00064866
-0.00126734
-0.00184252
-0.00235286
-0.00277743
-0.00309514
-0.00328576
-0.00333265
-0.00322629
-0.00296736
-0.00256787
-0.00204989
-0.00144255
-0.000778625
-9.12827e-05
0.000588385
0.00123239
0.00181567
0.00231575
0.00271327
0.00299279
0.00314365
0.00316052
0.00304338
0.00279627
0.00242551
0.00193906
0.00134818
0.000670531
-6.70093e-05
-0.000827235
-0.00156387
-0.00222639
-0.002768
-0.0031531
-0.00336104
-0.00338619
-0.00323645
-0.00293008
-0.00249102
-0.00194513
-0.00131994
-0.000646204
4.21101e-05
0.000709809
0.00132254
0.00184888
0.00226399
0.00255369
0.00271592
0.00275831
0.00269377
0.00253691
0.00230182
0.00200102
0.00164577
0.00124783
0.000821121
0.000381793
-5.36401e-05
-0.000470248
-0.000855404
-0.00119856
-0.00149122
-0.00172687
-0.00189995
-0.00200421
-0.00203254
-0.00197921
-0.00184267
-0.00162696
-0.00134157
-0.00100067
-0.000621708
-0.000223317
0.000176931
0.000563717
0.000923612
0.0012435
0.00150886
0.00170335
0.00181031
0.00181595
0.00171281
0.00150239
0.00119616
0.000815003
0.000386492
-5.90656e-05
-0.000492504
-0.000888577
-0.00122779
-0.00149705
-0.00168844
-0.0017972
-0.00182103
-0.00176144
-0.00162444
-0.00141926
-0.00115641
-0.000846506
-0.000499773
-0.000125907
0.000265269
0.000662287
0.00105104
0.00141516
0.00173698
0.00199837
0.00218221
0.00227515
0.00227052
0.00216929
0.00197934
0.00171433
0.00139259
0.0010355
0.000665034
0.000301529
-3.76743e-05
-0.000339383
-0.000595852
-0.000805416
-0.00097143
-0.00110001
-0.00119782
-0.00127007
-0.00131865
-0.00134126
-0.0013331
-0.00128958
-0.00120763
-0.00108531
-0.000922303
-0.000721756
-0.000490883
-0.000239405
2.20243e-05
0.000281915
0.00052785
0.000747248
0.000927973
0.00105816
0.00112649
0.00112395
0.00104616
0.000895018
0.00067898
0.00041249
0.000114873
-0.000191581
-0.000484668
-0.00074565
-0.000961034
-0.00112205
-0.00122334
-0.00126233
-0.00123925
-0.00115696
-0.00102106
-0.00084038
-0.000627074
-0.000395497
-0.00016039
6.46865e-05
0.000268189
0.000440848
0.000575788
0.000668839
0.000718882
0.000718882
0.000727949
0.000701024
0.00064553
0.000570359
0.000484585
0.000396296
0.000311923
0.000236265
0.000173019
0.000125169
9.48928e-05
8.33671e-05
9.0662e-05
0.000115138
0.000152251
0.000193873
0.000229005
0.000245478
0.000231813
0.000178824
8.10884e-05
-6.12714e-05
-0.000240532
-0.000440561
-0.000639138
-0.000813083
-0.000943358
-0.00101775
-0.00103127
-0.000985484
-0.000886783
-0.00074333
-0.000562195
-0.000349067
-0.00011041
0.000144418
0.000402558
0.000648391
0.000865767
0.00104166
0.00116928
0.0012483
0.00128223
0.00127525
0.00122999
0.00114673
0.00102415
0.000861505
0.000661313
0.000431383
0.000184709
-6.27572e-05
-0.000295391
-0.000501099
-0.000673507
-0.000812147
-0.000920329
-0.00100198
-0.00105909
-0.00109054
-0.00109213
-0.00105796
-0.000982784
-0.000864082
-0.000703266
-0.000506111
-0.000282377
-4.42973e-05
0.000195477
0.000424799
0.00063133
0.000801887
0.000923497
0.000985664
0.000982339
0.000913006
0.000783039
0.00060305
0.000386993
0.000149798
-9.42799e-05
-0.00033246
-0.000554
-0.000750654
-0.000916325
-0.00104587
-0.00113416
-0.00117643
-0.00116924
-0.00111131
-0.0010038
-0.000850789
-0.000659849
-0.000442057
-0.000211049
1.87396e-05
0.000234288
0.000426145
0.000589667
0.000724791
0.000834685
0.000923928
0.00099672
0.00105571
0.00110191
0.0011354
0.00115565
0.00116147
0.00115112
0.00112271
0.00107433
0.00100398
0.000909747
0.000790802
0.00064811
0.000484376
0.000303395
0.000109867
-9.02002e-05
-0.000289425
-0.000479792
-0.000653445
-0.000802858
-0.00092068
-0.000999856
-0.00103427
-0.00101976
-0.000955112
-0.000842247
-0.000685941
-0.000493422
-0.000274019
-3.85916e-05
0.000201088
0.000432595
0.000642888
0.000818671
0.000947442
0.00101899
0.00102663
0.000967749
0.000843706
0.000659626
0.000423931
0.000147516
-0.000157015
-0.000475475
-0.000791847
-0.00108848
-0.00134732
-0.00155187
-0.00168906
-0.00175044
-0.00173247
-0.00163657
-0.00146871
-0.00123853
-0.000958246
-0.000642325
-0.000307528
2.72856e-05
0.000342349
0.000618942
0.00084134
0.000998234
0.0010837
0.0010977
0.0010456
0.000936182
0.000779339
0.000584446
0.000359862
0.000112948
-0.000149498
-0.000420184
-0.000690095
-0.000948064
-0.00118145
-0.00137741
-0.00152416
-0.00161242
-0.00163683
-0.00159653
-0.00149459
-0.00133682
-0.0011312
-0.000887504
-0.000616714
-0.000330307
-3.99893e-05
0.000242509
0.000506177
0.000741899
0.000943435
0.00110814
0.00123742
0.00133618
0.00141044
0.00146398
0.00149632
0.00150325
0.00147879
0.00141722
0.00131507
0.00117312
0.000997019
0.000795626
0.00057803
0.000351394
0.00012038
-0.000112064
-0.000342722
-0.00056574
-0.000771497
-0.000947529
-0.00108082
-0.00116038
-0.00117944
-0.00113648
-0.00103511
-0.000882974
-0.000690253
-0.000467906
-0.000226236
2.54949e-05
0.000278437
0.00052331
0.000750127
0.000948593
0.00110871
0.00122134
0.00127885
0.0012761
0.00121129
0.00108666
0.000908573
0.000687208
0.000435887
0.000170213
-9.32166e-05
-0.000338745
-0.00055358
-0.000728708
-0.000858863
-0.000942335
-0.000980713
-0.000977971
-0.000939111
-0.000869206
-0.000773012
-0.000654554
-0.000516626
-0.000360915
-0.00018902
-3.70516e-06
0.000190291
0.000385723
0.000572286
0.000736697
0.000864317
0.000941822
0.00095949
0.000912651
0.00080289
0.00063865
0.000434033
0.000206117
-2.7483e-05
-0.00025032
-0.000449069
-0.000615311
-0.000745294
-0.000837687
-0.000891727
-0.000906934
-0.00088319
-0.000820504
-0.000719523
-0.000583019
-0.000416752
-0.000228873
-2.88371e-05
0.000173369
0.000368125
0.000547262
0.000704508
0.000835012
0.000934768
0.00100054
0.00103013
0.00102264
0.00097882
0.000901473
0.000795569
0.000667887
0.000526268
0.00037885
0.000233438
9.70915e-05
-2.40619e-05
-0.000124811
-0.000200876
-0.000249259
-0.000268931
-0.000261482
-0.000231181
-0.000184248
-0.000127679
-6.82045e-05
-1.16038e-05
3.77691e-05
7.73327e-05
0.000106293
0.000125316
0.000136197
0.000141587
0.000144306
0.000145904
0.000145123
0.000137332
0.000115277
7.06551e-05
7.06551e-05
-3.8091e-06
-0.000111714
-0.00025057
-0.000411258
-0.000579873
-0.000740469
-0.000877482
-0.000977977
-0.0010335
-0.00104008
-0.00099621
-0.000901191
-0.000755501
-0.000562381
-0.000329094
-6.77345e-05
0.000204383
0.000465783
0.000694135
0.000870988
0.000985712
0.00103652
0.0010283
0.000969004
0.000866495
0.000726166
0.000549836
0.00033719
8.9558e-05
-0.000186403
-0.000477014
-0.000761821
-0.00101582
-0.00121416
-0.00133783
-0.00137747
-0.00133403
-0.00121708
-0.00104158
-0.000823474
-0.000575803
-0.000307671
-2.58009e-05
0.000263384
0.000552225
0.000830553
0.00108529
0.00130205
0.00146789
0.00157312
0.00161144
0.00157938
0.00147581
0.00130126
0.00105813
0.000752184
0.000394603
2.69541e-06
-0.000401399
-0.000793026
-0.00114783
-0.00144526
-0.00167175
-0.00182172
-0.00189554
-0.00189676
-0.00182991
-0.00169901
-0.00150667
-0.0012549
-0.000947547
-0.000592449
-0.000201903
0.000207893
0.000617985
0.00100867
0.00136185
0.00166216
0.00189648
0.00205334
0.00212336
0.0021004
0.00198236
0.00177174
0.00147635
0.00110968
0.000689979
0.000238194
-0.000224135
-0.000676356
-0.00109949
-0.00147649
-0.00179184
-0.0020309
-0.00217967
-0.00222588
-0.00216099
-0.00198248
-0.00169531
-0.00131201
-0.000851425
-0.000336836
0.000205516
0.000747434
0.00125994
0.00171479
0.00208604
0.00235173
0.00249602
0.00251119
0.00239853
0.00216737
0.0018328
0.00141343
0.000929937
0.000403877
-0.0001432
-0.000689657
-0.00121302
-0.00169017
-0.00209893
-0.00242
-0.0026386
-0.00274589
-0.00273999
-0.00262564
-0.00241284
-0.00211517
-0.00174818
-0.00132821
-0.000872103
-0.000397558
7.6281e-05
0.000528908
0.000939515
0.00128894
0.00156192
0.00174887
0.00184636
0.00185645
0.00178519
0.00164081
0.00143234
0.0011689
0.000859762
0.000515011
0.000146605
-0.00023086
-0.000600434
-0.000944175
-0.00124473
-0.00148647
-0.00165626
-0.00174402
-0.00174291
-0.00164932
-0.00146318
-0.0011887
-0.000835168
-0.000416939
4.72617e-05
0.000535178
0.001022
0.00148228
0.0018927
0.00223418
0.00249235
0.00265701
0.00272188
0.00268439
0.00254544
0.00230917
0.00198302
0.00157797
0.00110838
0.000591764
4.81797e-05
-0.000500676
-0.00103265
-0.00152609
-0.00196054
-0.00231731
-0.00258073
-0.00273941
-0.00278696
-0.00272201
-0.0025481
-0.00227384
-0.00191256
-0.00148119
-0.000998706
-0.00048465
4.17249e-05
0.000561911
0.00105833
0.00151438
0.00191454
0.00224473
0.00249269
0.0026484
0.00270475
0.00265828
0.00250946
0.00226241
0.00192485
0.00150872
0.00103079
0.000511941
-2.46619e-05
-0.000555528
-0.00105815
-0.0015121
-0.00190029
-0.00220941
-0.00242925
-0.00255138
-0.0025685
-0.0024748
-0.00226764
-0.00194976
-0.00153102
-0.00102838
-0.000464676
0.000133187
0.00073656
0.00131761
0.00185122
0.00231533
0.00269036
0.00295903
0.00310699
0.00312391
0.0030047
0.0027507
0.00237072
0.00188123
0.00130499
0.000668723
5.73949e-07
-0.000671839
-0.00132245
-0.00192717
-0.00246398
-0.00291321
-0.0032579
-0.00348458
-0.00358412
-0.00355228
-0.00338972
-0.00310182
-0.00269844
-0.00219344
-0.00160443
-0.0009525
-0.000261856
0.00044117
0.00112942
0.00177591
0.00235446
0.00284081
0.00321445
0.00346013
0.00356814
0.00353367
0.00335666
0.00304268
0.00260421
0.00206122
0.00144034
0.000772949
9.27333e-05
-0.000567067
-0.0011767
-0.00171226
-0.00215651
-0.0024983
-0.00273118
-0.00285151
-0.00285656
-0.00274417
-0.00251418
-0.0021707
-0.00172387
-0.00119095
-0.000596313
3.04287e-05
0.000658067
0.00125735
0.00180287
0.00227375
0.00265385
0.0029313
0.00309727
0.00314494
0.00306974
0.00287054
0.00255128
0.00212245
0.00160167
0.00101279
0.000383846
-0.000255437
-0.000876
-0.00145146
-0.00195927
-0.00238087
-0.00270127
-0.00290915
-0.00299749
-0.00296425
-0.00281293
-0.00255285
-0.00219894
-0.00177067
-0.0012901
-0.000779837
-0.000261534
0.000244885
0.000721235
0.00115051
0.00151644
0.00180391
0.00180391
0.00200022
0.00209652
0.00208873
0.00197818
0.001772
0.00148279
0.00112738
0.000725155
0.000296731
-0.00013696
-0.000555512
-0.000939741
-0.00127223
-0.00153792
-0.00172505
-0.0018262
-0.00183903
-0.00176647
-0.00161637
-0.00140063
-0.00113379
-0.000831579
-0.000509688
-0.000183331
0.000132682
0.000424044
0.000677541
0.000881872
0.00102841
0.00111188
0.00113081
0.00108739
0.000986527
0.000834644
0.000638676
0.000405711
0.000143277
-0.00014007
-0.00043425
-0.000727483
-0.00100659
-0.00125809
-0.00146978
-0.001632
-0.00173793
-0.00178338
-0.00176632
-0.00168635
-0.00154398
-0.0013404
-0.00107787
-0.000760579
-0.000396039
3.80892e-06
0.000422464
0.000840149
0.00123603
0.00159068
0.00188811
0.00211665
0.0022683
0.00233745
0.00232037
0.00221591
0.00202657
0.00175936
0.00142614
0.00104363
0.000632466
0.000215248
-0.000186259
-0.000553706
-0.000873549
-0.00113738
-0.00134171
-0.00148704
-0.00157626
-0.00161269
-0.00159903
-0.00153723
-0.00142903
-0.00127646
-0.00108249
-0.000851639
-0.000590012
-0.000305047
-5.41211e-06
0.000298634
0.000595296
0.000872456
0.00111931
0.00132714
0.00148907
0.00160002
0.00165675
0.00165757
0.00160146
0.00148796
0.00131816
0.00109606
0.000829423
0.000529749
0.000211345
-0.000110237
-0.000419668
-0.00070286
-0.000947691
-0.00114432
-0.00128495
-0.00136357
-0.0013761
-0.00132112
-0.00120045
-0.00101955
-0.000787481
-0.000516352
-0.00022058
8.41817e-05
0.000382258
0.000659069
0.000901832
0.00109991
0.00124503
0.00133137
0.00135566
0.00131728
0.00121844
0.00106443
0.000863553
0.000626667
0.000366267
9.53124e-05
-0.000173864
-0.000430444
-0.000665658
-0.000872776
-0.00104668
-0.0011834
-0.00128011
-0.00133528
-0.0013489
-0.0013226
-0.00125955
-0.00116436
-0.00104228
-0.0008979
-0.000733696
-0.000549587
-0.000344238
-0.000117635
0.000126573
0.000380135
0.000630901
0.000864794
0.00106857
0.00123246
0.00135142
0.00142448
0.00145287
0.00143826
0.00138141
0.0012818
0.00113874
0.000953667
0.000732446
0.000486079
0.000229601
-2.04727e-05
-0.000249131
-0.000445116
-0.00060178
-0.000716747
-0.000790841
-0.000826619
-0.000827058
-0.00079516
-0.00073446
-0.000649721
-0.00054722
-0.000434613
-0.000320204
-0.000211437
-0.00011321
-2.7254e-05
4.69052e-05
0.000110201
0.000162675
0.000202898
0.000227985
0.000234249
0.000218566
0.000179857
0.000119749
4.21204e-05
-4.79586e-05
-0.000145278
-0.00024528
-0.000344451
-0.000440067
-0.00052934
-0.000608493
-0.000672462
-0.000715415
-0.000731727
-0.000716912
-0.000668271
-0.000585271
-0.00046971
-0.000325651
-0.000159122
2.22442e-05
0.000209365
0.000391855
0.000558754
0.000700015
0.000807968
0.000877963
0.000908265
0.000899746
0.000855354
0.000779193
0.000675617
0.000548978
0.000403926
0.00024573
8.04198e-05
-8.52111e-05
-0.000243961
-0.000389116
-0.000515555
-0.000620372
-0.000702729
-0.000763194
-0.000803032
-0.000823681
-0.00082637
-0.000811814
-0.000780047
-0.000730539
-0.000662579
-0.000575763
-0.000470471
-0.000348339
-0.000212634
-6.825e-05
7.89134e-05
0.000222949
0.000358578
0.000481155
0.000586519
0.000671028
0.000731528
0.000765138
0.00076938
0.000742814
0.000685633
0.000599764
0.000488505
0.000355893
0.000206117
4.33429e-05
-0.000127921
-0.000302234
-0.000472713
-0.000630637
-0.000765229
-0.000864058
-0.000914698
-0.000907599
-0.000838911
-0.000711819
-0.000536241
-0.000327605
-0.000104729
0.000113413
0.000310964
0.000476783
0.000604165
0.000690045
0.000734449
0.000739793
0.000709928
0.00064971
0.000565262
0.00046399
0.000353726
0.000241749
0.000134629
3.85434e-05
-4.09637e-05
-9.96917e-05
-0.00013509
-0.000146183
-0.000134047
-0.000102846
-6.01961e-05
-1.61016e-05
1.90406e-05
3.65212e-05
3.07865e-05
-1.1679e-07
-5.47599e-05
-0.000128451
-0.000213377
-0.000299595
-0.000376814
-0.000435901
-0.000469611
-0.000472974
-0.000443709
-0.000382388
-0.000292139
-0.000178336
-4.87666e-05
8.62581e-05
0.000215021
0.000326571
0.000412305
0.000466116
0.000484088
0.000464514
0.000407669
0.000407669
0.000314948
0.00018812
2.94674e-05
-0.000157468
-0.000367004
-0.000590441
-0.000815408
-0.00102598
-0.00120387
-0.00133054
-0.00138992
-0.00137114
-0.00127041
-0.00109074
-0.000839875
-0.000528017
-0.000166787
0.000230977
0.000651324
0.0010788
0.00149511
0.00187795
0.00220139
0.00243837
0.00256473
0.00256344
0.00242722
0.00215866
0.00176883
0.00127536
0.000699888
6.551e-05
-0.000604348
-0.00128492
-0.001948
-0.0025607
-0.00308657
-0.00348913
-0.00373691
-0.00380828
-0.00369478
-0.00340199
-0.00294777
-0.00235817
-0.00166299
-0.000893275
-8.13992e-05
0.00073794
0.00152748
0.00224827
0.00286177
0.00333352
0.00363785
0.00376177
0.00370642
0.00348576
0.00312302
0.00264647
0.00208569
0.00146912
0.000823105
0.000172882
-0.000455778
-0.00103623
-0.00154259
-0.00195173
-0.00224486
-0.0024089
-0.00243786
-0.0023332
-0.00210283
-0.00175977
-0.00132142
-0.000809045
-0.000247283
0.000336326
0.000911711
0.00144735
0.00191244
0.00227953
0.00252683
0.00263998
0.00261341
0.00245074
0.00216375
0.00177015
0.00129135
0.000750962
0.000173974
-0.000414168
-0.0009886
-0.00152572
-0.00200371
-0.00240354
-0.00271053
-0.00291519
-0.0030131
-0.00300441
-0.00289333
-0.00268759
-0.00239771
-0.00203685
-0.00162088
-0.00116793
-0.000696995
-0.000225985
0.000229652
0.000657341
0.00104688
0.00138961
0.00167775
0.00190409
0.00206171
0.00214419
0.00214671
0.00206747
0.00190864
0.00167606
0.00137875
0.00102888
0.00064183
0.00023553
-0.000170583
-0.00055609
-0.000899681
-0.00118014
-0.00137884
-0.00148252
-0.0014852
-0.00138905
-0.00120487
-0.000951081
-0.000650761
-0.000327568
-2.59606e-06
0.000307037
0.000588469
0.000832738
0.00103355
0.00118533
0.00128202
0.0013174
0.0012863
0.00118564
0.00101535
0.000779834
0.000488858
0.000156917
-0.00019874
-0.00056002
-0.000909576
-0.0012324
-0.0015169
-0.00175456
-0.0019386
-0.0020624
-0.0021182
-0.00209654
-0.0019874
-0.00178298
-0.00148126
-0.00108859
-0.000620567
-0.000100521
0.000443948
0.000984618
0.00149495
0.00195142
0.00233432
0.00262773
0.00281841
0.00289558
0.00285279
0.00269053
0.00241787
0.00205233
0.00161843
0.00114475
0.000660509
0.000192217
-0.000238538
-0.000615265
-0.000925103
-0.00115731
-0.00130283
-0.00135463
-0.00130858
-0.00116502
-0.000930674
-0.000619445
-0.000251546
0.000148389
0.000553369
0.000935917
0.00126939
0.00152882
0.00169206
0.00174174
0.00166724
0.00146588
0.00114312
0.000713152
0.000200227
-0.000361249
-0.000929531
-0.00146084
-0.00191474
-0.00225824
-0.00246842
-0.00253388
-0.00245395
-0.00223595
-0.00189234
-0.00144001
-0.000901437
-0.000305233
0.000315055
0.000922819
0.0014805
0.00195294
0.00231165
0.00253787
0.00262313
0.00256795
0.00238028
0.00207449
0.001671
0.00119553
0.000677442
0.000147777
-0.000362255
-0.000822585
-0.00120613
-0.00149069
-0.0016602
-0.00170532
-0.00162395
-0.00142172
-0.00111178
-0.000713605
-0.000251085
0.000249244
0.000759679
0.00125286
0.00170353
0.00208999
0.00239478
0.00260452
0.0027097
0.00270471
0.0025881
0.00236241
0.00203372
0.0016112
0.00110725
0.000537569
-7.89241e-05
-0.000720369
-0.00136261
-0.00198066
-0.0025504
-0.00304954
-0.00345752
-0.00375561
-0.00392814
-0.00396429
-0.00385956
-0.00361643
-0.00324472
-0.00276118
-0.00218838
-0.00155253
-0.000881356
-0.000202716
0.000455807
0.00106722
0.00160587
0.00204855
0.00237594
0.00257437
0.0026374
0.00256661
0.00237117
0.00206635
0.00167148
0.00120801
0.000698101
0.000164152
-0.000371288
-0.000885275
-0.00135458
-0.00175667
-0.00207127
-0.00228225
-0.00237926
-0.00235901
-0.00222566
-0.0019901
-0.00166839
-0.00128002
-0.000846028
-0.000387508
7.52078e-05
0.000522755
0.000936945
0.00130119
0.001601
0.00182451
0.00196333
0.00201354
0.00197627
0.00185749
0.00166722
0.00141854
0.0011266
0.000807592
0.000477959
0.000153846
-0.0001493
-0.000417261
-0.000637849
-0.000801906
-0.000801906
-0.000904223
-0.000943944
-0.000924252
-0.000851561
-0.000734623
-0.000583697
-0.000409577
-0.000222615
-3.21766e-05
0.000153293
0.000326031
0.000478983
0.000606006
0.000701893
0.000762268
0.000783793
0.000764726
0.000705254
0.000607427
0.000475196
0.00031483
0.000135248
-5.21742e-05
-0.000234249
-0.000397138
-0.000528227
-0.000618234
-0.000662407
-0.000660256
-0.000614595
-0.000530692
-0.00041544
-0.000276276
-0.000120443
4.47399e-05
0.000211055
0.000369045
0.000508502
0.000619486
0.000693632
0.000725445
0.00071308
0.000658336
0.000566031
0.000443084
0.000297629
0.000138318
-2.61662e-05
-0.000187564
-0.00033845
-0.000472514
-0.000584704
-0.000671362
-0.00073044
-0.000761568
-0.00076564
-0.000744115
-0.000698673
-0.00063146
-0.0005454
-0.000444146
-0.000331938
-0.000213541
-9.39919e-05
2.19294e-05
0.000130034
0.000226599
0.000308029
0.000370618
0.000410492
0.000423815
0.000407361
0.000359363
0.00028042
0.000174008
4.6182e-05
-9.55236e-05
-0.000243354
-0.000390238
-0.000530263
-0.000658682
-0.000771216
-0.000863001
-0.000928091
-0.000960057
-0.000953262
-0.000904177
-0.000812356
-0.000680818
-0.000515791
-0.00032605
-0.000122058
8.50627e-05
0.000284446
0.000465922
0.000620154
0.000739031
0.000816497
0.000849252
0.00083681
0.000781
0.000685504
0.000555555
0.000397466
0.000217922
2.35674e-05
-0.000178936
-0.000382794
-0.000581091
-0.00076671
-0.00093226
-0.00107043
-0.00117468
-0.00123967
-0.00126138
-0.00123745
-0.00116779
-0.00105491
-0.000903633
-0.000720457
-0.000513125
-0.000290237
-6.06771e-05
0.000167079
0.00038547
0.000588058
0.000769513
0.000925392
0.00105179
0.00114514
0.0012024
0.00122133
0.0012008
0.00114095
0.00104344
0.000911519
0.000749732
0.000563411
0.000358403
0.000141134
-8.12424e-05
-0.000300892
-0.000509516
-0.000698677
-0.000860242
-0.000987076
-0.00107384
-0.00111739
-0.00111649
-0.0010712
-0.000982609
-0.000853051
-0.000686493
-0.000488875
-0.000268107
-3.37185e-05
0.000203708
0.000433338
0.000645116
0.000830752
0.00098423
0.00110175
0.00118131
0.00122216
0.00122426
0.00118802
0.00111442
0.0010051
0.000862572
0.000690379
0.000493372
0.000277856
5.12296e-05
-0.000178647
-0.000403868
-0.000616567
-0.000808976
-0.000973587
-0.00110314
-0.00119045
-0.00122852
-0.00121163
-0.00113683
-0.00100509
-0.000821351
-0.00059379
-0.000333088
-5.15196e-05
0.000238147
0.000523561
0.000792928
0.00103455
0.00123655
0.00138739
0.00147717
0.0014993
0.00145164
0.00133692
0.00116245
0.000939068
0.000679566
0.000397194
0.000104736
-0.000185718
-0.000462693
-0.000715245
-0.000932983
-0.00110636
-0.00122739
-0.00129071
-0.00129447
-0.00124067
-0.00113472
-0.000984514
-0.000799241
-0.000588282
-0.000360403
-0.000123545
0.000114762
0.00034668
0.000563542
0.000755815
0.000913498
0.00102684
0.00108739
0.00108936
0.00103064
0.000913088
0.000742117
0.000526174
0.000276112
4.38345e-06
-0.000275629
-0.000549786
-0.000803287
-0.00102152
-0.00119163
-0.00130372
-0.00135129
-0.00133127
-0.00124414
-0.0010937
-0.000886327
-0.000630307
-0.000335495
-1.33791e-05
0.00032289
0.000658634
0.00097812
0.00126549
0.00150604
0.00168739
0.00180053
0.00184031
0.00180559
0.00169864
0.00152439
0.00128998
0.00100482
0.000680911
0.000332654
-2.38797e-05
-0.000372048
-0.000695877
-0.000981248
-0.00121683
-0.00139454
-0.0015095
-0.00155957
-0.00154475
-0.00146678
-0.00132906
-0.00113695
-0.000898247
-0.000623531
-0.000325828
-1.98046e-05
0.000279236
0.00055639
0.000798181
0.000993302
0.0011329
0.00121065
0.00122289
0.00116892
0.00105101
0.000874351
0.000646955
0.000379562
8.53561e-05
-0.00022073
-0.000522885
-0.000805297
-0.00105303
-0.00125287
-0.001394
-0.00146829
-0.00147062
-0.00139904
-0.00125538
-0.0010457
-0.000780262
-0.00047274
-0.000138827
0.00020491
0.000541792
0.00085566
0.00113166
0.00135709
0.00152196
0.00161923
0.00164511
0.00159945
0.00148617
0.00131307
0.00109109
0.000833281
0.000553602
0.000265733
-1.78507e-05
-0.000286465
-0.000531328
-0.000531328
-0.00074532
-0.000922662
-0.00105863
-0.00114934
-0.00119169
-0.00118389
-0.00112603
-0.00102034
-0.000870759
-0.000682884
-0.000464207
-0.000224108
2.68061e-05
0.000277436
0.000516536
0.000732934
0.00091607
0.00105668
0.0011474
0.00118325
0.00116217
0.00108533
0.000957007
0.000783992
0.000574941
0.000339837
8.96265e-05
-0.000164223
-0.000410295
-0.000637716
-0.000836519
-0.000998091
-0.00111577
-0.00118532
-0.00120513
-0.00117614
-0.00110147
-0.000985926
-0.000835261
-0.000655619
-0.000453224
-0.000234511
-6.51094e-06
0.000222819
0.000444544
0.000649044
0.000826747
0.000969284
0.00107062
0.00112752
0.00113936
0.00110754
0.00103497
0.000925485
0.000783462
0.000613935
0.000423112
0.000218746
1.0086e-05
-0.000192621
-0.000378958
-0.000539295
-0.000665623
-0.000752167
-0.000795771
-0.000795942
-0.000754506
-0.000675119
-0.000562881
-0.000424043
-0.000265701
-9.55959e-05
7.79793e-05
0.000246332
0.000400764
0.000533099
0.000636233
0.000704682
0.000735081
0.000726412
0.000679792
0.000597912
0.000484381
0.000343212
0.000178598
-4.98846e-06
-0.000202404
-0.000407371
-0.00061221
-0.000808059
-0.000985561
-0.00113566
-0.0012502
-0.00132241
-0.00134752
-0.00132318
-0.00124947
-0.00112855
-0.000964403
-0.000762705
-0.000530614
-0.000276493
-9.71744e-06
0.00025938
0.000519626
0.000759422
0.000967511
0.00113394
0.00125093
0.00131358
0.00132017
0.00127235
0.00117479
0.00103466
0.000860816
0.000663143
0.000452106
0.000238139
3.09449e-05
-0.000161044
-0.000330939
-0.000473599
-0.000585709
-0.000665509
-0.000712329
-0.000726454
-0.000709431
-0.000664273
-0.00059526
-0.000507603
-0.000407226
-0.000300471
-0.000193546
-9.1973e-05
-3.70277e-07
7.7471e-05
0.000138468
0.000180295
0.000201649
0.000202556
0.000184464
0.000150004
0.000102569
4.58915e-05
-1.62806e-05
-8.04348e-05
-0.000143567
-0.000203372
-0.000258133
-0.000306333
-0.000346286
-0.000376013
-0.000393307
-0.000395924
-0.000381973
-0.000350448
-0.000301639
-0.000237226
-0.000160122
-7.42684e-05
1.56482e-05
0.000104677
0.000188126
0.00026188
0.000322541
0.000367655
0.000395943
0.000407328
0.000402767
0.000384135
0.000354135
0.000315956
0.000272785
0.000227536
0.000182903
0.000141418
0.000105298
7.62674e-05
5.54717e-05
4.33544e-05
3.94738e-05
4.2495e-05
5.05245e-05
6.16269e-05
7.42445e-05
8.73644e-05
0.000100476
0.000113496
0.000126764
0.000140957
0.00015681
0.000174781
0.00019492
0.000216877
0.000239878
0.000262608
0.000283122
0.000298879
0.000306881
0.000303958
0.000287256
0.000254864
0.000206274
0.000142313
6.46636e-05
-2.45373e-05
-0.000122768
-0.000227104
-0.000334264
-0.000440481
-0.000541054
-0.000629974
-0.000700183
-0.000744605
-0.000757595
-0.000736132
-0.000680222
-0.000592604
-0.000478275
-0.000344033
-0.000197834
-4.80507e-05
9.70424e-05
0.000229573
0.000342448
0.000429911
0.000488022
0.000514789
0.000510037
0.000475261
0.000413492
0.00032892
0.000226333
0.000110827
-1.20893e-05
-0.000136471
-0.000256205
-0.000365279
-0.000457937
-0.00052897
-0.00057418
-0.000590762
-0.000577474
-0.000534672
-0.000464196
-0.000369066
-0.000253082
-0.000120535
2.38925e-05
0.000175101
0.000327569
0.000475409
0.000612481
0.000732554
0.000829553
0.000897961
0.000933298
0.000932511
0.000894095
0.000818034
0.000705906
0.000561235
0.000389762
0.000199277
-9.41603e-07
-0.000200804
-0.000390161
-0.000559753
-0.000702169
-0.000812334
-0.000887344
-0.000926092
-0.000929015
-0.000897784
-0.000834874
-0.000743322
-0.000626809
-0.000489731
-0.000337069
-0.000174324
-7.62335e-06
0.000156296
0.000310452
0.000448072
0.000562875
0.000649325
0.000703128
0.000721842
0.000705189
0.000655002
0.000575033
0.00047067
0.000348433
0.000215288
7.80767e-05
-5.67601e-05
-0.000183323
-0.00029639
-0.000391446
-0.00046459
-0.000512533
-0.000532835
-0.00052423
-0.000486808
-0.000422085
-0.000333026
-0.000223902
-9.98981e-05
3.33545e-05
0.000170165
0.000305067
0.000433051
0.00054966
0.000650897
0.000733009
0.00079232
0.000825258
0.000828653
0.000800225
0.000739048
0.000645863
0.000523291
0.000523291
0.000375952
0.000210302
3.41463e-05
-0.000143895
-0.000314871
-0.000470189
-0.000602512
-0.000706404
-0.000778361
-0.000816597
-0.000820897
-0.000792421
-0.000733241
-0.000645914
-0.000533435
-0.00039946
-0.000248561
-8.63679e-05
8.04374e-05
0.00024449
0.000398476
0.000535874
0.00065137
0.000740958
0.000801927
0.000832699
0.000832434
0.000800644
0.000737176
0.000642701
0.000519446
0.000371741
0.000206017
3.03082e-05
-0.000146513
-0.000315621
-0.000469153
-0.000600892
-0.000706401
-0.000782679
-0.000827686
-0.000840014
-0.000818814
-0.000764057
-0.000677055
-0.00056097
-0.000421009
-0.000264189
-9.87264e-05
6.67926e-05
0.000224277
0.00036674
0.000488518
0.000585205
0.00065349
0.000690998
0.000696251
0.000668854
0.000609855
0.000522027
0.000409899
0.000279503
0.000137876
-7.56504e-06
-0.000149625
-0.000281782
-0.000398419
-0.000494835
-0.000567134
-0.000612137
-0.000627448
-0.000611689
-0.000564833
-0.000488479
-0.000385941
-0.000262076
-0.000122925
2.47162e-05
0.000173724
0.000317017
0.00044782
0.000559843
0.000647495
0.000706198
0.000732739
0.000725496
0.000684509
0.000611473
0.000509686
0.000383861
0.000239745
8.37054e-05
-7.75509e-05
-0.000237104
-0.000387885
-0.000522763
-0.000634788
-0.000717663
-0.00076637
-0.000777744
-0.000750877
-0.00068731
-0.000590904
-0.000467335
-0.000323358
-0.000166178
-3.07612e-06
0.00015881
0.000312637
0.000451881
0.000570336
0.000662341
0.000723265
0.000750013
0.000741318
0.000697846
0.00062213
0.00051829
0.000391639
0.000248311
9.49868e-05
-6.13184e-05
-0.000213433
-0.000354238
-0.000476989
-0.00057578
-0.000646035
-0.00068488
-0.000691284
-0.000666031
-0.000611533
-0.000531501
-0.000430516
-0.000313665
-0.000186377
-5.4338e-05
7.66425e-05
0.00020084
0.000312878
0.000408031
0.000482565
0.000533966
0.000561005
0.000563629
0.000542791
0.000500314
0.000438779
0.000361405
0.000271905
0.000174328
7.29436e-05
-2.79102e-05
-0.000124061
-0.00021178
-0.000288017
-0.000350503
-0.000397715
-0.000428765
-0.000443279
-0.000441291
-0.000423119
-0.000389332
-0.000340927
-0.000279636
-0.00020817
-0.000130278
-5.06157e-05
2.5585e-05
9.31002e-05
0.000147469
0.000185628
0.000206233
0.000209699
0.000198038
0.000174386
0.000142226
0.000104689
6.42629e-05
2.28156e-05
-1.83273e-05
-5.81745e-05
-9.56379e-05
-0.000129178
-0.000156887
-0.000176863
-0.000187515
-0.000187717
-0.000176996
-0.000155636
-0.000124483
-8.46222e-05
-3.72941e-05
1.59124e-05
7.2872e-05
0.000130838
0.000186392
0.000235548
0.000274258
0.000299196
0.000308354
0.000301186
0.000278461
0.000242059
0.000194658
0.000139236
7.86202e-05
1.53363e-05
-4.82717e-05
-0.000109901
-0.000167243
-0.000218022
-0.000260129
-0.0002919
-0.000312436
-0.000321759
-0.000320627
-0.000310114
-0.000291214
-0.000264641
-0.000230845
-0.000190236
-0.000143588
-9.24143e-05
-3.90662e-05
1.35463e-05
6.2375e-05
0.000104575
0.000137754
0.000160167
0.000170754
0.000168989
0.000154726
0.000128222
9.03068e-05
4.25621e-05
-1.25885e-05
-7.19336e-05
-0.000131697
-0.000187952
-0.000237176
-0.000276743
-0.000305112
-0.000321679
-0.000326504
-0.00032009
-0.000303165
-0.000276492
-0.000240865
-0.000197298
-0.000147182
-9.22382e-05
-3.43472e-05
2.46278e-05
8.29889e-05
0.000139306
0.000192403
0.00024122
0.000284647
0.000321458
0.000350431
0.000370547
0.00038118
0.000382172
0.000373826
0.000356777
0.000331749
0.000299323
0.000259925
0.000214083
0.000162746
0.000107481
5.0416e-05
-6.03508e-06
-5.95421e-05
-0.000108181
-0.000150667
-0.000186477
-0.000215733
-0.000238824
-0.000255963
-0.000266923
-0.00027103
-0.000267443
-0.000255658
-0.000235988
-0.000209744
-0.000179126
-0.000146965
-0.000116371
-9.02384e-05
-7.0777e-05
-5.92968e-05
-5.62162e-05
-6.1111e-05
-7.27636e-05
-8.93199e-05
-0.000108544
-0.000128042
-0.000145479
-0.000158884
-0.00016692
-0.000168854
-0.000164264
-0.000152848
-0.000134478
-0.00010925
-7.74019e-05
-3.93095e-05
4.33029e-06
5.23475e-05
0.000103144
0.000154833
0.000205411
0.000252981
0.000295994
0.00033333
0.000364245
0.000388285
0.000405218
0.000414951
0.000417421
0.000412526
0.000412526
0.000400126
0.000380142
0.000352695
0.000318212
0.000277416
0.000231259
0.000180893
0.000127702
7.32875e-05
1.927e-05
-3.29904e-05
-8.25909e-05
-0.000129105
-0.000172469
-0.000212791
-0.000250119
-0.00028422
-0.000314464
-0.000339814
-0.000358958
-0.000370605
-0.000373843
-0.000368324
-0.000354203
-0.000332043
-0.00030281
-0.000267819
-0.000228502
-0.000186145
-0.000141802
-9.64091e-05
-5.093e-05
-6.42131e-06
3.59894e-05
7.52042e-05
0.000110324
0.000140782
0.000166337
0.000186985
0.000202879
0.000214234
0.000221188
0.000223687
0.000221494
0.000214345
0.000202162
0.000185222
0.000164228
0.000140294
0.000114883
8.96493e-05
6.62315e-05
4.60675e-05
3.03144e-05
1.98e-05
1.49011e-05
1.54003e-05
2.04922e-05
2.89723e-05
3.94499e-05
5.04879e-05
6.07295e-05
6.90191e-05
7.44001e-05
7.6001e-05
7.2998e-05
6.47206e-05
5.07522e-05
3.09333e-05
5.36365e-06
-2.55385e-05
-6.09985e-05
-9.99102e-05
-0.000140852
-0.000182053
-0.000221338
-0.000256118
-0.000283498
-0.000300589
-0.000305049
-0.000295613
-0.000272321
-0.000236374
-0.000189878
-0.000135662
-7.70536e-05
-1.74412e-05
4.01512e-05
9.32125e-05
0.000139659
0.000177767
0.000206176
0.000223914
0.000230423
0.000225664
0.000210231
0.000185343
0.000152659
0.000114062
7.15047e-05
2.69336e-05
-1.77802e-05
-6.08769e-05
-0.000100659
-0.000135425
-0.000163514
-0.000183465
-0.000194178
-0.000194994
-0.000185718
-0.000166572
-0.000138085
-0.000100963
-5.60694e-05
-4.53763e-06
5.20309e-05
0.000111413
0.000170723
0.0002265
0.000274929
0.000312218
0.000335161
0.000341718
0.000331271
0.000304431
0.000262651
0.000207954
0.000142753
6.9672e-05
-8.52156e-06
-8.87917e-05
-0.000167676
-0.000241357
-0.000305988
-0.000358145
-0.000395228
-0.000415702
-0.000419138
-0.000406069
-0.000377724
-0.000335701
-0.000281726
-0.00021757
-0.000145151
-6.67052e-05
1.50335e-05
9.6786e-05
0.000174917
0.000245808
0.000306218
0.000353486
0.000385635
0.000401439
0.000400454
0.000382964
0.000349917
0.000302919
0.000244276
0.000176984
0.000104607
3.1061e-05
-3.96767e-05
-0.000103876
-0.000158354
-0.000200686
-0.000229235
-0.00024308
-0.000241949
-0.000226217
-0.000196909
-0.000155671
-0.000104717
-4.67604e-05
1.51314e-05
7.77635e-05
0.000138075
0.000193356
0.000241393
0.000280545
0.000309733
0.000328373
0.000336241
0.00033339
0.000320143
0.000297175
0.000265541
0.000226611
0.000181972
0.000133357
8.26019e-05
3.15976e-05
-1.77561e-05
-6.35642e-05
-0.000103926
-0.00013695
-0.00016084
-0.00017404
-0.00017541
-0.000164404
-0.000141246
-0.000107
-6.34387e-05
-1.27749e-05
4.25493e-05
9.99401e-05
0.000156687
0.000210018
0.00025714
0.000295293
0.000321914
0.000334952
0.000333175
0.00031636
0.000285264
0.000241437
0.000186967
0.000124284
5.59999e-05
-1.52217e-05
-8.67138e-05
-0.000155789
-0.000219759
-0.000276059
-0.000322434
-0.00035714
-0.000379148
-0.000388263
-0.000385122
-0.000371054
-0.000347869
-0.000317624
-0.000282448
-0.000244449
-0.000205691
-0.000168163
-0.000133746
-0.000104174
-8.09625e-05
-6.52868e-05
-5.78585e-05
-5.88771e-05
-6.80836e-05
-8.48598e-05
-0.000108294
-0.000137192
-0.000170093
-0.00020531
-0.000241011
-0.000275305
-0.000306358
-0.000332514
-0.000352393
-0.000364953
-0.000369515
-0.000365722
-0.000353429
-0.000332611
-0.000303372
-0.000266078
-0.000221546
-0.000171189
-0.000117058
-6.17256e-05
-8.06849e-06
4.10022e-05
8.2867e-05
0.000115543
0.000137883
0.000149514
0.000150644
0.00014192
0.000124343
9.917e-05
6.78381e-05
3.19791e-05
-6.54317e-06
-4.56713e-05
-8.3263e-05
-0.000117206
-0.000145528
-0.000166506
-0.000178776
-0.000181419
-0.000174038
-0.000156848
-0.000130727
-9.71502e-05
-5.80287e-05
-1.55115e-05
2.81843e-05
7.09341e-05
0.000110818
0.000146153
0.000175487
0.000197632
0.000211702
0.000217131
0.000213693
0.000201563
0.000181367
0.000154187
0.00012152
8.52035e-05
4.73164e-05
1.00483e-05
-2.44374e-05
-5.41449e-05
-7.7383e-05
-9.28618e-05
-9.97155e-05
-9.74714e-05
-8.60287e-05
-6.56714e-05
-3.70806e-05
-1.31103e-06
4.02525e-05
8.59289e-05
0.000133768
0.000181593
0.000227082
0.000267896
0.000301854
0.000301854
0.00032713
0.000342401
0.000346927
0.000340577
0.000323771
0.000297337
0.000262307
0.000219781
0.000170905
0.000116965
5.94997e-05
3.87333e-07
-5.81401e-05
-0.000113604
-0.000163447
-0.000205215
-0.000236746
-0.000256373
-0.000263061
-0.000256444
-0.000236817
-0.000205139
-0.000162989
-0.000112415
-5.57398e-05
4.57227e-06
6.59907e-05
0.000126022
0.000182367
0.000233025
0.00027632
0.000310906
0.000335805
0.000350392
0.000354356
0.000347688
0.00033069
0.000303952
0.000268336
0.000225061
0.000175853
0.000122978
6.91063e-05
1.70701e-05
-3.0354e-05
-7.06721e-05
-0.00010192
-0.000122827
-0.000132816
-0.000131897
-0.000120594
-9.99114e-05
-7.12982e-05
-3.66062e-05
1.93936e-06
4.18205e-05
8.04181e-05
0.000115278
0.000144339
0.000166036
0.00017932
0.000183659
0.00017902
0.00016579
0.000144624
0.000116371
8.21135e-05
4.32513e-05
1.54801e-06
-4.08718e-05
-8.15738e-05
-0.000117964
-0.000147545
-0.000168197
-0.000178413
-0.00017744
-0.000165294
-0.000142621
-0.000110482
-7.01915e-05
-2.32912e-05
2.8398e-05
8.27103e-05
0.000137055
0.000188357
0.000233159
0.000267981
0.000289849
0.00029678
0.000288013
0.000263903
0.000225651
0.000175052
0.000114304
4.58661e-05
-2.75878e-05
-0.000103018
-0.000176816
-0.000244821
-0.000302672
-0.00034641
-0.000373065
-0.000381019
-0.000370091
-0.000341422
-0.000297228
-0.000240394
-0.000174044
-0.000101273
-2.51011e-05
5.14762e-05
0.000125442
0.000193766
0.000253493
0.000301962
0.000337131
0.000357848
0.000363928
0.000356025
0.000335437
0.000303918
0.00026351
0.000216404
0.000164892
0.000111403
5.85098e-05
8.83115e-06
-3.51585e-05
-7.13541e-05
-9.82002e-05
-0.000114778
-0.000120788
-0.000116454
-0.000102396
-7.95201e-05
-4.89642e-05
-1.21246e-05
2.92503e-05
7.29586e-05
0.000116294
0.000156099
0.00018898
0.000211713
0.000221743
0.000217573
0.000198947
0.000166853
0.000123361
7.1241e-05
1.34218e-05
-4.74543e-05
-0.000109181
-0.000169944
-0.000228238
-0.000282733
-0.000332047
-0.000374546
-0.000408378
-0.000431671
-0.000442766
-0.000440479
-0.000424428
-0.000395223
-0.000354382
-0.000304065
-0.000246855
-0.000185569
-0.000123017
-6.17882e-05
-4.21936e-06
4.75263e-05
9.1446e-05
0.000125778
0.000149091
0.000160377
0.00015919
0.000145765
0.000121023
8.64801e-05
4.41054e-05
-3.81693e-06
-5.4828e-05
-0.000106377
-0.000155829
-0.000200463
-0.000237544
-0.000264496
-0.000279168
-0.000280144
-0.000267039
-0.000240663
-0.00020294
-0.000156598
-0.000104763
-5.05733e-05
3.15804e-06
5.41477e-05
0.0001006
0.000140973
0.000173822
0.000197863
0.000212139
0.000216156
0.00021001
0.000194505
0.000171106
0.000141715
0.000108371
7.30289e-05
3.74412e-05
3.10594e-06
-2.8725e-05
-5.70142e-05
-8.08995e-05
-9.96609e-05
-0.000112735
-0.0001198
-0.000120862
-0.000116279
-0.000106702
-9.29939e-05
-7.61575e-05
-5.72599e-05
-3.7356e-05
-1.7407e-05
1.7853e-06
1.96084e-05
3.56275e-05
4.955e-05
6.11824e-05
7.03835e-05
7.7026e-05
8.09944e-05
8.22365e-05
8.08434e-05
7.7093e-05
7.14257e-05
6.43915e-05
5.66026e-05
4.86749e-05
4.11539e-05
3.44707e-05
2.89506e-05
2.48503e-05
2.23926e-05
2.17845e-05
2.32095e-05
2.67935e-05
3.25779e-05
4.05228e-05
5.05437e-05
6.25698e-05
7.65965e-05
9.26809e-05
0.00011082
0.000130704
0.000151449
0.000171471
0.000188615
0.000200496
0.000204967
0.000200619
0.000187133
0.000165269
0.000136488
0.00010249
6.4915e-05
2.51623e-05
-1.57277e-05
-5.69995e-05
-9.7883e-05
-0.000137328
-0.000173975
-0.000206283
-0.000232687
-0.000251799
-0.000262596
-0.000264495
-0.000257325
-0.000241313
-0.000217102
-0.000185709
-0.000148396
-0.000106562
-6.1739e-05
-1.56258e-05
2.99841e-05
7.33563e-05
0.000112958
0.000147559
0.000176275
0.000198528
0.00021393
0.000222162
0.000222928
0.000215961
0.000201097
0.000178464
0.000148715
0.00011314
7.35501e-05
3.20251e-05
-9.32052e-06
-4.85215e-05
-8.39263e-05
-0.000114296
-0.000138772
-0.000156762
-0.000167849
-0.000171772
-0.000168441
-0.000157988
-0.000140826
-0.000117658
-8.94217e-05
-5.72061e-05
-2.22074e-05
1.42713e-05
5.08347e-05
8.60262e-05
0.000118335
0.000146197
0.000146197
0.000168068
0.000182606
0.000188884
0.000186535
0.000175833
0.000157689
0.000133552
0.000105174
7.43593e-05
4.28063e-05
1.20402e-05
-1.66194e-05
-4.20747e-05
-6.34179e-05
-7.99077e-05
-9.10522e-05
-9.67564e-05
-9.73808e-05
-9.36522e-05
-8.65181e-05
-7.70277e-05
-6.62303e-05
-5.50723e-05
-4.43423e-05
-3.47096e-05
-2.68174e-05
-2.13366e-05
-1.89279e-05
-2.01274e-05
-2.51911e-05
-3.39404e-05
-4.56719e-05
-5.91998e-05
-7.30542e-05
-8.57801e-05
-9.62345e-05
-0.000103772
-0.000108239
-0.000109807
-0.000108771
-0.000105421
-9.99714e-05
-9.2506e-05
-8.30169e-05
-7.15645e-05
-5.84224e-05
-4.40922e-05
-2.92285e-05
-1.45417e-05
-6.89195e-07
1.1826e-05
2.26867e-05
3.17109e-05
3.87804e-05
4.38009e-05
4.66975e-05
4.74292e-05
4.60249e-05
4.26377e-05
3.75857e-05
3.13411e-05
2.44649e-05
1.75147e-05
1.09575e-05
5.09699e-06
2.77017e-08
-4.37264e-06
-8.4087e-06
-1.24974e-05
-1.707e-05
-2.24623e-05
-2.88265e-05
-3.6115e-05
-4.41578e-05
-5.278e-05
-6.18694e-05
-7.13669e-05
-8.12421e-05
-9.14866e-05
-0.000102083
-0.000112941
-0.000123865
-0.000134587
-0.000144823
-0.000154322
-0.000162893
-0.000170408
-0.00017677
-0.000181862
-0.000185556
-0.000187759
-0.000188462
-0.000187754
-0.000185819
-0.000182946
-0.000179507
-0.000175892
-0.000172418
-0.000169276
-0.000166481
-0.000163847
-0.000160976
-0.000157322
-0.000152281
-0.000145277
-0.000135789
-0.000123345
-0.000107545
-8.81024e-05
-6.49167e-05
-3.81464e-05
-8.31369e-06
2.36279e-05
5.63549e-05
8.83894e-05
0.000118361
0.000145173
0.000168042
0.000186439
0.000200028
0.000208563
0.000211827
0.00020961
0.000201795
0.000188455
0.000169941
0.000146903
0.000120249
9.10437e-05
6.03721e-05
2.92398e-05
-1.4615e-06
-3.09443e-05
-5.85046e-05
-8.35043e-05
-0.000105357
-0.000123525
-0.000137551
-0.000147105
-0.000152012
-0.000152202
-0.000147588
-0.000137959
-0.000123
-0.000102468
-7.64342e-05
-4.54458e-05
-1.05748e-05
2.66078e-05
6.41455e-05
9.99511e-05
0.000132147
0.000159308
0.000180501
0.000195199
0.000203183
0.000204468
0.000199218
0.000187711
0.000170401
0.000148041
0.000121719
9.28106e-05
6.28723e-05
3.35141e-05
6.24062e-06
-1.76853e-05
-3.72906e-05
-5.18712e-05
-6.09591e-05
-6.43024e-05
-6.18591e-05
-5.38181e-05
-4.06384e-05
-2.30679e-05
-2.11492e-06
2.10222e-05
4.50524e-05
6.86978e-05
9.07887e-05
0.000110323
0.000126483
0.000138626
0.000146271
0.000149127
0.000147136
0.000140535
0.000129904
0.000116173
0.000100555
8.43895e-05
6.89496e-05
5.52845e-05
4.41571e-05
3.60747e-05
3.13536e-05
3.01625e-05
3.25518e-05
3.84817e-05
4.78078e-05
6.01908e-05
7.49952e-05
9.12742e-05
0.000107866
0.00012356
0.000137269
0.000148156
0.000155664
0.000159493
0.00015953
0.00015577
0.000148246
0.000137009
0.000122175
0.000104024
8.30658e-05
6.00617e-05
3.59644e-05
1.18063e-05
-1.14279e-05
-3.28991e-05
-5.19524e-05
-6.80995e-05
-8.09699e-05
-9.02492e-05
-9.56231e-05
-9.67662e-05
-9.34032e-05
-8.54303e-05
-7.30266e-05
-5.66895e-05
-3.71765e-05
-1.53935e-05
7.72861e-06
3.1335e-05
5.46977e-05
7.7191e-05
9.82083e-05
0.000117084
0.000133078
0.000145448
0.000153571
0.000157084
0.000155972
0.000150572
0.000141516
0.000129624
0.000115776
0.000100786
8.53511e-05
7.00619e-05
5.54442e-05
4.19857e-05
3.01509e-05
2.03643e-05
1.29382e-05
7.95894e-06
5.1778e-06
3.958e-06
3.32296e-06
2.14188e-06
-5.53531e-07
-5.2211e-06
-1.16099e-05
-1.88618e-05
-2.58857e-05
-3.17819e-05
-3.60917e-05
-3.88391e-05
-4.04658e-05
-4.16747e-05
-4.31507e-05
-4.52832e-05
-4.80986e-05
-5.14033e-05
-5.49596e-05
-5.86128e-05
-6.24031e-05
-6.66048e-05
-7.16033e-05
-7.76827e-05
-8.48959e-05
-9.30617e-05
-0.000101817
-0.000110685
-0.000119158
-0.000126744
-0.000132951
-0.000137223
-0.00013894
-0.00013748
-0.000132323
-0.000123164
-0.000110021
-9.32902e-05
-7.36848e-05
-5.20727e-05
-2.93483e-05
-6.38274e-06
1.59874e-05
3.69624e-05
5.57526e-05
7.15489e-05
8.356e-05
9.11252e-05
9.38418e-05
9.1653e-05
8.48737e-05
7.41469e-05
6.03539e-05
4.45114e-05
2.76596e-05
1.07607e-05
-5.34432e-06
-1.99082e-05
-3.22407e-05
-4.17108e-05
-4.77761e-05
-5.00272e-05
-4.82533e-05
-4.25155e-05
-3.31868e-05
-3.31868e-05
-2.09376e-05
-6.67555e-06
8.53379e-06
2.35447e-05
3.71951e-05
4.83703e-05
5.60881e-05
5.95987e-05
5.84577e-05
5.2538e-05
4.2e-05
2.72776e-05
9.08442e-06
-1.16281e-05
-3.37984e-05
-5.63904e-05
-7.84559e-05
-9.91449e-05
-0.000117722
-0.000133579
-0.000146222
-0.000155253
-0.000160376
-0.000161416
-0.000158335
-0.000151223
-0.000140291
-0.000125838
-0.000108216
-8.77753e-05
-6.48296e-05
-3.96894e-05
-1.27358e-05
1.55158e-05
4.44031e-05
7.31277e-05
0.000100751
0.000126191
0.000148271
0.00016582
0.000177789
0.000183361
0.000182065
0.000173904
0.000159389
0.000139447
0.000115233
8.79904e-05
5.89875e-05
2.94777e-05
6.27918e-07
-2.65049e-05
-5.09437e-05
-7.18012e-05
-8.83667e-05
-0.000100204
-0.000107211
-0.000109655
-0.00010815
-0.000103536
-9.66938e-05
-8.83651e-05
-7.90466e-05
-6.89699e-05
-5.81636e-05
-4.65577e-05
-3.41153e-05
-2.09903e-05
-7.63637e-06
5.24895e-06
1.69357e-05
2.68573e-05
3.46739e-05
4.02584e-05
4.36732e-05
4.51028e-05
4.47223e-05
4.25952e-05
3.86778e-05
3.29013e-05
2.52767e-05
1.59949e-05
5.47701e-06
-5.67013e-06
-1.67703e-05
-2.71937e-05
-3.64307e-05
-4.41157e-05
-5.00059e-05
-5.39247e-05
-5.57049e-05
-5.51742e-05
-5.21971e-05
-4.67471e-05
-3.89737e-05
-2.9244e-05
-1.81523e-05
-6.4766e-06
4.9242e-06
1.5234e-05
2.37776e-05
3.00728e-05
3.38352e-05
3.49459e-05
3.33985e-05
2.9254e-05
2.26258e-05
1.37107e-05
2.84753e-06
-9.44796e-06
-2.25072e-05
-3.55763e-05
-4.78965e-05
-5.87856e-05
-6.77112e-05
-7.43282e-05
-7.84648e-05
-8.00737e-05
-7.91831e-05
-7.58779e-05
-7.03205e-05
-6.28014e-05
-5.37947e-05
-4.39813e-05
-3.42144e-05
-2.5426e-05
-1.84946e-05
-1.41066e-05
-1.26591e-05
-1.42493e-05
-1.87382e-05
-2.58175e-05
-3.50397e-05
-4.58477e-05
-5.76351e-05
-6.97958e-05
-8.17237e-05
-9.27857e-05
-0.000102316
-0.000109629
-0.000114043
-0.000114916
-0.000111715
-0.000104097
-9.19856e-05
-7.5606e-05
-5.54887e-05
-3.24274e-05
-7.41301e-06
1.8426e-05
4.3859e-05
6.76105e-05
8.84732e-05
0.000105431
0.000117723
0.000124867
0.000126681
0.000123307
0.000115175
0.000102953
8.74854e-05
6.97613e-05
5.08652e-05
3.18896e-05
1.3836e-05
-2.44784e-06
-1.6291e-05
-2.72157e-05
-3.4941e-05
-3.93373e-05
-4.03534e-05
-3.79914e-05
-3.23485e-05
-2.36566e-05
-1.22789e-05
1.30772e-06
1.65237e-05
3.2729e-05
4.93113e-05
6.57644e-05
8.16988e-05
9.67888e-05
0.000110707
0.000123092
0.00013355
0.000141682
0.000147096
0.00014944
0.000148482
0.000144189
0.000136757
0.000126579
0.000114202
0.000100281
8.55154e-05
7.05917e-05
5.61432e-05
4.2742e-05
3.08996e-05
2.10627e-05
1.36015e-05
8.79466e-06
6.8101e-06
7.67959e-06
1.12822e-05
1.73536e-05
2.55155e-05
3.53026e-05
4.61829e-05
5.75802e-05
6.88914e-05
7.94884e-05
8.87131e-05
9.58921e-05
0.000100385
0.000101656
9.93683e-05
9.34609e-05
8.4198e-05
7.21451e-05
5.80883e-05
4.29281e-05
2.7573e-05
1.28356e-05
-6.46139e-07
-1.2414e-05
-2.21234e-05
-2.9483e-05
-3.42613e-05
-3.63316e-05
-3.57049e-05
-3.25551e-05
-2.72448e-05
-2.03012e-05
-1.23123e-05
-3.80168e-06
4.83902e-06
1.33424e-05
2.15148e-05
2.91736e-05
3.60908e-05
4.19581e-05
4.63938e-05
4.90042e-05
4.94753e-05
4.76324e-05
4.34433e-05
3.70003e-05
2.85049e-05
1.82424e-05
6.54506e-06
-6.21966e-06
-1.9624e-05
-3.31509e-05
-4.62036e-05
-5.81547e-05
-6.84141e-05
-7.64983e-05
-8.20918e-05
-8.50838e-05
-8.55582e-05
-8.37484e-05
-7.99932e-05
-7.47188e-05
-6.84317e-05
-6.16942e-05
-5.50812e-05
-4.91453e-05
-4.44009e-05
-4.13066e-05
-4.02292e-05
-4.14112e-05
-4.49645e-05
-5.08843e-05
-5.90672e-05
-6.93278e-05
-8.14088e-05
-9.49716e-05
-0.00010957
-0.000124623
-0.000139393
-0.000152955
-0.000164218
-0.000172036
-0.000175404
-0.000173649
-0.000166522
-0.000154194
-0.000137219
-0.000116486
-9.31257e-05
-6.83642e-05
-4.33975e-05
-1.93378e-05
2.80864e-06
2.21767e-05
3.80684e-05
4.99413e-05
5.7391e-05
6.0178e-05
5.82786e-05
5.18978e-05
4.14414e-05
2.74934e-05
1.08034e-05
-7.75597e-06
-2.72556e-05
-4.67572e-05
-6.53366e-05
-8.21158e-05
-9.63022e-05
-0.000107215
-0.0001143
-0.000117155
-0.000115568
-0.000109533
-9.92411e-05
-8.50534e-05
-6.74605e-05
-4.70347e-05
-2.43864e-05
-1.50106e-07
-1.50106e-07
2.49973e-05
5.0312e-05
7.49701e-05
9.80638e-05
0.000118617
0.000135655
0.000148312
0.000155946
0.000158212
0.000155122
0.000147055
0.0001347
0.000118951
0.000100819
8.14235e-05
6.19754e-05
4.37041e-05
2.77401e-05
1.49954e-05
6.04243e-06
1.00207e-06
-4.83786e-07
8.71185e-07
4.22525e-06
8.81097e-06
1.40341e-05
1.94945e-05
2.49699e-05
3.0347e-05
3.55033e-05
4.02273e-05
4.42522e-05
4.73478e-05
4.93662e-05
5.02347e-05
4.9956e-05
4.86075e-05
4.62795e-05
4.29722e-05
3.85571e-05
3.28413e-05
2.56759e-05
1.70441e-05
7.12516e-06
-3.67414e-06
-1.47469e-05
-2.53868e-05
-3.49259e-05
-4.28516e-05
-4.88612e-05
-5.28597e-05
-5.4929e-05
-5.52856e-05
-5.42368e-05
-5.21779e-05
-4.96479e-05
-4.73748e-05
-4.62068e-05
-4.69264e-05
-5.00545e-05
-5.57232e-05
-6.36143e-05
-7.29768e-05
-8.2792e-05
-9.20695e-05
-0.000100106
-0.000106554
-0.000111341
-0.000114539
-0.000116232
-0.000116376
-0.000114732
-0.000110942
-0.00010472
-9.60189e-05
-8.51301e-05
-7.26736e-05
-5.95002e-05
-4.65087e-05
-3.44597e-05
-2.38772e-05
-1.50484e-05
-8.08087e-06
-2.98774e-06
2.29566e-07
1.55953e-06
1.05299e-06
-1.05726e-06
-4.2729e-06
-7.83346e-06
-1.08139e-05
-1.22907e-05
-1.1522e-05
-8.07559e-06
-1.85691e-06
6.97236e-06
1.81383e-05
3.13716e-05
4.64363e-05
6.30763e-05
8.09075e-05
9.92713e-05
0.000117099
0.000132902
0.000144974
0.000151745
0.000152145
0.000145796
0.000132961
0.000114348
9.09192e-05
6.37229e-05
3.37532e-05
1.89375e-06
-3.09745e-05
-6.37889e-05
-9.52013e-05
-0.000123632
-0.000147461
-0.000165303
-0.000176239
-0.000179932
-0.000176609
-0.000166935
-0.000151831
-0.000132295
-0.000109287
-8.37285e-05
-5.65785e-05
-2.89211e-05
-1.99974e-06
2.28336e-05
4.42512e-05
6.11351e-05
7.27551e-05
7.88741e-05
7.97445e-05
7.6009e-05
6.8542e-05
5.82777e-05
4.60809e-05
3.26942e-05
1.877e-05
4.95276e-06
-8.05499e-06
-1.95099e-05
-2.87251e-05
-3.51747e-05
-3.85476e-05
-3.87572e-05
-3.59251e-05
-3.03256e-05
-2.22948e-05
-1.21526e-05
-1.72725e-07
1.34016e-05
2.83174e-05
4.42623e-05
6.08246e-05
7.74782e-05
9.36096e-05
0.000108596
0.000121905
0.000133153
0.000142091
0.000148564
0.000152478
0.000153772
0.000152402
0.000148378
0.000141826
0.000133046
0.000122529
0.000110921
9.89405e-05
8.72857e-05
7.6547e-05
6.71537e-05
5.93572e-05
5.32572e-05
4.88587e-05
4.61283e-05
4.50263e-05
4.55139e-05
4.75339e-05
5.09682e-05
5.55931e-05
6.10685e-05
6.69731e-05
7.28578e-05
7.82861e-05
8.28661e-05
8.62778e-05
8.82828e-05
8.87116e-05
8.74517e-05
8.44486e-05
7.97112e-05
7.33173e-05
6.54268e-05
5.62947e-05
4.6262e-05
3.57274e-05
2.51215e-05
1.48824e-05
5.42195e-06
-2.90733e-06
-9.82959e-06
-1.51482e-05
-1.87447e-05
-2.05746e-05
-2.06608e-05
-1.90955e-05
-1.60435e-05
-1.17359e-05
-6.45533e-06
-5.16341e-07
5.76201e-06
1.20923e-05
1.82505e-05
2.40902e-05
2.95331e-05
3.45385e-05
3.90657e-05
4.30409e-05
4.63362e-05
4.87656e-05
5.00998e-05
5.00867e-05
4.84622e-05
4.49719e-05
3.94354e-05
3.18269e-05
2.2303e-05
1.11586e-05
-1.22918e-06
-1.44292e-05
-2.79812e-05
-4.14404e-05
-5.44029e-05
-6.6485e-05
-7.72757e-05
-8.63046e-05
-9.30459e-05
-9.69685e-05
-9.76301e-05
-9.478e-05
-8.84225e-05
-7.88186e-05
-6.64385e-05
-5.18804e-05
-3.57622e-05
-1.86234e-05
-8.93773e-07
1.70549e-05
3.48259e-05
5.19391e-05
6.78106e-05
8.17764e-05
9.31658e-05
0.000101413
0.000106177
0.00010744
0.000105551
0.000101181
9.52111e-05
8.86056e-05
8.22692e-05
7.69235e-05
7.30512e-05
7.0915e-05
7.0577e-05
7.18621e-05
7.43233e-05
7.72932e-05
8.00122e-05
8.17553e-05
8.19226e-05
8.01151e-05
7.61927e-05
7.02597e-05
6.25494e-05
5.32813e-05
4.25988e-05
3.05986e-05
1.73811e-05
3.09782e-06
-1.19713e-05
-2.7343e-05
-4.23402e-05
-5.61968e-05
-6.81945e-05
-7.77969e-05
-8.47559e-05
-8.91442e-05
-9.1298e-05
-9.17171e-05
-9.09517e-05
-8.94751e-05
-8.75798e-05
-8.5351e-05
-8.27234e-05
-7.95779e-05
-7.58524e-05
-7.16413e-05
-6.72256e-05
-6.30014e-05
-5.93633e-05
-5.6625e-05
-5.49871e-05
-5.45193e-05
-5.51641e-05
-5.67903e-05
-5.92612e-05
-6.2462e-05
-6.6285e-05
-7.06006e-05
-7.52228e-05
-7.98755e-05
-8.41954e-05
-8.77945e-05
-9.0348e-05
-9.0348e-05
-9.16549e-05
-9.16511e-05
-9.03904e-05
-8.80158e-05
-8.47325e-05
-8.07775e-05
-7.63922e-05
-7.18117e-05
-6.72718e-05
-6.30189e-05
-5.93149e-05
-5.64268e-05
-5.4582e-05
-5.3889e-05
-5.42889e-05
-5.56005e-05
-5.762e-05
-6.01499e-05
-6.29336e-05
-6.56273e-05
-6.78858e-05
-6.94493e-05
-7.01424e-05
-6.98587e-05
-6.85875e-05
-6.64225e-05
-6.35255e-05
-6.0107e-05
-5.64166e-05
-5.26898e-05
-4.90856e-05
-4.56881e-05
-4.25629e-05
-3.97947e-05
-3.74857e-05
-3.57377e-05
-3.46382e-05
-3.42444e-05
-3.45596e-05
-3.55119e-05
-3.6947e-05
-3.86352e-05
-4.0295e-05
-4.16424e-05
-4.24521e-05
-4.25846e-05
-4.1969e-05
-4.0572e-05
-3.83779e-05
-3.53757e-05
-3.15453e-05
-2.686e-05
-2.13097e-05
-1.49316e-05
-7.82981e-06
-1.79364e-07
7.78984e-06
1.58258e-05
2.36848e-05
3.11396e-05
3.79679e-05
4.39287e-05
4.87335e-05
5.20271e-05
5.3413e-05
5.25364e-05
4.91884e-05
4.3373e-05
3.53099e-05
2.53973e-05
1.41716e-05
2.26953e-06
-9.61918e-06
-2.07915e-05
-3.05451e-05
-3.81937e-05
-4.3129e-05
-4.49249e-05
-4.34262e-05
-3.87774e-05
-3.13973e-05
-2.19221e-05
-1.11188e-05
2.40752e-07
1.15059e-05
2.21969e-05
3.19555e-05
4.04688e-05
4.74349e-05
5.25592e-05
5.55627e-05
5.62279e-05
5.44906e-05
5.05129e-05
4.46796e-05
3.75294e-05
2.96626e-05
2.16514e-05
1.39679e-05
6.95384e-06
8.33407e-07
-4.26009e-06
-8.26702e-06
-1.11959e-05
-1.31254e-05
-1.42082e-05
-1.46601e-05
-1.47215e-05
-1.46112e-05
-1.45022e-05
-1.45253e-05
-1.47655e-05
-1.52368e-05
-1.58641e-05
-1.65009e-05
-1.69661e-05
-1.70768e-05
-1.6682e-05
-1.57068e-05
-1.41926e-05
-1.23063e-05
-1.03073e-05
-8.48634e-06
-7.10568e-06
-6.35711e-06
-6.33204e-06
-7.00876e-06
-8.27873e-06
-9.99818e-06
-1.20145e-05
-1.41581e-05
-1.62446e-05
-1.81045e-05
-1.9606e-05
-2.06617e-05
-2.12462e-05
-2.14312e-05
-2.14036e-05
-2.14344e-05
-2.18102e-05
-2.27614e-05
-2.44073e-05
-2.6721e-05
-2.952e-05
-3.24952e-05
-3.52785e-05
-3.75184e-05
-3.89342e-05
-3.93524e-05
-3.87278e-05
-3.71295e-05
-3.46802e-05
-3.14899e-05
-2.76357e-05
-2.31835e-05
-1.82125e-05
-1.28291e-05
-7.18828e-06
-1.51342e-06
3.9138e-06
8.79457e-06
1.28655e-05
1.59491e-05
1.79959e-05
1.91124e-05
1.95713e-05
1.98023e-05
2.03497e-05
2.17803e-05
2.4564e-05
2.89792e-05
3.5067e-05
4.26125e-05
5.11484e-05
6.00271e-05
6.85657e-05
7.61899e-05
8.25043e-05
8.73017e-05
9.05477e-05
9.23299e-05
9.27642e-05
9.19142e-05
8.97892e-05
8.63994e-05
8.17993e-05
7.61014e-05
6.94832e-05
6.21757e-05
5.44037e-05
4.63152e-05
3.79708e-05
2.94029e-05
2.06826e-05
1.19512e-05
3.43606e-06
-4.53221e-06
-1.15264e-05
-1.70844e-05
-2.08028e-05
-2.2412e-05
-2.18095e-05
-1.90674e-05
-1.44144e-05
-8.18642e-06
-7.59651e-07
7.48825e-06
1.61677e-05
2.48422e-05
3.30066e-05
4.00911e-05
4.54847e-05
4.85919e-05
4.89267e-05
4.62074e-05
4.0409e-05
3.17608e-05
2.06966e-05
7.78379e-06
-6.32412e-06
-2.08893e-05
-3.50876e-05
-4.80533e-05
-5.89567e-05
-6.70753e-05
-7.18514e-05
-7.29541e-05
-7.03334e-05
-6.42314e-05
-5.51343e-05
-4.36909e-05
-3.06323e-05
-1.67022e-05
-2.59055e-06
1.11022e-05
2.38436e-05
3.51234e-05
4.44472e-05
5.1374e-05
5.55512e-05
5.67379e-05
5.48413e-05
4.99582e-05
4.2381e-05
3.25607e-05
2.10627e-05
8.52815e-06
-4.37168e-06
-1.69794e-05
-2.86776e-05
-3.89032e-05
-4.71692e-05
-5.30929e-05
-5.64098e-05
-5.69734e-05
-5.47565e-05
-4.98662e-05
-4.25528e-05
-3.31948e-05
-2.22676e-05
-1.03153e-05
2.07726e-06
1.43242e-05
2.58814e-05
3.62755e-05
4.51232e-05
5.21507e-05
5.72131e-05
6.02952e-05
6.1487e-05
6.09462e-05
5.88688e-05
5.54826e-05
5.10535e-05
4.58828e-05
4.02967e-05
3.46362e-05
2.92436e-05
2.44315e-05
2.04313e-05
1.73409e-05
1.50945e-05
1.34815e-05
1.22173e-05
1.10279e-05
9.70699e-06
8.1414e-06
6.3152e-06
4.28253e-06
2.10769e-06
-1.87706e-07
-2.62389e-06
-5.20932e-06
-7.87053e-06
-1.03925e-05
-1.23867e-05
-1.33143e-05
-1.25884e-05
-9.73227e-06
-4.53258e-06
2.88326e-06
1.20754e-05
2.23826e-05
3.29888e-05
4.29442e-05
5.12154e-05
5.68161e-05
5.8952e-05
5.70983e-05
5.10275e-05
4.08631e-05
2.71599e-05
1.09444e-05
-6.31873e-06
-2.2817e-05
-3.65498e-05
-4.5607e-05
-4.85354e-05
-4.4624e-05
-3.39421e-05
-1.71866e-05
4.4264e-06
4.4264e-06
2.91497e-05
5.47757e-05
7.89408e-05
9.95206e-05
0.000114909
0.000124177
0.000127181
0.000124524
0.000117252
0.000106416
9.27408e-05
7.65184e-05
5.76202e-05
3.55736e-05
9.79427e-06
-1.99982e-05
-5.34153e-05
-8.93015e-05
-0.000125799
-0.000160397
-0.000190057
-0.0002116
-0.000222236
-0.000219992
-0.000204025
-0.000174921
-0.000134815
-8.70538e-05
-3.55386e-05
1.58477e-05
6.36041e-05
0.000104975
0.000138242
0.000162582
0.000177565
0.000182844
0.000178292
0.000164251
0.000141634
0.000112027
7.77651e-05
4.1729e-05
6.79197e-06
-2.47503e-05
-5.15118e-05
-7.30821e-05
-8.98595e-05
-0.000102672
-0.000112274
-0.000118873
-0.000121897
-0.000120183
-0.000112512
-9.81553e-05
-7.72123e-05
-5.07535e-05
-2.07857e-05
1.01119e-05
3.93969e-05
6.50555e-05
8.5774e-05
0.000100921
0.000110447
0.000114625
0.000113711
0.000107785
9.68615e-05
8.10914e-05
6.0868e-05
3.69042e-05
1.02877e-05
-1.75956e-05
-4.52746e-05
-7.1384e-05
-9.47319e-05
-0.000114303
-0.00012925
-0.000138854
-0.0001425
-0.00013974
-0.000130439
-0.000114883
-9.37765e-05
-6.81913e-05
-3.95001e-05
-9.28754e-06
2.07843e-05
4.90858e-05
7.40544e-05
9.42189e-05
0.000108303
0.000115396
0.000115103
0.000107617
9.37051e-05
7.46072e-05
5.18766e-05
2.7143e-05
1.87243e-06
-2.27505e-05
-4.57713e-05
-6.63606e-05
-8.37756e-05
-9.73625e-05
-0.000106556
-0.000110922
-0.000110276
-0.000104763
-9.48431e-05
-8.11986e-05
-6.46422e-05
-4.60298e-05
-2.61849e-05
-5.87086e-06
1.41841e-05
3.32362e-05
5.04935e-05
6.51409e-05
7.64232e-05
8.37445e-05
8.67365e-05
8.52956e-05
7.95933e-05
7.00436e-05
5.723e-05
4.18273e-05
2.45499e-05
6.12957e-06
-1.26903e-05
-3.11503e-05
-4.84756e-05
-6.39014e-05
-7.67245e-05
-8.63614e-05
-9.23889e-05
-9.4565e-05
-9.2832e-05
-8.73031e-05
-7.824e-05
-6.60381e-05
-5.12217e-05
-3.44346e-05
-1.64172e-05
2.02262e-06
2.00416e-05
3.68004e-05
5.15161e-05
6.35134e-05
7.22535e-05
7.73456e-05
7.85615e-05
7.58582e-05
6.93882e-05
5.94893e-05
4.66665e-05
3.15767e-05
1.50042e-05
-2.18137e-06
-1.90822e-05
-3.48329e-05
-4.86551e-05
-5.99047e-05
-6.81081e-05
-7.298e-05
-7.44172e-05
-7.24775e-05
-6.73597e-05
-5.93838e-05
-4.89692e-05
-3.66124e-05
-2.28724e-05
-8.36083e-06
6.27771e-06
2.0396e-05
3.33764e-05
4.4657e-05
5.37511e-05
6.02669e-05
6.39322e-05
6.4615e-05
6.23281e-05
5.72232e-05
4.95851e-05
3.98182e-05
2.84175e-05
1.59355e-05
2.95797e-06
-9.92014e-06
-2.21251e-05
-3.313e-05
-4.2469e-05
-4.97519e-05
-5.46839e-05
-5.70816e-05
-5.68808e-05
-5.41377e-05
-4.90269e-05
-4.18325e-05
-3.29303e-05
-2.27644e-05
-1.18239e-05
-6.19279e-07
1.03414e-05
2.05749e-05
2.96425e-05
3.71662e-05
4.28396e-05
4.6435e-05
4.78178e-05
4.69619e-05
4.39522e-05
3.89697e-05
3.22797e-05
2.42248e-05
1.52098e-05
5.67587e-06
-3.92399e-06
-1.31462e-05
-2.15773e-05
-2.88513e-05
-3.46588e-05
-3.87546e-05
-4.09728e-05
-4.12416e-05
-3.95882e-05
-3.61284e-05
-3.10543e-05
-2.46272e-05
-1.71691e-05
-9.04434e-06
-6.36923e-07
7.66879e-06
1.5503e-05
2.2523e-05
2.84243e-05
3.29541e-05
3.5927e-05
3.72364e-05
3.68547e-05
3.48305e-05
3.12874e-05
2.64167e-05
2.04648e-05
1.37214e-05
6.50942e-06
-8.30971e-07
-7.96277e-06
-1.45668e-05
-2.03499e-05
-2.50576e-05
-2.84898e-05
-3.05137e-05
-3.10654e-05
-3.01486e-05
-2.78322e-05
-2.4247e-05
-1.95798e-05
-1.40627e-05
-7.96058e-06
-1.55917e-06
4.84658e-06
1.0965e-05
1.65204e-05
2.12669e-05
2.5004e-05
2.75842e-05
2.89124e-05
2.89492e-05
2.7717e-05
2.52972e-05
2.1822e-05
1.74697e-05
1.24575e-05
7.02692e-06
1.43156e-06
-4.06874e-06
-9.22079e-06
-1.37974e-05
-1.76048e-05
-2.04809e-05
-2.23048e-05
-2.30125e-05
-2.2599e-05
-2.11071e-05
-1.8621e-05
-1.52672e-05
-1.12117e-05
-6.65143e-06
-1.80551e-06
3.09507e-06
7.82176e-06
1.21636e-05
1.59351e-05
1.89783e-05
2.11669e-05
2.24157e-05
2.26838e-05
2.19756e-05
2.03401e-05
1.78697e-05
1.46926e-05
1.09665e-05
6.87327e-06
2.61064e-06
-1.62087e-06
-5.62775e-06
-9.23163e-06
-1.22787e-05
-1.4646e-05
-1.62415e-05
-1.7004e-05
-1.69085e-05
-1.59728e-05
-1.42554e-05
-1.18494e-05
-8.87712e-06
-5.48595e-06
-1.84116e-06
1.88474e-06
5.52035e-06
8.90245e-06
1.18834e-05
1.18834e-05
1.43372e-05
1.61625e-05
1.72864e-05
1.76685e-05
1.73032e-05
1.62207e-05
1.62207e-05
