3.35766e-10
1.10736e-09
-3.1323e-09
-3.07553e-08
-1.26605e-07
-4.03303e-07
-1.05569e-06
-2.20666e-06
-3.63906e-06
-4.79542e-06
-5.2428e-06
-5.09878e-06
-4.80917e-06
-4.59798e-06
-4.38996e-06
-4.1503e-06
-3.95911e-06
-3.79825e-06
-3.5425e-06
-3.12595e-06
-2.55498e-06
-1.8666e-06
-1.20338e-06
-8.136e-07
-8.73021e-07
-1.36222e-06
-2.13631e-06
-3.05642e-06
-4.0572e-06
-5.14048e-06
-6.33292e-06
-7.65756e-06
-9.13596e-06
-1.07847e-05
-1.25831e-05
-1.44441e-05
-1.62258e-05
-1.77817e-05
-1.90133e-05
-1.98928e-05
-2.04535e-05
-2.07508e-05
-2.08108e-05
-2.0607e-05
-2.00836e-05
-1.91909e-05
-1.78959e-05
-1.61822e-05
-1.40612e-05
-1.15813e-05
-8.81776e-06
-5.84797e-06
-2.72559e-06
5.33738e-07
3.94449e-06
7.5238e-06
1.12681e-05
1.51477e-05
1.91115e-05
2.3096e-05
2.70454e-05
3.09295e-05
3.47415e-05
3.84907e-05
4.22057e-05
4.59333e-05
4.97151e-05
5.35605e-05
5.74444e-05
6.13243e-05
6.51535e-05
6.88702e-05
7.23746e-05
7.55225e-05
7.81441e-05
8.00695e-05
8.11465e-05
8.12599e-05
8.03469e-05
7.83921e-05
7.54034e-05
7.1389e-05
6.634e-05
6.02172e-05
5.2953e-05
4.44833e-05
3.47915e-05
2.3937e-05
1.20625e-05
-6.15444e-07
-1.38407e-05
-2.73789e-05
-4.10754e-05
-5.48759e-05
-6.88015e-05
-8.28993e-05
-9.71923e-05
-0.000111639
-0.00012611
-0.000140382
-0.000154171
-0.000167183
-0.000179158
-0.000189903
-0.000199295
-0.000207262
-0.000213758
-0.00021875
-0.000222223
-0.000224182
-0.000224626
-0.000223514
-0.000220747
-0.000216152
-0.000209511
-0.00020062
-0.000189394
-0.00017593
-0.000160533
-0.000143672
-0.00012588
-0.000107615
-8.91647e-05
-7.06286e-05
-5.19356e-05
-3.28638e-05
-1.30782e-05
7.80493e-06
3.01646e-05
5.4356e-05
8.0686e-05
0.00010934
0.000140304
0.000173358
0.000208152
0.000244244
0.000281075
0.000317941
0.000353972
0.000388109
0.000419062
0.000445349
0.000465432
0.000477899
0.000481629
0.000475893
0.000460381
0.000435183
0.000400664
0.00035718
0.000304667
0.000242393
0.000169118
8.37087e-05
-1.39366e-05
-0.00012191
-0.00023575
-0.00034883
-0.000453609
-0.000543109
-0.00061209
-0.000657881
-0.000680638
-0.000682616
-0.000666714
-0.000635374
-0.000590369
-0.000533021
-0.000464457
-0.000386102
-0.000300308
-0.000210475
-0.000120474
-3.38446e-05
4.68184e-05
0.000120281
0.000186797
0.000247727
0.000304781
0.000359336
0.000412149
0.000463383
0.00051265
0.000558886
0.00060017
0.000633862
0.000657298
0.000668714
0.000667884
0.000656432
0.000638085
0.000618673
0.000605256
0.000604395
0.000620514
0.000655256
0.000707758
0.000775404
0.000854992
0.000944112
0.00104194
0.00114865
0.00126367
0.00138324
0.00149776
0.00158969
0.00163351
0.00159906
0.00145878
0.00119721
0.000819009
0.000350323
-0.000167544
-0.000688046
-0.00116881
-0.00157966
-0.0019077
-0.00215537
-0.00233173
-0.00244415
-0.00249545
-0.00248444
-0.00240736
-0.00226148
-0.00205079
-0.00178898
-0.00149721
-0.00119892
-0.000915037
-0.000660195
-0.000440736
-0.000255916
-0.000102246
2.16758e-05
0.00011276
0.000164441
0.000170047
0.000126638
3.78462e-05
-8.51235e-05
-0.000224824
-0.00036108
-0.000475325
-0.00055388
-0.000589126
-0.000578648
-0.000522955
-0.000422732
-0.000277034
-8.35049e-05
0.000159703
0.00045168
0.000787317
0.00115711
0.00154817
0.0019462
0.00233756
0.00271049
0.00305499
0.00336176
0.0036209
0.00382126
0.00395109
0.00400021
0.00396231
0.00383619
0.00362491
0.00333378
0.00296799
0.00253036
0.00201826
0.00141962
0.000710404
-0.000139893
-0.00114957
-0.0022981
-0.00351048
-0.00466901
-0.00564685
-0.0063409
-0.00669084
-0.00668787
-0.0063734
-0.0058197
-0.00509805
-0.00425682
-0.00331951
-0.00229259
-0.00117622
1.86708e-05
0.00125359
0.00246163
0.00356397
0.00448922
0.0051862
0.00563092
0.00582726
0.00579898
0.0055761
0.00518294
0.0046308
0.00391453
0.00301367
0.00190393
0.000582668
-0.000900265
-0.00242906
-0.00384395
-0.00498906
-0.00575509
-0.00609862
-0.00604349
-0.00566898
-0.00507882
-0.00435913
-0.00355287
-0.00266434
-0.00168071
-0.00059722
0.000557245
0.00170535
0.00273422
0.00273422
0.0035318
0.00402132
0.00417424
0.00400233
0.00354054
0.00283078
0.00191117
0.000812563
-0.000434913
-0.00178503
-0.00315917
-0.00444489
-0.00551239
-0.00624023
-0.00654249
-0.0063903
-0.00581861
-0.00491274
-0.00378223
-0.00253504
-0.00125963
-1.68763e-05
0.00115693
0.00223703
0.00319474
0.00398922
0.00457076
0.00489282
0.00492615
0.00466921
0.00415129
0.00342737
0.00256639
0.0016372
0.000697824
-0.000208499
-0.00105102
-0.00180639
-0.002453
-0.00296633
-0.00331806
-0.00348149
-0.00344063
-0.00319659
-0.00276817
-0.00218831
-0.00149858
-0.000742825
3.75634e-05
0.000803834
0.00151614
0.00213036
0.00259926
0.00287943
0.00294244
0.00278592
0.0024372
0.00194571
0.00136873
0.000759011
0.000157625
-0.000409736
-0.000932196
-0.00140616
-0.00182431
-0.00216968
-0.00241762
-0.00254191
-0.00252215
-0.00235246
-0.00204855
-0.0016489
-0.00120953
-0.000793365
-0.00045442
-0.000220975
-8.69563e-05
-1.7793e-05
3.31015e-05
0.000105898
0.000220807
0.000374191
0.0005459
0.000712517
0.000858001
0.000978362
0.00108098
0.00117648
0.00126152
0.00130065
0.00122479
0.000957028
0.000455605
-0.00025401
-0.00107928
-0.0018889
-0.00255077
-0.00296751
-0.00310176
-0.00297839
-0.00266114
-0.0022221
-0.00172333
-0.00120948
-0.000705107
-0.000219494
0.000241584
0.000668836
0.0010528
0.00138839
0.00167282
0.00190135
0.00206754
0.00216645
0.00219442
0.00214599
0.002015
0.00180269
0.00152495
0.00121136
0.000897974
0.000618658
0.000396275
0.000235911
0.000125737
4.64949e-05
-1.76931e-05
-7.41038e-05
-0.000121542
-0.000152624
-0.000157189
-0.000126672
-5.78742e-05
4.5882e-05
0.000177043
0.000328394
0.000496893
0.000683924
0.000891701
0.00111786
0.00135063
0.00156671
0.00173359
0.00181605
0.00178494
0.00162553
0.00134265
0.000960422
0.000516747
5.56174e-05
-0.000380315
-0.000756529
-0.00105142
-0.00125569
-0.00136634
-0.00138045
-0.00129339
-0.00110029
-0.000797964
-0.000387498
0.000122463
0.000713749
0.00135935
0.00202502
0.00266995
0.00324672
0.00370268
0.00398457
0.00404858
0.0038743
0.00347516
0.00289661
0.00220191
0.00145506
0.000708059
-8.13134e-06
-0.000687373
-0.00134045
-0.00197678
-0.00258849
-0.00314611
-0.00360329
-0.00390752
-0.00401624
-0.00391213
-0.00360732
-0.00313586
-0.00254237
-0.00187151
-0.00115868
-0.000425045
0.000318866
0.00106367
0.0017929
0.00248039
0.00309272
0.00359588
0.00396407
0.00418689
0.00427077
0.00423432
0.00410085
0.00389113
0.00361892
0.0032907
0.00290979
0.00248209
0.00201915
0.00153641
0.00104716
0.000555039
4.9729e-05
-0.000488512
-0.00107364
-0.00169468
-0.00230513
-0.00282989
-0.00318866
-0.00332558
-0.00323022
-0.00294073
-0.00253141
-0.00209263
-0.00170751
-0.00142903
-0.00126874
-0.00120537
-0.00120511
-0.0012383
-0.0012877
-0.00135143
-0.00143898
-0.00155798
-0.0017
-0.00183739
-0.00193245
-0.00195003
-0.00186728
-0.00167994
-0.00140422
-0.00107044
-0.000709662
-0.000341108
3.2932e-05
0.000424516
0.000852528
0.00133175
0.00186095
0.00241496
0.00294457
0.00338391
0.00366511
0.00373993
0.00360201
0.00329502
0.00289615
0.0024841
0.00211273
0.00180148
0.00153708
0.00128275
0.000997875
0.000662389
0.000289105
-8.23073e-05
-0.000399652
-0.000613062
-0.000691144
-0.000634893
-0.000481156
-0.000294957
-0.000155512
-0.000136295
-0.00028075
-0.00058551
-0.00100361
-0.00146669
-0.00191469
-0.00232057
-0.00269822
-0.00308725
-0.00352463
-0.00402329
-0.00456691
-0.00511416
-0.00560708
-0.00598457
-0.00619745
-0.00621484
-0.00601993
-0.00560383
-0.00496361
-0.00410173
-0.00302555
-0.00175225
-0.000320414
0.00120226
0.00272459
0.00414669
0.00537394
0.00632789
0.00695574
0.00723417
0.00716316
0.00675454
0.00602423
0.0049921
0.00368758
0.00215782
0.000473353
-0.00127359
-0.00297836
-0.00453642
-0.00585569
-0.00686623
-0.00752389
-0.00780665
-0.0077082
-0.0072334
-0.00639698
-0.00522527
-0.00376208
-0.00376208
-0.0020775
-0.000272219
0.00153119
0.00321197
0.00467915
0.00588646
0.00682661
0.00751381
0.00796673
0.00819502
0.00819095
0.00793296
0.00740169
0.00659726
0.00554796
0.00431121
0.00296816
0.00160882
0.000311386
-0.000872376
-0.0019191
-0.0028268
-0.00360407
-0.00425816
-0.00478631
-0.00517458
-0.00540336
-0.00545462
-0.00531842
-0.00499837
-0.00451385
-0.0038964
-0.00318237
-0.00240743
-0.00160467
-0.00080376
-3.04521e-05
0.00069177
0.001339
0.00188745
0.00231751
0.00261727
0.00278333
0.0028197
0.00273497
0.00253725
0.00222946
0.0018094
0.00127486
0.000630853
-0.000103526
-0.000890039
-0.00167147
-0.00238005
-0.00295126
-0.00333579
-0.00350632
-0.00346054
-0.00322
-0.0028225
-0.00231091
-0.00172609
-0.00110547
-0.000482297
0.000115968
0.000666495
0.00114746
0.00153725
0.0018174
0.00197461
0.00200051
0.00189264
0.00165749
0.00131187
0.000880792
0.00039517
-0.000109276
-0.000593738
-0.00101952
-0.00135063
-0.00155508
-0.00160671
-0.00148812
-0.00119298
-0.000726949
-0.000108633
0.000629247
0.0014411
0.00227345
0.00307159
0.00378496
0.00437081
0.0047978
0.00504889
0.00512092
0.00502018
0.00475668
0.00434035
0.00377912
0.00307787
0.00223978
0.00127209
0.000193579
-0.000961211
-0.00214224
-0.00328704
-0.00432708
-0.0051983
-0.00585137
-0.00625559
-0.00639702
-0.00627568
-0.00590351
-0.00530126
-0.00449635
-0.00352446
-0.00243216
-0.00127534
-0.000113233
0.000997288
0.00200542
0.00287002
0.00356269
0.00406706
0.0043739
0.00447644
0.00436956
0.00405132
0.00352525
0.00280375
0.00191296
0.00089542
-0.000192162
-0.00128497
-0.00231695
-0.00322721
-0.00396549
-0.00449504
-0.00479193
-0.00484259
-0.00464249
-0.00419686
-0.00352185
-0.00264529
-0.00160675
-0.000456258
0.000749619
0.00195376
0.00310401
0.00415559
0.00507048
0.00581531
0.00635935
0.0066734
0.00673107
0.00651346
0.00601518
0.00524825
0.00424253
0.00304391
0.00171044
0.00030546
-0.00111072
-0.0024863
-0.00377855
-0.00495004
-0.00596338
-0.00677775
-0.00735019
-0.00764186
-0.00762581
-0.00729309
-0.00665563
-0.00574516
-0.00460814
-0.00329858
-0.00187153
-0.000379114
0.00113039
0.00261069
0.00401457
0.00529258
0.00639508
0.00727667
0.00790154
0.00824824
0.00831264
0.00810754
0.00765869
0.00699821
0.00615751
0.00516223
0.00403157
0.00278241
0.00143747
3.43202e-05
-0.00136937
-0.00269911
-0.00387501
-0.0048254
-0.00549767
-0.0058656
-0.0059324
-0.00572626
-0.00528989
-0.00467097
-0.00391787
-0.00307722
-0.00219166
-0.00130052
-0.000443155
0.000340663
0.0010156
0.00155567
0.00194491
0.00217605
0.00224997
0.00217479
0.00196296
0.00162861
0.00118787
0.000661252
7.51061e-05
-0.000539457
-0.0011492
-0.00172208
-0.00223078
-0.00265511
-0.00298188
-0.00320202
-0.00330667
-0.00328452
-0.00312213
-0.00280805
-0.00233885
-0.00172411
-0.000987719
-0.000165829
0.000698476
0.00156249
0.00239037
0.00315552
0.00383885
0.00442541
0.00490111
0.0052505
0.00545688
0.00550536
0.005387
0.0051016
0.00465837
0.00407469
0.0033735
0.00258028
0.00172153
0.000825517
-7.58918e-05
-0.000946496
-0.00174729
-0.0024398
-0.00299098
-0.00337921
-0.00359933
-0.00366362
-0.00359752
-0.00343303
-0.00320171
-0.0029282
-0.00262646
-0.0023019
-0.00195808
-0.00160222
-0.00124649
-0.000907164
-0.00060319
-0.000352734
-0.000167811
-5.07468e-05
5.1703e-06
1.24922e-05
-1.39809e-05
-6.06415e-05
-0.000117534
-0.000178415
-0.00023877
-0.000293991
-0.000339
-0.000368778
-0.00037906
-0.000367082
-0.00033197
-0.000273986
-0.000192878
-8.68014e-05
4.71079e-05
0.00021069
0.000401557
0.000609382
0.000814237
0.000989953
0.00111147
0.00116114
0.00113064
0.00101979
0.000834364
0.000583377
0.000276664
-7.56573e-05
-0.000462203
-0.000869826
-0.00128382
-0.00168755
-0.00206202
-0.00238717
-0.00264525
-0.00282365
-0.00291577
-0.00291984
-0.00283698
-0.00266944
-0.00241926
-0.00208771
-0.00208771
-0.0016758
-0.00118658
-0.000629194
-2.3543e-05
0.000596986
0.00118787
0.0017017
0.00209912
0.00235714
0.0024722
0.00245875
0.00234456
0.00216215
0.0019387
0.00168983
0.00142068
0.00113154
0.000823815
0.000504847
0.000190766
-9.50755e-05
-0.000328336
-0.000490542
-0.000572761
-0.000576074
-0.000510171
-0.000390018
-0.000231111
-4.58135e-05
0.000157286
0.000371712
0.000591003
0.00080715
0.00101004
0.00118836
0.00133162
0.00143229
0.00148713
0.00149746
0.00146836
0.00140635
0.00131685
0.00120272
0.00106456
0.000902268
0.000716894
0.000512381
0.00029654
8.06045e-05
-0.000122872
-0.000302874
-0.000451932
-0.000566486
-0.000646155
-0.000692657
-0.000708623
-0.000696633
-0.000658949
-0.00059784
-0.000515786
-0.00041539
-0.000299485
-0.000171587
-3.65165e-05
9.84706e-05
0.000221229
0.000311577
0.000340457
0.000274599
8.68668e-05
-0.000231472
-0.000662743
-0.00116447
-0.00168082
-0.0021574
-0.00255178
-0.00283815
-0.00300887
-0.00307211
-0.00304289
-0.00293142
-0.0027377
-0.0024549
-0.00207612
-0.00160057
-0.00103885
-0.00041518
0.000236394
0.000880089
0.00148502
0.00202818
0.00249485
0.00287651
0.00316618
0.00335365
0.00342488
0.00336635
0.00317154
0.00284618
0.0024107
0.00189905
0.00135303
0.000813283
0.000310867
-0.000136796
-0.000524592
-0.000854436
-0.00112765
-0.00133772
-0.00146771
-0.0014947
-0.00139836
-0.00116909
-0.000812732
-0.000351136
0.000182248
0.000750306
0.00131893
0.00185793
0.00233588
0.00271216
0.00293151
0.00292775
0.00264174
0.00204903
0.00118165
0.000127714
-0.000993954
-0.00206877
-0.00301243
-0.00378334
-0.00438505
-0.00485557
-0.00523943
-0.00555519
-0.00578056
-0.00586161
-0.00573513
-0.00535451
-0.00471296
-0.00385206
-0.00284755
-0.00178189
-0.000720905
0.000297792
0.00126568
0.00219382
0.00309516
0.00396724
0.00478415
0.00550028
0.00606233
0.00642294
0.00654951
0.00642643
0.00605521
0.00545596
0.00466728
0.0037407
0.00273225
0.00169623
0.000681606
-0.000271191
-0.00113147
-0.001876
-0.00248671
-0.00295138
-0.00326444
-0.00342516
-0.00343632
-0.00330593
-0.00304888
-0.00268525
-0.0022373
-0.0017277
-0.0011786
-0.000610552
-4.28162e-05
0.000504498
0.00100857
0.00144507
0.00179234
0.00203611
0.00217229
0.00220705
0.00215487
0.00203354
0.00185542
0.00161732
0.0012958
0.000855153
0.000268883
-0.000455876
-0.00126823
-0.00208521
-0.00281529
-0.00337971
-0.00372804
-0.00384769
-0.00376101
-0.00350821
-0.00312734
-0.00264343
-0.00206778
-0.00140513
-0.000669144
0.000100636
0.000834791
0.00144978
0.00187528
0.00207798
0.00207029
0.00190146
0.00163767
0.00133984
0.00104551
0.000760542
0.000466656
0.000141661
-0.000220384
-0.00059914
-0.000948746
-0.00120841
-0.00132193
-0.00125819
-0.00102034
-0.000640431
-0.000166267
0.000352705
0.000876995
0.00138241
0.00185657
0.0022898
0.00266719
0.00296561
0.00315608
0.00321066
0.00311208
0.00286092
0.00247512
0.00198263
0.00141346
0.000796272
0.00015888
-0.000469962
-0.00105887
-0.00157339
-0.00197798
-0.00224043
-0.00233746
-0.00226134
-0.00202572
-0.00166606
-0.00123118
-0.000769519
-0.000317185
0.000107349
0.000501302
0.000869422
0.0012125
0.00151863
0.00176237
0.00191104
0.00193393
0.00181171
0.00154446
0.00115438
0.00068031
0.000166814
-0.000346477
-0.000831458
-0.00127246
-0.00166121
-0.00198896
-0.00224112
-0.00239714
-0.00243467
-0.00233528
-0.0020905
-0.00170625
-0.00120433
-0.000620295
1.27957e-06
0.000612357
0.00116647
0.00162238
0.00194678
0.00211708
0.00212376
0.00197117
0.00167645
0.00126791
0.000781593
0.000253254
-0.000291764
-0.000842528
-0.00139661
-0.00194971
-0.00248704
-0.00297802
-0.00337619
-0.00362787
-0.00368691
-0.00352655
-0.00314415
-0.00256124
-0.00181969
-0.000971382
-6.52279e-05
0.000859858
0.00177319
0.00264693
0.00345124
0.00415053
0.00470285
0.00506598
0.00520814
0.00511698
0.00480227
0.00429264
0.00362861
0.00285469
0.00285469
0.00201295
0.00113981
0.000266164
-0.000580081
-0.00137093
-0.00207722
-0.0026703
-0.00312513
-0.00342361
-0.00355737
-0.00352884
-0.00334914
-0.00303347
-0.00259672
-0.00205216
-0.00141339
-0.000697548
7.20913e-05
0.000864633
0.00164183
0.00236089
0.00297947
0.00346083
0.00377719
0.00391158
0.00385918
0.00362699
0.00323062
0.00268962
0.00202486
0.00125939
0.000421085
-0.000454526
-0.00132307
-0.00213333
-0.00283309
-0.00337679
-0.00373188
-0.0038821
-0.00382714
-0.00357926
-0.00315936
-0.00259463
-0.00191786
-0.00116699
-0.000384981
0.000380604
0.00107992
0.00166615
0.0021022
0.00236585
0.00245172
0.00237009
0.00214394
0.00180409
0.00138263
0.000906796
0.000397817
-0.000125197
-0.000641109
-0.00112571
-0.00155276
-0.0018959
-0.00213287
-0.00225165
-0.00225522
-0.00216133
-0.00199706
-0.00179043
-0.00156299
-0.00132642
-0.00108375
-0.000833177
-0.000572611
-0.000304108
-3.6107e-05
0.000217848
0.000442906
0.000626684
0.000761716
0.000846555
0.000885296
0.000885202
0.000853273
0.000793703
0.000707503
0.000593644
0.000450352
0.000276186
7.1377e-05
-0.000160703
-0.000412914
-0.000675293
-0.000937455
-0.00119107
-0.00143018
-0.00164862
-0.00183676
-0.00198082
-0.00206545
-0.00207748
-0.00200921
-0.00186062
-0.00164049
-0.00136539
-0.00105622
-0.000733601
-0.000414594
-0.00011149
0.000167918
0.000419022
0.000638012
0.000819796
0.000958023
0.00104687
0.00108273
0.00106524
0.000998029
0.000888946
0.000748746
0.00058871
0.000418906
0.000247873
8.3124e-05
-6.81821e-05
-0.000198602
-0.000300145
-0.000364965
-0.000386926
-0.000363121
-0.000294535
-0.000185695
-4.35194e-05
0.000124346
0.000311159
0.000511988
0.000723774
0.000944979
0.00117508
0.00141361
0.00165872
0.00190627
0.00214968
0.00237958
0.00258199
0.00273588
0.00281276
0.00278046
0.00261024
0.00228477
0.00180452
0.00119075
0.000482861
-0.000269769
-0.00101684
-0.0017123
-0.00231678
-0.00280163
-0.00315313
-0.00337108
-0.00346232
-0.00343587
-0.00330205
-0.00307148
-0.00275262
-0.00235151
-0.00187494
-0.0013332
-0.000740949
-0.000118389
0.000507381
0.00110458
0.0016423
0.0020944
0.00243933
0.00265971
0.00274395
0.00268814
0.00249574
0.0021765
0.00174629
0.00122672
0.00064354
2.4359e-05
-0.000602977
-0.00121169
-0.00177748
-0.00227954
-0.00270022
-0.0030237
-0.00323482
-0.00331871
-0.00326121
-0.00305099
-0.00268371
-0.00216699
-0.00152335
-0.000789671
-1.32714e-05
0.000755223
0.00147063
0.00209954
0.00262034
0.00301831
0.0032807
0.00339556
0.00335397
0.00315408
0.00280517
0.00232968
0.00176129
0.00113946
0.000502204
-0.000119993
-0.000706928
-0.00124765
-0.00173633
-0.00216617
-0.00252397
-0.00278902
-0.00293695
-0.00294558
-0.00280018
-0.00249842
-0.00205451
-0.00149902
-0.000872928
-0.000219167
0.000424498
0.00102987
0.00157923
0.00206149
0.00246547
0.00277529
0.00297133
0.00303506
0.00295474
0.00272972
0.00237247
0.00190702
0.00136469
0.000779213
0.00018305
-0.000394836
-0.000929543
-0.00139935
-0.0017845
-0.00206715
-0.00223315
-0.00227487
-0.00219372
-0.00200149
-0.00171918
-0.00137299
-0.000988527
-0.000586302
-0.000179999
0.000223169
0.000620428
0.00100931
0.00138284
0.00172764
0.00202638
0.00226202
0.00242063
0.00249296
0.00247586
0.00237275
0.00219203
0.00194442
0.00164125
0.00129434
0.000916268
0.000520374
0.000120292
-0.000270534
-0.000639186
-0.00097313
-0.00125947
-0.00148447
-0.00163448
-0.00169807
-0.00166795
-0.00154229
-0.00132572
-0.0010294
-0.000669688
-0.000266259
0.000159411
0.000585803
0.000993779
0.00136836
0.00169858
0.00197607
0.00219376
0.00234482
0.00242217
0.00241855
0.00232681
0.00213954
0.0018496
0.00145352
0.000957314
0.000379962
-0.000248381
-0.000891637
-0.00151295
-0.00207899
-0.00256386
-0.00295072
-0.00322984
-0.003395
-0.00344129
-0.00336478
-0.00316336
-0.00283867
-0.00239896
-0.00186059
-0.00124652
-0.000582747
0.000104565
0.000789007
0.000789007
0.00144093
0.00202414
0.00249643
0.00281653
0.00295536
0.00290572
0.002685
0.002331
0.00189338
0.00142261
0.000958365
0.000522099
0.000116931
-0.000267803
-0.000650592
-0.00104915
-0.00146928
-0.00189757
-0.00230289
-0.002643
-0.00287138
-0.00294584
-0.00284057
-0.00255518
-0.00211335
-0.00155407
-0.000923194
-0.000267651
0.000370504
0.000958955
0.00147492
0.0019012
0.0022239
0.0024333
0.0025244
0.00249613
0.00235158
0.0020999
0.00175682
0.00134231
0.000877981
0.000386622
-0.000107641
-0.000580738
-0.00101065
-0.00137799
-0.00166551
-0.00185828
-0.00194466
-0.00191734
-0.00177443
-0.00152044
-0.00116583
-0.000724702
-0.000212181
0.000355577
0.000957767
0.00156352
0.00212902
0.00260056
0.00292311
0.0030503
0.00295313
0.00262649
0.00209199
0.00139392
0.000589795
-0.000259417
-0.00109682
-0.00187662
-0.0025686
-0.00315482
-0.00362051
-0.00394841
-0.00412054
-0.00412233
-0.00394526
-0.00358987
-0.00306951
-0.00241105
-0.00165065
-0.00082799
1.80957e-05
0.00085179
0.00163936
0.00234486
0.00292594
0.00333592
0.00353363
0.00349572
0.00322343
0.00274154
0.00209229
0.00132679
0.00049591
-0.000356109
-0.00119241
-0.00198011
-0.00268678
-0.00327809
-0.00371656
-0.00396312
-0.00398384
-0.00375962
-0.00329351
-0.00261157
-0.00175706
-0.000781069
0.000265702
0.00133665
0.00238834
0.0033775
0.00425881
0.00498441
0.00550568
0.00577769
0.00576689
0.00545991
0.00486943
0.00403304
0.00300598
0.00185246
0.000639371
-0.000568239
-0.00171113
-0.00273771
-0.00360294
-0.00426722
-0.00469816
-0.00487428
-0.00478864
-0.00445179
-0.00389338
-0.00316024
-0.00230932
-0.00139725
-0.000471963
0.000429635
0.00127906
0.00205304
0.00273134
0.00329404
0.00371873
0.00398129
0.00406107
0.00394631
0.00363698
0.00314593
0.00249905
0.00173236
0.000886204
7.97202e-08
-0.000889564
-0.00174951
-0.00254957
-0.00326159
-0.00385744
-0.00430762
-0.00458249
-0.00465652
-0.00451416
-0.0041551
-0.00359627
-0.00286977
-0.00201807
-0.00108854
-0.000128287
0.000819479
0.00171658
0.00252901
0.00322603
0.0037806
0.00417093
0.00438201
0.00440683
0.00424637
0.00390736
0.00339874
0.00273013
0.00191435
0.000972766
-5.95049e-05
-0.00113083
-0.00217428
-0.0031152
-0.00388402
-0.00442843
-0.00471912
-0.00474972
-0.00453393
-0.00410003
-0.00348302
-0.00271876
-0.00184433
-0.000901307
6.35198e-05
0.00100074
0.00186105
0.0025985
0.00317639
0.00357436
0.00379092
0.00383933
0.00374035
0.0035162
0.00318696
0.00276919
0.00227692
0.00172506
0.00113247
0.000522031
-8.24968e-05
-0.000659877
-0.00119254
-0.00166621
-0.00206993
-0.00239586
-0.0026373
-0.00278558
-0.00282966
-0.00275988
-0.00257267
-0.00227301
-0.0018743
-0.00139714
-0.000867117
-0.000311301
0.000245465
0.000782621
0.00128314
0.00173049
0.00210539
0.00238454
0.00254291
0.00255882
0.00241967
0.0021262
0.00169439
0.00115458
0.000547325
-8.28992e-05
-0.000693735
-0.00124923
-0.0017226
-0.00209686
-0.00236226
-0.00251262
-0.00254449
-0.00245973
-0.00226706
-0.00198023
-0.00161467
-0.00118551
-0.000706674
-0.000190665
0.000350144
0.000900916
0.00144265
0.00195272
0.00240615
0.00277664
0.00303877
0.00317244
0.00316748
0.00302517
0.00275691
0.00238237
0.001928
0.00142457
0.000903622
0.000394315
-7.84798e-05
-0.00049579
-0.000846698
-0.00112954
-0.00135041
-0.00151966
-0.00164835
-0.00174508
-0.00181268
-0.00184709
-0.0018403
-0.00178498
-0.00167621
-0.00151057
-0.00128693
-0.00100944
-0.000688452
-0.000337964
2.69711e-05
0.000390362
0.000735102
0.001044
0.00130041
0.0014876
0.00158893
0.00159049
0.00148492
0.00127403
0.000969422
0.000591682
0.000168946
-0.000265947
-0.00068039
-0.00104752
-0.00134886
-0.00157312
-0.00171369
-0.00176745
-0.0017347
-0.00161896
-0.00142754
-0.00117254
-0.000871269
-0.000544469
-0.000213413
0.000102635
0.000387583
0.000628609
0.000816143
0.000944277
0.00101131
0.00101131
0.00102006
0.000977729
0.000895218
0.000785641
0.000662273
0.000536686
0.000417699
0.000311568
0.000223013
0.000155924
0.000113287
9.70472e-05
0.000108025
0.0001448
0.000201576
0.000266939
0.000324915
0.000357624
0.000347997
0.000281873
0.000149949
-4.92524e-05
-0.000305532
-0.00059516
-0.00088439
-0.00113781
-0.00132671
-0.00143334
-0.00145141
-0.00138491
-0.00124499
-0.00104465
-0.000793784
-0.000498957
-0.000167291
0.000189472
0.000553353
0.000901026
0.00120766
0.00145332
0.00162835
0.00173377
0.00177681
0.00176535
0.00170389
0.00159227
0.00142692
0.0012045
0.000926755
0.000604152
0.000255885
-9.36865e-05
-0.000420482
-0.000706134
-0.000941735
-0.00112809
-0.00127206
-0.00138122
-0.00145967
-0.00150595
-0.00151328
-0.00147187
-0.00137276
-0.0012112
-0.000988634
-0.000713409
-0.000400003
-6.62625e-05
0.000270075
0.000592639
0.000884742
0.00112779
0.00130269
0.0013935
0.00139071
0.00129319
0.0011088
0.000853362
0.000547532
0.000213106
-0.000129486
-0.000462261
-0.000770505
-0.00104343
-0.00127347
-0.00145413
-0.00157842
-0.00163934
-0.00163163
-0.00155292
-0.00140423
-0.00119066
-0.000922484
-0.000615433
-0.000289434
3.40142e-05
0.000335405
0.00060079
0.000823817
0.00100534
0.00115117
0.00126902
0.00136553
0.00144455
0.00150724
0.00155338
0.00158203
0.00159144
0.00157914
0.00154251
0.00147883
0.00138498
0.00125787
0.00109594
0.000900456
0.000675223
0.000425457
0.000157528
-0.000120244
-0.000397454
-0.000662831
-0.000905502
-0.00111518
-0.00128168
-0.00139492
-0.00144581
-0.00142803
-0.00133954
-0.00118302
-0.000965212
-0.000696387
-0.000389674
-6.01573e-05
0.000275995
0.00060175
0.000898987
0.00114881
0.00133314
0.00143705
0.00145087
0.00137082
0.00119897
0.000942794
0.000614335
0.00022879
-0.000196642
-0.000642736
-0.00108745
-0.0015059
-0.00187209
-0.00216209
-0.002357
-0.00244472
-0.00242041
-0.0022864
-0.00205152
-0.00172941
-0.001337
-0.000893997
-0.000423491
4.80456e-05
0.000492362
0.000882409
0.00119534
0.00141469
0.001532
0.00154776
0.00147062
0.00131424
0.00109348
0.000821874
0.000510863
0.000169921
-0.000192625
-0.000567753
-0.000943623
-0.00130477
-0.00163312
-0.00190997
-0.00211796
-0.0022434
-0.00227855
-0.00222248
-0.00207996
-0.00185951
-0.00157252
-0.00123272
-0.000855377
-0.000456364
-5.19021e-05
0.000341507
0.000708049
0.00103431
0.0013109
0.00153389
0.00170596
0.00183568
0.00193357
0.00200636
0.00205357
0.00206834
0.00204061
0.0019605
0.0018217
0.00162491
0.00137901
0.00109809
0.000796381
0.000484438
0.000167997
-0.000150607
-0.000468822
-0.00077965
-0.0010696
-0.00132011
-0.00151129
-0.00162629
-0.00165477
-0.00159456
-0.00145132
-0.00123678
-0.000966279
-0.000655761
-0.000319582
2.99774e-05
0.000381423
0.000722444
0.00103938
0.00131787
0.00154377
0.00170399
0.00178739
0.00178622
0.0016975
0.00152398
0.0012744
0.000963018
0.000608713
0.000233901
-0.000137347
-0.000482342
-0.000782773
-0.00102602
-0.00120498
-0.00131776
-0.00136726
-0.00135976
-0.00130284
-0.00120402
-0.00107023
-0.000907162
-0.000718455
-0.00050578
-0.000270428
-1.52541e-05
0.000254076
0.000528157
0.000792729
0.00102857
0.00121392
0.00132871
0.00135799
0.00129423
0.00113929
0.000905446
0.000613545
0.000288829
-4.27128e-05
-0.000356936
-0.000634724
-0.000864843
-0.00104335
-0.0011697
-0.00124371
-0.00126506
-0.00123338
-0.00114801
-0.00100894
-0.000819385
-0.00058726
-0.000324242
-4.40632e-05
0.000238771
0.000510462
0.000759624
0.000977885
0.00115897
0.00129761
0.00138933
0.00143087
0.00142062
0.00135928
0.00125054
0.00110142
0.00092164
0.000722502
0.000515625
0.000311975
0.000121271
-4.81488e-05
-0.000189099
-0.00029541
-0.000362451
-0.000388352
-0.000375205
-0.00032927
-0.000259818
-0.000177234
-9.13811e-05
-1.05963e-05
5.89662e-05
0.000113761
0.00015279
0.000177123
0.000189559
0.000194445
0.000196733
0.00019968
0.000202199
0.000197721
0.000175163
0.000121253
0.000121253
2.37877e-05
-0.000123975
-0.000319207
-0.000548557
-0.000791102
-0.00102276
-0.00122019
-0.00136461
-0.00144466
-0.00145602
-0.00139765
-0.00126869
-0.00106898
-0.000801596
-0.000475185
-0.000105801
0.000281912
0.000656005
0.000982441
0.00123301
0.0013921
0.0014584
0.00144118
0.0013543
0.00121084
0.00101893
0.00077985
0.00049044
0.000149496
-0.000235982
-0.00064762
-0.00105561
-0.00142213
-0.00170896
-0.0018869
-0.00194193
-0.00187637
-0.00170607
-0.00145499
-0.00114769
-0.000803107
-0.00043301
-4.49244e-05
0.000354201
0.000755167
0.0011442
0.00150231
0.00180814
0.00204263
0.00219205
0.0022481
0.00220674
0.00206681
0.00182869
0.00149444
0.00107046
0.000571214
2.07221e-05
-0.000549172
-0.00110226
-0.00160236
-0.00201912
-0.00233331
-0.00253826
-0.0026365
-0.00263501
-0.00254159
-0.00236223
-0.00209971
-0.00175512
-0.00133204
-0.000840248
-0.00029661
0.000275712
0.000849253
0.00139564
0.00188943
0.00230965
0.00263865
0.00286065
0.00296235
0.00293459
0.00277366
0.00248226
0.00207089
0.00155855
0.000971469
0.000339779
-0.000305837
-0.000936483
-0.00152622
-0.00205226
-0.00249405
-0.00283174
-0.00304549
-0.00311695
-0.00303271
-0.00278804
-0.00238939
-0.00185455
-0.00121039
-0.000489784
0.000270547
0.00103133
0.00175214
0.00239325
0.00291772
0.00329383
0.00349841
0.00352023
0.00336156
0.00303656
0.00256749
0.00198124
0.00130701
0.000574561
-0.000186995
-0.000948532
-0.0016793
-0.00234695
-0.00291985
-0.00337013
-0.00367627
-0.00382551
-0.00381536
-0.00365318
-0.00335396
-0.00293753
-0.00242596
-0.00184176
-0.00120748
-0.000546764
0.000114362
0.000747223
0.00132197
0.00181068
0.00219111
0.00244957
0.00258178
0.00259168
0.00248892
0.00228596
0.00199576
0.00163069
0.00120272
0.000724705
0.000212334
-0.000314388
-0.000831567
-0.00131363
-0.00173589
-0.00207633
-0.00231669
-0.00244308
-0.00244603
-0.0023203
-0.00206523
-0.00168602
-0.00119506
-0.000612072
3.69124e-05
0.000720535
0.00140335
0.0020488
0.00262364
0.00310123
0.00346197
0.00369232
0.00378401
0.00373379
0.00354293
0.00321697
0.0027659
0.00220457
0.00155272
0.000834612
7.82362e-05
-0.00068611
-0.00142757
-0.00211606
-0.002723
-0.00322208
-0.00359111
-0.00381396
-0.0038816
-0.00379199
-0.00354995
-0.00316752
-0.00266364
-0.00206249
-0.00139098
-0.000676499
5.43058e-05
0.000776105
0.00146496
0.00209822
0.0026546
0.00311461
0.00346109
0.00367986
0.00376082
0.00369907
0.00349514
0.00315437
0.00268682
0.00210855
0.00144275
0.00071894
-2.99848e-05
-0.000770687
-0.0014713
-0.00210317
-0.00264282
-0.0030727
-0.0033798
-0.00355325
-0.00358278
-0.00345924
-0.00317722
-0.00273907
-0.00215773
-0.00145691
-0.000669205
0.000166746
0.00100997
0.00182123
0.00256591
0.00321414
0.00373946
0.00411809
0.0043297
0.00435911
0.00419815
0.00384768
0.00331957
0.00263709
0.00183292
0.000945405
1.44405e-05
-0.000921405
-0.00182626
-0.00266721
-0.0034142
-0.0040401
-0.00452123
-0.00483862
-0.00497936
-0.00493748
-0.00471397
-0.00431637
-0.00375826
-0.00305868
-0.00224176
-0.0013366
-0.000376748
0.000601211
0.00155959
0.00246084
0.00326824
0.00394751
0.0044698
0.00481409
0.00496723
0.00492257
0.0046794
0.00424437
0.00363391
0.00287549
0.00200655
0.00107174
0.000119352
-0.000802885
-0.00165254
-0.0023962
-0.00301063
-0.0034819
-0.00380292
-0.0039701
-0.0039801
-0.00382904
-0.00351499
-0.00304168
-0.00242171
-0.00167856
-0.00084689
3.04388e-05
0.000908314
0.00174496
0.00250481
0.00315934
0.00368718
0.00407314
0.00430587
0.00437605
0.00427655
0.00400444
0.00356375
0.00296814
0.00224204
0.00141934
0.000540169
-0.000352975
-0.00121891
-0.00202083
-0.00272781
-0.00331467
-0.003761
-0.00405104
-0.00417465
-0.00412841
-0.0039167
-0.00355231
-0.00305643
-0.00245696
-0.00178554
-0.0010742
-0.000353084
0.000350722
0.00101287
0.00161049
0.00212118
0.00252355
0.00252355
0.00279928
0.00293528
0.00292523
0.00277062
0.00248143
0.00207566
0.00157733
0.00101393
0.000414398
-0.000192131
-0.000777401
-0.00131485
-0.00178019
-0.00215221
-0.00241405
-0.00255492
-0.0025713
-0.0024674
-0.0022546
-0.00195015
-0.00157503
-0.00115149
-0.0007013
-0.000245259
0.000196375
0.000603796
0.000958437
0.00124419
0.00144863
0.00156422
0.00158911
0.0015269
0.00138521
0.00117358
0.000901804
0.000579366
0.000216012
-0.000177134
-0.000586606
-0.000996085
-0.00138677
-0.00173917
-0.00203572
-0.00226277
-0.00241105
-0.00247525
-0.00245322
-0.00234493
-0.00215133
-0.00187374
-0.0015144
-0.00107784
-0.000573298
-1.6829e-05
0.000568262
0.00115333
0.00170797
0.00220409
0.00261926
0.00293794
0.00314996
0.0032481
0.00322702
0.00308439
0.00282274
0.00245095
0.00198512
0.00144871
0.00087139
0.000286035
-0.000275724
-0.000787494
-0.00123021
-0.00159259
-0.00187072
-0.00206665
-0.00218569
-0.00223331
-0.00221347
-0.00212857
-0.0019804
-0.00177118
-0.00150458
-0.00118657
-0.000825425
-0.000431147
-1.54538e-05
0.000407408
0.000820599
0.00120666
0.0015502
0.00183905
0.00206386
0.00221795
0.00229739
0.00230027
0.00222517
0.00207079
0.00183761
0.00153028
0.0011592
0.000740656
0.000295213
-0.00015475
-0.000587359
-0.000982826
-0.00132449
-0.00159907
-0.00179608
-0.00190719
-0.00192643
-0.0018513
-0.00168387
-0.00143151
-0.00110679
-0.000726836
-0.000312116
0.000115099
0.000532617
0.000919968
0.00125939
0.00153623
0.00173915
0.00186016
0.00189465
0.00184157
0.00170373
0.0014883
0.0012069
0.000874988
0.000510468
0.000131923
-0.000243094
-0.000599447
-0.000925189
-0.00121143
-0.00145148
-0.0016401
-0.00177334
-0.00184892
-0.00186664
-0.00182858
-0.0017393
-0.0016058
-0.0014364
-0.00123843
-0.00101552
-0.000766586
-0.000487927
-0.000177585
0.000160533
0.000514911
0.00086744
0.00119666
0.00148242
0.00171031
0.0018737
0.00197254
0.00201019
0.00199021
0.00191391
0.00177964
0.00158461
0.00132903
0.00102005
0.000673284
0.000311099
-4.1659e-05
-0.000362598
-0.000635409
-0.00085112
-0.00100739
-0.00110657
-0.00115313
-0.0011515
-0.00110552
-0.00101943
-0.000899289
-0.000753692
-0.000593802
-0.000432166
-0.000280101
-0.000144742
-2.79215e-05
7.21798e-05
0.000158048
0.000230506
0.000287682
0.000325007
0.000336347
0.000316342
0.000262933
0.000178483
6.90002e-05
-5.76784e-05
-0.000193694
-0.000332531
-0.000469657
-0.000602026
-0.00072652
-0.000838279
-0.000930143
-0.000993504
-0.00101992
-0.00100265
-0.000937613
-0.000823948
-0.000664166
-0.000463942
-0.000231596
2.23925e-05
0.000285403
0.000542632
0.000778119
0.000977132
0.00112854
0.00122581
0.00126682
0.00125333
0.0011901
0.0010833
0.000939131
0.00076341
0.000562161
0.000342284
0.000111965
-0.000119184
-0.00034064
-0.000542471
-0.000717197
-0.000860846
-0.000972663
-0.00105398
-0.00110703
-0.00113418
-0.00113738
-0.00111771
-0.00107515
-0.00100871
-0.000917048
-0.000799111
-0.000654961
-0.000486531
-0.000298322
-9.74463e-05
0.000107435
0.000307796
0.000496248
0.000666469
0.000812912
0.000930778
0.00101582
0.00106389
0.00107122
0.00103542
0.000956619
0.000837661
0.000683502
0.000500071
0.000293235
6.85057e-05
-0.000168419
-0.00041073
-0.000649628
-0.0008735
-0.00106724
-0.00121251
-0.00129025
-0.00128524
-0.00119082
-0.00101101
-0.000760224
-0.00046142
-0.000142798
0.000167438
0.000446274
0.000678222
0.000854578
0.000971887
0.00103091
0.00103547
0.000991052
0.000904319
0.000783791
0.000639991
0.000484048
0.000326117
0.000175242
3.99763e-05
-7.19285e-05
-0.000154557
-0.0002041
-0.000218615
-0.000198923
-0.000150541
-8.45229e-05
-1.58939e-05
3.95792e-05
6.87982e-05
6.35633e-05
2.10152e-05
-5.68369e-05
-0.00016321
-0.000286633
-0.000412428
-0.000525449
-0.000612416
-0.00066297
-0.000670114
-0.000630696
-0.000545521
-0.000418806
-0.000257784
-7.33132e-05
0.000119664
0.000303885
0.000463332
0.000585717
0.00066261
0.000688874
0.00066263
0.00058484
0.00058484
0.000457835
0.000284043
6.60943e-05
-0.000191998
-0.000483392
-0.000796904
-0.00111576
-0.00141745
-0.00167534
-0.00186185
-0.00195281
-0.00193204
-0.0017944
-0.00154522
-0.00119658
-0.000763606
-0.000262723
0.000288643
0.000872275
0.00146833
0.00205281
0.00259509
0.00305802
0.00340162
0.0035897
0.00359674
0.00341205
0.00303985
0.00249707
0.00180997
0.00100989
0.00012896
-0.000801722
-0.00175004
-0.00267867
-0.00354231
-0.00428878
-0.00486444
-0.00522223
-0.00532959
-0.00517398
-0.00476437
-0.00412805
-0.00330372
-0.00233398
-0.0012615
-0.000129721
0.00101474
0.00212088
0.00313398
0.00399845
0.0046636
0.00509124
0.00526207
0.00517832
0.0048615
0.00434667
0.00367551
0.00289042
0.00203072
0.00113158
0.00022635
-0.000650233
-0.00146121
-0.00216996
-0.00274342
-0.00315454
-0.00338452
-0.00342498
-0.00327839
-0.0029563
-0.00247717
-0.00186513
-0.00114938
-0.000363582
0.000454428
0.00126283
0.00201717
0.00267356
0.00319259
0.00354281
0.00370346
0.00366666
0.00343806
0.00303514
0.00248367
0.00181406
0.00105939
0.000254397
-0.000565734
-0.00136664
-0.00211556
-0.00278186
-0.0033387
-0.00376539
-0.00404884
-0.00418331
-0.00416949
-0.00401361
-0.00372646
-0.00332244
-0.0028195
-0.0022397
-0.00160877
-0.000953903
-0.000300601
0.00032964
0.000919908
0.00145693
0.00192961
0.00232789
0.00264211
0.0028625
0.00297951
0.00298556
0.00287758
0.0026583
0.00233576
0.0019224
0.00143502
0.000894912
0.000326881
-0.00024235
-0.000784615
-0.00126994
-0.00166776
-0.00195065
-0.00209867
-0.00210231
-0.00196418
-0.00169991
-0.00133684
-0.000909258
-0.000452005
4.55986e-06
0.00043661
0.000827095
0.00116499
0.00144311
0.00165478
0.00179181
0.00184512
0.00180668
0.00167107
0.00143707
0.00111004
0.000703622
0.000238679
-0.000259765
-0.000765449
-0.00125337
-0.00170233
-0.0020967
-0.00242585
-0.00268197
-0.00285737
-0.00294197
-0.002922
-0.00278154
-0.00250716
-0.00209373
-0.00154897
-0.000895068
-0.000166165
0.000597398
0.0013549
0.00206878
0.00270654
0.00324176
0.00365329
0.00392294
0.00403481
0.00397826
0.0037524
0.00336911
0.00285331
0.00224056
0.00157271
0.000892274
0.000237068
-0.000363234
-0.000887024
-0.00131794
-0.00164207
-0.00184704
-0.0019224
-0.00186102
-0.00166194
-0.00133361
-0.000895314
-0.000375828
0.000189724
0.000763182
0.00130607
0.00178119
0.00215344
0.00239135
0.00246993
0.00237373
0.0020982
0.00164972
0.00104673
0.00032238
-0.000474513
-0.00128352
-0.00204074
-0.00268727
-0.00317548
-0.00347319
-0.00356556
-0.00345355
-0.00314887
-0.00266913
-0.00203702
-0.00128274
-0.00044544
0.000428161
0.00128613
0.00207434
0.00274179
0.0032474
0.00356481
0.00368295
0.00360354
0.00333822
0.00290716
0.00233881
0.00166921
0.000939546
0.000193366
-0.000525487
-0.00117467
-0.00171599
-0.00211815
-0.00235845
-0.00242357
-0.00231033
-0.00202654
-0.00159088
-0.00103105
-0.000380929
0.000321999
0.00103863
0.0017304
0.00236187
0.00290297
0.00332977
0.00362414
0.00377312
0.00376908
0.00361014
0.00330002
0.00284712
0.00226394
0.00156717
0.000778096
-7.73426e-05
-0.000968737
-0.00186215
-0.00272251
-0.0035164
-0.00421321
-0.00478463
-0.00520436
-0.00544984
-0.00550511
-0.00536304
-0.0050266
-0.00450935
-0.00383513
-0.00303616
-0.00214966
-0.00121444
-0.000268972
0.000648916
0.00150207
0.00225475
0.00287412
0.00333239
0.00360957
0.00369616
0.00359444
0.00331795
0.00288905
0.00233563
0.00168798
0.000976803
0.00023254
-0.000514336
-0.00123253
-0.00188981
-0.00245429
-0.00289688
-0.00319407
-0.00333061
-0.00330161
-0.00311312
-0.00278102
-0.00232867
-0.00178406
-0.00117702
-0.000536936
0.000108206
0.000731896
0.00130919
0.00181718
0.00223558
0.00254749
0.00274071
0.00280945
0.00275524
0.00258667
0.00231812
0.00196825
0.00155846
0.00111141
0.000649884
0.000196212
-0.000228129
-0.000603116
-0.000911345
-0.00113963
-0.00113963
-0.00128049
-0.00133287
-0.00130159
-0.00119607
-0.00102903
-0.000815267
-0.000570147
-0.00030815
-4.21136e-05
0.000216541
0.000457305
0.000670583
0.000848007
0.000982418
0.00106766
0.0010989
0.00107359
0.000991825
0.000856224
0.000671857
0.000446969
0.000193669
-7.20955e-05
-0.000331309
-0.000563594
-0.000750233
-0.000877617
-0.000939119
-0.000934568
-0.000868615
-0.000749367
-0.000587023
-0.000392081
-0.000174217
5.70811e-05
0.00029094
0.000514291
0.000712477
0.000870861
0.000976982
0.00102266
0.00100526
0.000927614
0.000796956
0.000623423
0.000418689
0.000195003
-3.54623e-05
-0.000261188
-0.000471837
-0.000658619
-0.000814467
-0.000934271
-0.00101531
-0.00105738
-0.0010621
-0.00103169
-0.000968378
-0.000874956
-0.000755286
-0.000614327
-0.000457978
-0.000293013
-0.000126617
3.44977e-05
0.000184654
0.000318997
0.000432902
0.000521454
0.000579219
0.000600485
0.000580111
0.00051493
0.000405328
0.00025621
7.65508e-05
-0.000122406
-0.000329226
-0.000533797
-0.000728172
-0.000906503
-0.00106371
-0.00119355
-0.0012876
-0.00133625
-0.00133069
-0.00126523
-0.00113879
-0.000955558
-0.000724489
-0.000458283
-0.000171972
0.000118692
0.000398529
0.000653398
0.000870183
0.00103731
0.00114608
0.00119185
0.00117412
0.0010957
0.000961993
0.00078058
0.000560493
0.000311115
4.15595e-05
-0.000239175
-0.000521968
-0.000797508
-0.00105606
-0.00128731
-0.00148095
-0.00162775
-0.00172009
-0.00175217
-0.00172038
-0.0016244
-0.00146775
-0.00125726
-0.00100218
-0.000713457
-0.000403269
-8.42128e-05
0.000231762
0.000534144
0.000814185
0.00106483
0.00128027
0.00145534
0.00158515
0.00166534
0.00169261
0.00166514
0.00158295
0.00144829
0.00126578
0.00104191
0.0007841
0.000500348
0.000199319
-0.000109303
-0.000414782
-0.000705581
-0.000969768
-0.00119566
-0.00137298
-0.00149422
-0.00155524
-0.00155466
-0.00149279
-0.00137103
-0.00119226
-0.000961577
-0.000686959
-0.00037932
-5.2071e-05
0.000279685
0.000600351
0.000895478
0.00115332
0.00136565
0.00152758
0.00163685
0.00169285
0.00169576
0.00164619
0.00154532
0.00139522
0.00119904
0.000961393
0.000688838
0.00039017
7.58142e-05
-0.000243201
-0.000555897
-0.000851478
-0.00111942
-0.00134964
-0.00153235
-0.00165745
-0.00171464
-0.001695
-0.00159368
-0.00141169
-0.00115599
-0.0008384
-0.000474343
-8.1408e-05
0.00032247
0.000720411
0.00109662
0.00143534
0.00172004
0.00193405
0.00206267
0.00209579
0.00202995
0.00186905
0.00162384
0.00131026
0.000946889
0.000552561
0.000144989
-0.000259411
-0.000645186
-0.000997492
-0.00130193
-0.00154489
-0.00171468
-0.00180322
-0.00180767
-0.00173093
-0.00158106
-0.00136976
-0.00111051
-0.000816718
-0.000500505
-0.000172386
0.000157929
0.000480261
0.000783003
0.00105297
0.00127594
0.00143769
0.00152569
0.0015312
0.00145101
0.00128772
0.00104914
0.000747352
0.000397668
1.739e-05
-0.000375082
-0.000760197
-0.00111712
-0.00142501
-0.00166543
-0.00182431
-0.00189252
-0.00186589
-0.00174536
-0.00153655
-0.00124863
-0.000893098
-0.000483383
-3.50355e-05
0.000434011
0.000903445
0.00135116
0.00175459
0.00209268
0.0023477
0.00250686
0.00256311
0.00251527
0.00236694
0.00212509
0.0017994
0.00140255
0.000950929
0.000464561
-3.38652e-05
-0.000520675
-0.00097311
-0.00137115
-0.00169893
-0.00194545
-0.00210445
-0.00217345
-0.00215278
-0.00204486
-0.00185406
-0.00158725
-0.0012548
-0.000871209
-0.000454725
-2.61026e-05
0.000392932
0.000781286
0.00112004
0.00139348
0.00158941
0.00169905
0.00171732
0.00164315
0.00147961
0.00123374
0.000916501
0.000542745
0.000130865
-0.000298191
-0.000722169
-0.0011188
-0.00146709
-0.00174858
-0.00194821
-0.00205467
-0.0020606
-0.00196292
-0.00176372
-0.00147129
-0.00110014
-0.000669727
-0.000202292
0.000278868
0.000750418
0.00118976
0.00157613
0.0018918
0.00212283
0.0022593
0.00229566
0.00223146
0.00207206
0.00182851
0.00151653
0.00115485
0.00076343
0.000361691
-3.28869e-05
-0.000405622
-0.000744711
-0.000744711
-0.00104077
-0.00128623
-0.00147484
-0.00160121
-0.00166081
-0.00165085
-0.0015713
-0.00142515
-0.00121774
-0.000956646
-0.000652197
-0.00031748
3.267e-05
0.000382803
0.00071729
0.00102055
0.00127776
0.00147577
0.00160403
0.00165533
0.00162663
0.00151958
0.00134033
0.00109858
0.000806549
0.000478186
0.000128753
-0.00022578
-0.000569525
-0.000887322
-0.00116519
-0.00139095
-0.00155515
-0.00165179
-0.00167868
-0.00163733
-0.00153245
-0.00137113
-0.00116167
-0.000912671
-0.000632519
-0.000329665
-1.33484e-05
0.000305741
0.000615225
0.000901382
0.00115028
0.00134967
0.00149088
0.00156951
0.00158505
0.00153998
0.00143873
0.00128678
0.00108995
0.000854755
0.000589325
0.000304151
1.2129e-05
-0.000272173
-0.000533813
-0.000758947
-0.000936093
-0.00105705
-0.00111747
-0.00111689
-0.00105812
-0.000946475
-0.000789173
-0.000594926
-0.000373509
-0.000135535
0.000107571
0.000343727
0.000560707
0.000746905
0.000892145
0.000988539
0.00103131
0.00101921
0.000954136
0.000840285
0.00068302
0.000488015
0.000260878
7.36291e-06
-0.000265925
-0.00055066
-0.000836279
-0.0011103
-0.00135943
-0.00157076
-0.00173264
-0.00183542
-0.00187229
-0.00183999
-0.00173876
-0.00157174
-0.00134452
-0.00106501
-0.000743099
-0.000390236
-1.92149e-05
0.000355799
0.000719288
0.0010549
0.00134659
0.00158004
0.00174406
0.00183154
0.00184007
0.00177203
0.00163424
0.00143696
0.00119276
0.000915568
0.000620128
0.000321139
3.22474e-05
-0.00023474
-0.000470278
-0.000667395
-0.000821788
-0.000931285
-0.000995039
-0.00101334
-0.000988204
-0.000923734
-0.000825886
-0.000701982
-0.000560422
-0.00041025
-0.000260268
-0.000118173
9.74534e-06
0.000118373
0.000203457
0.000261644
0.000290952
0.000291336
0.000264878
0.000215431
0.000147941
6.77973e-05
-1.96159e-05
-0.000109293
-0.000197048
-0.000279842
-0.000355592
-0.000422514
-0.000478495
-0.000520852
-0.000546399
-0.00055174
-0.000533899
-0.000491174
-0.000423806
-0.000334104
-0.000226198
-0.000105733
2.05522e-05
0.000145562
0.000262624
0.000365918
0.00045064
0.000513315
0.000552156
0.000567082
0.000559482
0.000532084
0.000488836
0.000434372
0.000373217
0.000309394
0.000246587
0.000188282
0.00013759
9.69997e-05
6.82357e-05
5.202e-05
4.77125e-05
5.32631e-05
6.57419e-05
8.21902e-05
0.000100301
0.000118644
0.000136539
0.000153934
0.000171417
0.00019011
0.000211208
0.000235464
0.000263009
0.000293416
0.000325703
0.000358162
0.000388179
0.000412199
0.000425869
0.00042444
0.000403547
0.000360282
0.000293947
0.000205902
9.87164e-05
-2.44979e-05
-0.000160215
-0.000304514
-0.000453197
-0.000601521
-0.000743314
-0.000870174
-0.000971727
-0.00103726
-0.00105816
-0.00102983
-0.000952263
-0.000829509
-0.000668849
-0.000480065
-0.000274479
-6.3895e-05
0.00014008
0.000326371
0.000484935
0.000607599
0.000688814
0.000725855
0.000718576
0.000669218
0.000582228
0.000463625
0.000320103
0.000158652
-1.32007e-05
-0.000187284
-0.000355142
-0.000508393
-0.000638926
-0.000739322
-0.000803559
-0.000827604
-0.000809705
-0.00075045
-0.000652576
-0.000520469
-0.000359521
-0.000175674
2.46883e-05
0.00023465
0.000446704
0.000652794
0.000844439
0.00101292
0.00114965
0.00124676
0.00129789
0.00129875
0.00124721
0.0011431
0.000988317
0.000787486
0.000548446
0.000282098
1.60202e-06
-0.000278603
-0.000543902
-0.000780987
-0.000979379
-0.00113213
-0.00123549
-0.00128825
-0.00129132
-0.00124725
-0.00115956
-0.0010324
-0.000870774
-0.000680653
-0.00046878
-0.00024262
-1.05782e-05
0.000217991
0.000433332
0.000625959
0.000786999
0.00090851
0.000984237
0.00101056
0.000987003
0.000916156
0.000803389
0.000656454
0.000484718
0.000298094
0.000106193
-8.20532e-05
-0.000258556
-0.000416229
-0.000548964
-0.000651417
-0.000718956
-0.000748046
-0.000736759
-0.000685079
-0.000595047
-0.000470822
-0.000318478
-0.000145411
4.03825e-05
0.000230872
0.00041843
0.000596182
0.000758154
0.000899074
0.00101397
0.00109783
0.00114558
0.00115255
0.00111525
0.00103207
0.000903795
0.000733884
0.000733884
0.000528726
0.000297368
5.08175e-05
-0.000198696
-0.000438374
-0.000655882
-0.000840779
-0.000985474
-0.00108523
-0.00113779
-0.00114314
-0.00110318
-0.00102102
-0.000900179
-0.00074461
-0.000559046
-0.000349515
-0.000123691
0.00010904
0.00033814
0.000553101
0.000744633
0.000905293
0.00102964
0.00111422
0.0011572
0.00115771
0.00111506
0.00102867
0.000898903
0.000728331
0.000522715
0.000291082
4.49674e-05
-0.000202771
-0.000439351
-0.00065354
-0.000836723
-0.000983061
-0.00108884
-0.00115161
-0.00116951
-0.0011412
-0.0010662
-0.000945859
-0.00078426
-0.000588598
-0.000368868
-0.000136923
9.48629e-05
0.000314966
0.000513637
0.000683176
0.000817736
0.000912954
0.000965613
0.00097354
0.000935923
0.000853937
0.000731269
0.000574233
0.000391404
0.000192854
-1.08222e-05
-0.000209451
-0.000393955
-0.000556668
-0.000691276
-0.000792544
-0.000856097
-0.000878485
-0.000857563
-0.000793046
-0.000687004
-0.00054403
-0.00037098
-0.000176413
3.00833e-05
0.00023853
0.00043908
0.000622339
0.000779554
0.00090287
0.000985805
0.00102378
0.00101445
0.000957826
0.000856268
0.000714431
0.000539
0.000338086
0.000120571
-0.000104309
-0.0003271
-0.00053812
-0.000727478
-0.000885352
-0.00100269
-0.00107214
-0.00108899
-0.00105182
-0.000962804
-0.000827566
-0.000654353
-0.000452862
-0.000233267
-5.68365e-06
0.000220109
0.000434801
0.000629472
0.000795483
0.000924787
0.0010107
0.00104869
0.0010369
0.000976261
0.000870421
0.000725272
0.000548331
0.000348171
0.000134039
-8.4387e-05
-0.000297177
-0.000494379
-0.00066645
-0.00080496
-0.000903358
-0.000957546
-0.000966108
-0.00093025
-0.000853524
-0.000741294
-0.000600048
-0.000436871
-0.000259241
-7.49831e-05
0.000107859
0.000281282
0.0004377
0.000570419
0.000674162
0.00074544
0.000782623
0.000785744
0.000756219
0.000696628
0.000610577
0.000502545
0.00037767
0.000241565
0.000100179
-4.03982e-05
-0.000174275
-0.000296194
-0.0004019
-0.000488304
-0.000553406
-0.000596109
-0.000616032
-0.00061331
-0.00058837
-0.00054185
-0.000474876
-0.000389578
-0.00028953
-0.00017989
-6.72664e-05
4.07447e-05
0.000136454
0.000213254
0.000266614
0.000294583
0.000297877
0.000279646
0.000244725
0.000198382
0.000145208
8.86912e-05
3.12738e-05
-2.54984e-05
-8.05966e-05
-0.000132757
-0.000179884
-0.00021919
-0.000247829
-0.000263395
-0.000264201
-0.000249589
-0.000220077
-0.000176987
-0.000121869
-5.63418e-05
1.75992e-05
9.72303e-05
0.00017888
0.000257745
0.000327995
0.000383578
0.000419496
0.000432778
0.000422677
0.000390426
0.000338909
0.000272151
0.00019452
0.000110008
2.20235e-05
-6.63537e-05
-0.00015208
-0.000232006
-0.000302896
-0.000361637
-0.000405714
-0.000433799
-0.000446034
-0.000443741
-0.00042871
-0.000402507
-0.000366107
-0.000319921
-0.000264181
-0.000199648
-0.000128291
-5.34479e-05
2.06308e-05
8.94773e-05
0.000148957
0.000195669
0.000227233
0.000242292
0.000240217
0.000220806
0.000184297
0.000131659
6.49259e-05
-1.25965e-05
-9.6358e-05
-0.000180869
-0.000260346
-0.000329615
-0.000384923
-0.000424211
-0.000446836
-0.000453117
-0.00044395
-0.000420441
-0.000383613
-0.000334436
-0.000274191
-0.000204762
-0.00012859
-4.83864e-05
3.31666e-05
0.000113683
0.000191238
0.00026434
0.000331666
0.000391753
0.000442873
0.000483208
0.000511211
0.000525925
0.000527142
0.000515403
0.000491775
0.000457393
0.000413045
0.000359143
0.00029616
0.000225214
0.000148434
6.88969e-05
-9.82369e-06
-8.42512e-05
-0.000151523
-0.000209794
-0.000258464
-0.000297988
-0.000329242
-0.000352766
-0.000368279
-0.000374639
-0.000370318
-0.000354252
-0.000326654
-0.000289307
-0.000245393
-0.000199101
-0.000155055
-0.000117541
-8.9778e-05
-7.36236e-05
-6.96316e-05
-7.71587e-05
-9.44324e-05
-0.000118767
-0.000146916
-0.000175385
-0.000200754
-0.000220193
-0.000231894
-0.000234989
-0.000229024
-0.00021365
-0.000188721
-0.000154363
-0.000110842
-5.85609e-05
1.6228e-06
6.81331e-05
0.000138715
0.000210643
0.000280991
0.000347018
0.000406528
0.000457997
0.000500466
0.000533397
0.000556564
0.000569928
0.000573454
0.000566991
0.000566991
0.000550275
0.000523103
0.000485571
0.000438239
0.000382104
0.000318459
0.000248865
0.000175261
9.99691e-05
2.53899e-05
-4.6467e-05
-0.000114317
-0.000177639
-0.0002365
-0.000291256
-0.000342165
-0.000389042
-0.00043104
-0.000466625
-0.000493779
-0.000510501
-0.000515399
-0.000507953
-0.000488392
-0.000457533
-0.0004168
-0.000368146
-0.000313682
-0.000255225
-0.000194162
-0.000131668
-6.89802e-05
-7.53897e-06
5.1038e-05
0.000105134
0.00015343
0.000195124
0.00022992
0.000257892
0.00027936
0.000294732
0.000304274
0.000307905
0.000305199
0.000295636
0.00027896
0.000255456
0.000226067
0.000192373
0.000156487
0.000120808
8.76948e-05
5.92024e-05
3.69959e-05
2.23043e-05
1.57193e-05
1.69409e-05
2.47736e-05
3.7428e-05
5.28581e-05
6.89838e-05
8.38958e-05
9.60311e-05
0.000104129
0.000107018
0.000103543
9.27413e-05
7.40031e-05
4.70755e-05
1.20671e-05
-3.04643e-05
-7.94629e-05
-0.000133431
-0.00019048
-0.000248268
-0.00030386
-0.00035363
-0.000393353
-0.000418694
-0.00042608
-0.000413574
-0.000381221
-0.000330782
-0.000265321
-0.000188961
-0.000106545
-2.29617e-05
5.75318e-05
0.000131505
0.000196171
0.000249223
0.000288805
0.000313534
0.00032256
0.00031576
0.00029395
0.000258888
0.000212987
0.000158946
9.95206e-05
3.74108e-05
-2.48402e-05
-8.48773e-05
-0.000140417
-0.000189109
-0.000228591
-0.000256755
-0.000272008
-0.000273424
-0.000260781
-0.000234477
-0.000195315
-0.000144269
-8.24321e-05
-1.12024e-05
6.73912e-05
0.000150413
0.000233907
0.000312984
0.000382101
0.000435631
0.000468786
0.000478578
0.000464222
0.000426773
0.000368475
0.000292304
0.000201667
0.000100132
-8.63624e-06
-0.000120594
-0.000230988
-0.000334402
-0.000425263
-0.000498564
-0.000550529
-0.000578998
-0.000583482
-0.000564928
-0.00052527
-0.000466886
-0.000392195
-0.00030354
-0.000203367
-9.45687e-05
1.91716e-05
0.000133263
0.000242507
0.000341708
0.000426243
0.000492362
0.000537318
0.000559437
0.000558142
0.000533843
0.00048782
0.000422232
0.000340215
0.000245915
0.000144344
4.10579e-05
-5.82618e-05
-0.000148296
-0.000224558
-0.000283691
-0.000323494
-0.000342754
-0.000341121
-0.000319108
-0.000278111
-0.000220385
-0.000149
-6.77624e-05
1.89801e-05
0.000106681
0.000190986
0.000268069
0.000334849
0.000389096
0.000429413
0.000455085
0.000465872
0.00046184
0.000443401
0.00041145
0.000367447
0.000313313
0.000251267
0.000183718
0.000113203
4.23154e-05
-2.63568e-05
-9.02418e-05
-0.000146743
-0.000193231
-0.000227149
-0.000246224
-0.000248726
-0.000233771
-0.000201621
-0.000153809
-9.291e-05
-2.20941e-05
5.5213e-05
0.000135436
0.00021488
0.000289765
0.000356229
0.000410359
0.000448432
0.000467408
0.000465449
0.000442233
0.000398908
0.000337765
0.000261831
0.000174561
7.95955e-05
-1.94129e-05
-0.000118838
-0.000215003
-0.00030417
-0.000382708
-0.000447366
-0.000495597
-0.000525886
-0.000537959
-0.000532771
-0.000512297
-0.000479178
-0.000436359
-0.000386822
-0.000333475
-0.000279136
-0.000226522
-0.000178231
-0.000136695
-0.000104073
-8.20538e-05
-7.16431e-05
-7.30899e-05
-8.59866e-05
-0.000109445
-0.000142199
-0.000182613
-0.000228671
-0.000278033
-0.000328133
-0.000376306
-0.000419955
-0.000456739
-0.000484714
-0.000502449
-0.000509065
-0.00050416
-0.000487601
-0.00045934
-0.000419423
-0.000368201
-0.000306648
-0.00023663
-0.000160989
-8.33841e-05
-7.97315e-06
6.09918e-05
0.000119683
0.000165254
0.000196144
0.000211946
0.00021307
0.000200507
0.000175696
0.000140377
9.64995e-05
4.62732e-05
-7.7462e-06
-6.26983e-05
-0.00011558
-0.000163424
-0.000203455
-0.000233243
-0.00025085
-0.000254937
-0.000244888
-0.000220958
-0.000184376
-0.000137261
-8.23595e-05
-2.27511e-05
3.84154e-05
9.8164e-05
0.000153844
0.000203149
0.000244093
0.000275042
0.000294769
0.000302468
0.000297786
0.000280919
0.000252703
0.000214629
0.00016878
0.000117736
6.4424e-05
1.19394e-05
-3.66508e-05
-7.85221e-05
-0.0001113
-0.000133203
-0.000143055
-0.00014022
-0.00012456
-9.64601e-05
-5.68577e-05
-7.20544e-06
5.05945e-05
0.000114237
0.000181039
0.000247979
0.000311797
0.000369169
0.000416976
0.000416976
0.000452595
0.000474133
0.000480555
0.00047173
0.000448351
0.000411694
0.000363272
0.000304602
0.00023719
0.000162686
8.30961e-05
9.56111e-07
-8.06407e-05
-0.000158201
-0.00022809
-0.000286794
-0.000331219
-0.00035898
-0.000368606
-0.000359571
-0.000332285
-0.000288105
-0.000229277
-0.000158711
-7.96762e-05
4.38332e-06
8.99268e-05
0.000173464
0.000251792
0.000322143
0.000382211
0.000430161
0.000464663
0.000484883
0.000490414
0.000481263
0.000457849
0.000420945
0.000371644
0.000311515
0.000242872
0.000168868
9.32872e-05
2.01849e-05
-4.64425e-05
-0.000103007
-0.000146717
-0.000175819
-0.000189571
-0.000188047
-0.000172006
-0.000142835
-0.00010251
-5.35762e-05
8.60226e-07
5.72252e-05
0.000111765
0.000160965
0.000201903
0.000232397
0.000251013
0.000257063
0.000250583
0.000232185
0.000202811
0.000163604
0.00011598
6.17843e-05
3.38876e-06
-5.62797e-05
-0.000113789
-0.000165412
-0.000207517
-0.000237007
-0.000251702
-0.000250562
-0.000233705
-0.000202161
-0.0001575
-0.000101563
-3.64243e-05
3.55296e-05
0.000111462
0.000187898
0.000260554
0.000324441
0.000374414
0.000406042
0.000416419
0.000404513
0.000370979
0.000317677
0.000247252
0.000162813
6.76832e-05
-3.46377e-05
-0.000140149
-0.000243927
-0.000340055
-0.000422163
-0.000484388
-0.000522339
-0.000533663
-0.000518165
-0.000477624
-0.000415378
-0.000335677
-0.000242991
-0.00014161
-3.56127e-05
7.0985e-05
0.000174096
0.000269518
0.000353042
0.000420799
0.000469797
0.000498382
0.000506349
0.000494727
0.000465452
0.000421062
0.000364432
0.000298566
0.00022657
0.000151748
7.76655e-05
8.02968e-06
-5.3616e-05
-0.000104251
-0.00014167
-0.00016462
-0.000172763
-0.000166506
-0.000146785
-0.00011488
-7.23172e-05
-2.09142e-05
3.70542e-05
9.866e-05
0.00016019
0.000217171
0.00026467
0.000297915
0.000313081
0.000307914
0.000282015
0.000236875
0.000175628
0.000102441
2.16394e-05
-6.29928e-05
-0.000148421
-0.000232256
-0.000312609
-0.000387861
-0.000456262
-0.000515608
-0.000563269
-0.00059649
-0.000612745
-0.000610175
-0.000588116
-0.000547415
-0.000490274
-0.000419827
-0.000339796
-0.000254207
-0.000167012
-8.17751e-05
-1.65757e-06
7.0412e-05
0.000131685
0.000179697
0.000212395
0.00022829
0.000226684
0.000207873
0.00017316
0.000124711
6.53299e-05
-1.77262e-06
-7.31953e-05
-0.000145457
-0.000214976
-0.000278005
-0.000330693
-0.000369314
-0.000390667
-0.00039257
-0.000374353
-0.000337143
-0.000283767
-0.000218261
-0.000145229
-6.92294e-05
5.76548e-06
7.66793e-05
0.000141201
0.000197342
0.000243141
0.000276759
0.000296746
0.000302282
0.000293419
0.000271285
0.000238029
0.000196446
0.000149505
9.99936e-05
5.03491e-05
2.60684e-06
-4.15638e-05
-8.07926e-05
-0.000113926
-0.00013996
-0.00015807
-0.000167757
-0.000169009
-0.000162332
-0.000148663
-0.000129241
-0.000105495
-7.89455e-05
-5.1092e-05
-2.32946e-05
3.32727e-06
2.79397e-05
4.99765e-05
6.90821e-05
8.50375e-05
9.7679e-05
0.00010683
0.000112295
0.000113947
0.000111876
0.000106458
9.83208e-05
8.82597e-05
7.71672e-05
6.59355e-05
5.53389e-05
4.59643e-05
3.82304e-05
3.24556e-05
2.89261e-05
2.79309e-05
2.97433e-05
3.45584e-05
4.24345e-05
5.32844e-05
6.69335e-05
8.3235e-05
0.000102194
0.000123998
0.000148847
0.000176539
0.000205997
0.000235002
0.000260354
0.000278402
0.000285805
0.000280365
0.00026163
0.000230858
0.000190372
0.000142796
9.05785e-05
3.56942e-05
-2.05368e-05
-7.72861e-05
-0.00013369
-0.000188396
-0.000239504
-0.000284772
-0.000321904
-0.00034887
-0.000364199
-0.000367072
-0.000357258
-0.000335082
-0.000301468
-0.000257871
-0.00020606
-0.000147951
-8.56404e-05
-2.14912e-05
4.19593e-05
0.000102234
0.000157151
0.000204996
0.000244595
0.000275248
0.000296522
0.000308051
0.000309436
0.000300222
0.000280024
0.000248844
0.000207486
0.000157754
0.00010227
4.40601e-05
-1.38072e-05
-6.85154e-05
-0.000117751
-0.000159847
-0.000193704
-0.000218586
-0.000233963
-0.000239462
-0.000234919
-0.000220472
-0.000196672
-0.000164507
-0.0001253
-8.05693e-05
-3.1965e-05
1.87324e-05
6.96268e-05
0.000118742
0.00016401
0.00020323
0.00020323
0.000234173
0.000254849
0.000263848
0.000260582
0.000245414
0.000219676
0.000185503
0.000145465
0.000102165
5.79936e-05
1.50551e-05
-2.48669e-05
-6.02985e-05
-8.99893e-05
-0.000112863
-0.000128165
-0.000135722
-0.000136058
-0.00013025
-0.000119701
-0.000105947
-9.0497e-05
-7.46685e-05
-5.95046e-05
-4.58533e-05
-3.45449e-05
-2.65071e-05
-2.27255e-05
-2.40662e-05
-3.10206e-05
-4.34319e-05
-6.03164e-05
-7.99069e-05
-9.9964e-05
-0.000118266
-0.0001331
-0.00014357
-0.000149567
-0.000151472
-0.000149824
-0.000145115
-0.000137664
-0.000127529
-0.000114594
-9.88429e-05
-8.06089e-05
-6.06073e-05
-3.98134e-05
-1.92939e-05
-1.94988e-08
1.72994e-05
3.22549e-05
4.46475e-05
5.43578e-05
6.12735e-05
6.52797e-05
6.62838e-05
6.42796e-05
5.94442e-05
5.22144e-05
4.32756e-05
3.34599e-05
2.36026e-05
1.44055e-05
6.3264e-06
-4.90893e-07
-6.23317e-06
-1.13733e-05
-1.6566e-05
-2.24917e-05
-2.96742e-05
-3.8331e-05
-4.83485e-05
-5.94202e-05
-7.12516e-05
-8.36679e-05
-9.65934e-05
-0.00011001
-0.000123947
-0.00013842
-0.000153326
-0.000168384
-0.00018319
-0.000197317
-0.000210397
-0.00022217
-0.000232488
-0.000241242
-0.000248274
-0.000253384
-0.000256414
-0.000257327
-0.000256228
-0.000253368
-0.000249162
-0.000244164
-0.000238963
-0.000234054
-0.000229744
-0.000226084
-0.000222815
-0.000219356
-0.000214893
-0.000208549
-0.000199509
-0.000187052
-0.000170529
-0.000149364
-0.000123112
-9.15436e-05
-5.47835e-05
-1.34981e-05
3.09614e-05
7.66429e-05
0.000121347
0.000163062
0.000200235
0.000231817
0.000257162
0.000275893
0.00028774
0.000292409
0.000289567
0.000278967
0.000260635
0.000235015
0.000203019
0.000165964
0.000125396
8.2873e-05
3.98052e-05
-2.59068e-06
-4.32627e-05
-8.12779e-05
-0.000115783
-0.000145974
-0.000171085
-0.000190455
-0.00020363
-0.000210423
-0.00021083
-0.000204801
-0.000192033
-0.000171978
-0.000144132
-0.000108433
-6.55321e-05
-1.6891e-05
3.52389e-05
8.7982e-05
0.000138251
0.000183303
0.000221124
0.000250474
0.000270719
0.000281654
0.000283365
0.000276086
0.000260142
0.000236081
0.000204878
0.000168028
0.000127475
8.54537e-05
4.42835e-05
6.1128e-06
-2.72905e-05
-5.46016e-05
-7.48867e-05
-8.7532e-05
-9.21967e-05
-8.88022e-05
-7.75747e-05
-5.91203e-05
-3.44685e-05
-5.04074e-06
2.74549e-05
6.11738e-05
9.43004e-05
0.000125194
0.000152473
0.000175033
0.000191999
0.000202707
0.000206717
0.000203894
0.00019451
0.000179343
0.000159715
0.000137397
0.00011436
9.24605e-05
7.31911e-05
5.75871e-05
4.62974e-05
3.97009e-05
3.79839e-05
4.12007e-05
4.93301e-05
6.22477e-05
7.95619e-05
0.000100426
0.000123491
0.000147053
0.000169322
0.000188714
0.000204039
0.000214553
0.000219904
0.000220011
0.000214924
0.000204704
0.000189378
0.000169038
0.000143996
0.000114927
8.29028e-05
4.93038e-05
1.56372e-05
-1.66731e-05
-4.64426e-05
-7.2785e-05
-9.50785e-05
-0.000112879
-0.000125805
-0.000133435
-0.000135273
-0.000130853
-0.000119945
-0.000102755
-7.99856e-05
-5.27528e-05
-2.23939e-05
9.73456e-06
4.24285e-05
7.47182e-05
0.000105815
0.000134955
0.000161249
0.000183647
0.000201038
0.000212461
0.000217343
0.000215637
0.000207841
0.0001949
0.000178041
0.000158552
0.000137593
0.000116113
9.48905e-05
7.46052e-05
5.59011e-05
3.94247e-05
2.5813e-05
1.55877e-05
8.97096e-06
5.68868e-06
4.84123e-06
4.93415e-06
4.15762e-06
9.16394e-07
-5.56457e-06
-1.48825e-05
-2.56177e-05
-3.59679e-05
-4.44634e-05
-5.03744e-05
-5.3773e-05
-5.54233e-05
-5.65101e-05
-5.81582e-05
-6.09698e-05
-6.49234e-05
-6.96211e-05
-7.45915e-05
-7.95225e-05
-8.44601e-05
-8.98674e-05
-9.64051e-05
-0.00010457
-0.000114473
-0.00012584
-0.00013811
-0.00015057
-0.000162498
-0.000173241
-0.000182157
-0.000188503
-0.000191395
-0.000189904
-0.000183215
-0.000170817
-0.000152699
-0.000129448
-0.000102128
-7.2023e-05
-4.04146e-05
-8.51027e-06
2.2567e-05
5.17601e-05
7.80071e-05
0.000100174
0.000117105
0.000127801
0.000131632
0.000128485
0.000118809
0.000103546
8.39858e-05
6.16091e-05
3.7906e-05
1.42167e-05
-8.32204e-06
-2.87149e-05
-4.60337e-05
-5.94049e-05
-6.80482e-05
-7.13462e-05
-6.89533e-05
-6.09174e-05
-4.77493e-05
-4.77493e-05
-3.03989e-05
-1.01574e-05
1.14681e-05
3.28616e-05
5.23789e-05
6.84314e-05
7.96106e-05
8.48433e-05
8.35009e-05
7.54067e-05
6.07803e-05
4.02259e-05
1.47633e-05
-1.42302e-05
-4.52227e-05
-7.67409e-05
-0.000107461
-0.000136216
-0.000162007
-0.000184016
-0.000201577
-0.000214146
-0.000221308
-0.000222813
-0.000218603
-0.00020881
-0.000193745
-0.000173857
-0.000149663
-0.000121652
-9.02319e-05
-5.57781e-05
-1.87639e-05
2.01373e-05
6.00375e-05
9.98556e-05
0.000138306
0.000173885
0.000204925
0.000229744
0.000246802
0.000254871
0.000253223
0.000241833
0.000221457
0.00019347
0.000159557
0.000121489
8.10476e-05
3.99694e-05
-1.54521e-07
-3.78893e-05
-7.18869e-05
-0.000100887
-0.00012385
-0.000140107
-0.000149482
-0.000152361
-0.000149671
-0.000142695
-0.000132774
-0.000121023
-0.000108154
-9.44486e-05
-7.98498e-05
-6.41292e-05
-4.71048e-05
-2.89194e-05
-1.02326e-05
7.87862e-06
2.42812e-05
3.81123e-05
4.88809e-05
5.6444e-05
6.09651e-05
6.27924e-05
6.22357e-05
5.93932e-05
5.41524e-05
4.63268e-05
3.58434e-05
2.29215e-05
8.16008e-06
-7.53704e-06
-2.31555e-05
-3.77668e-05
-5.065e-05
-6.13253e-05
-6.95068e-05
-7.49977e-05
-7.75852e-05
-7.70093e-05
-7.30304e-05
-6.55509e-05
-5.47268e-05
-4.10457e-05
-2.53512e-05
-8.77833e-06
7.40868e-06
2.20139e-05
3.40662e-05
4.28996e-05
4.81533e-05
4.97082e-05
4.75924e-05
4.18975e-05
3.27527e-05
2.03846e-05
5.22671e-06
-1.20128e-05
-3.03813e-05
-4.87854e-05
-6.61182e-05
-8.13904e-05
-9.38471e-05
-0.000103026
-0.000108728
-0.000110928
-0.000109681
-0.000105088
-9.73271e-05
-8.67454e-05
-7.39615e-05
-5.99229e-05
-4.5864e-05
-3.31624e-05
-2.31258e-05
-1.67644e-05
-1.46379e-05
-1.68517e-05
-2.31738e-05
-3.31433e-05
-4.61105e-05
-6.12789e-05
-7.77971e-05
-9.4835e-05
-0.000111577
-0.000127172
-0.000140716
-0.00015126
-0.000157843
-0.000159536
-0.000155544
-0.000145338
-0.000128775
-0.000106157
-7.82289e-05
-4.61107e-05
-1.11897e-05
2.49569e-05
6.0595e-05
9.39089e-05
0.000123174
0.000146943
0.00016414
0.000174083
0.000176524
0.000171669
0.000160138
0.000142873
0.000121061
9.60949e-05
6.95142e-05
4.28746e-05
1.75963e-05
-5.12991e-06
-2.43761e-05
-3.95045e-05
-5.01697e-05
-5.62353e-05
-5.76471e-05
-5.43952e-05
-4.65883e-05
-3.45247e-05
-1.86955e-05
2.30762e-07
2.14182e-05
4.39328e-05
6.68912e-05
8.95925e-05
0.000111534
0.000132317
0.00015153
0.000168693
0.000183266
0.000194686
0.000202376
0.000205798
0.00020458
0.000198651
0.000188279
0.000174029
0.000156692
0.000137208
0.000116576
9.57583e-05
7.5631e-05
5.69743e-05
4.04852e-05
2.67779e-05
1.63695e-05
9.65897e-06
6.89509e-06
8.13285e-06
1.32044e-05
2.17347e-05
3.31876e-05
4.69083e-05
6.2156e-05
7.81384e-05
9.40364e-05
0.000108998
0.000122118
0.000132445
0.000139045
0.000141115
0.000138121
0.000129943
0.000116943
9.99457e-05
8.01045e-05
5.87441e-05
3.71904e-05
1.66036e-05
-2.14512e-06
-1.84681e-05
-3.19334e-05
-4.21542e-05
-4.87955e-05
-5.16468e-05
-5.0684e-05
-4.61289e-05
-3.85053e-05
-2.86044e-05
-1.7313e-05
-5.40441e-06
6.57677e-06
1.83004e-05
2.95597e-05
4.01609e-05
4.98251e-05
5.81247e-05
6.44931e-05
6.83319e-05
6.91649e-05
6.67336e-05
6.09987e-05
5.21066e-05
4.0359e-05
2.61644e-05
9.97737e-06
-7.71812e-06
-2.63572e-05
-4.52345e-05
-6.35069e-05
-8.02668e-05
-9.46487e-05
-0.000105941
-0.000113687
-0.000117739
-0.000118236
-0.000115525
-0.000110086
-0.000102515
-9.35201e-05
-8.38896e-05
-7.44295e-05
-6.59119e-05
-5.906e-05
-5.45235e-05
-5.28227e-05
-5.4296e-05
-5.90905e-05
-6.71858e-05
-7.84259e-05
-9.25512e-05
-0.000109217
-0.00012798
-0.000148267
-0.000169327
-0.000190177
-0.000209535
-0.000225824
-0.000237342
-0.000242578
-0.000240523
-0.000230805
-0.00021367
-0.000189924
-0.000160862
-0.000128125
-9.34696e-05
-5.85864e-05
-2.50248e-05
5.82619e-06
3.27824e-05
5.48967e-05
7.14279e-05
8.18072e-05
8.56842e-05
8.30127e-05
7.40727e-05
5.94278e-05
3.98947e-05
1.6527e-05
-9.44826e-06
-3.67306e-05
-6.4013e-05
-9.00118e-05
-0.000113508
-0.000133404
-0.000148751
-0.000158771
-0.000162893
-0.000160809
-0.000152512
-0.000138282
-0.000118644
-9.43026e-05
-6.60695e-05
-3.47865e-05
-1.30793e-06
-1.30793e-06
3.34667e-05
6.85471e-05
0.000102822
0.000135041
0.000163825
0.000187763
0.000205586
0.000216338
0.000219499
0.000215079
0.000203635
0.000186173
0.000163958
0.000138397
0.000111035
8.35655e-05
5.77435e-05
3.52188e-05
1.73539e-05
5.01817e-06
-1.61107e-06
-3.10769e-06
-5.99138e-07
4.60809e-06
1.13583e-05
1.88007e-05
2.64133e-05
3.39644e-05
4.1383e-05
4.85514e-05
5.51746e-05
6.08454e-05
6.52055e-05
6.80261e-05
6.92037e-05
6.87681e-05
6.68824e-05
6.37314e-05
5.93413e-05
5.35068e-05
4.58927e-05
3.621e-05
2.43664e-05
1.05751e-05
-4.58626e-06
-2.02157e-05
-3.52469e-05
-4.86742e-05
-5.97433e-05
-6.80333e-05
-7.34419e-05
-7.61207e-05
-7.63869e-05
-7.46448e-05
-7.13932e-05
-6.73475e-05
-6.35484e-05
-6.12734e-05
-6.17458e-05
-6.58148e-05
-7.37358e-05
-8.50479e-05
-9.85847e-05
-0.000112745
-0.00012599
-0.00013727
-0.000146137
-0.000152596
-0.000156886
-0.000159239
-0.000159643
-0.000157715
-0.000152841
-0.00014448
-0.000132475
-0.000117207
-9.96018e-05
-8.09578e-05
-6.26431e-05
-4.5787e-05
-3.11231e-05
-1.89979e-05
-9.47968e-06
-2.52103e-06
1.88769e-06
3.6778e-06
2.82885e-06
-4.17292e-07
-5.39463e-06
-1.09978e-05
-1.5834e-05
-1.8497e-05
-1.78664e-05
-1.33236e-05
-4.79535e-06
7.39214e-06
2.27677e-05
4.09209e-05
6.15615e-05
8.44463e-05
0.000109199
0.000135036
0.000160502
0.000183418
0.000201188
0.000211396
0.000212416
0.000203723
0.000185787
0.000159748
0.000127086
8.93491e-05
4.79073e-05
3.87958e-06
-4.16659e-05
-8.7373e-05
-0.000131387
-0.000171415
-0.000205043
-0.000230184
-0.000245468
-0.00025043
-0.000245469
-0.000231641
-0.000210348
-0.000183038
-0.000151028
-0.000115518
-7.77375e-05
-3.91232e-05
-1.39547e-06
3.35024e-05
6.36125e-05
8.72635e-05
0.000103364
0.000111574
0.000112307
0.000106564
9.56777e-05
8.10294e-05
6.38396e-05
4.50959e-05
2.56261e-05
6.26185e-06
-1.20338e-05
-2.81909e-05
-4.11982e-05
-5.02799e-05
-5.49869e-05
-5.52161e-05
-5.11833e-05
-4.3329e-05
-3.21706e-05
-1.81753e-05
-1.71197e-06
1.69223e-05
3.74296e-05
5.94239e-05
8.23592e-05
0.000105495
0.000127935
0.000148762
0.000167207
0.000182741
0.000195048
0.000203955
0.000209363
0.000211193
0.00020936
0.000203825
0.000194712
0.000182411
0.000167611
0.000151248
0.00013438
0.000118029
0.00010305
9.00443e-05
7.93355e-05
7.10173e-05
6.50501e-05
6.13555e-05
5.98718e-05
6.05644e-05
6.33902e-05
6.82212e-05
7.47632e-05
8.25355e-05
9.09305e-05
9.92987e-05
0.000107014
0.000113521
0.00011838
0.00012127
0.000121968
0.000120323
0.00011626
0.000109781
0.000100979
9.00666e-05
7.73936e-05
6.34383e-05
4.87639e-05
3.39814e-05
1.9714e-05
6.54597e-06
-5.02741e-06
-1.4624e-05
-2.19768e-05
-2.69286e-05
-2.94205e-05
-2.94829e-05
-2.72406e-05
-2.29196e-05
-1.68426e-05
-9.41005e-06
-1.075e-06
7.69942e-06
1.64962e-05
2.4997e-05
3.30079e-05
4.04449e-05
4.72836e-05
5.34965e-05
5.90015e-05
6.36304e-05
6.71269e-05
6.91705e-05
6.94028e-05
6.74318e-05
6.28601e-05
5.53921e-05
4.49712e-05
3.18226e-05
1.63789e-05
-8.10958e-07
-1.91237e-05
-3.79033e-05
-5.65328e-05
-7.44788e-05
-9.12529e-05
-0.000106326
-0.000119058
-0.000128695
-0.00013444
-0.000135609
-0.0001318
-0.000123002
-0.000109603
-9.23148e-05
-7.20414e-05
-4.96981e-05
-2.60442e-05
-1.6362e-06
2.30791e-05
4.76204e-05
7.13651e-05
9.35059e-05
0.000113081
0.000129086
0.000140647
0.00014721
0.000148711
0.000145646
0.000139005
0.000130101
0.000120365
0.000111118
0.000103389
9.78458e-05
9.48555e-05
9.45206e-05
9.66086e-05
0.000100478
0.000105145
0.000109475
0.000112384
0.000112975
0.000110668
0.000105295
9.70788e-05
8.64305e-05
7.37092e-05
5.91179e-05
4.27547e-05
2.46926e-05
5.06374e-06
-1.58016e-05
-3.72415e-05
-5.82693e-05
-7.77329e-05
-9.45345e-05
-0.000107852
-0.000117314
-0.000123044
-0.000125576
-0.000125693
-0.000124256
-0.000121992
-0.000119329
-0.00011635
-0.000112885
-0.000108672
-0.000103547
-9.76174e-05
-9.13056e-05
-8.52263e-05
-7.99896e-05
-7.60722e-05
-7.37666e-05
-7.31532e-05
-7.41137e-05
-7.64246e-05
-7.98728e-05
-8.43032e-05
-8.95956e-05
-9.56104e-05
-0.000102119
-0.000108739
-0.000114932
-0.00012011
-0.000123779
-0.000123779
-0.000125644
-0.000125623
-0.00012381
-0.000120426
-0.00011578
-0.000110213
-0.000104063
-9.76435e-05
-9.12614e-05
-8.52487e-05
-7.99813e-05
-7.58663e-05
-7.32609e-05
-7.23329e-05
-7.29777e-05
-7.49093e-05
-7.7837e-05
-8.15031e-05
-8.55534e-05
-8.94866e-05
-9.27946e-05
-9.50984e-05
-9.61451e-05
-9.57832e-05
-9.40004e-05
-9.09319e-05
-8.68148e-05
-8.19666e-05
-7.67664e-05
-7.15635e-05
-6.6575e-05
-6.18919e-05
-5.75763e-05
-5.37321e-05
-5.05034e-05
-4.80418e-05
-4.64845e-05
-4.59307e-05
-4.64038e-05
-4.78164e-05
-4.9954e-05
-5.24802e-05
-5.49709e-05
-5.69995e-05
-5.82369e-05
-5.84957e-05
-5.76972e-05
-5.58181e-05
-5.28558e-05
-4.88044e-05
-4.36322e-05
-3.7285e-05
-2.97257e-05
-2.0986e-05
-1.12023e-05
-6.25337e-07
1.04079e-05
2.15312e-05
3.24019e-05
4.27192e-05
5.22054e-05
6.05619e-05
6.74073e-05
7.22331e-05
7.4438e-05
7.34632e-05
6.89678e-05
6.09394e-05
4.96926e-05
3.58031e-05
2.00399e-05
3.30241e-06
-1.34502e-05
-2.92475e-05
-4.31083e-05
-5.40462e-05
-6.11604e-05
-6.38004e-05
-6.17138e-05
-5.50991e-05
-4.45715e-05
-3.10797e-05
-1.57714e-05
2.13144e-07
1.59501e-05
3.08049e-05
4.43378e-05
5.61674e-05
6.59041e-05
7.31337e-05
7.74266e-05
7.84184e-05
7.59684e-05
7.02885e-05
6.19429e-05
5.17373e-05
4.05679e-05
2.92731e-05
1.85228e-05
8.77936e-06
3.3039e-07
-6.65831e-06
-1.21107e-05
-1.60358e-05
-1.85407e-05
-1.98454e-05
-2.02692e-05
-2.0168e-05
-1.98588e-05
-1.95879e-05
-1.95438e-05
-1.98552e-05
-2.05477e-05
-2.15131e-05
-2.25328e-05
-2.33311e-05
-2.36226e-05
-2.31631e-05
-2.18202e-05
-1.96415e-05
-1.68744e-05
-1.39149e-05
-1.1209e-05
-9.15729e-06
-8.04903e-06
-8.01313e-06
-9.00093e-06
-1.08371e-05
-1.33065e-05
-1.61919e-05
-1.92552e-05
-2.22354e-05
-2.48888e-05
-2.70192e-05
-2.84842e-05
-2.9225e-05
-2.93304e-05
-2.90736e-05
-2.88699e-05
-2.91681e-05
-3.03357e-05
-3.25711e-05
-3.58473e-05
-3.98937e-05
-4.42418e-05
-4.83319e-05
-5.16307e-05
-5.37174e-05
-5.43414e-05
-5.34589e-05
-5.12055e-05
-4.77914e-05
-4.33885e-05
-3.80996e-05
-3.19973e-05
-2.5166e-05
-1.7728e-05
-9.88247e-06
-1.94007e-06
5.68896e-06
1.25581e-05
1.82656e-05
2.253e-05
2.52533e-05
2.65639e-05
2.6839e-05
2.67015e-05
2.69625e-05
2.84813e-05
3.19791e-05
3.78953e-05
4.6316e-05
5.6936e-05
6.90556e-05
8.16899e-05
9.38024e-05
0.000104536
0.000113322
0.000119896
0.000124263
0.000126613
0.000127158
0.000125994
0.000123109
0.00011848
0.00011215
0.000104267
9.50957e-05
8.49948e-05
7.43116e-05
6.32567e-05
5.18859e-05
4.01987e-05
2.825e-05
1.62019e-05
4.3505e-06
-6.83982e-06
-1.67415e-05
-2.46595e-05
-2.99817e-05
-3.22986e-05
-3.14589e-05
-2.75785e-05
-2.10106e-05
-1.22582e-05
-1.86187e-06
9.66597e-06
2.18169e-05
3.40202e-05
4.55978e-05
5.57565e-05
6.36127e-05
6.82805e-05
6.90234e-05
6.54109e-05
5.74052e-05
4.53514e-05
2.98854e-05
1.18104e-05
-7.97212e-06
-2.84471e-05
-4.84663e-05
-6.68048e-05
-8.22752e-05
-9.38324e-05
-0.00010066
-0.000102265
-9.85698e-05
-8.99295e-05
-7.70633e-05
-6.09233e-05
-4.25719e-05
-2.30717e-05
-3.38137e-06
1.56934e-05
3.34501e-05
4.9203e-05
6.22678e-05
7.20188e-05
7.79434e-05
7.9678e-05
7.70694e-05
7.02436e-05
5.9614e-05
4.58255e-05
2.96849e-05
1.21007e-05
-5.98279e-06
-2.36476e-05
-4.0035e-05
-5.43608e-05
-6.59465e-05
-7.42596e-05
-7.89338e-05
-7.97621e-05
-7.66989e-05
-6.98859e-05
-5.96705e-05
-4.65841e-05
-3.12963e-05
-1.45746e-05
2.75487e-06
1.98653e-05
3.59901e-05
5.04626e-05
6.27411e-05
7.24408e-05
7.9366e-05
8.35126e-05
8.50282e-05
8.41483e-05
8.11491e-05
7.6342e-05
7.0088e-05
6.27979e-05
5.49195e-05
4.6931e-05
3.93281e-05
3.25792e-05
2.70433e-05
2.28772e-05
1.99782e-05
1.80118e-05
1.65275e-05
1.50966e-05
1.34056e-05
1.12982e-05
8.78128e-06
5.97457e-06
3.00279e-06
-1.0001e-07
-3.39506e-06
-6.95349e-06
-1.07374e-05
-1.44886e-05
-1.76564e-05
-1.94229e-05
-1.88643e-05
-1.52148e-05
-8.11892e-06
2.24849e-06
1.5248e-05
2.99347e-05
4.51548e-05
5.95546e-05
7.16409e-05
7.99803e-05
8.34199e-05
8.11905e-05
7.29292e-05
5.87478e-05
3.93559e-05
1.61425e-05
-8.83812e-06
-3.29642e-05
-5.32699e-05
-6.68847e-05
-7.16323e-05
-6.64791e-05
-5.15484e-05
-2.7834e-05
2.96259e-06
2.96259e-06
3.83594e-05
7.515e-05
0.00010985
0.000139303
0.000161118
0.000173939
0.000177636
0.000173249
0.00016251
0.00014713
0.000128263
0.000106343
8.10998e-05
5.16666e-05
1.69502e-05
-2.36947e-05
-6.98941e-05
-0.000120122
-0.000171808
-0.000221382
-0.000264428
-0.000296247
-0.000312647
-0.000310583
-0.000288649
-0.000247593
-0.000190534
-0.000122446
-4.91163e-05
2.37345e-05
9.10081e-05
0.000148825
0.000194971
0.000228599
0.000249323
0.00025669
0.000250404
0.000230742
0.000198791
0.000156687
0.000107802
5.6434e-05
6.9293e-06
-3.725e-05
-7.40903e-05
-0.000103152
-0.000125301
-0.000142099
-0.00015497
-0.000164383
-0.000169441
-0.0001682
-0.000158557
-0.000139156
-0.000109943
-7.24278e-05
-2.96402e-05
1.44804e-05
5.60828e-05
9.21937e-05
0.00012098
0.000141704
0.000154528
0.000160055
0.000158756
0.000150709
0.00013582
0.000114154
8.61439e-05
5.2734e-05
1.54736e-05
-2.36153e-05
-6.23941e-05
-9.8919e-05
-0.000131547
-0.00015892
-0.000179917
-0.000193563
-0.000198966
-0.000195422
-0.000182666
-0.000161052
-0.000131561
-9.57095e-05
-5.54512e-05
-1.30324e-05
2.92207e-05
6.90506e-05
0.000104285
0.000132838
0.000152852
0.000162962
0.000162543
0.000151848
0.00013199
0.000104804
7.25963e-05
3.77612e-05
2.38469e-06
-3.19266e-05
-6.39305e-05
-9.25557e-05
-0.000116821
-0.000135824
-0.000148738
-0.000154894
-0.00015398
-0.000146193
-0.000132204
-0.000113025
-8.98428e-05
-6.38823e-05
-3.62836e-05
-8.06532e-06
1.98204e-05
4.63863e-05
7.05391e-05
9.11131e-05
0.000107006
0.000117338
0.000121564
0.000119534
0.000111507
9.80999e-05
8.01644e-05
5.86638e-05
3.45925e-05
8.94864e-06
-1.72617e-05
-4.3004e-05
-6.72041e-05
-8.87834e-05
-0.000106741
-0.000120245
-0.000128697
-0.000131765
-0.000129378
-0.000121703
-0.000109106
-9.21318e-05
-7.14993e-05
-4.80966e-05
-2.29508e-05
2.81199e-06
2.8009e-05
5.14582e-05
7.20581e-05
8.88633e-05
0.000101123
0.000108289
0.000110037
0.000106302
9.72906e-05
8.34685e-05
6.55352e-05
4.44046e-05
2.11753e-05
-2.9268e-06
-2.66319e-05
-4.87148e-05
-6.80746e-05
-8.38039e-05
-9.52434e-05
-0.000102005
-0.000103961
-0.000101206
-9.4027e-05
-8.28773e-05
-6.83406e-05
-5.11027e-05
-3.19356e-05
-1.16866e-05
8.74634e-06
2.84597e-05
4.65916e-05
6.23585e-05
7.50791e-05
8.42012e-05
8.93393e-05
9.03054e-05
8.7115e-05
7.99793e-05
6.92983e-05
5.56416e-05
3.97049e-05
2.22621e-05
4.13273e-06
-1.38527e-05
-3.08955e-05
-4.62632e-05
-5.93078e-05
-6.94842e-05
-7.6378e-05
-7.97307e-05
-7.94503e-05
-7.56138e-05
-6.84653e-05
-5.84037e-05
-4.59566e-05
-3.17466e-05
-1.64589e-05
-8.07302e-07
1.44992e-05
2.87876e-05
4.14484e-05
5.19572e-05
5.98868e-05
6.49155e-05
6.68507e-05
6.56549e-05
6.1447e-05
5.44803e-05
4.51246e-05
3.38589e-05
2.12507e-05
7.9194e-06
-5.49983e-06
-1.83874e-05
-3.01685e-05
-4.0335e-05
-4.84558e-05
-5.41862e-05
-5.729e-05
-5.76659e-05
-5.53537e-05
-5.05168e-05
-4.34235e-05
-3.44387e-05
-2.40135e-05
-1.26592e-05
-9.13187e-07
1.06887e-05
2.16328e-05
3.14423e-05
3.96914e-05
4.6024e-05
5.018e-05
5.20101e-05
5.1476e-05
4.86466e-05
4.36951e-05
3.68889e-05
2.85717e-05
1.91479e-05
9.06958e-06
-1.18782e-06
-1.11543e-05
-2.0385e-05
-2.847e-05
-3.50517e-05
-3.98491e-05
-4.26766e-05
-4.34464e-05
-4.21647e-05
-3.89275e-05
-3.39179e-05
-2.73973e-05
-1.96899e-05
-1.11651e-05
-2.22153e-06
6.72963e-06
1.52808e-05
2.30448e-05
2.96768e-05
3.48975e-05
3.85021e-05
4.03577e-05
4.04088e-05
3.86865e-05
3.53046e-05
3.04473e-05
2.43642e-05
1.73596e-05
9.77019e-06
1.9501e-06
-5.73642e-06
-1.29354e-05
-1.9331e-05
-2.46532e-05
-2.86738e-05
-3.12218e-05
-3.22083e-05
-3.16287e-05
-2.95449e-05
-2.60739e-05
-2.139e-05
-1.57233e-05
-9.34861e-06
-2.57336e-06
4.27704e-06
1.08815e-05
1.69462e-05
2.22142e-05
2.64658e-05
2.95247e-05
3.12708e-05
3.16466e-05
3.06574e-05
2.83721e-05
2.49198e-05
2.04791e-05
1.52698e-05
9.54674e-06
3.58701e-06
-2.3279e-06
-7.92657e-06
-1.29598e-05
-1.72142e-05
-2.05206e-05
-2.27514e-05
-2.38196e-05
-2.36885e-05
-2.23819e-05
-1.9982e-05
-1.66189e-05
-1.24635e-05
-7.72254e-06
-2.62753e-06
2.57977e-06
7.65961e-06
1.23843e-05
1.65486e-05
1.65486e-05
1.9977e-05
2.25286e-05
2.41008e-05
2.46363e-05
2.41266e-05
2.26134e-05
2.26134e-05
