9.96597e-11
3.38254e-09
1.03336e-08
-4.55777e-08
-3.94757e-07
-1.3233e-06
-2.80067e-06
-4.38343e-06
-5.70505e-06
-6.80149e-06
-7.7278e-06
-8.24881e-06
-8.20309e-06
-7.81108e-06
-7.38665e-06
-7.03025e-06
-6.69208e-06
-6.28145e-06
-5.69809e-06
-4.90572e-06
-3.97954e-06
-3.08204e-06
-2.40692e-06
-2.09783e-06
-2.21493e-06
-2.78211e-06
-3.80257e-06
-5.21496e-06
-6.9031e-06
-8.7776e-06
-1.08288e-05
-1.31035e-05
-1.56378e-05
-1.84032e-05
-2.13014e-05
-2.41927e-05
-2.69207e-05
-2.93394e-05
-3.13458e-05
-3.28879e-05
-3.39426e-05
-3.45005e-05
-3.45623e-05
-3.41225e-05
-3.31465e-05
-3.15753e-05
-2.93584e-05
-2.6484e-05
-2.29884e-05
-1.8946e-05
-1.44442e-05
-9.55748e-06
-4.34171e-06
1.16224e-06
6.93057e-06
1.29511e-05
1.91996e-05
2.56263e-05
3.21684e-05
3.87591e-05
4.53294e-05
5.18248e-05
5.82288e-05
6.45657e-05
7.08807e-05
7.72135e-05
8.35842e-05
8.99984e-05
9.64499e-05
0.000102899
0.000109248
0.000115348
0.000121014
0.000126028
0.000130143
0.00013311
0.000134714
0.000134787
0.000133219
0.00012995
0.000124956
0.00011821
0.000109665
9.92558e-05
8.69198e-05
7.26224e-05
5.63928e-05
3.836e-05
1.87592e-05
-2.10033e-06
-2.38946e-05
-4.63408e-05
-6.92295e-05
-9.24361e-05
-0.000115914
-0.000139653
-0.00016362
-0.000187691
-0.000211637
-0.00023513
-0.000257777
-0.000279169
-0.000298933
-0.000316754
-0.00033239
-0.000345667
-0.000356489
-0.000364819
-0.000370639
-0.000373925
-0.000374623
-0.000372612
-0.000367683
-0.000359568
-0.000348007
-0.000332823
-0.000314013
-0.000291819
-0.000266705
-0.000239279
-0.000210195
-0.000180054
-0.000149296
-0.000118108
-8.64078e-05
-5.38895e-05
-2.00953e-05
1.55424e-05
5.36506e-05
9.47947e-05
0.000139352
0.000187486
0.000239167
0.000294145
0.00035191
0.000411701
0.00047254
0.000533199
0.000592144
0.000647507
0.000697142
0.000738755
0.000770077
0.000789032
0.000793909
0.000783572
0.000757555
0.000715895
0.000658729
0.000585878
0.000496624
0.000389754
0.000264022
0.000119137
-4.31054e-05
-0.000218216
-0.000399114
-0.000576629
-0.000740529
-0.0008813
-0.000991935
-0.00106862
-0.00111034
-0.00111838
-0.00109563
-0.00104562
-0.000971537
-0.000876184
-0.000762485
-0.000633996
-0.000495011
-0.000350443
-0.000205452
-6.47427e-05
6.82314e-05
0.000191715
0.000305546
0.000410708
0.000508819
0.000601655
0.000690637
0.000776246
0.000857561
0.000932252
0.00099714
0.00104889
0.00108456
0.00110223
0.00110218
0.00108788
0.00106593
0.00104488
0.00103364
0.00104028
0.00107078
0.00112801
0.00121167
0.0013195
0.00144876
0.00159713
0.00176284
0.00194378
0.00213507
0.00232542
0.00249404
0.0026094
0.00263202
0.00252249
0.0022522
0.00181135
0.00121223
0.000489677
-0.000302632
-0.00110329
-0.00185729
-0.00252434
-0.00307961
-0.0035123
-0.00382299
-0.00401742
-0.00409976
-0.00407073
-0.00393128
-0.00368708
-0.00335105
-0.00294388
-0.00249287
-0.00202817
-0.00157724
-0.00116038
-0.000789722
-0.000471421
-0.000208849
-5.07637e-06
0.000135688
0.000208182
0.000208317
0.00013693
2.81196e-06
-0.00017685
-0.000378561
-0.000576077
-0.000744441
-0.000863443
-0.000919223
-0.000903621
-0.000812212
-0.000642458
-0.000392735
-6.23381e-05
0.000347555
0.000832287
0.00138239
0.00198345
0.00261727
0.00326367
0.00390224
0.00451337
0.00507833
0.0055787
0.00599598
0.00631219
0.00651135
0.006581
0.00651324
0.0063051
0.00595843
0.00547883
0.00487244
0.00413952
0.00326628
0.00222163
0.000967779
-0.000514913
-0.00220389
-0.00402806
-0.00587574
-0.00760478
-0.00905966
-0.0101059
-0.0106649
-0.0107225
-0.010314
-0.00950587
-0.00837839
-0.00700299
-0.00542835
-0.00368673
-0.00181231
0.000145235
0.00211639
0.00401348
0.00573844
0.00719795
0.0083209
0.0090688
0.00943537
0.00943844
0.00910805
0.00847139
0.00753796
0.00629428
0.00471891
0.00281588
0.000644869
-0.00167434
-0.00397865
-0.00608149
-0.00779823
-0.00898749
-0.00958885
-0.0096252
-0.00917394
-0.00833469
-0.00720325
-0.00585005
-0.00431466
-0.00262507
-0.000827204
0.000998111
0.00273862
0.00426743
0.00426743
0.00546286
0.00622641
0.00649863
0.00626764
0.00556158
0.00442839
0.00292181
0.00110437
-0.000941161
-0.00310382
-0.00524191
-0.00718788
-0.0087664
-0.00982435
-0.0102605
-0.0100429
-0.00921155
-0.0078666
-0.00614594
-0.00419638
-0.00214982
-0.000112779
0.00183059
0.00360913
0.00515625
0.00640602
0.00729539
0.00777266
0.00780983
0.00741292
0.00662461
0.00551768
0.00418284
0.00271581
0.00120617
-0.00027034
-0.00165327
-0.00289224
-0.0039406
-0.00475421
-0.0052946
-0.0055333
-0.00545627
-0.00506873
-0.00439735
-0.00348739
-0.00239646
-0.00118913
6.57628e-05
0.0012959
0.00242597
0.00338016
0.00408889
0.00449997
0.00458856
0.00436054
0.00385056
0.0031178
0.00223674
0.00128157
0.000312616
-0.000626542
-0.00150414
-0.00229461
-0.00297359
-0.00351315
-0.00388108
-0.00404698
-0.0039924
-0.0037204
-0.00326245
-0.0026788
-0.00204795
-0.00144757
-0.000936301
-0.000542681
-0.000262253
-6.36743e-05
9.67198e-05
0.000258679
0.00044735
0.000668991
0.000912563
0.00115873
0.00139289
0.00161192
0.00181645
0.0019915
0.00209036
0.00203901
0.00176192
0.00121025
0.000379944
-0.000675928
-0.00184336
-0.00296812
-0.00389832
-0.00452126
-0.00478002
-0.00467711
-0.00426754
-0.00363649
-0.00287101
-0.00204286
-0.00120542
-0.000395407
0.000365628
0.00106736
0.00170261
0.00226097
0.00273062
0.00310377
0.00337497
0.00353474
0.00357
0.00347275
0.00324665
0.00290792
0.00248523
0.0020187
0.00155328
0.00112765
0.000766232
0.000477939
0.000258711
9.56698e-05
-2.68036e-05
-0.00011999
-0.00018619
-0.000219267
-0.000209739
-0.00015054
-3.96223e-05
0.00012098
0.000327306
0.000575285
0.000861795
0.00118393
0.00153562
0.00190294
0.00226064
0.00257174
0.00279145
0.00287554
0.00279078
0.00252302
0.0020811
0.00149727
0.000823161
0.000119885
-0.000554046
-0.00115014
-0.00163134
-0.00197149
-0.00215429
-0.00217039
-0.00201355
-0.00167941
-0.00116786
-0.000486647
0.000346298
0.00130145
0.00233646
0.00339519
0.00440787
0.00529369
0.00596834
0.00635844
0.00641738
0.00613331
0.0055289
0.00465845
0.00360011
0.0024373
0.00123738
4.30579e-05
-0.00112239
-0.00224586
-0.00331393
-0.00430044
-0.00515981
-0.00583318
-0.0062627
-0.00640492
-0.00624052
-0.00577998
-0.00506147
-0.00413962
-0.00307132
-0.00190652
-0.000686044
0.000556025
0.00178769
0.00297369
0.00407277
0.0050404
0.0058359
0.00642999
0.00680965
0.00697909
0.00695644
0.00676704
0.00643645
0.00598648
0.0054354
0.00480009
0.00409813
0.00334804
0.00256553
0.00175675
0.000914942
2.6257e-05
-0.000916654
-0.00189978
-0.00287831
-0.00377874
-0.00451383
-0.00500373
-0.00519605
-0.00508353
-0.00471377
-0.00417942
-0.00358938
-0.00303932
-0.0025958
-0.0022909
-0.00212279
-0.00206575
-0.00208891
-0.00217109
-0.00230171
-0.00247208
-0.00266789
-0.002866
-0.00303319
-0.0031282
-0.0031114
-0.00295839
-0.00266735
-0.0022558
-0.00175171
-0.00118398
-0.000573052
7.55484e-05
0.000770114
0.00152322
0.00233855
0.00319859
0.00405658
0.00483701
0.00545074
0.00582301
0.00591862
0.00574854
0.0053611
0.00483025
0.00423981
0.00365783
0.00311443
0.00260242
0.00209634
0.00157162
0.00101853
0.000453442
-7.89888e-05
-0.000518703
-0.000811594
-0.000928879
-0.000881046
-0.000723259
-0.00054514
-0.000445043
-0.000501254
-0.000752249
-0.00119017
-0.00176975
-0.00243145
-0.00312637
-0.00382872
-0.00453612
-0.00526435
-0.00603516
-0.00685627
-0.00770494
-0.00852738
-0.00925167
-0.0098018
-0.0101067
-0.0101081
-0.00976695
-0.00906271
-0.00798632
-0.0065393
-0.00474349
-0.00265019
-0.000340594
0.00207751
0.00447333
0.00670329
0.00862983
0.0101394
0.0111507
0.0116152
0.0115124
0.0108458
0.0096387
0.00793489
0.00580093
0.00332885
0.000637048
-0.00213276
-0.00482566
-0.00728904
-0.00938659
-0.0110077
-0.0120724
-0.0125327
-0.0123684
-0.011583
-0.0102026
-0.00828236
-0.00591511
-0.00591511
-0.00323381
-0.000398906
0.00242458
0.00508699
0.00746651
0.00947964
0.0110861
0.0122781
0.0130587
0.0134269
0.0133752
0.0128943
0.0119817
0.0106573
0.00897572
0.00702599
0.00491889
0.00276963
0.000681827
-0.00126511
-0.00302171
-0.00456464
-0.00588597
-0.00698193
-0.0078449
-0.00845979
-0.00880613
-0.00886628
-0.0086347
-0.00812217
-0.00735521
-0.00637435
-0.00523102
-0.00398089
-0.00267744
-0.0013704
-0.000107064
0.00106804
0.00211523
0.00300095
0.00369906
0.004193
0.00447673
0.00455204
0.00442368
0.00409602
0.00357224
0.00285568
0.00195463
0.000891216
-0.000290603
-0.0015243
-0.00272686
-0.00380734
-0.0046781
-0.00527002
-0.0055449
-0.0054977
-0.00515117
-0.00455006
-0.00375456
-0.0028301
-0.00183782
-0.000831876
0.000138614
0.00102939
0.00180262
0.00242622
0.0028722
0.00311832
0.00315274
0.00297632
0.00260237
0.0020566
0.00137774
0.00061569
-0.000172477
-0.00092617
-0.00158405
-0.00208779
-0.00238668
-0.00244124
-0.00222569
-0.00173124
-0.000969956
2.37833e-05
0.00119584
0.00247715
0.0037886
0.00504702
0.00617371
0.00710335
0.00778919
0.00820297
0.00833238
0.00817855
0.00775163
0.00706397
0.00612567
0.00494654
0.00354166
0.0019361
0.00016984
-0.00169687
-0.00358286
-0.00539376
-0.00703311
-0.00841128
-0.0094529
-0.0101043
-0.0103375
-0.0101473
-0.00954783
-0.00857084
-0.00726638
-0.00570011
-0.00394893
-0.00209792
-0.000237286
0.00154447
0.00316914
0.00457364
0.0057094
0.00654067
0.00704362
0.00720414
0.00701519
0.00647717
0.00560262
0.00442156
0.00298385
0.00135885
-0.000367217
-0.00209702
-0.00373113
-0.00517717
-0.00635582
-0.00720405
-0.00767706
-0.00774924
-0.00741375
-0.0066818
-0.00558292
-0.00416542
-0.00249491
-0.000649616
0.00128574
0.0032253
0.00508644
0.00679331
0.0082783
0.00948068
0.0103454
0.0108247
0.0108825
0.0104975
0.00966823
0.00841734
0.00679363
0.00486856
0.00272826
0.000464636
-0.001832
-0.00407716
-0.00619264
-0.00810464
-0.00974227
-0.0110378
-0.0119289
-0.0123643
-0.0123108
-0.0117601
-0.0107316
-0.00927063
-0.00744318
-0.00532829
-0.00301061
-0.000575828
0.00189115
0.00430645
0.00658729
0.00865277
0.0104265
0.0118418
0.0128475
0.0134139
0.0135352
0.0132273
0.0125227
0.0114626
0.0100896
0.00844329
0.00656148
0.00448654
0.00227481
1.77195e-06
-0.00223898
-0.00434045
-0.00619121
-0.0076908
-0.0087662
-0.00938012
-0.00953058
-0.00924744
-0.00858674
-0.00762031
-0.00642437
-0.00507426
-0.00364445
-0.00220761
-0.000830822
0.000426972
0.00151515
0.00239257
0.00303109
0.00341756
0.00355158
0.00344179
0.00310431
0.00256307
0.00184962
0.00100203
6.41147e-05
-0.000915771
-0.00188773
-0.00280462
-0.0036256
-0.00431738
-0.00485331
-0.00521066
-0.00536823
-0.00530621
-0.00500867
-0.00446731
-0.00368595
-0.00268503
-0.0015027
-0.000190966
0.00119101
0.00258334
0.0039308
0.00518652
0.00631237
0.00727641
0.00805019
0.00860755
0.00892553
0.00898652
0.00878133
0.00831177
0.00759153
0.00664495
0.00550478
0.0042107
0.00280859
0.0013498
-0.000109792
-0.0015105
-0.00279119
-0.00389522
-0.00477827
-0.00541406
-0.00579693
-0.00594205
-0.0058819
-0.00565769
-0.00530951
-0.00487115
-0.00436956
-0.0038255
-0.00325497
-0.00267364
-0.00210163
-0.00156389
-0.00108592
-0.000688818
-0.000385963
-0.000180992
-6.74376e-05
-3.0965e-05
-5.34044e-05
-0.000116352
-0.000203176
-0.000299891
-0.000395342
-0.000480559
-0.000547764
-0.000590135
-0.000602398
-0.000580953
-0.000523072
-0.000426135
-0.00028726
-0.00010316
0.000128447
0.000404691
0.000713306
0.0010323
0.00133327
0.00158501
0.0017571
0.00182456
0.00177203
0.00159477
0.00129696
0.0008897
0.000388917
-0.000186888
-0.000817763
-0.00148146
-0.00215209
-0.00280045
-0.00339646
-0.00391199
-0.00432288
-0.00461018
-0.00476113
-0.00476934
-0.00463348
-0.00435489
-0.00393541
-0.0033771
-0.0033771
-0.00268454
-0.00186963
-0.000957191
1.19858e-05
0.000983452
0.00189572
0.00268835
0.00331066
0.00373107
0.00394339
0.00396497
0.00382754
0.00356733
0.00321808
0.0028064
0.00234986
0.00186016
0.00134992
0.000837668
0.000348306
-8.94259e-05
-0.000446812
-0.000700414
-0.000837313
-0.000857257
-0.000770581
-0.000594036
-0.00034693
-4.82982e-05
0.000284766
0.000637157
0.000994532
0.00134209
0.00166424
0.00194539
0.00217171
0.00233348
0.00242644
0.00245162
0.00241366
0.00231881
0.00217314
0.00198151
0.0017474
0.00147404
0.00116661
0.000834072
0.000489302
0.000147632
-0.000175007
-0.000463925
-0.000707602
-0.000898973
-0.00103535
-0.00111734
-0.00114772
-0.00113048
-0.00107002
-0.00097052
-0.000836106
-0.000671271
-0.000481088
-0.000271622
-5.2125e-05
0.000160802
0.000339598
0.000445901
0.000435956
0.000270831
-7.14903e-05
-0.000587618
-0.00124764
-0.00199926
-0.00277441
-0.00350044
-0.00411601
-0.00458267
-0.00488422
-0.00501829
-0.00498919
-0.004803
-0.00446322
-0.0039697
-0.00332372
-0.00253523
-0.00162677
-0.000633064
0.00040201
0.00143068
0.00240801
0.00329701
0.00406927
0.00470155
0.00517267
0.00546275
0.00555471
0.00543728
0.00511007
0.00458907
0.00390844
0.00311645
0.00226775
0.00141507
0.000601748
-0.000142663
-0.000801192
-0.00136282
-0.00181527
-0.0021413
-0.00231871
-0.0023236
-0.00213712
-0.0017538
-0.00118609
-0.000463296
0.000373036
0.00127411
0.00218696
0.00305306
0.00380265
0.00435105
0.00460474
0.00448063
0.00393155
0.00296387
0.00163888
6.38538e-05
-0.00162212
-0.00327424
-0.00477856
-0.00607615
-0.00715703
-0.00803571
-0.00872782
-0.00923207
-0.00951861
-0.00953349
-0.0092212
-0.00855043
-0.00752898
-0.00620551
-0.00466068
-0.00298866
-0.00127429
0.000423554
0.00207448
0.00366598
0.00518737
0.00661646
0.00791382
0.00902461
0.00988475
0.0104301
0.010609
0.0103954
0.00979517
0.00884293
0.00759534
0.00612596
0.00451829
0.00285595
0.00121552
-0.000335894
-0.00174254
-0.00296238
-0.00396627
-0.00473432
-0.00525441
-0.00552385
-0.00555028
-0.00535006
-0.00494647
-0.00436881
-0.00365086
-0.00282815
-0.00193593
-0.00100931
-8.48748e-05
0.000799252
0.00160556
0.00230015
0.00285531
0.00325268
0.00348727
0.00356841
0.00351393
0.00333872
0.00304247
0.00260476
0.0019947
0.00119081
0.000197083
-0.000950917
-0.00218354
-0.00339969
-0.00448442
-0.00533756
-0.00589421
-0.00612924
-0.00605193
-0.00569496
-0.00509835
-0.00429717
-0.00332222
-0.00221175
-0.0010235
0.000162028
0.00125044
0.0021505
0.00279192
0.00313979
0.0032035
0.00303324
0.00269994
0.00226927
0.00178568
0.00127021
0.000726655
0.000154691
-0.000432542
-0.00099685
-0.00147838
-0.00181045
-0.0019365
-0.00182392
-0.00147249
-0.000913919
-0.000201692
0.000603646
0.00144626
0.00228007
0.00306816
0.00377838
0.0043776
0.00482905
0.00509628
0.00515109
0.0049793
0.00458249
0.00397807
0.0031981
0.00228545
0.00128868
0.000258858
-0.000751284
-0.00168741
-0.00249399
-0.00311701
-0.00351123
-0.00365035
-0.00353444
-0.00319021
-0.00266489
-0.00201693
-0.00130497
-0.000577139
0.000134484
0.000810931
0.00143862
0.00200182
0.00247691
0.00283001
0.0030217
0.00301835
0.00280351
0.00238398
0.00178957
0.00106744
0.000272352
-0.000543125
-0.00133454
-0.00206655
-0.0027106
-0.00324101
-0.0036314
-0.00385355
-0.00388022
-0.00369144
-0.00328153
-0.00266401
-0.00187284
-0.000960162
8.62656e-06
0.000961117
0.00182476
0.00253437
0.00303868
0.00330386
0.0033152
0.0030797
0.00262624
0.00199829
0.00124186
0.0003977
-0.000500707
-0.00142732
-0.00236098
-0.00327689
-0.00413692
-0.00488743
-0.00546481
-0.00580375
-0.00584778
-0.00556308
-0.00494841
-0.0040339
-0.00287166
-0.00152594
-6.54115e-05
0.00144355
0.00294024
0.00436705
0.00566457
0.00677046
0.00762371
0.00817206
0.00837972
0.0082334
0.00774519
0.00695123
0.00590561
0.00467155
0.00467155
0.00331338
0.00189235
0.000465517
-0.000914087
-0.00219673
-0.00333547
-0.00428735
-0.00501668
-0.00549908
-0.00572347
-0.005691
-0.0054121
-0.0049038
-0.0041879
-0.00328963
-0.00223758
-0.00106589
0.000182733
0.00145583
0.0026934
0.00383193
0.00480888
0.0055683
0.00606727
0.00628044
0.00619983
0.00583181
0.00519425
0.00431457
0.00322827
0.00197897
0.000619985
-0.000784963
-0.00216344
-0.00343853
-0.00453559
-0.00539025
-0.00595485
-0.00620172
-0.00612434
-0.00573646
-0.005069
-0.00416609
-0.00308282
-0.00188402
-0.000642591
0.000564244
0.00166096
0.00258063
0.00327075
0.00369819
0.00385316
0.00374929
0.0034175
0.00289727
0.0022311
0.00146233
0.000633244
-0.000216303
-0.00104744
-0.00181975
-0.00249193
-0.00302679
-0.00339805
-0.00359552
-0.00362642
-0.00351231
-0.00328362
-0.00297346
-0.00261118
-0.00221751
-0.0018038
-0.00137566
-0.000938056
-0.000498965
-7.08558e-05
0.000329816
0.000685009
0.000978879
0.00120142
0.00134982
0.00142697
0.00143885
0.00139242
0.00129382
0.00114659
0.000951189
0.000706499
0.000412321
7.17807e-05
-0.00030757
-0.000714809
-0.00113792
-0.00156488
-0.0019829
-0.00237722
-0.0027309
-0.00302534
-0.003241
-0.00335859
-0.00336204
-0.00324295
-0.00300405
-0.00265909
-0.00223022
-0.00174466
-0.00123104
-0.00071527
-0.00021797
0.000245213
0.0006619
0.00102183
0.00131623
0.0015372
0.001678
0.00173486
0.00170901
0.00160716
0.00144036
0.00122263
0.000969626
0.000697313
0.000420842
0.000154321
-8.86889e-05
-0.000294917
-0.000451942
-0.000549261
-0.000579476
-0.000539342
-0.000430344
-0.000258256
-3.17572e-05
0.000239197
0.000544882
0.000877229
0.00123075
0.00160215
0.00198879
0.0023874
0.00279356
0.00320074
0.00359788
0.00396602
0.00427625
0.00449058
0.00456574
0.00445887
0.00413567
0.00358004
0.00280029
0.00182856
0.00071677
-0.000467296
-0.00164693
-0.00274888
-0.00371479
-0.00450414
-0.00509185
-0.00546734
-0.0056341
-0.00560499
-0.00539523
-0.00501902
-0.0044904
-0.00382388
-0.00303493
-0.00214325
-0.00117694
-0.000172673
0.000827972
0.00178103
0.00264115
0.00336451
0.00391398
0.00426255
0.00439369
0.00430101
0.00398912
0.00347407
0.00278209
0.00194728
0.00100959
1.26713e-05
-0.000998992
-0.00198297
-0.00290034
-0.00371585
-0.00439777
-0.0049173
-0.00524744
-0.00536286
-0.00524261
-0.00487475
-0.00426093
-0.00342043
-0.00239248
-0.00123412
-1.26963e-05
0.00120316
0.00234985
0.00337217
0.00422503
0.00487369
0.00529272
0.00546528
0.00538421
0.00505482
0.00449782
0.0037494
0.00285744
0.00187552
0.000856159
-0.00015551
-0.00112526
-0.00202796
-0.00284225
-0.00354603
-0.00411423
-0.00451774
-0.00472478
-0.00470736
-0.00445051
-0.00395874
-0.00325703
-0.00238805
-0.00140666
-0.000371503
0.000663555
0.00165369
0.00256226
0.00335799
0.00401267
0.00449955
0.00479354
0.0048743
0.00473112
0.00436721
0.00380153
0.00306753
0.0022094
0.00127693
0.000320589
-0.000611866
-0.00147664
-0.00223442
-0.00285118
-0.00329949
-0.00356046
-0.00362662
-0.00350409
-0.00321198
-0.00277898
-0.0022392
-0.00162757
-0.000974574
-0.000302671
0.000372907
0.00103977
0.00168459
0.00229166
0.00284223
0.00331432
0.00368469
0.00393319
0.00404692
0.00402149
0.00386015
0.00357242
0.00317306
0.00268073
0.00211618
0.00150095
0.00085685
0.000205643
-0.000431099
-0.00103139
-0.00157239
-0.00203121
-0.00238607
-0.0026173
-0.00270901
-0.00265179
-0.00244466
-0.00209552
-0.0016211
-0.00104635
-0.000402072
0.000278708
0.000964045
0.001625
0.00223663
0.0027784
0.00323357
0.00358819
0.00383023
0.00394849
0.00393087
0.00376348
0.00343342
0.00293454
0.00227191
0.00146304
0.000538089
-0.000460293
-0.00148042
-0.00246869
-0.00337637
-0.00416289
-0.00479685
-0.00525582
-0.00552471
-0.0055937
-0.00545741
-0.00511626
-0.0045787
-0.00386218
-0.00299224
-0.00200067
-0.000924625
0.000192828
0.00130126
0.00130126
0.00234237
0.00325302
0.00397278
0.0044526
0.00466235
0.00459738
0.00428244
0.00376782
0.00311736
0.00239496
0.00165413
0.000929413
0.000231348
-0.000449112
-0.00112766
-0.00181411
-0.0025051
-0.0031789
-0.00379185
-0.00428318
-0.00459003
-0.00466342
-0.00447678
-0.00402899
-0.0033463
-0.00247989
-0.00149569
-0.000461822
0.000558865
0.00151144
0.00235102
0.00304451
0.00356931
0.00390993
0.00405717
0.00401026
0.00377795
0.00337668
0.0028292
0.00216484
0.00141909
0.000630485
-0.000162464
-0.000922436
-0.00161364
-0.00220288
-0.00266097
-0.00296382
-0.00309372
-0.00304104
-0.00280507
-0.00239309
-0.00181833
-0.00109862
-0.000257723
0.000671161
0.00164191
0.00259497
0.00345991
0.00415973
0.00461852
0.0047742
0.00459149
0.00406821
0.0032348
0.00215105
0.000898406
-0.00043452
-0.00176646
-0.00302906
-0.00416543
-0.00512927
-0.00588498
-0.00640475
-0.0066648
-0.00664648
-0.00634193
-0.00575894
-0.004922
-0.00387059
-0.00265553
-0.00133418
3.37142e-05
0.00138647
0.00265802
0.00377755
0.0046747
0.00528759
0.00556978
0.00549656
0.00507101
0.00432547
0.00331544
0.00210996
0.000783051
-0.000592593
-0.00194972
-0.00322649
-0.00436268
-0.00529655
-0.00596636
-0.00631706
-0.0063092
-0.00592604
-0.00517698
-0.00409683
-0.00274135
-0.00118082
0.000506858
0.00224175
0.00394503
0.0055389
0.00694496
0.00808408
0.00888075
0.00927233
0.00921934
0.00871178
0.0077707
0.00644745
0.00482035
0.00298638
0.00104977
-0.000886731
-0.002726
-0.00437896
-0.00576741
-0.00682658
-0.00750765
-0.0077813
-0.00764248
-0.00711389
-0.00624443
-0.00510176
-0.00376298
-0.00230749
-0.000811174
0.00065977
0.00205216
0.00332269
0.00443172
0.00534037
0.00601193
0.00641406
0.00652135
0.00632011
0.00581378
0.0050248
0.00399201
0.00276633
0.00140657
-2.52674e-05
-0.00146872
-0.00286749
-0.00416893
-0.00532191
-0.00627572
-0.00698133
-0.00739541
-0.00748581
-0.0072367
-0.00665232
-0.00575873
-0.00460236
-0.00324503
-0.00175707
-0.000211207
0.00132173
0.00277568
0.00409135
0.00521721
0.00611023
0.00673721
0.00707626
0.00711647
0.00685548
0.00629749
0.0054534
0.00434254
0.00299526
0.00145775
-0.000202958
-0.00189921
-0.00353026
-0.00499287
-0.00619168
-0.00705022
-0.00752118
-0.00758978
-0.00726885
-0.00659146
-0.00560638
-0.00437464
-0.00296477
-0.00144917
9.60375e-05
0.00159122
0.00295871
0.00413199
0.00506272
0.00572296
0.00610472
0.00621803
0.00608643
0.00574006
0.0052098
0.00452552
0.00371739
0.00281694
0.00185663
0.00086933
-0.000111337
-0.00105202
-0.00192297
-0.00270077
-0.00336699
-0.00390447
-0.00429576
-0.00452474
-0.00457876
-0.00445013
-0.00413814
-0.00365192
-0.00301226
-0.00225024
-0.001403
-0.000509141
0.000394148
0.00127176
0.00208962
0.00281303
0.00340592
0.00383199
0.0040576
0.00405641
0.0038155
0.00334083
0.00265882
0.00181395
0.000864186
-0.000125721
-0.00109263
-0.00198197
-0.00274988
-0.00336254
-0.00379655
-0.00404017
-0.00409244
-0.00396022
-0.00365611
-0.00319791
-0.00260719
-0.00190689
-0.00111985
-0.000269662
0.000618208
0.00151588
0.00239193
0.00320975
0.00392832
0.00450688
0.00491038
0.00511325
0.00510168
0.00487611
0.00445286
0.00386261
0.00314608
0.00234945
0.00152085
0.000706393
-5.49785e-05
-0.00073551
-0.00131952
-0.00180247
-0.00218964
-0.00249287
-0.00272449
-0.00289215
-0.00299835
-0.00304182
-0.00301713
-0.00291454
-0.00272416
-0.0024417
-0.00207027
-0.00161862
-0.00110036
-0.00053485
5.35255e-05
0.000637976
0.00119103
0.00168425
0.00208823
0.00237449
0.00251894
0.00250485
0.00232504
0.0019841
0.00150085
0.000908567
0.000250534
-0.000426697
-0.0010784
-0.00166449
-0.00215211
-0.00251785
-0.00274789
-0.00283621
-0.00278336
-0.00259666
-0.00229079
-0.00188733
-0.00141307
-0.000897785
-0.000372463
0.000132638
0.000590407
0.000978994
0.00128279
0.00149286
0.00160728
0.00160728
0.00163115
0.00157576
0.00145722
0.00129421
0.00110543
0.000908203
0.00071783
0.000546715
0.000403917
0.000296082
0.000228535
0.000204622
0.000223671
0.000279296
0.00035893
0.000444457
0.000513426
0.000540465
0.000499688
0.000369508
0.000139332
-0.000185137
-0.000581332
-0.00101389
-0.00144021
-0.00181577
-0.00210063
-0.00226698
-0.00230301
-0.00220995
-0.00199649
-0.00167528
-0.00126168
-0.000773021
-0.000229333
0.000344482
0.000918155
0.00145918
0.00193784
0.00233129
0.00262552
0.00281529
0.00290233
0.0028918
0.00278788
0.0025918
0.00230381
0.00192748
0.00147315
0.000959804
0.000414631
-0.000130747
-0.00064631
-0.00110896
-0.00150501
-0.00183003
-0.00208629
-0.00227849
-0.00240901
-0.00247527
-0.00246988
-0.00238283
-0.00220494
-0.00193227
-0.00156939
-0.00112928
-0.000630925
-9.76342e-05
0.00044307
0.000960254
0.00142211
0.00179867
0.00206363
0.00219643
0.00218548
0.00203074
0.00174392
0.00134645
0.000866784
0.00033738
-0.000209361
-0.000744888
-0.00124585
-0.00169292
-0.00206948
-0.00236154
-0.00255792
-0.0026498
-0.00263047
-0.00249683
-0.00225182
-0.00190597
-0.00147776
-0.000992585
-0.000480039
3.00006e-05
0.000511353
0.000944683
0.00131942
0.00163363
0.00189155
0.00210049
0.0022685
0.0024025
0.00250673
0.00258214
0.00262716
0.00263905
0.00261433
0.00254845
0.00243599
0.00227231
0.00205507
0.00178408
0.00146092
0.0010899
0.000679405
0.00024159
-0.000209105
-0.000657051
-0.00108566
-0.00147728
-0.00181352
-0.00207645
-0.00225047
-0.00232355
-0.00228794
-0.00214111
-0.00188682
-0.00153545
-0.00110307
-0.000610137
-8.05369e-05
0.000458805
0.000978396
0.00144767
0.00183724
0.00212093
0.00227733
0.00229169
0.00215783
0.0018787
0.00146535
0.000935437
0.000312381
-0.000374802
-0.00109183
-0.00180061
-0.00246172
-0.00303684
-0.00349113
-0.00379605
-0.0039325
-0.00389247
-0.00367864
-0.00330297
-0.00278552
-0.00215404
-0.00144316
-0.000692664
5.50545e-05
0.000757321
0.00137367
0.00186959
0.00222075
0.00241536
0.00245345
0.00234453
0.00210499
0.0017552
0.00131614
0.000806967
0.000245018
-0.000352377
-0.000966115
-0.0015745
-0.00215282
-0.00267359
-0.00310877
-0.00343347
-0.00362901
-0.00368407
-0.00359525
-0.00336746
-0.00301333
-0.00255111
-0.00200263
-0.00139231
-0.00074666
-9.29806e-05
0.000542226
0.00113475
0.00166472
0.00211963
0.00249622
0.00279893
0.0030355
0.00321312
0.00333624
0.00340449
0.00341114
0.00334503
0.00319624
0.00296097
0.00264311
0.00225318
0.00180613
0.00131799
0.000802988
0.000272787
-0.000261907
-0.000788743
-0.00129132
-0.00174832
-0.00213481
-0.00242539
-0.00259823
-0.00263915
-0.00254446
-0.00232113
-0.00198456
-0.0015552
-0.00105559
-0.000508817
6.20864e-05
0.000634589
0.00118674
0.00169653
0.00214137
0.00249885
0.00274842
0.0028735
0.00286354
0.00271549
0.00243454
0.00203469
0.00153895
0.000977967
0.000386517
-0.000200171
-0.000749099
-0.00123187
-0.00162735
-0.00192334
-0.00211598
-0.0022079
-0.00220644
-0.0021222
-0.00196691
-0.001751
-0.00148241
-0.00116713
-0.000810409
-0.000417455
4.92356e-06
0.000445263
0.000885098
0.00129964
0.0016603
0.00193715
0.00210216
0.00213458
0.002026
0.0017817
0.00141947
0.000968081
0.00046447
-5.23722e-05
-0.000548117
-0.000995927
-0.00137601
-0.0016754
-0.00188789
-0.0020116
-0.00204563
-0.00198911
-0.00184301
-0.00161169
-0.00130331
-0.00093033
-0.000509876
-6.25128e-05
0.000390261
0.000828197
0.00123324
0.0015899
0.00188559
0.0021107
0.00225818
0.00232348
0.00230517
0.00220583
0.00203246
0.00179614
0.00151139
0.001195
0.000864685
0.000537755
0.000230393
-4.27164e-05
-0.000268885
-0.000438401
-0.000545739
-0.000590353
-0.000576652
-0.000513431
-0.000413064
-0.000290165
-0.000159516
-3.39515e-05
7.68447e-05
0.000166683
0.000233118
0.000277754
0.000305626
0.000322949
0.000334156
0.000339816
0.000335493
0.000310834
0.000250146
0.000136414
0.000136414
-4.27014e-05
-0.000290619
-0.000600216
-0.000953173
-0.00132113
-0.00167069
-0.00197026
-0.00219388
-0.00232161
-0.00233941
-0.00223954
-0.00202027
-0.00168519
-0.00124413
-0.000715913
-0.000130925
0.000469842
0.00104054
0.00153831
0.00192916
0.00219125
0.00231694
0.00231192
0.00218944
0.00196275
0.00164116
0.00123053
0.000736095
0.000167038
-0.000457389
-0.00110399
-0.00172754
-0.00227744
-0.00270583
-0.00297553
-0.00306693
-0.00298062
-0.00273367
-0.00235264
-0.00186736
-0.00130645
-0.000693954
-4.89873e-05
0.000610693
0.00126452
0.00188794
0.00245386
0.00293463
0.00330416
0.00354053
0.00362781
0.00355578
0.0033191
0.00291813
0.00236118
0.00166602
0.000860546
-1.63605e-05
-0.000915818
-0.00178434
-0.00257179
-0.00323725
-0.00375163
-0.00409891
-0.00427547
-0.00428604
-0.00413812
-0.00383896
-0.00339585
-0.00281778
-0.00211749
-0.00131424
-0.000435926
0.000481909
0.00139956
0.00227633
0.00307226
0.00374991
0.00427671
0.00462645
0.00477927
0.00472209
0.00445081
0.00397277
0.00330756
0.00248557
0.00154571
0.000532707
-0.000506252
-0.00152505
-0.0024806
-0.0033328
-0.00404385
-0.00457833
-0.00490464
-0.00499758
-0.00484188
-0.004435
-0.00378854
-0.00292859
-0.00189508
-0.000739559
0.00047826
0.00169414
0.00284244
0.00385916
0.00468591
0.00527516
0.00559469
0.00562936
0.0053808
0.00486667
0.00411861
0.00317755
0.00208906
0.000901341
-0.000335003
-0.00156785
-0.00274489
-0.00381487
-0.00472955
-0.00544712
-0.00593602
-0.00617776
-0.00616808
-0.0059162
-0.00544255
-0.0047756
-0.00394905
-0.00299998
-0.00196821
-0.000896394
0.000170214
0.00118517
0.00210347
0.002885
0.00349796
0.00392164
0.00414734
0.00417746
0.00402315
0.00370121
0.00323117
0.00263374
0.00193134
0.00114953
0.000317822
-0.000530417
-0.0013586
-0.00212826
-0.0028013
-0.00334276
-0.00372287
-0.00391807
-0.0039117
-0.0036954
-0.00327054
-0.00264841
-0.00185021
-0.000907887
0.000135585
0.00122891
0.00231739
0.00334725
0.0042686
0.00503791
0.00562061
0.00599227
0.00613823
0.00605246
0.0057368
0.00520095
0.00446248
0.00354679
0.00248693
0.00132255
9.83219e-05
-0.00113786
-0.0023362
-0.00344688
-0.00442301
-0.00522337
-0.00581417
-0.00617014
-0.00627601
-0.00612832
-0.00573607
-0.00511963
-0.0043085
-0.0033392
-0.00225301
-0.00109358
9.51928e-05
0.00127063
0.00239217
0.00342188
0.00432455
0.00506807
0.00562477
0.00597298
0.00609787
0.00599146
0.00565319
0.00509176
0.00432665
0.00338767
0.00231293
0.00114748
-5.81643e-05
-0.00125126
-0.00238149
-0.0034043
-0.00428196
-0.0049831
-0.0054814
-0.00575473
-0.00578564
-0.00556344
-0.00508644
-0.00436417
-0.00341961
-0.00229027
-0.00102645
0.000313358
0.00166766
0.00297568
0.00417959
0.00522649
0.00607001
0.00667091
0.00699757
0.00702775
0.00675166
0.00617474
0.00531865
0.00421997
0.00292742
0.00149825
-5.73057e-06
-0.00152207
-0.00299073
-0.00435579
-0.00556639
-0.00657776
-0.00735229
-0.0078607
-0.00808306
-0.00800967
-0.0076416
-0.00699053
-0.0060783
-0.00493655
-0.00360615
-0.0021355
-0.000578524
0.00100645
0.00255768
0.00401265
0.00531228
0.00640428
0.00724475
0.00779876
0.00804136
0.00795949
0.00755424
0.00684165
0.00585248
0.00463207
0.00323955
0.00174455
0.000221161
-0.00125853
-0.0026298
-0.00383944
-0.00484778
-0.00562753
-0.00616039
-0.00643407
-0.00644102
-0.00617837
-0.00564916
-0.00486591
-0.00385481
-0.00265699
-0.00132602
7.60734e-05
0.00148314
0.00283048
0.00406035
0.00512503
0.00598667
0.00661576
0.00698968
0.00709217
0.00691422
0.00645625
0.00573045
0.00476256
0.00359217
0.00227136
0.000861127
-0.000573701
-0.00196941
-0.00326684
-0.00441348
-0.00536512
-0.00608685
-0.00655353
-0.00675019
-0.00667331
-0.00633211
-0.00574867
-0.00495642
-0.00399747
-0.00291928
-0.00177114
-0.000601401
0.00054383
0.00162093
0.00258913
0.00341136
0.00405504
0.00405504
0.00449313
0.0047065
0.00468678
0.00443805
0.00397667
0.00332984
0.00253375
0.00163115
0.000668448
-0.000306922
-0.00124852
-0.00211237
-0.00285873
-0.00345402
-0.00387285
-0.00409956
-0.00412947
-0.00396932
-0.00363642
-0.00315624
-0.00255968
-0.00188094
-0.00115588
-0.000420501
0.000290608
0.000945082
0.00151361
0.0019714
0.00229997
0.00248846
0.00253387
0.00244008
0.00221619
0.00187498
0.00143169
0.000903145
0.000307669
-0.000333974
-0.000997571
-0.0016559
-0.00228037
-0.00284287
-0.00331751
-0.00368261
-0.00392211
-0.00402567
-0.0039878
-0.00380644
-0.00348181
-0.00301624
-0.00241577
-0.00169241
-0.000866077
3.45888e-05
0.000972729
0.00190597
0.0027908
0.00358666
0.00425831
0.0047769
0.00512055
0.00527465
0.00523168
0.00499116
0.00456035
0.00395618
0.0032068
0.00235059
0.00143274
0.000500971
-0.000398541
-0.00122538
-0.00194877
-0.00254949
-0.00301888
-0.00335588
-0.00356408
-0.00364942
-0.0036183
-0.00347633
-0.00322855
-0.00288082
-0.00244075
-0.00191806
-0.00132538
-0.000679681
-2.66349e-06
0.000681206
0.00134695
0.00196991
0.00252633
0.00299549
0.00336159
0.00361355
0.00374324
0.00374466
0.00361427
0.00335219
0.00296369
0.00246032
0.00186034
0.00118859
0.000475485
-0.000245322
-0.000940134
-0.00157762
-0.00213007
-0.00257395
-0.0028903
-0.00306516
-0.0030903
-0.0029638
-0.00269068
-0.0022835
-0.00176258
-0.001155
-0.000492637
0.000190189
0.00085895
0.00148099
0.00202719
0.00247314
0.00279978
0.00299367
0.00304727
0.00295948
0.00273611
0.00238983
0.00193952
0.00140911
0.00082586
0.000218016
-0.000387523
-0.000966844
-0.00149968
-0.00196955
-0.00236373
-0.00267308
-0.00289158
-0.00301615
-0.00304699
-0.00298838
-0.00284854
-0.00263801
-0.00236664
-0.00204113
-0.0016646
-0.00123804
-0.000762849
-0.000243642
0.000308754
0.000875623
0.00143174
0.00194949
0.00240341
0.00277356
0.00304739
0.00321963
0.00328979
0.00325864
0.00312622
0.00289255
0.00256013
0.00213717
0.0016398
0.00109226
0.00052487
-2.95601e-05
-0.000540145
-0.000982255
-0.00134003
-0.00160611
-0.00177962
-0.00186408
-0.00186578
-0.00179282
-0.00165499
-0.00146457
-0.00123685
-0.00098896
-0.000737196
-0.000494751
-0.000270921
-7.11586e-05
0.00010242
0.000249494
0.00036903
0.00045743
0.000508834
0.000517102
0.000477961
0.000390427
0.000257555
8.63928e-05
-0.000113276
-0.000331008
-0.000557321
-0.000783909
-0.00100282
-0.00120552
-0.00138239
-0.00152259
-0.00161448
-0.00164666
-0.0016096
-0.00149741
-0.001309
-0.00104818
-0.000723426
-0.000347891
6.03666e-05
0.000479418
0.000885772
0.00125662
0.00157142
0.00181352
0.00197204
0.00204271
0.00202688
0.00192984
0.0017595
0.00152544
0.00123826
0.000909412
0.00055166
0.000179427
-0.000191781
-0.000546835
-0.000872508
-0.00115848
-0.00139785
-0.00158743
-0.00172735
-0.00182002
-0.00186856
-0.00187552
-0.00184223
-0.00176878
-0.00165433
-0.00149768
-0.00129826
-0.00105766
-0.000780722
-0.000475415
-0.000151811
0.00017854
0.000503099
0.000809504
0.00108675
0.00132526
0.00151633
0.001652
0.00172557
0.00173246
0.00167083
0.00154185
0.00134937
0.00109955
0.000800318
0.000460805
9.10411e-05
-0.000297931
-0.000693241
-0.00107849
-0.00143213
-0.00172806
-0.00193904
-0.00204098
-0.00201662
-0.00185926
-0.00157622
-0.00118962
-0.000732684
-0.000243701
0.000239107
0.00068143
0.00105631
0.00134649
0.00154403
0.00164799
0.00166256
0.00159653
0.00146266
0.00127574
0.00105108
0.000804681
0.000553384
0.000313375
9.85047e-05
-7.96361e-05
-0.000211208
-0.000289303
-0.000312222
-0.000284963
-0.000219223
-0.000131968
-4.2955e-05
2.7803e-05
6.22928e-05
4.72332e-05
-2.29577e-05
-0.000144722
-0.000306426
-0.000490881
-0.000677803
-0.000845777
-0.000974453
-0.00104723
-0.00105313
-0.000986827
-0.000848396
-0.000644447
-0.000389008
-0.00010183
0.000194767
0.000477869
0.000725004
0.000916179
0.0010365
0.00107712
0.00103412
0.000906741
0.000906741
0.000696564
0.000407291
4.49673e-05
-0.000381103
-0.000856526
-0.00135992
-0.00186211
-0.00232696
-0.00271426
-0.00298503
-0.00310753
-0.00306088
-0.0028359
-0.00243517
-0.00187243
-0.00116978
-0.000353687
0.000547072
0.00150046
0.00246866
0.00340595
0.00425893
0.00497025
0.00548425
0.00575279
0.00574086
0.00543171
0.00482939
0.00395684
0.00285047
0.00155483
0.000119853
-0.00139903
-0.00293968
-0.00443245
-0.00580096
-0.0069656
-0.00784984
-0.00838899
-0.00853939
-0.00828451
-0.00763498
-0.00662429
-0.00530368
-0.00373749
-0.00199845
-0.000164405
0.0016824
0.0034555
0.00506672
0.00643186
0.00747894
0.00815627
0.00843778
0.00832469
0.00784392
0.00704272
0.00598042
0.00472067
0.00332773
0.00186543
0.000396353
-0.00101903
-0.00232227
-0.00345722
-0.00437298
-0.00502851
-0.00539617
-0.00546286
-0.00523011
-0.0047137
-0.00394227
-0.00295516
-0.00180083
-0.000536093
0.000775044
0.00206394
0.00326065
0.00429773
0.00511483
0.00566417
0.00591517
0.00585658
0.00549558
0.00485555
0.00397369
0.00289778
0.00168196
0.000382842
-0.00094218
-0.00223609
-0.00344454
-0.00451886
-0.00541812
-0.00611035
-0.00657374
-0.00679733
-0.00678059
-0.00653199
-0.00606813
-0.00541356
-0.00460002
-0.00366469
-0.00264747
-0.00158847
-0.000525865
0.000505675
0.00147612
0.00236062
0.00313863
0.00379182
0.00430267
0.004655
0.00483595
0.00483742
0.00465676
0.0042977
0.0037722
0.00310125
0.00231342
0.0014427
0.00052817
-0.000385567
-0.00124979
-0.00201541
-0.00263678
-0.00307496
-0.00330188
-0.00330542
-0.00309265
-0.00268868
-0.00213204
-0.00146941
-0.000750456
-2.20607e-05
0.000676687
0.00131604
0.00187345
0.00233086
0.00267333
0.00288785
0.00296208
0.00288504
0.00265072
0.00226162
0.00173002
0.00107768
0.000335199
-0.000460208
-0.00126904
-0.00205391
-0.00278234
-0.0034279
-0.00396968
-0.00438972
-0.00466972
-0.00478942
-0.0047273
-0.00446383
-0.00398675
-0.003297
-0.00241192
-0.00136495
-0.000203699
0.00101387
0.00222584
0.00337314
0.00440289
0.00526845
0.0059295
0.00635349
0.00651801
0.00641336
0.00604479
0.00543416
0.00462022
0.00365596
0.00260225
0.00152044
0.000467396
-0.000507059
-0.00136168
-0.00206382
-0.00258755
-0.00291201
-0.00302205
-0.00291094
-0.00258323
-0.00205647
-0.00136166
-0.00054199
0.000349668
0.00125391
0.00210813
0.00285033
0.00342355
0.00377992
0.0038828
0.00370812
0.00324769
0.00251433
0.00154489
0.000398743
-0.000847032
-0.00210375
-0.00327847
-0.00428355
-0.00504702
-0.00551914
-0.00567257
-0.00549956
-0.00501074
-0.00423422
-0.00321266
-0.00200022
-0.000662134
0.000725637
0.00208041
0.00332004
0.00437068
0.0051726
0.00568345
0.0058801
0.00575981
0.0053399
0.00465477
0.00375171
0.00268782
0.00152807
0.000342466
-0.000798188
-0.00182688
-0.00268392
-0.00331962
-0.00369718
-0.00379569
-0.00361177
-0.00315903
-0.00246626
-0.00157551
-0.000539678
0.000581176
0.00172461
0.00283014
0.00384223
0.00471198
0.00539835
0.00586971
0.00610465
0.00609141
0.00582672
0.00531544
0.00457062
0.00361327
0.00247209
0.00118364
-0.000207933
-0.00165286
-0.00309845
-0.00449084
-0.00577592
-0.0069009
-0.00781708
-0.00848254
-0.0088641
-0.00893921
-0.00869851
-0.00814842
-0.00731191
-0.00622636
-0.00494021
-0.00350996
-0.00199748
-0.000467007
0.00101739
0.00239369
0.00360373
0.00459583
0.00532813
0.00577204
0.00591477
0.00576005
0.00532692
0.00464737
0.00376283
0.00272051
0.00157069
0.000365456
-0.000842068
-0.00199851
-0.00305133
-0.00395065
-0.00465239
-0.00512199
-0.00533785
-0.00529331
-0.00499728
-0.00447295
-0.00375483
-0.00288501
-0.00190985
-0.000877208
0.000165865
0.00117476
0.00210801
0.00292779
0.00360119
0.00410217
0.00441332
0.00452698
0.00444568
0.00418205
0.00375776
0.00320159
0.00254705
0.00183042
0.00108915
0.000360466
-0.000320151
-0.000920747
-0.00141492
-0.0017835
-0.0017835
-0.00201546
-0.00210838
-0.00206842
-0.00190944
-0.00165089
-0.00131515
-0.000925478
-0.000504861
-7.53341e-05
0.00034296
0.000732353
0.00107723
0.00136339
0.00157843
0.00171267
0.00175957
0.00171553
0.00158033
0.00135828
0.00105895
0.000697512
0.000295028
-0.000122083
-0.000524294
-0.000882656
-0.00117204
-0.00137316
-0.00147433
-0.00147279
-0.00137408
-0.00118925
-0.000932215
-0.000618584
-0.000265584
0.000107934
0.000481563
0.000833638
0.00114211
0.00138626
0.00154904
0.00161921
0.0015926
0.00147223
0.00126766
0.000993628
0.000668234
0.000311103
-5.81579e-05
-0.00042103
-0.000760667
-0.00106247
-0.00131506
-0.00151093
-0.00164601
-0.00171869
-0.00172947
-0.00168105
-0.00157795
-0.00142583
-0.00123148
-0.00100328
-0.000751024
-0.000485227
-0.000216431
4.51986e-05
0.000290025
0.000508874
0.000692824
0.000832947
0.000920229
0.000946205
0.000904614
0.000793282
0.00061506
0.000377773
9.36582e-05
-0.000221929
-0.000552779
-0.000883903
-0.00120206
-0.00149497
-0.00175036
-0.00195547
-0.00209714
-0.0021627
-0.00214158
-0.00202725
-0.00181908
-0.00152362
-0.00115436
-0.000730229
-0.000273621
0.000191169
0.000639161
0.00104619
0.00139084
0.00165606
0.00182955
0.00190386
0.00187691
0.00175234
0.00153858
0.00124711
0.000891368
0.000486105
4.6669e-05
-0.000411501
-0.000872691
-0.00132058
-0.00173853
-0.00211025
-0.00242016
-0.00265361
-0.00279793
-0.00284417
-0.00278814
-0.00263046
-0.00237642
-0.00203602
-0.00162371
-0.00115716
-0.000655649
-0.000138684
0.000375144
0.000868977
0.00132811
0.00173985
0.00209323
0.00237892
0.00258907
0.00271719
0.00275846
0.0027106
0.00257454
0.00235439
0.00205704
0.00169184
0.00127036
0.000806242
0.000314755
-0.000187594
-0.000682998
-0.00115245
-0.00157681
-0.00193856
-0.00222304
-0.00241894
-0.00251838
-0.00251695
-0.00241381
-0.00221177
-0.00191721
-0.00154006
-0.0010941
-0.0005972
-7.08577e-05
0.000461457
0.00097633
0.00145227
0.00187119
0.00221928
0.00248712
0.00266909
0.00276262
0.00276742
0.00268478
0.00251716
0.00226834
0.00194434
0.001554
0.00110896
0.000623044
0.000112033
-0.000406712
-0.000915076
-0.0013952
-0.00182977
-0.00220136
-0.00249204
-0.00268435
-0.00276359
-0.00271956
-0.00254768
-0.00225023
-0.00183741
-0.00132705
-0.000742554
-0.000110218
0.000542443
0.00118727
0.0017956
0.00233876
0.00278934
0.00312275
0.00331903
0.00336514
0.00325718
0.00300132
0.00261299
0.00211462
0.00153319
0.000897887
0.000238076
-0.000417926
-0.00104321
-0.00161218
-0.0021009
-0.00248825
-0.00275766
-0.00289863
-0.00290784
-0.00278955
-0.002555
-0.00222067
-0.00180592
-0.00133087
-0.000815168
-0.000277789
0.000262587
0.000786989
0.00127536
0.00170608
0.00205672
0.00230623
0.00243735
0.00243849
0.00230512
0.0020408
0.00165721
0.00117271
0.000610688
-1.07031e-06
-0.000630999
-0.00124551
-0.00181148
-0.00229794
-0.00267736
-0.00292741
-0.00303305
-0.00298752
-0.0027918
-0.0024535
-0.00198595
-0.00140758
-0.000741283
-1.40451e-05
0.000743518
0.00149789
0.00221395
0.00285687
0.0033945
0.00379992
0.00405358
0.00414395
0.00406718
0.00382667
0.00343277
0.0029024
0.00225844
0.001529
0.0007465
-5.35706e-05
-0.000834615
-0.00156154
-0.00220333
-0.00273481
-0.00313738
-0.00339909
-0.00351392
-0.00348095
-0.00330379
-0.00299086
-0.00255572
-0.00201725
-0.00139957
-0.000731564
-4.55988e-05
0.000624644
0.00124641
0.00178963
0.00222833
0.00254185
0.00271582
0.0027423
0.00261975
0.00235318
0.00195449
0.00144228
0.000841144
0.00018068
-0.000505803
-0.001183
-0.00181568
-0.00237065
-0.00281843
-0.00313424
-0.00329903
-0.00330082
-0.00313618
-0.00281088
-0.0023395
-0.00174451
-0.001055
-0.000305325
0.000466895
0.00122348
0.00192815
0.00254807
0.00305465
0.00342476
0.00364223
0.0036991
0.00359613
0.00334268
0.002956
0.00245996
0.00188308
0.00125599
0.000608789
-3.06744e-05
-0.000637939
-0.00119248
-0.00119248
-0.00167761
-0.00207954
-0.0023867
-0.00259004
-0.00268368
-0.00266488
-0.00253391
-0.00229473
-0.00195618
-0.00153197
-0.00103962
-0.000499608
6.49703e-05
0.000628965
0.00116642
0.00165201
0.00206218
0.00237632
0.00257809
0.00265691
0.00260884
0.00243655
0.00214886
0.00176029
0.00129018
0.000761375
0.000198623
-0.000372399
-0.000925922
-0.00143716
-0.00188359
-0.00224622
-0.00251057
-0.00266738
-0.00271306
-0.0026495
-0.00248334
-0.00222459
-0.00188538
-0.00147916
-0.0010204
-0.000524584
-8.56978e-06
0.00050883
0.00100693
0.00146444
0.00186137
0.00218055
0.00240897
0.00253886
0.0025679
0.00249837
0.00233582
0.00208827
0.00176596
0.00138152
0.000950273
0.000490376
2.24568e-05
-0.00043117
-0.000847832
-0.00120641
-0.00148936
-0.00168401
-0.00178317
-0.00178513
-0.00169339
-0.00151588
-0.00126397
-0.000951683
-0.000595189
-0.000212406
0.000177581
0.000555145
0.000900843
0.00119649
0.00142653
0.00157928
0.00164764
0.00162921
0.00152578
0.00134245
0.00108659
0.000766892
0.000393013
-2.41382e-05
-0.000471679
-0.000934392
-0.00139492
-0.00183412
-0.00223163
-0.00256716
-0.0028224
-0.00298266
-0.00303774
-0.00298216
-0.00281543
-0.00254211
-0.00217128
-0.00171578
-0.00119155
-0.000617463
-1.52202e-05
0.000591105
0.00117597
0.00171361
0.00217946
0.00255184
0.0028137
0.00295427
0.00296995
0.00286429
0.00264714
0.00233388
0.00194431
0.00150098
0.0010274
0.000546719
8.06006e-05
-0.000352017
-0.000735894
-0.00105952
-0.00131463
-0.0014961
-0.00160221
-0.00163447
-0.00159706
-0.00149668
-0.00134272
-0.00114708
-0.000923156
-0.000684721
-0.00044499
-0.00021621
-9.40255e-06
0.000166047
0.000302893
0.000396359
0.000444294
0.000447201
0.000408114
0.000332349
0.000227129
0.00010085
-3.80384e-05
-0.000181982
-0.000324631
-0.000460659
-0.000585488
-0.00069498
-0.000784996
-0.00085097
-0.000887958
-0.000891318
-0.000857586
-0.000785109
-0.00067459
-0.00052962
-0.000356739
-0.000164741
3.6278e-05
0.000235637
0.000422774
0.000588216
0.000724432
0.000826148
0.0008904
0.000916798
0.000907645
0.000867394
0.000801755
0.00071716
0.000620541
0.000518897
0.00041872
0.000325725
0.000244843
0.000179976
0.000133497
0.000105878
9.57599e-05
0.000100448
0.00011653
0.000140347
0.000168417
0.00019805
0.000227915
0.000258038
0.000289273
0.000322758
0.000359628
0.000400794
0.00044661
0.000496463
0.000548475
0.000599417
0.000644676
0.000678277
0.00069334
0.000683197
0.000642579
0.000568126
0.000458458
0.000314398
0.000139095
-6.25515e-05
-0.000284813
-0.000521417
-0.000764914
-0.0010057
-0.00123149
-0.00142791
-0.00158009
-0.00167446
-0.0017002
-0.00165079
-0.00152542
-0.00132958
-0.00107417
-0.000774093
-0.000446741
-0.000110949
0.000214185
0.000510736
0.000763265
0.000959418
0.00109026
0.00115093
0.00114108
0.00106423
0.000926702
0.000737123
0.000506159
0.000245941
-3.06399e-05
-0.000310226
-0.000579087
-0.000823503
-0.0010305
-0.00118871
-0.00128906
-0.00132545
-0.00129521
-0.00119907
-0.00104081
-0.000826692
-0.000564951
-0.000265374
6.1107e-05
0.00040268
0.000746741
0.00107989
0.00138807
0.00165709
0.00187351
0.00202558
0.00210366
0.00210059
0.00201228
0.00183855
0.00158376
0.00125681
0.000870859
0.000443165
-5.52172e-06
-0.000452681
-0.00087636
-0.00125692
-0.00157804
-0.00182764
-0.00199843
-0.00208759
-0.00209574
-0.00202612
-0.00188424
-0.00167737
-0.00141411
-0.00110424
-0.000759091
-0.000391661
-1.61242e-05
0.000352657
0.000699317
0.00100839
0.00126542
0.00145828
0.0015781
0.00161977
0.00158259
0.00147062
0.00129232
0.00105948
0.000786106
0.000487452
0.000178981
-0.000124637
-0.000410044
-0.000665202
-0.000879403
-0.00104355
-0.00115044
-0.001195
-0.0011746
-0.00108964
-0.000943765
-0.000743705
-0.000498775
-0.000220265
7.93538e-05
0.00038737
0.000691612
0.000980844
0.00124478
0.00147382
0.00165883
0.00179119
0.00186308
0.00186799
0.00180124
0.001661
0.00144931
0.00117246
0.00117246
0.000840777
0.000468442
7.30278e-05
-0.000325819
-0.000708361
-0.00105633
-0.00135386
-0.00158835
-0.00175135
-0.00183873
-0.0018499
-0.00178686
-0.00165355
-0.00145561
-0.00120027
-0.000896481
-0.000555322
-0.000190085
0.00018431
0.000552159
0.000897863
0.00120702
0.00146758
0.00167045
0.00180931
0.00187982
0.00187899
0.00180515
0.00165864
0.00144249
0.00116302
0.000830368
0.000458715
6.55966e-05
-0.000329798
-0.000708644
-0.00105406
-0.00135205
-0.00159178
-0.00176538
-0.00186735
-0.00189413
-0.00184411
-0.00171815
-0.0015203
-0.00125842
-0.000944379
-0.000593556
-0.000223563
0.000147231
0.000501146
0.000822371
0.00109766
0.00131645
0.00147064
0.00155454
0.00156503
0.00150186
0.00136814
0.00117051
0.000919175
0.000627343
0.000310321
-1.572e-05
-0.000334934
-0.000632668
-0.000895929
-0.00111356
-0.00127626
-0.00137664
-0.0014095
-0.00137231
-0.00126557
-0.00109323
-0.000862709
-0.000584661
-0.000272342
5.92424e-05
0.000394186
0.000716396
0.00101027
0.00126143
0.00145745
0.00158838
0.00164714
0.00163004
0.0015372
0.00137264
0.00114383
0.000861054
0.000536828
0.000185277
-0.000178323
-0.000537913
-0.000877021
-0.00117931
-0.00142932
-0.00161338
-0.00172076
-0.00174483
-0.00168404
-0.00154196
-0.00132675
-0.00105032
-0.000727302
-0.000373815
-6.33944e-06
0.000358808
0.00070565
0.00101887
0.00128435
0.00148981
0.00162545
0.0016847
0.00166487
0.00156739
0.00139771
0.00116471
0.000880057
0.00055751
0.000212272
-0.000139533
-0.000481421
-0.000797267
-0.00107218
-0.00129334
-0.0014508
-0.00153819
-0.00155319
-0.00149745
-0.00137608
-0.00119691
-0.000969967
-0.000706827
-0.000420057
-0.000122745
0.000171892
0.000450973
0.000702572
0.000916384
0.00108427
0.00120058
0.00126225
0.00126887
0.00122247
0.00112719
0.000988896
0.000814792
0.000613266
0.000393585
0.000165509
-6.12375e-05
-0.000277509
-0.000475182
-0.000647441
-0.000789003
-0.000896238
-0.000967026
-0.00100036
-0.000995985
-0.000954402
-0.000877091
-0.000766831
-0.000628037
-0.000467151
-0.000292841
-0.00011562
5.31825e-05
0.000202633
0.00032335
0.000408709
0.000455849
0.000465802
0.000442641
0.000392356
0.000321905
0.000238181
0.000146965
5.25439e-05
-4.17505e-05
-0.000132791
-0.000217361
-0.000292082
-0.000353248
-0.000396967
-0.00041986
-0.000419751
-0.00039577
-0.000348114
-0.000277978
-0.000187577
-8.0014e-05
4.07511e-05
0.000169543
0.000299585
0.000422771
0.000530604
0.000615148
0.000669786
0.00069004
0.000674375
0.000624362
0.000543989
0.00043866
0.000314444
0.000177608
3.42765e-05
-0.000109767
-0.000249009
-0.000378053
-0.000491751
-0.000585727
-0.000656927
-0.000703821
-0.000726297
-0.000725372
-0.000702756
-0.000660255
-0.000599362
-0.000521402
-0.000428103
-0.000322088
-0.000207089
-8.80239e-05
2.91225e-05
0.000137865
0.00023205
0.000306489
0.000357174
0.000381282
0.000377152
0.000344345
0.000283734
0.000197619
8.99079e-05
-3.36957e-05
-0.000165862
-0.000298381
-0.000423163
-0.000533026
-0.000622236
-0.000686944
-0.000725334
-0.000737224
-0.000723396
-0.000685173
-0.000624351
-0.000543215
-0.000444524
-0.000331497
-0.000207809
-7.74351e-05
5.56582e-05
0.000187819
0.000315809
0.000436665
0.000547532
0.000645629
0.000728309
0.000793138
0.00083812
0.000862057
0.000864727
0.000846679
0.000808838
0.000752254
0.000678055
0.000587626
0.000482903
0.000366601
0.000242308
0.000114469
-1.1882e-05
-0.000131826
-0.000241389
-0.000338
-0.000420442
-0.000488467
-0.000542188
-0.000581429
-0.000605418
-0.000613005
-0.000603173
-0.000575606
-0.00053131
-0.000473149
-0.000405902
-0.000335641
-0.000268782
-0.000211289
-0.000168036
-0.00014221
-0.000134901
-0.000145162
-0.00017034
-0.00020636
-0.000248139
-0.000290367
-0.000328297
-0.000358005
-0.000376284
-0.000380785
-0.000370213
-0.00034408
-0.000302218
-0.00024465
-0.000171847
-8.49635e-05
1.40728e-05
0.000122504
0.00023679
0.000352851
0.000466469
0.000573669
0.000671007
0.000755778
0.000826129
0.000880973
0.000919733
0.000942052
0.000947601
0.000936076
0.000936076
0.000907325
0.00086149
0.000799056
0.000720887
0.000628375
0.000523649
0.000409606
0.000289628
0.000167165
4.54193e-05
-7.28948e-05
-0.00018581
-0.000292219
-0.000391721
-0.000484267
-0.000569705
-0.000647271
-0.000715327
-0.000771584
-0.000813573
-0.000839001
-0.000845995
-0.000833475
-0.000801577
-0.000751745
-0.000686309
-0.00060793
-0.000519334
-0.000423245
-0.000322309
-0.000219044
-0.000115911
-1.53654e-05
8.02283e-05
0.000168717
0.000248283
0.000317611
0.000376022
0.000423446
0.00046016
0.000486439
0.000502314
0.000507563
0.000501864
0.000484975
0.000456986
0.00041862
0.000371491
0.000318108
0.000261609
0.000205441
0.000153144
0.000108098
7.306e-05
4.97191e-05
3.85712e-05
3.90393e-05
4.95463e-05
6.76167e-05
9.0245e-05
0.000114363
0.000137053
0.000155554
0.000167358
0.000170366
0.000162892
0.000143587
0.000111491
6.62067e-05
8.04166e-06
-6.19882e-05
-0.000142198
-0.000230201
-0.000322775
-0.000415701
-0.000503685
-0.000580546
-0.000639876
-0.00067596
-0.000684448
-0.000662755
-0.000610536
-0.000530128
-0.000426348
-0.000305594
-0.00017489
-4.12914e-05
8.84688e-05
0.000208355
0.000313316
0.000399323
0.000463251
0.000502909
0.000517262
0.000506562
0.000472264
0.000416875
0.000343831
0.000257252
0.000161537
6.10329e-05
-4.00199e-05
-0.000137421
-0.000227045
-0.000304981
-0.000367674
-0.000412072
-0.000435847
-0.000437582
-0.000416774
-0.000373688
-0.000309214
-0.000224809
-0.000122581
-5.45955e-06
0.000122606
0.000256416
0.000389313
0.000513321
0.000619959
0.000701428
0.000751503
0.000765991
0.000743049
0.000683368
0.000589864
0.000466927
0.000319792
0.000154378
-2.26255e-05
-0.000203707
-0.000380728
-0.000545321
-0.000689401
-0.000805787
-0.000888903
-0.000935328
-0.000943923
-0.000915522
-0.000852422
-0.000757857
-0.000635604
-0.00048985
-0.000325369
-0.000147785
3.63633e-05
0.00021981
0.000394869
0.000553819
0.000689455
0.000795709
0.000868086
0.000903782
0.000901643
0.000862146
0.000787455
0.000681418
0.000549472
0.000398453
0.000236346
7.18314e-05
-8.63768e-05
-0.000230198
-0.000352653
-0.000448145
-0.00051268
-0.000543982
-0.000541445
-0.000505992
-0.000439995
-0.000347248
-0.000232848
-0.000102934
3.57071e-05
0.000176086
0.000311473
0.000435843
0.00054424
0.00063293
0.000699323
0.000741802
0.000759658
0.000753072
0.000723036
0.000671244
0.000600022
0.000512326
0.000411682
0.000302026
0.000187507
7.23692e-05
-3.90561e-05
-0.000142348
-0.000233084
-0.00030697
-0.000359995
-0.000388735
-0.000390845
-0.000365475
-0.000313369
-0.000236744
-0.000139166
-2.53587e-05
9.91566e-05
0.000228422
0.000356207
0.000476061
0.000581451
0.000666118
0.000724607
0.000752806
0.000748306
0.000710564
0.000640971
0.000542712
0.000420324
0.000279171
0.000125092
-3.57917e-05
-0.000197219
-0.000352928
-0.000496814
-0.000623197
-0.0007272
-0.000805146
-0.000854917
-0.000876134
-0.000870106
-0.00083956
-0.000788293
-0.000720799
-0.000641907
-0.000556492
-0.00046931
-0.00038494
-0.000307719
-0.00024157
-0.000189762
-0.000154716
-0.000137935
-0.00014
-0.000160545
-0.000198271
-0.000251053
-0.000316092
-0.000390035
-0.000469071
-0.000549089
-0.000625884
-0.000695378
-0.000753897
-0.000798416
-0.000826666
-0.000837053
-0.000828522
-0.00080047
-0.000752736
-0.000685717
-0.000600595
-0.000499563
-0.000385967
-0.000264392
-0.000140567
-2.08655e-05
8.84918e-05
0.000182107
0.000255766
0.000306668
0.000333585
0.000336767
0.000317608
0.000278293
0.000221633
0.000151012
7.0323e-05
-1.61499e-05
-0.000103833
-0.000187983
-0.00026389
-0.000327142
-0.000373861
-0.000400936
-0.000406331
-0.000389324
-0.000350575
-0.000292069
-0.000216995
-0.000129491
-3.4252e-05
6.3853e-05
0.000160054
0.000249915
0.000329525
0.000395585
0.000445411
0.00047697
0.000488974
0.000480991
0.000453523
0.000408046
0.000347004
0.000273749
0.0001924
0.000107617
2.43028e-05
-5.27452e-05
-0.00011916
-0.000171212
-0.000205933
-0.00022122
-0.000215927
-0.000189875
-0.000143782
-7.91904e-05
1.56154e-06
9.53579e-05
0.00019835
0.000306043
0.000413455
0.00051536
0.000606606
0.000682442
0.000682442
0.000738866
0.000772965
0.000783158
0.000769153
0.00073171
0.000672372
0.000593223
0.000496719
0.000385645
0.000263204
0.000133138
-2.06884e-07
-0.000131857
-0.000256328
-0.000367947
-0.000461322
-0.00053176
-0.000575579
-0.000590376
-0.000575278
-0.000531052
-0.000459927
-0.000365312
-0.000251607
-0.000124032
1.17365e-05
0.000149983
0.000285208
0.000412283
0.000526638
0.000624435
0.000702628
0.000758954
0.000791952
0.000800943
0.000785912
0.000747401
0.000686618
0.000605684
0.000507762
0.000396989
0.000278397
0.000157811
4.14992e-05
-6.44449e-05
-0.000154677
-0.000224948
-0.000272293
-0.000295156
-0.000293396
-0.00026816
-0.00022174
-0.000157494
-7.97817e-05
6.24607e-06
9.5021e-05
0.00018096
0.000258791
0.000323869
0.000372552
0.000402466
0.00041245
0.000402311
0.000372648
0.000324792
0.000260755
0.000183186
9.54195e-05
1.57856e-06
-9.34339e-05
-0.000184141
-0.000264876
-0.00033028
-0.000375857
-0.000398436
-0.000396362
-0.000369419
-0.000318675
-0.00024628
-0.000155202
-4.9021e-05
6.80054e-05
0.000190689
0.00031274
0.000426928
0.000525662
0.000601831
0.000649553
0.000664686
0.000645226
0.000591488
0.000505853
0.000392126
0.000255018
0.000100029
-6.63634e-05
-0.000236511
-0.000401727
-0.000552802
-0.000680697
-0.000777305
-0.000836337
-0.000854174
-0.00083029
-0.000767014
-0.000668855
-0.000541762
-0.00039251
-0.000228221
-5.60459e-05
0.000116931
0.000283632
0.000437075
0.000570753
0.000679145
0.00075811
0.000805164
0.000819663
0.000802791
0.000757258
0.000686843
0.00059603
0.00048983
0.000373688
0.000253362
0.000134734
2.35548e-05
-7.48728e-05
-0.000156036
-0.000216522
-0.0002542
-0.000268237
-0.000258939
-0.000227523
-0.000175938
-0.000106799
-2.343e-05
6.99726e-05
0.000168145
0.000264713
0.000352528
0.000424312
0.000473383
0.000494418
0.000484247
0.000442427
0.000371196
0.000274813
0.000158763
2.90896e-05
-0.000108266
-0.000248099
-0.000386163
-0.000518851
-0.000642731
-0.00075429
-0.000849784
-0.000925166
-0.000976365
-0.000999956
-0.00099381
-0.000957399
-0.00089195
-0.00080053
-0.000687842
-0.000559617
-0.000421965
-0.000281016
-0.000142728
-1.26979e-05
0.000103997
0.000202823
0.000279836
0.000331885
0.000356884
0.000354033
0.000323934
0.000268594
0.000191286
9.6294e-05
-1.13732e-05
-0.000126193
-0.000242251
-0.000353349
-0.000453172
-0.000535531
-0.000594763
-0.000626346
-0.000627563
-0.000597929
-0.000539288
-0.000455677
-0.000352864
-0.000237495
-0.000116179
5.00833e-06
0.000120646
0.000226032
0.000317242
0.000391027
0.000444709
0.00047634
0.000485069
0.000471407
0.000437236
0.000385601
0.000320381
0.000245901
0.000166529
8.63004e-05
8.69313e-06
-6.33733e-05
-0.00012742
-0.000181356
-0.000223537
-0.00025285
-0.000268767
-0.000271379
-0.000261413
-0.000240222
-0.000209702
-0.000172112
-0.000129842
-8.5213e-05
-4.03284e-05
3.02541e-06
4.34357e-05
7.98678e-05
0.000111607
0.000138137
0.00015903
0.000173953
0.000182745
0.000185461
0.0001824
0.000174158
0.000161676
0.000146163
0.000128947
0.000111325
9.44664e-05
7.93616e-05
6.68349e-05
5.75673e-05
5.21196e-05
5.09483e-05
5.43972e-05
6.26643e-05
7.57867e-05
9.36863e-05
0.00011628
0.000143609
0.000175861
0.000213163
0.000255151
0.00030056
0.000346972
0.000390729
0.000427187
0.000451504
0.000459678
0.000449239
0.000419466
0.000371417
0.00030772
0.000231872
0.000147341
5.70971e-05
-3.63383e-05
-0.000130668
-0.000223602
-0.000312616
-0.000394799
-0.000466934
-0.000525791
-0.000568453
-0.000592585
-0.000596703
-0.000580394
-0.000544303
-0.000489874
-0.000419175
-0.000334895
-0.000240328
-0.000139184
-3.53706e-05
6.71922e-05
0.000164784
0.000254114
0.000332475
0.000397787
0.000448547
0.000483682
0.000502328
0.000503684
0.000487133
0.000452609
0.000400918
0.000333854
0.000254213
0.000165746
7.28975e-05
-1.97152e-05
-0.000107818
-0.000187775
-0.000256678
-0.000312332
-0.000353183
-0.000378211
-0.000386873
-0.00037911
-0.000355392
-0.000316714
-0.000264562
-0.000200915
-0.000128209
-4.92077e-05
3.31362e-05
0.000115683
0.000195045
0.000267624
0.000329828
0.000329828
0.000378336
0.000410367
0.000424014
0.000418598
0.000394841
0.000354744
0.00030128
0.000238084
0.0001691
9.8179e-05
2.87962e-05
-3.59808e-05
-9.34561e-05
-0.000141413
-0.000178306
-0.000203363
-0.00021656
-0.000218608
-0.000210947
-0.000195598
-0.000174848
-0.000150934
-0.000125901
-0.000101622
-7.98522e-05
-6.22528e-05
-5.03928e-05
-4.56739e-05
-4.9107e-05
-6.09872e-05
-8.06425e-05
-0.000106378
-0.000135664
-0.000165567
-0.000193294
-0.000216594
-0.000233946
-0.000244657
-0.000248808
-0.000246921
-0.000239541
-0.000227027
-0.000209631
-0.000187634
-0.000161471
-0.000131845
-9.97959e-05
-6.66482e-05
-3.38289e-05
-2.6646e-06
2.57406e-05
5.05495e-05
7.11918e-05
8.73124e-05
9.86802e-05
0.000105137
0.000106644
0.000103376
9.57913e-05
8.46402e-05
7.09267e-05
5.58103e-05
4.04549e-05
2.58464e-05
1.26256e-05
9.82901e-07
-9.35486e-06
-1.90421e-05
-2.8934e-05
-3.98391e-05
-5.23232e-05
-6.66708e-05
-8.29401e-05
-0.00010099
-0.000120525
-0.000141232
-0.000162932
-0.000185562
-0.000209059
-0.000233264
-0.000257888
-0.000282516
-0.000306633
-0.000329703
-0.00035123
-0.000370778
-0.000387948
-0.000402387
-0.000413823
-0.000422063
-0.000426978
-0.000428556
-0.000427004
-0.000422784
-0.000416566
-0.000409126
-0.00040125
-0.000393609
-0.000386588
-0.00038015
-0.00037381
-0.000366734
-0.000357846
-0.000345909
-0.000329611
-0.000307686
-0.000279013
-0.000242664
-0.000197992
-0.000144841
-8.3811e-05
-1.63734e-05
5.52551e-05
0.000128375
0.000200072
0.000267499
0.000328168
0.000380161
0.000422137
0.000453156
0.000472508
0.000479645
0.000474202
0.000456098
0.000425683
0.000383849
0.000332052
0.000272209
0.000206528
0.000137335
6.69027e-05
-2.67226e-06
-6.95361e-05
-0.000132041
-0.000188676
-0.000238055
-0.000279002
-0.000310639
-0.000332382
-0.000343819
-0.000344508
-0.000333893
-0.000311388
-0.000276542
-0.0002292
-0.000169769
-9.95917e-05
-2.11965e-05
6.1841e-05
0.000145375
0.000225202
0.000297437
0.000358827
0.00040702
0.000440631
0.000459026
0.000462068
0.000450051
0.000423753
0.000384472
0.000334068
0.000275016
0.00021035
0.000143456
7.77795e-05
1.65637e-05
-3.73543e-05
-8.1673e-05
-0.000114673
-0.000135207
-0.000142678
-0.00013704
-0.000118822
-8.91572e-05
-4.9766e-05
-2.89002e-06
4.88433e-05
0.000102618
0.000155644
0.000205328
0.000249369
0.000285827
0.00031316
0.000330258
0.000336492
0.000331828
0.000316948
0.000293296
0.000262997
0.000228642
0.000192977
0.000158641
0.000127967
0.000102811
8.44587e-05
7.36887e-05
7.09537e-05
7.64755e-05
9.01841e-05
0.000111583
0.000139637
0.000172745
0.000208826
0.000245486
0.000280246
0.000310802
0.000335272
0.000352333
0.000361192
0.000361452
0.000352954
0.000335701
0.000309877
0.000275934
0.000234685
0.000187386
0.000135722
8.17066e-05
2.74951e-05
-2.48114e-05
-7.33471e-05
-0.000116589
-0.000153351
-0.000182674
-0.000203697
-0.000215607
-0.000217716
-0.000209617
-0.000191314
-0.000163326
-0.000126725
-8.30789e-05
-3.42638e-05
1.77776e-05
7.11994e-05
0.000124297
0.000175461
0.000223102
0.000265589
0.000301293
0.00032872
0.000346687
0.000354516
0.000352204
0.000340469
0.000320616
0.00029432
0.000263401
0.000229658
0.000194734
0.000160073
0.000126953
9.65594e-05
6.9987e-05
4.81632e-05
3.16698e-05
2.05058e-05
1.38812e-05
1.01878e-05
7.26903e-06
2.97888e-06
-4.18438e-06
-1.46976e-05
-2.80306e-05
-4.28902e-05
-5.7539e-05
-7.02884e-05
-8.01303e-05
-8.70753e-05
-9.19247e-05
-9.57834e-05
-9.97052e-05
-0.000104461
-0.000110358
-0.000117257
-0.000124872
-0.000133103
-0.00014215
-0.000152423
-0.0001644
-0.000178469
-0.000194743
-0.000212931
-0.000232373
-0.00025216
-0.000271223
-0.000288358
-0.000302257
-0.000311554
-0.000314858
-0.000310848
-0.000298514
-0.000277405
-0.000247721
-0.000210269
-0.00016639
-0.000117854
-6.66355e-05
-1.47307e-05
3.59074e-05
8.33396e-05
0.000125634
0.000160925
0.000187543
0.000204203
0.000210158
0.000205321
0.000190352
0.000166631
0.000136059
0.000100796
6.30592e-05
2.50066e-05
-1.13481e-05
-4.4186e-05
-7.18847e-05
-9.30124e-05
-0.000106375
-0.000111131
-0.000106923
-9.39866e-05
-7.31708e-05
-7.31708e-05
-4.59126e-05
-1.41661e-05
1.97069e-05
5.30942e-05
8.33369e-05
0.000107963
0.00012489
0.000132521
0.000129799
0.000116324
9.24771e-05
5.93754e-05
1.86646e-05
-2.76662e-05
-7.7404e-05
-0.000128253
-0.000178016
-0.000224736
-0.000266735
-0.000302598
-0.000331155
-0.000351496
-0.000362989
-0.00036527
-0.000358265
-0.000342192
-0.000317531
-0.000284913
-0.000245015
-0.000198531
-0.000146223
-8.89565e-05
-2.77125e-05
3.6351e-05
0.00010178
0.000166734
0.000229007
0.000286136
0.000335522
0.000374577
0.000400966
0.000412967
0.000409778
0.000391556
0.00035931
0.000314825
0.000260558
0.00019934
0.00013405
6.74746e-05
2.29664e-06
-5.89507e-05
-0.000113978
-0.000160836
-0.000198038
-0.000224727
-0.000240796
-0.000246907
-0.000244355
-0.000234809
-0.000219999
-0.000201457
-0.000180308
-0.000157142
-0.000132082
-0.000105123
-7.65188e-05
-4.69229e-05
-1.73024e-05
1.11538e-05
3.71289e-05
5.94124e-05
7.71912e-05
9.01513e-05
9.83437e-05
0.000101974
0.000101234
9.62186e-05
8.69391e-05
7.3443e-05
5.59725e-05
3.50872e-05
1.16967e-05
-1.30051e-05
-3.76777e-05
-6.1009e-05
-8.18698e-05
-9.93761e-05
-0.000112848
-0.000121743
-0.000125622
-0.000124147
-0.000117116
-0.000104576
-8.69621e-05
-6.51723e-05
-4.05436e-05
-1.4729e-05
1.04859e-05
3.3384e-05
5.24944e-05
6.67114e-05
7.53265e-05
7.79652e-05
7.44988e-05
6.50123e-05
4.98309e-05
2.9549e-05
5.04679e-06
-2.24995e-05
-5.16411e-05
-8.07555e-05
-0.000108218
-0.000132582
-0.0001527
-0.000167764
-0.000177278
-0.000181019
-0.000178984
-0.000171381
-0.000158671
-0.000141648
-0.000121494
-9.97832e-05
-7.83893e-05
-5.92627e-05
-4.41697e-05
-3.45082e-05
-3.12097e-05
-3.46549e-05
-4.46339e-05
-6.0436e-05
-8.10351e-05
-0.000105238
-0.000131744
-0.000159159
-0.000186029
-0.000210871
-0.000232163
-0.00024834
-0.00025785
-0.000259287
-0.000251538
-0.000233931
-0.000206365
-0.000169366
-0.000124058
-7.2133e-05
-1.58242e-05
4.22311e-05
9.92232e-05
0.000152379
0.000199109
0.000237151
0.000264757
0.000280845
0.000285044
0.000277648
0.000259552
0.000232225
0.000197627
0.000158024
0.000115799
7.33162e-05
3.28029e-05
-3.82051e-06
-3.50725e-05
-5.9893e-05
-7.75446e-05
-8.7571e-05
-8.98096e-05
-8.43623e-05
-7.15398e-05
-5.18817e-05
-2.62246e-05
4.30682e-06
3.84186e-05
7.47988e-05
0.000112222
0.000149579
0.000185863
0.000220173
0.000251709
0.000279689
0.000303244
0.00032143
0.000333354
0.000338332
0.000335976
0.000326266
0.000309603
0.000286823
0.000259124
0.000227934
0.000194775
0.00016117
0.000128579
9.83422e-05
7.16403e-05
4.94927e-05
3.27386e-05
2.19869e-05
1.75672e-05
1.95127e-05
2.7558e-05
4.1141e-05
5.94301e-05
8.13864e-05
0.000105829
0.000131468
0.000156911
0.000180675
0.000201222
0.000217023
0.000226679
0.000229089
0.000223622
0.000210241
0.00018954
0.00016272
0.000131471
9.77345e-05
6.34206e-05
3.02372e-05
-3.41981e-07
-2.70954e-05
-4.90883e-05
-6.56497e-05
-7.63175e-05
-8.08639e-05
-7.94018e-05
-7.24431e-05
-6.08381e-05
-4.56392e-05
-2.79571e-05
-8.84533e-06
1.07873e-05
3.02309e-05
4.89405e-05
6.64002e-05
8.19954e-05
9.50022e-05
0.000104659
0.000110235
0.000111111
0.000106874
9.7411e-05
8.29068e-05
6.37717e-05
4.05776e-05
1.40542e-05
-1.48915e-05
-4.51842e-05
-7.56075e-05
-0.000104841
-0.000131533
-0.000154434
-0.000172541
-0.000185199
-0.000192127
-0.000193416
-0.000189519
-0.000181215
-0.000169522
-0.000155586
-0.000140631
-0.000125933
-0.000112769
-0.000102317
-9.5577e-05
-9.33289e-05
-9.61062e-05
-0.000104184
-0.000117589
-0.000136128
-0.000159393
-0.000186793
-0.000217546
-0.000250627
-0.000284657
-0.000317809
-0.000347856
-0.000372389
-0.0003891
-0.00039601
-0.000391687
-0.000375493
-0.000347765
-0.000309761
-0.000263429
-0.000211153
-0.00015558
-9.94227e-05
-4.52478e-05
4.68202e-06
4.84159e-05
8.42963e-05
0.000111021
0.000127718
0.000133948
0.000129684
0.000115352
9.1865e-05
6.05644e-05
2.31212e-05
-1.85513e-05
-6.2376e-05
-0.000106214
-0.000147973
-0.000185682
-0.000217542
-0.000241987
-0.000257774
-0.000264043
-0.000260355
-0.000246702
-0.000223503
-0.000191536
-0.000151846
-0.000105662
-5.43623e-05
5.70421e-07
5.70421e-07
5.75503e-05
0.000114842
0.00017051
0.000222444
0.00026847
0.000306489
0.000334652
0.000351593
0.000356643
0.000349883
0.000332069
0.000304561
0.000269279
0.000228598
0.000185171
0.000141762
0.000101102
6.56702e-05
3.73677e-05
1.72354e-05
5.38397e-06
1.13598e-06
3.23422e-06
1.00737e-05
2.00165e-05
3.17155e-05
4.42393e-05
5.69487e-05
6.93296e-05
8.09388e-05
9.13851e-05
0.00010026
0.000107122
0.000111617
0.000113622
0.000113191
0.000110399
0.000105228
9.75491e-05
8.71418e-05
7.37358e-05
5.71333e-05
3.73988e-05
1.50244e-05
-9.04581e-06
-3.35454e-05
-5.70774e-05
-7.83007e-05
-9.61148e-05
-0.000109809
-0.000119096
-0.00012404
-0.00012499
-0.000122636
-0.000118084
-0.000112806
-0.000108468
-0.000106766
-0.000109214
-0.000116799
-0.000129624
-0.000146839
-0.000166915
-0.000188034
-0.000208401
-0.000226528
-0.000241467
-0.000252843
-0.000260602
-0.00026466
-0.000264737
-0.000260366
-0.000251038
-0.000236414
-0.0002166
-0.000192313
-0.000164832
-0.000135808
-0.000106988
-7.99509e-05
-5.58954e-05
-3.55905e-05
-1.94731e-05
-7.77903e-06
-6.04798e-07
2.12813e-06
7.81502e-07
-3.88019e-06
-1.06284e-05
-1.78168e-05
-2.35638e-05
-2.60545e-05
-2.38479e-05
-1.604e-05
-2.26607e-06
1.73827e-05
4.25059e-05
7.25834e-05
0.000107072
0.000145275
0.000186044
0.000227494
0.000266927
0.000301088
0.000326659
0.000340751
0.000341262
0.000327187
0.000298789
0.000257412
0.000205009
0.000143712
7.56574e-05
3.04731e-06
-7.16912e-05
-0.000145775
-0.000216069
-0.000279232
-0.000332009
-0.000371625
-0.000396177
-0.000404884
-0.000398083
-0.000377006
-0.000343456
-0.000299518
-0.000247402
-0.000189397
-0.000127923
-6.56084e-05
-5.30678e-06
5.00395e-05
9.76637e-05
0.000135296
0.000161462
0.000175652
0.000178328
0.000170737
0.00015462
0.0001319
0.000104462
7.40932e-05
4.25192e-05
1.14181e-05
-1.76031e-05
-4.30281e-05
-6.348e-05
-7.78545e-05
-8.54687e-05
-8.6115e-05
-8.00005e-05
-6.76187e-05
-4.96062e-05
-2.66358e-05
6.38181e-07
3.15902e-05
6.5568e-05
0.000101774
0.000139186
0.000176601
0.000212754
0.000246413
0.000276467
0.00030201
0.000322395
0.000337187
0.000346096
0.000348933
0.00034563
0.000336321
0.000321428
0.00030171
0.00027826
0.000252449
0.00022579
0.000199762
0.000175629
0.000154346
0.000136528
0.000122495
0.00011235
0.000106074
0.000103601
0.000104817
0.000109498
0.000117268
0.00012758
0.000139715
0.000152793
0.000165843
0.000177908
0.000188126
0.000195764
0.000200244
0.000201153
0.000198224
0.000191332
0.000180509
0.000165972
0.000148117
0.00012752
0.000104926
8.12277e-05
5.73865e-05
3.43672e-05
1.30712e-05
-5.71886e-06
-2.13723e-05
-3.34242e-05
-4.15847e-05
-4.5744e-05
-4.59645e-05
-4.2471e-05
-3.56458e-05
-2.60148e-05
-1.42163e-05
-9.47664e-07
1.31067e-05
2.73462e-05
4.12976e-05
5.46217e-05
6.70973e-05
7.85771e-05
8.89177e-05
9.79183e-05
0.000105299
0.000110682
0.000113559
0.000113298
0.000109268
0.000100996
8.82404e-05
7.09971e-05
4.95341e-05
2.4431e-05
-3.46957e-06
-3.31964e-05
-6.37705e-05
-9.42449e-05
-0.000123682
-0.000151108
-0.000175477
-0.000195652
-0.000210469
-0.000218851
-0.000219962
-0.000213338
-0.000199016
-0.000177562
-0.000149957
-0.000117385
-8.10673e-05
-4.21723e-05
-1.77316e-06
3.91225e-05
7.9481e-05
0.000118147
0.000153793
0.000184964
0.000210241
0.000228499
0.000239132
0.000242191
0.000238438
0.000229297
0.000216626
0.000202414
0.000188546
0.00017666
0.000168012
0.000163292
0.000162538
0.000165186
0.000170212
0.000176254
0.000181733
0.000185072
0.000185009
0.000180791
0.000172127
0.000159041
0.000141791
0.000120776
9.638e-05
6.88846e-05
3.85818e-05
5.95815e-06
-2.81834e-05
-6.26859e-05
-9.60995e-05
-0.000126864
-0.000153559
-0.000175125
-0.00019104
-0.000201405
-0.000206886
-0.000208497
-0.000207316
-0.000204262
-0.00019994
-0.000194594
-0.0001882
-0.000180686
-0.000172121
-0.000162789
-0.000153195
-0.000144036
-0.000136098
-0.000130061
-0.000126354
-0.000125144
-0.000126391
-0.000129917
-0.000135473
-0.000142788
-0.000151565
-0.000161418
-0.000171816
-0.000182089
-0.000191499
-0.000199322
-0.00020493
-0.00020493
-0.00020787
-0.000207942
-0.000205219
-0.000199999
-0.000192717
-0.000183875
-0.000174002
-0.000163648
-0.000153394
-0.000143871
-0.000135728
-0.000129502
-0.000125492
-0.000123799
-0.000124438
-0.000127268
-0.000131846
-0.000137501
-0.000143545
-0.000149336
-0.000154233
-0.000157647
-0.00015914
-0.000158472
-0.000155621
-0.000150789
-0.000144372
-0.000136853
-0.000128701
-0.000120321
-0.000112069
-0.000104259
-9.71407e-05
-9.09081e-05
-8.57495e-05
-8.18727e-05
-7.94654e-05
-7.86382e-05
-7.93738e-05
-8.14794e-05
-8.45718e-05
-8.81336e-05
-9.1605e-05
-9.44535e-05
-9.62133e-05
-9.65255e-05
-9.51666e-05
-9.20273e-05
-8.70515e-05
-8.01891e-05
-7.1388e-05
-6.06155e-05
-4.79007e-05
-3.33797e-05
-1.73136e-05
-7.84034e-08
1.78609e-05
3.59879e-05
5.37774e-05
7.07115e-05
8.62464e-05
9.97476e-05
0.000110456
0.000117539
0.000120212
0.000117861
0.000110132
9.70178e-05
7.89445e-05
5.67612e-05
3.16392e-05
4.96523e-06
-2.17141e-05
-4.67368e-05
-6.84261e-05
-8.52488e-05
-9.59733e-05
-9.97845e-05
-9.63818e-05
-8.60788e-05
-6.98136e-05
-4.89729e-05
-2.5113e-05
2.40069e-07
2.56799e-05
4.9991e-05
7.21965e-05
9.15036e-05
0.000107187
0.00011855
0.000125014
0.000126252
0.000122282
0.000113511
0.00010073
8.50251e-05
6.76281e-05
4.97454e-05
3.24335e-05
1.65251e-05
2.60532e-06
-8.97529e-06
-1.80771e-05
-2.47571e-05
-2.92494e-05
-3.19149e-05
-3.31785e-05
-3.35018e-05
-3.33682e-05
-3.32223e-05
-3.33798e-05
-3.39837e-05
-3.5016e-05
-3.63145e-05
-3.75853e-05
-3.84404e-05
-3.84807e-05
-3.74138e-05
-3.51519e-05
-3.18369e-05
-2.78101e-05
-2.35747e-05
-1.97239e-05
-1.68042e-05
-1.51928e-05
-1.50737e-05
-1.64649e-05
-1.9221e-05
-2.30413e-05
-2.75318e-05
-3.22835e-05
-3.69059e-05
-4.10273e-05
-4.43265e-05
-4.66154e-05
-4.79153e-05
-4.84681e-05
-4.86893e-05
-4.91064e-05
-5.02751e-05
-5.2652e-05
-5.64544e-05
-6.15867e-05
-6.76583e-05
-7.40535e-05
-8.00228e-05
-8.4819e-05
-8.78576e-05
-8.88036e-05
-8.75434e-05
-8.41163e-05
-7.86733e-05
-7.14352e-05
-6.26285e-05
-5.24495e-05
-4.11004e-05
-2.88599e-05
-1.61289e-05
-3.42656e-06
8.64743e-06
1.94786e-05
2.85245e-05
3.5415e-05
4.00562e-05
4.27219e-05
4.40822e-05
4.512e-05
4.69716e-05
5.07715e-05
5.74927e-05
6.7737e-05
8.15406e-05
9.83414e-05
0.000117125
0.000136623
0.000155492
0.00017251
0.000186781
0.00019783
0.000205502
0.000209819
0.000210892
0.000208871
0.000203893
0.000196074
0.000185589
0.000172742
0.000157939
0.000141578
0.000124006
0.00010552
8.63692e-05
6.67466e-05
4.6847e-05
2.70029e-05
7.78632e-06
-1.00099e-05
-2.54738e-05
-3.76871e-05
-4.58398e-05
-4.93634e-05
-4.80421e-05
-4.20293e-05
-3.17651e-05
-1.78848e-05
-1.17056e-06
1.74851e-05
3.71126e-05
5.66517e-05
7.49086e-05
9.05638e-05
0.000102267
0.000108782
0.000109158
0.000102867
8.98568e-05
7.05318e-05
4.57236e-05
1.66651e-05
-1.50831e-05
-4.77523e-05
-7.94756e-05
-0.000108365
-0.000132597
-0.000150561
-0.000161054
-0.000163423
-0.000157602
-0.00014409
-0.000123899
-9.84307e-05
-6.92669e-05
-3.7994e-05
-6.13767e-06
2.48494e-05
5.36286e-05
7.90056e-05
9.99066e-05
0.000115367
0.000124601
0.000127115
0.000122772
0.000111813
9.48621e-05
7.28925e-05
4.71507e-05
1.90527e-05
-9.90764e-06
-3.82341e-05
-6.45063e-05
-8.74579e-05
-0.000106019
-0.000119326
-0.000126751
-0.000127951
-0.000122901
-0.00011188
-9.54459e-05
-7.44296e-05
-4.9896e-05
-2.30697e-05
4.75251e-06
3.22748e-05
5.82716e-05
8.16644e-05
0.000101598
0.000117494
0.000129047
0.000136189
0.00013905
0.000137943
0.000133324
0.000125742
0.000115812
0.000104214
9.1697e-05
7.90597e-05
6.70821e-05
5.64184e-05
4.74857e-05
4.04096e-05
3.5041e-05
3.10064e-05
2.77845e-05
2.48289e-05
2.17122e-05
1.82004e-05
1.42182e-05
9.76746e-06
4.87006e-06
-4.58826e-07
-6.20383e-06
-1.22772e-05
-1.83874e-05
-2.3924e-05
-2.79456e-05
-2.93121e-05
-2.69325e-05
-2.00143e-05
-8.20897e-06
8.31407e-06
2.87773e-05
5.17436e-05
7.52457e-05
9.70738e-05
0.000115034
0.000127087
0.000131473
0.000126927
0.000112927
8.98546e-05
5.90714e-05
2.29742e-05
-1.502e-05
-5.07587e-05
-7.99793e-05
-9.89715e-05
-0.000104932
-9.61342e-05
-7.22521e-05
-3.46944e-05
1.34757e-05
1.34757e-05
6.80626e-05
0.000124302
0.000177297
0.000222531
0.000256554
0.000277532
0.000285262
0.000280733
0.000265631
0.000241891
0.000211097
0.000173893
0.000129914
7.83341e-05
1.84818e-05
-4.97572e-05
-0.000125497
-0.000206262
-0.000287724
-0.000364077
-0.000428738
-0.000474997
-0.000496822
-0.000490048
-0.000453392
-0.000388637
-0.000300241
-0.000194939
-8.1071e-05
3.281e-05
0.000139357
0.000232885
0.000309115
0.000365054
0.000399044
0.000410499
0.000399588
0.000367387
0.000316355
0.000250522
0.000175166
9.61404e-05
1.90767e-05
-5.13868e-05
-0.000112241
-0.000162408
-0.000202422
-0.000233463
-0.000256313
-0.000270833
-0.000275951
-0.000269881
-0.000250659
-0.000217126
-0.000169874
-0.000111469
-4.59846e-05
2.16556e-05
8.63763e-05
0.00014379
0.000190872
0.000226028
0.000248665
0.000258762
0.00025663
0.000242691
0.000217359
0.000181203
0.000135304
8.14329e-05
2.19745e-05
-4.0261e-05
-0.000102239
-0.000160949
-0.000213636
-0.000257879
-0.000291562
-0.000312897
-0.000320561
-0.000313813
-0.000292557
-0.000257455
-0.00021005
-0.000152733
-8.85193e-05
-2.08199e-05
4.66915e-05
0.000110216
0.000166044
0.00021084
0.000241916
0.000257455
0.000256695
0.000240105
0.000209417
0.000167337
0.000117055
6.18613e-05
4.94455e-06
-5.08105e-05
-0.000102982
-0.000149575
-0.000188857
-0.0002193
-0.000239683
-0.000249238
-0.000247729
-0.000235504
-0.000213486
-0.000183086
-0.000146029
-0.000104162
-5.93122e-05
-1.3279e-05
3.21261e-05
7.50748e-05
0.00011376
0.000146445
0.000171554
0.000187825
0.000194475
0.000191297
0.000178648
0.00015737
0.000128677
9.40396e-05
5.50725e-05
1.34726e-05
-2.90089e-05
-7.05927e-05
-0.000109519
-0.000144108
-0.000172841
-0.000194445
-0.000207983
-0.000212895
-0.000209014
-0.000196556
-0.000176104
-0.000148577
-0.00011518
-7.73723e-05
-3.6826e-05
4.62285e-06
4.50776e-05
8.26894e-05
0.000115736
0.000142689
0.000162301
0.000173685
0.000176356
0.000170237
0.000155662
0.00013338
0.000104545
7.06596e-05
3.34923e-05
-5.02356e-06
-4.28956e-05
-7.81966e-05
-0.000109198
-0.000134474
-0.000152964
-0.000164002
-0.000167319
-0.000163026
-0.000151563
-0.000133637
-0.000110187
-8.23476e-05
-5.14071e-05
-1.87585e-05
1.4159e-05
4.59101e-05
7.51051e-05
0.00010046
0.000120875
0.000135488
0.000143704
0.000145222
0.00014007
0.000128598
0.000111447
8.95114e-05
6.38911e-05
3.58332e-05
6.65753e-06
-2.23063e-05
-4.97682e-05
-7.45275e-05
-9.55249e-05
-0.000111889
-0.000122967
-0.000128348
-0.000127889
-0.000121722
-0.000110242
-9.40836e-05
-7.40839e-05
-5.12376e-05
-2.66435e-05
-1.45087e-06
2.31989e-05
4.62251e-05
6.66372e-05
8.35641e-05
9.63031e-05
0.00010436
0.00010746
0.000105545
9.8785e-05
8.75809e-05
7.25423e-05
5.44482e-05
3.42022e-05
1.27867e-05
-8.78677e-06
-2.95266e-05
-4.84994e-05
-6.48621e-05
-7.79033e-05
-8.70851e-05
-9.20614e-05
-9.26772e-05
-8.89732e-05
-8.11957e-05
-6.9785e-05
-5.53422e-05
-3.85901e-05
-2.03354e-05
-1.43068e-06
1.72578e-05
3.48839e-05
5.06639e-05
6.39175e-05
7.4091e-05
8.07742e-05
8.37211e-05
8.2866e-05
7.83203e-05
7.03586e-05
5.94069e-05
4.60246e-05
3.08704e-05
1.46646e-05
-1.8389e-06
-1.78792e-05
-3.27245e-05
-4.57125e-05
-5.62829e-05
-6.39985e-05
-6.85564e-05
-6.9802e-05
-6.77408e-05
-6.25332e-05
-5.44757e-05
-4.39856e-05
-3.15827e-05
-1.78603e-05
-3.46297e-06
1.09371e-05
2.46805e-05
3.71597e-05
4.78332e-05
5.62423e-05
6.20433e-05
6.50261e-05
6.51081e-05
6.23374e-05
5.68975e-05
4.90897e-05
3.93097e-05
2.80391e-05
1.58291e-05
3.25904e-06
-9.09834e-06
-2.06878e-05
-3.09859e-05
-3.95366e-05
-4.59839e-05
-5.00815e-05
-5.16883e-05
-5.07711e-05
-4.74135e-05
-4.18127e-05
-3.42629e-05
-2.51412e-05
-1.4895e-05
-4.01608e-06
6.98882e-06
1.76174e-05
2.73898e-05
3.58759e-05
4.27162e-05
4.76317e-05
5.04339e-05
5.10337e-05
4.94422e-05
4.57669e-05
4.02115e-05
3.30666e-05
2.46917e-05
1.54956e-05
5.91937e-06
-3.58708e-06
-1.25917e-05
-2.07001e-05
-2.75646e-05
-3.28948e-05
-3.64748e-05
-3.81763e-05
-3.79565e-05
-3.58547e-05
-3.19954e-05
-2.65864e-05
-1.99061e-05
-1.2287e-05
-4.09745e-06
4.27676e-06
1.2451e-05
2.00584e-05
2.67652e-05
2.67652e-05
3.2284e-05
3.63853e-05
3.89072e-05
3.97623e-05
3.894e-05
3.65068e-05
3.65068e-05
