2.26596e-08
9.6396e-09
-4.00356e-07
-1.4297e-06
-2.53097e-06
-3.19999e-06
-3.7288e-06
-4.32283e-06
-4.80137e-06
-5.2308e-06
-5.74791e-06
-6.28826e-06
-6.79924e-06
-7.20022e-06
-7.30317e-06
-6.9979e-06
-6.34776e-06
-5.53569e-06
-4.78477e-06
-4.23881e-06
-3.91824e-06
-3.79203e-06
-3.82884e-06
-4.00175e-06
-4.30847e-06
-4.78856e-06
-5.49938e-06
-6.50653e-06
-7.89027e-06
-9.68708e-06
-1.18302e-05
-1.41868e-05
-1.66216e-05
-1.90222e-05
-2.13171e-05
-2.34843e-05
-2.5523e-05
-2.74084e-05
-2.90809e-05
-3.04634e-05
-3.14664e-05
-3.19933e-05
-3.1963e-05
-3.13342e-05
-3.01102e-05
-2.83243e-05
-2.6029e-05
-2.32739e-05
-2.00679e-05
-1.6396e-05
-1.22646e-05
-7.6894e-06
-2.6892e-06
2.67886e-06
8.32737e-06
1.41846e-05
2.01927e-05
2.6296e-05
3.24645e-05
3.86905e-05
4.49714e-05
5.13164e-05
5.77228e-05
6.41544e-05
7.05758e-05
7.69739e-05
8.33386e-05
8.96414e-05
9.5826e-05
0.000101811
0.000107488
0.000112714
0.000117324
0.000121167
0.000124102
0.000125992
0.00012672
0.000126179
0.000124237
0.000120745
0.000115569
0.000108602
9.9775e-05
8.90863e-05
7.66031e-05
6.24548e-05
4.68102e-05
2.98306e-05
1.16396e-05
-7.66777e-06
-2.80045e-05
-4.92786e-05
-7.13705e-05
-9.41101e-05
-0.000117275
-0.000140608
-0.00016384
-0.000186718
-0.000209018
-0.000230547
-0.000251124
-0.000270548
-0.000288583
-0.000304993
-0.000319568
-0.000332107
-0.000342434
-0.000350424
-0.000355941
-0.000358803
-0.000358821
-0.000355823
-0.000349664
-0.000340308
-0.00032787
-0.000312572
-0.000294665
-0.000274396
-0.000251981
-0.000227597
-0.000201393
-0.000173472
-0.000143917
-0.00011282
-8.02195e-05
-4.60031e-05
-9.95586e-06
2.81235e-05
6.84243e-05
0.000111147
0.000156422
0.000204256
0.000254538
0.000306992
0.000361122
0.00041616
0.000471022
0.00052431
0.000574408
0.000619635
0.000658336
0.000688916
0.000709938
0.000720265
0.00071902
0.00070536
0.00067823
0.000636322
0.000578176
0.000502367
0.000408148
0.000296396
0.000169825
3.23997e-05
-0.000111031
-0.000255011
-0.000394424
-0.000525437
-0.000645161
-0.00075068
-0.000838849
-0.000906528
-0.000950632
-0.00096852
-0.000958806
-0.000921997
-0.000860547
-0.000778401
-0.00068029
-0.000570977
-0.000454541
-0.000333983
-0.000211364
-8.82278e-05
3.40136e-05
0.000153833
0.000269652
0.000380188
0.000484627
0.000582283
0.000672204
0.000753293
0.000824593
0.000885185
0.000934145
0.000971088
0.000997033
0.00101468
0.00102763
0.0010394
0.00105327
0.00107216
0.00109825
0.00113318
0.00117894
0.00123838
0.00131471
0.00141102
0.00152934
0.00166876
0.00182322
0.00198034
0.00212113
0.00222044
0.00225167
0.00219539
0.00204346
0.00179654
0.00146309
0.00105922
0.00060294
0.000106994
-0.000420094
-0.000967397
-0.00151866
-0.00205254
-0.0025425
-0.0029593
-0.00327699
-0.00347919
-0.00356233
-0.00353478
-0.00341342
-0.00321868
-0.00296976
-0.00268145
-0.00236398
-0.00202533
-0.00167459
-0.00132479
-0.000992916
-0.000697324
-0.00045431
-0.000274875
-0.000162252
-0.000111684
-0.000112605
-0.000151868
-0.000216729
-0.000296482
-0.000382401
-0.000466386
-0.000538946
-0.000587835
-0.00059859
-0.000556534
-0.000449217
-0.000268718
-1.30288e-05
0.000314126
0.00070479
0.00114881
0.00163553
0.00215448
0.00269484
0.00324423
0.00378744
0.00430606
0.00477981
0.00518923
0.00551778
0.00575268
0.00588488
0.00590799
0.00581723
0.00560944
0.00528075
0.00482128
0.00421052
0.00341847
0.00242332
0.00123708
-9.26136e-05
-0.00150133
-0.0029153
-0.00425489
-0.00545476
-0.00648088
-0.00731939
-0.00795493
-0.00836384
-0.00851461
-0.00836811
-0.00788864
-0.00706436
-0.00592082
-0.00451935
-0.0029453
-0.00129271
0.000351009
0.00191688
0.00335798
0.00464362
0.00574971
0.00665158
0.00732095
0.00772524
0.00782877
0.00759493
0.00699151
0.00601165
0.00470123
0.00315423
0.00148062
-0.000210289
-0.00181596
-0.00326142
-0.00451409
-0.00556585
-0.00640344
-0.00699693
-0.00730081
-0.00726028
-0.00683257
-0.00601617
-0.00486611
-0.00348699
-0.00200945
-0.000557644
0.000775978
0.00193335
0.00287961
0.00287961
0.00359274
0.00405097
0.00421989
0.00405446
0.0035201
0.00261694
0.00139171
-6.35794e-05
-0.00162409
-0.00315517
-0.00453776
-0.00568422
-0.00654078
-0.00708075
-0.00729414
-0.0071778
-0.00673029
-0.00595499
-0.00487043
-0.0035216
-0.00198519
-0.000364379
0.00122551
0.00267504
0.00389634
0.00483218
0.00545734
0.00577291
0.00579549
0.00554659
0.00504886
0.00432834
0.00341754
0.00235836
0.00120605
2.95576e-05
-0.00109658
-0.00210326
-0.0029345
-0.00355208
-0.00393688
-0.00408603
-0.00400723
-0.00371387
-0.00322324
-0.002559
-0.00175557
-0.000861285
6.18942e-05
0.000944247
0.00172154
0.00234781
0.00279679
0.00305694
0.0031297
0.00302626
0.00275942
0.00233973
0.00178115
0.00110863
0.000360017
-0.00041606
-0.00116409
-0.00182961
-0.00236885
-0.00275458
-0.00297719
-0.00304519
-0.00298468
-0.00283126
-0.00261638
-0.00236005
-0.0020715
-0.00175121
-0.00139693
-0.00101484
-0.000623966
-0.000249373
8.5741e-05
0.000365749
0.00058889
0.000770586
0.000938903
0.00112186
0.00132828
0.0015288
0.00165764
0.00164564
0.00145301
0.00107619
0.000547248
-6.76698e-05
-0.000691623
-0.0012711
-0.00178529
-0.00223181
-0.00261368
-0.0029273
-0.00314996
-0.00324234
-0.00316649
-0.00290454
-0.00246832
-0.00189553
-0.00123566
-0.000538614
0.000149732
0.000793958
0.00137438
0.00188148
0.00230544
0.00263292
0.0028523
0.00295905
0.0029572
0.00286019
0.00268994
0.00247033
0.00221951
0.00194779
0.00166054
0.00136203
0.00105963
0.000766424
0.000499445
0.000275868
0.000109223
5.57392e-06
-3.84837e-05
-3.32518e-05
1.02125e-05
8.55628e-05
0.000192911
0.000337253
0.000524705
0.000757319
0.00102859
0.001322
0.00161253
0.00187005
0.00206548
0.00217801
0.00219733
0.00212119
0.00195397
0.00170627
0.00139158
0.00102212
0.000609911
0.000171846
-0.000267932
-0.000679209
-0.00102774
-0.00127873
-0.00140177
-0.00137551
-0.00119051
-0.000849293
-0.000364181
0.00024472
0.000950125
0.00171692
0.00250023
0.00324452
0.00389159
0.00439578
0.00472924
0.0048766
0.00483475
0.00461389
0.00422748
0.00368146
0.00297797
0.00212689
0.00115151
9.11506e-05
-0.000996482
-0.00204184
-0.00297927
-0.00375989
-0.00435525
-0.00475537
-0.00496431
-0.00499227
-0.00484626
-0.00452582
-0.00402741
-0.00335278
-0.00251591
-0.00154712
-0.000492561
0.000592244
0.00165232
0.00264213
0.00353016
0.00429864
0.00493965
0.00544917
0.00582193
0.00604942
0.00612281
0.00603899
0.00580468
0.00543708
0.00496174
0.00440601
0.00378799
0.00311026
0.00236511
0.00154716
0.00066587
-0.000245008
-0.00112934
-0.00192728
-0.00259429
-0.00310667
-0.00346346
-0.00368772
-0.00381499
-0.00387175
-0.00386431
-0.0037865
-0.00363332
-0.00340982
-0.00313608
-0.00284929
-0.00259776
-0.00242498
-0.00235302
-0.00237615
-0.00246571
-0.00258062
-0.00267842
-0.00272626
-0.00270922
-0.00262892
-0.00249383
-0.00231
-0.00207558
-0.00177892
-0.00140199
-0.000928653
-0.000352885
0.00031629
0.00105332
0.00181748
0.00255651
0.00321415
0.00374723
0.00414364
0.00441753
0.00458853
0.00467279
0.00468129
0.00461064
0.00443961
0.00414512
0.00372242
0.00319118
0.00259205
0.00198026
0.00141241
0.000930084
0.000551594
0.000274677
8.05476e-05
-6.49744e-05
-0.000203349
-0.000367006
-0.000569988
-0.000809762
-0.00107048
-0.00133151
-0.00158778
-0.00186264
-0.0021969
-0.00262924
-0.00318313
-0.0038583
-0.00462666
-0.00543681
-0.00622872
-0.00695278
-0.00757836
-0.00808622
-0.00845807
-0.00867271
-0.00870165
-0.00850456
-0.00803679
-0.00726739
-0.00619227
-0.00483573
-0.00324708
-0.00149683
0.000331954
0.00215573
0.0038976
0.00548706
0.00685717
0.00794214
0.00867606
0.00899827
0.00886698
0.00827063
0.00723053
0.00580013
0.00406119
0.00211252
5.62408e-05
-0.00200925
-0.00399007
-0.00579665
-0.00734327
-0.00854791
-0.00933612
-0.00964866
-0.00945156
-0.00874823
-0.00758763
-0.00605554
-0.0042496
-0.0042496
-0.00226174
-0.000176706
0.0019295
0.00399152
0.00594472
0.00771322
0.00921339
0.010368
0.0111179
0.0114319
0.0113147
0.0108057
0.00996516
0.0088586
0.00754593
0.00607724
0.0044934
0.00283162
0.00113408
-0.000546863
-0.00215093
-0.00361701
-0.00488997
-0.00592658
-0.00670191
-0.00721171
-0.00746597
-0.0074801
-0.00727141
-0.00685901
-0.00626241
-0.00550163
-0.00460221
-0.00359889
-0.002534
-0.00145354
-0.000403428
0.000574951
0.0014488
0.00219495
0.00279674
0.00323942
0.00350826
0.0035897
0.00347306
0.00315374
0.00264011
0.00195954
0.00115531
0.000278091
-0.000618734
-0.00148243
-0.00226801
-0.00294286
-0.00348261
-0.00386521
-0.00407201
-0.00409191
-0.00392232
-0.00356952
-0.00305219
-0.00240393
-0.00166949
-0.000897582
-0.000136643
0.000567181
0.00117392
0.00165383
0.00198735
0.00216346
0.0021802
0.00204529
0.00177486
0.0013922
0.000927678
0.000418575
-9.29824e-05
-0.000563128
-0.000948618
-0.00120884
-0.00130946
-0.00122724
-0.000953199
-0.000492607
0.000136778
0.000905992
0.00177618
0.00270153
0.00363407
0.00452776
0.0053389
0.0060255
0.00654952
0.00687944
0.00698904
0.00685631
0.00646722
0.00582049
0.0049278
0.00381355
0.00251714
0.00109177
-0.000403232
-0.00190914
-0.00336901
-0.00472782
-0.00593445
-0.00694217
-0.00770697
-0.00818851
-0.00835616
-0.00819644
-0.007716
-0.00694005
-0.00591021
-0.00468185
-0.00331772
-0.00188053
-0.000430027
0.000975811
0.0022802
0.00342896
0.00437201
0.00506499
0.00547291
0.00557526
0.00536954
0.00487139
0.00411246
0.00313738
0.00199979
0.000757645
-0.000529782
-0.00180216
-0.00299796
-0.00405568
-0.00491653
-0.00552828
-0.0058499
-0.00585608
-0.00554052
-0.00491661
-0.00401434
-0.002875
-0.00154744
-8.63448e-05
0.00144954
0.00299821
0.00449342
0.00586511
0.00704435
0.0079698
0.00859192
0.00887626
0.00880657
0.0083853
0.00763056
0.00657183
0.00524649
0.00369757
0.00197359
0.000131631
-0.00176
-0.00362361
-0.0053772
-0.00694019
-0.00824062
-0.00922213
-0.00984734
-0.0100969
-0.00996686
-0.00946483
-0.00860719
-0.00741829
-0.00593273
-0.0041982
-0.00227636
-0.000240937
0.00182657
0.00384282
0.00572925
0.00741794
0.00885483
0.0100006
0.0108291
0.0113242
0.011476
0.0112797
0.0107367
0.00985604
0.00865971
0.00718975
0.00550852
0.00369087
0.00181786
-2.7862e-05
-0.00177097
-0.00335154
-0.00472386
-0.00585039
-0.00670037
-0.00725205
-0.00749321
-0.00742189
-0.00705079
-0.00641234
-0.00555748
-0.00454835
-0.00345078
-0.00232915
-0.00124227
-0.000239483
0.000640385
0.00136712
0.00191697
0.00227239
0.00242391
0.00237228
0.00212932
0.00171741
0.00116732
0.000514391
-0.000205119
-0.000956231
-0.00170609
-0.00242342
-0.00307592
-0.00362824
-0.00404445
-0.00429306
-0.00435053
-0.0042043
-0.00385557
-0.00331857
-0.00261542
-0.00177133
-0.000812719
0.000233255
0.00133787
0.00246832
0.00358579
0.00464652
0.00560541
0.00642051
0.0070575
0.00749246
0.00771235
0.00771337
0.00749807
0.0070729
0.0064483
0.00564124
0.00467699
0.00358939
0.002421
0.00122157
4.25519e-05
-0.0010701
-0.00207976
-0.00295948
-0.00369233
-0.00427079
-0.0046923
-0.00495457
-0.00505676
-0.00500441
-0.00481108
-0.00449746
-0.00409124
-0.00362576
-0.00313532
-0.00264947
-0.00218995
-0.00177033
-0.00139726
-0.0010732
-0.000799673
-0.000578966
-0.000413515
-0.000303952
-0.000247384
-0.000236711
-0.000260837
-0.000305874
-0.000357721
-0.000404907
-0.000439395
-0.000455194
-0.000447193
-0.000410672
-0.000340145
-0.000229344
-7.51941e-05
0.000117294
0.000335283
0.000562377
0.000781382
0.000975959
0.00113294
0.00124261
0.00129627
0.00128453
0.00119802
0.00102897
0.000772837
0.000430214
8.70265e-06
-0.000476268
-0.00100309
-0.00154729
-0.00208462
-0.002593
-0.00305292
-0.00344705
-0.00375989
-0.0039775
-0.00408715
-0.00407706
-0.00393708
-0.00366066
-0.00324807
-0.00271018
-0.00271018
-0.00207069
-0.00136346
-0.00062598
0.000105519
0.000798478
0.00142729
0.00197605
0.00243599
0.00279917
0.00305539
0.00319431
0.00320854
0.00309658
0.00286664
0.00253915
0.00214466
0.00171771
0.00129075
0.000890189
0.000534052
0.000231875
-1.23947e-05
-0.000196226
-0.000316018
-0.000367167
-0.000345656
-0.00025053
-8.65099e-05
0.000135021
0.000397536
0.000682043
0.000969504
0.00124325
0.00149102
0.00170515
0.00188097
0.00201505
0.00210367
0.00214267
0.00212835
0.00205854
0.00193362
0.00175775
0.00153947
0.00129027
0.00102208
0.000745773
0.000470559
0.000203767
-4.84937e-05
-0.000280262
-0.000485165
-0.000656661
-0.00078897
-0.000878031
-0.000921846
-0.000920699
-0.000877284
-0.000795886
-0.000681153
-0.000538459
-0.000376746
-0.000212011
-6.83103e-05
2.48494e-05
3.84963e-05
-4.65654e-05
-0.00023304
-0.000510404
-0.000862236
-0.00126835
-0.00170649
-0.00215848
-0.00261307
-0.00305891
-0.00347603
-0.00383527
-0.00410252
-0.00424346
-0.00423066
-0.0040509
-0.00370804
-0.00322007
-0.00261355
-0.00191783
-0.0011603
-0.000363637
0.000453428
0.00127173
0.00206667
0.00280653
0.00345546
0.00397874
0.00434817
0.00454715
0.00457408
0.00444134
0.00417004
0.00378397
0.00330557
0.00275426
0.00214658
0.00149969
0.00083719
0.000191758
-0.000398216
-0.000894192
-0.00126278
-0.00148167
-0.00154386
-0.00145581
-0.00123109
-0.00088523
-0.000432881
0.000112222
0.000731122
0.00138911
0.00202903
0.00257422
0.00294323
0.00307527
0.00294966
0.0025802
0.00199879
0.00124878
0.000375917
-0.000589944
-0.00164016
-0.00276848
-0.00394852
-0.00512678
-0.00622585
-0.00715416
-0.00782781
-0.00819542
-0.00824807
-0.00801202
-0.0075332
-0.00685933
-0.00602388
-0.00503953
-0.00390441
-0.00261732
-0.00119282
0.000329911
0.00188778
0.00340557
0.00481297
0.0060554
0.00709354
0.0078989
0.00845379
0.00875046
0.00878512
0.00855651
0.00807187
0.00734992
0.0064186
0.00531484
0.00408591
0.00278595
0.00147012
0.00019211
-0.00099663
-0.00205049
-0.00293443
-0.00362552
-0.00411178
-0.00439089
-0.00446909
-0.00435893
-0.00407707
-0.0036436
-0.00308219
-0.00242106
-0.0016942
-0.000938915
-0.000191312
0.00051584
0.00115513
0.00170788
0.00216465
0.00252169
0.00277525
0.00291387
0.00291156
0.00273473
0.00236469
0.0018106
0.0011034
0.000290413
-0.000567773
-0.00141182
-0.00220059
-0.0029124
-0.00353451
-0.00405376
-0.00444883
-0.00468483
-0.00471885
-0.00451729
-0.00407373
-0.00341859
-0.00261769
-0.00175643
-0.000914054
-0.0001464
0.000516379
0.00106732
0.00151492
0.0018654
0.00210778
0.00221693
0.00216844
0.00195169
0.00157981
0.00109535
0.000563962
5.64995e-05
-0.000369328
-0.000678885
-0.000861468
-0.000924129
-0.000880571
-0.000739884
-0.00050137
-0.000158161
0.00029337
0.000844514
0.00146925
0.00212377
0.00275229
0.00329997
0.00372542
0.00400491
0.00412878
0.00409623
0.00391104
0.00357852
0.00310612
0.00250807
0.0018088
0.00104344
0.000257149
-0.000498182
-0.00117156
-0.00172261
-0.00212835
-0.00238249
-0.00248931
-0.00245843
-0.00230072
-0.00202425
-0.00163527
-0.00114577
-0.000579735
2.69859e-05
0.000629332
0.0011776
0.0016265
0.0019449
0.00211959
0.00215292
0.00205747
0.00184925
0.00154121
0.00114136
0.000657103
0.000101363
-0.000502867
-0.00112118
-0.00171059
-0.00222537
-0.00262411
-0.00287639
-0.00296628
-0.00289176
-0.00266217
-0.00229493
-0.00181251
-0.00124169
-0.000615337
2.82015e-05
0.000649075
0.00120762
0.00166501
0.00198956
0.00216384
0.0021833
0.00204863
0.00176237
0.0013311
0.000765922
8.30964e-05
-0.00068963
-0.00150795
-0.00231627
-0.00305759
-0.00367947
-0.00413888
-0.00440853
-0.00447874
-0.00435039
-0.0040262
-0.00350885
-0.00280361
-0.00192122
-0.00088273
0.000274572
0.00149554
0.00271255
0.00385453
0.00485685
0.00567004
0.00626276
0.00661894
0.0067339
0.00661049
0.0062559
0.00568161
0.00490656
0.00396061
0.00396061
0.00288566
0.00173338
0.000560471
-0.000576761
-0.00162791
-0.00255278
-0.00332248
-0.00391708
-0.0043219
-0.00452548
-0.00452025
-0.00430431
-0.00388344
-0.00327318
-0.00250042
-0.00160283
-0.000624861
0.000386756
0.00138541
0.00232599
0.00316741
0.00387473
0.00441856
0.0047735
0.00491913
0.00484177
0.00453589
0.00400755
0.00327802
0.00238335
0.00137149
0.000298741
-0.000776122
-0.0017988
-0.00272224
-0.00350583
-0.00411532
-0.00452348
-0.00471037
-0.00466533
-0.00439044
-0.00390317
-0.0032371
-0.00243991
-0.0015676
-0.000676847
0.00017956
0.000954896
0.001612
0.00212551
0.00247914
0.00266136
0.00266571
0.00249455
0.00216075
0.00168733
0.00110744
0.000462656
-0.000201424
-0.000840982
-0.00142002
-0.00191504
-0.00231537
-0.00261817
-0.00282307
-0.00293029
-0.00294011
-0.00285301
-0.00267214
-0.00240661
-0.002073
-0.00169381
-0.00129354
-0.000894419
-0.000513545
-0.000162167
0.000154068
0.000433324
0.000674004
0.00087242
0.00102322
0.00112063
0.00115952
0.00113675
0.00105203
0.000907828
0.0007094
0.000465075
0.000184354
-0.000125164
-0.000458243
-0.000809983
-0.00117327
-0.00153685
-0.00188561
-0.0022023
-0.00246906
-0.00266937
-0.00279151
-0.00283092
-0.00278895
-0.00266993
-0.0024799
-0.00222596
-0.00191558
-0.00155738
-0.00116301
-0.00074818
-0.000331522
6.75652e-05
0.000430844
0.000743018
0.000993623
0.00117797
0.00129612
0.0013509
0.00134652
0.00128788
0.00118062
0.00103163
0.00084995
0.000647319
0.000437689
0.000235907
5.5982e-05
-9.04568e-05
-0.000195116
-0.000253221
-0.000262717
-0.00022293
-0.000133936
3.28892e-06
0.000186943
0.000414676
0.000683255
0.000987748
0.00132142
0.00167678
0.00204645
0.00242273
0.00279516
0.00314745
0.00345695
0.00369693
0.00383923
0.00385766
0.00373453
0.00346518
0.00305458
0.0025125
0.00185492
0.001106
0.000294459
-0.000550876
-0.00139981
-0.00221756
-0.00296731
-0.00361569
-0.00413475
-0.00450163
-0.00470019
-0.00472339
-0.00457261
-0.00425554
-0.00378685
-0.00318973
-0.00249312
-0.00172695
-0.000921148
-0.000106841
0.000684232
0.00142117
0.0020746
0.00261703
0.00302382
0.00327532
0.00335901
0.00327074
0.00301482
0.00260357
0.00205634
0.00139784
0.000656488
-0.000136474
-0.000947615
-0.00174236
-0.0024859
-0.00314302
-0.00367857
-0.0040605
-0.00426385
-0.00427315
-0.00408443
-0.00370743
-0.00316433
-0.0024841
-0.0016971
-0.000834127
7.21889e-05
0.000985638
0.00186478
0.0026641
0.0033387
0.00384989
0.00417062
0.00429007
0.00421362
0.0039579
0.00354509
0.00299933
0.00234392
0.00160074
0.000793782
-4.62518e-05
-0.000881654
-0.00167148
-0.00237488
-0.00295389
-0.00337796
-0.00362886
-0.00370182
-0.00360238
-0.00334313
-0.00294121
-0.00241499
-0.00178182
-0.00106035
-0.000275205
0.000540871
0.00134763
0.00209997
0.00275371
0.00327228
0.00363105
0.00381852
0.00383488
0.0036884
0.00339217
0.0029621
0.00241661
0.00177807
0.00107512
0.000342716
-0.000380295
-0.00105451
-0.00164379
-0.0021199
-0.00246579
-0.00267501
-0.00274853
-0.00269218
-0.00251522
-0.00222835
-0.00184215
-0.00136876
-0.000825515
-0.000235901
0.000373266
0.000974887
0.00154367
0.00205807
0.00250162
0.00286317
0.0031357
0.003314
0.00339321
0.00336957
0.00324209
0.00301375
0.00269223
0.00229003
0.00182307
0.00130904
0.000767679
0.000220896
-0.000308959
-0.000800103
-0.00123115
-0.00158241
-0.00183834
-0.00198849
-0.00202691
-0.00195249
-0.00176946
-0.00148678
-0.00111683
-0.00067463
-0.00017762
0.000354701
0.000901369
0.0014402
0.00194812
0.00240272
0.00278397
0.00307379
0.0032542
0.00330798
0.00322335
0.00299714
0.00263386
0.00214482
0.00154868
0.000869476
0.000132698
-0.000636504
-0.00141254
-0.00216847
-0.00287526
-0.00350143
-0.00401486
-0.00438639
-0.00459374
-0.00462477
-0.00447844
-0.00416274
-0.00369115
-0.00308042
-0.00235082
-0.00152896
-0.000651651
0.000233854
0.00107655
0.00107655
0.00183005
0.00245693
0.00293238
0.00324798
0.00340875
0.00342409
0.00330264
0.00305345
0.00268616
0.00220963
0.00163436
0.00097861
0.000269981
-0.000459606
-0.00117773
-0.00185009
-0.00244118
-0.0029213
-0.00327208
-0.00348402
-0.00355223
-0.00347611
-0.0032595
-0.00290863
-0.00243155
-0.00184134
-0.00116023
-0.000420396
0.000338881
0.00107494
0.00174509
0.00231119
0.0027449
0.00302964
0.00315853
0.00313226
0.0029588
0.00265265
0.00223297
0.00172255
0.00114764
0.000537154
-7.82753e-05
-0.000667044
-0.00119809
-0.00164308
-0.00197859
-0.0021876
-0.00225922
-0.00218729
-0.00196934
-0.00160687
-0.00110855
-0.000495753
0.000196307
0.000922349
0.00163026
0.00226437
0.00277385
0.00312161
0.00328496
0.00325169
0.00302033
0.00260101
0.0020109
0.0012694
0.000401516
-0.000555655
-0.0015534
-0.0025363
-0.0034459
-0.00422544
-0.00482675
-0.00521596
-0.00537588
-0.00530485
-0.00501334
-0.0045193
-0.0038442
-0.00301199
-0.00205223
-0.00100604
7.1006e-05
0.00111427
0.00205981
0.00285137
0.00344566
0.00381695
0.00395633
0.00386527
0.00355106
0.00302656
0.00231154
0.00143497
0.000438392
-0.000622909
-0.001682
-0.00266622
-0.00350673
-0.00414745
-0.00455027
-0.00469575
-0.00457905
-0.00420455
-0.00358335
-0.00273368
-0.00168271
-0.000469227
0.00085413
0.00222089
0.00355398
0.00477205
0.00579943
0.00657672
0.00706461
0.00724105
0.00709931
0.00664776
0.00590789
0.00491165
0.00370146
0.00233204
0.000870457
-0.000606908
-0.00201967
-0.00329058
-0.00435256
-0.00515482
-0.00566736
-0.00588194
-0.00580705
-0.00546065
-0.00486777
-0.00406157
-0.00308202
-0.00197371
-0.000786988
0.000420649
0.00158772
0.00265524
0.00357173
0.00429585
0.00479856
0.00506448
0.00509041
0.00488199
0.00445141
0.00381687
0.00300223
0.00203698
0.000957071
-0.000194575
-0.00136844
-0.00250963
-0.00356058
-0.00446646
-0.00518129
-0.00567131
-0.00591587
-0.00590742
-0.00565035
-0.0051583
-0.00445183
-0.00355794
-0.00251123
-0.00135471
-0.000138982
0.0010803
0.00224613
0.00330478
0.0042105
0.00492749
0.00542782
0.00568905
0.00569485
0.00543683
0.00491619
0.00414766
0.00316494
0.00202046
0.000777526
-0.000497677
-0.00174022
-0.0028905
-0.00389843
-0.00472342
-0.00533005
-0.00568627
-0.00576796
-0.00556544
-0.00508664
-0.00435749
-0.00342174
-0.00233874
-0.00117587
1.3126e-06
0.00113599
0.00218215
0.00310342
0.00387107
0.00446245
0.00486016
0.0050525
0.00503582
0.00481789
0.00441901
0.00386873
0.00320051
0.00244809
0.00164423
0.000818602
-4.00372e-06
-0.000801497
-0.0015504
-0.00222478
-0.00279844
-0.00324842
-0.00355763
-0.00371605
-0.00372108
-0.00357751
-0.00329644
-0.00289262
-0.00238193
-0.00178109
-0.00110924
-0.000390394
0.000344229
0.00105711
0.00170833
0.00225954
0.00267745
0.00293815
0.00303039
0.00295464
0.00271999
0.00234236
0.00184359
0.00124899
0.000585254
-0.000117644
-0.000823942
-0.00149424
-0.00209078
-0.00258158
-0.00294242
-0.0031578
-0.00322121
-0.00313374
-0.00290125
-0.00253279
-0.0020417
-0.00144629
-0.000768928
-3.60519e-05
0.000721233
0.00146849
0.00217148
0.00279954
0.00332692
0.00373265
0.00400103
0.0041229
0.00409639
0.00392614
0.00362257
0.00320262
0.00268961
0.00211066
0.00149314
0.00086291
0.000243441
-0.000346088
-0.000891766
-0.00138215
-0.00180533
-0.00215117
-0.00241479
-0.00259511
-0.0026916
-0.00270454
-0.00263709
-0.00249452
-0.0022816
-0.00200269
-0.00166373
-0.00127308
-0.0008417
-0.000383642
8.33829e-05
0.000537836
0.000955037
0.00130966
0.00157952
0.00174769
0.00180312
0.00174242
0.00157152
0.00130381
0.000956053
0.00054653
9.59425e-05
-0.000372385
-0.000833399
-0.00126104
-0.00162958
-0.00191607
-0.00210309
-0.00218129
-0.00215079
-0.00201982
-0.00180166
-0.00151267
-0.00117152
-0.000798076
-0.000412514
-3.50991e-05
0.000315185
0.000622388
0.000874511
0.00106442
0.00119056
0.00119056
0.00125576
0.00126493
0.00122485
0.00114482
0.00103581
0.000909225
0.000777096
0.000651964
0.000545251
0.000465036
0.000414453
0.000390939
0.000387012
0.000392469
0.000395317
0.000381428
0.000335953
0.000246841
0.00010905
-7.34826e-05
-0.000290872
-0.000531126
-0.000780402
-0.00102333
-0.00124615
-0.00143818
-0.00158841
-0.00168232
-0.00170363
-0.00163798
-0.00147639
-0.00121953
-0.000880193
-0.000481028
-4.9127e-05
0.000389893
0.000816055
0.00121554
0.00157805
0.00189386
0.0021518
0.00233795
0.0024373
0.00243859
0.00233867
0.00214382
0.00186883
0.00153404
0.00116048
0.000765304
0.000360338
-4.63361e-05
-0.000447732
-0.000835588
-0.00119851
-0.00152159
-0.00178858
-0.00198537
-0.00210223
-0.00213438
-0.00208244
-0.00195257
-0.00175381
-0.00149432
-0.00118097
-0.000822143
-0.000430313
-2.28917e-05
0.000378757
0.000751068
0.00107068
0.00131782
0.00147911
0.0015478
0.00152237
0.00140559
0.00120416
0.000928136
0.000590167
0.000205374
-0.000207826
-0.000627536
-0.00103045
-0.00139458
-0.00170058
-0.00193249
-0.00207868
-0.00213272
-0.00209373
-0.00196645
-0.00176091
-0.00149072
-0.00117062
-0.000815258
-0.000438552
-5.25875e-05
0.000332471
0.00070666
0.00105942
0.00138101
0.00166385
0.00190321
0.00209735
0.00224705
0.00235489
0.00242402
0.00245613
0.00245008
0.00240319
0.00231364
0.00218051
0.00200284
0.00178071
0.00151631
0.00121387
0.00087965
0.000521567
0.000148619
-0.000228551
-0.000596719
-0.000940667
-0.00124516
-0.00149635
-0.0016821
-0.00179271
-0.00182187
-0.00176712
-0.00162978
-0.00141459
-0.00112935
-0.000785669
-0.000400019
6.66217e-06
0.000411121
0.000789813
0.00112004
0.00138148
0.00155774
0.00163691
0.00161147
0.00147799
0.00123735
0.000895987
0.000467626
-2.66798e-05
-0.00056075
-0.0011058
-0.00163209
-0.00211104
-0.00251745
-0.00283065
-0.00303462
-0.00311773
-0.00307294
-0.00289946
-0.00260481
-0.00220525
-0.00172398
-0.00118901
-0.000631533
-8.31682e-05
0.000427628
0.000877627
0.00124875
0.001527
0.001702
0.00176736
0.00172078
0.00156393
0.00130307
0.000950164
0.000522875
4.28668e-05
-0.000465913
-0.000978363
-0.00147001
-0.00191931
-0.00230857
-0.00262312
-0.00285061
-0.00298148
-0.00300948
-0.00293186
-0.00274962
-0.00246872
-0.00210065
-0.00166161
-0.00117115
-0.000650799
-0.000122117
0.000396144
0.000890706
0.00135358
0.00177837
0.00215763
0.00248354
0.00274821
0.00294303
0.00306035
0.00309726
0.00305675
0.00294591
0.00277345
0.00254708
0.00227064
0.0019446
0.00156939
0.00114875
0.000692082
0.000215647
-0.000258988
-0.000708669
-0.00111226
-0.00145285
-0.00171874
-0.00190294
-0.0020017
-0.00201312
-0.00193603
-0.00177008
-0.00151796
-0.00118768
-0.000792805
-0.00035147
0.000114714
0.000582182
0.00102737
0.00142817
0.00176497
0.00202196
0.00218768
0.00225453
0.0022191
0.00208373
0.00185717
0.00155293
0.00118742
0.000779422
0.000349573
-8.13699e-05
-0.000494101
-0.000871326
-0.00119789
-0.0014614
-0.00165323
-0.00176887
-0.00180708
-0.00176884
-0.00165735
-0.00147838
-0.00123931
-0.0009484
-0.000616253
-0.000257439
0.000110482
0.000469138
0.000799744
0.00108334
0.00130342
0.00144882
0.00151324
0.00149382
0.00139206
0.00121509
0.0009738
0.000679869
0.000346202
-1.09362e-05
-0.000372636
-0.000719574
-0.00103249
-0.00129248
-0.00148337
-0.00159444
-0.00162125
-0.00156507
-0.00143214
-0.00123241
-0.000977523
-0.000679259
-0.000349234
5.83824e-07
0.000357384
0.000707377
0.00103606
0.00132902
0.00157319
0.00175841
0.00187837
0.0019309
0.00191765
0.00184332
0.00171478
0.00154032
0.0013294
0.00109282
0.00084277
0.000592649
0.000356006
0.00014482
-3.21905e-05
-0.000169997
-0.000266775
-0.000323545
-0.000343696
-0.000332076
-0.000294201
-0.000236021
-0.000164104
-8.54736e-05
-6.40773e-06
6.89656e-05
0.000138494
0.000200178
0.000251075
0.00028737
0.000303547
0.000291457
0.000242443
0.000151481
1.85691e-05
-0.000152676
-0.000152676
-0.000355245
-0.000578532
-0.000810892
-0.0010428
-0.00126604
-0.00147038
-0.00164235
-0.00176568
-0.00182273
-0.0017976
-0.00168004
-0.00146833
-0.00117183
-0.000811176
-0.000413531
-4.90416e-06
0.000393476
0.000764248
0.00109347
0.00137003
0.00158223
0.00171515
0.00175261
0.00168188
0.0014974
0.00120347
0.000816525
0.000364468
-0.000118732
-0.00059965
-0.00104922
-0.00144451
-0.00177029
-0.00201801
-0.00218102
-0.0022508
-0.00221822
-0.00207658
-0.00182366
-0.00146416
-0.00101262
-0.000493588
6.25958e-05
0.000625011
0.00116568
0.00166128
0.00209339
0.00244694
0.00270751
0.00285947
0.00288768
0.00278189
0.00253958
0.00216672
0.00167928
0.00110314
0.000469518
-0.000191018
-0.000850924
-0.00148491
-0.00206978
-0.00258423
-0.00300728
-0.00331748
-0.00349513
-0.00352615
-0.00340469
-0.00313393
-0.00272625
-0.00220229
-0.00158734
-0.00090712
-0.000186366
0.000549898
0.00127502
0.00196061
0.00257716
0.003095
0.00348631
0.00372845
0.00380703
0.00371748
0.0034642
0.00305875
0.00251852
0.00186557
0.00112546
0.000327123
-0.000496403
-0.00130797
-0.00206756
-0.00273456
-0.00327132
-0.00364788
-0.00384417
-0.0038496
-0.00366256
-0.00329003
-0.00274682
-0.00205538
-0.00124598
-0.000356421
0.00056858
0.00147917
0.00232527
0.00306234
0.00365359
0.00406991
0.00429128
0.00430759
0.00411701
0.00372509
0.00314624
0.00240506
0.00153565
0.000579834
-0.00041534
-0.00140144
-0.00233263
-0.00316853
-0.00387581
-0.004429
-0.0048102
-0.00500812
-0.00501727
-0.00483832
-0.00447917
-0.0039559
-0.00329328
-0.00252439
-0.00168818
-0.000825694
2.33659e-05
0.000823488
0.00154516
0.00216469
0.00266316
0.00302584
0.003242
0.00330478
0.00321221
0.00296912
0.00258851
0.00209105
0.00150311
0.000854355
0.000175751
-0.000501914
-0.00114904
-0.0017377
-0.00224116
-0.00263353
-0.00289142
-0.00299688
-0.00293874
-0.00271301
-0.00232444
-0.00178801
-0.00112747
-0.000372285
0.000444853
0.00128907
0.00212417
0.00291376
0.00362238
0.0042169
0.00466794
0.00495141
0.00505034
0.00495634
0.00467015
0.00420175
0.0035692
0.00279657
0.00191274
0.000951258
-5.03755e-05
-0.00105237
-0.00201486
-0.00289952
-0.00367059
-0.0042964
-0.00475144
-0.00501834
-0.00508827
-0.00496034
-0.00464124
-0.00414469
-0.0034905
-0.00270413
-0.00181611
-0.000860539
0.000126125
0.00110594
0.00204089
0.00289491
0.00363605
0.00423766
0.00467793
0.00493947
0.00501056
0.00488777
0.00457645
0.00408913
0.00344529
0.00267151
0.00179958
0.000864062
-9.93593e-05
-0.00105488
-0.00196676
-0.00279866
-0.00351355
-0.00407629
-0.00445755
-0.0046366
-0.00460258
-0.00435544
-0.00390599
-0.0032745
-0.0024876
-0.00157551
-0.000571804
0.000485404
0.00155319
0.00258502
0.00353273
0.00434917
0.00499188
0.00542684
0.00563136
0.00559556
0.00532141
0.00482027
0.00411139
0.00322113
0.00218213
0.00103305
-0.00018173
-0.00141354
-0.00261169
-0.0037264
-0.00471199
-0.00552918
-0.00614633
-0.00654007
-0.00669536
-0.00660505
-0.00627046
-0.00570268
-0.00492199
-0.00395603
-0.00283969
-0.0016151
-0.000329786
0.000966196
0.0022231
0.0033934
0.00443236
0.0052982
0.00595391
0.0063709
0.00653158
0.00642995
0.00607242
0.00547869
0.00468017
0.00371645
0.00263178
0.00147266
0.000285826
-0.000883261
-0.0019905
-0.00299237
-0.00384693
-0.00451694
-0.00497254
-0.00519281
-0.00516855
-0.00490498
-0.00442045
-0.00374197
-0.00290212
-0.00193737
-0.000886086
0.000212499
0.00131785
0.00238765
0.00337819
0.00424579
0.00494922
0.00545337
0.00573324
0.0057761
0.00558169
0.0051612
0.00453573
0.00373407
0.00279006
0.00174066
0.000626021
-0.000510185
-0.00162179
-0.00266223
-0.00358695
-0.0043563
-0.00493887
-0.00531392
-0.00547218
-0.00541516
-0.00515343
-0.00470461
-0.00409167
-0.00334194
-0.00248715
-0.00156412
-0.000613717
0.000321721
0.00120072
0.00198473
0.00264084
0.00314397
0.00314397
0.00347782
0.00363431
0.00361274
0.00341912
0.00306604
0.00257237
0.00196302
0.00126841
0.000523481
-0.000234035
-0.000966112
-0.0016371
-0.00221608
-0.00267862
-0.00300785
-0.00319467
-0.00323691
-0.00313804
-0.00290698
-0.00255862
-0.00211337
-0.00159628
-0.00103599
-0.000463014
9.28137e-05
0.000604464
0.00104939
0.00141043
0.00167529
0.00183525
0.00188465
0.00182156
0.00164802
0.00137032
0.000999888
0.000553874
5.36496e-05
-0.000477591
-0.00101655
-0.00154098
-0.00203058
-0.00246699
-0.00283325
-0.00311357
-0.00329353
-0.00336017
-0.00330264
-0.00311441
-0.00279563
-0.00235369
-0.00180314
-0.00116504
-0.000464773
0.00027118
0.0010171
0.00174771
0.00243716
0.0030585
0.00358417
0.0039884
0.00424974
0.00435311
0.00429243
0.00407248
0.00370789
0.00322006
0.00263415
0.00197722
0.00127705
0.000560961
-0.000145386
-0.000818211
-0.00143514
-0.00197555
-0.00242198
-0.00276123
-0.00298485
-0.00308957
-0.00307743
-0.00295472
-0.00273011
-0.00241323
-0.00201533
-0.00155064
-0.00103532
-0.000485704
8.10261e-05
0.000646234
0.00119144
0.00169955
0.00215445
0.00254047
0.0028425
0.00304641
0.00314065
0.00311906
0.00298216
0.00273613
0.00239207
0.00196545
0.00147445
0.000938483
0.000377816
-0.000186229
-0.000730954
-0.00123241
-0.00166682
-0.00201295
-0.00225408
-0.00237903
-0.00238308
-0.00226822
-0.00204243
-0.00171855
-0.00131329
-0.000846252
-0.000339386
0.000183544
0.000697805
0.00117885
0.00160337
0.00195055
0.00220365
0.00235132
0.00238837
0.00231561
0.00213934
0.00187037
0.00152283
0.00111281
0.000657538
0.00017525
-0.000314929
-0.000793725
-0.00124273
-0.00164537
-0.00198787
-0.00225992
-0.00245559
-0.00257357
-0.00261615
-0.00258668
-0.00248712
-0.00231756
-0.00207815
-0.00177131
-0.0014031
-0.000984323
-0.00053071
-6.05935e-05
0.000408763
0.000863418
0.00129272
0.00168823
0.00204197
0.00234401
0.00258132
0.00273919
0.00280454
0.00276953
0.00263445
0.00240862
0.00210812
0.00175181
0.00135864
0.000945837
0.000527963
0.000117457
-0.000273453
-0.000631302
-0.000941753
-0.00119163
-0.0013712
-0.00147591
-0.00150754
-0.00147434
-0.00138873
-0.00126363
-0.0011099
-0.000935891
-0.000748511
-0.000554206
-0.000360006
-0.000174493
-7.7058e-06
0.000130426
0.000232376
0.000294533
0.000317045
0.000302586
0.000254904
0.000177527
7.29446e-05
-5.72467e-05
-0.000211066
-0.000384444
-0.000570201
-0.000758258
-0.000936876
-0.00109423
-0.00121966
-0.00130437
-0.00134173
-0.00132754
-0.00125957
-0.00113676
-0.000959887
-0.000733313
-0.000465743
-0.000169093
0.000142965
0.000455717
0.00075441
0.00102571
0.0012584
0.00144308
0.00157182
0.00163837
0.00163882
0.00157223
0.00144125
0.00125254
0.00101643
0.000745603
0.000453376
0.000152027
-0.000148024
-0.000438018
-0.000710409
-0.000958684
-0.00117711
-0.00136056
-0.00150475
-0.00160635
-0.00166319
-0.00167453
-0.00164076
-0.00156277
-0.00144233
-0.00128316
-0.00109045
-0.000869508
-0.000625908
-0.000366023
-9.65782e-05
0.000175443
0.000442184
0.000694627
0.000922906
0.00111697
0.00126785
0.00136905
0.0014169
0.00140985
0.00134788
0.00123213
0.00106461
0.000848796
0.000590122
0.000296127
-2.25725e-05
-0.000350721
-0.000668682
-0.00095552
-0.00119233
-0.00136366
-0.00145855
-0.0014724
-0.0014076
-0.00127142
-0.0010731
-0.000823043
-0.000533551
-0.000219206
0.000103513
0.000416786
0.000702047
0.000941617
0.00112189
0.00123581
0.00128249
0.00126544
0.0011921
0.00107365
0.000922762
0.000751855
0.000573386
0.000400136
0.000244018
0.000114462
1.69634e-05
-4.82873e-05
-8.60397e-05
-0.000103234
-0.000107219
-0.000106073
-0.000108122
-0.000120416
-0.000147789
-0.000192553
-0.000254901
-0.000333272
-0.000423547
-0.000518311
-0.000608069
-0.000683146
-0.000733726
-0.000749762
-0.000723525
-0.000652512
-0.000539613
-0.000391393
-0.000217073
-2.83865e-05
0.000161496
0.000339554
0.00049347
0.00061154
0.000682514
0.000695859
0.000642929
0.000518383
0.000518383
0.00032134
5.64748e-05
-0.000265358
-0.000627491
-0.00100822
-0.00138179
-0.00172149
-0.00200426
-0.00221168
-0.00232779
-0.00233902
-0.00223524
-0.00200949
-0.00165829
-0.0011834
-0.000593949
9.15764e-05
0.000843484
0.00162157
0.00238016
0.00307406
0.00366204
0.00410883
0.00438681
0.00447662
0.00436652
0.00405038
0.00352643
0.00279977
0.00188631
0.000816096
-0.000365187
-0.00159863
-0.00281793
-0.00395584
-0.00495
-0.00574897
-0.00631585
-0.00662608
-0.00666291
-0.00641694
-0.00588811
-0.00508798
-0.00404313
-0.00279752
-0.00141156
4.22075e-05
0.00148577
0.00284431
0.00405408
0.00506544
0.00584206
0.00636003
0.0066066
0.00657793
0.00627807
0.00572176
0.00493781
0.00396894
0.00286843
0.00169616
0.000514319
-0.000617686
-0.00164777
-0.00253318
-0.00324002
-0.00374247
-0.00402271
-0.00407116
-0.00388709
-0.00348014
-0.00287178
-0.00209523
-0.00119364
-0.000217275
0.000779502
0.0017419
0.00261831
0.00336367
0.00394163
0.00432463
0.0044934
0.00443804
0.00415951
0.00366937
0.0029889
0.00214905
0.00118982
0.000157241
-0.00090054
-0.00193652
-0.00290719
-0.0037743
-0.00450593
-0.00507668
-0.00546744
-0.00566603
-0.00566853
-0.00548017
-0.00511472
-0.00459303
-0.00394039
-0.00318407
-0.00235244
-0.00147478
-0.000580143
0.000302951
0.00114593
0.00192027
0.00259909
0.00315992
0.00358635
0.00386754
0.00399701
0.00397294
0.00379933
0.00348543
0.00304418
0.00249307
0.00185627
0.00116483
0.000454519
-0.000237037
-0.000872777
-0.00141877
-0.00184775
-0.00214225
-0.00229488
-0.00230596
-0.00218169
-0.00193374
-0.00157857
-0.00113609
-0.000629412
-8.58878e-05
0.000463004
0.000984666
0.00144847
0.0018271
0.00209798
0.00224585
0.00226399
0.00215291
0.00191881
0.00157318
0.00113157
0.000611727
3.28141e-05
-0.00058441
-0.001218
-0.00184511
-0.00244073
-0.00297646
-0.00342209
-0.00374827
-0.00392872
-0.00394398
-0.00378598
-0.00345816
-0.00297171
-0.00234391
-0.00159758
-0.000758698
0.000145105
0.00108283
0.00201774
0.00290751
0.00370672
0.00437168
0.00486667
0.00516803
0.00526523
0.00516121
0.00487104
0.00441764
0.00382727
0.00312866
0.0023542
0.00154015
0.000726141
-4.56337e-05
-0.000732807
-0.00129712
-0.00170876
-0.00194929
-0.00201275
-0.00190468
-0.00163951
-0.00123833
-0.000727957
-0.000141096
0.000483301
0.00110149
0.00166882
0.00214203
0.00248006
0.0026477
0.00262122
0.00239249
0.00197045
0.00137929
0.00065503
-0.000157075
-0.00100546
-0.00183782
-0.00260589
-0.00326444
-0.00376927
-0.00408091
-0.00417009
-0.00402103
-0.00363401
-0.00302761
-0.00223818
-0.00131581
-0.000318378
0.000695088
0.00166973
0.002556
0.00330875
0.00388869
0.00426575
0.00442138
0.00434955
0.00405753
0.00356667
0.00291157
0.0021369
0.00129306
0.000432494
-0.000392644
-0.0011326
-0.00174339
-0.00219003
-0.00244805
-0.00250393
-0.00235549
-0.00201214
-0.00149429
-0.000831635
-6.08096e-05
0.000777339
0.00163906
0.0024787
0.00325159
0.00391717
0.00444033
0.00479222
0.00495126
0.00490408
0.00464588
0.0041802
0.00351932
0.0026846
0.00170486
0.000613709
-0.000551612
-0.0017503
-0.00293856
-0.00407076
-0.00510155
-0.0059881
-0.00669224
-0.00718264
-0.00743773
-0.00744755
-0.00721287
-0.00674319
-0.00605628
-0.00517825
-0.00414314
-0.0029929
-0.00177642
-0.000546964
0.000640921
0.00173494
0.00268918
0.0034672
0.00404285
0.00439972
0.00453069
0.00443708
0.00412794
0.00362049
0.00294091
0.00212414
0.00121257
0.000253746
-0.000702633
-0.00160839
-0.00242032
-0.00310249
-0.00362721
-0.00397551
-0.00413705
-0.00410931
-0.00389686
-0.00351166
-0.00297337
-0.00230871
-0.00155032
-0.000735355
9.62693e-05
0.00090458
0.00165253
0.00230834
0.0028469
0.00325022
0.00350746
0.00361469
0.00357432
0.00339464
0.00308964
0.00267868
0.0021861
0.00164024
0.00107166
0.000510392
-1.63395e-05
-0.000485364
-0.000878194
-0.0011817
-0.0011817
-0.00138829
-0.00149555
-0.00150547
-0.00142371
-0.00125971
-0.00102697
-0.000741996
-0.000422664
-8.74721e-05
0.000244701
0.000555786
0.000830048
0.00105452
0.00121875
0.00131495
0.00133847
0.00128822
0.00116707
0.000982483
0.000746966
0.000477114
0.000190773
-9.49001e-05
-0.000363574
-0.000600378
-0.000793128
-0.00093231
-0.00101026
-0.00102115
-0.000962181
-0.000834936
-0.000646447
-0.000409413
-0.000140894
0.000139837
0.000413399
0.000662273
0.000872214
0.00103257
0.00113589
0.0011775
0.00115528
0.00106982
0.000924998
0.000728085
0.000489282
0.000221319
-6.11271e-05
-0.000343264
-0.000612082
-0.000856631
-0.00106737
-0.00123632
-0.00135781
-0.0014284
-0.00144669
-0.00141366
-0.00133289
-0.00121005
-0.00105219
-0.00086703
-0.000662376
-0.000445933
-0.000225831
-1.09985e-05
0.000188972
0.000363985
0.000503861
0.000599759
0.000645961
0.000640312
0.000583488
0.000478555
0.000330469
0.000144834
-7.28051e-05
-0.000316107
-0.000576569
-0.000842862
-0.00110084
-0.00133459
-0.00152874
-0.00167044
-0.0017502
-0.00176252
-0.00170599
-0.00158265
-0.00139704
-0.00115555
-0.000866618
-0.000541729
-0.000195898
0.000153496
0.000488854
0.000793405
0.00105161
0.00125055
0.00138117
0.00143799
0.00141852
0.00132324
0.00115571
0.000922255
0.000631811
0.000295885
-7.15645e-05
-0.000455088
-0.000839
-0.00120789
-0.00154659
-0.00184076
-0.00207801
-0.00224857
-0.00234526
-0.00236349
-0.00230161
-0.00216125
-0.00194726
-0.00166732
-0.00133141
-0.000951296
-0.000539947
-0.000111088
0.000320838
0.000741023
0.0011352
0.00149016
0.00179396
0.00203646
0.00221016
0.00231049
0.00233547
0.00228531
0.00216184
0.00196845
0.0017107
0.00139654
0.00103592
0.00064104
0.000226528
-0.000191585
-0.000597411
-0.000976255
-0.00131495
-0.0016017
-0.00182575
-0.00197749
-0.00204945
-0.00203725
-0.0019399
-0.00176038
-0.00150608
-0.00118833
-0.000821192
-0.000420023
-3.73439e-07
0.000422558
0.000834121
0.00122024
0.00156741
0.00186298
0.00209598
0.00225782
0.00234241
0.00234643
0.0022699
0.00211637
0.00189207
0.00160505
0.00126479
0.000882102
0.000469083
3.8773e-05
-0.000395205
-0.000817997
-0.00121269
-0.00156105
-0.00184589
-0.00205293
-0.00217138
-0.00219446
-0.00212001
-0.00195025
-0.00169095
-0.00135058
-0.00093989
-0.000472761
3.25192e-05
0.000553054
0.00106297
0.00153593
0.00194733
0.00227641
0.00250804
0.00263326
0.00264859
0.00255478
0.00235604
0.00206008
0.00167851
0.00122715
0.000726048
0.000198917
-0.00032832
-0.000829791
-0.00128207
-0.00166592
-0.00196721
-0.00217687
-0.00229038
-0.00230692
-0.00222857
-0.00205976
-0.00180743
-0.00148182
-0.00109691
-0.000669963
-0.000220815
0.000228855
0.000656719
0.00104177
0.00136603
0.0016149
0.00177713
0.00184518
0.00181557
0.00168822
0.00146625
0.0011572
0.000774417
0.000336757
-0.000133183
-0.000610703
-0.00107014
-0.00148667
-0.00183818
-0.00210615
-0.00227593
-0.00233683
-0.00228219
-0.00211005
-0.00182396
-0.00143365
-0.000954976
-0.000409033
0.000179218
0.000782525
0.00137298
0.00192393
0.00241159
0.00281537
0.0031174
0.00330296
0.00336155
0.00328796
0.00308357
0.00275683
0.00232262
0.00180131
0.00121732
0.00059698
-3.33964e-05
-0.000648445
-0.0012242
-0.00173849
-0.00217123
-0.00250478
-0.0027251
-0.00282323
-0.00279644
-0.00264837
-0.00238875
-0.00203268
-0.00159932
-0.00111038
-0.000588765
-5.81239e-05
0.000457429
0.000934019
0.00134917
0.00168277
0.001918
0.00204257
0.00204992
0.00193963
0.00171736
0.00139455
0.000987694
0.000517336
7.12746e-06
-0.000517352
-0.00102987
-0.00150422
-0.00191481
-0.00223833
-0.00245576
-0.00255403
-0.00252683
-0.00237437
-0.00210275
-0.0017239
-0.00125521
-0.000718455
-0.00013838
0.000458202
0.00104304
0.00158783
0.00206613
0.00245543
0.00273871
0.00290525
0.00295056
0.00287622
0.00268946
0.00240209
0.00202921
0.00158846
0.00109966
0.000583935
6.2778e-05
-0.000442331
-0.00091033
-0.00091033
-0.00132218
-0.0016626
-0.00192028
-0.00208713
-0.0021584
-0.00213333
-0.00201506
-0.00180983
-0.00152665
-0.00117741
-0.000776906
-0.000342483
0.000106535
0.000549811
0.00096691
0.00133822
0.00164628
0.00187704
0.0020203
0.00206961
0.00202262
0.00188142
0.0016523
0.00134548
0.000974891
0.000557702
0.000113508
-0.000336857
-0.000772687
-0.00117472
-0.00152609
-0.00181292
-0.00202473
-0.00215457
-0.00219864
-0.00215586
-0.00202795
-0.00181975
-0.0015393
-0.0011978
-0.000809695
-0.000392274
3.59812e-05
0.000457266
0.000855304
0.00121574
0.00152657
0.00177799
0.00196176
0.00207102
0.00210091
0.00204934
0.00191797
0.00171306
0.00144524
0.0011284
0.000778566
0.000412855
4.8323e-05
-0.00029909
-0.000615013
-0.000886669
-0.00110302
-0.00125528
-0.00133741
-0.00134645
-0.00128286
-0.00115096
-0.000958799
-0.00071767
-0.000441444
-0.000145781
0.00015297
0.000438944
0.000697714
0.000916918
0.00108654
0.00119879
0.00124791
0.00123007
0.00114357
0.000988987
0.000769694
0.000492671
0.000168426
-0.000190059
-0.000568249
-0.000950534
-0.00132089
-0.00166385
-0.00196513
-0.00221178
-0.00239227
-0.00249689
-0.00251836
-0.00245258
-0.00229883
-0.00205987
-0.00174226
-0.0013566
-0.000917277
-0.000441924
4.96787e-05
0.000536993
0.00099975
0.00141888
0.0017777
0.00206293
0.00226479
0.00237685
0.00239655
0.00232572
0.00217044
0.0019405
0.00164894
0.00131143
0.000944947
0.000566297
0.000191511
-0.000164123
-0.000486655
-0.000764622
-0.00098945
-0.00115549
-0.00126033
-0.00130489
-0.00129309
-0.00123129
-0.00112737
-0.000989871
-0.000827796
-0.00065086
-0.000469332
-0.000293362
-0.000132256
6.25822e-06
0.000116594
0.00019523
0.000240566
0.000253037
0.000234792
0.00018901
0.000119451
3.03326e-05
-7.35263e-05
-0.000186594
-0.000302877
-0.000416199
-0.00052024
-0.000608762
-0.000676297
-0.000718719
-0.000733303
-0.000718628
-0.000674739
-0.000603173
-0.000506579
-0.000388421
-0.000253158
-0.000106396
4.5473e-05
0.00019583
0.000338074
0.000465841
0.000573738
0.00065807
0.000716836
0.000749333
0.000756111
0.000739149
0.000701661
0.000647733
0.000582185
0.00051036
0.000437588
0.000368578
0.000306932
0.000254819
0.000213173
0.000182367
0.000162461
0.000152976
0.000153024
0.000161659
0.000177944
0.000200854
0.000229208
0.000261787
0.000297628
0.000336154
0.000376955
0.000419403
0.000462404
0.000504225
0.000542192
0.000572542
0.000591054
0.000594116
0.000578904
0.000542915
0.000484128
0.000401359
0.000294084
0.000162351
7.09779e-06
-0.000169269
-0.000361993
-0.000563164
-0.000762114
-0.00094735
-0.00110825
-0.00123558
-0.00132186
-0.00136194
-0.00135293
-0.0012941
-0.00118666
-0.0010338
-0.000841281
-0.000618115
-0.000375958
-0.000127657
0.000113602
0.000334835
0.000524569
0.000673927
0.000776514
0.000828082
0.000826799
0.000773583
0.000671996
0.00052803
0.000349948
0.000147872
-6.6826e-05
-0.0002822
-0.000486515
-0.000668927
-0.000819994
-0.000932064
-0.00099935
-0.00101782
-0.00098524
-0.00090132
-0.00076778
-0.0005885
-0.000369569
-0.000119079
0.000153149
0.000435812
0.000716614
0.000983172
0.00122381
0.00142777
0.00158523
0.00168742
0.00172729
0.00170056
0.0016062
0.00144622
0.00122612
0.000955122
0.000645306
0.00031001
-3.69581e-05
-0.000381534
-0.000709935
-0.00100932
-0.00126803
-0.00147581
-0.00162439
-0.00170823
-0.00172491
-0.00167495
-0.00156156
-0.00139072
-0.00117086
-0.000912043
-0.000625356
-0.000322822
-1.72581e-05
0.000278312
0.000551475
0.000791026
0.000987318
0.00113276
0.00122243
0.00125421
0.00122856
0.00114825
0.00101843
0.000846365
0.000640966
0.000412527
0.000172559
-6.67088e-05
-0.000293158
-0.000495484
-0.000663742
-0.000789919
-0.000868432
-0.000896263
-0.00087277
-0.000799459
-0.000679793
-0.000518913
-0.0003233
-0.000100556
0.00014076
0.000391332
0.000641165
0.000879594
0.00109573
0.00127932
0.00142129
0.00151398
0.00155163
0.00153115
0.00145218
0.00131654
0.0011284
0.000894799
0.000894799
0.000625257
0.000330849
2.35607e-05
-0.000283914
-0.000578691
-0.000848577
-0.00108267
-0.00127153
-0.00140727
-0.00148392
-0.00149788
-0.00144814
-0.00133663
-0.00116857
-0.000952139
-0.000697392
-0.000415508
-0.000118224
0.000182838
0.000476671
0.000752998
0.00100214
0.00121474
0.00138165
0.00149435
0.00154633
0.00153416
0.00145779
0.00132059
0.00112919
0.000892777
0.000622007
0.000327963
2.16692e-05
-0.000285832
-0.000583231
-0.000858849
-0.0011008
-0.00129763
-0.00143953
-0.00151938
-0.0015336
-0.00148249
-0.00137013
-0.00120358
-0.000991687
-0.00074438
-0.000472303
-0.00018656
0.000101277
0.000379074
0.000634392
0.000855199
0.00103085
0.00115309
0.00121684
0.00122054
0.00116591
0.00105746
0.000901895
0.000707427
0.000483309
0.000239654
-1.26129e-05
-0.000261885
-0.000496183
-0.000703729
-0.000873809
-0.000997681
-0.0010692
-0.0010851
-0.00104503
-0.000951277
-0.000808374
-0.000622773
-0.000402589
-0.000157539
0.000101099
0.000360934
0.000609286
0.000833875
0.00102336
0.0011681
0.00126082
0.00129688
0.00127428
0.00119362
0.00105783
0.000872121
0.000643983
0.000383165
0.000101506
-0.000187578
-0.000469913
-0.00073143
-0.000959017
-0.00114155
-0.00127078
-0.0013414
-0.00135067
-0.00129838
-0.00118692
-0.001021
-0.000807572
-0.000555967
-0.000277893
1.31208e-05
0.000302619
0.000576215
0.000820654
0.00102467
0.00117945
0.00127878
0.00131907
0.00129914
0.00122023
0.00108593
0.000902308
0.000677953
0.000423785
0.000152425
-0.000122756
-0.000388516
-0.000632457
-0.000843739
-0.00101363
-0.00113568
-0.00120558
-0.00122117
-0.00118259
-0.00109234
-0.000955348
-0.000778807
-0.000571857
-0.000344968
-0.000109207
0.000124513
0.000346097
0.00054662
0.000718412
0.000855212
0.000952401
0.00100708
0.00101813
0.00098634
0.000914382
0.000806716
0.000669326
0.000509259
0.000334027
0.000151165
-3.1966e-05
-0.000208364
-0.000371684
-0.000516368
-0.000637564
-0.000731092
-0.000793614
-0.000823013
-0.000818717
-0.000781804
-0.000715075
-0.00062317
-0.000512293
-0.000389411
-0.000261594
-0.000135741
-1.8138e-05
8.61941e-05
0.000173624
0.000241443
0.000287639
0.000311155
0.000312043
0.000291252
0.000250545
0.00019292
0.000122814
4.54858e-05
-3.37069e-05
-0.000109602
-0.000177583
-0.000234107
-0.000276866
-0.000304362
-0.000315389
-0.000308898
-0.000284152
-0.000240888
-0.000179602
-0.000102128
-1.21379e-05
8.5095e-05
0.000183635
0.000277678
0.000361879
0.000431686
0.000483663
0.000515459
0.000525527
0.000512894
0.000477194
0.000419018
0.000340256
0.000244173
0.000135286
1.91003e-05
-9.84195e-05
-0.000211634
-0.00031591
-0.000407886
-0.000485263
-0.000546396
-0.000589986
-0.00061483
-0.000619725
-0.000603879
-0.000567655
-0.000512861
-0.000442474
-0.000360338
-0.000270794
-0.000178145
-8.63033e-05
1.19533e-06
8.098e-05
0.000149601
0.000203431
0.000238971
0.000253444
0.000245254
0.000214292
0.000162203
9.23413e-05
9.17165e-06
-8.25463e-05
-0.000178176
-0.00027323
-0.00036347
-0.000445014
-0.0005142
-0.000567489
-0.000601735
-0.000614673
-0.000605293
-0.000573965
-0.000522298
-0.000452776
-0.000368327
-0.000271959
-0.000166535
-5.47539e-05
6.06141e-05
0.000176451
0.000289334
0.000395822
0.000492664
0.000577045
0.000646923
0.000701099
0.000738875
0.000759655
0.000762809
0.000747686
0.000713936
0.000662129
0.000593927
0.000511808
0.000418907
0.000318806
0.000214956
0.000110199
6.74815e-06
-9.35573e-05
-0.000188941
-0.000277355
-0.000356252
-0.000422781
-0.000474428
-0.000509608
-0.00052786
-0.000529865
-0.000517457
-0.000493399
-0.000460786
-0.000422537
-0.000381355
-0.000339914
-0.000300857
-0.000266625
-0.000239359
-0.000220797
-0.000211847
-0.000212182
-0.00022048
-0.000235033
-0.000253763
-0.000273944
-0.000292552
-0.000306725
-0.000313747
-0.000311038
-0.000296425
-0.000268418
-0.000226396
-0.000170683
-0.00010252
-2.38608e-05
6.29569e-05
0.000155459
0.00025112
0.000347401
0.000441805
0.000531901
0.000615323
0.000689779
0.000753123
0.000803417
0.000839002
0.000858723
0.000862067
0.000849041
0.000849041
0.000819996
0.000775528
0.000716573
0.000644617
0.000561584
0.00046951
0.000370501
0.000266671
0.000159892
5.18142e-05
-5.59748e-05
-0.000161957
-0.00026461
-0.000362131
-0.000452374
-0.000533204
-0.000602916
-0.000660306
-0.000704475
-0.000734665
-0.000750367
-0.000751521
-0.000738347
-0.000711063
-0.000670037
-0.00061602
-0.000550168
-0.000474199
-0.000390446
-0.000301567
-0.00021027
-0.000119134
-3.04099e-05
5.40794e-05
0.000132946
0.000205183
0.000269955
0.000326378
0.00037347
0.000410276
0.000436082
0.000450566
0.000453847
0.000446482
0.000429481
0.000404298
0.000372597
0.000336031
0.000296346
0.000255573
0.000215882
0.000179239
0.000147262
0.000121251
0.000102046
8.98331e-05
8.42707e-05
8.47318e-05
9.02291e-05
9.92382e-05
0.000109806
0.000119737
0.000126695
0.0001284
0.000122853
0.000108488
8.43046e-05
4.98803e-05
5.27562e-06
-4.89757e-05
-0.000111757
-0.000181228
-0.000254602
-0.000328004
-0.000396899
-0.000456976
-0.000504552
-0.000536464
-0.000550265
-0.000544628
-0.000519381
-0.000475238
-0.000413583
-0.000336497
-0.000246948
-0.000148828
-4.67321e-05
5.4368e-05
0.000149409
0.000233625
0.000303062
0.00035493
0.000387626
0.00040061
0.000394267
0.000369737
0.000328713
0.000273314
0.000206151
0.000130455
4.99946e-05
-3.11866e-05
-0.000109028
-0.00017972
-0.000239997
-0.000287241
-0.000319402
-0.000334885
-0.000332475
-0.000311314
-0.000271099
-0.000212432
-0.000136982
-4.74994e-05
5.20692e-05
0.000156553
0.000260076
0.000356998
0.000442417
0.000512044
0.000562195
0.000589956
0.00059313
0.000570183
0.000520406
0.000444279
0.000343913
0.000223326
8.82413e-05
-5.46184e-05
-0.000198267
-0.000335997
-0.000461828
-0.000570779
-0.00065884
-0.000722808
-0.000760127
-0.000768874
-0.000747952
-0.000697363
-0.000618559
-0.000514688
-0.000390396
-0.000251271
-0.00010336
4.71789e-05
0.000194372
0.000332625
0.000456814
0.000562274
0.000644815
0.000700906
0.000728049
0.000725173
0.000692823
0.000633147
0.000549775
0.000447549
0.00033207
0.000209237
8.49996e-05
-3.47473e-05
-0.000144334
-0.000238566
-0.000312949
-0.000363937
-0.00038923
-0.000387989
-0.000360901
-0.000310079
-0.000238793
-0.0001511
-5.15466e-05
5.50639e-05
0.000163923
0.000270417
0.000370156
0.00045899
0.000533222
0.000589911
0.000627042
0.000643594
0.0006395
0.000615531
0.000573203
0.000514641
0.000442397
0.000359347
0.00026872
0.000174164
7.9655e-05
-1.06897e-05
-9.27389e-05
-0.000162518
-0.000216617
-0.000252567
-0.000268851
-0.000264728
-0.000240253
-0.0001963
-0.000134482
-5.71789e-05
3.23228e-05
0.000129788
0.000230139
0.000327716
0.000416827
0.000492427
0.000550424
0.000587657
0.000601976
0.000592279
0.000558349
0.000500795
0.000421173
0.000322092
0.000207229
8.12525e-05
-5.04521e-05
-0.00018224
-0.000308669
-0.00042486
-0.000526796
-0.000611474
-0.00067688
-0.000721862
-0.000746054
-0.000749891
-0.000734632
-0.000702363
-0.000655955
-0.000598973
-0.000535495
-0.000469804
-0.000405995
-0.000347655
-0.000297758
-0.000258708
-0.000232335
-0.000219818
-0.000221678
-0.00023775
-0.000267121
-0.000308129
-0.00035848
-0.000415376
-0.000475687
-0.000536178
-0.000593752
-0.000645568
-0.000688982
-0.000721502
-0.000740862
-0.000745091
-0.000732679
-0.000702938
-0.000656196
-0.00059371
-0.000517668
-0.000431206
-0.000338095
-0.000242193
-0.000147162
-5.64994e-05
2.64496e-05
9.86077e-05
0.000157255
0.000200117
0.00022553
0.00023266
0.000221702
0.000193975
0.000151778
9.81563e-05
3.66858e-05
-2.88082e-05
-9.44849e-05
-0.000156545
-0.000211326
-0.000255584
-0.000286724
-0.000302878
-0.000302998
-0.00028696
-0.000255506
-0.000210069
-0.000152674
-8.59265e-05
-1.2908e-05
6.29811e-05
0.000138148
0.00020896
0.00027197
0.000324157
0.000363123
0.00038722
0.00039562
0.000388324
0.000366121
0.00033053
0.000283745
0.000228532
0.000168043
0.000105614
4.46429e-05
-1.1472e-05
-5.94821e-05
-9.64805e-05
-0.000120066
-0.000128469
-0.000120634
-9.62841e-05
-5.5976e-05
-1.09765e-06
6.61638e-05
0.000142891
0.000225608
0.000310514
0.000393674
0.000471186
0.000539455
0.000595448
0.000595448
0.00063672
0.000661317
0.000667795
0.000655242
0.0006233
0.00057235
0.000503695
0.000419557
0.000322961
0.000217602
0.000107657
-2.47697e-06
-0.000108457
-0.000206181
-0.000291824
-0.00036186
-0.000413277
-0.000443874
-0.000452313
-0.000438053
-0.00040151
-0.00034419
-0.000268533
-0.000177715
-7.55152e-05
3.38505e-05
0.000145969
0.000256451
0.000361082
0.000455952
0.000537638
0.00060335
0.000650911
0.000678669
0.0006856
0.000671594
0.000637562
0.000585311
0.00051747
0.000437466
0.000349298
0.00025717
0.000165218
7.73982e-05
-2.57152e-06
-7.12916e-05
-0.000125794
-0.000163714
-0.000183511
-0.000184697
-0.000168002
-0.000135365
-8.96812e-05
-3.441e-05
2.66824e-05
8.96635e-05
0.000150697
0.000206301
0.000253396
0.000289259
0.000311612
0.000318802
0.000309963
0.00028513
0.000245317
0.000192525
0.000129662
6.03455e-05
-1.14015e-05
-8.14454e-05
-0.00014586
-0.000201238
-0.000244707
-0.000273776
-0.000286399
-0.000281132
-0.000257189
-0.000214571
-0.000154345
-7.88739e-05
8.10188e-06
0.00010158
0.000195787
0.000285046
0.000364324
0.000429251
0.000476182
0.000502325
0.000505622
0.00048463
0.000438628
0.00036793
0.000274398
0.000161903
3.6242e-05
-9.56133e-05
-0.000226362
-0.00034895
-0.000457083
-0.000545625
-0.000610735
-0.00064975
-0.000660928
-0.00064334
-0.000597106
-0.0005237
-0.000426068
-0.000308619
-0.000177095
-3.81617e-05
0.000101276
0.000234766
0.000356741
0.000462678
0.000549124
0.000613639
0.000654664
0.00067143
0.000664008
0.000633479
0.000582096
0.000513288
0.000431427
0.000341427
0.000248295
0.000156778
7.11379e-05
-4.96052e-06
-6.8476e-05
-0.00011694
-0.000148421
-0.0001616
-0.000155957
-0.000131959
-9.11667e-05
-3.63599e-05
2.84343e-05
9.82859e-05
0.00016793
0.000232202
0.000286336
0.000326333
0.000349327
0.000353625
0.000338336
0.000303137
0.000248425
0.000175437
8.61475e-05
-1.67638e-05
-0.000129757
-0.000248447
-0.000367992
-0.000483437
-0.000589873
-0.000682745
-0.000758349
-0.000814044
-0.000848114
-0.000859629
-0.000848507
-0.000815506
-0.000762002
-0.000689895
-0.000601783
-0.000501071
-0.000391883
-0.000278933
-0.000167313
-6.21324e-05
3.18862e-05
0.00011073
0.000171306
0.000211561
0.000230491
0.000228026
0.000204901
0.000162602
0.000103392
3.03985e-05
-5.23591e-05
-0.000140099
-0.0002275
-0.000309029
-0.000379485
-0.000434617
-0.000471413
-0.000488077
-0.000484036
-0.000459892
-0.000417063
-0.000357396
-0.000283259
-0.000197857
-0.000105219
-9.95724e-06
8.29872e-05
0.000168735
0.000243021
0.000302656
0.000345724
0.000371538
0.000380376
0.000373117
0.000351044
0.000315842
0.000269584
0.000214693
0.000153938
9.03978e-05
2.73046e-05
-3.22646e-05
-8.56829e-05
-0.000130947
-0.00016672
-0.000192248
-0.000207293
-0.000212099
-0.000207302
-0.000193836
-0.000172882
-0.000145806
-0.0001141
-7.93401e-05
-4.30926e-05
-6.81455e-06
2.81477e-05
6.05059e-05
8.91184e-05
0.000113149
0.000132087
0.000145715
0.000154129
0.000157694
0.00015695
0.000152538
0.000145134
0.000135415
0.000124088
0.000111946
9.98799e-05
8.88269e-05
7.9698e-05
7.32974e-05
7.02437e-05
7.09345e-05
7.55896e-05
8.43498e-05
9.74065e-05
0.000115115
0.000137887
0.000165791
0.000198214
0.000233811
0.000270486
0.00030544
0.000335713
0.000358983
0.000373746
0.000378964
0.000373946
0.000358332
0.000331809
0.000293954
0.000244532
0.000183958
0.000113577
3.56983e-05
-4.65699e-05
-0.000129717
-0.00021029
-0.000285239
-0.000352026
-0.000408498
-0.000452798
-0.000483482
-0.000499512
-0.000500094
-0.000484782
-0.00045376
-0.000407933
-0.000348934
-0.000279053
-0.000201038
-0.000117855
-3.24848e-05
5.22187e-05
0.00013356
0.000209017
0.000276263
0.000333094
0.000377346
0.000407087
0.000421055
0.000418908
0.000401145
0.000368978
0.000324212
0.000269058
0.000205901
0.000137155
6.52734e-05
-7.16505e-06
-7.74152e-05
-0.000142618
-0.000199964
-0.000246946
-0.000281625
-0.000302785
-0.000309909
-0.000303056
-0.000282787
-0.000250134
-0.000206476
-0.000153456
-9.30448e-05
-2.76443e-05
3.99094e-05
0.000106514
0.000169052
0.000224596
0.000270597
0.000270597
0.000305139
0.00032709
0.000335994
0.000331907
0.000315391
0.000287515
0.000249749
0.000203949
0.000152427
9.79468e-05
4.34873e-05
-8.14968e-06
-5.46574e-05
-9.43409e-05
-0.000126138
-0.00014962
-0.000164892
-0.000172418
-0.00017288
-0.000167132
-0.000156297
-0.000141854
-0.000125601
-0.000109516
-9.55769e-05
-8.54855e-05
-8.0376e-05
-8.06765e-05
-8.61338e-05
-9.59072e-05
-0.000108869
-0.000124025
-0.00014058
-0.000157715
-0.000174559
-0.000190219
-0.00020367
-0.000213716
-0.000219185
-0.000219208
-0.000213436
-0.00020208
-0.000185817
-0.000165621
-0.000142549
-0.000117555
-9.14185e-05
-6.47931e-05
-3.83048e-05
-1.26276e-05
1.14741e-05
3.31554e-05
5.15889e-05
6.61163e-05
7.637e-05
8.23185e-05
8.42347e-05
8.26099e-05
7.8043e-05
7.11488e-05
6.25034e-05
5.25999e-05
4.18097e-05
3.03844e-05
1.847e-05
6.10805e-06
-6.68235e-06
-1.97923e-05
-3.31138e-05
-4.66974e-05
-6.07146e-05
-7.5378e-05
-9.09559e-05
-0.000107747
-0.00012598
-0.000145713
-0.00016679
-0.000188877
-0.000211547
-0.000234366
-0.000256977
-0.000279128
-0.000300605
-0.000321124
-0.000340313
-0.00035778
-0.000373142
-0.000386033
-0.00039619
-0.00040354
-0.000408204
-0.000410452
-0.000410635
-0.000409111
-0.000406235
-0.000402304
-0.000397458
-0.000391668
-0.000384801
-0.000376646
-0.000366902
-0.000355131
-0.000340729
-0.000322962
-0.000300983
-0.000273868
-0.00024082
-0.000201462
-0.000156018
-0.000105266
-5.03242e-05
7.52234e-06
6.68946e-05
0.000126379
0.000184544
0.00023988
0.000290717
0.000335245
0.000371669
0.000398428
0.000414403
0.000419071
0.000412505
0.00039525
0.000368166
0.000332288
0.000288742
0.00023877
0.000183755
0.000125217
6.48453e-05
4.49032e-06
-5.39506e-05
-0.000108689
-0.000158211
-0.000201372
-0.0002373
-0.000265157
-0.000283964
-0.000292713
-0.000290583
-0.000277043
-0.00025198
-0.000215901
-0.000170062
-0.000116355
-5.69479e-05
6.0355e-06
7.05298e-05
0.000134434
0.00019562
0.000251962
0.000301275
0.00034136
0.000370298
0.000386744
0.000390087
0.000380555
0.000359188
0.000327642
0.000287928
0.000242224
0.000192765
0.000141768
9.14418e-05
4.4003e-05
1.62631e-06
-3.36747e-05
-6.02247e-05
-7.68536e-05
-8.29987e-05
-7.87355e-05
-6.47223e-05
-4.20846e-05
-1.22803e-05
2.30355e-05
6.2082e-05
0.000102953
0.000143655
0.00018218
0.000216587
0.000245129
0.000266456
0.000279778
0.000284933
0.000282382
0.000273079
0.000258203
0.000239031
0.000216971
0.000193519
0.000170177
0.000148469
0.000129955
0.00011613
0.00010823
0.000107031
0.000112675
0.000124649
0.000141963
0.000163349
0.000187411
0.000212752
0.000238044
0.000262021
0.000283455
0.00030109
0.000313616
0.000319807
0.000318701
0.000309755
0.000292952
0.000268798
0.000238204
0.000202336
0.000162466
0.000119871
7.58075e-05
3.15211e-05
-1.17174e-05
-5.25421e-05
-8.94675e-05
-0.000120961
-0.000145618
-0.000162371
-0.000170611
-0.000170191
-0.00016137
-0.000144727
-0.000121009
-9.09988e-05
-5.55205e-05
-1.55236e-05
2.7816e-05
7.30079e-05
0.000118254
0.000161634
0.000201346
0.000235873
0.000264089
0.000285329
0.000299357
0.000306221
0.000306122
0.000299386
0.000286503
0.000268167
0.000245319
0.000219167
0.000191131
0.000162732
0.000135425
0.000110419
8.84884e-05
6.98169e-05
5.39704e-05
4.00845e-05
2.71981e-05
1.47069e-05
2.62757e-06
-8.68131e-06
-1.89272e-05
-2.7967e-05
-3.58642e-05
-4.30758e-05
-5.0381e-05
-5.84304e-05
-6.73616e-05
-7.68203e-05
-8.61836e-05
-9.47794e-05
-0.000102166
-0.000108395
-0.000114042
-0.00011998
-0.000127054
-0.000135838
-0.000146528
-0.000158942
-0.000172655
-0.000187224
-0.000202332
-0.00021774
-0.00023313
-0.000247982
-0.000261516
-0.000272671
-0.000280185
-0.000282884
-0.000279978
-0.000271068
-0.000256039
-0.000235041
-0.000208444
-0.000176736
-0.000140564
-0.000100862
-5.89054e-05
-1.63135e-05
2.50244e-05
6.31705e-05
9.64237e-05
0.000123461
0.000143358
0.000155634
0.000160246
0.000157466
0.000147778
0.000131871
0.000110683
8.54436e-05
5.76538e-05
2.90284e-05
1.38758e-06
-2.34999e-05
-4.40859e-05
-5.9184e-05
-6.80671e-05
-7.04692e-05
-6.65117e-05
-5.66669e-05
-4.17489e-05
-4.17489e-05
-2.28879e-05
-1.53257e-06
2.06369e-05
4.19118e-05
6.06161e-05
7.50929e-05
8.38795e-05
8.59342e-05
8.06984e-05
6.80419e-05
4.82136e-05
2.18306e-05
-1.01481e-05
-4.64857e-05
-8.57435e-05
-0.000126355
-0.000166669
-0.00020501
-0.000239781
-0.000269566
-0.00029321
-0.000309853
-0.000318941
-0.0003202
-0.000313563
-0.000299066
-0.000276824
-0.000247111
-0.000210425
-0.000167462
-0.000119105
-6.64469e-05
-1.08097e-05
4.62594e-05
0.000103041
0.00015772
0.000208394
0.000253091
0.000289987
0.000317704
0.000335321
0.000342216
0.000338141
0.000323319
0.000298351
0.000264164
0.000222091
0.000173892
0.000121684
6.78283e-05
1.47502e-05
-3.53116e-05
-8.05283e-05
-0.000119593
-0.000151734
-0.000176664
-0.000194433
-0.000205239
-0.00020936
-0.000207185
-0.000199163
-0.000185749
-0.000167557
-0.000145579
-0.00012109
-9.53382e-05
-6.93905e-05
-4.41252e-05
-2.01772e-05
2.07775e-06
2.24071e-05
4.05525e-05
5.6119e-05
6.8542e-05
7.71477e-05
8.13534e-05
8.08793e-05
7.58247e-05
6.66491e-05
5.40669e-05
3.88836e-05
2.18882e-05
3.78342e-06
-1.4848e-05
-3.34478e-05
-5.13457e-05
-6.77215e-05
-8.16654e-05
-9.22823e-05
-9.88124e-05
-0.000100773
-9.80625e-05
-9.09506e-05
-8.00169e-05
-6.60547e-05
-4.9942e-05
-3.25649e-05
-1.48127e-05
2.43107e-06
1.82906e-05
3.18631e-05
4.22177e-05
4.84946e-05
5.00548e-05
4.65961e-05
3.8203e-05
2.53289e-05
8.73121e-06
-1.06314e-05
-3.17256e-05
-5.35498e-05
-7.51775e-05
-9.57327e-05
-0.000114352
-0.00013018
-0.000142408
-0.000150352
-0.000153595
-0.0001521
-0.000146233
-0.000136753
-0.000124751
-0.000111452
-9.79998e-05
-8.54012e-05
-7.45869e-05
-6.63971e-05
-6.15281e-05
-6.0506e-05
-6.36788e-05
-7.11829e-05
-8.28774e-05
-9.82888e-05
-0.000116611
-0.000136773
-0.00015752
-0.000177441
-0.000195052
-0.000208927
-0.000217765
-0.000220482
-0.000216342
-0.000204963
-0.000186228
-0.000160335
-0.000127894
-8.9941e-05
-4.78537e-05
-3.27581e-06
4.1947e-05
8.58559e-05
0.000126516
0.000162167
0.000191339
0.000212897
0.000226038
0.000230403
0.000226158
0.00021394
0.00019476
0.000169941
0.000141052
0.00010976
7.76869e-05
4.63575e-05
1.7252e-05
-8.23226e-06
-2.89147e-05
-4.38844e-05
-5.25025e-05
-5.44738e-05
-4.98888e-05
-3.91631e-05
-2.29481e-05
-2.01317e-06
2.28878e-05
5.10199e-05
8.15526e-05
0.000113535
0.00014597
0.000177822
0.000207996
0.000235381
0.00025897
0.000277957
0.000291771
0.00030006
0.000302674
0.000299657
0.000291251
0.000277873
0.000260079
0.000238579
0.000214259
0.000188157
0.000161419
0.000135257
0.000110863
8.93103e-05
7.14805e-05
5.8026e-05
4.93657e-05
4.56827e-05
4.69293e-05
5.28622e-05
6.30627e-05
7.69252e-05
9.36484e-05
0.000112227
0.000131466
0.000150052
0.000166641
0.000179987
0.000189094
0.000193289
0.000192219
0.000185848
0.000174469
0.000158616
0.000138921
0.000116104
9.10696e-05
6.49334e-05
3.89262e-05
1.43194e-05
-7.6432e-06
-2.59025e-05
-3.97566e-05
-4.89112e-05
-5.34382e-05
-5.36604e-05
-4.99733e-05
-4.27732e-05
-3.25e-05
-1.96383e-05
-4.74338e-06
1.14644e-05
2.80779e-05
4.41071e-05
5.86201e-05
7.08411e-05
8.01822e-05
8.62237e-05
8.86921e-05
8.74272e-05
8.23108e-05
7.32513e-05
6.02671e-05
4.35719e-05
2.36234e-05
1.13505e-06
-2.29775e-05
-4.76861e-05
-7.19488e-05
-9.48197e-05
-0.000115512
-0.000133377
-0.000147882
-0.000158627
-0.000165405
-0.000168232
-0.000167347
-0.000163196
-0.000156466
-0.000148042
-0.000138898
-0.000130022
-0.000122362
-0.000116761
-0.000113938
-0.000114506
-0.000118931
-0.000127499
-0.000140308
-0.00015726
-0.000178017
-0.000201946
-0.000228016
-0.000254782
-0.000280581
-0.000303778
-0.000322848
-0.000336429
-0.000343431
-0.000343115
-0.000335126
-0.000319432
-0.000296269
-0.000266227
-0.000230328
-0.000189956
-0.000146752
-0.000102572
-5.94205e-05
-1.927e-05
1.6117e-05
4.52612e-05
6.70223e-05
8.06736e-05
8.59201e-05
8.28543e-05
7.19135e-05
5.38526e-05
2.97077e-05
7.57067e-07
-3.15267e-05
-6.55298e-05
-9.95426e-05
-0.000131835
-0.000160768
-0.00018488
-0.000202936
-0.000213994
-0.000217441
-0.000212961
-0.000200492
-0.000180218
-0.000152587
-0.000118301
-7.83037e-05
-3.3807e-05
1.36799e-05
1.36799e-05
6.24185e-05
0.000110573
0.000156304
0.000197846
0.000233645
0.000262507
0.000283602
0.00029637
0.000300528
0.000296156
0.000283768
0.000264328
0.000239231
0.000210252
0.000179403
0.000148658
0.000119643
9.35172e-05
7.10703e-05
5.2831e-05
3.9096e-05
2.99753e-05
2.54638e-05
2.54127e-05
2.93748e-05
3.65157e-05
4.5756e-05
5.60105e-05
6.63137e-05
7.58676e-05
8.41445e-05
9.09279e-05
9.61635e-05
9.97779e-05
0.000101583
0.000101253
9.84022e-05
9.27149e-05
8.40214e-05
7.23703e-05
5.80901e-05
4.17545e-05
2.4046e-05
5.62859e-06
-1.29027e-05
-3.10238e-05
-4.8264e-05
-6.41745e-05
-7.82716e-05
-9.00192e-05
-9.89945e-05
-0.000105155
-0.000108928
-0.00011108
-0.000112603
-0.000114591
-0.000117973
-0.000123223
-0.000130327
-0.000139009
-0.000148997
-0.000160098
-0.000172161
-0.000185035
-0.00019846
-0.000211889
-0.000224386
-0.000234751
-0.000241783
-0.000244519
-0.00024245
-0.000235635
-0.000224617
-0.000210173
-0.000193112
-0.000174161
-0.000153899
-0.00013279
-0.00011133
-9.02001e-05
-7.02953e-05
-5.26173e-05
-3.80659e-05
-2.71949e-05
-2.00362e-05
-1.60911e-05
-1.44617e-05
-1.40366e-05
-1.37242e-05
-1.26677e-05
-1.02396e-05
-5.8773e-06
9.9668e-07
1.09965e-05
2.48017e-05
4.30501e-05
6.6074e-05
9.36418e-05
0.00012478
0.000157711
0.000190129
0.000219771
0.000244764
0.000263595
0.000275132
0.000278621
0.000273513
0.0002593
0.000235518
0.000201927
0.000158824
0.000107356
4.95768e-05
-1.1779e-05
-7.36885e-05
-0.000133205
-0.000187754
-0.000235309
-0.000274396
-0.000303994
-0.000323361
-0.000331886
-0.000329153
-0.000315142
-0.000290395
-0.000256142
-0.000214319
-0.000167385
-0.000118045
-6.8949e-05
-2.2422e-05
1.96925e-05
5.6055e-05
8.57592e-05
0.000108209
0.000123033
0.000130068
0.000129368
0.000121354
0.000106985
8.76991e-05
6.52146e-05
4.13535e-05
1.78575e-05
-3.8023e-06
-2.25056e-05
-3.7452e-05
-4.8091e-05
-5.4018e-05
-5.48865e-05
-5.04326e-05
-4.05651e-05
-2.54081e-05
-5.3097e-06
1.91125e-05
4.69576e-05
7.71738e-05
0.000108725
0.000140644
0.000172054
0.00020219
0.000230339
0.000255774
0.000277755
0.000295539
0.000308458
0.00031606
0.000318217
0.000315135
0.000307314
0.000295461
0.000280388
0.00026293
0.000243888
0.00022401
0.00020403
0.000184702
0.000166771
0.000150953
0.000137904
0.000128125
0.00012186
0.000119079
0.00011953
0.000122783
0.000128295
0.000135471
0.000143721
0.000152471
0.000161133
0.000169094
0.000175751
0.000180507
0.000182799
0.000182196
0.000178454
0.00017149
0.000161402
0.000148465
0.000133099
0.000115819
9.72173e-05
7.79368e-05
5.86278e-05
3.99432e-05
2.25281e-05
6.98546e-06
-6.16324e-06
-1.65069e-05
-2.37688e-05
-2.78325e-05
-2.87455e-05
-2.67046e-05
-2.20312e-05
-1.51194e-05
-6.37635e-06
3.80124e-06
1.50264e-05
2.69188e-05
3.91027e-05
5.11881e-05
6.27487e-05
7.33638e-05
8.26676e-05
9.02918e-05
9.58004e-05
9.87505e-05
9.87976e-05
9.57095e-05
8.93285e-05
7.95845e-05
6.6534e-05
5.03598e-05
3.13409e-05
9.82045e-06
-1.37872e-05
-3.89415e-05
-6.49256e-05
-9.08251e-05
-0.000115548
-0.000137929
-0.000156878
-0.000171475
-0.000181016
-0.000185077
-0.000183546
-0.000176501
-0.000164076
-0.000146454
-0.000123914
-9.68699e-05
-6.59774e-05
-3.21881e-05
3.30775e-06
3.91549e-05
7.39118e-05
0.00010621
0.000134935
0.00015932
0.000178929
0.000193635
0.000203619
0.000209281
0.000211108
0.00020966
0.000205671
0.000200057
0.000193803
0.000187794
0.00018268
0.00017883
0.000176323
0.000174915
0.00017407
0.000173172
0.000171717
0.000169249
0.000165213
0.000159026
0.000150146
0.000138056
0.000122353
0.000102909
7.99376e-05
5.40027e-05
2.5988e-05
-3.01947e-06
-3.19414e-05
-5.9863e-05
-8.606e-05
-0.000109989
-0.000131297
-0.000149797
-0.000165367
-0.000177874
-0.000187195
-0.000193271
-0.000196109
-0.000195837
-0.000192819
-0.000187671
-0.000181109
-0.000173815
-0.000166394
-0.000159319
-0.000152874
-0.000147194
-0.00014238
-0.000138572
-0.000135985
-0.000134889
-0.000135546
-0.000138112
-0.000142533
-0.000148515
-0.000155564
-0.0001631
-0.000170565
-0.000177484
-0.000183475
-0.000188254
-0.000191612
-0.000191612
-0.000193391
-0.000193466
-0.00019176
-0.000188274
-0.00018315
-0.000176682
-0.000169314
-0.000161646
-0.000154314
-0.000147714
-0.00014204
-0.000137568
-0.000134566
-0.000133055
-0.000132916
-0.000134008
-0.000136088
-0.000138798
-0.00014175
-0.000144532
-0.000146736
-0.000148033
-0.000148223
-0.000147235
-0.000145072
-0.000141754
-0.000137326
-0.000131918
-0.000125755
-0.000119112
-0.000112309
-0.000105702
-9.96466e-05
-9.4441e-05
-9.03027e-05
-8.73471e-05
-8.55563e-05
-8.47818e-05
-8.48029e-05
-8.53947e-05
-8.63467e-05
-8.74362e-05
-8.84259e-05
-8.90794e-05
-8.91375e-05
-8.83015e-05
-8.6261e-05
-8.27259e-05
-7.74604e-05
-7.03397e-05
-6.13831e-05
-5.07281e-05
-3.85807e-05
-2.51865e-05
-1.08108e-05
4.27967e-06
1.98028e-05
3.54161e-05
5.06573e-05
6.48926e-05
7.73621e-05
8.7329e-05
9.41921e-05
9.7511e-05
9.70244e-05
9.26758e-05
8.45937e-05
7.30385e-05
5.83881e-05
4.11969e-05
2.22638e-05
2.64695e-06
-1.64225e-05
-3.37204e-05
-4.81607e-05
-5.88517e-05
-6.52034e-05
-6.70152e-05
-6.43904e-05
-5.75689e-05
-4.68734e-05
-3.27738e-05
-1.59207e-05
2.86549e-06
2.25919e-05
4.21086e-05
6.02054e-05
7.57863e-05
8.80318e-05
9.6475e-05
0.000101005
0.000101796
9.91812e-05
9.35551e-05
8.53443e-05
7.5009e-05
6.30688e-05
5.01257e-05
3.6852e-05
2.39377e-05
1.19882e-05
1.41259e-06
-7.59029e-06
-1.4962e-05
-2.07626e-05
-2.51791e-05
-2.84671e-05
-3.08775e-05
-3.26339e-05
-3.39218e-05
-3.48723e-05
-3.55509e-05
-3.59541e-05
-3.60061e-05
-3.56072e-05
-3.47332e-05
-3.34415e-05
-3.18082e-05
-2.99468e-05
-2.80221e-05
-2.61796e-05
-2.45078e-05
-2.30877e-05
-2.20422e-05
-2.15181e-05
-2.16386e-05
-2.24777e-05
-2.40449e-05
-2.62672e-05
-2.89699e-05
-3.18925e-05
-3.47683e-05
-3.74208e-05
-3.98044e-05
-4.19851e-05
-4.41029e-05
-4.6332e-05
-4.88324e-05
-5.16947e-05
-5.49034e-05
-5.83726e-05
-6.19919e-05
-6.56112e-05
-6.90504e-05
-7.21569e-05
-7.48097e-05
-7.68551e-05
-7.80647e-05
-7.81668e-05
-7.68981e-05
-7.40371e-05
-6.94468e-05
-6.31212e-05
-5.52125e-05
-4.60251e-05
-3.59756e-05
-2.55288e-05
-1.51349e-05
-5.1835e-06
4.01565e-06
1.22384e-05
1.93943e-05
2.55997e-05
3.1147e-05
3.64007e-05
4.17743e-05
4.77313e-05
5.46963e-05
6.2928e-05
7.24742e-05
8.32413e-05
9.50723e-05
0.000107738
0.000120928
0.000134308
0.000147542
0.000160203
0.000171721
0.000181469
0.000188866
0.000193446
0.00019493
0.000193294
0.000188761
0.000181696
0.000172445
0.000161244
0.000148263
0.000133658
0.000117598
0.000100315
8.21775e-05
6.37035e-05
4.55283e-05
2.83128e-05
1.26558e-05
-9.23322e-07
-1.19947e-05
-2.02524e-05
-2.55009e-05
-2.75955e-05
-2.64241e-05
-2.19612e-05
-1.43298e-05
-3.8391e-06
8.96381e-06
2.32531e-05
3.79838e-05
5.20169e-05
6.42203e-05
7.35992e-05
7.94264e-05
8.12162e-05
7.8629e-05
7.14816e-05
5.98018e-05
4.3883e-05
2.43291e-05
2.03684e-06
-2.18427e-05
-4.59445e-05
-6.88078e-05
-8.90618e-05
-0.000105573
-0.000117481
-0.000124189
-0.000125396
-0.0001211
-0.000111535
-9.71128e-05
-7.84718e-05
-5.65241e-05
-3.2397e-05
-7.34688e-06
1.72906e-05
4.01873e-05
6.01481e-05
7.62065e-05
8.76696e-05
9.41189e-05
9.53969e-05
9.15835e-05
8.29608e-05
6.9998e-05
5.33559e-05
3.38811e-05
1.25788e-05
-9.45629e-06
-3.11031e-05
-5.12439e-05
-6.88258e-05
-8.295e-05
-9.29264e-05
-9.82906e-05
-9.88093e-05
-9.44966e-05
-8.56136e-05
-7.26277e-05
-5.61778e-05
-3.70477e-05
-1.61175e-05
5.67831e-06
2.73977e-05
4.81728e-05
6.72615e-05
8.40307e-05
9.79593e-05
0.000108684
0.000116013
0.000119912
0.000120517
0.000118126
0.000113183
0.000106265
9.80253e-05
8.91065e-05
8.00271e-05
7.11349e-05
6.26456e-05
5.46893e-05
4.73187e-05
4.05438e-05
3.43899e-05
2.89025e-05
2.40751e-05
1.97803e-05
1.57775e-05
1.17639e-05
7.44377e-06
2.64379e-06
-2.57297e-06
-7.86298e-06
-1.26267e-05
-1.61077e-05
-1.76002e-05
-1.66516e-05
-1.30623e-05
-6.75973e-06
2.21347e-06
1.35955e-05
2.68539e-05
4.12427e-05
5.58633e-05
6.96399e-05
8.13108e-05
8.95528e-05
9.31867e-05
9.13739e-05
8.376e-05
7.05823e-05
5.27993e-05
3.21442e-05
1.07999e-05
-9.15214e-06
-2.5847e-05
-3.74421e-05
-4.22875e-05
-3.92967e-05
-2.81253e-05
-9.17884e-06
1.64778e-05
4.71652e-05
4.71652e-05
8.06578e-05
0.000114537
0.000146677
0.000175412
0.000199313
0.000217022
0.000227379
0.000229432
0.00022224
0.000204955
0.000177242
0.000139499
9.26705e-05
3.80738e-05
-2.24791e-05
-8.65377e-05
-0.000151173
-0.000213241
-0.000269342
-0.000315792
-0.00034921
-0.000367269
-0.0003687
-0.000352981
-0.000320608
-0.000273348
-0.000213712
-0.000144311
-6.80771e-05
1.11999e-05
8.90274e-05
0.000160708
0.000221642
0.000267799
0.000296458
0.00030668
0.000299322
0.000276723
0.000242074
0.000198604
0.000149112
9.59286e-05
4.09321e-05
-1.43184e-05
-6.80921e-05
-0.000118002
-0.000161193
-0.000195004
-0.000217381
-0.000227048
-0.000223844
-0.000208914
-0.000184297
-0.000152195
-0.000114603
-7.32715e-05
-2.96545e-05
1.50382e-05
5.94514e-05
0.000101684
0.000139357
0.00017
0.000191386
0.000201844
0.000200595
0.000187918
0.000164941
0.000133284
9.47729e-05
5.12502e-05
4.48407e-06
-4.38018e-05
-9.17592e-05
-0.000137259
-0.000177966
-0.000211632
-0.000236345
-0.00025065
-0.000253701
-0.000245384
-0.000226229
-0.00019722
-0.000159713
-0.000115458
-6.662e-05
-1.57816e-05
3.41713e-05
8.03684e-05
0.000120223
0.000151569
0.000172881
0.000183467
0.000183347
0.000172951
0.00015299
0.000124553
8.9141e-05
4.85833e-05
5.03732e-06
-3.90407e-05
-8.11175e-05
-0.000118884
-0.000150461
-0.000174545
-0.000190432
-0.000197889
-0.000197009
-0.000188141
-0.000171816
-0.00014872
-0.000119797
-8.63301e-05
-4.99247e-05
-1.23948e-05
2.43894e-05
5.86558e-05
8.88511e-05
0.000113735
0.00013242
0.000144322
0.0001491
0.000146639
0.000137056
0.000120718
9.83011e-05
7.08175e-05
3.95676e-05
6.05827e-06
-2.81034e-05
-6.13256e-05
-9.21343e-05
-0.000119236
-0.000141536
-0.000158145
-0.000168377
-0.000171787
-0.000168217
-0.000157809
-0.000141011
-0.00011859
-9.16073e-05
-6.13284e-05
-2.91335e-05
3.53493e-06
3.52113e-05
6.44711e-05
8.99988e-05
0.000110648
0.000125497
0.000133881
0.000135443
0.000130175
0.000118426
0.000100868
7.84565e-05
5.237e-05
2.39492e-05
-5.3841e-06
-3.42161e-05
-6.11995e-05
-8.50913e-05
-0.00010482
-0.000119535
-0.000128618
-0.00013172
-0.000128788
-0.000120051
-0.000106023
-8.74707e-05
-6.53413e-05
-4.06995e-05
-1.47064e-05
1.14326e-05
3.65449e-05
5.95361e-05
7.94143e-05
9.5334e-05
0.00010665
0.000112942
0.000114014
0.000109904
0.000100889
8.74566e-05
7.02799e-05
5.0187e-05
2.81291e-05
5.1403e-06
-1.77151e-05
-3.94009e-05
-5.89512e-05
-7.55125e-05
-8.83959e-05
-9.71016e-05
-0.000101324
-0.000100971
-9.61612e-05
-8.72017e-05
-7.45701e-05
-5.89133e-05
-4.09971e-05
-2.16557e-05
-1.78243e-06
1.76978e-05
3.58958e-05
5.20127e-05
6.53621e-05
7.53938e-05
8.17212e-05
8.41366e-05
8.26176e-05
7.73232e-05
6.85772e-05
5.68507e-05
4.27391e-05
2.69276e-05
1.01669e-05
-6.74443e-06
-2.30061e-05
-3.78754e-05
-5.06956e-05
-6.09118e-05
-6.80962e-05
-7.19751e-05
-7.24376e-05
-6.95287e-05
-6.34468e-05
-5.45295e-05
-4.32217e-05
-3.00705e-05
-1.5716e-05
-8.43012e-07
1.38597e-05
2.7725e-05
4.01348e-05
5.05473e-05
5.85283e-05
6.37693e-05
6.60808e-05
6.54071e-05
6.18403e-05
5.55979e-05
4.70058e-05
3.64977e-05
2.4591e-05
1.18577e-05
-1.09682e-06
-1.3672e-05
-2.53084e-05
-3.54929e-05
-4.3778e-05
-4.98245e-05
-5.34024e-05
-5.43839e-05
-5.27715e-05
-4.86904e-05
-4.23576e-05
-3.40945e-05
-2.43282e-05
-1.3539e-05
-2.22448e-06
9.09523e-06
1.98953e-05
2.9697e-05
3.80844e-05
4.46955e-05
4.92547e-05
5.16038e-05
5.16815e-05
4.95145e-05
4.52417e-05
3.91119e-05
3.1445e-05
2.2609e-05
1.30226e-05
3.14539e-06
-6.55661e-06
-1.5642e-05
-2.37143e-05
-3.04293e-05
-3.55009e-05
-3.87245e-05
-3.99866e-05
-3.92577e-05
-3.66026e-05
-3.21876e-05
-2.62526e-05
-1.90897e-05
-1.10469e-05
-2.51069e-06
6.12725e-06
1.44781e-05
2.21622e-05
2.88375e-05
3.42201e-05
3.80859e-05
4.02818e-05
4.07401e-05
3.94766e-05
3.65833e-05
3.22236e-05
2.66247e-05
2.00694e-05
1.28759e-05
5.37463e-06
-2.09327e-06
-9.18083e-06
-1.55668e-05
-2.09735e-05
-2.51689e-05
-2.79803e-05
-2.9306e-05
-2.91152e-05
-2.74475e-05
-2.44106e-05
-2.017e-05
-1.49393e-05
-8.97135e-06
-2.54825e-06
4.02985e-06
1.04587e-05
1.64455e-05
2.17228e-05
2.17228e-05
2.60613e-05
2.92795e-05
3.12518e-05
3.19128e-05
3.12612e-05
2.936e-05
2.936e-05
