-1.45741e-10
5.7881e-10
6.99622e-09
1.09871e-08
-7.62391e-08
-4.93764e-07
-1.52891e-06
-3.1937e-06
-5.03298e-06
-6.42635e-06
-7.07879e-06
-7.10533e-06
-6.76951e-06
-6.32563e-06
-5.96556e-06
-5.72065e-06
-5.49377e-06
-5.21997e-06
-4.86081e-06
-4.30603e-06
-3.47743e-06
-2.49313e-06
-1.62307e-06
-1.13687e-06
-1.20327e-06
-1.82871e-06
-2.86794e-06
-4.13996e-06
-5.53707e-06
-7.03784e-06
-8.67038e-06
-1.04834e-05
-1.25245e-05
-1.48111e-05
-1.72965e-05
-1.98539e-05
-2.22971e-05
-2.44345e-05
-2.61321e-05
-2.73534e-05
-2.8143e-05
-2.85642e-05
-2.86429e-05
-2.83542e-05
-2.76372e-05
-2.64186e-05
-2.46395e-05
-2.22786e-05
-1.93607e-05
-1.59545e-05
-1.2161e-05
-8.08409e-06
-3.79272e-06
6.93491e-07
5.38759e-06
1.03078e-05
1.54531e-05
2.07851e-05
2.62291e-05
3.17003e-05
3.71287e-05
4.24677e-05
4.76989e-05
5.2841e-05
5.79448e-05
6.30714e-05
6.82666e-05
7.35419e-05
7.88728e-05
8.42114e-05
8.9493e-05
9.46213e-05
9.94525e-05
0.000103794
0.000107416
0.000110079
0.000111571
0.00011174
0.000110502
0.000107831
0.000103737
9.82375e-05
9.1316e-05
8.29099e-05
7.29268e-05
6.12855e-05
4.79626e-05
3.3036e-05
1.67077e-05
-7.15674e-07
-1.88843e-05
-3.74856e-05
-5.6311e-05
-7.52813e-05
-9.44206e-05
-0.000113796
-0.000133444
-0.00015331
-0.000173208
-0.000192832
-0.000211795
-0.000229693
-0.000246169
-0.000260957
-0.000273885
-0.000284845
-0.000293771
-0.000300628
-0.000305409
-0.000308118
-0.000308752
-0.000307255
-0.000303486
-0.000297193
-0.000288066
-0.000275837
-0.000260391
-0.000241866
-0.00022069
-0.000197516
-0.000173059
-0.000147941
-0.000122578
-9.7126e-05
-7.14791e-05
-4.53191e-05
-1.81926e-05
1.04209e-05
4.10635e-05
7.42557e-05
0.000110417
0.00014977
0.000192285
0.000237701
0.000285558
0.000335229
0.000385934
0.000436725
0.000486418
0.000533523
0.000576242
0.000612535
0.000640294
0.000657577
0.000662827
0.000655023
0.000633761
0.000599238
0.000552008
0.00049251
0.000420554
0.000335052
0.000234226
0.000116468
-1.82967e-05
-0.000167257
-0.000324188
-0.000480076
-0.000624592
-0.00074799
-0.00084302
-0.000906213
-0.000937854
-0.000940753
-0.000918712
-0.000875306
-0.000813173
-0.000734008
-0.000639275
-0.000531132
-0.00041296
-0.000289324
-0.000165445
-4.62604e-05
6.46269e-05
0.00016562
0.000257111
0.000340869
0.000419155
0.000493914
0.000566347
0.000636816
0.000704788
0.000768629
0.000825514
0.000871822
0.000904014
0.000919604
0.000918054
0.000901595
0.000875686
0.00084859
0.000829872
0.000828312
0.000850055
0.000897535
0.000969492
0.00106217
0.0011713
0.00129386
0.00142883
0.00157651
0.0017364
0.00190355
0.00206451
0.00219436
0.00225696
0.00221001
0.00201582
0.00165451
0.0011333
0.000487378
-0.000227064
-0.000945012
-0.00160752
-0.00217444
-0.00262888
-0.00297229
-0.00321538
-0.00336938
-0.0034396
-0.00342365
-0.00331546
-0.00311248
-0.00282147
-0.00246077
-0.00205859
-0.0016474
-0.00125629
-0.000904907
-0.000601547
-0.000345597
-0.000133066
3.75999e-05
0.000162369
0.0002326
0.000239278
0.000178345
5.49122e-05
-0.000115375
-0.000308532
-0.000497075
-0.000655597
-0.000765166
-0.000815214
-0.000802363
-0.000727048
-0.00058985
-0.000389444
-0.000122919
0.000211993
0.000614002
0.00107609
0.00158513
0.00212347
0.00267166
0.00321107
0.00372549
0.00420104
0.0046247
0.00498253
0.00525892
0.00543788
0.00550581
0.00545439
0.0052818
0.00499194
0.00459224
0.00409081
0.00349284
0.00279467
0.0019766
0.00100053
-0.000177636
-0.00157833
-0.00316586
-0.00483574
-0.00643174
-0.00778224
-0.00874119
-0.00922327
-0.00922092
-0.00879321
-0.00803388
-0.00703756
-0.00587522
-0.00458205
-0.00316344
-0.00161891
3.11952e-05
0.00173164
0.00339436
0.00491364
0.00618952
0.00715034
0.00776427
0.00803688
0.00799954
0.00769362
0.00715464
0.00639891
0.00541597
0.00417207
0.00263198
0.000798251
-0.0012513
-0.00335585
-0.00530321
-0.00688349
-0.00794157
-0.00841431
-0.00833964
-0.00782968
-0.00702061
-0.00602578
-0.0049083
-0.00367761
-0.00231356
-0.000810333
0.000785287
0.00236434
0.00377782
0.00377782
0.00487786
0.00555846
0.00577604
0.00554373
0.00490952
0.00393195
0.00266223
0.00114055
-0.000590123
-0.00246126
-0.00436215
-0.00613898
-0.00761315
-0.00861656
-0.0090323
-0.00882312
-0.00803659
-0.00678769
-0.00522678
-0.00350395
-0.00174127
-2.19122e-05
0.00160321
0.00309755
0.00442004
0.00551482
0.00631476
0.00675674
0.00680084
0.00644518
0.00573032
0.00473176
0.00354367
0.00226026
0.000961889
-0.000290831
-0.00145526
-0.00249956
-0.00339339
-0.00410155
-0.00458503
-0.00480882
-0.004752
-0.0044155
-0.00382456
-0.00302475
-0.00207305
-0.00102869
5.16495e-05
0.0011134
0.00210011
0.00294971
0.0035963
0.00398031
0.00406462
0.00384807
0.00336784
0.00268977
0.00189239
0.00105021
0.000220155
-0.00056426
-0.0012883
-0.00194458
-0.00252181
-0.00299797
-0.00333981
-0.00351009
-0.00348038
-0.0032434
-0.00282112
-0.00226699
-0.00166001
-0.00108793
-0.000623216
-0.000302143
-0.000116298
-1.9639e-05
5.11043e-05
0.000150601
0.000305998
0.000513332
0.000747089
0.000975328
0.00117487
0.0013416
0.00148916
0.00163222
0.00176009
0.00181636
0.00170432
0.00132483
0.000628171
-0.000350259
-0.00148753
-0.00260372
-0.00351543
-0.00409124
-0.00428238
-0.00411856
-0.00368155
-0.00307249
-0.00238141
-0.00166925
-0.000968627
-0.000296052
0.000337725
0.000923335
0.00145196
0.00191565
0.00230738
0.00262068
0.00284965
0.00298825
0.00302823
0.00295938
0.00277512
0.00248027
0.00209675
0.00166402
0.0012323
0.00084871
0.000542854
0.000320306
0.00016647
5.70745e-05
-3.00942e-05
-0.000106709
-0.000171553
-0.000213901
-0.000219606
-0.00017731
-8.31162e-05
5.83104e-05
0.000237255
0.000444814
0.000677251
0.000936258
0.00122463
0.00153884
0.00186214
0.00216196
0.00239331
0.00250758
0.0024647
0.00224481
0.00185472
0.00132707
0.000713897
7.67251e-05
-0.000525223
-0.00104555
-0.00145526
-0.00174012
-0.00189431
-0.00191428
-0.00179488
-0.00152928
-0.0011125
-0.000546401
0.000156602
0.000972126
0.00186404
0.00278549
0.00367966
0.00447994
0.00511167
0.00549995
0.00558561
0.00534382
0.00479442
0.0039978
0.00303963
0.00201006
0.000981779
-5.5043e-06
-0.000945284
-0.00184955
-0.00272848
-0.0035724
-0.00434172
-0.00497107
-0.00538826
-0.0055376
-0.00539596
-0.00497754
-0.00432819
-0.0035107
-0.00258667
-0.00160316
-0.000589201
0.000438796
0.0014667
0.00247217
0.0034193
0.00426184
0.00495344
0.0054597
0.00576667
0.00588261
0.00583266
0.00564874
0.00535915
0.00498251
0.00452815
0.00400179
0.00341259
0.00277689
0.00211593
0.00144703
0.000772621
7.56866e-05
-0.000671199
-0.00148418
-0.0023443
-0.00318558
-0.00390541
-0.00439608
-0.0045829
-0.00445064
-0.00404979
-0.0034836
-0.00287873
-0.0023479
-0.00196049
-0.00173373
-0.00164297
-0.00164248
-0.00168871
-0.001758
-0.00185016
-0.00197718
-0.00214534
-0.00234164
-0.00253059
-0.00266206
-0.00268663
-0.00257218
-0.00231452
-0.00193716
-0.00148046
-0.000985348
-0.000478428
3.62693e-05
0.000575769
0.0011669
0.00182973
0.00256204
0.0033292
0.0040622
0.00466731
0.00504985
0.0051473
0.00495653
0.0045376
0.00399107
0.00342235
0.002909
0.00248007
0.00211416
0.00175912
0.00136338
0.000901989
0.000389274
-0.000122565
-0.00055928
-0.000850648
-0.000955056
-0.000874176
-0.000657685
-0.000397157
-0.00020496
-0.00018102
-0.000380693
-0.00079752
-0.00136812
-0.00200006
-0.00261342
-0.00317425
-0.00370044
-0.00424065
-0.00484305
-0.00552893
-0.00627862
-0.00703363
-0.00771336
-0.00823645
-0.00853633
-0.00856727
-0.00830346
-0.00773395
-0.00685588
-0.00566997
-0.00418379
-0.00242366
-0.000447065
0.00165301
0.00375401
0.0057182
0.00741276
0.00873
0.00959952
0.00998885
0.00989519
0.00933329
0.00832534
0.00689919
0.00509636
0.00298342
0.000658135
-0.00175317
-0.00410649
-0.0062574
-0.00807959
-0.00947734
-0.0103888
-0.010782
-0.0106484
-0.00999466
-0.00883985
-0.00721894
-0.00519382
-0.00519382
-0.00286521
-0.000375386
0.00210756
0.00442224
0.00644671
0.00811494
0.00941326
0.0103618
0.010988
0.0113031
0.0112945
0.0109351
0.0102006
0.00909006
0.00764118
0.00593545
0.00408595
0.00221406
0.000425399
-0.0012075
-0.00265099
-0.0039026
-0.00497406
-0.00587443
-0.0066001
-0.00713336
-0.00744759
-0.00751706
-0.00732817
-0.00688704
-0.00622025
-0.00536947
-0.00438414
-0.00331473
-0.00220745
-0.00110221
-3.43651e-05
0.000962058
0.0018534
0.00260815
0.00320024
0.00361296
0.00384175
0.00389302
0.00377837
0.00350743
0.0030835
0.00250394
0.00176566
0.000875045
-0.000140881
-0.00122765
-0.00230611
-0.00328442
-0.00407407
-0.00460554
-0.00484073
-0.00477801
-0.00444726
-0.00389833
-0.00318978
-0.00238041
-0.00152307
-0.000661998
0.000165638
0.00092648
0.00158966
0.0021272
0.00251463
0.00273205
0.0027669
0.00261701
0.0022923
0.00181483
0.00121819
0.000545812
-0.000152302
-0.000823221
-0.00141392
-0.00187386
-0.00215829
-0.00223156
-0.00206986
-0.00166359
-0.00102003
-0.000165708
0.00085321
0.00197411
0.00312406
0.00422739
0.00521312
0.00602187
0.00661142
0.00695916
0.0070603
0.00692271
0.00656064
0.0059887
0.00521733
0.00425174
0.00309614
0.00176171
0.000274474
-0.0013189
-0.00294903
-0.00452829
-0.0059626
-0.00716557
-0.00806913
-0.00862892
-0.00882507
-0.00865869
-0.00814596
-0.00731403
-0.00620116
-0.00485881
-0.00335186
-0.00175586
-0.000151868
0.00138048
0.0027706
0.00396318
0.00492001
0.00561742
0.00604139
0.00618309
0.00603626
0.00559761
0.00487105
0.00387428
0.00264446
0.00124013
-0.000261272
-0.00177038
-0.00319559
-0.00445311
-0.00547412
-0.00620752
-0.00661925
-0.00669016
-0.00641451
-0.00579983
-0.00486826
-0.00365831
-0.00222528
-0.000638554
0.00102436
0.00268554
0.00427325
0.00572535
0.00698918
0.00801882
0.00877143
0.00920597
0.00928611
0.00898668
0.00830047
0.00724328
0.00585622
0.00420358
0.00236582
0.000429321
-0.0015237
-0.00342198
-0.00520628
-0.00682432
-0.00822358
-0.00934733
-0.010137
-0.0105396
-0.010518
-0.0100599
-0.00918187
-0.00792763
-0.00636076
-0.00455548
-0.00258765
-0.000529
0.00155375
0.00359609
0.00553236
0.00729451
0.00881436
0.0100293
0.01089
0.0113672
0.0114557
0.0111732
0.0105554
0.0096464
0.00848895
0.00711779
0.00555871
0.00383472
0.00197782
4.14287e-05
-0.0018943
-0.00372785
-0.00534997
-0.00666089
-0.00758734
-0.00809439
-0.00818705
-0.00790229
-0.00729773
-0.00644087
-0.00539986
-0.00423783
-0.0030129
-0.00178133
-0.000598942
0.000481086
0.00141203
0.00215746
0.00269396
0.00301195
0.00311382
0.00301037
0.00271751
0.00225459
0.00164492
0.000917443
0.000108276
-0.000739883
-0.00158105
-0.00237116
-0.00307314
-0.0036596
-0.00411226
-0.00441818
-0.00456458
-0.00453524
-0.00431162
-0.00387851
-0.0032317
-0.00238426
-0.00136927
-0.00023688
0.000953861
0.002145
0.00328725
0.00434322
0.00528628
0.00609592
0.00675248
0.00723424
0.0075185
0.00758537
0.00742269
0.00703
0.00641998
0.00561644
0.00465042
0.00355652
0.00237143
0.00113475
-0.000109151
-0.00131039
-0.00241491
-0.00336908
-0.00412729
-0.00466067
-0.00496275
-0.00505001
-0.00495739
-0.00472966
-0.00441023
-0.00403173
-0.00361316
-0.00316366
-0.00268919
-0.00219864
-0.00170781
-0.00123994
-0.00082193
-0.000477933
-0.000223531
-6.23367e-05
1.42451e-05
2.36588e-05
-1.35783e-05
-7.91342e-05
-0.000159335
-0.000244864
-0.000328978
-0.000405538
-0.000467881
-0.000509102
-0.000523411
-0.000507394
-0.000460022
-0.000381274
-0.00027035
-0.000124533
6.04469e-05
0.000287516
0.000552807
0.000840609
0.001123
0.00136524
0.00153397
0.00160429
0.0015638
0.00141222
0.00115755
0.00081175
0.000388453
-9.7585e-05
-0.000630552
-0.00119306
-0.00176493
-0.00232236
-0.00283867
-0.00328678
-0.00364288
-0.00388967
-0.00401767
-0.00402422
-0.00391099
-0.00368124
-0.00333772
-0.00288172
-0.00288172
-0.00231395
-0.0016382
-0.000867424
-3.02411e-05
0.000826207
0.00164064
0.00234878
0.00289684
0.00325237
0.0034101
0.00339101
0.003234
0.0029827
0.00267332
0.00232805
0.00195525
0.00155523
0.0011295
0.000688889
0.00025631
-0.000136918
-0.000458372
-0.00068235
-0.000795802
-0.000800376
-0.000709833
-0.000544365
-0.000324693
-6.8032e-05
0.000213156
0.000509707
0.000812732
0.00111108
0.00139076
0.00163642
0.00183376
0.00197234
0.00204779
0.00206224
0.00202262
0.00193753
0.00181423
0.00165677
0.00146617
0.00124222
0.00098635
0.000704183
0.000406753
0.000109491
-0.000170716
-0.000418938
-0.000624658
-0.00078269
-0.000892517
-0.000956536
-0.000978261
-0.000961291
-0.000909041
-0.000824755
-0.000711656
-0.000573214
-0.000413363
-0.000236639
-4.8855e-05
0.000140499
0.000313957
0.000442005
0.000483163
0.000391353
0.000130331
-0.000310058
-0.000904478
-0.00159561
-0.00230845
-0.00296776
-0.00351298
-0.00390845
-0.00414581
-0.00423653
-0.00419862
-0.00404482
-0.00377687
-0.00338661
-0.00286382
-0.0022074
-0.0014333
-0.000574937
0.000322341
0.00120981
0.00204417
0.0027936
0.00343849
0.00396687
0.00436775
0.00462627
0.00472356
0.0046417
0.00437176
0.00392166
0.0033202
0.00261471
0.00186238
0.00111835
0.000425207
-0.000192872
-0.000729056
-0.00118605
-0.00156469
-0.00185485
-0.00203345
-0.00206996
-0.00193672
-0.00162032
-0.0011292
-0.000493773
0.000240924
0.00102543
0.00181358
0.00256375
0.00323182
0.00375916
0.00406544
0.00405738
0.00365629
0.00283438
0.00163904
0.000188823
-0.00135717
-0.00284058
-0.00414143
-0.0052033
-0.00603615
-0.00669229
-0.00722684
-0.00766244
-0.00797133
-0.00808075
-0.00790262
-0.00737496
-0.00649232
-0.00531085
-0.00393026
-0.00246275
-0.00100078
0.000403558
0.0017395
0.00302144
0.00426521
0.00546666
0.00659087
0.00757661
0.00835214
0.00885228
0.00902967
0.00886042
0.00834736
0.00752047
0.00643299
0.00515438
0.00376202
0.00233223
0.000932342
-0.000382825
-0.00156995
-0.00259563
-0.00343614
-0.00407632
-0.00450759
-0.00472745
-0.00474065
-0.00455983
-0.00420513
-0.00370313
-0.00308472
-0.00238173
-0.00162415
-0.000839616
-5.51431e-05
0.000700405
0.00139514
0.00199607
0.00247402
0.00280933
0.00299597
0.00304313
0.0029725
0.00280958
0.00256989
0.00224532
0.00180043
0.00118685
0.000373184
-0.000626937
-0.00174555
-0.00287232
-0.0038805
-0.00465912
-0.00514023
-0.00530897
-0.0051941
-0.00484764
-0.00432231
-0.00365345
-0.00285475
-0.00193261
-0.000910333
0.00015327
0.00116282
0.00200656
0.00259062
0.00287006
0.00286065
0.00262893
0.00226633
0.00185664
0.00144932
0.00105157
0.000640874
0.000189049
-0.000312745
-0.000836794
-0.00131832
-0.00167392
-0.00182935
-0.00174311
-0.00141759
-0.000895279
-0.000242193
0.000473729
0.00119898
0.00189984
0.00255749
0.0031576
0.0036797
0.00409176
0.0043535
0.00442739
0.0042916
0.00394735
0.00341745
0.00273851
0.00195207
0.00109877
0.000217369
-0.00065236
-0.00146678
-0.00217817
-0.00273734
-0.00309897
-0.00323048
-0.00312261
-0.00279633
-0.0023008
-0.00170187
-0.00106524
-0.000440676
0.000146511
0.000692678
0.00120335
0.00167812
0.0021006
0.00243685
0.00264185
0.00267249
0.00250272
0.00213404
0.00159706
0.000944168
0.000236174
-0.000472508
-0.00114351
-0.00175488
-0.00229383
-0.00274738
-0.00309581
-0.00331145
-0.00336347
-0.00322632
-0.00288839
-0.00235796
-0.00166494
-0.000858054
1.37627e-06
0.000847007
0.0016142
0.00224527
0.002694
0.00292953
0.00293868
0.00272691
0.00231858
0.001755
0.0010865
0.000359774
-0.000392515
-0.00115433
-0.00192076
-0.0026863
-0.00343065
-0.00410982
-0.00465918
-0.00500683
-0.00509012
-0.00487039
-0.00434338
-0.00354072
-0.0025205
-0.00135171
-0.000100447
0.00117798
0.00243994
0.00364762
0.00475973
0.00572549
0.00648655
0.00698621
0.007182
0.00705678
0.00662341
0.00592097
0.00500512
0.00393715
0.00393715
0.00277515
0.00156946
0.000362989
-0.000805101
-0.00189594
-0.0028697
-0.00368714
-0.00431363
-0.00472444
-0.00490876
-0.00487028
-0.00462373
-0.00418908
-0.00358659
-0.00283506
-0.00195362
-0.000965715
9.66987e-05
0.00119068
0.00226323
0.0032557
0.00411013
0.00477542
0.00521251
0.00539825
0.00532695
0.00500831
0.00446277
0.00371651
0.00279858
0.00174109
0.00058269
-0.000627081
-0.00182638
-0.00294466
-0.00391048
-0.00466125
-0.00515214
-0.00536067
-0.00528576
-0.00494358
-0.00436307
-0.00358229
-0.00264641
-0.00160769
-0.000526098
0.00053187
0.00149739
0.00230647
0.0029083
0.00327203
0.00338981
0.00327621
0.00296386
0.00249523
0.001913
0.00125416
0.000549462
-0.000173463
-0.000886037
-0.00155558
-0.00214509
-0.00261736
-0.00294226
-0.00310446
-0.00310871
-0.00297937
-0.00275312
-0.00246786
-0.00215327
-0.00182609
-0.0014908
-0.00114467
-0.000785007
-0.000415129
-4.65244e-05
0.000302832
0.000612714
0.000865753
0.00105159
0.00116854
0.00122233
0.00122256
0.00117843
0.00109598
0.000977162
0.000820667
0.0006236
0.000383673
0.000101395
-0.000218203
-0.000565025
-0.000925597
-0.00128651
-0.001637
-0.00196839
-0.00227095
-0.00253087
-0.00272968
-0.00284666
-0.00286347
-0.00276918
-0.00256399
-0.00226049
-0.00188149
-0.00145524
-0.00101002
-0.000569746
-0.000151487
0.00023432
0.000581143
0.000883088
0.00113312
0.00132315
0.00144533
0.00149431
0.00146954
0.00137649
0.0012261
0.00103269
0.000811497
0.000576605
0.000340026
0.000112091
-9.73105e-05
-0.000277675
-0.000417852
-0.000507207
-0.000537515
-0.000504817
-0.000410448
-0.000260683
-6.50379e-05
0.000166073
0.000423349
0.00069978
0.000991062
0.00129533
0.00161208
0.00194041
0.00227764
0.00261864
0.00295528
0.0032749
0.00355742
0.00377273
0.00388108
0.00383816
0.00360431
0.00315564
0.00249354
0.00164791
0.00067204
-0.000367528
-0.00140059
-0.00236095
-0.00319396
-0.00386261
-0.00434881
-0.00465007
-0.0047747
-0.00473714
-0.00455296
-0.0042355
-0.00379541
-0.00324211
-0.00258553
-0.00183855
-0.0010209
-0.000161991
0.000700181
0.00152353
0.00226663
0.00289203
0.00336847
0.00367248
0.00378919
0.00371286
0.00344742
0.0030066
0.00241293
0.00169618
0.000891449
3.6946e-05
-0.000828545
-0.00166819
-0.00244896
-0.00314231
-0.00372368
-0.0041712
-0.00446409
-0.00458145
-0.00450304
-0.004213
-0.00370584
-0.00299237
-0.00210376
-0.00109136
-2.08763e-05
0.00103869
0.00202652
0.00289665
0.00361769
0.00416802
0.00453006
0.00468776
0.00462908
0.00435185
0.00386949
0.00321326
0.00242954
0.00157236
0.000693744
-0.000164361
-0.000974181
-0.00172094
-0.00239647
-0.00299039
-0.00348407
-0.00384979
-0.00405455
-0.00406684
-0.00386558
-0.00344849
-0.00283627
-0.00207067
-0.00120736
-0.00030564
0.000582339
0.00141848
0.00217855
0.00284595
0.00340394
0.00383091
0.00410073
0.00418816
0.00407698
0.00376655
0.00327406
0.00263213
0.00188365
0.00107528
0.000251888
-0.000546611
-0.00128568
-0.00193486
-0.00246654
-0.00285612
-0.00308428
-0.00314065
-0.00302756
-0.00276185
-0.0023726
-0.00189532
-0.00136499
-0.000810333
-0.000250329
0.000305783
0.000854414
0.00139114
0.00190556
0.00238002
0.00279176
0.00311711
0.00333599
0.0034357
0.00341249
0.00327103
0.00302221
0.00268054
0.00226204
0.00178342
0.00126213
0.000716387
0.000164863
-0.000374136
-0.000883035
-0.00134438
-0.00173986
-0.00205044
-0.00225766
-0.00234581
-0.00230449
-0.00213122
-0.00183265
-0.00142394
-0.000927339
-0.000370404
0.000216705
0.00080458
0.0013674
0.00188447
0.00234027
0.00272327
0.00302383
0.00323259
0.00334015
0.00333699
0.00321274
0.00295575
0.00255554
0.00200852
0.00132437
0.000528867
-0.000337584
-0.00122517
-0.00208226
-0.00286317
-0.00353295
-0.00406808
-0.00445416
-0.00468253
-0.00474685
-0.00464155
-0.00436343
-0.0039153
-0.00330933
-0.00256808
-0.00172233
-0.000806784
0.000143107
0.0010905
0.0010905
0.00199299
0.00279892
0.0034496
0.00388928
0.00407937
0.00400999
0.00370445
0.00321518
0.00261142
0.00196223
0.00132153
0.000719895
0.000162673
-0.000366336
-0.000894444
-0.00144499
-0.00202424
-0.0026149
-0.00317588
-0.00364747
-0.00396288
-0.0040648
-0.00392047
-0.00352903
-0.00292033
-0.00214755
-0.001276
-0.000371037
0.000510864
0.0013252
0.00203855
0.00262641
0.00307113
0.00336022
0.0034858
0.00344574
0.00324536
0.00289825
0.00242527
0.00185279
0.00121105
0.000532599
-0.000149363
-0.000802574
-0.00139677
-0.00190453
-0.00230186
-0.00256839
-0.00268797
-0.00265042
-0.00245364
-0.00210444
-0.00161693
-0.00100934
-0.000301415
0.00048471
0.00131925
0.00215819
0.00294068
0.00359334
0.00404046
0.00421723
0.00408335
0.0036329
0.00289599
0.00193248
0.000821559
-0.000350867
-0.00150613
-0.0025835
-0.00354189
-0.00435354
-0.00499618
-0.00544792
-0.00568581
-0.00568874
-0.00544387
-0.00495304
-0.00423581
-0.00332852
-0.00228017
-0.00114534
2.28869e-05
0.00117601
0.00226695
0.0032437
0.00404599
0.00461027
0.0048821
0.00483013
0.00445514
0.00379068
0.00289526
0.00183904
0.000691235
-0.00048683
-0.00164309
-0.00273211
-0.00370994
-0.00452882
-0.00513554
-0.00547576
-0.0055038
-0.00519464
-0.00455294
-0.00361414
-0.00243674
-0.00109026
0.000355467
0.00183534
0.00328871
0.00465589
0.00587457
0.00687837
0.00759925
0.00797479
0.00795946
0.0075362
0.00672273
0.00556951
0.00415161
0.00255833
0.0008831
-0.000784709
-0.00236408
-0.00378309
-0.00497835
-0.00589524
-0.00648963
-0.00673171
-0.00661161
-0.00614463
-0.00537302
-0.0043618
-0.0031883
-0.00192921
-0.000650922
0.000594055
0.00176594
0.00283396
0.00377089
0.00454801
0.00513352
0.00549525
0.00560566
0.00544779
0.00502092
0.00434359
0.00345211
0.00239529
0.0012279
4.86009e-06
-0.0012228
-0.00240956
-0.00351442
-0.00449843
-0.00532207
-0.00594415
-0.00632367
-0.0064257
-0.00622935
-0.00573451
-0.00496418
-0.00396221
-0.00278725
-0.00150464
-0.000179123
0.00112968
0.00236847
0.00348981
0.00445141
0.00521631
0.00575455
0.00604581
0.00608113
0.00586203
0.00539674
0.00469637
0.00377392
0.00264745
0.00134654
-8.01492e-05
-0.00156014
-0.00300021
-0.00429842
-0.00536038
-0.00611341
-0.00651564
-0.00655853
-0.00626192
-0.00566389
-0.00481098
-0.00375341
-0.00254461
-0.00124239
9.01045e-05
0.00138472
0.00257178
0.00358748
0.004383
0.00493168
0.00523078
0.00529733
0.00515994
0.00484983
0.00439468
0.00381698
0.00313658
0.00237509
0.0015588
0.000718267
-0.000114834
-0.000910987
-0.00164505
-0.00229747
-0.00285429
-0.00330504
-0.00363908
-0.00384336
-0.00390335
-0.00380689
-0.00354905
-0.00313596
-0.002586
-0.00192807
-0.00119758
-0.000431392
0.000336827
0.00107895
0.00177121
0.0023902
0.0029087
0.00329444
0.00351318
0.00353529
0.00334322
0.00293788
0.00234163
0.00159644
0.000757915
-0.000112668
-0.000956341
-0.00172354
-0.00237805
-0.00289615
-0.00326282
-0.00346896
-0.00351144
-0.00339432
-0.00312922
-0.00273405
-0.00223018
-0.00163879
-0.000978656
-0.000266675
0.000479549
0.00123911
0.00198647
0.00269107
0.00331777
0.00382921
0.00419055
0.00437516
0.00436903
0.00417292
0.00380209
0.00328439
0.00265684
0.0019616
0.00124198
0.000538806
-0.000112875
-0.000687199
-0.00116996
-0.00155901
-0.00186233
-0.00209452
-0.00227158
-0.00240489
-0.00249725
-0.00254351
-0.00253443
-0.00245999
-0.00231132
-0.00208272
-0.0017742
-0.00139257
-0.00095092
-0.00046731
3.67669e-05
0.00053837
0.00101451
0.00144214
0.00179761
0.00205679
0.00219675
0.00219898
0.00205351
0.0017624
0.00134123
0.000818817
0.000234888
-0.00036515
-0.000937373
-0.00144535
-0.00186275
-0.00217294
-0.00236694
-0.00244103
-0.00239545
-0.0022348
-0.00196955
-0.00161709
-0.00120125
-0.000750158
-0.000292828
0.000144047
0.000537831
0.000870524
0.00112898
0.00130521
0.00139689
0.00139689
0.00140799
0.00134868
0.00123413
0.00108235
0.000911545
0.000737499
0.000572434
0.000425372
0.000302997
0.000210298
0.000151251
0.000129136
0.000145484
0.000197816
0.000277478
0.000368801
0.000450252
0.000497363
0.000486107
0.000395875
0.000213077
-6.36593e-05
-0.000418605
-0.000818317
-0.00121731
-0.00156792
-0.00183014
-0.00197837
-0.00200407
-0.0019137
-0.00172234
-0.00144636
-0.00109905
-0.000690687
-0.000231913
0.000261167
0.000763401
0.00124205
0.00166355
0.00200191
0.00224417
0.0023908
0.00245102
0.00243566
0.0023511
0.00219696
0.00196811
0.00166032
0.00127665
0.000831769
0.000351891
-0.00012953
-0.000579351
-0.000972705
-0.00129775
-0.00155526
-0.00175409
-0.00190465
-0.00201285
-0.00207668
-0.00208672
-0.00202976
-0.00189348
-0.001671
-0.00136425
-0.000985233
-0.000553782
-9.33773e-05
0.000372179
0.000819316
0.00122359
0.00155922
0.00180065
0.00192612
0.00192222
0.00178748
0.00153309
0.00118072
0.000758365
0.000296144
-0.000177078
-0.000636267
-0.00106174
-0.00143905
-0.00175723
-0.00200665
-0.00217787
-0.00226194
-0.00225172
-0.00214336
-0.00193788
-0.0016426
-0.00127205
-0.000848082
-0.000398349
4.74123e-05
0.000462565
0.000828169
0.0011354
0.00138529
0.00158586
0.00174761
0.0018795
0.00198713
0.0020728
0.00213636
0.00217604
0.00218919
0.00217277
0.00212325
0.00203635
0.00190737
0.00173242
0.00150995
0.00124157
0.000931704
0.000587256
0.000217684
-0.00016503
-0.000546952
-0.000913124
-0.00124853
-0.00153855
-0.00176879
-0.0019252
-0.0019955
-0.00197132
-0.00184978
-0.00163415
-0.00133371
-0.000962827
-0.00053956
-8.4402e-05
0.00038041
0.000831028
0.00124203
0.00158727
0.00184212
0.00198629
0.00200619
0.00189633
0.00165965
0.0013067
0.000853855
0.000321606
-0.000266398
-0.000883133
-0.00149764
-0.00207547
-0.00258114
-0.00298196
-0.00325172
-0.00337332
-0.00334013
-0.00315564
-0.00283186
-0.0023871
-0.00184459
-0.00123201
-0.000581816
6.93791e-05
0.000682922
0.00122164
0.00165364
0.00195596
0.00211737
0.00213912
0.00203297
0.00181722
0.00151235
0.00113747
0.000708477
0.000238019
-0.000262534
-0.000780351
-0.0012989
-0.00179718
-0.00225052
-0.00263277
-0.00291977
-0.00309298
-0.00314213
-0.00306554
-0.00286913
-0.00256481
-0.0021688
-0.00170006
-0.00117929
-0.000628456
-7.04197e-05
0.000471934
0.000976952
0.00142595
0.00180575
0.00211154
0.0023481
0.00252742
0.0026629
0.002763
0.00282762
0.00284808
0.00281015
0.00269947
0.00250787
0.00223732
0.00189986
0.00151395
0.00109882
0.000669062
0.000232401
-0.000207879
-0.000647557
-0.00107648
-0.00147625
-0.00182165
-0.00208541
-0.00224434
-0.00228407
-0.00220137
-0.00200402
-0.00170841
-0.00133557
-0.000907151
-0.000442798
4.01725e-05
0.000525417
0.000995925
0.00143328
0.00181793
0.00213021
0.00235174
0.00246714
0.00246577
0.00234351
0.00210411
0.00175944
0.00132908
0.000839419
0.000321905
-0.000190385
-0.000666681
-0.00108165
-0.00141727
-0.00166366
-0.00181878
-0.00188681
-0.00187604
-0.00179691
-0.00166035
-0.00147616
-0.00125177
-0.000991746
-0.000698578
-0.000374316
-2.25168e-05
0.000349585
0.000728786
0.00109461
0.00142043
0.00167687
0.00183619
0.00187695
0.0017886
0.00157453
0.00125187
0.000848527
0.000399334
-5.86732e-05
-0.000491961
-0.000875458
-0.00119416
-0.00144132
-0.00161545
-0.00171721
-0.0017469
-0.00170331
-0.00158493
-0.00139254
-0.00113122
-0.000811341
-0.000448473
-6.19201e-05
0.000328005
0.000702703
0.0010468
0.00134836
0.0015983
0.00178944
0.00191588
0.00197302
0.00195856
0.00187356
0.0017233
0.00151743
0.00126927
0.000994326
0.000708652
0.000427347
0.00016379
-7.0385e-05
-0.000264984
-0.000411313
-0.000503104
-0.000538123
-0.000519503
-0.000455786
-0.00035949
-0.000244891
-0.00012584
-1.40034e-05
8.2211e-05
0.000157923
0.000211524
0.000244444
0.000261031
0.000267883
0.000271841
0.000276893
0.000281298
0.000276199
0.00024619
0.000172288
0.000172288
3.74926e-05
-0.000166683
-0.000435853
-0.00075227
-0.00108756
-0.00140787
-0.00168069
-0.00188105
-0.00199381
-0.00201175
-0.00193213
-0.00175412
-0.0014783
-0.00110872
-0.00065687
-0.000145424
0.000390518
0.000906401
0.00135594
0.00170146
0.00192184
0.00201445
0.00199143
0.00187234
0.00167546
0.00141113
0.00108053
0.00068008
0.000208725
-0.0003243
-0.000893623
-0.00145717
-0.00196259
-0.00235823
-0.00260425
-0.00268075
-0.00259077
-0.00235673
-0.00201135
-0.00158742
-0.001111
-0.000599536
-6.38057e-05
0.000487268
0.00104097
0.00157745
0.00207063
0.00249222
0.0028165
0.00302395
0.00310273
0.00304732
0.00285566
0.00252745
0.00206559
0.00147988
0.000790705
3.06972e-05
-0.000756273
-0.00151943
-0.00220874
-0.00278343
-0.00321766
-0.00350137
-0.00363731
-0.00363563
-0.0035075
-0.00326047
-0.00289796
-0.00242224
-0.00183892
-0.00116099
-0.00041135
0.000377684
0.0011682
0.001922
0.00260446
0.00318578
0.00364062
0.00394737
0.00408833
0.00405075
0.00382891
0.00342664
0.00285904
0.00215259
0.00134301
0.000471545
-0.000419397
-0.00128983
-0.00210422
-0.00283129
-0.00344238
-0.0039095
-0.00420506
-0.00430397
-0.00418801
-0.00385097
-0.00330181
-0.00256457
-0.00167566
-0.000680441
0.000369954
0.00142109
0.00241726
0.00330341
0.00402805
0.00454724
0.00482952
0.00486006
0.00464193
0.00419396
0.00354665
0.00273766
0.00180744
0.00079638
-0.000255456
-0.00130701
-0.00231542
-0.00323657
-0.00402717
-0.0046484
-0.00507051
-0.00527629
-0.00526241
-0.00503882
-0.00462615
-0.00405174
-0.00334584
-0.00253932
-0.00166344
-0.000751154
0.000161369
0.00103442
0.00182688
0.00250052
0.00302496
0.00338136
0.00356371
0.00357739
0.00343562
0.00315557
0.00275514
0.00225132
0.00166046
0.00100044
0.000293346
-0.000433158
-0.00114658
-0.00181201
-0.00239533
-0.00286597
-0.00319877
-0.00337452
-0.00337981
-0.00320705
-0.00285548
-0.00233269
-0.00165572
-0.000851186
4.50094e-05
0.000988743
0.00193068
0.00282114
0.00361499
0.00427509
0.00477368
0.00509201
0.0052191
0.00515046
0.00488769
0.00443844
0.00381661
0.00304266
0.00214378
0.00115353
0.000110478
-0.000943882
-0.00196716
-0.00291755
-0.00375511
-0.00444365
-0.00495303
-0.0052611
-0.00535487
-0.00523117
-0.00489701
-0.0043695
-0.00367481
-0.00284596
-0.00191987
-0.000934409
7.35697e-05
0.00106912
0.00201918
0.00289254
0.00366
0.0042947
0.00477276
0.00507467
0.0051869
0.00510277
0.00482237
0.00435242
0.00370707
0.00290928
0.00199132
0.000993198
-4.01201e-05
-0.00106213
-0.00202837
-0.00289979
-0.0036447
-0.00423888
-0.00466392
-0.00490439
-0.00494582
-0.00477551
-0.00438655
-0.0037826
-0.00298123
-0.0020147
-0.000928155
0.000224805
0.00138803
0.00250803
0.00353687
0.0044326
0.00515835
0.00568157
0.00597443
0.00601574
0.00579396
0.00531058
0.0045824
0.00364159
0.00253292
0.00130892
2.4542e-05
-0.00126681
-0.00251543
-0.00367584
-0.00470652
-0.00556998
-0.00623369
-0.00667173
-0.00686642
-0.0068094
-0.0065019
-0.00595427
-0.00518509
-0.00422052
-0.003094
-0.00184594
-0.000522484
0.000826479
0.00214906
0.00339274
0.00450633
0.00544315
0.00616429
0.00664068
0.00685326
0.0067921
0.00645626
0.00585554
0.00501306
0.00396651
0.00276723
0.00147707
0.000163117
-0.00110893
-0.00228094
-0.00330679
-0.00415441
-0.0048049
-0.0052486
-0.00547994
-0.00549383
-0.0052853
-0.00485207
-0.00419903
-0.00334337
-0.00231814
-0.00117155
3.8093e-05
0.00124934
0.00240415
0.00345275
0.00435603
0.00508507
0.00561861
0.00594047
0.00603772
0.00590066
0.00552524
0.00491724
0.00409578
0.00309446
0.00195975
0.000746951
-0.000485183
-0.00168
-0.00278692
-0.00376308
-0.00457317
-0.00518891
-0.00558884
-0.00575907
-0.00569479
-0.00540204
-0.00489888
-0.0042147
-0.00338783
-0.00246165
-0.00148029
-0.00048519
0.000486352
0.0014005
0.00222527
0.00292967
0.00348463
0.00348463
0.00386511
0.00405279
0.00403867
0.00382503
0.00342594
0.00286607
0.00217818
0.0014002
0.000572315
-0.00026523
-0.0010735
-0.00181572
-0.00245815
-0.00297145
-0.00333252
-0.00352658
-0.00354878
-0.00340494
-0.00311093
-0.00269063
-0.00217274
-0.0015877
-0.000965598
-0.00033556
0.000274211
0.000836533
0.00132593
0.0017201
0.00200186
0.00216109
0.00219547
0.00210996
0.00191486
0.00162312
0.00124819
0.000803262
0.000301869
-0.000240712
-0.000805851
-0.00137074
-0.00190941
-0.00239541
-0.00280481
-0.00311859
-0.00332372
-0.003413
-0.0033836
-0.00323538
-0.00296947
-0.00258754
-0.00209236
-0.00149019
-0.000794151
-2.66681e-05
0.00078014
0.00158685
0.00235164
0.00303617
0.00360989
0.00405097
0.00434452
0.0044802
0.00445106
0.00425425
0.00389315
0.00337979
0.00273648
0.00199604
0.00119965
0.000392338
-0.00038263
-0.0010886
-0.00169885
-0.00219794
-0.00258099
-0.00285091
-0.00301463
-0.00307961
-0.00305164
-0.00293431
-0.00273003
-0.00244177
-0.00207474
-0.00163708
-0.0011396
-0.000595723
-2.21611e-05
0.00056067
0.00112977
0.00166196
0.00213612
0.00253472
0.00284466
0.00305743
0.0031679
0.00317276
0.00306943
0.00285633
0.00253451
0.00211056
0.00159891
0.00102186
0.00040747
-0.000213442
-0.000810494
-0.00135642
-0.00182841
-0.00220795
-0.00248021
-0.00263361
-0.00266011
-0.00255639
-0.00232536
-0.00197707
-0.00152882
-0.00100429
-0.000431828
0.000157894
0.000734369
0.00126931
0.00173807
0.00212042
0.00240072
0.0025679
0.00261554
0.00254211
0.00235162
0.0020541
0.0016657
0.0012077
0.000704769
0.000182603
-0.000334611
-0.000826135
-0.00127554
-0.00167036
-0.00200121
-0.00226089
-0.0024442
-0.00254803
-0.00257197
-0.00251888
-0.00239547
-0.00221185
-0.00197954
-0.00170804
-0.00140154
-0.00105834
-0.000673824
-0.000245796
0.000220307
0.000708697
0.0011943
0.00164759
0.00204128
0.00235585
0.00258189
0.00271892
0.0027716
0.00274479
0.00263985
0.00245415
0.0021842
0.00183091
0.00140446
0.00092637
0.000427202
-5.91617e-05
-0.000501995
-0.000878561
-0.00117627
-0.00139194
-0.00152874
-0.00159251
-0.00158929
-0.00152474
-0.00140498
-0.00123833
-0.00103684
-0.000816303
-0.000593985
-0.000384781
-0.000197964
-3.63242e-05
0.000102067
0.000220558
0.000320573
0.000399516
0.000450798
0.000466003
0.000438179
0.000364713
0.00024863
9.79315e-05
-7.65824e-05
-0.000264027
-0.000455583
-0.000645175
-0.000828464
-0.00100078
-0.00115527
-0.00128221
-0.00136998
-0.00140701
-0.00138383
-0.0012947
-0.00113841
-0.000918412
-0.000642394
-0.000321564
2.95614e-05
0.000393035
0.000748032
0.00107282
0.00134754
0.00155678
0.00169111
0.00174765
0.00172917
0.00164215
0.00149482
0.00129567
0.001053
0.000775208
0.000471687
0.000153849
-0.000164773
-0.000469688
-0.000747544
-0.000988274
-0.00118629
-0.0013403
-0.00145205
-0.00152481
-0.00156203
-0.00156643
-0.00153945
-0.00148099
-0.00138974
-0.00126376
-0.00110147
-0.000902836
-0.00067067
-0.000411463
-0.000134997
0.000147223
0.000423653
0.000683764
0.000918585
0.0011207
0.00128366
0.00140126
0.00146755
0.00147751
0.00142818
0.0013198
0.00115625
0.000944208
0.000691618
0.000406485
9.65095e-05
-0.000230417
-0.000565127
-0.000895737
-0.00120606
-0.00147456
-0.00167542
-0.0017826
-0.00177576
-0.00164557
-0.00139702
-0.00105018
-0.000637473
-0.000197745
0.000230926
0.000616923
0.000937984
0.00118154
0.00134325
0.00142451
0.00143025
0.00136781
0.00124703
0.00108032
0.000881809
0.000666075
0.000447236
0.000238543
5.18718e-05
-0.000102756
-0.000217225
-0.000285423
-0.000304289
-0.000275626
-0.000207764
-0.000115993
-2.07446e-05
5.65501e-05
9.79435e-05
9.16709e-05
3.30833e-05
-7.50129e-05
-0.000222509
-0.000393258
-0.000567438
-0.000724438
-0.000845578
-0.000916156
-0.000926611
-0.000872795
-0.000755495
-0.000579987
-0.000356553
-0.000101236
0.00016505
0.000419435
0.000640429
0.000810419
0.000917095
0.000953753
0.000918373
0.000812046
0.000812046
0.000637485
0.000398022
9.74561e-05
-0.000258817
-0.000661566
-0.00109529
-0.00153664
-0.00195437
-0.00231147
-0.00256966
-0.00269584
-0.00266845
-0.00248059
-0.00213866
-0.00165856
-0.00106156
-0.000371025
0.000389423
0.0011955
0.00201977
0.00282836
0.00357839
0.00421829
0.00469323
0.004954
0.00496567
0.0047128
0.00420078
0.00345335
0.00250704
0.00140435
0.000188666
-0.00109713
-0.00240791
-0.00369135
-0.00488458
-0.00591568
-0.00671088
-0.00720539
-0.00735443
-0.00714099
-0.00657771
-0.00570175
-0.00456519
-0.00322626
-0.0017447
-0.000181389
0.00139937
0.00292723
0.0043261
0.00551889
0.00643606
0.0070255
0.00726098
0.00714545
0.00670825
0.00599755
0.00507098
0.00398697
0.00279929
0.00155681
0.000306695
-0.000902704
-0.00202138
-0.00299951
-0.00379101
-0.00435815
-0.00467548
-0.00473187
-0.0045302
-0.00408585
-0.00342439
-0.00257939
-0.00159089
-0.000505197
0.00062507
0.00174177
0.00278373
0.00369065
0.00440795
0.00489183
0.00511376
0.00506336
0.00474858
0.00419308
0.0034319
0.00250727
0.00146546
0.000354491
-0.000777487
-0.00188305
-0.0029164
-0.00383514
-0.00460286
-0.00519143
-0.0055825
-0.00576788
-0.00574872
-0.00553366
-0.00513719
-0.00457908
-0.00388469
-0.003085
-0.00221548
-0.00131309
-0.000412627
0.000456275
0.00127004
0.00201018
0.00266158
0.00321073
0.00364417
0.00394797
0.00410893
0.00411722
0.00396893
0.00366721
0.00322246
0.00265196
0.00197953
0.00123444
0.000450059
-0.000336963
-0.00108679
-0.00175726
-0.00230652
-0.00269729
-0.00290166
-0.00290591
-0.00271408
-0.00234867
-0.00184746
-0.001257
-0.000625031
5.95513e-06
0.000602638
0.00114194
0.00160907
0.00199361
0.00228582
0.00247485
0.00254891
0.0024966
0.00230965
0.00198655
0.00153553
0.000975353
0.000334096
-0.00035371
-0.00105124
-0.00172403
-0.00234342
-0.00288795
-0.00334284
-0.00369749
-0.00394134
-0.0040599
-0.00403356
-0.00384045
-0.00346233
-0.00289235
-0.00214156
-0.00124061
-0.000235799
0.000817889
0.00186373
0.00284933
0.00373035
0.00447072
0.00504023
0.00541263
0.00556627
0.00548736
0.00517501
0.00464551
0.0039332
0.0030873
0.00216562
0.00122659
0.000321776
-0.000507934
-0.00123195
-0.00182716
-0.00227474
-0.00255785
-0.00266163
-0.00257611
-0.00230054
-0.00184699
-0.0012418
-0.000524174
0.000257644
0.00105115
0.0018031
0.00246147
0.00297723
0.00330719
0.0034176
0.00328698
0.0029077
0.00228761
0.00145301
0.000451284
-0.000649845
-0.00176785
-0.00281497
-0.00370931
-0.00438465
-0.00479712
-0.00492688
-0.00477441
-0.00435429
-0.00369073
-0.00281664
-0.00177452
-0.000617581
0.000590017
0.00177554
0.00286375
0.00378514
0.00448394
0.00492351
0.00508765
0.00497797
0.00461059
0.00401415
0.00322864
0.00230345
0.00129485
0.000263183
-0.000730415
-0.00162752
-0.00237584
-0.00293216
-0.00326462
-0.0033546
-0.00319806
-0.00280624
-0.00220485
-0.00143168
-0.0005334
0.00043777
0.00142746
0.00238261
0.00325474
0.00400246
0.00459246
0.00499934
0.00520538
0.00520054
0.00498246
0.0045559
0.00393215
0.0031285
0.00216808
0.0010801
-9.95101e-05
-0.00132839
-0.00255993
-0.00374661
-0.00484268
-0.00580523
-0.00659432
-0.00717374
-0.00751292
-0.00758989
-0.00739444
-0.00693053
-0.00621721
-0.00528766
-0.00418604
-0.00296316
-0.00167238
-0.000367228
0.000899733
0.00207726
0.00311603
0.00397054
0.0046024
0.00498431
0.00510334
0.00496277
0.0045812
0.00398931
0.00322541
0.00233129
0.0013493
0.00032145
-0.000710001
-0.00170162
-0.00260896
-0.00338819
-0.00399909
-0.00440914
-0.00459744
-0.00455737
-0.0042972
-0.00383876
-0.00321437
-0.00246263
-0.00162452
-0.000740669
0.000150006
0.00101081
0.00180754
0.00250862
0.00308581
0.0035157
0.00378175
0.00387621
0.00380112
0.00356812
0.00319706
0.00271376
0.00214774
0.00153018
0.000892574
0.000265913
-0.000319979
-0.000837381
-0.00126235
-0.00157689
-0.00157689
-0.0017709
-0.0018428
-0.00179902
-0.00165262
-0.00142146
-0.00112607
-0.000787422
-0.000425315
-5.76608e-05
0.000299481
0.000631695
0.000926109
0.00117125
0.00135692
0.0014745
0.00151771
0.0014832
0.00137072
0.00118349
0.000928591
0.000617594
0.000267192
-0.000100456
-0.000458664
-0.000779235
-0.0010369
-0.00121327
-0.00129874
-0.00129255
-0.00120136
-0.00103686
-0.000812902
-0.0005434
-0.000241754
7.83889e-05
0.000401754
0.000710406
0.000984174
0.00120287
0.00134944
0.0014127
0.00138896
0.00128197
0.0011016
0.000861829
0.000578895
0.000269867
-4.84017e-05
-0.000360065
-0.000650878
-0.000908594
-0.00112335
-0.00128827
-0.00139996
-0.00145819
-0.00146477
-0.0014225
-0.00133482
-0.00120585
-0.00104077
-0.000846213
-0.00063053
-0.000403196
-0.000173878
4.8408e-05
0.000255776
0.000441412
0.000598934
0.000721546
0.000801646
0.000831214
0.000803076
0.000712983
0.000561766
0.000356311
0.000108755
-0.000165578
-0.000450816
-0.000733036
-0.00100159
-0.00124849
-0.00146625
-0.00164587
-0.00177585
-0.00184317
-0.00183581
-0.00174588
-0.00157182
-0.00131925
-0.0010005
-0.000633192
-0.000237988
0.000163593
0.000550507
0.000902776
0.00120201
0.00143251
0.00158269
0.00164618
0.0016219
0.00151359
0.00132908
0.00107902
0.000775606
0.000431593
5.97618e-05
-0.000327389
-0.000717504
-0.00109776
-0.00145445
-0.00177337
-0.00204069
-0.00224372
-0.00237155
-0.00241588
-0.00237207
-0.00223998
-0.00202429
-0.00173411
-0.00138221
-0.000983988
-0.000556356
-0.000116559
0.000319
0.000735818
0.00112188
0.00146751
0.00176459
0.0020059
0.00218478
0.00229539
0.00233312
0.0022953
0.00218205
0.00199667
0.00174549
0.00143715
0.00108176
0.000690461
0.000275341
-0.000150265
-0.000571661
-0.000972897
-0.00133729
-0.00164868
-0.00189319
-0.00206079
-0.00214559
-0.00214532
-0.00206018
-0.00189224
-0.00164561
-0.00132744
-0.000948672
-0.000524251
-7.27555e-05
0.000384799
0.000826911
0.00123384
0.00158947
0.00188237
0.00210577
0.00225653
0.00233376
0.00233773
0.00226943
0.00213058
0.00192387
0.00165349
0.00132588
0.000950362
0.000538978
0.000105779
-0.00033413
-0.000765402
-0.00117308
-0.00154295
-0.0018613
-0.0021143
-0.00228744
-0.0023664
-0.0023394
-0.0022001
-0.00194965
-0.00159724
-0.00115924
-0.00065724
-0.000115384
0.000442041
0.000991874
0.00151196
0.00198008
0.00237324
0.00266859
0.00284609
0.00289192
0.00280118
0.0025793
0.0022412
0.00180875
0.00130734
0.000762934
0.000200176
-0.000358154
-0.000890773
-0.00137718
-0.00179734
-0.00213238
-0.00236628
-0.00248815
-0.00249413
-0.00238819
-0.00218142
-0.00188997
-0.00153243
-0.00112719
-0.000690828
-0.000237895
0.000218068
0.000662959
0.0010809
0.00145381
0.00176188
0.00198532
0.00210697
0.00211503
0.00200495
0.00178003
0.001451
0.00103469
0.000552059
2.66195e-05
-0.000516016
-0.00104817
-0.00154091
-0.00196604
-0.00229849
-0.00251849
-0.00261307
-0.00257671
-0.00241099
-0.00212352
-0.00172662
-0.00123613
-0.000670697
-5.18371e-05
0.000595656
0.00124366
0.00186163
0.00241855
0.00288532
0.00323748
0.00345742
0.00353563
0.00347036
0.00326619
0.0029325
0.00248281
0.00193498
0.00131174
0.000640661
-4.70448e-05
-0.000718702
-0.00134288
-0.00189199
-0.00234424
-0.00268451
-0.00290407
-0.00299944
-0.00297102
-0.00282206
-0.00255851
-0.00219005
-0.00173117
-0.00120184
-0.000627061
-3.5439e-05
0.00054297
0.00107914
0.00154709
0.00192499
0.00219575
0.00234728
0.00237273
0.00227067
0.00204512
0.00170573
0.00126774
0.000751777
0.000183139
-0.000409342
-0.000994893
-0.00154273
-0.00202396
-0.00241318
-0.00268955
-0.00283723
-0.00284579
-0.00271097
-0.00243601
-0.00203264
-0.00152078
-0.000926868
-0.000281448
0.000383086
0.0010342
0.00164069
0.00217415
0.00261021
0.00292938
0.00311769
0.00316754
0.00307861
0.0028584
0.00252213
0.00209143
0.0015922
0.00105205
0.000497765
-4.66076e-05
-0.000560814
-0.00102851
-0.00102851
-0.0014368
-0.00177539
-0.00203557
-0.00220966
-0.00229157
-0.00227788
-0.00216862
-0.00196731
-0.00168104
-0.00132069
-0.00090085
-0.000439272
4.39944e-05
0.000527513
0.000989392
0.00140812
0.00176337
0.00203694
0.00221412
0.00228498
0.00224551
0.00209805
0.00185092
0.00151735
0.00111418
0.000660892
0.000178628
-0.000310723
-0.000785294
-0.001224
-0.00160742
-0.00191885
-0.00214534
-0.00227861
-0.00231563
-0.00225856
-0.00211399
-0.00189167
-0.00160295
-0.00125958
-0.000873097
-0.000455247
-1.87982e-05
0.000421521
0.000848514
0.00124309
0.00158613
0.00186109
0.00205605
0.00216473
0.00218631
0.00212432
0.00198487
0.00177525
0.00150345
0.00117866
0.00081225
0.000418681
1.57021e-05
-0.000376652
-0.000737818
-0.00104863
-0.00129315
-0.00146011
-0.0015436
-0.00154287
-0.0014617
-0.00130746
-0.00109022
-0.000821959
-0.000516083
-0.000187324
0.000148452
0.000474599
0.000774297
0.00103146
0.00123198
0.00136505
0.00142423
0.00140782
0.00131842
0.00116174
0.000945156
0.000676438
0.000363267
1.35596e-05
-0.000363499
-0.000756279
-0.00115019
-0.00152825
-0.00187227
-0.00216431
-0.00238803
-0.00253015
-0.00258151
-0.00253759
-0.00239846
-0.00216838
-0.00185525
-0.00147002
-0.00102619
-0.000539425
-2.74066e-05
0.000490158
0.000991758
0.00145486
0.00185738
0.00217959
0.00240595
0.00252661
0.00253825
0.00244425
0.00225398
0.00198145
0.00164401
0.00126116
0.000853365
0.000440768
4.2157e-05
-0.000326051
-0.000650727
-0.000922515
-0.00113548
-0.00128629
-0.00137363
-0.00139825
-0.00136318
-0.00127392
-0.00113847
-0.000967055
-0.000771506
-0.000564217
-0.000357104
-0.000160728
1.60989e-05
0.000166136
0.000283427
0.000363431
0.000403592
0.000403949
0.000367329
0.00029894
0.000205568
9.47501e-05
-2.59387e-05
-0.000149614
-0.000270695
-0.000385078
-0.000489779
-0.000582246
-0.00065963
-0.000718287
-0.000753738
-0.000761227
-0.000736719
-0.000677966
-0.00058522
-0.000461512
-0.000312564
-0.000146316
2.79478e-05
0.000200576
0.000362317
0.000504931
0.00062176
0.000708168
0.000761693
0.000782064
0.00077122
0.000733167
0.000673404
0.000598087
0.000513344
0.000424934
0.000338108
0.000257586
0.00018757
0.000131604
9.21505e-05
7.00615e-05
6.4276e-05
7.19691e-05
8.92311e-05
0.000112074
0.000137264
0.00016266
0.000187232
0.000211032
0.000235042
0.000260771
0.000289722
0.000322953
0.000360804
0.000402779
0.000447505
0.000492589
0.000534427
0.000568069
0.00058737
0.000585675
0.000557091
0.000497857
0.000407008
0.000286104
0.000138521
-3.12389e-05
-0.000218161
-0.000417082
-0.000622509
-0.000827817
-0.00102412
-0.00119954
-0.00133975
-0.00143028
-0.0014595
-0.00142097
-0.0013143
-0.00114494
-0.000923134
-0.00066248
-0.000378457
-8.73587e-05
0.000194556
0.000451828
0.000670697
0.000840083
0.000952313
0.00100342
0.000993195
0.000925007
0.00080505
0.000641329
0.000442955
0.000219848
-1.74326e-05
-0.000257806
-0.000489736
-0.000701504
-0.00088181
-0.00102051
-0.00110936
-0.00114273
-0.00111822
-0.0010367
-0.000901956
-0.000719942
-0.000498029
-0.000244447
3.19253e-05
0.000321546
0.00061412
0.00089858
0.0011632
0.00139588
0.00158471
0.00171897
0.00179001
0.00179185
0.00172127
0.00157782
0.00136427
0.00108721
0.000757451
0.000389874
2.65349e-06
-0.000384032
-0.000749951
-0.00107701
-0.0013509
-0.00156179
-0.0017043
-0.00177695
-0.00178117
-0.00172034
-0.0015992
-0.0014237
-0.00120087
-0.000938719
-0.000646386
-0.000334309
-1.42562e-05
0.000301015
0.000598269
0.000864321
0.00108664
0.00125424
0.00135869
0.00139505
0.0013625
0.00126454
0.00110875
0.00090592
0.000668843
0.000411109
0.000146092
-0.000113784
-0.000357453
-0.000575233
-0.000758597
-0.00090004
-0.000993247
-0.00103346
-0.00101798
-0.000946701
-0.000822488
-0.00065117
-0.000441083
-0.00020235
5.39583e-05
0.000316693
0.00057537
0.000820611
0.00104421
0.00123888
0.00139768
0.00151363
0.00157976
0.00158969
0.00153863
0.00142422
0.00124745
0.00101319
0.00101319
0.000730271
0.000411026
7.05987e-05
-0.000273858
-0.0006045
-0.000904548
-0.00115983
-0.00135967
-0.0014973
-0.00156972
-0.00157719
-0.0015223
-0.00140906
-0.00124235
-0.0010277
-0.00077166
-0.000482517
-0.000170983
0.000149902
0.00046575
0.000762253
0.00102654
0.00124819
0.00141978
0.00153669
0.00159642
0.00159752
0.00153885
0.00141962
0.00124049
0.00100519
0.000721624
0.000402108
6.25689e-05
-0.00027914
-0.000605426
-0.000900967
-0.00115392
-0.0013561
-0.0015023
-0.00158908
-0.00161389
-0.00157477
-0.00147116
-0.00130501
-0.00108199
-0.000812025
-0.000508892
-0.000188927
0.000130888
0.000434712
0.00070904
0.000943176
0.00112904
0.00126058
0.00133328
0.00134412
0.00129207
0.00117882
0.00100947
0.000792731
0.00054042
0.000266411
-1.47016e-05
-0.000288897
-0.000543672
-0.000768444
-0.000954451
-0.0010944
-0.00118224
-0.00121319
-0.00118435
-0.00109536
-0.000949121
-0.000751926
-0.000513186
-0.000244688
4.03455e-05
0.000328173
0.000605195
0.000858364
0.00107552
0.00124584
0.00136046
0.00141308
0.00140038
0.00132233
0.00118226
0.000986678
0.000744768
0.000467607
0.000167406
-0.000143083
-0.000450789
-0.000742283
-0.00100383
-0.00122188
-0.00138396
-0.00147994
-0.00150326
-0.00145199
-0.00132923
-0.00114276
-0.000903806
-0.000625681
-0.000322526
-8.35297e-06
0.000303426
0.000599969
0.000868806
0.00109793
0.00127636
0.00139497
0.00144749
0.00143128
0.00134769
0.00120174
0.00100148
0.000757274
0.000480948
0.000185277
-0.000116356
-0.000410185
-0.000682413
-0.000919886
-0.00111103
-0.00124684
-0.00132162
-0.00133339
-0.00128388
-0.00117802
-0.00102314
-0.000828114
-0.00060277
-0.000357517
-0.000103171
0.000149181
0.000388481
0.000604245
0.000787283
0.000930374
0.00102871
0.00108
0.00108424
0.00104339
0.000961065
0.000842269
0.00069315
0.000520769
0.000332905
0.000137824
-5.6056e-05
-0.000240647
-0.000408748
-0.000554514
-0.000673657
-0.000763393
-0.000822256
-0.000849778
-0.000846105
-0.000811709
-0.000747435
-0.000654898
-0.000537064
-0.000398817
-0.000247278
-9.16688e-05
5.74658e-05
0.000189581
0.00029561
0.00036921
0.00040762
0.000411961
0.000386727
0.000338479
0.000274321
0.000200691
0.000122589
4.33055e-05
-3.52166e-05
-0.00011147
-0.00018348
-0.000248397
-0.000302617
-0.00034224
-0.000363781
-0.000364933
-0.000344972
-0.000304573
-0.000245315
-0.000169258
-7.87684e-05
2.33649e-05
0.00013349
0.000246493
0.000355514
0.000452445
0.000529147
0.000578888
0.000597426
0.000583553
0.000539037
0.000468017
0.000376007
0.000268878
0.000152128
3.05911e-05
-9.14191e-05
-0.000209736
-0.000320015
-0.00041772
-0.00049854
-0.000559123
-0.000597781
-0.000614725
-0.000611676
-0.00059103
-0.000554949
-0.000504763
-0.000440974
-0.000363931
-0.000274828
-0.000176448
-7.32785e-05
2.89432e-05
0.000124014
0.000206158
0.000270731
0.000314506
0.000335531
0.00033281
0.00030604
0.000255602
0.000182866
9.06419e-05
-1.6497e-05
-0.000132204
-0.000248838
-0.000358463
-0.000454078
-0.000530536
-0.000584875
-0.000616136
-0.00062484
-0.000612271
-0.000579861
-0.00052897
-0.000461053
-0.000377994
-0.000282368
-0.000177462
-6.70081e-05
4.52898e-05
0.000156185
0.000263073
0.000363879
0.000456708
0.000539491
0.000609861
0.000665373
0.000703918
0.00072416
0.00072585
0.000709799
0.000677438
0.000630192
0.000569064
0.000494675
0.000407774
0.000309969
0.000204196
9.4638e-05
-1.38158e-05
-0.000116319
-0.000208886
-0.000289064
-0.000356123
-0.000410661
-0.000453809
-0.000486273
-0.000507618
-0.000516227
-0.000510067
-0.000487789
-0.000449652
-0.000398
-0.000337229
-0.000273222
-0.000212352
-0.000160429
-0.00012192
-9.95346e-05
-9.40938e-05
-0.000104624
-0.00012864
-0.000162478
-0.000201606
-0.000241059
-0.000276151
-0.000303179
-0.000319686
-0.000324242
-0.000316107
-0.000294989
-0.000260825
-0.000213655
-0.000153707
-8.16263e-05
1.29538e-06
9.29275e-05
0.000190199
0.0002893
0.000386197
0.00047718
0.00055923
0.000630175
0.000688664
0.000734003
0.000765934
0.000784394
0.000789305
0.000780427
0.000780427
0.000757403
0.000719997
0.000668389
0.000603323
0.000526064
0.000438345
0.000342405
0.000241043
0.000137467
3.4894e-05
-6.39628e-05
-0.000157306
-0.000244396
-0.000325354
-0.000400687
-0.000470762
-0.000535338
-0.000593224
-0.000642227
-0.000679574
-0.000702641
-0.000709542
-0.000699405
-0.000672423
-0.000629826
-0.000573731
-0.000506813
-0.00043183
-0.000351232
-0.000267018
-0.000180883
-9.45306e-05
-9.94672e-06
7.06315e-05
0.00014503
0.000211491
0.000268876
0.00031672
0.000355157
0.000384693
0.000405891
0.000419054
0.000424027
0.000420238
0.000407014
0.000384009
0.00035158
0.000311
0.000264478
0.000214944
0.000165668
0.000119864
8.04295e-05
4.97809e-05
2.96225e-05
2.06505e-05
2.23907e-05
3.3273e-05
5.08814e-05
7.23277e-05
9.47111e-05
0.000115478
0.000132492
0.000143897
0.000148009
0.000143333
0.000128617
0.000102958
6.59466e-05
1.77658e-05
-4.07763e-05
-0.000108265
-0.000182703
-0.000261518
-0.000341477
-0.000418482
-0.000487412
-0.000542342
-0.000577339
-0.000587641
-0.000570623
-0.000526157
-0.000456517
-0.00036606
-0.00026068
-0.000147017
-3.16307e-05
7.96074e-05
0.000181814
0.000271088
0.000344304
0.00039892
0.000432975
0.000445303
0.000435823
0.00040572
0.000357368
0.000294014
0.000219397
0.00013738
5.16709e-05
-3.42871e-05
-0.000117233
-0.000193934
-0.000261119
-0.000315592
-0.000354485
-0.000375591
-0.000377637
-0.000360346
-0.000324256
-0.000270403
-0.000200077
-0.000114788
-1.64911e-05
9.20132e-05
0.000206703
0.000322137
0.000431497
0.000526998
0.000600877
0.000646709
0.000660489
0.000640991
0.000589491
0.000509127
0.000404121
0.000279125
0.000138942
-1.13286e-05
-0.000165958
-0.000318319
-0.000460983
-0.000586322
-0.000687467
-0.000759203
-0.000798535
-0.000804797
-0.000779313
-0.000724721
-0.000644263
-0.00054126
-0.000418947
-0.000280699
-0.000130553
2.63338e-05
0.000183631
0.000334273
0.00047117
0.000587893
0.00067919
0.000741268
0.00077186
0.000770147
0.000736627
0.000673049
0.000582435
0.000469153
0.00033893
0.000198673
5.60679e-05
-8.10314e-05
-0.000205317
-0.000310645
-0.000392372
-0.000447381
-0.00047396
-0.000471669
-0.00044125
-0.000384614
-0.000304861
-0.000206264
-9.41102e-05
2.56101e-05
0.000146643
0.000262982
0.000369335
0.000461458
0.000536298
0.00059194
0.000627374
0.000642213
0.000636561
0.000611056
0.000566988
0.000506335
0.00043169
0.000346112
0.000252952
0.000155705
5.79157e-05
-3.68689e-05
-0.000125088
-0.000203131
-0.000267364
-0.000314262
-0.000340656
-0.000344126
-0.00032349
-0.000279198
-0.000213352
-0.000129394
-3.16401e-05
7.5123e-05
0.000185924
0.000295703
0.000399251
0.00049116
0.000565965
0.000618554
0.000644795
0.000642203
0.000610325
0.000550685
0.000466398
0.000361675
0.000241313
0.000110303
-2.63372e-05
-0.000163553
-0.000296227
-0.000419217
-0.000527517
-0.000616627
-0.000683044
-0.000724709
-0.000741252
-0.000733989
-0.000705633
-0.000659808
-0.000600566
-0.000532047
-0.000458293
-0.000383192
-0.000310482
-0.000243762
-0.000186416
-0.000141412
-0.000111028
-9.66182e-05
-9.85511e-05
-0.000116321
-0.000148724
-0.000193979
-0.000249799
-0.000313406
-0.000381582
-0.000450777
-0.000517308
-0.000577601
-0.000628414
-0.000667068
-0.000691627
-0.000700914
-0.000694348
-0.000671679
-0.00063281
-0.000577808
-0.000507175
-0.000422278
-0.000325699
-0.000221329
-0.000114208
-1.0137e-05
8.49704e-05
0.000165908
0.000228835
0.000271539
0.000293343
0.000294823
0.000277424
0.000243128
0.000194287
0.000133607
6.41961e-05
-1.04129e-05
-8.6316e-05
-0.000159388
-0.000225522
-0.00028088
-0.00032211
-0.000346509
-0.000352192
-0.000338318
-0.000305294
-0.000254833
-0.000189819
-0.000114034
-3.17535e-05
5.26842e-05
0.000135195
0.000212095
0.000280163
0.000336675
0.000379413
0.000406667
0.000417292
0.00041081
0.000387515
0.000348557
0.000295973
0.00023264
0.000162119
8.84557e-05
1.59366e-05
-5.11941e-05
-0.000109053
-0.000154391
-0.000184744
-0.00019845
-0.000194606
-0.000173048
-0.000134338
-7.97632e-05
-1.12967e-05
6.84514e-05
0.000156296
0.000248525
0.000340955
0.000429068
0.00050828
0.0005743
0.0005743
0.000623508
0.000653269
0.000662169
0.000650073
0.000617955
0.000567526
0.000500827
0.000419953
0.000327001
0.000224251
0.000114487
1.21189e-06
-0.000111339
-0.000218373
-0.000314849
-0.000395893
-0.000457254
-0.00049566
-0.00050903
-0.00049659
-0.000458939
-0.000398015
-0.000316906
-0.000219554
-0.000110463
5.53008e-06
0.000123505
0.000238707
0.000346756
0.000443793
0.000526614
0.000592728
0.000640319
0.000668203
0.000675835
0.000663268
0.000631053
0.000580158
0.000512067
0.000429031
0.000334306
0.000232193
0.00012785
2.69132e-05
-6.50403e-05
-0.000143095
-0.000203462
-0.000243696
-0.000262693
-0.000260544
-0.000238329
-0.000197959
-0.000142148
-7.44389e-05
8.17803e-07
7.86773e-05
0.000154013
0.000222022
0.000278644
0.000320804
0.000346523
0.00035492
0.000346074
0.000320764
0.000280235
0.000226091
0.000160327
8.54727e-05
4.77861e-06
-7.76878e-05
-0.000157157
-0.00022849
-0.000286685
-0.000327465
-0.000347836
-0.000346398
-0.000323303
-0.000279907
-0.000218331
-0.000141151
-5.12439e-05
4.8149e-05
0.000153148
0.000258887
0.00035934
0.000447586
0.000516589
0.000560348
0.000574898
0.000558731
0.00051264
0.000439204
0.000342143
0.000225695
9.43254e-05
-4.71302e-05
-0.000193009
-0.000336386
-0.000469086
-0.000582409
-0.000668361
-0.000720865
-0.000736587
-0.000715243
-0.000659357
-0.000573543
-0.000463586
-0.000335619
-0.000195619
-4.92673e-05
9.78945e-05
0.000240229
0.00037189
0.000487038
0.000580393
0.000647921
0.00068735
0.000698326
0.000682233
0.000641769
0.000580455
0.000502216
0.000411183
0.000311683
0.000208335
0.000106073
9.98822e-06
-7.50606e-05
-0.000144925
-0.000196569
-0.000228259
-0.000239519
-0.000230904
-0.000203697
-0.000159644
-0.000100831
-2.97615e-05
5.04336e-05
0.000135711
0.000220902
0.000299765
0.00036548
0.000411519
0.00043262
0.000425604
0.000389909
0.000327684
0.000243317
0.000142465
3.09967e-05
-8.57945e-05
-0.000203602
-0.000319169
-0.000430001
-0.000533849
-0.00062821
-0.000710067
-0.000775869
-0.000821767
-0.000844189
-0.00084063
-0.00081028
-0.000754254
-0.000675455
-0.000578226
-0.000467818
-0.000349772
-0.000229434
-0.000111727
-1.11989e-06
9.8323e-05
0.000182872
0.000249133
0.000294228
0.000316109
0.000313865
0.000287908
0.000240004
0.000173132
9.1165e-05
-1.49579e-06
-0.000100189
-0.0002001
-0.000296243
-0.000383418
-0.000456291
-0.000509698
-0.000539198
-0.000541799
-0.000516639
-0.000465297
-0.000391634
-0.000301206
-0.000200417
-9.55473e-05
8.01994e-06
0.000106055
0.000195225
0.000272685
0.000335805
0.000382133
0.000409631
0.000417134
0.000404787
0.000374207
0.000328313
0.000270899
0.000206056
0.000137667
6.9115e-05
3.21684e-06
-5.77394e-05
-0.000111873
-0.000157567
-0.000193413
-0.000218298
-0.000231589
-0.000233274
-0.000224024
-0.000205107
-0.000178243
-0.000145425
-0.000108764
-7.03295e-05
-3.19859e-05
4.72733e-06
3.86567e-05
6.90228e-05
9.53464e-05
0.000117334
0.000134746
0.000147317
0.000154777
0.00015699
0.000154099
0.000146596
0.000135323
0.000121397
0.000106069
9.05511e-05
7.5892e-05
6.29077e-05
5.21875e-05
4.41768e-05
3.92769e-05
3.78868e-05
4.03705e-05
4.69813e-05
5.77872e-05
7.26547e-05
9.13391e-05
0.000113665
0.000139705
0.000169783
0.000204185
0.000242576
0.000283401
0.000323584
0.000358696
0.000383658
0.000393884
0.000386473
0.000360852
0.000318616
0.00026285
0.000197267
0.000125339
4.96991e-05
-2.79181e-05
-0.000106266
-0.000184037
-0.000259414
-0.000329858
-0.000392274
-0.000443487
-0.000480745
-0.000502005
-0.000506049
-0.000492524
-0.000461959
-0.00041568
-0.000355626
-0.000284152
-0.000203938
-0.000117976
-2.95432e-05
5.79061e-05
0.000140973
0.000216647
0.000282593
0.00033721
0.000379509
0.000408881
0.000424842
0.000426818
0.000414118
0.000386186
0.000343112
0.00028608
0.00021754
0.000141019
6.06965e-05
-1.91368e-05
-9.45957e-05
-0.00016254
-0.000220666
-0.000267409
-0.000301734
-0.000322924
-0.000330478
-0.000324175
-0.000304236
-0.000271445
-0.000227138
-0.000173089
-0.00011139
-4.4348e-05
2.55806e-05
9.58264e-05
0.000163677
0.000226221
0.000280375
0.000280375
0.000323077
0.000351615
0.000364029
0.000359483
0.000338508
0.000302984
0.000255832
0.000200542
0.000140712
7.96968e-05
2.04044e-05
-3.47415e-05
-8.36802e-05
-0.000124605
-0.000156028
-0.000177003
-0.000187354
-0.000187756
-0.000179645
-0.000164978
-0.000145917
-0.000124528
-0.000102581
-8.15119e-05
-6.25331e-05
-4.68255e-05
-3.56723e-05
-3.04331e-05
-3.23156e-05
-4.19939e-05
-5.92154e-05
-8.25816e-05
-0.00010964
-0.000137313
-0.000162569
-0.00018309
-0.000197639
-0.000205997
-0.000208644
-0.000206374
-0.000199915
-0.000189657
-0.000175633
-0.000157735
-0.000136008
-0.000110898
-8.3347e-05
-5.47042e-05
-2.6447e-05
1.13695e-07
2.40139e-05
4.46634e-05
6.17565e-05
7.51309e-05
8.46479e-05
9.01451e-05
9.14823e-05
8.86578e-05
8.19387e-05
7.19363e-05
5.95865e-05
4.60302e-05
3.24258e-05
1.97506e-05
8.64091e-06
-7.04983e-07
-8.55152e-06
-1.55663e-05
-2.26689e-05
-3.0798e-05
-4.06486e-05
-5.24914e-05
-6.61875e-05
-8.13707e-05
-9.76503e-05
-0.000114736
-0.000132493
-0.000150934
-0.000170123
-0.000190054
-0.000210554
-0.000231253
-0.000251613
-0.000271046
-0.000289048
-0.00030528
-0.000319524
-0.000331587
-0.000341243
-0.000348249
-0.000352407
-0.000353644
-0.000352084
-0.00034809
-0.000342262
-0.000335358
-0.000328176
-0.000321412
-0.000315513
-0.000310546
-0.000306123
-0.000301434
-0.000295389
-0.000286804
-0.000274541
-0.000257571
-0.000234981
-0.00020598
-0.000169929
-0.000126474
-7.5794e-05
-1.88783e-05
4.2355e-05
0.000105244
0.000166828
0.000224354
0.000275642
0.00031921
0.000354181
0.000380045
0.000396409
0.000402847
0.000398912
0.000384286
0.000359012
0.000323704
0.000279629
0.000228596
0.000172711
0.000114105
5.4737e-05
-3.69514e-06
-5.97392e-05
-0.000112122
-0.000159668
-0.000201248
-0.0002358
-0.000262441
-0.0002806
-0.000290056
-0.000290771
-0.000282597
-0.00026506
-0.00023743
-0.00019907
-0.000149888
-9.07263e-05
-2.36009e-05
4.83047e-05
0.000120997
0.000190294
0.000252481
0.000304736
0.000345272
0.000373211
0.000388317
0.000390695
0.000380614
0.000358533
0.000325271
0.000282192
0.000231326
0.000175347
0.000117363
6.05594e-05
7.86569e-06
-3.82752e-05
-7.60041e-05
-0.000104021
-0.00012148
-0.000127905
-0.000123185
-0.000107648
-8.21448e-05
-4.80982e-05
-7.46578e-06
3.73955e-05
8.39415e-05
0.000129674
0.000172338
0.000210027
0.000241198
0.000264631
0.000279401
0.000284901
0.000280937
0.000267891
0.000246868
0.000219719
0.000188886
0.000157063
0.000126784
0.000100104
7.84884e-05
6.28615e-05
5.37229e-05
5.13033e-05
5.57078e-05
6.6954e-05
8.4858e-05
0.000108825
0.000137657
0.000169499
0.00020202
0.000232775
0.000259585
0.000280794
0.000295363
0.000302813
0.000303036
0.000296089
0.00028203
0.000260901
0.000232845
0.000198313
0.000158245
0.000114116
6.78219e-05
2.14265e-05
-2.31158e-05
-6.41678e-05
-0.0001005
-0.000131261
-0.000155847
-0.000173718
-0.000184263
-0.000186784
-0.000180658
-0.000165605
-0.000141919
-0.000110556
-7.30397e-05
-3.12142e-05
1.30572e-05
5.81361e-05
0.000102695
0.000145625
0.000185845
0.000222113
0.000252978
0.00027692
0.000292637
0.000299344
0.000296966
0.000286185
0.000268319
0.000245054
0.000218145
0.000189186
0.000159512
0.00013021
0.000102208
7.63961e-05
5.36875e-05
3.49775e-05
2.09902e-05
1.20308e-05
7.70073e-06
6.7025e-06
6.90733e-06
5.80205e-06
1.25583e-06
-7.68929e-06
-2.04359e-05
-3.51115e-05
-4.93406e-05
-6.10821e-05
-6.92329e-05
-7.38893e-05
-7.61864e-05
-7.77418e-05
-7.99919e-05
-8.375e-05
-8.90862e-05
-9.54868e-05
-0.00010225
-0.000108955
-0.000115741
-0.000123235
-0.000132261
-0.00014347
-0.000157064
-0.000172696
-0.000189586
-0.000206769
-0.000223283
-0.000238217
-0.000250636
-0.000259487
-0.000263564
-0.000261581
-0.000252393
-0.000235315
-0.000210384
-0.00017841
-0.000140801
-9.92916e-05
-5.56854e-05
-1.1668e-05
3.1235e-05
7.15646e-05
0.000107813
0.000138392
0.000161726
0.000176456
0.000181719
0.000177361
0.000163988
0.00014289
0.000115868
8.49699e-05
5.2224e-05
1.9464e-05
-1.17127e-05
-3.99056e-05
-6.38415e-05
-8.23245e-05
-9.42659e-05
-9.88067e-05
-9.54827e-05
-8.43736e-05
-6.6181e-05
-6.6181e-05
-4.2201e-05
-1.42002e-05
1.57441e-05
4.5383e-05
7.24181e-05
9.46451e-05
0.00011014
0.000117447
0.000115686
0.000104562
8.4363e-05
5.59812e-05
2.08743e-05
-1.90889e-05
-6.18481e-05
-0.000105359
-0.000147752
-0.000187416
-0.000222998
-0.000253368
-0.000277592
-0.000294921
-0.000304798
-0.000306884
-0.000301096
-0.00028762
-0.000266898
-0.000239559
-0.000206299
-0.000167758
-0.000124491
-7.70441e-05
-2.60922e-05
2.74641e-05
8.24453e-05
0.000137364
0.000190418
0.000239517
0.000282378
0.000316676
0.000340249
0.000351373
0.000349076
0.000333388
0.000305343
0.000266759
0.000219932
0.000167373
0.000111582
5.49039e-05
-4.92972e-07
-5.25749e-05
-9.9444e-05
-0.000139389
-0.000170991
-0.000193316
-0.000206129
-0.000210006
-0.000206239
-0.00019658
-0.000182866
-0.000166634
-0.00014888
-0.000130001
-0.000109894
-8.8196e-05
-6.46704e-05
-3.96007e-05
-1.39241e-05
1.09633e-05
3.35714e-05
5.26639e-05
6.75018e-05
7.79177e-05
8.41826e-05
8.67481e-05
8.59944e-05
8.20598e-05
7.4807e-05
6.39794e-05
4.94893e-05
3.16655e-05
1.13321e-05
-1.02943e-05
-3.18333e-05
-5.20013e-05
-6.98e-05
-8.45693e-05
-9.59075e-05
-0.000103522
-0.000107106
-0.000106309
-0.000100812
-9.04771e-05
-7.55123e-05
-5.66023e-05
-3.49264e-05
-1.20454e-05
1.03106e-05
3.04948e-05
4.71635e-05
5.93952e-05
6.66907e-05
6.88815e-05
6.59942e-05
5.81378e-05
4.54906e-05
2.83913e-05
7.45992e-06
-1.63327e-05
-4.16865e-05
-6.70899e-05
-9.10073e-05
-0.000112081
-0.000129283
-0.000141976
-0.000149873
-0.000152924
-0.000151196
-0.000144825
-0.000134057
-0.000119382
-0.000101668
-8.22318e-05
-6.27821e-05
-4.5223e-05
-3.13441e-05
-2.25123e-05
-1.95037e-05
-2.25105e-05
-3.12395e-05
-4.50202e-05
-6.29176e-05
-8.38484e-05
-0.000106672
-0.000130238
-0.000153397
-0.000174974
-0.000193736
-0.000208377
-0.000217551
-0.000219966
-0.000214531
-0.000200522
-0.000177738
-0.000146595
-0.000108116
-6.38168e-05
-1.56003e-05
3.43187e-05
8.3505e-05
0.000129469
0.000169872
0.000202706
0.000226444
0.000240146
0.000243497
0.000236784
0.00022084
0.000196952
0.000166782
0.000132288
9.55895e-05
5.8806e-05
2.38971e-05
-7.46726e-06
-3.4011e-05
-5.4894e-05
-6.96445e-05
-7.80276e-05
-7.99481e-05
-7.54326e-05
-6.46621e-05
-4.80245e-05
-2.61769e-05
-7.04847e-08
2.91124e-05
6.01055e-05
9.17326e-05
0.000123038
0.000153304
0.000181957
0.000208426
0.000232078
0.000252193
0.00026797
0.000278577
0.00028328
0.000281601
0.00027344
0.000259143
0.000239481
0.00021556
0.00018868
0.00016021
0.000131473
0.000103685
7.79337e-05
5.51797e-05
3.6266e-05
2.19081e-05
1.26623e-05
8.86566e-06
1.05816e-05
1.75807e-05
2.93584e-05
4.51771e-05
6.41257e-05
8.51854e-05
0.000107277
0.000129274
0.000149988
0.000168158
0.000182465
0.000191613
0.00019449
0.000190366
0.000179087
0.000161156
0.000137697
0.000110305
8.08274e-05
5.1096e-05
2.26777e-05
-3.24136e-06
-2.58092e-05
-4.43874e-05
-5.84582e-05
-6.75916e-05
-7.14872e-05
-7.00963e-05
-6.37568e-05
-5.32302e-05
-3.95934e-05
-2.40275e-05
-7.58446e-06
8.96866e-06
2.51621e-05
4.07131e-05
5.53624e-05
6.87182e-05
8.01726e-05
8.89484e-05
9.42529e-05
9.54427e-05
9.21362e-05
8.42599e-05
7.20287e-05
5.58669e-05
3.63172e-05
1.39863e-05
-1.04463e-05
-3.61749e-05
-6.22189e-05
-8.74242e-05
-0.000110541
-0.000130369
-0.00014593
-0.000156608
-0.000162197
-0.00016287
-0.000159084
-0.000151514
-0.000141007
-0.000128548
-0.000115208
-0.000102086
-9.02651e-05
-8.07607e-05
-7.44616e-05
-7.20683e-05
-7.40472e-05
-8.0609e-05
-9.17263e-05
-0.000107186
-0.000126637
-0.000149606
-0.000175483
-0.000203497
-0.000232632
-0.000261512
-0.000288318
-0.000310846
-0.000326779
-0.000334081
-0.000331349
-0.000318012
-0.000294388
-0.000261629
-0.000221554
-0.000176396
-0.000128553
-8.03826e-05
-3.40623e-05
8.50334e-06
4.57135e-05
7.62498e-05
9.90507e-05
0.000113336
0.000118665
0.000114982
0.000102638
8.2403e-05
5.54313e-05
2.3183e-05
-1.26747e-05
-5.03535e-05
-8.80294e-05
-0.000123926
-0.000156378
-0.000183871
-0.000205081
-0.000218928
-0.000224635
-0.000221791
-0.000210382
-0.000190792
-0.000163752
-0.000130235
-9.13426e-05
-4.82281e-05
-2.07828e-06
-2.07828e-06
4.58641e-05
9.42476e-05
0.000141542
0.000186
0.000225706
0.000258731
0.000283325
0.000298149
0.000302486
0.000296381
0.000280603
0.000256489
0.00022575
0.000190364
0.000152517
0.00011455
7.88749e-05
4.77922e-05
2.32053e-05
6.27816e-06
-2.80958e-06
-4.85957e-06
-1.37267e-06
5.88321e-06
1.52801e-05
2.56058e-05
3.61608e-05
4.66532e-05
5.69472e-05
6.68271e-05
7.59119e-05
8.37115e-05
8.97387e-05
9.36274e-05
9.5233e-05
9.46548e-05
9.21328e-05
8.78631e-05
8.1841e-05
7.3807e-05
6.33276e-05
4.99928e-05
3.36577e-05
1.46271e-05
-6.2809e-06
-2.78193e-05
-4.85357e-05
-6.70594e-05
-8.23415e-05
-9.37839e-05
-0.000101243
-0.000104926
-0.000105236
-0.000102698
-9.80314e-05
-9.23025e-05
-8.69828e-05
-8.37976e-05
-8.44091e-05
-9.00215e-05
-0.000100995
-0.000116623
-0.000135247
-0.000154721
-0.000173006
-0.000188638
-0.00020093
-0.000209887
-0.000215875
-0.000219201
-0.000219791
-0.000217111
-0.000210355
-0.000198807
-0.00018224
-0.000161185
-0.000136932
-0.000111255
-8.60036e-05
-6.2733e-05
-4.2479e-05
-2.57239e-05
-1.25621e-05
-2.95759e-06
3.06896e-06
5.42819e-06
4.12541e-06
-4.78529e-07
-7.45171e-06
-1.52649e-05
-2.20022e-05
-2.57374e-05
-2.49451e-05
-1.87891e-05
-7.16078e-06
9.52767e-06
3.06524e-05
5.56397e-05
8.40923e-05
0.000115712
0.000149995
0.000185807
0.000221059
0.000252712
0.000277226
0.000291351
0.000292889
0.000281054
0.000256418
0.000220566
0.000175595
0.000123612
6.64362e-05
5.61399e-06
-5.73114e-05
-0.000120418
-0.000181137
-0.00023632
-0.000282671
-0.00031734
-0.000338433
-0.000345295
-0.000338475
-0.000319424
-0.000290056
-0.000252347
-0.000208118
-0.000159045
-0.000106851
-5.3528e-05
-1.45737e-06
4.66755e-05
8.81772e-05
0.00012076
0.00014293
0.000154217
0.000155189
0.000147229
0.000132167
0.000111898
8.80945e-05
6.21225e-05
3.51545e-05
8.38139e-06
-1.68603e-05
-3.91361e-05
-5.70861e-05
-6.96292e-05
-7.61289e-05
-7.64566e-05
-7.09246e-05
-6.01279e-05
-4.47649e-05
-2.54817e-05
-2.79373e-06
2.28876e-05
5.11544e-05
8.14778e-05
0.000113094
0.000144961
0.000175848
0.000204528
0.00022996
0.000251391
0.000268368
0.000280659
0.000288131
0.000290651
0.000288094
0.000280421
0.000267817
0.000250826
0.000230399
0.000207823
0.00018455
0.000161992
0.000141331
0.000123391
0.000108615
9.7142e-05
8.89214e-05
8.3842e-05
8.18185e-05
8.28103e-05
8.67553e-05
9.34565e-05
0.000102497
0.000113231
0.000124837
0.000136414
0.000147087
0.000156098
0.000162843
0.000166872
0.000167866
0.000165626
0.000160048
0.000151126
0.000138994
0.000123954
0.00010649
8.7249e-05
6.70078e-05
4.66218e-05
2.69507e-05
8.79156e-06
-7.17135e-06
-2.04056e-05
-3.05432e-05
-3.73655e-05
-4.07866e-05
-4.08512e-05
-3.77377e-05
-3.17582e-05
-2.33563e-05
-1.30904e-05
-1.59139e-06
1.05025e-05
2.26214e-05
3.43324e-05
4.53714e-05
5.56212e-05
6.50463e-05
7.36111e-05
8.12037e-05
8.75943e-05
9.2442e-05
9.53176e-05
9.5707e-05
9.30301e-05
8.67376e-05
7.64657e-05
6.21551e-05
4.40794e-05
2.28047e-05
-8.88879e-07
-2.61134e-05
-5.19791e-05
-7.76656e-05
-0.00010244
-0.000125615
-0.000146447
-0.000164046
-0.000177359
-0.000185291
-0.000186915
-0.000181685
-0.000169575
-0.00015112
-0.00012732
-9.94193e-05
-6.86484e-05
-3.60346e-05
-2.3654e-06
3.17209e-05
6.55637e-05
9.83114e-05
0.000128846
0.000155833
0.000177882
0.000193777
0.000202764
0.000204769
0.000200471
0.000191228
0.000178866
0.000165364
0.00015252
0.000141748
0.000134029
0.000129925
0.000129549
0.000132512
0.00013791
0.00014442
0.000150489
0.000154583
0.000155445
0.000152307
0.000144987
0.000133771
0.000119162
0.000101648
8.15605e-05
5.90441e-05
3.4155e-05
7.06785e-06
-2.17172e-05
-5.12686e-05
-8.0244e-05
-0.000107056
-0.000130185
-0.00014851
-0.000161524
-0.000169379
-0.000172809
-0.000172925
-0.000170919
-0.000167774
-0.00016407
-0.000159934
-0.000155124
-0.000149272
-0.000142176
-0.000134011
-0.000125338
-0.000116956
-0.000109709
-0.00010429
-0.000101104
-0.000100235
-0.000101527
-0.000104699
-0.000109463
-0.000115591
-0.000122919
-0.000131259
-0.000140277
-0.00014942
-0.000157954
-0.000165094
-0.000170173
-0.000170173
-0.000172772
-0.000172756
-0.000170254
-0.000165581
-0.000159166
-0.000151477
-0.000142972
-0.000134085
-0.000125243
-0.000116914
-0.000109641
-0.000104
-0.000100447
-9.91521e-05
-9.99844e-05
-0.000102647
-0.000106775
-0.000111918
-0.000117511
-0.000122924
-0.000127527
-0.000130755
-0.000132211
-0.000131712
-0.000129263
-0.000125019
-0.000119315
-0.000112634
-0.000105491
-9.83168e-05
-9.14027e-05
-8.49149e-05
-7.89629e-05
-7.36733e-05
-6.92237e-05
-6.58269e-05
-6.36847e-05
-6.29355e-05
-6.36093e-05
-6.55881e-05
-6.85704e-05
-7.20748e-05
-7.55168e-05
-7.83318e-05
-8.0078e-05
-8.04788e-05
-7.94095e-05
-7.68456e-05
-7.27949e-05
-6.72428e-05
-6.01363e-05
-5.14033e-05
-4.09983e-05
-2.89664e-05
-1.54997e-05
-9.46004e-07
1.42379e-05
2.95574e-05
4.45423e-05
5.87799e-05
7.18953e-05
8.3474e-05
9.2966e-05
9.9646e-05
0.000102689
0.000101352
9.51824e-05
8.41437e-05
6.86426e-05
4.9473e-05
2.77093e-05
4.58396e-06
-1.85962e-05
-4.04761e-05
-5.96604e-05
-7.47714e-05
-8.45869e-05
-8.82321e-05
-8.53525e-05
-7.62044e-05
-6.16466e-05
-4.30222e-05
-2.19172e-05
1.40774e-07
2.19028e-05
4.24567e-05
6.11563e-05
7.74901e-05
9.09435e-05
0.000100924
0.000106813
0.000108131
0.000104721
9.6875e-05
8.53532e-05
7.12617e-05
5.58387e-05
4.02351e-05
2.53744e-05
1.19097e-05
2.52116e-07
-9.36816e-06
-1.68504e-05
-2.22128e-05
-2.56172e-05
-2.73824e-05
-2.7943e-05
-2.77681e-05
-2.72915e-05
-2.68807e-05
-2.68159e-05
-2.72585e-05
-2.82217e-05
-2.9561e-05
-3.09879e-05
-3.21136e-05
-3.25257e-05
-3.18832e-05
-3.00155e-05
-2.70006e-05
-2.31791e-05
-1.90856e-05
-1.53332e-05
-1.24895e-05
-1.09553e-05
-1.08896e-05
-1.22276e-05
-1.47595e-05
-1.81965e-05
-2.22068e-05
-2.64433e-05
-3.05644e-05
-3.42433e-05
-3.71857e-05
-3.91774e-05
-4.01531e-05
-4.02613e-05
-3.98843e-05
-3.95826e-05
-3.99713e-05
-4.15682e-05
-4.4654e-05
-4.91823e-05
-5.47712e-05
-6.07818e-05
-6.6449e-05
-7.10243e-05
-7.39142e-05
-7.47883e-05
-7.36065e-05
-7.05418e-05
-6.58515e-05
-5.97732e-05
-5.24768e-05
-4.40701e-05
-3.46505e-05
-2.43816e-05
-1.35529e-05
-2.60023e-06
7.91703e-06
1.7386e-05
2.52468e-05
3.11032e-05
3.48108e-05
3.65416e-05
3.68288e-05
3.65567e-05
3.68508e-05
3.88789e-05
4.3636e-05
5.176e-05
6.3383e-05
7.80463e-05
9.4751e-05
0.000112161
0.00012888
0.000143712
0.00015584
0.00016491
0.000170961
0.000174235
0.000174983
0.000173343
0.000169343
0.000162958
0.00015423
0.000143366
0.000130761
0.000116903
0.000102222
8.69895e-05
7.13165e-05
5.52284e-05
3.87794e-05
2.21635e-05
5.79889e-06
-9.64321e-06
-2.32937e-05
-3.42151e-05
-4.15692e-05
-4.47761e-05
-4.36214e-05
-3.82785e-05
-2.92381e-05
-1.7172e-05
-2.80502e-06
1.31465e-05
2.99608e-05
4.68506e-05
6.28884e-05
7.69664e-05
8.78475e-05
9.43136e-05
9.53659e-05
9.0419e-05
7.94208e-05
6.28354e-05
4.15085e-05
1.6529e-05
-1.08322e-05
-3.91349e-05
-6.67933e-05
-9.21409e-05
-0.000113539
-0.00012952
-0.000138948
-0.00014116
-0.000136063
-0.000124143
-0.000106379
-8.40905e-05
-5.87627e-05
-3.18499e-05
-4.64748e-06
2.17225e-05
4.6251e-05
6.79864e-05
8.60174e-05
9.94902e-05
0.000107672
0.000110055
0.000106449
9.70375e-05
8.23711e-05
6.33321e-05
4.10445e-05
1.67644e-05
-8.2137e-06
-3.26199e-05
-5.52541e-05
-7.50326e-05
-9.10328e-05
-0.000102526
-0.000108993
-0.000110137
-0.000105902
-9.6501e-05
-8.24091e-05
-6.4347e-05
-4.32404e-05
-2.01609e-05
3.75207e-06
2.73661e-05
4.96198e-05
6.95801e-05
8.64971e-05
9.98515e-05
0.000109385
0.000115093
0.000117167
0.000115921
0.000111744
0.00010508
9.64279e-05
8.63419e-05
7.54401e-05
6.43966e-05
5.3908e-05
4.46233e-05
3.70287e-05
3.13204e-05
2.73442e-05
2.46509e-05
2.26354e-05
2.07e-05
1.83983e-05
1.55238e-05
1.21016e-05
8.28434e-06
4.21493e-06
-6.75519e-08
-4.63649e-06
-9.58916e-06
-1.48791e-05
-2.01361e-05
-2.45703e-05
-2.70366e-05
-2.62732e-05
-2.12557e-05
-1.15145e-05
2.73935e-06
2.06913e-05
4.10592e-05
6.21872e-05
8.21427e-05
9.88869e-05
0.000110497
0.000115367
0.00011237
0.000100969
8.13399e-05
5.44693e-05
2.22599e-05
-1.24301e-05
-4.58994e-05
-7.40019e-05
-9.28443e-05
-9.95374e-05
-9.26234e-05
-7.20855e-05
-3.92028e-05
3.53203e-06
3.53203e-06
5.25231e-05
0.000103368
0.000151356
0.000192096
0.0002222
0.000239836
0.000244951
0.000238995
0.000224255
0.000203049
0.000177076
0.000147002
0.000112352
7.18168e-05
2.39626e-05
-3.19929e-05
-9.56333e-05
-0.000165029
-0.000236595
-0.000305234
-0.000364829
-0.000408986
-0.00043185
-0.000429048
-0.000398675
-0.000341979
-0.000263279
-0.000169236
-6.78187e-05
3.28295e-05
0.000125639
0.000205539
0.000269556
0.000316195
0.000344723
0.000354712
0.000345924
0.000318627
0.000274258
0.000215941
0.000148458
7.76399e-05
9.37133e-06
-5.15562e-05
-0.000102329
-0.000142368
-0.00017293
-0.000196203
-0.000214089
-0.000227103
-0.000233987
-0.000232194
-0.000218896
-0.000192117
-0.000151731
-9.99489e-05
-4.10027e-05
1.9822e-05
7.73068e-05
0.000127238
0.000167003
0.000195673
0.00021351
0.000221215
0.000219358
0.000208163
0.000187597
0.0001577
0.000119018
7.29192e-05
2.15767e-05
-3.22973e-05
-8.58179e-05
-0.000136273
-0.000181359
-0.000219218
-0.000248294
-0.00026718
-0.000274624
-0.000269718
-0.000252141
-0.000222349
-0.000181649
-0.000132156
-7.65932e-05
-1.80213e-05
4.03944e-05
9.5502e-05
0.000144227
0.000183666
0.000211285
0.000225223
0.00022462
0.000209811
0.000182345
0.000144805
0.000100377
5.2292e-05
3.38502e-06
-4.40635e-05
-8.82665e-05
-0.000127773
-0.000161276
-0.000187503
-0.000205273
-0.000213706
-0.000212428
-0.000201695
-0.000182402
-0.000155942
-0.000123967
-8.81531e-05
-5.00569e-05
-1.10846e-05
2.74339e-05
6.41116e-05
9.74322e-05
0.000125809
0.00014774
0.000162003
0.000167834
0.000165035
0.000153975
0.000135493
0.000110751
8.10772e-05
4.78498e-05
1.24469e-05
-2.37404e-05
-5.92732e-05
-9.26642e-05
-0.000122435
-0.000147215
-0.000165857
-0.000177534
-0.000181787
-0.000178514
-0.000167937
-0.000150557
-0.000127132
-9.86628e-05
-6.63681e-05
-3.16599e-05
3.90203e-06
3.86767e-05
7.10381e-05
9.94804e-05
0.000122697
0.000139635
0.00014953
0.000151947
0.000146801
0.000134371
0.000115288
9.05203e-05
6.13397e-05
2.92657e-05
-4.01319e-06
-3.67456e-05
-6.72359e-05
-9.3961e-05
-0.000115672
-0.000131466
-0.000140804
-0.000143501
-0.000139693
-0.000129782
-0.000114392
-9.43247e-05
-7.05258e-05
-4.40686e-05
-1.61259e-05
1.2069e-05
3.9276e-05
6.43071e-05
8.60745e-05
0.000103631
0.000116219
0.000123314
0.000124653
0.000120248
0.000110395
9.56555e-05
7.68093e-05
5.48093e-05
3.07303e-05
5.70927e-06
-1.91134e-05
-4.26407e-05
-6.38561e-05
-8.18596e-05
-9.59024e-05
-0.000105417
-0.000110045
-0.000109656
-0.000104358
-9.44911e-05
-8.0604e-05
-6.34226e-05
-4.38077e-05
-2.27063e-05
-1.10346e-06
2.00226e-05
3.97439e-05
5.72225e-05
7.17324e-05
8.26752e-05
8.96079e-05
9.22767e-05
9.06323e-05
8.48266e-05
7.52046e-05
6.22859e-05
4.6736e-05
2.93336e-05
1.09316e-05
-7.59126e-06
-2.53814e-05
-4.16485e-05
-5.56875e-05
-6.68961e-05
-7.47992e-05
-7.90805e-05
-7.96046e-05
-7.6418e-05
-6.97391e-05
-5.99427e-05
-4.75404e-05
-3.31539e-05
-1.74834e-05
-1.26965e-06
1.47474e-05
2.98573e-05
4.33982e-05
5.47807e-05
6.35191e-05
6.92577e-05
7.17859e-05
7.10478e-05
6.71419e-05
6.03089e-05
5.09136e-05
3.94301e-05
2.64224e-05
1.25143e-05
-1.6444e-06
-1.54063e-05
-2.81502e-05
-3.93073e-05
-4.83891e-05
-5.50122e-05
-5.8918e-05
-5.99819e-05
-5.82114e-05
-5.37418e-05
-4.68278e-05
-3.78287e-05
-2.71899e-05
-1.54223e-05
-3.07613e-06
9.28093e-06
2.10832e-05
3.17961e-05
4.09505e-05
4.81615e-05
5.31379e-05
5.56954e-05
5.57656e-05
5.33907e-05
4.87209e-05
4.20146e-05
3.36207e-05
2.39522e-05
1.34716e-05
2.67769e-06
-7.92663e-06
-1.78651e-05
-2.67009e-05
-3.40473e-05
-3.95889e-05
-4.31038e-05
-4.44721e-05
-4.36768e-05
-4.07982e-05
-3.60039e-05
-2.95382e-05
-2.17157e-05
-1.29155e-05
-3.56536e-06
5.88657e-06
1.50032e-05
2.3379e-05
3.06525e-05
3.65189e-05
4.07401e-05
4.31511e-05
4.36694e-05
4.23037e-05
3.91509e-05
3.43857e-05
2.82536e-05
2.1062e-05
1.31634e-05
4.93714e-06
-3.22771e-06
-1.09542e-05
-1.79009e-05
-2.37766e-05
-2.8344e-05
-3.14217e-05
-3.28921e-05
-3.27108e-05
-3.09101e-05
-2.75982e-05
-2.29541e-05
-1.72177e-05
-1.06745e-05
-3.64199e-06
3.54619e-06
1.05578e-05
1.70796e-05
2.28289e-05
2.28289e-05
2.75621e-05
3.10837e-05
3.32531e-05
3.3992e-05
3.32886e-05
3.11998e-05
3.11998e-05
