1.69834e-09
1.24205e-08
-8.0909e-09
-2.96808e-07
-1.2235e-06
-2.78766e-06
-4.43036e-06
-5.72285e-06
-6.82527e-06
-7.9625e-06
-9.01195e-06
-9.775e-06
-1.01561e-05
-1.00915e-05
-9.6578e-06
-9.10286e-06
-8.55027e-06
-7.87789e-06
-6.97381e-06
-5.92065e-06
-4.92442e-06
-4.16282e-06
-3.70487e-06
-3.55952e-06
-3.75946e-06
-4.37426e-06
-5.47665e-06
-7.09254e-06
-9.16423e-06
-1.15928e-05
-1.43206e-05
-1.73375e-05
-2.06174e-05
-2.40798e-05
-2.75978e-05
-3.10231e-05
-3.42223e-05
-3.71023e-05
-3.95878e-05
-4.15842e-05
-4.29897e-05
-4.3734e-05
-4.37857e-05
-4.31282e-05
-4.17425e-05
-3.96048e-05
-3.6696e-05
-3.30208e-05
-2.86237e-05
-2.35734e-05
-1.79308e-05
-1.17477e-05
-5.08326e-06
2.00102e-06
9.44857e-06
1.71964e-05
2.51783e-05
3.33413e-05
4.16364e-05
4.99994e-05
5.8365e-05
6.66908e-05
7.49662e-05
8.3207e-05
9.14345e-05
9.96587e-05
0.000107886
0.000116126
0.000124368
0.000132546
0.000140523
0.000148106
0.000155051
0.000161087
0.00016594
0.000169356
0.000171105
0.000170987
0.000168855
0.000164603
0.00015814
0.000149375
0.000138231
0.00012465
0.000108606
9.01302e-05
6.93363e-05
4.64277e-05
2.16762e-05
-4.61813e-06
-3.2163e-05
-6.06936e-05
-8.99831e-05
-0.000119852
-0.000150157
-0.000180767
-0.000211521
-0.0002422
-0.000272512
-0.00030209
-0.000330528
-0.000357405
-0.000382309
-0.000404853
-0.000424699
-0.000441605
-0.000455428
-0.000466086
-0.000473523
-0.000477675
-0.000478404
-0.000475485
-0.000468646
-0.000457627
-0.000442238
-0.000422437
-0.000398393
-0.000370466
-0.00033914
-0.000304983
-0.000268603
-0.000230567
-0.000191302
-0.000151017
-0.000109674
-6.70079e-05
-2.25314e-05
2.4416e-05
7.45162e-05
0.000128312
0.000186159
0.000248232
0.000314474
0.000384555
0.000457857
0.000533447
0.000610024
0.000685893
0.000758983
0.000826884
0.000886977
0.000936598
0.000973182
0.000994404
0.000998388
0.000983885
0.000950216
0.000896933
0.00082344
0.000728782
0.000611686
0.000470973
0.000306501
0.000120169
-8.37239e-05
-0.000298717
-0.00051643
-0.000727037
-0.000920523
-0.00108811
-0.00122287
-0.0013198
-0.0013762
-0.0013918
-0.00136826
-0.00130853
-0.00121652
-0.00109687
-0.000954657
-0.000795201
-0.000624061
-0.000446858
-0.000268811
-9.42804e-05
7.34443e-05
0.000232195
0.000380929
0.000519656
0.000649265
0.000771196
0.000886732
0.000996034
0.00109761
0.00118868
0.00126602
0.00132653
0.00136783
0.00138923
0.00139285
0.00138386
0.0013697
0.00135886
0.00135984
0.00138016
0.00142538
0.00149878
0.00160186
0.00173477
0.00189654
0.00208533
0.00229801
0.00252819
0.00276335
0.00298225
0.00315346
0.00323705
0.0031918
0.00298551
0.00260144
0.00204012
0.00132066
0.000480735
-0.000429658
-0.00135765
-0.00225296
-0.00307028
-0.0037734
-0.00433844
-0.00475251
-0.00501045
-0.00511339
-0.00506816
-0.00488631
-0.00458358
-0.00418049
-0.00370197
-0.0031754
-0.00262797
-0.00208482
-0.00156813
-0.00109676
-0.000686328
-0.000349146
-9.40274e-05
7.38187e-05
0.000152951
0.000146365
6.23282e-05
-8.52595e-05
-0.000277222
-0.000490324
-0.000699405
-0.000879853
-0.00100948
-0.00106944
-0.00104466
-0.000924273
-0.000701822
-0.000375108
5.40608e-05
0.000579964
0.00119305
0.00188014
0.00262468
0.00340717
0.00420571
0.00499668
0.00575514
0.00645522
0.00707093
0.00757776
0.00795465
0.00818499
0.00825656
0.00816123
0.00789469
0.00745667
0.00684974
0.00607401
0.00511786
0.00395194
0.00253767
0.00085417
-0.00107512
-0.00317971
-0.00535693
-0.00748211
-0.00941617
-0.0110256
-0.0122043
-0.012881
-0.0130195
-0.0126238
-0.0117333
-0.0104067
-0.00870841
-0.00670871
-0.00448487
-0.00211876
0.000304541
0.00269489
0.00495815
0.0070022
0.00874369
0.0101137
0.0110634
0.011569
0.0116298
0.0112576
0.0104617
0.00923921
0.00758192
0.0055055
0.00307968
0.000428663
-0.00229198
-0.00491245
-0.00726018
-0.00918294
-0.010573
-0.0113725
-0.011568
-0.0111885
-0.0102945
-0.00895907
-0.00725821
-0.00527731
-0.00311786
-0.000894342
0.00127419
0.00327225
0.00499231
0.00499231
0.0063342
0.00720731
0.00754149
0.00729835
0.00647407
0.00509839
0.00323629
0.00098926
-0.00150728
-0.00408864
-0.00656964
-0.00876181
-0.0104955
-0.0116384
-0.0121068
-0.0118731
-0.0109686
-0.00947611
-0.00751598
-0.00522888
-0.00276149
-0.000256353
0.00215448
0.00435307
0.00623817
0.00772748
0.0087598
0.00929747
0.00932937
0.00887309
0.00797413
0.00670223
0.00514592
0.00340509
0.0015815
-0.000228754
-0.00193768
-0.00346579
-0.00474456
-0.00571944
-0.00635114
-0.00661659
-0.00651039
-0.00604525
-0.00525085
-0.0041726
-0.00287128
-0.00142215
8.69775e-05
0.00155926
0.00289479
0.00400087
0.0048054
0.00526579
0.00536826
0.00512373
0.00456665
0.00375225
0.0027478
0.00162301
0.000445346
-0.000722393
-0.00182474
-0.0028135
-0.00364522
-0.00428112
-0.00469037
-0.00485362
-0.00476719
-0.00445012
-0.00394858
-0.00332933
-0.00266396
-0.00201465
-0.00142554
-0.000918607
-0.000495597
-0.000145684
0.000148624
0.000409543
0.000659684
0.000914858
0.00118156
0.00146095
0.00175217
0.0020478
0.00232018
0.00250926
0.00253116
0.00230972
0.00180476
0.00101956
-8.61871e-07
-0.00117281
-0.00238742
-0.00353062
-0.00449367
-0.00518001
-0.00552212
-0.00549754
-0.00512836
-0.0044705
-0.00360253
-0.00261235
-0.00158029
-0.000565755
0.000395615
0.00128411
0.00208543
0.00278656
0.00337685
0.00384614
0.00418109
0.0043666
0.00439233
0.0042583
0.00397778
0.00357841
0.00309905
0.00258118
0.00206075
0.00156607
0.00111895
0.000734587
0.000420345
0.000176155
-3.50712e-06
-0.000126105
-0.000196957
-0.000217394
-0.000186246
-0.000101973
3.69217e-05
0.000232354
0.00048631
0.000799397
0.00116844
0.00158354
0.00202588
0.00246727
0.00287089
0.00319367
0.00339184
0.00342858
0.00327991
0.00293846
0.002417
0.00174961
0.000986526
0.000185204
-0.000596232
-0.00130225
-0.00188335
-0.00229948
-0.00252116
-0.00252901
-0.00231322
-0.00187305
-0.00121609
-0.00035835
0.000673959
0.00184178
0.00309058
0.00434866
0.00552742
0.00652837
0.00725977
0.00765533
0.0076817
0.00733603
0.00664445
0.00565943
0.00444811
0.00307786
0.00161041
0.000101604
-0.00139974
-0.00284954
-0.0042011
-0.00540211
-0.00639977
-0.00714616
-0.00760021
-0.00773167
-0.00752807
-0.00699836
-0.00617019
-0.00508508
-0.00379441
-0.00235505
-0.000825149
0.000737943
0.00227779
0.00374
0.0050749
0.00623981
0.00720054
0.00793305
0.00842492
0.00867532
0.00869321
0.00849506
0.00810342
0.00754574
0.00685229
0.00605363
0.00517767
0.00424473
0.0032615
0.00222069
0.00111064
-6.97612e-05
-0.00129807
-0.00252278
-0.00367047
-0.00466349
-0.00543505
-0.00593589
-0.00614153
-0.00606271
-0.00574658
-0.0052639
-0.00469436
-0.00411689
-0.00359992
-0.00319109
-0.002914
-0.00277339
-0.0027609
-0.00285687
-0.00303186
-0.00325096
-0.00347797
-0.0036767
-0.00381146
-0.00385042
-0.0037703
-0.0035586
-0.00321301
-0.00274035
-0.00215382
-0.00146775
-0.000693002
0.000163472
0.00109575
0.00209413
0.00313766
0.00418529
0.00517171
0.00601624
0.00664638
0.00702025
0.00712976
0.00699094
0.00663875
0.00612396
0.00550098
0.00481445
0.00409651
0.00336903
0.00264366
0.00192682
0.00123134
0.000582776
1.5619e-05
-0.000433809
-0.000735593
-0.000880783
-0.000896185
-0.000843463
-0.000800538
-0.000839889
-0.00101299
-0.00134141
-0.00181982
-0.00243177
-0.00316205
-0.00399443
-0.00490679
-0.00587556
-0.00688224
-0.00791131
-0.0089423
-0.00994374
-0.0108704
-0.0116616
-0.0122432
-0.012537
-0.0124737
-0.0119989
-0.0110738
-0.00967943
-0.00782758
-0.00556562
-0.00297368
-0.000160459
0.00274085
0.00558152
0.00821048
0.0104856
0.0122817
0.0134979
0.0140623
0.0139328
0.0131002
0.0115919
0.00947365
0.00684499
0.00383326
0.000589087
-0.00272139
-0.00592712
-0.00886133
-0.0113696
-0.0133189
-0.0146054
-0.015158
-0.0149398
-0.0139502
-0.0122302
-0.00986818
-0.00700088
-0.00700088
-0.00379769
-0.000434947
0.00292188
0.00612347
0.00904119
0.0115734
0.0136452
0.0152034
0.0162153
0.0166673
0.016559
0.0159011
0.0147228
0.013078
0.0110452
0.00872095
0.00621354
0.00363427
0.00108704
-0.00133916
-0.00357285
-0.00556046
-0.0072659
-0.00866679
-0.00974721
-0.0104929
-0.0108927
-0.010943
-0.0106489
-0.0100257
-0.00910235
-0.00792203
-0.00653916
-0.00501448
-0.00341289
-0.00180101
-0.000242655
0.00120507
0.00249333
0.00358305
0.00444663
0.00506721
0.00543479
0.00554285
0.00538758
0.00496875
0.00429063
0.00336532
0.00221967
0.000900795
-0.000525107
-0.00197771
-0.0033667
-0.00459829
-0.00558738
-0.00626914
-0.00660362
-0.00657708
-0.00620438
-0.0055276
-0.00460773
-0.00351471
-0.00232167
-0.00110103
8.07004e-05
0.00116637
0.00210711
0.00286062
0.00339307
0.00368208
0.00371772
0.00350292
0.00305544
0.00240882
0.00161041
0.000718534
-0.000199483
-0.00107044
-0.0018207
-0.00238189
-0.00269498
-0.00271393
-0.00241054
-0.00177954
-0.000840974
0.000361324
0.00176344
0.00328555
0.00483722
0.00632498
0.0076616
0.00877354
0.00960421
0.0101144
0.0102821
0.0100998
0.00956942
0.00869771
0.00749709
0.0059881
0.00420122
0.0021804
-1.1598e-05
-0.0022924
-0.00456611
-0.00673053
-0.00868216
-0.0103226
-0.0115673
-0.0123527
-0.012638
-0.012408
-0.0116757
-0.0104825
-0.00889347
-0.00699078
-0.00486912
-0.00263145
-0.000382475
0.00177847
0.00376156
0.00548811
0.00689245
0.00792355
0.0085447
0.00873246
0.0084777
0.00778827
0.00669119
0.00523354
0.00348255
0.00152444
-0.000539733
-0.00260066
-0.00454758
-0.00627418
-0.00768448
-0.00869882
-0.00925864
-0.00932928
-0.00890133
-0.00799095
-0.00663888
-0.00490769
-0.00287679
-0.000636911
0.00171454
0.00407717
0.00635148
0.00844176
0.0102576
0.0117157
0.0127447
0.0132886
0.0133098
0.0127914
0.0117411
0.0101934
0.00820803
0.00586524
0.00325965
0.000493479
-0.00232831
-0.00509951
-0.00771355
-0.0100669
-0.0120636
-0.0136193
-0.0146644
-0.0151489
-0.0150451
-0.0143505
-0.0130884
-0.0113077
-0.00907873
-0.0064885
-0.00363603
-0.000628638
0.00242214
0.00540474
0.00821121
0.0107409
0.0129044
0.0146281
0.0158583
0.0165638
0.0167365
0.0163886
0.0155478
0.0142514
0.0125433
0.0104723
0.00809687
0.00549041
0.00274332
-4.06811e-05
-0.00274772
-0.00525811
-0.00745663
-0.00924504
-0.0105498
-0.0113264
-0.0115639
-0.0112866
-0.0105484
-0.00942322
-0.00799866
-0.00637127
-0.00463939
-0.00289551
-0.00122221
0.000308574
0.00163651
0.00271455
0.00350962
0.00400213
0.00418544
0.00406597
0.00366289
0.00300731
0.00214091
0.00111396
-1.78633e-05
-0.00119724
-0.00236825
-0.0034783
-0.00447932
-0.00532806
-0.00598495
-0.00641335
-0.0065816
-0.00646633
-0.00605493
-0.00534768
-0.00436027
-0.0031242
-0.00168417
-9.47539e-05
0.00158253
0.00328291
0.0049425
0.00650106
0.00790341
0.00910091
0.0100526
0.0107258
0.011096
0.011148
0.0108764
0.0102865
0.00939387
0.00822447
0.00681549
0.00521582
0.00348478
0.00168962
-9.69368e-05
-0.00180018
-0.00334956
-0.00468574
-0.00576524
-0.00656292
-0.00707382
-0.00731225
-0.00730591
-0.00708894
-0.00669857
-0.00617389
-0.00555282
-0.00486917
-0.00415316
-0.00343351
-0.00273795
-0.00209227
-0.00151944
-0.00103785
-0.000658878
-0.000385741
-0.000214427
-0.000134965
-0.000132186
-0.000186978
-0.000278741
-0.000388005
-0.000497956
-0.000594973
-0.000668884
-0.000712714
-0.0007213
-0.000689626
-0.000612357
-0.000484114
-0.000299584
-5.51516e-05
0.000246568
0.000592771
0.000961388
0.00132522
0.00165494
0.00192075
0.00209474
0.0021529
0.00207672
0.00185547
0.00148892
0.00098737
0.00036878
-0.000344091
-0.00112445
-0.00194133
-0.00276039
-0.00354607
-0.00426407
-0.00488343
-0.00537753
-0.0057245
-0.00590758
-0.00591545
-0.00574194
-0.0053848
-0.00484474
-0.00412641
-0.00412641
-0.00324232
-0.00221819
-0.00109593
6.90638e-05
0.00121454
0.00227764
0.00320028
0.00393616
0.00445734
0.00475593
0.00484049
0.00473166
0.00445815
0.00405194
0.00354428
0.00296487
0.00234304
0.00170783
0.00108747
0.000509669
1.78728e-06
-0.00041117
-0.000709753
-0.000882183
-0.000925044
-0.000843359
-0.000649786
-0.00036252
-2.96924e-06
0.000405846
0.000840627
0.00127923
0.00170137
0.00208855
0.00242436
0.00269568
0.00289367
0.00301365
0.00305448
0.00301769
0.00290673
0.00272648
0.0024828
0.0021825
0.00183412
0.0014487
0.00103962
0.000621751
0.000210765
-0.0001776
-0.000528658
-0.000829922
-0.00107191
-0.00124876
-0.00135863
-0.00140328
-0.00138685
-0.00131451
-0.00119183
-0.00102476
-0.000819503
-0.000582811
-0.000324364
-6.13249e-05
0.000177572
0.000351798
0.000414329
0.000322093
4.81518e-05
-0.000411445
-0.00103944
-0.0018016
-0.00264774
-0.00351486
-0.00433725
-0.00505744
-0.00563022
-0.00602244
-0.00621301
-0.00619159
-0.0059552
-0.00550702
-0.00485774
-0.00402587
-0.00303627
-0.00191992
-0.000714994
0.000534065
0.00177991
0.00297563
0.00407611
0.00503857
0.00582381
0.00639841
0.0067368
0.00682337
0.00665526
0.00624484
0.00561986
0.00482067
0.00389604
0.00289852
0.0018791
0.000882727
-5.25811e-05
-0.000893243
-0.00160807
-0.00216832
-0.0025482
-0.00272542
-0.00268402
-0.0024181
-0.0019334
-0.00124695
-0.000387091
0.00060644
0.00168216
0.00277382
0.00379548
0.00464131
0.00519625
0.00535859
0.00506664
0.00431245
0.00313509
0.00160806
-0.000166464
-0.00206715
-0.00397537
-0.0057945
-0.00745322
-0.00890034
-0.0100993
-0.0110191
-0.011625
-0.0118814
-0.0117625
-0.0112582
-0.010374
-0.00913252
-0.00757675
-0.00576718
-0.00377437
-0.00167098
0.000474751
0.0026031
0.00466258
0.00660584
0.00838623
0.0099562
0.0112641
0.0122512
0.012856
0.0130291
0.0127469
0.0120162
0.0108736
0.00938262
0.0076252
0.00569211
0.00367691
0.00167243
-0.000235918
-0.00197739
-0.00349718
-0.00475393
-0.00571905
-0.00637776
-0.00672842
-0.00678068
-0.00655434
-0.006078
-0.00538629
-0.00451745
-0.00351263
-0.00241623
-0.00127612
-0.000142472
0.000935477
0.00191333
0.00275399
0.00342971
0.00392487
0.00423685
0.00437221
0.00433807
0.0041307
0.00372942
0.00310686
0.00225043
0.00117496
-7.97436e-05
-0.00145254
-0.00286186
-0.00421355
-0.00541429
-0.00638095
-0.00704723
-0.00737175
-0.00734055
-0.00696028
-0.00625226
-0.00525478
-0.00402794
-0.00265437
-0.00123352
0.000131306
0.00134888
0.00234936
0.00308616
0.00353799
0.0037105
0.00363062
0.00333645
0.00287084
0.00227749
0.00159652
0.000864504
0.000120948
-0.000587465
-0.00120959
-0.00169489
-0.00199733
-0.00208034
-0.00192324
-0.00152518
-0.000905035
-9.9372e-05
0.000840769
0.0018551
0.00288077
0.00385716
0.0047273
0.00543925
0.00595001
0.0062292
0.00625868
0.00603043
0.00554673
0.00482252
0.00388736
0.00278608
0.00157735
0.000328861
-0.000888553
-0.00200433
-0.00295045
-0.00366726
-0.00411299
-0.00427114
-0.0041511
-0.00378306
-0.00321122
-0.00248636
-0.00165886
-0.000775401
0.000120095
0.000985984
0.00178396
0.00247803
0.00303193
0.00341005
0.00358252
0.00353036
0.00324928
0.00275208
0.00206782
0.00123725
0.00030812
-0.00066748
-0.00163526
-0.00254194
-0.00333842
-0.00398134
-0.00443353
-0.00466443
-0.00465165
-0.00438394
-0.00386481
-0.00311574
-0.00217729
-0.00110749
2.13853e-05
0.00112782
0.00212935
0.00295216
0.00353737
0.0038452
0.00386016
0.00359354
0.00307673
0.00234931
0.00145178
0.000423902
-0.000695874
-0.00186887
-0.00305037
-0.00418561
-0.00521279
-0.00606796
-0.00668684
-0.00700907
-0.00698838
-0.00660169
-0.00585077
-0.00475992
-0.00337425
-0.00175637
1.98163e-05
0.00187388
0.00372071
0.00547295
0.00704591
0.00836259
0.00935811
0.00998398
0.0102111
0.0100311
0.00945666
0.00852174
0.00727854
0.00579281
0.00579281
0.00413876
0.00239409
0.000635577
-0.00106432
-0.00263934
-0.00403085
-0.00518979
-0.00607876
-0.00667284
-0.00695864
-0.00693268
-0.00660076
-0.00597819
-0.00508973
-0.00396901
-0.0026582
-0.00120819
0.000321743
0.00186568
0.00335323
0.00471194
0.00587154
0.00677048
0.00736182
0.00761535
0.00751728
0.0070695
0.00628868
0.00520548
0.00386539
0.00232929
0.000671307
-0.00102539
-0.00267296
-0.00418432
-0.00547944
-0.00649012
-0.00716311
-0.00746398
-0.00738063
-0.00692419
-0.00612779
-0.00504453
-0.00374454
-0.00231098
-0.000834685
0.00059276
0.00188634
0.00297301
0.00379609
0.00432028
0.00453437
0.0044483
0.00408736
0.0034884
0.00269796
0.00176906
0.000757524
-0.000280158
-0.00128823
-0.00221407
-0.00301143
-0.00364445
-0.00409184
-0.00434831
-0.00442192
-0.00433012
-0.00409686
-0.00374995
-0.00331744
-0.00282472
-0.00229348
-0.00174196
-0.00118577
-0.000639391
-0.000117639
0.000363929
0.000789992
0.00114748
0.00142711
0.00162357
0.00173524
0.00176407
0.00171457
0.00159204
0.00140101
0.00114469
0.000825576
0.000447453
1.74482e-05
-0.000454378
-0.000957177
-0.0014799
-0.0020094
-0.00252814
-0.00301392
-0.00344191
-0.00378753
-0.00402845
-0.00414623
-0.00412868
-0.00397223
-0.00368251
-0.00327374
-0.00276773
-0.00219156
-0.00157417
-0.000943762
-0.000326808
0.000252805
0.000775025
0.00122412
0.00158803
0.00185787
0.00202849
0.00209912
0.00207341
0.00195901
0.00176729
0.00151286
0.00121269
0.000885308
0.000550211
0.000227124
-6.50713e-05
-0.000309421
-0.000491732
-0.000601257
-0.000631297
-0.000579495
-0.000447494
-0.000240239
3.45999e-05
0.000367386
0.000748
0.00116746
0.00161844
0.00209457
0.00258974
0.00309782
0.0036118
0.00412115
0.00460764
0.00504201
0.00538429
0.00558782
0.0056051
0.0053954
0.00493338
0.00421437
0.00325384
0.00208618
0.000766289
-0.000632333
-0.00202802
-0.00334366
-0.00451353
-0.00548577
-0.00622497
-0.00671334
-0.00694735
-0.00693315
-0.00668391
-0.00621774
-0.00555434
-0.00471407
-0.00372161
-0.00260983
-0.00141874
-0.000192373
0.00102183
0.00217259
0.00320705
0.00407517
0.00473366
0.00514916
0.00530092
0.00518209
0.00479944
0.00417228
0.00333136
0.00231734
0.00117811
-3.46733e-05
-0.00126857
-0.00247222
-0.00359656
-0.00459586
-0.00542781
-0.00605277
-0.00643421
-0.00654172
-0.00635521
-0.00586866
-0.00509366
-0.00406214
-0.00282479
-0.00144488
8.29471e-06
0.00146316
0.00284818
0.0040947
0.00514054
0.00593432
0.00643964
0.00663747
0.0065264
0.00612194
0.00545464
0.00456683
0.00350889
0.00233546
0.00110067
-0.000145711
-0.00135852
-0.00249549
-0.00351681
-0.00438565
-0.00506697
-0.00552678
-0.00573507
-0.0056719
-0.00533227
-0.00472841
-0.00389016
-0.00286267
-0.00170046
-0.000461161
0.000797395
0.002018
0.0031459
0.00413128
0.00493089
0.00550967
0.00584247
0.0059149
0.00572375
0.00527805
0.00460019
0.00372583
0.00270183
0.00158275
0.000427297
-0.000704896
-0.00175663
-0.00267654
-0.00342175
-0.00396028
-0.0042737
-0.0043586
-0.00422518
-0.00389415
-0.00339414
-0.00275895
-0.00202347
-0.0012197
-0.000376061
0.000481005
0.00132614
0.00213548
0.00288628
0.00355572
0.00412068
0.00455914
0.00485239
0.00498717
0.00495715
0.00476355
0.00441531
0.00392841
0.00332456
0.0026294
0.0018705
0.00107538
0.000270999
-0.000514885
-0.00125289
-0.00191318
-0.00246716
-0.00288852
-0.0031551
-0.00325132
-0.00316946
-0.00291012
-0.00248331
-0.00190923
-0.00121678
-0.000440384
0.000383227
0.00121742
0.00202763
0.00278254
0.00345423
0.00401836
0.00445469
0.00474661
0.0048784
0.00483266
0.00459241
0.00414742
0.00349913
0.0026617
0.00166169
0.000537625
-0.000662252
-0.00188413
-0.00307223
-0.00417184
-0.00513305
-0.00591377
-0.0064806
-0.00680896
-0.00688368
-0.00669995
-0.0062636
-0.00559031
-0.00470368
-0.0036335
-0.00241575
-0.00109503
0.000271981
0.00161547
0.00161547
0.0028576
0.00392345
0.00475112
0.00529731
0.00554094
0.00548617
0.00516083
0.00460975
0.00388818
0.00305517
0.00216348
0.00124937
0.000331137
-0.000583802
-0.00149112
-0.00238413
-0.00324671
-0.00404572
-0.00473126
-0.00524661
-0.00553969
-0.00557021
-0.0053155
-0.00477657
-0.00398005
-0.00297397
-0.00182141
-0.000594688
0.000631388
0.0017874
0.00281518
0.00366938
0.00431662
0.0047354
0.00491659
0.00486228
0.00458354
0.00409967
0.00343869
0.00263673
0.00173575
0.000781278
-0.000179537
-0.00110007
-0.00193599
-0.00264619
-0.00319408
-0.0035502
-0.00369481
-0.00361866
-0.00332159
-0.00281035
-0.00209771
-0.00120435
-0.00016376
0.000973316
0.00213962
0.00325656
0.00423945
0.0050034
0.00547306
0.00559334
0.00533537
0.00469949
0.00371836
0.00245493
0.000991238
-0.000584601
-0.00218438
-0.00372206
-0.00511856
-0.00630691
-0.00723339
-0.007857
-0.00815015
-0.00809933
-0.00770501
-0.00698233
-0.00596198
-0.00468869
-0.00321757
-0.00161175
5.64023e-05
0.00170311
0.00323579
0.00456234
0.00560201
0.00629225
0.00659241
0.00648632
0.00598251
0.00511201
0.00392638
0.00249543
0.000901671
-0.000767058
-0.00242236
-0.00397679
-0.00534459
-0.00644438
-0.00720462
-0.00757047
-0.00750936
-0.00701312
-0.00609654
-0.00479522
-0.00316458
-0.001279
0.000771534
0.00288696
0.00496266
0.00689335
0.00857565
0.00991199
0.0108183
0.0112334
0.0111242
0.0104869
0.00934814
0.0077652
0.00582334
0.00362858
0.00129982
-0.00103869
-0.00326499
-0.00526617
-0.0069435
-0.008217
-0.00903025
-0.00935493
-0.00919357
-0.00857815
-0.00756367
-0.00622053
-0.00462959
-0.00287865
-0.00105608
0.000755815
0.00248328
0.00406028
0.00542799
0.00653525
0.00733839
0.00780227
0.00790385
0.00763599
0.00700879
0.00604892
0.00479871
0.00331436
0.00166216
-8.60778e-05
-0.00185669
-0.0035764
-0.00517355
-0.00657855
-0.00772511
-0.0085543
-0.00901997
-0.00909286
-0.00876293
-0.00804084
-0.00695828
-0.00556619
-0.00393131
-0.00213201
-0.000253752
0.00161623
0.00339413
0.00500366
0.0063791
0.00746763
0.00823058
0.00864212
0.00868608
0.00835431
0.00764822
0.00658165
0.00518381
0.00350349
0.00161267
-0.000395618
-0.00241528
-0.00433529
-0.00604616
-0.00744834
-0.00846219
-0.00903437
-0.00913891
-0.00877726
-0.00797885
-0.00679872
-0.00531108
-0.00360237
-0.00176701
9.65959e-05
0.0018924
0.0035343
0.00495177
0.00609263
0.00692386
0.00743097
0.00761619
0.00749578
0.00709713
0.006456
0.00561394
0.00461524
0.00350359
0.00232028
0.00110509
-0.000102475
-0.00126436
-0.00234628
-0.00331771
-0.00415013
-0.00481643
-0.00529259
-0.00555991
-0.00560677
-0.00542977
-0.00503444
-0.00443597
-0.00365933
-0.00273799
-0.00171122
-0.000621513
0.00048677
0.00156713
0.00257056
0.00344715
0.00414927
0.00463471
0.00486954
0.00483218
0.0045175
0.00393875
0.00312755
0.0021328
0.00101707
-0.000150732
-0.00130252
-0.00237461
-0.00330973
-0.00406107
-0.00459681
-0.00490119
-0.00497214
-0.00481766
-0.00445277
-0.0038968
-0.00317198
-0.00230404
-0.00132312
-0.000263016
0.000840492
0.00194917
0.00302043
0.00400749
0.00486279
0.00554257
0.00601039
0.00624001
0.00621825
0.00594753
0.00544661
0.0047489
0.0038995
0.00295133
0.00196005
0.000977698
4.74948e-05
-0.000798576
-0.00154052
-0.00217043
-0.00268999
-0.00310492
-0.00342049
-0.00364145
-0.00377236
-0.00381475
-0.0037644
-0.00361368
-0.00335663
-0.00299193
-0.00252366
-0.00196224
-0.00132495
-0.000634792
8.07625e-05
0.000790035
0.00145766
0.0020463
0.00251923
0.00284361
0.00299403
0.0029549
0.00272224
0.00230605
0.00173162
0.00103713
0.000268347
-0.000525822
-0.00129623
-0.00199649
-0.00258634
-0.00303405
-0.00331815
-0.00342851
-0.00336629
-0.00314293
-0.00277852
-0.00229972
-0.00173741
-0.00112524
-0.00049854
0.000107543
0.000660603
0.00113354
0.00150692
0.00177028
0.00192195
0.00192195
0.00196809
0.00192146
0.00179932
0.00162096
0.00140663
0.00117688
0.000950911
0.000744848
0.000571711
0.00044179
0.000361927
0.000333996
0.000353622
0.000409666
0.000484983
0.000557984
0.000603525
0.000593715
0.000501437
0.000307476
7.91165e-06
-0.000383367
-0.000838311
-0.00132023
-0.00178753
-0.00219753
-0.00251225
-0.00270317
-0.002752
-0.00265011
-0.00239869
-0.00200816
-0.0014968
-0.00089047
-0.000222096
0.000471357
0.00115366
0.00179285
0.00236243
0.00284114
0.00321238
0.00346421
0.00358942
0.00358484
0.00345081
0.00319159
0.00281601
0.00233806
0.00177751
0.00115978
0.000513766
-0.000131681
-0.000750359
-0.00132014
-0.00182407
-0.00225092
-0.00259409
-0.00284957
-0.00301425
-0.00308465
-0.00305586
-0.00292206
-0.0026794
-0.00232948
-0.00188017
-0.00134465
-0.000741904
-9.84102e-05
0.000551673
0.00116928
0.00171475
0.00215206
0.00245225
0.00259596
0.00257447
0.0023896
0.00205328
0.00158739
0.0010223
0.000393325
-0.000263576
-0.000914728
-0.00152947
-0.00208026
-0.00254342
-0.00289989
-0.00313507
-0.00323848
-0.00320408
-0.00303139
-0.00272699
-0.00230602
-0.00179221
-0.00121532
-0.000607101
2.07363e-06
0.000585774
0.00112376
0.00160294
0.00201661
0.00236348
0.00264705
0.00287416
0.00305229
0.00318702
0.00328097
0.00333387
0.0033431
0.00330388
0.00321003
0.00305589
0.00283799
0.00255498
0.00220701
0.00179665
0.00133033
0.00081879
0.000276633
-0.00027877
-0.000828442
-0.00135203
-0.00182737
-0.00223136
-0.00254242
-0.0027428
-0.00281962
-0.00276538
-0.00257868
-0.00226476
-0.00183561
-0.00130972
-0.000711425
-7.03976e-05
0.00057902
0.00119971
0.00175475
0.00220993
0.00253554
0.00270795
0.00271146
0.00253936
0.00219419
0.00168753
0.00103969
0.000279695
-0.000555026
-0.00142048
-0.0022696
-0.00305568
-0.00373476
-0.0042679
-0.00462382
-0.00478108
-0.00472931
-0.00446957
-0.00401436
-0.00338766
-0.0026244
-0.0017684
-0.000868739
2.3662e-05
0.000858859
0.00159128
0.00218371
0.00261009
0.00285625
0.00291913
0.00280549
0.00253003
0.00211275
0.00157643
0.00094527
0.000244606
-0.000499063
-0.00125807
-0.00200305
-0.00270264
-0.00332486
-0.00383976
-0.0042216
-0.00445017
-0.00451212
-0.00440277
-0.00412673
-0.00369715
-0.00313438
-0.00246479
-0.00171905
-0.000930004
-0.000130861
0.000646468
0.0013739
0.00203066
0.00260557
0.00309548
0.00350112
0.00382385
0.00406485
0.00422413
0.0042989
0.00428404
0.00417472
0.0039685
0.0036664
0.0032736
0.00279912
0.00225409
0.00165102
0.00100467
0.000332944
-0.000343403
-0.00100115
-0.00161524
-0.00215989
-0.00260969
-0.0029409
-0.00313373
-0.00317519
-0.00306131
-0.0027976
-0.00239772
-0.00188156
-0.00127399
-0.00060369
9.88111e-05
0.000802979
0.00147914
0.00209859
0.00263363
0.00305803
0.00334848
0.00348707
0.00346342
0.00327568
0.00293147
0.00244903
0.00185667
0.00118973
0.000487002
-0.000212073
-0.000870055
-0.00145466
-0.00194128
-0.00231387
-0.0025648
-0.00269418
-0.0027085
-0.00261824
-0.00243502
-0.00216976
-0.00183238
-0.0014321
-0.000977684
-0.000478721
5.15111e-05
0.000593662
0.00112257
0.00160893
0.0020207
0.00232567
0.00249652
0.00251564
0.00237706
0.00208709
0.00166537
0.00114373
0.000560788
-4.43545e-05
-0.000635226
-0.00117912
-0.00164921
-0.00202617
-0.00229725
-0.00245457
-0.00249476
-0.002419
-0.00223219
-0.00194253
-0.00156223
-0.00110793
-0.000599645
-5.9434e-05
0.000489498
0.00102363
0.00152046
0.00195981
0.00232466
0.00260163
0.00278156
0.00285986
0.00283661
0.00271652
0.00250875
0.0022266
0.00188667
0.00150789
0.00111051
0.000715341
0.000342819
1.18324e-05
-0.000261942
-0.000467791
-0.000600961
-0.00066236
-0.000657603
-0.000596291
-0.00049137
-0.000357924
-0.00021147
-6.63349e-05
6.56983e-05
0.000176671
0.000263546
0.00032812
0.00037488
0.000407723
0.000427612
0.000431405
0.000410826
0.000352612
0.000241765
6.63961e-05
6.63961e-05
-0.000179245
-0.000493385
-0.000864888
-0.00127254
-0.00168805
-0.00208061
-0.00241925
-0.00267382
-0.00281731
-0.00282873
-0.00269503
-0.00241259
-0.00198849
-0.00144131
-0.000801537
-0.000110284
0.000585583
0.00124033
0.00181385
0.00227357
0.00259629
0.00276952
0.00278966
0.00265899
0.00238404
0.00197492
0.00144452
0.000809788
9.54557e-05
-0.000663532
-0.00142368
-0.00213687
-0.00275433
-0.00323186
-0.00353623
-0.00364911
-0.00356651
-0.00329677
-0.00285919
-0.00228136
-0.00159456
-0.000830466
-2.08472e-05
0.000802265
0.00160743
0.00236424
0.00304287
0.00361407
0.00405037
0.00432697
0.00442229
0.00431959
0.00401052
0.00349836
0.00279877
0.00193905
0.000958189
-9.4207e-05
-0.00116256
-0.00219147
-0.00312978
-0.0039332
-0.00456728
-0.00500911
-0.00524609
-0.00527356
-0.00509367
-0.00471467
-0.00414971
-0.00341619
-0.00253706
-0.00154202
-0.00046666
0.000649203
0.00176215
0.00282526
0.00378999
0.00460968
0.00524303
0.00565628
0.0058251
0.00573631
0.0053893
0.00479653
0.00398291
0.00298429
0.00184542
0.000617209
-0.000646135
-0.00188923
-0.00305681
-0.00409512
-0.00495351
-0.00558661
-0.00595733
-0.00604024
-0.00582337
-0.00530842
-0.00451126
-0.00346307
-0.00221055
-0.000814464
0.000653413
0.00211462
0.00348876
0.00469885
0.00567752
0.00637243
0.00674838
0.00678762
0.0064905
0.00587503
0.00497414
0.00383235
0.00250376
0.00104981
-0.00046381
-0.00196996
-0.00340226
-0.00469791
-0.005801
-0.00666517
-0.00725592
-0.00755256
-0.00754916
-0.00725385
-0.00668694
-0.00587907
-0.0048697
-0.00370554
-0.00243915
-0.00112717
0.000172372
0.00140333
0.00251437
0.00346155
0.00421036
0.00473694
0.00502862
0.00508373
0.00491058
0.00452519
0.00394939
0.00321021
0.00233967
0.00137417
0.000353443
-0.000680291
-0.00168303
-0.00260998
-0.00341711
-0.00406313
-0.00451132
-0.00473169
-0.0047039
-0.00441942
-0.00388198
-0.00310725
-0.00212367
-0.000972985
0.000291912
0.00161126
0.00292257
0.00416386
0.00527662
0.0062086
0.00691634
0.00736708
0.00754006
0.00742647
0.00702869
0.00635959
0.00544224
0.00430965
0.00300365
0.00157297
7.18238e-05
-0.00144107
-0.00290434
-0.00425729
-0.00544354
-0.00641376
-0.00712741
-0.00755446
-0.00767752
-0.00749349
-0.00701353
-0.00626157
-0.00527215
-0.00408788
-0.00275716
-0.00133242
0.000131887
0.00158164
0.00296503
0.00423341
0.00534193
0.00625084
0.00692716
0.00734543
0.00748772
0.00734412
0.00691512
0.00621421
0.00526793
0.00411397
0.00279926
0.00137846
-8.89404e-05
-0.00154221
-0.00292266
-0.00417622
-0.00525468
-0.00611535
-0.00672068
-0.00704014
-0.00705328
-0.0067518
-0.00614017
-0.00523629
-0.0040724
-0.0026946
-0.00116043
0.000464434
0.00210915
0.00370047
0.00516618
0.00643868
0.00745801
0.00817416
0.00854941
0.00856057
0.00820086
0.00748115
0.00642935
0.00508843
0.00351404
0.00177177
-6.60164e-05
-0.0019237
-0.003726
-0.00540146
-0.00688538
-0.00812186
-0.00906504
-0.00967983
-0.00994266
-0.00984207
-0.00937918
-0.00856801
-0.00743584
-0.00602308
-0.00438108
-0.00256956
-0.000655238
0.00128897
0.00318668
0.00496239
0.00654575
0.00787425
0.00889435
0.00956223
0.00984636
0.0097316
0.009222
0.00834083
0.00712945
0.00564574
0.00396112
0.00215593
0.000314256
-0.00148151
-0.00315624
-0.00464601
-0.00589894
-0.00687392
-0.00753997
-0.00787637
-0.00787243
-0.00752734
-0.00685198
-0.00587141
-0.00462494
-0.003164
-0.00155042
0.000145705
0.00185001
0.00348886
0.00499328
0.0063019
0.00736287
0.00813443
0.00858492
0.0086937
0.00845308
0.00786964
0.00696449
0.00577305
0.00434453
0.00274006
0.00102921
-0.00071393
-0.00241431
-0.00399941
-0.00540303
-0.00656862
-0.00745145
-0.00802014
-0.00825798
-0.0081636
-0.00775061
-0.00704641
-0.00609019
-0.00493013
-0.00362042
-0.00221867
-0.000784236
0.000623229
0.00194618
0.00313179
0.00413359
0.00491239
0.00491239
0.00543776
0.00569017
0.00566263
0.00536133
0.00480563
0.00402712
0.00306782
0.0019778
0.000812556
-0.000369824
-0.00151154
-0.00255808
-0.00346109
-0.00418075
-0.0046878
-0.00496498
-0.00500786
-0.00482448
-0.00443374
-0.00386341
-0.00314848
-0.00232966
-0.00145116
-0.000558165
0.00030544
0.00109911
0.00178761
0.00234244
0.00274289
0.00297649
0.0030386
0.00293125
0.00266237
0.00224532
0.00169806
0.00104247
0.000304204
-0.000487308
-0.00130001
-0.0021008
-0.00285663
-0.00353566
-0.00410867
-0.00455036
-0.00484023
-0.00496319
-0.00490957
-0.00467428
-0.00425641
-0.00366044
-0.00289817
-0.00198996
-0.000965119
0.000138654
0.00127748
0.00240467
0.00347339
0.00443799
0.00525548
0.0058878
0.00630461
0.00648568
0.00642186
0.00611507
0.0055786
0.00483777
0.00392912
0.00289799
0.00179523
0.00067383
-0.000415029
-0.00142608
-0.00232326
-0.00308106
-0.00368386
-0.00412443
-0.00440209
-0.00452065
-0.0044865
-0.0043077
-0.00399355
-0.00355419
-0.00300044
-0.00234514
-0.00160565
-0.000805112
2.92703e-05
0.000868741
0.00168403
0.00244595
0.00312718
0.00370381
0.00415566
0.00446623
0.00462283
0.00461671
0.004444
0.00410769
0.00361853
0.00299426
0.00225889
0.00144219
0.000578793
-0.000293654
-0.00113645
-0.00191176
-0.00258456
-0.00312424
-0.00350619
-0.00371326
-0.00373656
-0.00357563
-0.00323863
-0.00274239
-0.00211191
-0.00137911
-0.0005811
0.000242032
0.00104958
0.00180236
0.00246467
0.00300595
0.00340197
0.0036357
0.0036982
0.00358914
0.00331677
0.00289724
0.00235341
0.00171332
0.00100807
0.000269726
-0.000470535
-0.00118355
-0.00184321
-0.00242746
-0.00291901
-0.00330545
-0.00357899
-0.00373644
-0.00377939
-0.00371412
-0.00355005
-0.00329684
-0.00296169
-0.00254913
-0.00206299
-0.00150884
-0.000895733
-0.000237448
0.000447093
0.00113484
0.00180067
0.00241911
0.0029659
0.00341997
0.00376484
0.00398853
0.00408277
0.00404278
0.00386788
0.00356252
0.00313755
0.00261082
0.00200622
0.00135201
0.000679403
2.08963e-05
-0.000592418
-0.00113374
-0.00158238
-0.00192469
-0.00215436
-0.00227203
-0.00228413
-0.00220165
-0.00203951
-0.00181587
-0.0015501
-0.00126028
-0.000961767
-0.000667295
-0.000387481
-0.000130982
9.53043e-05
0.000285602
0.000434614
0.000537393
0.000589713
0.000588566
0.000532681
0.000423076
0.00026345
6.0095e-05
-0.000178654
-0.000443006
-0.000721985
-0.00100352
-0.00127463
-0.00152188
-0.00173186
-0.00189154
-0.00198853
-0.00201148
-0.00195115
-0.00180198
-0.00156307
-0.00123871
-0.000839189
-0.000381553
0.000111284
0.000613142
0.00109728
0.00153821
0.00191333
0.00220462
0.00239962
0.00249161
0.00247933
0.00236659
0.00216138
0.00187483
0.00152063
0.0011148
0.000675179
0.00022034
-0.000231761
-0.000664871
-0.00106504
-0.00142084
-0.00172367
-0.00196817
-0.00215229
-0.00227663
-0.00234323
-0.00235419
-0.00231088
-0.00221377
-0.00206279
-0.00185792
-0.00160073
-0.00129567
-0.000950018
-0.000573019
-0.000175749
0.000228832
0.000626641
0.00100342
0.00134514
0.00163849
0.00187144
0.00203396
0.00211859
0.00212115
0.00204082
0.00187949
0.00164119
0.00133206
0.000960532
0.000537611
7.66927e-05
-0.000406483
-0.000892739
-0.0013578
-0.00177263
-0.00210664
-0.00233175
-0.00242547
-0.00237395
-0.00217541
-0.00184178
-0.00139711
-0.000874226
-0.000311388
0.000251129
0.00077524
0.00122903
0.00158909
0.00184122
0.0019804
0.00201053
0.00194264
0.00179196
0.00157552
0.00131184
0.00102096
0.000722967
0.000436728
0.000179591
-3.30634e-05
-0.000189476
-0.000283433
-0.000315738
-0.000294966
-0.000236238
-0.000158094
-8.00615e-05
-2.17944e-05
-1.51855e-06
-3.26788e-05
-0.000120613
-0.000261303
-0.000442496
-0.000646035
-0.000850123
-0.0010315
-0.00116816
-0.00124177
-0.00123877
-0.00115152
-0.000980544
-0.000735939
-0.000435655
-0.000102111
0.000240118
0.000565535
0.000849396
0.00106972
0.00120875
0.00125364
0.00119664
0.00103455
0.00103455
0.000768104
0.000401895
-5.46887e-05
-0.000586157
-0.00116987
-0.0017756
-0.00236579
-0.00289731
-0.00332624
-0.00361356
-0.00372821
-0.0036478
-0.00336007
-0.00286482
-0.00217376
-0.00130879
-0.000300266
0.000814061
0.00198896
0.00317048
0.00429627
0.00529976
0.00611603
0.0066864
0.00696207
0.00690823
0.00650793
0.00576369
0.00469621
0.00334159
0.00174943
-1.80081e-05
-0.00188601
-0.00376871
-0.00557263
-0.00720226
-0.00856599
-0.00958219
-0.0101862
-0.010336
-0.0100142
-0.00922751
-0.00800638
-0.00640455
-0.00449599
-0.0023709
-0.000131317
0.00211391
0.00425465
0.00618532
0.00781162
0.00905756
0.00987023
0.0102222
0.0101129
0.00956678
0.00862962
0.00736266
0.00583889
0.00413949
0.0023489
0.000550051
-0.00117813
-0.0027619
-0.00413445
-0.00523845
-0.0060282
-0.00647165
-0.00655242
-0.00627114
-0.00564518
-0.00470768
-0.00350665
-0.00210376
-0.00057172
0.00100931
0.0025555
0.00398322
0.00521376
0.00617873
0.00682521
0.00711927
0.00704694
0.00661383
0.00584442
0.00478038
0.00347691
0.00199832
0.000414533
-0.00120212
-0.0027807
-0.00425529
-0.00556738
-0.00666775
-0.00751803
-0.00809156
-0.00837345
-0.0083604
-0.00806101
-0.00749593
-0.00669677
-0.00570352
-0.00456126
-0.00331677
-0.00201627
-0.000704473
0.000576086
0.00178662
0.00289309
0.00386572
0.00467799
0.00530687
0.00573402
0.00594667
0.00593761
0.00570554
0.00525698
0.00460816
0.00378494
0.00282146
0.00175979
0.000650055
-0.000451147
-0.00148442
-0.00239178
-0.00312087
-0.0036295
-0.00389054
-0.00389542
-0.00365443
-0.00319428
-0.0025547
-0.00178457
-0.000936917
-6.3539e-05
0.00078844
0.00157774
0.00226949
0.00283565
0.00325415
0.00350692
0.00357949
0.00346301
0.00315636
0.00266708
0.0020122
0.00121871
0.000322111
-0.000636877
-0.00161543
-0.00257128
-0.0034655
-0.00426386
-0.00493545
-0.00545046
-0.00577972
-0.00589582
-0.00577516
-0.00540206
-0.00477343
-0.00390054
-0.0028083
-0.00153553
-0.000134803
0.00133099
0.00279388
0.00418476
0.00543624
0.00648625
0.00728181
0.00778281
0.00796559
0.00782476
0.00737316
0.00664121
0.00567512
0.00453289
0.0032792
0.00198138
0.000706245
-0.000483702
-0.0015332
-0.00239556
-0.00303343
-0.00342006
-0.00354056
-0.00339283
-0.0029883
-0.00235222
-0.00152298
-0.000550915
0.000502769
0.00156766
0.00256791
0.00342863
0.00408249
0.00447342
0.00455819
0.00430986
0.00372378
0.00282239
0.00165574
0.000297356
-0.00116247
-0.00262379
-0.00398477
-0.0051509
-0.00604282
-0.00659983
-0.00678162
-0.00657147
-0.00597825
-0.00503473
-0.00379433
-0.00232807
-0.00072079
0.000934174
0.00254103
0.00400788
0.00525282
0.00620789
0.00682194
0.0070643
0.00692857
0.00643322
0.00561832
0.00454091
0.00327093
0.00188741
0.000474263
-0.000884247
-0.00210811
-0.00312562
-0.00387747
-0.00432071
-0.00443173
-0.00420706
-0.00366264
-0.00283225
-0.00176552
-0.000524762
0.000819433
0.0021934
0.00352509
0.00474704
0.00579846
0.00662777
0.00719492
0.00747221
0.00744369
0.00710455
0.0064607
0.00552835
0.00433413
0.00291559
0.00132063
-0.000395199
-0.00217176
-0.00394585
-0.00565156
-0.00722154
-0.00859008
-0.00969711
-0.010492
-0.0109364
-0.0110066
-0.0106954
-0.0100136
-0.0089888
-0.00766413
-0.00609555
-0.00434988
-0.00250186
-0.000631009
0.00118182
0.0028586
0.00432809
0.00552942
0.0064154
0.00695517
0.00713535
0.00695982
0.00644877
0.00563674
0.00457006
0.00330432
0.00190216
0.000430635
-0.00104149
-0.0024461
-0.00371814
-0.00479854
-0.00563748
-0.00619733
-0.00645505
-0.00640398
-0.00605406
-0.0054304
-0.00457073
-0.00352282
-0.00234146
-0.00108499
0.000187971
0.00142078
0.00256054
0.00356006
0.00437991
0.00499007
0.00537117
0.00551516
0.00542546
0.00511659
0.00461311
0.00394808
0.00316115
0.00229645
0.00140028
0.000518888
-0.00030421
-0.00103104
-0.00163125
-0.00208302
-0.00208302
-0.00237355
-0.0024996
-0.00246746
-0.00229185
-0.00199378
-0.00159824
-0.00113256
-0.000625005
-0.000103219
0.00040727
0.000883377
0.00130426
0.0016517
0.00191086
0.00207033
0.00212217
0.00206236
0.0018918
0.00161714
0.00125162
0.00081583
0.000337312
-0.000151982
-0.00061951
-0.00103493
-0.00137161
-0.0016084
-0.0017319
-0.00173726
-0.00162736
-0.00141155
-0.00110459
-0.000725656
-0.000297559
0.000153968
0.000601574
0.00101812
0.00137842
0.00166062
0.00184746
0.00192743
0.00189567
0.00175458
0.00151367
0.00118876
0.000800346
0.000371469
-7.43245e-05
-0.000514287
-0.000927498
-0.00129629
-0.00160734
-0.00185137
-0.00202216
-0.00211632
-0.00213361
-0.00207676
-0.00195104
-0.00176408
-0.00152554
-0.00124637
-0.000938262
-0.000613342
-0.000283954
3.75557e-05
0.000338754
0.00060706
0.000829975
0.000995394
0.00109226
0.00111199
0.00105014
0.000907046
0.00068762
0.000401175
6.08185e-05
-0.000317964
-0.000718642
-0.001124
-0.00151606
-0.00187637
-0.00218645
-0.00242862
-0.00258719
-0.0026495
-0.00260648
-0.00245364
-0.00219243
-0.00183118
-0.00138494
-0.000874501
-0.000325341
0.000233605
0.000771835
0.00126016
0.00167339
0.00199153
0.0021999
0.00228968
0.00225834
0.00210927
0.0018509
0.00149591
0.00106019
0.000561532
1.88972e-05
-0.000547581
-0.00111676
-0.00166733
-0.00217866
-0.00263087
-0.00300482
-0.00328301
-0.00345125
-0.00350005
-0.00342508
-0.00322748
-0.00291396
-0.00249661
-0.00199228
-0.00142146
-0.000806785
-0.00017133
0.000462757
0.00107486
0.00164592
0.0021587
0.00259827
0.00295223
0.00321046
0.00336522
0.0034117
0.00334839
0.0031771
0.00290281
0.0025335
0.00208023
0.0015573
0.000981951
0.000373742
-0.000245851
-0.000853848
-0.00142689
-0.00194286
-0.00238201
-0.00272747
-0.00296545
-0.00308537
-0.00308056
-0.00294929
-0.00269539
-0.00232793
-0.0018608
-0.00131247
-0.000705466
-6.5304e-05
0.000581147
0.00120739
0.00178893
0.0023045
0.00273666
0.00307203
0.00330148
0.00342003
0.0034263
0.00332155
0.0031092
0.00279532
0.00238903
0.00190241
0.00135004
0.000748908
0.000118204
-0.000521127
-0.00114721
-0.00173779
-0.00227
-0.00272025
-0.00306542
-0.00328531
-0.00336469
-0.00329424
-0.0030713
-0.0027007
-0.00219504
-0.00157405
-0.000863343
-9.29345e-05
0.000703744
0.00149052
0.0022297
0.00288437
0.00342108
0.00381197
0.00403647
0.00408269
0.00394826
0.00364037
0.00317506
0.00257612
0.00187348
0.00110116
0.000295212
-0.000507936
-0.00127283
-0.00196627
-0.00255878
-0.00302609
-0.00335039
-0.00352122
-0.00353582
-0.003399
-0.00312228
-0.00272257
-0.00222051
-0.00163915
-0.00100317
-0.000338155
0.000329889
0.000974618
0.0015691
0.00208622
0.00250019
0.0027884
0.0029329
0.00292193
0.00275153
0.00242636
0.00195929
0.00137079
0.000688913
-5.13668e-05
-0.000810567
-0.00154796
-0.00222405
-0.0028023
-0.00325084
-0.00354431
-0.00366514
-0.00360422
-0.00336116
-0.00294388
-0.00236786
-0.0016557
-0.00083663
5.43936e-05
0.000978216
0.00189329
0.00275746
0.00353005
0.00417433
0.00465983
0.00496356
0.00507045
0.00497399
0.0046769
0.00419153
0.0035395
0.00275043
0.00186007
0.000908373
-6.23475e-05
-0.00100953
-0.00189271
-0.00267551
-0.00332728
-0.00382418
-0.00414947
-0.00429337
-0.00425315
-0.0040335
-0.00364649
-0.003111
-0.00245216
-0.00170065
-0.000891581
-6.29922e-05
0.000745914
0.00149642
0.00215218
0.00268137
0.00305856
0.00326579
0.00329303
0.00313862
0.00280956
0.00232125
0.00169709
0.00096754
0.000168843
-0.000658848
-0.00147344
-0.002233
-0.0028978
-0.00343188
-0.00380461
-0.00399287
-0.00398328
-0.00377346
-0.00337194
-0.00279694
-0.00207508
-0.00124059
-0.000334128
0.000599572
0.0015148
0.00236753
0.00311742
0.00372946
0.0041758
0.0044375
0.00450584
0.00438264
0.00407962
0.00361716
0.00302269
0.00232857
0.00156972
0.000781428
-2.49545e-06
-0.000751357
-0.00143845
-0.00143845
-0.00204084
-0.00253911
-0.00291793
-0.00316669
-0.00327898
-0.00325192
-0.00308656
-0.0027891
-0.00237131
-0.00185014
-0.00124706
-0.000587459
0.000100192
0.000785305
0.00143633
0.00202231
0.00251476
0.00288942
0.00312782
0.00321841
0.00315686
0.00294609
0.00259622
0.00212431
0.00155325
0.000910361
0.000225877
-0.000468488
-0.00114109
-0.00176187
-0.00230379
-0.00274429
-0.00306637
-0.00325921
-0.00331826
-0.00324491
-0.00304561
-0.00273074
-0.00231398
-0.00181179
-0.00124301
-0.000628615
8.17649e-06
0.000642375
0.00124858
0.00180257
0.00228231
0.00266895
0.00294792
0.00310962
0.00314947
0.00306778
0.0028696
0.00256444
0.00216596
0.00169172
0.00116269
0.000602353
3.59429e-05
-0.000510336
-0.00101063
-0.00144123
-0.00178219
-0.00201856
-0.00214117
-0.00214716
-0.0020397
-0.00182738
-0.00152346
-0.00114521
-0.000713014
-0.000249401
0.000221797
0.000676351
0.00109086
0.00144417
0.00171861
0.00190093
0.00198273
0.00196036
0.00183447
0.0016094
0.00129267
0.000894474
0.000427644
-9.2186e-05
-0.000646812
-0.0012161
-0.00177833
-0.00231031
-0.00278806
-0.00318832
-0.0034903
-0.00367697
-0.0037361
-0.00366096
-0.0034507
-0.00311044
-0.00265078
-0.00208725
-0.0014399
-0.000732869
6.13167e-06
0.000746839
0.00145789
0.00210856
0.00267033
0.00311854
0.00343413
0.00360515
0.00362739
0.00350433
0.00324694
0.00287307
0.00240585
0.00187179
0.00129894
0.000715238
0.000146559
-0.000384562
-0.000859221
-0.001262
-0.0015814
-0.0018105
-0.00194698
-0.00199264
-0.00195297
-0.00183689
-0.00165623
-0.00142507
-0.00115887
-0.000873566
-0.000584848
-0.000307857
-5.66085e-05
0.000156937
0.000323802
0.00043853
0.000499111
0.00050645
0.000463963
0.000377529
0.000255177
0.000106157
-6.01621e-05
-0.00023499
-0.000410307
-0.000578794
-0.000733688
-0.000868593
-0.000977265
-0.00105366
-0.00109235
-0.00108903
-0.00104082
-0.000946787
-0.000808684
-0.000631297
-0.00042218
-0.000191127
5.03355e-05
0.000289731
0.000514828
0.000714731
0.000880489
0.00100555
0.00108639
0.00112276
0.00111719
0.00107425
0.00100006
0.000902052
0.000788456
0.00066766
0.00054778
0.000436202
0.000338985
0.000260363
0.000202531
0.000165687
0.000148439
0.000148411
0.000162573
0.000187357
0.000219135
0.000255007
0.000293316
0.000333589
0.000376156
0.000421748
0.000471184
0.000525096
0.000583506
0.000645307
0.000707858
0.000766768
0.000815888
0.000847817
0.000855079
0.000831303
0.000771585
0.000672427
0.000532113
0.000351262
0.000132843
-0.000118189
-0.000395133
-0.000689403
-0.000989946
-0.00128269
-0.00155112
-0.00177823
-0.00194835
-0.00204809
-0.00206718
-0.00199961
-0.0018449
-0.0016087
-0.00130263
-0.000943418
-0.000551501
-0.000149498
0.000239794
0.000595281
0.000898623
0.0011349
0.00129354
0.00136894
0.00136015
0.00127022
0.00110596
0.000877613
0.000598149
0.000282471
-5.31151e-05
-0.000391514
-0.000715555
-0.00100864
-0.00125542
-0.0014426
-0.00155979
-0.00160017
-0.0015606
-0.0014415
-0.00124665
-0.000983018
-0.00066032
-0.000290616
0.000112203
0.000532896
0.00095519
0.00136195
0.00173563
0.00205918
0.00231692
0.00249513
0.00258227
0.00256969
0.00245286
0.00223249
0.00191499
0.0015121
0.00104068
0.000522082
-1.93248e-05
-0.000558221
-0.00106993
-0.00153168
-0.0019241
-0.00223231
-0.00244632
-0.00256084
-0.0025751
-0.00249243
-0.00231939
-0.00206487
-0.00173975
-0.001357
-0.000931615
-0.000480064
-1.99241e-05
0.000430268
0.000851459
0.00122511
0.0015345
0.00176578
0.00190894
0.00195863
0.00191469
0.00178202
0.00157007
0.00129205
0.000964084
0.00060404
0.000230242
-0.000139337
-0.000487582
-0.000798787
-0.00105924
-0.0012576
-0.00138509
-0.00143597
-0.00140789
-0.00130205
-0.00112317
-0.000879218
-0.000581126
-0.000242051
0.000123513
0.000500573
0.000874294
0.0012304
0.00155526
0.00183579
0.00205974
0.00221623
0.00229612
0.0022923
0.00220042
0.00201992
0.00175449
0.00141227
0.00141227
0.00100607
0.000553407
7.52747e-05
-0.000405765
-0.000867241
-0.00128793
-0.00164912
-0.00193583
-0.00213743
-0.00224765
-0.00226417
-0.00218821
-0.00202401
-0.00177847
-0.0014613
-0.00108513
-0.000665107
-0.000218039
0.000238327
0.000685782
0.00110645
0.00148381
0.00180352
0.0020538
0.00222533
0.00231098
0.00230596
0.00220853
0.00202072
0.0017485
0.00140174
0.00099422
0.000543225
6.85755e-05
-0.000408684
-0.000867637
-0.0012887
-0.00165454
-0.00195051
-0.00216495
-0.0022894
-0.00231895
-0.00225252
-0.00209298
-0.00184729
-0.00152657
-0.00114566
-0.000722273
-0.000276179
0.000171888
0.000601422
0.000993262
0.00133038
0.0015985
0.00178662
0.00188744
0.00189764
0.00181804
0.00165364
0.00141337
0.00110971
0.000758073
0.000375983
-1.79728e-05
-0.000405093
-0.00076739
-0.00108827
-0.00135308
-0.00154959
-0.00166854
-0.0017041
-0.00165412
-0.00152026
-0.00130805
-0.00102672
-0.000688912
-0.000310185
9.16824e-05
0.000497439
0.000887278
0.00124198
0.00154405
0.00177855
0.00193359
0.00200094
0.00197661
0.00186106
0.00165908
0.00137943
0.00103423
0.000638357
0.000209049
-0.00023454
-0.000671943
-0.00108233
-0.00144562
-0.00174344
-0.00196023
-0.00208443
-0.00210946
-0.00203413
-0.00186241
-0.00160324
-0.00126991
-0.000879058
-0.000449563
-1.69269e-06
0.000443669
0.000865981
0.00124596
0.00156636
0.00181273
0.00197404
0.00204327
0.00201763
0.00189882
0.00169292
0.00141017
0.00106434
0.000672088
0.000252282
-0.000174907
-0.000589076
-0.000970744
-0.00130232
-0.0015689
-0.00175909
-0.00186563
-0.00188566
-0.00182056
-0.00167565
-0.00145981
-0.00118486
-0.000864908
-0.000515623
-0.000153458
0.000205162
0.000544622
0.000850788
0.00111156
0.00131725
0.00146087
0.00153836
0.00154883
0.00149437
0.00137977
0.00121209
0.00100028
0.000754763
0.00048698
0.000208826
-6.80578e-05
-0.000332826
-0.000575743
-0.000788466
-0.00096433
-0.00109844
-0.0011875
-0.00122954
-0.00122389
-0.00117137
-0.00107449
-0.000937669
-0.000767505
-0.00057293
-0.000364886
-0.000155514
4.27721e-05
0.000218217
0.000360968
0.000464336
0.000525329
0.000544331
0.00052457
0.000471585
0.000392319
0.000293941
0.000183129
6.60466e-05
-5.15616e-05
-0.000164502
-0.000268095
-0.000357865
-0.000429496
-0.000479203
-0.000504008
-0.000501701
-0.000470892
-0.000411325
-0.000324133
-0.00021185
-7.8492e-05
7.01556e-05
0.000226433
0.000381342
0.000525482
0.00064979
0.000746049
0.000807545
0.000829842
0.000811258
0.000752854
0.000658097
0.00053234
0.00038225
0.00021528
3.92382e-05
-0.000138034
-0.000308943
-0.000466516
-0.000604867
-0.000719539
-0.000807556
-0.00086724
-0.000897972
-0.000899979
-0.000874089
-0.00082158
-0.000744332
-0.000645088
-0.000527478
-0.000395872
-0.000255393
-0.000111982
2.77935e-05
0.000157121
0.000269333
0.000358298
0.000418807
0.000446902
0.000440195
0.000398172
0.000322333
0.000216232
8.54674e-05
-6.25521e-05
-0.000219279
-0.000375852
-0.000523699
-0.000654979
-0.000763116
-0.000843253
-0.000892323
-0.000908881
-0.000892961
-0.00084593
-0.000770241
-0.000669162
-0.000546551
-0.000406632
-0.000253806
-9.25153e-05
7.2829e-05
0.000237871
0.000398282
0.000549771
0.000688246
0.000810019
0.000911895
0.00099128
0.00104636
0.00107614
0.00108023
0.00105867
0.00101183
0.000940512
0.00084624
0.000731508
0.000599754
0.000455079
0.000302128
0.000146026
-7.9751e-06
-0.00015505
-0.000291191
-0.000413374
-0.000519512
-0.000608107
-0.000677805
-0.000727289
-0.000755553
-0.000762148
-0.000747272
-0.000711972
-0.000658578
-0.000590978
-0.000514427
-0.000435098
-0.000359576
-0.000294231
-0.000244383
-0.00021358
-0.000203275
-0.000212732
-0.000239032
-0.000277446
-0.000322393
-0.000368384
-0.000410284
-0.000443269
-0.000463158
-0.00046682
-0.000452167
-0.000417953
-0.000363714
-0.000289735
-0.000197006
-8.73319e-05
3.65016e-05
0.000170819
0.000311385
0.000453705
0.000593191
0.000725365
0.000846152
0.000952173
0.00104087
0.00111044
0.00115971
0.00118784
0.00119421
0.00117853
0.00117853
0.00114096
0.00108202
0.00100254
0.000903714
0.000787444
0.000656579
0.000514739
0.000365857
0.000213766
6.18994e-05
-8.69157e-05
-0.00023047
-0.000367084
-0.000495563
-0.000615008
-0.000724333
-0.000821897
-0.000905612
-0.000973256
-0.00102262
-0.00105157
-0.00105827
-0.00104177
-0.00100238
-0.000941563
-0.000861586
-0.000765199
-0.00065545
-0.000535585
-0.000409068
-0.00027953
-0.00015048
-2.5026e-05
9.41598e-05
0.000204751
0.00030478
0.000392759
0.000467754
0.000529309
0.000577214
0.000611284
0.000631299
0.000637087
0.000628642
0.000606258
0.000570679
0.000523308
0.000466324
0.000402608
0.000335582
0.000269125
0.000207367
0.00015415
0.000112416
8.39075e-05
6.91513e-05
6.74696e-05
7.7074e-05
9.53914e-05
0.000119389
0.000145674
0.000170588
0.000190533
0.000202298
0.00020318
0.000191006
0.000164183
0.000121747
6.34206e-05
-1.03307e-05
-9.82279e-05
-0.00019811
-0.000306812
-0.000419977
-0.000531875
-0.000635558
-0.000723627
-0.000789279
-0.000826879
-0.000832148
-0.000802591
-0.000738169
-0.000641573
-0.000517874
-0.000373837
-0.000217227
-5.61923e-05
0.000101237
0.000247558
0.000376136
0.000481499
0.000559599
0.000607989
0.00062579
0.000613503
0.000572862
0.000506756
0.000419079
0.000314462
0.000198003
7.51086e-05
-4.86415e-05
-0.000167697
-0.000276765
-0.000370995
-0.000446156
-0.000498832
-0.000526491
-0.00052744
-0.000500788
-0.000446473
-0.000365318
-0.000259179
-0.000131117
1.45429e-05
0.000172152
0.000334575
0.000493213
0.000638667
0.000761841
0.000854741
0.000910866
0.000925585
0.000896572
0.000823959
0.000710185
0.000559741
0.000378898
0.000175431
-4.16354e-05
-0.000262407
-0.000476706
-0.000674678
-0.000847285
-0.000986762
-0.00108705
-0.0011441
-0.001156
-0.00112284
-0.00104647
-0.000930198
-0.000778521
-0.000597141
-0.000392941
-0.000173756
5.19801e-05
0.000275498
0.000487851
0.000680207
0.000844321
0.000973072
0.0010609
0.00110413
0.00110116
0.00105259
0.000961255
0.000832166
0.000672247
0.000490017
0.000295107
9.76303e-05
-9.24285e-05
-0.000265691
-0.000413783
-0.000529762
-0.000608511
-0.000646957
-0.000644147
-0.000601212
-0.000521247
-0.00040908
-0.00027099
-0.000114335
5.28971e-05
0.000222555
0.000386793
0.000538509
0.000671671
0.000781417
0.000864072
0.000917228
0.000939826
0.000932089
0.000895332
0.00083176
0.000744321
0.00063665
0.000513012
0.000378185
0.000237304
9.57724e-05
-4.0809e-05
-0.000166767
-0.000276523
-0.00036476
-0.000426739
-0.000458806
-0.000458814
-0.000426212
-0.000361977
-0.00026863
-0.000150218
-1.2141e-05
0.000139074
0.000295992
0.000450565
0.000594512
0.000719754
0.000818982
0.000886236
0.000917226
0.000909441
0.000862291
0.000777201
0.000657487
0.000508078
0.000335216
0.00014609
-5.15453e-05
-0.000249689
-0.000440385
-0.000616113
-0.000770189
-0.000897129
-0.000992959
-0.00105544
-0.00108414
-0.00108031
-0.00104679
-0.000987695
-0.000908194
-0.000814075
-0.000711411
-0.000606287
-0.000504572
-0.000411671
-0.000332264
-0.000270113
-0.000228009
-0.00020778
-0.000210232
-0.000235046
-0.000280746
-0.00034477
-0.000423612
-0.000513042
-0.000608363
-0.000704615
-0.000796771
-0.000880016
-0.000950061
-0.00100332
-0.00103687
-0.00104842
-0.00103631
-0.000999521
-0.000937909
-0.000852407
-0.000745162
-0.000619494
-0.000479942
-0.000332298
-0.000183279
-3.98681e-05
9.12736e-05
0.000204184
0.000293965
0.000357141
0.000391839
0.000397778
0.000376157
0.000329474
0.000261287
0.000175968
7.84893e-05
-2.57409e-05
-0.000131046
-0.000231685
-0.000322056
-0.000396878
-0.000451494
-0.00048231
-0.000487152
-0.000465388
-0.000417937
-0.000347213
-0.000256912
-0.000151688
-3.68663e-05
8.18164e-05
0.000198569
0.000307915
0.000404933
0.000485391
0.000545872
0.000583887
0.00059797
0.000587749
0.000554016
0.000498738
0.000425
0.000336901
0.000239407
0.00013808
3.86963e-05
-5.31379e-05
-0.000132261
-0.000194143
-0.000235088
-0.000252441
-0.00024473
-0.000211684
-0.000154185
-7.41823e-05
2.5363e-05
0.000140514
0.000266406
0.000397393
0.000527345
0.00065001
0.000759355
0.000849893
0.000849893
0.000917086
0.00095766
0.000969693
0.000952515
0.000906572
0.000833274
0.000734855
0.000614347
0.000475579
0.000323085
0.000161989
-2.02912e-06
-0.000162758
-0.000313645
-0.000448142
-0.00056009
-0.000644072
-0.000695792
-0.000712507
-0.00069331
-0.000639094
-0.000552357
-0.000437083
-0.000298561
-0.000143023
2.27865e-05
0.000191954
0.000357719
0.000513798
0.000654595
0.000775288
0.000871937
0.00094162
0.000982467
0.000993505
0.000974522
0.000926195
0.000850356
0.000750119
0.000629775
0.000494687
0.000351155
0.000206111
6.66409e-05
-6.04617e-05
-0.000169093
-0.000254212
-0.000312158
-0.000340831
-0.000339776
-0.000310219
-0.00025502
-0.000178518
-8.62095e-05
1.57056e-05
0.000120756
0.000222504
0.000314826
0.000392309
0.000450646
0.000486807
0.000499005
0.00048662
0.000450151
0.00039115
0.000312189
0.000216862
0.000109754
-3.68397e-06
-0.000117334
-0.000224707
-0.000319347
-0.000395368
-0.000447948
-0.000473565
-0.00047007
-0.000436777
-0.000374519
-0.000285534
-0.000173297
-4.24921e-05
0.000100936
0.000249786
0.000395784
0.00053016
0.000644499
0.00073138
0.00078469
0.000799952
0.000774739
0.000708872
0.00060431
0.000464922
0.00029632
0.000105802
-9.76594e-05
-0.000303744
-0.000501534
-0.000680317
-0.000830189
-0.000942628
-0.00101116
-0.00103194
-0.00100405
-0.000929394
-0.000812338
-0.000659241
-0.000477912
-0.000277085
-6.6001e-05
0.000145913
0.000349422
0.000535966
0.000698087
0.000829691
0.000926241
0.000984945
0.00100489
0.00098702
0.000934015
0.000850036
0.000740487
0.000611738
0.000470817
0.000325066
0.000181746
4.76701e-05
-7.10843e-05
-0.000169385
-0.00024324
-0.000289943
-0.000308133
-0.000297747
-0.000259943
-0.000197041
-0.000112488
-1.08834e-05
0.000101909
0.000218772
0.000331685
0.000432335
0.000512719
0.000565774
0.000586135
0.000570847
0.000519603
0.000434459
0.00031941
0.000179979
2.26285e-05
-0.000145981
-0.000319498
-0.000492
-0.000657982
-0.000812324
-0.000950083
-0.00106627
-0.00115602
-0.00121514
-0.00124053
-0.00123038
-0.00118445
-0.00110438
-0.000993702
-0.000857546
-0.000702183
-0.000534694
-0.000362567
-0.000193258
-3.38935e-05
0.00010893
0.000229395
0.000322736
0.000385416
0.000415253
0.000411559
0.000375214
0.000308612
0.000215508
0.000100853
-2.93515e-05
-0.000168207
-0.000308153
-0.000441267
-0.000559637
-0.000655825
-0.000723513
-0.000758148
-0.000757325
-0.000720936
-0.00065123
-0.00055264
-0.000431173
-0.00029369
-0.000147461
1.14386e-07
0.000141925
0.000271584
0.000383658
0.000473786
0.000538844
0.000577062
0.000588033
0.00057269
0.000533235
0.000472958
0.000396005
0.000307131
0.000211353
0.00011356
1.8237e-05
-7.06533e-05
-0.000149729
-0.000216275
-0.000268315
-0.00030464
-0.000324777
-0.000328938
-0.000318008
-0.00029354
-0.000257691
-0.000213041
-0.000162353
-0.000108342
-5.3499e-05
-1.67984e-09
5.03431e-05
9.61118e-05
0.000136191
0.00016969
0.000195954
0.000214635
0.000225691
0.000229353
0.000226147
0.000216903
0.000202723
0.000184919
0.000164929
0.000144201
0.000124113
0.000105942
9.08436e-05
7.98076e-05
7.36217e-05
7.2849e-05
7.78288e-05
8.87131e-05
0.000105546
0.000128378
0.000157374
0.000192827
0.000234907
0.000283203
0.000336352
0.000391894
0.000446235
0.000494842
0.000532888
0.000556077
0.000561072
0.000545622
0.000508835
0.000451403
0.000375366
0.000283629
0.000179616
6.70304e-05
-5.03865e-05
-0.000168971
-0.00028508
-0.000395069
-0.000495348
-0.000582429
-0.00065291
-0.00070357
-0.000731742
-0.000735767
-0.000715175
-0.000670554
-0.000603442
-0.000516322
-0.000412559
-0.000296247
-0.000171997
-4.46279e-05
8.11933e-05
0.000201193
0.000311561
0.000408966
0.00049061
0.00055425
0.000598083
0.000620632
0.000620852
0.000598451
0.000554104
0.000489445
0.000407034
0.000310346
0.00020366
9.17844e-05
-2.02652e-05
-0.0001276
-0.000225762
-0.00031094
-0.000380063
-0.000430838
-0.000461784
-0.000472261
-0.000462398
-0.000432947
-0.000385177
-0.00032091
-0.000242562
-0.000153084
-5.58458e-05
4.54009e-05
0.000146526
0.000243115
0.000330692
0.000404992
0.000404992
0.000462255
0.000499546
0.000515095
0.000508489
0.000480636
0.000433635
0.000370644
0.000295636
0.000213008
0.000127246
4.27318e-05
-3.64376e-05
-0.000106746
-0.000165538
-0.000211131
-0.000242769
-0.00026054
-0.000265311
-0.000258635
-0.000242582
-0.000219542
-0.000192049
-0.000162676
-0.000133973
-0.000108407
-8.82762e-05
-7.55639e-05
-7.17186e-05
-7.74139e-05
-9.24031e-05
-0.000115484
-0.000144597
-0.000177155
-0.000210456
-0.000241929
-0.000269242
-0.000290528
-0.000304621
-0.000311014
-0.000309649
-0.000300762
-0.000284804
-0.000262385
-0.000234253
-0.000201331
-0.000164724
-0.000125675
-8.55076e-05
-4.56011e-05
-7.35656e-06
2.78947e-05
5.90044e-05
8.50696e-05
0.000105438
0.000119705
0.00012773
0.00012965
0.000125882
0.000117124
0.000104321
8.85962e-05
7.11536e-05
5.31559e-05
3.55717e-05
1.90232e-05
3.69241e-06
-1.06821e-05
-2.46916e-05
-3.90312e-05
-5.43024e-05
-7.09863e-05
-8.94818e-05
-0.000110045
-0.000132714
-0.000157351
-0.000183747
-0.000211669
-0.000240864
-0.000271055
-0.000301903
-0.000332983
-0.000363799
-0.000393851
-0.000422644
-0.000449646
-0.000474252
-0.000495856
-0.000513964
-0.000528234
-0.000538462
-0.000544594
-0.000546773
-0.000545359
-0.000540921
-0.000534189
-0.000525977
-0.00051707
-0.000508057
-0.000499175
-0.000490248
-0.000480731
-0.000469758
-0.000456184
-0.000438624
-0.000415552
-0.000385432
-0.000346854
-0.0002987
-0.000240403
-0.00017222
-9.53397e-05
-1.17531e-05
7.60052e-05
0.000165072
0.00025241
0.000334977
0.000409918
0.000474726
0.000527331
0.000566133
0.000589995
0.000598204
0.000590497
0.000567117
0.000528844
0.000476963
0.000413211
0.000339708
0.000258891
0.000173416
8.60088e-05
-6.91912e-07
-8.42208e-05
-0.000162316
-0.000232957
-0.000294428
-0.000345395
-0.000384888
-0.000412138
-0.000426327
-0.0004265
-0.000411748
-0.000381468
-0.000335511
-0.000274309
-0.000199097
-0.000112124
-1.6637e-05
8.33947e-05
0.000183618
0.000279575
0.00036698
0.000442052
0.000501771
0.000543956
0.000567287
0.000571333
0.000556522
0.000524043
0.000475801
0.000414396
0.000343003
0.000265199
0.000184799
0.000105691
3.1636e-05
-3.39457e-05
-8.81235e-05
-0.000128589
-0.000153765
-0.000162875
-0.00015595
-0.000133798
-9.79418e-05
-5.0543e-05
5.71804e-06
6.77975e-05
0.000132467
0.000196475
0.000256683
0.000310207
0.000354555
0.000387733
0.000408361
0.00041581
0.000410302
0.000392928
0.000365574
0.000330714
0.000291137
0.000249755
0.000209484
0.000173048
0.000142764
0.000120424
0.000107323
0.000104274
0.000111574
0.000128942
0.000155435
0.000189461
0.000228919
0.000271395
0.000314307
0.000355042
0.000391117
0.000420352
0.000441004
0.000451794
0.000451878
0.000440814
0.000418573
0.000385558
0.000342633
0.000291111
0.000232699
0.000169405
0.000103458
3.72056e-05
-2.70118e-05
-8.69971e-05
-0.000140789
-0.000186669
-0.000223121
-0.000248832
-0.00026277
-0.000264304
-0.000253281
-0.000230043
-0.000195423
-0.000150713
-9.75789e-05
-3.79497e-05
2.60665e-05
9.22471e-05
0.000158306
0.000221923
0.000280798
0.000332771
0.000375958
0.000408843
0.000430354
0.000439986
0.000437873
0.000424764
0.000401932
0.00037107
0.000334152
0.000293264
0.000250472
0.000207745
0.0001669
0.000129548
9.70272e-05
7.02684e-05
4.95994e-05
3.45474e-05
2.38055e-05
1.547e-05
7.54023e-06
-1.50849e-06
-1.2434e-05
-2.53513e-05
-3.99364e-05
-5.54529e-05
-7.0848e-05
-8.51087e-05
-9.75911e-05
-0.000108073
-0.000116703
-0.000123976
-0.000130583
-0.00013717
-0.000144235
-0.000152194
-0.000161421
-0.000172206
-0.000184742
-0.000199183
-0.000215659
-0.000234215
-0.000254755
-0.000277009
-0.000300449
-0.000324183
-0.000346915
-0.000367053
-0.000382848
-0.000392506
-0.000394342
-0.000387031
-0.000369806
-0.000342461
-0.000305314
-0.000259226
-0.000205601
-0.000146283
-8.34636e-05
-1.96053e-05
4.26792e-05
0.000100769
0.000152153
0.000194589
0.000226276
0.000245965
0.000253015
0.000247485
0.000230185
0.000202599
0.000166725
0.000124922
7.9764e-05
3.38983e-05
-1.00955e-05
-4.98051e-05
-8.30801e-05
-0.000108128
-0.000123605
-0.0001287
-0.000123207
-0.000107559
-8.28294e-05
-8.28294e-05
-5.07169e-05
-1.35145e-05
2.59867e-05
6.46846e-05
9.94629e-05
0.000127492
0.000146373
0.000154205
0.000149739
0.000132585
0.000103253
6.30131e-05
1.37132e-05
-4.23761e-05
-0.000102722
-0.000164675
-0.000225611
-0.00028306
-0.000334825
-0.000379041
-0.000414201
-0.000439157
-0.000453122
-0.000455676
-0.000446761
-0.00042664
-0.000395796
-0.000354838
-0.000304481
-0.000245609
-0.000179304
-0.000106816
-2.95582e-05
5.08246e-05
0.000132348
0.000212626
0.00028891
0.000358197
0.000417381
0.000463487
0.000494044
0.00050743
0.000502948
0.000480769
0.000441957
0.000388477
0.000323006
0.000248694
0.000168986
8.74307e-05
7.47486e-06
-6.76796e-05
-0.000135186
-0.000192729
-0.000238722
-0.000272391
-0.000293764
-0.000303576
-0.000303082
-0.000293824
-0.000277439
-0.000255476
-0.000229176
-0.000199374
-0.000166682
-0.000131792
-9.55741e-05
-5.8989e-05
-2.30682e-05
1.10553e-05
4.22199e-05
6.93747e-05
9.16714e-05
0.000108515
0.00011958
0.000124741
0.000123971
0.000117334
0.000105066
8.76258e-05
6.56927e-05
4.01409e-05
1.20273e-05
-1.74254e-05
-4.68826e-05
-7.49846e-05
-0.000100415
-0.000121946
-0.000138505
-0.000149235
-0.000153523
-0.000151014
-0.000141669
-0.000125838
-0.000104293
-7.82263e-05
-4.91938e-05
-1.89929e-05
1.04833e-05
3.73904e-05
6.0071e-05
7.71624e-05
8.76359e-05
9.08043e-05
8.6355e-05
7.43934e-05
5.54452e-05
3.04165e-05
5.41207e-07
-3.26768e-05
-6.7539e-05
-0.000102259
-0.000135089
-0.000164433
-0.00018893
-0.000207504
-0.000219382
-0.00022412
-0.000221635
-0.000212261
-0.000196779
-0.000176408
-0.000152774
-0.000127825
-0.000103644
-8.22341e-05
-6.54004e-05
-5.46734e-05
-5.11628e-05
-5.53928e-05
-6.72507e-05
-8.6066e-05
-0.000110744
-0.000139889
-0.000171893
-0.000204997
-0.000237329
-0.00026694
-0.000291838
-0.000310065
-0.000319808
-0.000319504
-0.000308002
-0.000284715
-0.000249686
-0.000203577
-0.000147721
-8.4191e-05
-1.57073e-05
5.45903e-05
0.000123396
0.000187445
0.000243705
0.000289565
0.000323012
0.000342763
0.000348311
0.000339935
0.000318695
0.000286369
0.000245275
0.000198061
0.000147538
9.65091e-05
4.75732e-05
2.96954e-06
-3.54518e-05
-6.61984e-05
-8.81617e-05
-0.000100669
-0.000103467
-9.66665e-05
-8.07365e-05
-5.65003e-05
-2.50757e-05
1.22167e-05
5.39553e-05
9.87161e-05
0.0001451
0.000191702
0.000237135
0.000280117
0.000319482
0.000354103
0.000382849
0.000404648
0.000418586
0.00042401
0.000420616
0.000408507
0.000388215
0.000360695
0.000327269
0.000289537
0.000249274
0.000208324
0.000168494
0.000131477
9.87969e-05
7.17505e-05
5.13468e-05
3.82678e-05
3.28617e-05
3.51384e-05
4.47607e-05
6.10549e-05
8.305e-05
0.000109522
0.000139025
0.00016992
0.000200408
0.000228584
0.000252518
0.000270394
0.000280683
0.000282313
0.000274775
0.000258172
0.000233246
0.000201353
0.000164301
0.000124098
8.28023e-05
4.24484e-05
4.94613e-06
-2.80553e-05
-5.52402e-05
-7.56505e-05
-8.87401e-05
-9.44226e-05
-9.30416e-05
-8.52838e-05
-7.20704e-05
-5.44448e-05
-3.3505e-05
-1.03698e-05
1.38723e-05
3.82064e-05
6.16715e-05
8.33272e-05
0.000102266
0.000117639
0.000128656
0.000134602
0.00013488
0.000129094
0.000117099
9.9014e-05
7.52222e-05
4.63953e-05
1.34927e-05
-2.22682e-05
-5.9464e-05
-9.65399e-05
-0.000131909
-0.000164063
-0.000191683
-0.000213712
-0.000229405
-0.000238374
-0.000240654
-0.000236739
-0.000227531
-0.000214223
-0.000198199
-0.000180969
-0.000164095
-0.000149095
-0.000137365
-0.000130095
-0.000128213
-0.000132361
-0.000142912
-0.000159964
-0.000183321
-0.000212492
-0.000246712
-0.000284909
-0.000325607
-0.000366825
-0.000406114
-0.000440783
-0.000468192
-0.000485932
-0.000491981
-0.000484922
-0.000464182
-0.000430154
-0.000384152
-0.000328262
-0.000265171
-0.000197946
-0.000129763
-6.36933e-05
-2.59485e-06
5.09821e-05
9.49267e-05
0.000127653
0.0001481
0.000155738
0.000150604
0.000133299
0.000104942
6.71196e-05
2.18311e-05
-2.8602e-05
-8.16644e-05
-0.000134766
-0.000185337
-0.000230922
-0.00026929
-0.000298544
-0.000317203
-0.000324253
-0.000319189
-0.000302018
-0.000273198
-0.000233566
-0.000184292
-0.000126853
-6.29633e-05
5.45795e-06
5.45795e-06
7.62823e-05
0.000147152
0.000215535
0.000278829
0.000334466
0.000380061
0.000413638
0.000433847
0.000440048
0.000432295
0.000411363
0.000378802
0.000336896
0.000288517
0.000236917
0.000185479
0.000137407
9.53716e-05
6.12305e-05
3.59568e-05
1.97356e-05
1.2084e-05
1.19569e-05
1.79316e-05
2.84633e-05
4.20701e-05
5.7392e-05
7.32316e-05
8.86368e-05
0.000102922
0.000115568
0.000126126
0.000134241
0.000139689
0.000142327
0.00014202
0.000138595
0.000131839
0.000121515
0.000107429
8.95022e-05
6.78623e-05
4.2933e-05
1.54813e-05
-1.34217e-05
-4.24937e-05
-7.03558e-05
-9.5674e-05
-0.000117308
-0.000134414
-0.000146477
-0.00015337
-0.000155485
-0.000153846
-0.000150019
-0.000145857
-0.00014327
-0.000144009
-0.000149377
-0.000159931
-0.000175439
-0.000195044
-0.000217482
-0.000241238
-0.00026472
-0.000286462
-0.000305256
-0.00032015
-0.000330382
-0.000335345
-0.000334558
-0.000327657
-0.000314488
-0.000295243
-0.000270515
-0.000241261
-0.000208754
-0.000174534
-0.000140258
-0.000107524
-7.77568e-05
-5.21536e-05
-3.16274e-05
-1.67416e-05
-7.64599e-06
-4.01399e-06
-5.01647e-06
-9.37103e-06
-1.54501e-05
-2.14225e-05
-2.5443e-05
-2.58445e-05
-2.12378e-05
-1.05495e-05
6.9137e-06
3.14285e-05
6.29057e-05
0.000100927
0.000144664
0.000192716
0.000242954
0.000292477
0.00033788
0.000375733
0.000402922
0.000416782
0.000415298
0.000397369
0.000362935
0.00031289
0.000248907
0.000173249
8.86536e-05
-1.67784e-06
-9.41074e-05
-0.000184727
-0.000269608
-0.000345034
-0.000407691
-0.00045487
-0.000484666
-0.000496127
-0.000489285
-0.000465063
-0.000425146
-0.000371844
-0.000307945
-0.000236601
-0.000161232
-8.53978e-05
-1.26388e-05
5.37162e-05
0.000110754
0.000156197
0.000188576
0.000207313
0.000212706
0.000205811
0.000188243
0.000161991
0.000129304
9.26122e-05
5.43618e-05
1.68388e-05
-1.79204e-05
-4.81498e-05
-7.23881e-05
-8.95177e-05
-9.87941e-05
-9.98722e-05
-9.27906e-05
-7.78945e-05
-5.57535e-05
-2.7103e-05
7.21503e-06
4.62758e-05
8.90227e-05
0.000134225
0.00018053
0.000226552
0.000270914
0.00031228
0.000349417
0.000381232
0.000406793
0.000425368
0.00043645
0.000439787
0.000435422
0.000423739
0.000405469
0.000381662
0.000353644
0.000322935
0.000291145
0.000259841
0.000230425
0.000204059
0.000181616
0.000163676
0.000150566
0.000142423
0.000139197
0.000140636
0.000146299
0.000155595
0.000167791
0.000182005
0.000197241
0.000212439
0.000226522
0.000238455
0.000247319
0.000252369
0.000253041
0.000248962
0.00023999
0.000226224
0.000207982
0.000185785
0.000160369
0.000132649
0.000103668
7.45458e-05
4.64095e-05
2.03172e-05
-2.79411e-06
-2.21383e-05
-3.71157e-05
-4.73463e-05
-5.26805e-05
-5.31956e-05
-4.91846e-05
-4.11336e-05
-2.96858e-05
-1.55906e-05
3.6649e-07
1.74376e-05
3.49595e-05
5.23705e-05
6.92117e-05
8.51133e-05
9.97517e-05
0.00011281
0.000123963
0.000132847
0.000138964
0.000141651
0.000140192
0.00013399
0.00012265
0.000105995
8.40943e-05
5.73044e-05
2.62722e-05
-8.11574e-06
-4.48085e-05
-8.26616e-05
-0.000120472
-0.000156965
-0.000190758
-0.000220381
-0.000244376
-0.000261431
-0.000270477
-0.000270758
-0.000261943
-0.000244188
-0.000218078
-0.000184516
-0.000144635
-9.97366e-05
-5.12178e-05
-5.50052e-07
5.07295e-05
0.00010104
0.000148758
0.000192217
0.000229792
0.000260084
0.000282111
0.000295442
0.000300306
0.00029763
0.000288911
0.000276
0.000260938
0.00024582
0.000232586
0.000222718
0.000216994
0.000215421
0.000217341
0.000221597
0.00022669
0.000230975
0.000232919
0.000231313
0.000225287
0.000214267
0.000197992
0.000176498
0.000150013
0.000118897
8.36754e-05
4.50639e-05
3.99604e-06
-3.83184e-05
-8.04038e-05
-0.000120671
-0.000157598
-0.000189863
-0.000216479
-0.000236943
-0.000251309
-0.000260098
-0.000264119
-0.000264291
-0.000261462
-0.00025627
-0.000249147
-0.000240446
-0.000230532
-0.000219782
-0.000208611
-0.000197538
-0.000187197
-0.000178252
-0.000171307
-0.000166848
-0.00016519
-0.000166442
-0.000170544
-0.0001773
-0.000186374
-0.000197259
-0.000209285
-0.000221677
-0.000233637
-0.0002444
-0.000253266
-0.000259624
-0.000259624
-0.00026301
-0.000263174
-0.000260119
-0.000254085
-0.000245507
-0.000234946
-0.000223056
-0.000210566
-0.000198284
-0.000187061
-0.000177616
-0.000170371
-0.000165543
-0.000163337
-0.000163856
-0.000166881
-0.000171872
-0.000178117
-0.00018481
-0.000191134
-0.000196385
-0.000199987
-0.000201458
-0.000200483
-0.000197034
-0.000191365
-0.000183893
-0.000175062
-0.000165308
-0.000155088
-0.000144879
-0.000135131
-0.000126241
-0.000118539
-0.000112283
-0.000107668
-0.000104841
-0.000103861
-0.000104625
-0.00010682
-0.000109983
-0.000113583
-0.000117075
-0.000119911
-0.000121576
-0.000121632
-0.000119732
-0.000115621
-0.000109133
-0.000100174
-8.87008e-05
-7.47452e-05
-5.84487e-05
-4.00652e-05
-1.99419e-05
1.49143e-06
2.37299e-05
4.62098e-05
6.83118e-05
8.93362e-05
0.000108461
0.000124735
0.000137149
0.000144779
0.000146887
0.000142959
0.000132753
0.00011638
9.43556e-05
6.76012e-05
3.74226e-05
5.47698e-06
-2.63026e-05
-5.58473e-05
-8.11569e-05
-0.000100511
-0.000112609
-0.000116659
-0.000112469
-0.000100495
-8.17391e-05
-5.75479e-05
-2.94658e-05
8.46867e-07
3.17207e-05
6.15873e-05
8.90286e-05
0.000112787
0.000131801
0.000145272
0.000152707
0.000153953
0.000149225
0.000139093
0.000124421
0.000106293
8.59471e-05
6.46801e-05
4.3733e-05
2.41743e-05
6.82217e-06
-7.80148e-06
-1.94941e-05
-2.83468e-05
-3.46482e-05
-3.87802e-05
-4.1188e-05
-4.239e-05
-4.29311e-05
-4.32894e-05
-4.38023e-05
-4.4629e-05
-4.57397e-05
-4.69388e-05
-4.79121e-05
-4.82862e-05
-4.77244e-05
-4.60379e-05
-4.32297e-05
-3.94843e-05
-3.51621e-05
-3.07638e-05
-2.68245e-05
-2.3815e-05
-2.21135e-05
-2.1985e-05
-2.35213e-05
-2.66022e-05
-3.09256e-05
-3.60721e-05
-4.15616e-05
-4.69009e-05
-5.16461e-05
-5.54856e-05
-5.83109e-05
-6.02389e-05
-6.15821e-05
-6.27893e-05
-6.43694e-05
-6.6795e-05
-7.03964e-05
-7.52824e-05
-8.13122e-05
-8.80963e-05
-9.50243e-05
-0.000101368
-0.000106434
-0.000109669
-0.000110668
-0.000109171
-0.000105075
-9.84374e-05
-8.9433e-05
-7.83198e-05
-6.5422e-05
-5.11283e-05
-3.59005e-05
-2.02883e-05
-4.92114e-06
9.53859e-06
2.2467e-05
3.33527e-05
4.18898e-05
4.81041e-05
5.24414e-05
5.57217e-05
5.8999e-05
6.34335e-05
7.01608e-05
8.00845e-05
9.36519e-05
0.000110756
0.000130795
0.000152786
0.000175494
0.000197597
0.000217892
0.000235414
0.000249446
0.000259499
0.000265334
0.00026693
0.000264412
0.000257999
0.000248013
0.000234856
0.00021894
0.000200628
0.000180241
0.000158111
0.000134605
0.000110101
8.49914e-05
5.97443e-05
3.49693e-05
1.14414e-05
-9.92843e-06
-2.81687e-05
-4.23467e-05
-5.16845e-05
-5.56653e-05
-5.40791e-05
-4.70105e-05
-3.48258e-05
-1.81764e-05
2.02693e-06
2.46613e-05
4.84138e-05
7.17993e-05
9.32272e-05
0.000111099
0.000123915
0.000130405
0.000129673
0.000121232
0.000105005
8.13746e-05
5.12651e-05
1.61458e-05
-2.20732e-05
-6.12096e-05
-9.89725e-05
-0.000133094
-0.00016147
-0.000182333
-0.000194415
-0.000197025
-0.000190093
-0.000174168
-0.000150347
-0.0001201
-8.51262e-05
-4.72747e-05
-8.47503e-06
2.93828e-05
6.45469e-05
9.54348e-05
0.000120661
0.000139095
0.000149915
0.00015264
0.000147178
0.000133865
0.000113455
8.70696e-05
5.61338e-05
2.23066e-05
-1.26099e-05
-4.6793e-05
-7.85212e-05
-0.00010625
-0.000128645
-0.000144633
-0.000153462
-0.000154746
-0.000148471
-0.000134987
-0.000114997
-8.95177e-05
-5.98113e-05
-2.73166e-05
6.42517e-06
3.98629e-05
7.1535e-05
0.000100167
0.000124755
0.000144602
0.000159289
0.000168648
0.000172769
0.000171977
0.0001668
0.000157917
0.000146129
0.000132321
0.000117443
0.000102455
8.82193e-05
7.53736e-05
6.42701e-05
5.50013e-05
4.74443e-05
4.12943e-05
3.61295e-05
3.15123e-05
2.70616e-05
2.24642e-05
1.74697e-05
1.19001e-05
5.6547e-06
-1.27482e-06
-8.7452e-06
-1.63805e-05
-2.35223e-05
-2.92403e-05
-3.24326e-05
-3.20251e-05
-2.71665e-05
-1.72975e-05
-2.1804e-06
1.79456e-05
4.21434e-05
6.87267e-05
9.54607e-05
0.000119857
0.000139414
0.000151804
0.000155085
0.000147952
0.000129985
0.000101863
6.55033e-05
2.40845e-05
-1.82149e-05
-5.68346e-05
-8.74958e-05
-0.000106496
-0.000110826
-9.85693e-05
-6.94939e-05
-2.53366e-05
3.04058e-05
3.04058e-05
9.29936e-05
0.000157064
0.000217297
0.000269087
0.000309062
0.000335244
0.000346885
0.000344262
0.000328447
0.000300818
0.00026245
0.000213867
0.000155235
8.66406e-05
8.29166e-06
-7.90487e-05
-0.000173398
-0.000271102
-0.000366894
-0.000454251
-0.000525851
-0.000574402
-0.000593969
-0.000581102
-0.000535151
-0.000458196
-0.000355108
-0.000233215
-0.000101116
3.26112e-05
0.000159938
0.000273569
0.000367397
0.00043693
0.000479321
0.000493372
0.000479695
0.000440708
0.000380345
0.000303697
0.000216603
0.00012503
3.44611e-05
-5.05754e-05
-0.000126876
-0.000192646
-0.000247061
-0.000289583
-0.000319607
-0.000336417
-0.000339108
-0.000326653
-0.00029841
-0.000254742
-0.000197261
-0.000128762
-5.31512e-05
2.48372e-05
0.000100303
0.000168846
0.000226848
0.000271529
0.000301078
0.000314679
0.000312286
0.000294373
0.000261892
0.000216302
0.000159497
9.37625e-05
2.18128e-05
-5.32358e-05
-0.000128024
-0.00019912
-0.000263115
-0.000316738
-0.000357111
-0.000382021
-0.000390033
-0.000380491
-0.000353565
-0.000310335
-0.000252771
-0.000183618
-0.000106324
-2.49503e-05
5.60044e-05
0.000131862
0.000198126
0.000250904
0.000287223
0.000305216
0.000304285
0.000285176
0.000249808
0.000200897
0.000141698
7.58344e-05
7.05771e-06
-6.10372e-05
-0.000125169
-0.000182441
-0.000230441
-0.000267323
-0.000291813
-0.000303208
-0.000301413
-0.000286913
-0.000260722
-0.000224313
-0.000179526
-0.00012846
-7.33984e-05
-1.67658e-05
3.89651e-05
9.13832e-05
0.000138231
0.000177477
0.000207405
0.000226709
0.000234594
0.000230821
0.00021572
0.000190158
0.000155458
0.000113306
6.56728e-05
1.47337e-05
-3.72372e-05
-8.79745e-05
-0.000135304
-0.000177215
-0.000211939
-0.000238011
-0.000254323
-0.000260171
-0.000255307
-0.000239962
-0.000214847
-0.000181099
-0.000140229
-9.40679e-05
-4.47002e-05
5.64407e-06
5.47004e-05
0.000100253
0.000140219
0.000172754
0.000196363
0.000209977
0.000213014
0.000205397
0.000187563
0.000160463
0.000125523
8.45737e-05
3.97482e-05
-6.64077e-06
-5.22343e-05
-9.47717e-05
-0.000132221
-0.000162875
-0.000185427
-0.000199025
-0.000203288
-0.000198279
-0.000184476
-0.000162721
-0.000134169
-0.000100235
-6.25207e-05
-2.27425e-05
1.73399e-05
5.59651e-05
9.14333e-05
0.000122198
0.000146937
0.00016461
0.000174506
0.00017629
0.000170013
0.000156091
0.000135287
0.00010868
7.75939e-05
4.35242e-05
8.06495e-06
-2.71573e-05
-6.05572e-05
-9.06653e-05
-0.00011619
-0.000136069
-0.00014951
-0.00015603
-0.000155471
-0.000147994
-0.000134078
-0.000114487
-9.02293e-05
-6.24996e-05
-3.263e-05
-2.0123e-06
2.79727e-05
5.59961e-05
8.08251e-05
0.000101394
0.000116863
0.00012664
0.00013039
0.000128054
0.00011985
0.000106266
8.80363e-05
6.61036e-05
4.15611e-05
1.55909e-05
-1.05924e-05
-3.57826e-05
-5.88252e-05
-7.86823e-05
-9.44982e-05
-0.000105632
-0.000111662
-0.000112402
-0.000107907
-9.84771e-05
-8.4639e-05
-6.71173e-05
-4.67868e-05
-2.46189e-05
-1.64738e-06
2.10648e-05
4.24801e-05
6.16465e-05
7.77382e-05
9.0083e-05
9.81892e-05
0.000101768
0.000100737
9.52224e-05
8.55544e-05
7.2259e-05
5.60151e-05
3.76146e-05
1.79321e-05
-2.10836e-06
-2.15791e-05
-3.95934e-05
-5.53519e-05
-6.81792e-05
-7.75438e-05
-8.30767e-05
-8.4594e-05
-8.20997e-05
-7.57787e-05
-6.5992e-05
-5.32508e-05
-3.81807e-05
-2.15044e-05
-4.01866e-06
1.34607e-05
3.01479e-05
4.5304e-05
5.82618e-05
6.84722e-05
7.55248e-05
7.91512e-05
7.92468e-05
7.58838e-05
6.92862e-05
5.98067e-05
4.79285e-05
3.42505e-05
1.94354e-05
4.17143e-06
-1.08407e-05
-2.49106e-05
-3.74033e-05
-4.77783e-05
-5.56089e-05
-6.05892e-05
-6.25424e-05
-6.14298e-05
-5.73506e-05
-5.05377e-05
-4.13543e-05
-3.02753e-05
-1.78455e-05
-4.64704e-06
8.71197e-06
2.16187e-05
3.34917e-05
4.38072e-05
5.21188e-05
5.80841e-05
6.14811e-05
6.22049e-05
6.02666e-05
5.57992e-05
4.90537e-05
4.03824e-05
3.022e-05
1.90646e-05
7.45026e-06
-4.08586e-06
-1.50273e-05
-2.48895e-05
-3.32369e-05
-3.97125e-05
-4.40578e-05
-4.61168e-05
-4.58379e-05
-4.32763e-05
-3.85891e-05
-3.2026e-05
-2.39212e-05
-1.46769e-05
-4.73842e-06
5.42897e-06
1.53593e-05
2.4605e-05
3.27563e-05
3.27563e-05
3.94603e-05
4.4438e-05
4.74948e-05
4.8527e-05
4.75245e-05
4.45712e-05
4.45712e-05
