3.05786e-12
7.19805e-10
4.68843e-09
2.57854e-11
-1.03939e-07
-5.37951e-07
-1.5604e-06
-3.15025e-06
-4.86664e-06
-6.16435e-06
-6.80678e-06
-6.8811e-06
-6.58604e-06
-6.15795e-06
-5.80832e-06
-5.57321e-06
-5.34722e-06
-5.06885e-06
-4.70901e-06
-4.16437e-06
-3.36478e-06
-2.43027e-06
-1.61637e-06
-1.16815e-06
-1.23597e-06
-1.82812e-06
-2.81925e-06
-4.04606e-06
-5.40416e-06
-6.86771e-06
-8.46098e-06
-1.023e-05
-1.22192e-05
-1.44418e-05
-1.68486e-05
-1.93174e-05
-2.16734e-05
-2.37377e-05
-2.53837e-05
-2.65753e-05
-2.73507e-05
-2.77642e-05
-2.78375e-05
-2.75488e-05
-2.68426e-05
-2.56499e-05
-2.39148e-05
-2.16178e-05
-1.87839e-05
-1.54788e-05
-1.17977e-05
-7.83778e-06
-3.66373e-06
7.04329e-07
5.27553e-06
1.00644e-05
1.50687e-05
2.02511e-05
2.55405e-05
3.08572e-05
3.61355e-05
4.133e-05
4.64226e-05
5.14318e-05
5.64059e-05
6.14016e-05
6.64602e-05
7.15921e-05
7.6775e-05
8.19641e-05
8.7095e-05
9.20712e-05
9.67517e-05
0.000100951
0.000104449
0.000107016
0.000108448
0.0001086
0.00010739
0.000104789
0.000100804
9.54477e-05
8.87033e-05
8.05097e-05
7.07814e-05
5.94454e-05
4.64836e-05
3.19739e-05
1.61118e-05
-8.09529e-07
-1.84582e-05
-3.65384e-05
-5.48509e-05
-7.33163e-05
-9.19514e-05
-0.000110814
-0.000129933
-0.00014925
-0.000168584
-0.000187642
-0.000206052
-0.000223431
-0.000239434
-0.000253805
-0.000266372
-0.000277029
-0.000285709
-0.000292378
-0.000297028
-0.000299662
-0.00030027
-0.000298797
-0.000295099
-0.000288938
-0.00028002
-0.000268098
-0.000253072
-0.00023508
-0.000214535
-0.000192057
-0.000168322
-0.000143922
-0.000119256
-9.44759e-05
-6.9482e-05
-4.39707e-05
-1.75092e-05
1.04018e-05
4.02854e-05
7.26431e-05
0.000107873
0.000146181
0.000187537
0.000231694
0.000278211
0.000326474
0.000375721
0.000425026
0.000473228
0.000518877
0.000560225
0.000595304
0.000622091
0.000638719
0.000643692
0.000636023
0.000615319
0.000581752
0.000535817
0.000477883
0.000407727
0.000324306
0.000225977
0.00011131
-1.96147e-05
-0.000163975
-0.000315754
-0.000466341
-0.000605898
-0.000725132
-0.000817129
-0.00087856
-0.000909603
-0.000912806
-0.000891707
-0.000849726
-0.00078944
-0.000712544
-0.000620543
-0.000515623
-0.000401094
-0.000281332
-0.000161311
-4.57333e-05
6.19689e-05
0.000160262
0.000249477
0.000331238
0.000407645
0.00048054
0.00055108
0.000619617
0.000685615
0.000747461
0.000802426
0.00084708
0.000878105
0.000893186
0.000891869
0.000876374
0.00085201
0.000826693
0.000809492
0.000808718
0.000830227
0.000876394
0.000946096
0.00103586
0.00114172
0.00126088
0.00139227
0.00153595
0.00169107
0.00185238
0.00200644
0.00212896
0.00218522
0.00213512
0.00194337
0.00159185
0.00108791
0.000465071
-0.000223343
-0.000915525
-0.00155542
-0.00210478
-0.0025469
-0.00288213
-0.00311975
-0.00327009
-0.00333821
-0.00332202
-0.00321622
-0.0030191
-0.00273765
-0.00238955
-0.0020016
-0.00160464
-0.00122635
-0.000885538
-0.000590407
-0.000340935
-0.000133921
3.17409e-05
0.000152197
0.000219483
0.000225394
0.000166443
4.78085e-05
-0.000115439
-0.00030044
-0.000481072
-0.000633118
-0.00073839
-0.000786523
-0.000773918
-0.000700596
-0.000566852
-0.000371391
-0.000111621
0.00021434
0.000604994
0.00105344
0.00154705
0.0020689
0.00260036
0.00312351
0.00362257
0.00408389
0.00449463
0.0048411
0.00510822
0.00528068
0.00534562
0.00529512
0.00512734
0.00484584
0.00445749
0.00396984
0.00338737
0.00270587
0.00190581
0.000950987
-0.000198768
-0.0015596
-0.00309442
-0.00470279
-0.00623698
-0.00753474
-0.00845735
-0.00892361
-0.00892607
-0.00851944
-0.00779064
-0.00682856
-0.00570132
-0.00444382
-0.00306313
-0.00156143
3.91985e-05
0.00168471
0.00329128
0.00475868
0.00599185
0.00692239
0.00751947
0.0077875
0.00775517
0.00746094
0.00693803
0.00620157
0.00524154
0.00402689
0.00252708
0.000749012
-0.00122948
-0.00325453
-0.00512596
-0.00664581
-0.00766681
-0.00812851
-0.0080662
-0.00758439
-0.00680974
-0.00584874
-0.00476263
-0.00356313
-0.00223462
-0.000775531
0.000766501
0.00228702
0.00364566
0.00364566
0.00470347
0.00535981
0.00557176
0.0053498
0.00473819
0.00379212
0.00256075
0.00108413
-0.000593504
-0.00240316
-0.00423666
-0.00594629
-0.00736186
-0.00832402
-0.00872241
-0.00852204
-0.00776767
-0.00656771
-0.00506467
-0.0034016
-0.00169587
-2.86882e-05
0.00154865
0.0029984
0.00427924
0.00533706
0.00610811
0.00653302
0.00657467
0.00623187
0.00554351
0.00458148
0.00343539
0.00219526
0.000938544
-0.00027561
-0.00140502
-0.00241783
-0.00328377
-0.00396848
-0.00443469
-0.00464957
-0.00459374
-0.00426835
-0.00369762
-0.00292507
-0.00200522
-0.000995026
5.04153e-05
0.00107756
0.00203099
0.00285045
0.00347277
0.0038416
0.00392248
0.00371492
0.00325422
0.00260258
0.00183457
0.00102139
0.000217738
-0.000543678
-0.00124746
-0.00188494
-0.00244422
-0.00290392
-0.00323243
-0.00339469
-0.00336437
-0.00313548
-0.00272974
-0.00219854
-0.00161725
-0.00106887
-0.000621423
-0.000308851
-0.000123525
-2.27827e-05
5.22434e-05
0.000152575
0.000303857
0.000503091
0.000727204
0.000946749
0.00114014
0.0013034
0.00144847
0.00158709
0.00170633
0.001751
0.00163042
0.00125404
0.000578318
-0.000361625
-0.00144952
-0.00251568
-0.00338725
-0.00394039
-0.0041283
-0.00397702
-0.00356212
-0.00297895
-0.00231346
-0.00162446
-0.000944502
-0.00029108
0.000324441
0.000893059
0.0014066
0.00185724
0.00223773
0.0025417
0.00276368
0.00289775
0.00293559
0.00286755
0.00268824
0.00240333
0.00203417
0.00161834
0.0012034
0.000833765
0.000537253
0.000319351
0.00016703
5.81367e-05
-2.80156e-05
-0.000102581
-0.000164655
-0.000204343
-0.000208532
-0.00016673
-7.53669e-05
6.13049e-05
0.000234468
0.000436015
0.000662398
0.000914819
0.00119522
0.00149941
0.00181069
0.00209764
0.00231736
0.00242384
0.00237937
0.00216549
0.00178889
0.00128068
0.00069041
7.68087e-05
-0.000503585
-0.00100635
-0.00140321
-0.0016796
-0.00182901
-0.00184761
-0.00173048
-0.00147124
-0.00106549
-0.000515526
0.000166298
0.000956256
0.00181934
0.00271003
0.00357304
0.00434371
0.0049501
0.00532082
0.00540032
0.005166
0.00463713
0.00387072
0.00294775
0.00195384
0.000958118
-1.36349e-06
-0.000917159
-0.0017985
-0.002653
-0.00347025
-0.00421212
-0.00481656
-0.00521573
-0.00535763
-0.00522057
-0.00481765
-0.00419197
-0.00340293
-0.00250898
-0.0015552
-0.000570232
0.000428744
0.00142676
0.00240149
0.00331825
0.00413298
0.00480184
0.00529246
0.00559159
0.00570676
0.00566136
0.00548537
0.00520562
0.0048401
0.00439842
0.00388697
0.00331513
0.00269864
0.0020573
0.00140686
0.000749019
6.7829e-05
-0.000661242
-0.00145115
-0.00228179
-0.00308967
-0.00377806
-0.0042464
-0.00442537
-0.00430104
-0.0039212
-0.00338347
-0.00280753
-0.00229956
-0.00192534
-0.00170248
-0.00160956
-0.00160455
-0.00164674
-0.00171368
-0.00180456
-0.00192921
-0.00209183
-0.00227912
-0.00245752
-0.00257997
-0.0026
-0.00248746
-0.0022386
-0.00187545
-0.00143547
-0.000956649
-0.000463946
3.85819e-05
0.000566472
0.00114419
0.00178947
0.00249889
0.00323845
0.00394194
0.00452036
0.00488481
0.00497772
0.00479737
0.00440025
0.00387996
0.00333517
0.00283938
0.0024206
0.00205936
0.00170788
0.00131937
0.000871456
0.000377767
-0.000112633
-0.000529856
-0.000808157
-0.000909107
-0.000835067
-0.000633646
-0.000391988
-0.000216338
-0.000200308
-0.000395254
-0.000795007
-0.00134071
-0.0019467
-0.00253901
-0.00308605
-0.00360341
-0.00413469
-0.00472357
-0.00538944
-0.00611334
-0.00683962
-0.0074919
-0.00799307
-0.00827939
-0.00830611
-0.00804738
-0.00749207
-0.0066372
-0.00548349
-0.00403916
-0.0023314
-0.000417196
0.0016135
0.00364324
0.00554007
0.00717662
0.00844961
0.00929108
0.00966871
0.00957833
0.00903314
0.00805451
0.0066703
0.00492213
0.00287568
0.000625966
-0.00170522
-0.00397952
-0.00605832
-0.00782021
-0.00917268
-0.0100551
-0.0104358
-0.0103055
-0.00967058
-0.00854972
-0.006978
-0.00501693
-0.00501693
-0.00276516
-0.000360006
0.00203823
0.00427647
0.00623842
0.00785949
0.00912427
0.0100498
0.0106603
0.0109657
0.010954
0.0106008
0.00988514
0.00880752
0.00740523
0.00575677
0.00397001
0.00216021
0.000427938
-0.00115688
-0.00256076
-0.00377971
-0.00482335
-0.00569918
-0.00640338
-0.00691929
-0.00722205
-0.00728769
-0.00710383
-0.00667681
-0.00603206
-0.0052092
-0.00425554
-0.00321976
-0.00214665
-0.001075
-3.94879e-05
0.000926483
0.00179024
0.0025216
0.00309568
0.00349644
0.00371936
0.00377023
0.00365958
0.00339617
0.00298313
0.00241853
0.00170042
0.000836123
-0.000147234
-0.00119661
-0.00223609
-0.00317818
-0.00393856
-0.00445081
-0.00467848
-0.00461985
-0.00430294
-0.0037748
-0.00309136
-0.00230937
-0.00148005
-0.000646312
0.000155471
0.000892453
0.00153449
0.00205464
0.00242931
0.00263926
0.00267245
0.00252717
0.00221324
0.00175194
0.00117573
0.000526639
-0.000146958
-0.000793965
-0.00136314
-0.00180557
-0.00207802
-0.00214619
-0.00198726
-0.00159212
-0.000968051
-0.000141056
0.000844122
0.00192718
0.00303807
0.00410396
0.00505645
0.00583834
0.00640896
0.00674629
0.00684513
0.00671236
0.00636119
0.00580549
0.00505522
0.00411567
0.00299177
0.00169544
0.000252722
-0.00129084
-0.00286807
-0.00439467
-0.00578061
-0.00694327
-0.00781713
-0.00835896
-0.0085491
-0.00838825
-0.00789172
-0.00708569
-0.0060076
-0.00470781
-0.00324928
-0.00170482
-0.000152496
0.00133085
0.00267716
0.00383302
0.00476116
0.00543794
0.00584911
0.00598584
0.00584218
0.00541527
0.0047095
0.00374282
0.00255177
0.00119316
-0.000258461
-0.00171711
-0.00309465
-0.0043104
-0.00529784
-0.00600725
-0.00640518
-0.00647286
-0.00620472
-0.00560827
-0.00470522
-0.00353311
-0.00214557
-0.000609585
0.00100026
0.00260894
0.00414707
0.00555416
0.00677871
0.00777568
0.00850323
0.00892159
0.00899608
0.00870305
0.00803613
0.0070109
0.00566721
0.00406706
0.00228773
0.000412108
-0.00148063
-0.00332132
-0.00505186
-0.00662062
-0.00797592
-0.00906272
-0.00982478
-0.0102117
-0.0101885
-0.00974339
-0.00889272
-0.00767828
-0.00616096
-0.00441201
-0.0025046
-0.00050835
0.00151157
0.003492
0.00536881
0.00707602
0.00854787
0.00972428
0.0105579
0.0110209
0.0111081
0.0108363
0.0102394
0.00935905
0.0082362
0.00690443
0.00538942
0.00371472
0.00191283
3.65821e-05
-0.00183635
-0.00360866
-0.00517598
-0.00644298
-0.00733962
-0.00783247
-0.00792584
-0.00765435
-0.00707277
-0.00624596
-0.00523972
-0.00411522
-0.00292914
-0.00173662
-0.000591962
0.00045363
0.00135531
0.00207786
0.00259845
0.00290765
0.00300758
0.00290839
0.00262522
0.00217693
0.00158646
0.000882217
9.92534e-05
-0.000721221
-0.00153496
-0.00229962
-0.00297949
-0.00354793
-0.00398679
-0.00428292
-0.00442344
-0.00439262
-0.00417293
-0.00375046
-0.00312186
-0.00230019
-0.0013174
-0.000221558
0.000930929
0.00208461
0.00319197
0.00421649
0.00513179
0.0059174
0.00655383
0.00701994
0.00729404
0.00735736
0.0071985
0.00681722
0.00622569
0.00544673
0.00451013
0.00344934
0.00230013
0.00110129
-0.00010389
-0.00126701
-0.00233595
-0.00325923
-0.00399341
-0.00451116
-0.00480639
-0.00489466
-0.00480905
-0.00459206
-0.00428491
-0.0039188
-0.00351245
-0.00307558
-0.00261479
-0.00213907
-0.00166379
-0.00121134
-0.000807333
-0.00047454
-0.000227608
-7.00293e-05
6.18991e-06
1.74811e-05
-1.67318e-05
-7.89722e-05
-0.000155976
-0.000238457
-0.000319602
-0.000393336
-0.000453222
-0.000492647
-0.000506096
-0.000490298
-0.000444146
-0.000367398
-0.000259114
-0.000116705
6.36928e-05
0.000284434
0.000541193
0.000818437
0.00108942
0.00132133
0.00148259
0.00154939
0.00150962
0.00136269
0.00111597
0.000780768
0.000370249
-0.000101155
-0.000617983
-0.00116327
-0.00171732
-0.00225694
-0.00275636
-0.00318967
-0.00353411
-0.003773
-0.00389703
-0.00390335
-0.0037933
-0.00356983
-0.00323552
-0.00279168
-0.00279168
-0.00223935
-0.00158283
-0.00083543
-2.54432e-05
0.000801534
0.00158698
0.0022699
0.00279923
0.00314406
0.00329919
0.00328438
0.00313621
0.00289571
0.00259716
0.00226214
0.00189945
0.0015103
0.00109697
0.000670451
0.000252851
-0.000126163
-0.000435994
-0.000652273
-0.000762506
-0.000768129
-0.000682039
-0.000523223
-0.000311309
-6.2888e-05
0.000209748
0.000497379
0.000791095
0.00107994
0.00135042
0.00158785
0.00177863
0.00191286
0.00198633
0.002001
0.0019633
0.00188126
0.00176169
0.00160855
0.001423
0.00120514
0.000956631
0.000683105
0.000395258
0.000107822
-0.000163169
-0.000403491
-0.000603013
-0.000756622
-0.000863661
-0.000926282
-0.000947762
-0.000931558
-0.000881013
-0.00079931
-0.000689588
-0.000555239
-0.000400141
-0.000228801
-4.70788e-05
0.000135397
0.000301157
0.000421347
0.000456248
0.000362495
0.000106613
-0.000320019
-0.000892791
-0.00155738
-0.00224285
-0.00287767
-0.00340386
-0.00378707
-0.0040188
-0.00410893
-0.00407342
-0.00392381
-0.00366202
-0.00328098
-0.00277175
-0.00213416
-0.00138404
-0.00055345
0.000314506
0.00117341
0.00198171
0.00270859
0.00333464
0.00384757
0.004236
0.00448535
0.00457778
0.00449676
0.00423445
0.00379901
0.00321838
0.00253784
0.00181176
0.00109255
0.00042094
-0.000179476
-0.000701339
-0.00114616
-0.00151365
-0.00179354
-0.00196388
-0.0019961
-0.00186454
-0.00155695
-0.00108176
-0.000467969
0.000241703
0.00100007
0.00176242
0.00248759
0.00313144
0.00363606
0.00392381
0.00390648
0.00351145
0.0027149
0.00156331
0.000168905
-0.00131833
-0.00274842
-0.00400704
-0.00503998
-0.00585537
-0.00650011
-0.0070233
-0.00744456
-0.0077375
-0.00783428
-0.00765319
-0.00713754
-0.00628341
-0.00514379
-0.00381216
-0.00239416
-0.000977594
0.000387268
0.00168863
0.00293803
0.00414835
0.00531413
0.00640168
0.00735298
0.00810015
0.00858119
0.00875056
0.00858525
0.00808821
0.00728854
0.00623736
0.00500115
0.00365427
0.00227029
0.000914237
-0.000360715
-0.00151215
-0.00250735
-0.00332323
-0.00394504
-0.00436423
-0.00457831
-0.00459208
-0.00441798
-0.00407546
-0.00359004
-0.00299151
-0.0023106
-0.00157637
-0.000815784
-5.54107e-05
0.000676429
0.00134883
0.00193022
0.00239292
0.00271823
0.00290046
0.00294828
0.00288207
0.00272527
0.00249149
0.00217216
0.00173384
0.00113244
0.000340895
-0.000625827
-0.00170279
-0.00278566
-0.00375435
-0.00450358
-0.00496882
-0.00513527
-0.00502868
-0.00469694
-0.00418951
-0.0035403
-0.00276369
-0.00186821
-0.000878945
0.000146207
0.00111634
0.00192644
0.00248881
0.00276133
0.00275851
0.0025424
0.00219869
0.001806
0.00141105
0.00102175
0.000618885
0.000177933
-0.000307896
-0.000811394
-0.001271
-0.00160839
-0.00175424
-0.00166972
-0.0013568
-0.000855134
-0.000226813
0.000463869
0.00116572
0.00184557
0.00248395
0.0030657
0.00357032
0.00396689
0.00421719
0.00428609
0.00415341
0.00382042
0.00330841
0.00265193
0.00189083
0.00106456
0.000211094
-0.000630572
-0.00141788
-0.00210465
-0.00264362
-0.00299157
-0.00311783
-0.0030143
-0.00270148
-0.00222613
-0.00165043
-0.00103651
-0.000431838
0.000138839
0.000670852
0.00116792
0.00162832
0.00203583
0.00235814
0.00255273
0.00257916
0.00241336
0.00205725
0.00153995
0.00091101
0.000228006
-0.000457211
-0.00110755
-0.00170098
-0.00222399
-0.00266316
-0.00299911
-0.00320542
-0.00325293
-0.0031177
-0.00278917
-0.00227568
-0.00160612
-0.000827291
1.93462e-06
0.00081775
0.00155785
0.00216656
0.00259934
0.00282654
0.00283552
0.00263152
0.00223803
0.0016947
0.00104931
0.000345904
-0.000384343
-0.00112518
-0.00187046
-0.00261345
-0.00333342
-0.00398749
-0.00451397
-0.00484489
-0.00492107
-0.00470588
-0.0041954
-0.00341983
-0.00243422
-0.00130393
-9.22077e-05
0.00114713
0.00237099
0.00354174
0.00461855
0.00555195
0.00628599
0.00676693
0.00695482
0.00683355
0.00641533
0.00573725
0.00485231
0.00381918
0.00381918
0.00269383
0.00152517
0.000355346
-0.000777136
-0.00183426
-0.00277744
-0.00356891
-0.00417551
-0.00457361
-0.00475288
-0.00471663
-0.00447858
-0.00405755
-0.00347302
-0.00274349
-0.001888
-0.000929821
9.96806e-05
0.00115872
0.00219611
0.00315545
0.00398109
0.00462387
0.00504615
0.00522562
0.00515671
0.00484842
0.00432002
0.00359661
0.0027065
0.00168131
0.00055909
-0.000611729
-0.00177122
-0.00285153
-0.00378422
-0.00450938
-0.00498396
-0.00518612
-0.0051144
-0.00478402
-0.00422277
-0.00346752
-0.00256218
-0.00155764
-0.00051217
0.000509858
0.00144222
0.00222357
0.00280532
0.00315783
0.0032734
0.0031658
0.00286609
0.0024146
0.00185202
0.00121413
0.000531256
-0.000169148
-0.000859016
-0.00150658
-0.00207615
-0.00253217
-0.0028462
-0.00300405
-0.00301039
-0.00288825
-0.00267215
-0.00239784
-0.00209362
-0.00177583
-0.00144933
-0.00111214
-0.000762336
-0.000403496
-4.66826e-05
0.000291089
0.000590693
0.000835656
0.0010161
0.00113034
0.00118364
0.00118484
0.00114253
0.00106246
0.000946668
0.000794035
0.000601938
0.000368375
9.40534e-05
-0.000216034
-0.000552179
-0.000901597
-0.00125158
-0.00159172
-0.00191322
-0.0022062
-0.00245709
-0.0026482
-0.00275988
-0.00277482
-0.00268275
-0.00248408
-0.00219094
-0.00182505
-0.00141328
-0.000982627
-0.000556119
-0.000150355
0.000224312
0.000561179
0.000854228
0.00109659
0.00128057
0.0013988
0.00144625
0.00142254
0.00133301
0.00118814
0.00100154
0.000787799
0.000560522
0.000331448
0.000110735
-9.189e-05
-0.000266168
-0.000401343
-0.000487278
-0.000516194
-0.00048436
-0.000393052
-0.000248224
-5.88954e-05
0.000165038
0.000414675
0.000683234
0.000966492
0.00126255
0.00157076
0.00189008
0.00221775
0.00254872
0.00287497
0.00318393
0.0034557
0.0036609
0.00376132
0.00371487
0.00348414
0.00304692
0.00240508
0.00158744
0.000644793
-0.00035936
-0.00135755
-0.00228593
-0.00309197
-0.00374016
-0.00421274
-0.00450652
-0.00462898
-0.00459381
-0.00441595
-0.0041081
-0.00368061
-0.00314301
-0.00250531
-0.00178032
-0.000987476
-0.000155516
0.000678892
0.00147547
0.00219445
0.0027995
0.00326025
0.00355404
0.00366661
0.0035924
0.00333518
0.00290824
0.00233344
0.00163954
0.000860404
3.29582e-05
-0.000805282
-0.00161868
-0.00237524
-0.00304715
-0.00361034
-0.00404337
-0.00432589
-0.00443766
-0.00435926
-0.00407591
-0.00358296
-0.00289147
-0.00203176
-0.00105331
-1.90216e-05
0.00100523
0.00196121
0.00280428
0.00350335
0.0040367
0.00438697
0.00453877
0.00448096
0.00421209
0.00374555
0.00311156
0.00235453
0.001526
0.000675645
-0.000156197
-0.000942433
-0.00166812
-0.00232441
-0.00290041
-0.00337774
-0.00372988
-0.00392548
-0.00393475
-0.00373801
-0.00333367
-0.00274191
-0.00200259
-0.00116875
-0.000296958
0.000562773
0.00137355
0.0021113
0.00275893
0.00329949
0.00371197
0.00397153
0.00405445
0.00394567
0.00364493
0.00316878
0.00254843
0.00182494
0.0010431
0.000246218
-0.000526975
-0.00124277
-0.00187137
-0.00238589
-0.00276262
-0.00298318
-0.00303788
-0.00292921
-0.00267344
-0.00229832
-0.00183759
-0.00132461
-0.000786984
-0.000243162
0.000297563
0.000831084
0.00135242
0.00185116
0.00231035
0.0027084
0.00302271
0.00323409
0.00333038
0.00330801
0.00317132
0.00293059
0.00259966
0.00219406
0.00173008
0.0012247
0.000695591
0.000160858
-0.000361728
-0.000855045
-0.001302
-0.00168472
-0.00198479
-0.00218454
-0.00226896
-0.00222817
-0.00205994
-0.00177076
-0.00137521
-0.000894737
-0.00035589
0.00021227
0.000781473
0.00132684
0.00182823
0.00227042
0.00264198
0.00293334
0.00313532
0.00323876
0.0032344
0.00311211
0.00286069
0.00247041
0.00193862
0.00127522
0.000505183
-0.000332809
-0.00119104
-0.00202
-0.00277584
-0.00342479
-0.00394373
-0.00431824
-0.00453951
-0.00460126
-0.00449818
-0.00422746
-0.00379225
-0.00320461
-0.00248634
-0.00166692
-0.000779726
0.000140744
0.00105823
0.00105823
0.001931
0.00270887
0.00333564
0.00375866
0.00394182
0.00387612
0.00358381
0.00311475
0.00253468
0.00190905
0.00128916
0.000704543
0.000160889
-0.000356673
-0.000873354
-0.00141026
-0.00197241
-0.00254293
-0.00308259
-0.00353432
-0.00383455
-0.00392929
-0.00378792
-0.00340964
-0.00282252
-0.00207711
-0.00123594
-0.000361634
0.000491501
0.0012802
0.00197152
0.00254133
0.00297243
0.00325269
0.00337443
0.00333564
0.00314173
0.00280595
0.00234837
0.00179435
0.00117318
0.000516509
-0.000143559
-0.000775852
-0.00135102
-0.00184237
-0.00222659
-0.00248396
-0.00259893
-0.00256179
-0.00237064
-0.00203202
-0.00155938
-0.000970112
-0.000283426
0.000478625
0.0012863
0.0020963
0.00284975
0.00347638
0.00390397
0.00407083
0.00393887
0.00350282
0.00279152
0.00186198
0.000789872
-0.000342481
-0.00145967
-0.0025032
-0.00343268
-0.00421997
-0.00484263
-0.00527937
-0.0055083
-0.00550936
-0.00527064
-0.00479446
-0.00409991
-0.00322193
-0.00220739
-0.00110872
2.27943e-05
0.0011398
0.00219589
0.00313989
0.00391344
0.00445598
0.00471628
0.00466496
0.00430284
0.00366186
0.0027977
0.00177726
0.000666932
-0.000473818
-0.00159397
-0.00264879
-0.00359505
-0.00438605
-0.00497026
-0.00529577
-0.00531948
-0.00501818
-0.0043967
-0.00348881
-0.00235017
-0.00104721
0.000352737
0.00178632
0.00319411
0.00451768
0.00569624
0.00666541
0.00735965
0.00771934
0.00770149
0.00729043
0.00650339
0.00538859
0.0040179
0.00247723
0.00085669
-0.000757327
-0.00228624
-0.00365997
-0.00481675
-0.00570364
-0.00627818
-0.00651197
-0.0063959
-0.00594516
-0.00520062
-0.00422459
-0.00309086
-0.00187284
-0.000634639
0.000572426
0.00170922
0.0027454
0.00365399
0.00440667
0.00497264
0.0053212
0.00542633
0.00527205
0.00485797
0.00420213
0.00333947
0.00231672
0.00118646
1.73122e-06
-0.00118795
-0.00233824
-0.00340908
-0.00436225
-0.00515912
-0.00575974
-0.0061248
-0.00622117
-0.00602933
-0.00554955
-0.00480402
-0.00383482
-0.00269819
-0.00145695
-0.000173516
0.00109428
0.00229451
0.00338093
0.00431239
0.00505313
0.00557426
0.00585619
0.0058902
0.00567747
0.00522554
0.004545
0.00364881
0.00255532
0.00129411
-8.69572e-05
-0.00151745
-0.0029077
-0.00416031
-0.00518519
-0.00591266
-0.0063022
-0.00634515
-0.00606001
-0.00548271
-0.00465775
-0.00363394
-0.0024636
-0.00120312
8.62532e-05
0.00133857
0.00248662
0.00346919
0.00423977
0.00477283
0.00506527
0.00513274
0.00500212
0.00470319
0.00426262
0.00370244
0.00304242
0.00230402
0.00151287
0.000698349
-0.000109171
-0.000881201
-0.0015933
-0.00222646
-0.00276702
-0.00320446
-0.00352806
-0.00372507
-0.0037818
-0.00368706
-0.00343647
-0.00303609
-0.00250368
-0.00186701
-0.00116005
-0.000418112
0.000326346
0.00104589
0.00171698
0.00231636
0.00281735
0.00318879
0.00339808
0.00341722
0.00322985
0.00283721
0.00226101
0.00154155
0.000732038
-0.000108768
-0.000924202
-0.0016665
-0.00230053
-0.00280288
-0.00315847
-0.00335835
-0.00339972
-0.00328672
-0.00303047
-0.00264801
-0.00215978
-0.00158622
-0.000945575
-0.000254473
0.000469602
0.00120606
0.00193005
0.00261194
0.00321772
0.00371141
0.00405975
0.00423743
0.00423114
0.00404152
0.00368324
0.00318312
0.00257683
0.00190491
0.00120903
0.000528607
-0.000102559
-0.000659621
-0.00112893
-0.00150823
-0.00180483
-0.00203242
-0.00220603
-0.00233624
-0.0024256
-0.00246949
-0.00245945
-0.00238605
-0.00224064
-0.00201786
-0.00171806
-0.00134797
-0.000920051
-0.000451609
3.65501e-05
0.00052215
0.000982907
0.00139644
0.00173969
0.00198925
0.00212314
0.00212387
0.00198218
0.00170022
0.00129313
0.000788745
0.000225293
-0.000353757
-0.000906436
-0.00139771
-0.00180189
-0.00210251
-0.00229063
-0.00236255
-0.00231849
-0.00216304
-0.00190655
-0.00156594
-0.00116423
-0.000728391
-0.000286278
0.000136338
0.000517481
0.000839656
0.00109013
0.00126119
0.00135065
0.00135065
0.00136237
0.00130616
0.00119656
0.00105082
0.000886362
0.00071838
0.000558768
0.000416433
0.000297975
0.000208267
0.000151186
0.00012988
0.000145647
0.000195788
0.000271712
0.000358267
0.000434823
0.000477962
0.000464645
0.000375162
0.000196772
-7.12869e-05
-0.000413442
-0.000797592
-0.00118057
-0.00151721
-0.00176932
-0.00191222
-0.00193749
-0.00185092
-0.00166642
-0.00139925
-0.00106225
-0.000665863
-0.000221022
0.000256266
0.000741594
0.00120367
0.00161075
0.0019383
0.00217385
0.00231737
0.00237703
0.00236272
0.00228039
0.0021298
0.00190648
0.00160701
0.00123496
0.000804658
0.000341175
-0.000123701
-0.000558553
-0.000939787
-0.00125596
-0.00150739
-0.00170196
-0.00184912
-0.00195426
-0.00201538
-0.00202366
-0.00196675
-0.0018332
-0.00161664
-0.00131914
-0.000952234
-0.000534864
-8.94194e-05
0.000361119
0.000793648
0.00118421
0.00150788
0.00174022
0.00186059
0.00185628
0.001726
0.00148051
0.00114048
0.00073264
0.000285905
-0.000171862
-0.000616449
-0.00102878
-0.00139468
-0.00170322
-0.00194481
-0.00211029
-0.00219116
-0.00218065
-0.00207512
-0.00187572
-0.0015897
-0.00123127
-0.000821539
-0.000387058
4.37647e-05
0.000445546
0.000800186
0.0010991
0.00134301
0.00153929
0.0016977
0.00182669
0.00193167
0.00201504
0.00207673
0.00211505
0.00212746
0.00211104
0.00206235
0.00197724
0.00185119
0.00168059
0.00146414
0.00120337
0.000902485
0.000568168
0.000209701
-0.000161261
-0.000531289
-0.000885977
-0.00121076
-0.00149138
-0.00171383
-0.00186455
-0.00193184
-0.00190778
-0.00178966
-0.00158061
-0.00128959
-0.000930485
-0.000520724
-8.01511e-05
0.000369629
0.000805397
0.00120246
0.0015356
0.00178117
0.00191973
0.00193822
0.00183132
0.00160183
0.0012599
0.000821269
0.000305736
-0.000263688
-0.000860617
-0.00145492
-0.00201329
-0.00250164
-0.0028886
-0.00314895
-0.00326621
-0.00323391
-0.00305536
-0.00274201
-0.00231151
-0.00178635
-0.00119357
-0.000564711
6.47795e-05
0.000657696
0.0011783
0.00159595
0.00188857
0.00204539
0.00206752
0.00196601
0.00175812
0.00146339
0.00110024
0.000684124
0.000227487
-0.000258335
-0.000760559
-0.00126295
-0.00174517
-0.00218346
-0.00255271
-0.00282974
-0.00299688
-0.00304424
-0.00297011
-0.00278001
-0.00248539
-0.0021019
-0.0016479
-0.0011434
-0.000609758
-6.91689e-05
0.000456228
0.000945588
0.00138099
0.00174987
0.00204771
0.00227906
0.00245504
0.00258791
0.00268536
0.00274731
0.0027657
0.00272716
0.00261833
0.00243175
0.00216952
0.00184299
0.00146947
0.00106707
0.000649749
0.000225185
-0.000202902
-0.000629801
-0.0010453
-0.00143162
-0.00176471
-0.00201867
-0.0021715
-0.00220951
-0.00212955
-0.001939
-0.00165342
-0.00129286
-0.000878044
-0.000428002
4.02726e-05
0.000510661
0.000966508
0.00138995
0.00176207
0.00206385
0.00227759
0.0023885
0.00238645
0.0022676
0.00203566
0.00170214
0.00128598
0.000812721
0.000312668
-0.000182425
-0.00064304
-0.00104476
-0.00137008
-0.00160939
-0.0017606
-0.00182757
-0.00181811
-0.00174218
-0.00161027
-0.00143183
-0.00121397
-0.000961142
-0.000675982
-0.000360743
-1.91107e-05
0.000341691
0.000708641
0.0010618
0.00137558
0.00162196
0.00177447
0.00181266
0.00172661
0.00151978
0.00120859
0.000819702
0.000386462
-5.55584e-05
-0.000474236
-0.000845552
-0.00115484
-0.0013951
-0.00156445
-0.00166337
-0.0016921
-0.00164945
-0.00153415
-0.00134726
-0.00109394
-0.000784223
-0.000433065
-5.90302e-05
0.000318363
0.000681245
0.00101474
0.00130715
0.00154951
0.00173477
0.00185721
0.00191245
0.00189835
0.00181603
0.00167071
0.00147171
0.00123182
0.000965963
0.000689605
0.000417343
0.000162173
-6.45601e-05
-0.000252926
-0.000394543
-0.000483482
-0.000517746
-0.00050043
-0.00043971
-0.000347512
-0.000237485
-0.00012293
-1.50838e-05
7.79377e-05
0.000151384
0.000203644
0.000236071
0.000252854
0.000260257
0.000264617
0.000269436
0.000272818
0.000266222
0.000234968
0.000161084
0.000161084
2.86961e-05
-0.000169847
-0.000430087
-0.000735078
-0.0010578
-0.00136592
-0.00162843
-0.00182146
-0.00193022
-0.00194725
-0.00186948
-0.00169609
-0.00142792
-0.0010693
-0.000631765
-0.000137578
0.000379294
0.000876213
0.00130926
0.00164279
0.00185659
0.00194772
0.00192717
0.00181314
0.00162273
0.00136568
0.00104346
0.000653445
0.000195521
-0.000320733
-0.000870504
-0.00141333
-0.00189935
-0.00227964
-0.00251643
-0.00259066
-0.00250501
-0.00228051
-0.00194792
-0.00153821
-0.00107645
-0.000579886
-5.95244e-05
0.000475461
0.00101231
0.00153162
0.00200837
0.00241567
0.00272893
0.00292926
0.00300503
0.00295065
0.00276391
0.00244457
0.0019958
0.00142767
0.000760277
2.52215e-05
-0.000735257
-0.00147243
-0.00213848
-0.00269452
-0.00311565
-0.00339173
-0.00352481
-0.00352417
-0.00340021
-0.0031601
-0.00280735
-0.00234474
-0.00177824
-0.00112074
-0.000394472
0.000369405
0.0011345
0.00186416
0.00252494
0.00308776
0.00352778
0.00382406
0.00395953
0.003922
0.00370614
0.00331586
0.00276597
0.00208208
0.00129853
0.000454964
-0.000407717
-0.00125082
-0.00203979
-0.00274409
-0.00333558
-0.00378694
-0.00407153
-0.00416538
-0.00405135
-0.00372379
-0.0031915
-0.00247762
-0.00161718
-0.000653998
0.000362397
0.00137925
0.00234257
0.00319912
0.00389918
0.0044005
0.00467297
0.00470242
0.0044917
0.00405862
0.00343238
0.00264924
0.00174826
0.000768591
-0.000250674
-0.00126939
-0.00224586
-0.00313742
-0.00390234
-0.0045033
-0.00491174
-0.00511114
-0.00509825
-0.00488249
-0.00448352
-0.00392758
-0.00324381
-0.00246218
-0.00161325
-0.000729276
0.000154491
0.000999592
0.00176645
0.00241841
0.00292637
0.00327216
0.00344984
0.00346427
0.00332793
0.00305714
0.00266916
0.00218052
0.00160731
0.000967213
0.000281951
-0.000421585
-0.00111204
-0.00175582
-0.00231999
-0.00277501
-0.00309649
-0.00326576
-0.00326976
-0.00310118
-0.00275945
-0.00225217
-0.00159595
-0.000816611
5.10149e-05
0.000964206
0.0018754
0.00273685
0.00350511
0.0041442
0.00462702
0.00493523
0.00505805
0.00499107
0.00473582
0.00429977
0.00369651
0.00294597
0.00207458
0.00111489
0.000104241
-0.000917234
-0.00190848
-0.00282892
-0.00363985
-0.00430631
-0.00479923
-0.00509724
-0.00518774
-0.00506767
-0.00474388
-0.00423298
-0.00356022
-0.0027574
-0.00186012
-0.000905036
7.21113e-05
0.00103732
0.00195842
0.00280504
0.00354882
0.00416368
0.00462652
0.0049185
0.00502662
0.00494441
0.00467194
0.00421575
0.00358978
0.00281655
0.00192734
0.000960753
-3.98708e-05
-0.0010296
-0.00196549
-0.00280981
-0.00353182
-0.0041078
-0.00451949
-0.00475167
-0.00479029
-0.00462336
-0.00424473
-0.00365841
-0.00288159
-0.0019455
-0.000893651
0.000222355
0.00134847
0.00243305
0.00342954
0.00429699
0.00499939
0.00550516
0.00578743
0.00582588
0.00560964
0.00514044
0.00443474
0.0035236
0.00245008
0.00126472
2.05499e-05
-0.00123071
-0.00244077
-0.00356536
-0.00456408
-0.00540053
-0.00604322
-0.00646715
-0.00665525
-0.00659941
-0.0063008
-0.00576943
-0.00502332
-0.00408787
-0.00299562
-0.00178581
-0.000503159
0.000804019
0.00208541
0.00329006
0.00436841
0.00527545
0.00597363
0.00643473
0.00664007
0.00657994
0.0062536
0.00567093
0.00485464
0.00384133
0.00268062
0.00143218
0.00016065
-0.00107073
-0.00220597
-0.00320043
-0.00402282
-0.00465442
-0.00508531
-0.00530963
-0.00532228
-0.0051187
-0.00469722
-0.00406309
-0.00323344
-0.0022405
-0.00113078
3.9781e-05
0.00121217
0.00233042
0.00334632
0.00422185
0.00492867
0.00544583
0.0057573
0.00585051
0.00571626
0.00535105
0.00476091
0.00396465
0.00299485
0.00189631
0.000722297
-0.000470589
-0.00162768
-0.00270002
-0.00364588
-0.00443085
-0.00502735
-0.00541462
-0.00557934
-0.00551697
-0.00523355
-0.00474664
-0.00408465
-0.00328445
-0.00238779
-0.00143725
-0.000472954
0.000468771
0.00135484
0.00215397
0.00283609
0.00337314
0.00337314
0.0037411
0.00392238
0.00390844
0.00370161
0.00331553
0.00277395
0.00210842
0.00135554
0.000554197
-0.000256609
-0.00103911
-0.0017576
-0.00237939
-0.00287612
-0.00322556
-0.00341352
-0.00343539
-0.00329677
-0.00301295
-0.00260684
-0.00210604
-0.0015399
-0.000937613
-0.000327548
0.000262839
0.00080719
0.00128088
0.0016624
0.00193524
0.00208966
0.00212339
0.00204107
0.00185244
0.00156986
0.0012063
0.000774662
0.000288281
-0.000237826
-0.00078543
-0.00133238
-0.00185365
-0.00232387
-0.00272006
-0.00302379
-0.00322239
-0.00330873
-0.00327989
-0.00313558
-0.0028768
-0.00250522
-0.00202377
-0.0014389
-0.000763679
-2.00467e-05
0.000760974
0.00154151
0.00228146
0.00294405
0.00349974
0.00392714
0.00421144
0.00434243
0.00431343
0.00412194
0.00377151
0.003274
0.00265119
0.00193485
0.00116464
0.000383751
-0.000366302
-0.00105022
-0.00164214
-0.00212701
-0.00249986
-0.00276314
-0.00292317
-0.00298694
-0.00296
-0.00284599
-0.00264739
-0.00236726
-0.0020108
-0.00158594
-0.00110316
-0.000575538
-1.94316e-05
0.000545305
0.00109654
0.00161206
0.00207152
0.00245785
0.00275833
0.00296464
0.00307166
0.00307598
0.00297507
0.00276758
0.00245485
0.00204359
0.00154788
0.000989221
0.000394595
-0.000206354
-0.00078433
-0.00131298
-0.00177013
-0.00213771
-0.00240121
-0.00254939
-0.00257456
-0.00247367
-0.00224966
-0.00191236
-0.00147849
-0.000970959
-0.00041712
0.000153454
0.000711319
0.0012291
0.00168292
0.00205312
0.00232448
0.00248626
0.00253222
0.00246096
0.00227641
0.00198841
0.00161256
0.0011694
0.000682695
0.000177173
-0.000323841
-0.000800291
-0.00123618
-0.0016193
-0.00194037
-0.00219239
-0.00237031
-0.00247119
-0.00249465
-0.00244355
-0.00232439
-0.00214684
-0.00192178
-0.00165807
-0.00135963
-0.00102505
-0.000650454
-0.000234308
0.00021777
0.000690492
0.0011599
0.00159794
0.00197872
0.0022836
0.00250331
0.00263699
0.00268866
0.00266268
0.00256023
0.00237899
0.00211616
0.00177319
0.00136027
0.00089817
0.000416055
-5.38254e-05
-0.000482137
-0.00084701
-0.00113615
-0.0013462
-0.00147986
-0.00154249
-0.00153989
-0.00147764
-0.00136192
-0.00120095
-0.00100647
-0.0007937
-0.00057905
-0.000376603
-0.000195203
-3.774e-05
9.72707e-05
0.000212725
0.000309803
0.000385949
0.000434917
0.000448851
0.000421347
0.000350052
0.000237848
9.22854e-05
-7.63985e-05
-0.000257835
-0.000443548
-0.000627563
-0.000805444
-0.000972414
-0.00112169
-0.00124391
-0.00132799
-0.00136289
-0.00133956
-0.00125253
-0.00110063
-0.000887219
-0.000619712
-0.000308964
3.09016e-05
0.000382428
0.000725504
0.0010393
0.00130484
0.00150728
0.0016375
0.00169262
0.0016752
0.00159132
0.00144879
0.0012558
0.00102049
0.000751115
0.00045691
0.000149007
-0.000159505
-0.000454733
-0.000723945
-0.000957511
-0.00114999
-0.00129998
-0.00140902
-0.00148015
-0.00151663
-0.00152106
-0.00149477
-0.0014377
-0.00134864
-0.00122581
-0.00106779
-0.000874684
-0.000649325
-0.000398045
-0.000130224
0.000143165
0.000411035
0.000663168
0.000890814
0.00108674
0.00124461
0.00135835
0.00142222
0.00143146
0.00138335
0.00127817
0.00111962
0.000914059
0.000669059
0.000392358
9.15078e-05
-0.000225687
-0.000550151
-0.000870173
-0.00116989
-0.00142838
-0.00162087
-0.00172268
-0.00171468
-0.00158819
-0.00134814
-0.00101381
-0.000616263
-0.000192548
0.000221022
0.000594077
0.000904956
0.00114126
0.00129857
0.00137806
0.00138434
0.00132451
0.00120818
0.00104744
0.00085586
0.000647449
0.000435896
0.000234131
5.36708e-05
-9.58367e-05
-0.00020653
-0.000272484
-0.000290875
-0.000263708
-0.000199202
-0.000112066
-2.17497e-05
5.13941e-05
9.02577e-05
8.35098e-05
2.66204e-05
-7.76808e-05
-0.000219604
-0.000383646
-0.000550873
-0.000701564
-0.000817749
-0.000885226
-0.000894755
-0.000842318
-0.00072863
-0.000558798
-0.00034291
-9.66094e-05
0.000159999
0.000405112
0.000618172
0.000782142
0.000885027
0.000920272
0.000885817
0.000782537
0.000782537
0.000612909
0.00038016
8.81311e-05
-0.000257702
-0.000648109
-0.0010678
-0.001494
-0.0018965
-0.00223975
-0.00248714
-0.00260715
-0.00257927
-0.00239677
-0.00206544
-0.00160023
-0.00102154
-0.000351983
0.000385486
0.00116705
0.00196566
0.00274801
0.00347231
0.00408889
0.0045453
0.0047947
0.00480375
0.00455759
0.00406124
0.0033373
0.00242067
0.00135211
0.000173556
-0.00107301
-0.00234309
-0.00358535
-0.00473868
-0.0057338
-0.00650008
-0.0069757
-0.00711798
-0.00691068
-0.00636577
-0.00551843
-0.00441831
-0.00312146
-0.00168603
-0.000171518
0.00135924
0.00283783
0.00419059
0.00534336
0.00622956
0.00679949
0.0070281
0.00691808
0.00649722
0.00581138
0.00491578
0.00386662
0.00271606
0.00151194
0.000300589
-0.000870814
-0.00195386
-0.0029005
-0.0036663
-0.00421494
-0.00452197
-0.00457663
-0.00438156
-0.00395145
-0.00331098
-0.00249269
-0.0015355
-0.000484457
0.00060928
0.00168933
0.00269658
0.00357291
0.00426577
0.004733
0.00494719
0.00489835
0.00459404
0.00405682
0.00332028
0.00242519
0.00141639
0.00034041
-0.000756038
-0.00182692
-0.00282779
-0.00371764
-0.00446135
-0.00503178
-0.00541108
-0.0055912
-0.00557311
-0.00536508
-0.00498109
-0.00444039
-0.0037677
-0.00299313
-0.00215087
-0.00127648
-0.000403462
0.000439476
0.0012293
0.00194781
0.00258012
0.00311295
0.00353314
0.00382717
0.00398245
0.00398977
0.00384551
0.00355275
0.0031215
0.00256859
0.00191717
0.00119561
0.000436198
-0.000325452
-0.00105058
-0.00169833
-0.00222849
-0.00260537
-0.00280234
-0.00280638
-0.00262158
-0.00226967
-0.00178676
-0.00121728
-0.000606914
3.39282e-06
0.000581325
0.00110432
0.00155766
0.00193074
0.00221378
0.00239627
0.00246694
0.00241495
0.00223254
0.00191861
0.0014814
0.000939079
0.000318595
-0.00034687
-0.00102191
-0.00167337
-0.00227363
-0.00280176
-0.0032431
-0.00358694
-0.00382259
-0.00393572
-0.00390749
-0.00371722
-0.00334802
-0.00279395
-0.0020661
-0.00119399
-0.000221918
0.000797431
0.00180946
0.00276354
0.00361669
0.00433368
0.00488481
0.0052445
0.00539203
0.00531461
0.00501188
0.00449981
0.00381154
0.00299435
0.00210371
0.00119563
0.000319769
-0.000484142
-0.00118599
-0.00176292
-0.00219641
-0.00247007
-0.00256966
-0.00248593
-0.00221861
-0.00177969
-0.00119467
-0.000501333
0.000253879
0.00102027
0.00174628
0.00238145
0.00287831
0.00319524
0.00329981
0.00317137
0.0028026
0.00220138
0.00139368
0.000425712
-0.000637097
-0.00171552
-0.00272539
-0.00358805
-0.00423979
-0.00463825
-0.00476393
-0.00461665
-0.00420995
-0.00356723
-0.00272076
-0.0017121
-0.000592942
0.000574532
0.00172004
0.00277117
0.00366124
0.0043367
0.00476212
0.00492145
0.0048159
0.00446094
0.00388438
0.00312499
0.00223055
0.00125545
0.000258089
-0.000702352
-0.0015694
-0.00229257
-0.00283007
-0.00315109
-0.00323765
-0.00308596
-0.00270694
-0.00212539
-0.00137772
-0.000508992
0.00043032
0.00138764
0.00231172
0.0031557
0.00387945
0.00445053
0.00484419
0.00504318
0.00503778
0.00482568
0.00441142
0.0038059
0.00302597
0.00209417
0.00103899
-0.000104619
-0.00129559
-0.00248889
-0.00363864
-0.00470052
-0.00563271
-0.00639638
-0.00695651
-0.00728372
-0.00735699
-0.00716664
-0.00671665
-0.00602552
-0.00512528
-0.00405846
-0.00287401
-0.00162357
-0.000359141
0.000868171
0.00200858
0.00301428
0.00384132
0.00445278
0.00482248
0.0049381
0.00480278
0.00443433
0.00386214
0.00312302
0.00225733
0.00130617
0.000310429
-0.000688641
-0.00164875
-0.00252682
-0.00328051
-0.00387114
-0.00426745
-0.00444946
-0.00441085
-0.00415957
-0.00371655
-0.00311282
-0.00238554
-0.00157425
-0.000718301
0.000144457
0.000978348
0.00175012
0.00242915
0.00298807
0.00340431
0.00366202
0.00375381
0.00368166
0.00345676
0.00309821
0.00263091
0.00208335
0.00148573
0.000868603
0.000262042
-0.000305019
-0.000805771
-0.00121715
-0.00152188
-0.00152188
-0.00171025
-0.00178067
-0.00173925
-0.00159851
-0.00137565
-0.00109041
-0.000762991
-0.000412545
-5.65081e-05
0.000289438
0.000611254
0.000896439
0.00113383
0.00131347
0.00142706
0.00146858
0.00143483
0.00132559
0.00114398
0.000897014
0.000596041
0.000257334
-9.76351e-05
-0.000443152
-0.000752219
-0.00100074
-0.00117111
-0.00125399
-0.00124846
-0.00116078
-0.00100209
-0.00078562
-0.00052476
-0.000232622
7.73228e-05
0.000390082
0.000688246
0.000952404
0.00116324
0.00130445
0.00136539
0.00134248
0.00123926
0.0010651
0.000833428
0.000559878
0.000260951
-4.70389e-05
-0.000348747
-0.000630369
-0.000880028
-0.00108817
-0.00124816
-0.00135672
-0.00141352
-0.00142016
-0.00137931
-0.00129435
-0.00116935
-0.00100936
-0.00082086
-0.000611944
-0.000391758
-0.000169597
4.58438e-05
0.000246878
0.000426804
0.000579323
0.000697776
0.000774797
0.000802705
0.000774722
0.000686954
0.000540367
0.000341618
0.00010229
-0.000162999
-0.000439051
-0.000712468
-0.000972887
-0.00121233
-0.00142327
-0.00159678
-0.00172177
-0.00178585
-0.00177764
-0.00168974
-0.00152075
-0.0012761
-0.00096765
-0.000612352
-0.000230069
0.000158438
0.000532773
0.000873526
0.00116289
0.00138575
0.00153102
0.00159252
0.00156911
0.00146437
0.00128582
0.0010437
0.000749744
0.000416278
5.57366e-05
-0.000319695
-0.000697961
-0.00106654
-0.00141209
-0.00172087
-0.00197954
-0.00217583
-0.0022992
-0.00234165
-0.00229878
-0.00217055
-0.00196149
-0.00168033
-0.0013394
-0.000953612
-0.000539289
-0.000113072
0.0003092
0.000713476
0.00108806
0.00142348
0.00171174
0.00194577
0.00211911
0.00222614
0.00226245
0.00222552
0.00211549
0.00193563
0.00169202
0.00139295
0.00104822
0.000668649
0.000266059
-0.00014656
-0.00055493
-0.000943584
-0.00129639
-0.00159779
-0.00183448
-0.00199678
-0.00207892
-0.00207854
-0.00199576
-0.00183261
-0.00159321
-0.00128462
-0.000917508
-0.000506381
-6.9209e-05
0.000373739
0.000801781
0.00119593
0.00154065
0.00182482
0.00204174
0.00218825
0.00226333
0.00226718
0.00220078
0.00206584
0.00186503
0.00160247
0.00128452
0.000920276
0.000521392
0.000101416
-0.000325052
-0.000743121
-0.00113826
-0.00149664
-0.00180488
-0.00204945
-0.00221627
-0.00229162
-0.00226438
-0.00212869
-0.00188572
-0.0015443
-0.00112019
-0.000634177
-0.000109478
0.000430459
0.000963114
0.0014668
0.0019198
0.00229979
0.00258482
0.00275579
0.00279954
0.0027115
0.00249688
0.00217
0.00175176
0.00126654
0.000739381
0.0001942
-0.000346798
-0.000862843
-0.00133395
-0.00174067
-0.00206481
-0.00229102
-0.00240895
-0.00241494
-0.00231282
-0.00211315
-0.0018314
-0.00148538
-0.00109279
-0.0006697
-0.000230369
0.000211845
0.000643072
0.00104781
0.00140852
0.00170608
0.00192147
0.00203832
0.0020454
0.00193837
0.00172039
0.00140178
0.000998758
0.000531539
2.2901e-05
-0.000502241
-0.00101697
-0.0014933
-0.0019041
-0.00222528
-0.00243773
-0.00252887
-0.00249335
-0.00233264
-0.002054
-0.00166927
-0.00119379
-0.000645717
-4.60374e-05
0.000581109
0.00120843
0.00180639
0.00234508
0.00279646
0.00313699
0.00334968
0.00342529
0.003362
0.00316409
0.00284058
0.00240465
0.00187378
0.00127011
0.000620324
-4.54088e-05
-0.000695581
-0.00129989
-0.00183171
-0.00226995
-0.00259991
-0.00281297
-0.0029056
-0.0028781
-0.00273359
-0.00247795
-0.00212072
-0.00167614
-0.00116359
-0.000607243
-3.47303e-05
0.000524951
0.00104379
0.00149665
0.00186237
0.00212433
0.00227079
0.00229514
0.00219601
0.00197732
0.00164846
0.00122425
0.000724731
0.000174387
-0.000398893
-0.000965357
-0.00149525
-0.00196063
-0.00233694
-0.00260393
-0.00274626
-0.00275384
-0.00262266
-0.00235602
-0.00196535
-0.0014699
-0.000895105
-0.000270433
0.000372766
0.00100296
0.00158996
0.00210628
0.00252832
0.00283717
0.00301932
0.0030675
0.00298147
0.00276855
0.00244342
0.00202692
0.00154399
0.00102121
0.000484446
-4.30504e-05
-0.000541598
-0.000995239
-0.000995239
-0.00139134
-0.00171979
-0.00197205
-0.00214066
-0.00221981
-0.0022063
-0.00210021
-0.00190491
-0.0016273
-0.00127803
-0.000871277
-0.000424204
4.38124e-05
0.000511995
0.000959099
0.00136429
0.00170789
0.00197236
0.0021435
0.00221178
0.00217337
0.00203054
0.0017913
0.00146834
0.00107797
0.000639055
0.000172078
-0.000301762
-0.000761277
-0.00118603
-0.00155722
-0.00185873
-0.00207806
-0.00220722
-0.00224328
-0.00218827
-0.00204848
-0.00183324
-0.00155346
-0.00122047
-0.000845566
-0.000440251
-1.70601e-05
0.000409622
0.000823099
0.00120495
0.00153686
0.00180298
0.00199185
0.00209734
0.00211854
0.00205874
0.00192372
0.00172049
0.00145686
0.00114192
0.000786808
0.000405654
1.56368e-05
-0.000363931
-0.000713253
-0.00101388
-0.00125044
-0.00141209
-0.00149308
-0.00149261
-0.00141426
-0.00126512
-0.00105492
-0.000795234
-0.000499102
-0.000180846
0.000144117
0.000459657
0.000749509
0.000998145
0.00119197
0.0013206
0.00137784
0.00136199
0.00127546
0.00112368
0.000913656
0.000652907
0.000348928
9.52156e-06
-0.000356244
-0.000736968
-0.00111848
-0.00148439
-0.00181718
-0.00209952
-0.00231564
-0.00245275
-0.00250204
-0.00245912
-0.00232399
-0.00210074
-0.00179704
-0.00142348
-0.000993158
-0.00052128
-2.50688e-05
0.000476307
0.000961983
0.00141019
0.00179964
0.00211134
0.00233034
0.00244716
0.00245862
0.00236794
0.00218413
0.00192065
0.00159427
0.00122385
0.000829175
0.000429716
4.36321e-05
-0.000313181
-0.000628006
-0.000891741
-0.00109855
-0.00124508
-0.00133003
-0.0013542
-0.00132057
-0.00123449
-0.0011037
-0.000938103
-0.000749124
-0.000548708
-0.000348335
-0.000158226
1.30268e-05
0.000158338
0.000271917
0.000349407
0.000388401
0.00038897
0.00035383
0.000287962
0.000197874
9.08268e-05
-2.58726e-05
-0.000145593
-0.000262947
-0.000373919
-0.00047552
-0.000565178
-0.000640071
-0.000696651
-0.000730602
-0.000737388
-0.000713207
-0.000655973
-0.000565965
-0.000446116
-0.000301954
-0.000141139
2.7401e-05
0.000194379
0.000350863
0.000488877
0.000601991
0.00068574
0.000737738
0.000757703
0.000747506
0.000711018
0.000653512
0.000580878
0.000499022
0.000413551
0.000329588
0.000251709
0.000183977
0.000129809
9.15563e-05
7.0001e-05
6.41048e-05
7.11844e-05
8.75486e-05
0.00010942
0.000133697
0.00015829
0.000182187
0.000205434
0.000228965
0.000254185
0.000282492
0.000314881
0.000351678
0.000392399
0.000435684
0.000479179
0.000519362
0.000551433
0.000569474
0.000567122
0.000538797
0.000480953
0.000392642
0.000275285
0.000132079
-3.26374e-05
-0.000214003
-0.000406998
-0.000606221
-0.000805101
-0.000994886
-0.00116403
-0.00129882
-0.00138551
-0.00141309
-0.00137538
-0.001272
-0.00110813
-0.000893642
-0.000641604
-0.000366946
-8.54175e-05
0.000187228
0.000436027
0.000647705
0.000811591
0.000920262
0.000969842
0.000960113
0.000894312
0.000778375
0.000619978
0.000427936
0.000211916
-1.78008e-05
-0.000250464
-0.000474886
-0.000679707
-0.000853999
-0.000987984
-0.00107373
-0.00110582
-0.00108193
-0.00100288
-0.000872301
-0.00069589
-0.000480755
-0.000234883
3.30806e-05
0.000313838
0.000597369
0.000872917
0.0011291
0.00135419
0.0015367
0.00166629
0.00173464
0.00173595
0.00166708
0.00152761
0.00132034
0.00105173
0.000732331
0.000376504
1.80647e-06
-0.000372299
-0.000726347
-0.00104295
-0.0013083
-0.00151282
-0.00165119
-0.0017219
-0.00172628
-0.0016675
-0.00155015
-0.00138002
-0.00116397
-0.000909788
-0.000626364
-0.000323881
-1.37859e-05
0.000291569
0.000579389
0.0008369
0.00105198
0.00121403
0.001315
0.00135015
0.00131871
0.00122406
0.0010735
0.000877425
0.000648146
0.000398759
0.000142207
-0.000109456
-0.000345482
-0.000556443
-0.000734013
-0.000870893
-0.000960981
-0.000999719
-0.000984534
-0.000915355
-0.000794989
-0.000629078
-0.000425659
-0.000194483
5.37635e-05
0.000308307
0.000558997
0.000796729
0.0010135
0.00120214
0.00135587
0.00146789
0.00153146
0.00154049
0.00149042
0.00137905
0.0012074
0.000980239
0.000980239
0.000706149
0.000397037
6.75418e-05
-0.000265751
-0.00058564
-0.000875994
-0.00112316
-0.00131679
-0.00145026
-0.00152062
-0.00152805
-0.00147498
-0.00136522
-0.00120349
-0.000995235
-0.000746881
-0.000466572
-0.000164746
0.000145986
0.00045178
0.000738882
0.000994875
0.00120967
0.00137604
0.00148944
0.00154732
0.00154819
0.00149092
0.00137483
0.00120078
0.000972511
0.000697774
0.000388468
5.99265e-05
-0.000270691
-0.000586487
-0.000872714
-0.00111789
-0.00131397
-0.00145577
-0.00153986
-0.0015637
-0.00152546
-0.0014247
-0.00126348
-0.0010474
-0.000786059
-0.000492764
-0.000183213
0.00012627
0.000420417
0.000686143
0.000913024
0.00109315
0.00122058
0.0012909
0.00130122
0.00125061
0.00114082
0.000976846
0.000767107
0.000523007
0.000257907
-1.41314e-05
-0.000279571
-0.000526301
-0.000744021
-0.00092417
-0.00105962
-0.00114449
-0.00117418
-0.00114595
-0.00105953
-0.000917777
-0.000726788
-0.000495649
-0.000235738
4.01759e-05
0.000318796
0.000586941
0.000831946
0.00104202
0.0012067
0.00131744
0.00136816
0.00135566
0.00127992
0.00114418
0.000954737
0.000720439
0.000451983
0.000161185
-0.000139568
-0.000437557
-0.000719716
-0.000972721
-0.00118347
-0.00133998
-0.00143253
-0.00145484
-0.0014051
-0.00128633
-0.00110596
-0.00087477
-0.000605579
-0.000312051
-7.76904e-06
0.000294232
0.000581441
0.000841714
0.00106342
0.00123596
0.00135058
0.00140126
0.00138549
0.00130454
0.00116326
0.0009694
0.000732952
0.000465375
0.000179063
-0.000112991
-0.000397422
-0.00066087
-0.000890632
-0.00107556
-0.00120699
-0.00127942
-0.00129092
-0.00124315
-0.00114083
-0.000990984
-0.000802195
-0.000583979
-0.000346453
-0.000100127
0.000144245
0.000375956
0.000584877
0.000762142
0.000900783
0.000996143
0.00104597
0.00105022
0.00101077
0.000931125
0.000816124
0.000671726
0.000504776
0.000322823
0.000133882
-5.39071e-05
-0.000232734
-0.000395646
-0.000536987
-0.000652579
-0.00073969
-0.000796865
-0.000823617
-0.000820054
-0.000786627
-0.000724197
-0.000634406
-0.000520209
-0.000386392
-0.000239877
-8.95716e-05
5.43901e-05
0.000181916
0.000284336
0.000355571
0.000392964
0.000397582
0.000373686
0.000327488
0.000265743
0.000194633
0.000119009
4.20952e-05
-3.41538e-05
-0.000108165
-0.000177937
-0.000240703
-0.000293028
-0.000331189
-0.000351854
-0.000352831
-0.000333427
-0.000294255
-0.000236781
-0.000162983
-7.51937e-05
2.38229e-05
0.000130467
0.000239728
0.000344951
0.000438358
0.000512203
0.000560076
0.00057791
0.000564512
0.000521557
0.000452991
0.000364067
0.000260399
0.000147296
2.94852e-05
-8.87951e-05
-0.000203462
-0.000310285
-0.000404882
-0.000483128
-0.000541845
-0.000579435
-0.000596071
-0.000593337
-0.00057346
-0.000538483
-0.000489691
-0.000427631
-0.000352743
-0.000266289
-0.000171008
-7.12164e-05
2.75921e-05
0.00011947
0.000198865
0.000261304
0.000303648
0.000323961
0.000321238
0.00029518
0.000246194
0.000175666
8.63662e-05
-1.7251e-05
-0.000129051
-0.000241688
-0.000347572
-0.00044001
-0.000514044
-0.000566768
-0.000597192
-0.000605759
-0.000593658
-0.000562244
-0.000512844
-0.000446916
-0.000366336
-0.000273609
-0.000171904
-6.4806e-05
4.41237e-05
0.000151751
0.000255538
0.000353431
0.000443544
0.000523839
0.000592037
0.000645806
0.00068314
0.000702772
0.000704462
0.000688967
0.000657615
0.000611734
0.000552294
0.000479952
0.000395521
0.000300623
0.000198119
9.20203e-05
-1.29981e-05
-0.000112302
-0.000202082
-0.000279988
-0.000345285
-0.000398469
-0.000440534
-0.000472087
-0.000492687
-0.000500827
-0.000494647
-0.000472953
-0.000436055
-0.000386226
-0.000327694
-0.000266095
-0.000207519
-0.000157513
-0.00012037
-9.8722e-05
-9.33746e-05
-0.000103394
-0.000126393
-0.00015885
-0.000196402
-0.000234274
-0.000267981
-0.000293978
-0.000309867
-0.000314198
-0.000306211
-0.000285617
-0.000252357
-0.00020646
-0.000148155
-7.81114e-05
2.38287e-06
9.12484e-05
0.000185519
0.00028153
0.000375414
0.000463611
0.000543207
0.000612081
0.0006689
0.000712971
0.00074402
0.000761961
0.000766699
0.000758001
0.000758001
0.000735543
0.000699127
0.000648954
0.000585747
0.000510724
0.000425571
0.000332479
0.000234166
0.000133717
3.41973e-05
-6.18028e-05
-0.000152549
-0.000237304
-0.00031614
-0.000389495
-0.000457671
-0.000520397
-0.000576504
-0.000623886
-0.000659918
-0.000682125
-0.000688717
-0.000678842
-0.000652675
-0.000611405
-0.00055708
-0.000492249
-0.000419539
-0.000341311
-0.000259532
-0.000175885
-9.20568e-05
-9.97934e-06
6.81954e-05
0.000140394
0.000204935
0.000260717
0.000307276
0.00034472
0.000373516
0.000394177
0.000406971
0.000411742
0.000407967
0.000395041
0.00037267
0.000341225
0.00030195
0.000256977
0.000209123
0.000161526
0.000117275
7.91707e-05
4.95514e-05
3.00451e-05
2.1296e-05
2.28397e-05
3.31826e-05
5.00186e-05
7.05757e-05
9.20663e-05
0.000112028
0.000128377
0.000139282
0.000143099
0.000138386
0.000123946
9.89091e-05
6.28804e-05
1.60497e-05
-4.07919e-05
-0.000106271
-0.000178448
-0.000254811
-0.000332192
-0.000406583
-0.000473019
-0.000525799
-0.000559276
-0.00056894
-0.000552299
-0.000509213
-0.000441846
-0.000354397
-0.000252542
-0.000142648
-3.10079e-05
7.67014e-05
0.000175718
0.000262224
0.000333167
0.000386074
0.00041905
0.000430989
0.000421842
0.000392766
0.000346035
0.000284762
0.000212548
0.000133128
5.00967e-05
-3.31978e-05
-0.000113567
-0.000187847
-0.000252863
-0.000305535
-0.000343113
-0.000363475
-0.000365393
-0.000348585
-0.000313545
-0.000261249
-0.000192945
-0.000110125
-1.47366e-05
9.04486e-05
0.000201492
0.000313106
0.000418691
0.000510759
0.000581888
0.000625968
0.000639166
0.000620259
0.00057041
0.000492599
0.000390879
0.000269736
0.000133843
-1.18034e-05
-0.000161584
-0.000309052
-0.000447039
-0.000568228
-0.000666033
-0.000735448
-0.000773575
-0.000779741
-0.000755168
-0.000702349
-0.000624375
-0.000524456
-0.000405761
-0.000271626
-0.000126031
2.5984e-05
0.000178296
0.000324109
0.000456606
0.000569586
0.000657965
0.000718065
0.000747684
0.000746012
0.000713523
0.000651919
0.000564156
0.00045449
0.000328478
0.000192801
5.48748e-05
-7.77291e-05
-0.00019797
-0.000299918
-0.000379062
-0.000432354
-0.000458113
-0.000455906
-0.000426459
-0.00037163
-0.000294435
-0.000199021
-9.05031e-05
2.53334e-05
0.00014246
0.000255084
0.000358093
0.000447375
0.000519958
0.000573961
0.00060837
0.000622789
0.000617318
0.000592598
0.000549895
0.000491124
0.000418789
0.000335851
0.000245558
0.0001513
5.65208e-05
-3.53298e-05
-0.000120781
-0.000196319
-0.000258421
-0.000303685
-0.000329068
-0.000332262
-0.000312165
-0.000269234
-0.000205488
-0.00012422
-2.95814e-05
7.37921e-05
0.000181071
0.000287335
0.000387511
0.000476342
0.000548549
0.000599224
0.000624423
0.00062178
0.000590859
0.000533099
0.00045148
0.00035005
0.000233438
0.000106474
-2.59616e-05
-0.000158944
-0.000287493
-0.000406623
-0.000511501
-0.000597799
-0.000662159
-0.000702611
-0.0007188
-0.000711981
-0.000684745
-0.000640567
-0.000583349
-0.000517099
-0.000445746
-0.000373071
-0.00030271
-0.000238161
-0.000182698
-0.00013918
-0.000109795
-9.58459e-05
-9.77026e-05
-0.000114894
-0.000146263
-0.000190081
-0.00024412
-0.000305685
-0.000371655
-0.000438593
-0.000502942
-0.000561248
-0.000610384
-0.000647759
-0.000671497
-0.000680442
-0.000673999
-0.000651902
-0.000614054
-0.000560549
-0.000491921
-0.000409543
-0.000315946
-0.000214901
-0.000111269
-1.06359e-05
8.13237e-05
0.000159625
0.000220579
0.000262022
0.00028326
0.000284815
0.000268068
0.000234926
0.000187667
0.00012893
6.17497e-05
-1.04395e-05
-8.38573e-05
-0.000154515
-0.000218441
-0.000271923
-0.000311722
-0.000335227
-0.000340622
-0.000327116
-0.000295119
-0.000246288
-0.0001834
-0.000110093
-3.04854e-05
5.12383e-05
0.000131126
0.0002056
0.000271524
0.000326253
0.000367632
0.000394003
0.000404258
0.000397946
0.000375366
0.000337642
0.000286754
0.000225485
0.000157283
8.60575e-05
1.59507e-05
-4.89398e-05
-0.000104866
-0.000148689
-0.000178015
-0.000191221
-0.000187425
-0.000166468
-0.000128902
-7.59748e-05
-9.60141e-06
6.76846e-05
0.000152787
0.000242099
0.000331561
0.000416804
0.000493404
0.000557229
0.000557229
0.000604792
0.000633555
0.000642151
0.00063044
0.000599335
0.000550453
0.000485745
0.000407246
0.000317013
0.000217298
0.000110837
1.04826e-06
-0.000107966
-0.000211576
-0.000304917
-0.00038329
-0.000442604
-0.000479706
-0.000492582
-0.000480485
-0.000443997
-0.000384996
-0.000306459
-0.000212181
-0.000106519
5.83953e-06
0.000120128
0.000231752
0.000336468
0.000430531
0.00051083
0.000574941
0.000621095
0.000648136
0.00065553
0.000643327
0.000612054
0.000562656
0.000496596
0.000416104
0.000324362
0.000225535
0.000124596
2.69792e-05
-6.19457e-05
-0.000137453
-0.000195891
-0.000234883
-0.000253337
-0.00025132
-0.000229872
-0.000190849
-0.00013689
-7.1445e-05
1.26912e-06
7.64792e-05
0.000149254
0.000214973
0.000269713
0.000310489
0.000335378
0.000343518
0.000334964
0.000310442
0.000271147
0.000218646
0.000154899
8.23869e-05
4.2821e-06
-7.54631e-05
-0.000152237
-0.000221093
-0.000277228
-0.000316541
-0.000336157
-0.00033472
-0.000312349
-0.000270311
-0.000210633
-0.000135808
-4.86452e-05
4.76777e-05
0.000149353
0.000251618
0.000348624
0.000433711
0.000500154
0.000542234
0.000556156
0.000540439
0.000495797
0.000424677
0.000330643
0.000217781
9.04375e-05
-4.66381e-05
-0.000187878
-0.000326529
-0.000454701
-0.000564064
-0.000646979
-0.000697629
-0.000712806
-0.000692216
-0.000638257
-0.000555326
-0.000448954
-0.000325048
-0.000189407
-4.75796e-05
9.50212e-05
0.000232898
0.000360379
0.000471829
0.000562187
0.000627596
0.000665871
0.000676646
0.000661225
0.000622189
0.000562918
0.000487207
0.000399068
0.000302725
0.000202679
0.000103719
1.07571e-05
-7.15301e-05
-0.000139152
-0.000189179
-0.000219923
-0.0002309
-0.000222621
-0.000196304
-0.000153634
-9.66477e-05
-2.78027e-05
4.98215e-05
0.000132267
0.000214504
0.0002905
0.000353705
0.000397881
0.000418003
0.000411037
0.000376448
0.000316299
0.00023477
0.000137246
2.93355e-05
-8.38559e-05
-0.000198136
-0.000310313
-0.000417921
-0.000518714
-0.00061021
-0.000689469
-0.000753068
-0.000797317
-0.000818811
-0.000815189
-0.000785712
-0.000731453
-0.00065519
-0.000561097
-0.000454234
-0.000339937
-0.000223367
-0.000109308
-2.12401e-06
9.42212e-05
0.000176106
0.000240247
0.000283867
0.000305011
0.000302821
0.000277703
0.000231364
0.000166671
8.73574e-05
-2.32395e-06
-9.7853e-05
-0.000194544
-0.000287537
-0.000371777
-0.000442106
-0.000493556
-0.000521881
-0.000524246
-0.000499858
-0.000450252
-0.000379122
-0.000291783
-0.000194373
-9.29197e-05
7.38711e-06
0.000102417
0.000188873
0.000263945
0.000325077
0.000369914
0.000396512
0.000403782
0.000391894
0.000362414
0.000318139
0.000262695
0.000200009
0.000133825
6.74275e-05
3.55906e-06
-5.55439e-05
-0.000108038
-0.000152341
-0.000187086
-0.000211211
-0.00022412
-0.000225812
-0.000216928
-0.000198689
-0.000172748
-0.000141031
-0.000105577
-6.83785e-05
-3.12368e-05
4.35847e-06
3.72844e-05
6.67751e-05
9.2353e-05
0.00011372
0.000130633
0.000142832
0.000150066
0.000152224
0.000149455
0.000142236
0.000131378
0.000117958
0.000103174
8.81914e-05
7.40199e-05
6.14539e-05
5.10754e-05
4.33282e-05
3.86085e-05
3.73024e-05
3.97561e-05
4.62073e-05
5.67197e-05
7.11712e-05
8.9341e-05
0.000111078
0.000136454
0.000165765
0.000199227
0.000236445
0.000275861
0.000314495
0.000348111
0.000371875
0.000381452
0.000374113
0.000349304
0.000308501
0.000254604
0.000191141
0.000121436
4.80248e-05
-2.73796e-05
-0.000103496
-0.00017899
-0.000252072
-0.000320291
-0.000380676
-0.000430191
-0.000466197
-0.000486725
-0.000490588
-0.000477441
-0.0004478
-0.000402947
-0.000344741
-0.000275454
-0.000197695
-0.000114382
-2.86933e-05
5.60378e-05
0.000136538
0.00020991
0.00027389
0.000326914
0.000367994
0.000396505
0.000411959
0.000413792
0.00040135
0.000374142
0.00033231
0.00027704
0.0002107
0.000136668
5.89585e-05
-1.83029e-05
-9.13757e-05
-0.000157224
-0.0002136
-0.000258956
-0.000292261
-0.000312808
-0.000320113
-0.000313977
-0.00029463
-0.000262841
-0.000219897
-0.000167509
-0.0001077
-4.27135e-05
2.50621e-05
9.31288e-05
0.000158844
0.000219371
0.000271724
0.000271724
0.000312959
0.000340487
0.00035244
0.000348031
0.000327781
0.000293498
0.000247974
0.00019455
0.000136686
7.76311e-05
2.02069e-05
-3.32244e-05
-8.06458e-05
-0.000120296
-0.000150747
-0.000171113
-0.000181238
-0.000181768
-0.000174072
-0.000160023
-0.000141697
-0.000121081
-9.9887e-05
-7.95193e-05
-6.1182e-05
-4.60415e-05
-3.53441e-05
-3.03893e-05
-3.23138e-05
-4.17312e-05
-5.83659e-05
-8.08597e-05
-0.000106867
-0.000133463
-0.00015777
-0.000177583
-0.0001917
-0.000199871
-0.000202519
-0.00020038
-0.000194139
-0.000184162
-0.000170495
-0.000153069
-0.000131963
-0.000107619
-8.09444e-05
-5.32264e-05
-2.58735e-05
-1.37649e-07
2.30508e-05
4.3108e-05
5.97192e-05
7.27143e-05
8.19543e-05
8.72848e-05
8.85789e-05
8.58495e-05
7.93677e-05
6.97285e-05
5.783e-05
4.47623e-05
3.16318e-05
1.93715e-05
8.58885e-06
-5.2764e-07
-8.23048e-06
-1.51546e-05
-2.21716e-05
-3.01678e-05
-3.97968e-05
-5.13168e-05
-6.46097e-05
-7.93459e-05
-9.51622e-05
-0.000111778
-0.000129059
-0.000147012
-0.000165692
-0.000185077
-0.000204991
-0.000225079
-0.00024483
-0.000263685
-0.000281163
-0.000296933
-0.000310774
-0.000322487
-0.000331853
-0.000338644
-0.000342678
-0.000343891
-0.000342404
-0.000338575
-0.000332983
-0.000326351
-0.000319438
-0.000312907
-0.000307179
-0.000302311
-0.000297924
-0.00029324
-0.000287222
-0.000278736
-0.000266681
-0.000250054
-0.00022797
-0.000199662
-0.000164523
-0.000122232
-7.29907e-05
-1.77838e-05
4.15327e-05
0.000102414
0.00016204
0.000217775
0.000267511
0.000309796
0.000343757
0.000368873
0.000384741
0.000390943
0.000387061
0.000372811
0.000348258
0.000314012
0.000271296
0.000221849
0.000167689
0.000110865
5.3274e-05
-3.43008e-06
-5.78275e-05
-0.000108672
-0.000154816
-0.000195159
-0.000228676
-0.000254523
-0.000272154
-0.000281339
-0.000282012
-0.000274
-0.00025684
-0.000229859
-0.000192492
-0.000144695
-8.73092e-05
-2.22998e-05
4.72606e-05
0.000117544
0.000184561
0.000244751
0.000295387
0.000334713
0.000361848
0.000376539
0.000378867
0.000369087
0.000347663
0.000315418
0.000273697
0.000224469
0.000170319
0.000114235
5.92838e-05
8.28339e-06
-3.64009e-05
-7.29569e-05
-0.00010011
-0.000117029
-0.00012325
-0.00011867
-0.00010362
-7.89359e-05
-4.59986e-05
-6.70022e-06
3.66871e-05
8.1712e-05
0.000125966
0.000167267
0.000203765
0.000233953
0.000256641
0.000270932
0.000276245
0.000272408
0.00025981
0.000239531
0.000213363
0.000183647
0.000152959
0.000123728
9.79357e-05
7.70145e-05
6.18779e-05
5.30251e-05
5.06922e-05
5.49891e-05
6.59271e-05
8.33041e-05
0.000106516
0.000134387
0.000165129
0.00019651
0.000226194
0.000252092
0.000272602
0.00028671
0.000293932
0.000294144
0.000287379
0.000273691
0.000253131
0.00022586
0.000192339
0.00015349
0.00011074
6.59075e-05
2.09708e-05
-2.21927e-05
-6.20009e-05
-9.72552e-05
-0.000127115
-0.000150974
-0.000168293
-0.000178471
-0.000180843
-0.000174831
-0.000160193
-0.000137226
-0.000106853
-7.05305e-05
-3.00236e-05
1.28814e-05
5.66037e-05
9.98451e-05
0.000141506
0.000180512
0.000215647
0.000245512
0.000268656
0.000283848
0.000290346
0.000288085
0.000277718
0.000260502
0.000238047
0.000212032
0.000183996
0.000155239
0.000126827
9.96758e-05
7.46573e-05
5.26586e-05
3.45362e-05
2.09678e-05
1.22199e-05
7.88207e-06
6.69349e-06
6.62224e-06
5.2994e-06
7.39915e-07
-7.9324e-06
-2.01505e-05
-3.41742e-05
-4.77929e-05
-5.90888e-05
-6.70113e-05
-7.16438e-05
-7.40488e-05
-7.57304e-05
-7.8022e-05
-8.16946e-05
-8.68405e-05
-9.30009e-05
-9.95337e-05
-0.000106063
-0.00011273
-0.000120118
-0.000128981
-0.000139919
-0.000153121
-0.000168257
-0.000184593
-0.000201208
-0.000217177
-0.000231608
-0.000243577
-0.000252053
-0.000255871
-0.000253804
-0.000244769
-0.000228126
-0.000203929
-0.000172951
-0.000136529
-9.63216e-05
-5.4066e-05
-1.13983e-05
3.01924e-05
6.9275e-05
0.000104374
0.000133951
0.000156496
0.000170717
0.000175799
0.000171602
0.000158708
0.000138355
0.00011227
8.24206e-05
5.07555e-05
1.90512e-05
-1.11322e-05
-3.84228e-05
-6.15775e-05
-7.94364e-05
-9.09511e-05
-9.53025e-05
-9.20568e-05
-8.13031e-05
-6.37236e-05
-6.37236e-05
-4.05673e-05
-1.35363e-05
1.53633e-05
4.39559e-05
7.00189e-05
9.14256e-05
0.000106326
0.00011332
0.000111555
0.00010074
8.11555e-05
5.36714e-05
1.96971e-05
-1.8975e-05
-6.03682e-05
-0.000102509
-0.000143585
-0.000182029
-0.000216525
-0.00024597
-0.000269453
-0.000286244
-0.000295805
-0.000297813
-0.000292185
-0.000279103
-0.000258991
-0.000232451
-0.000200146
-0.000162691
-0.000120632
-7.45194e-05
-2.50228e-05
2.69759e-05
8.03283e-05
0.000133585
0.000184991
0.000232521
0.00027397
0.000307099
0.000329832
0.000340521
0.000338252
0.000323065
0.000295948
0.000258632
0.000213318
0.000162432
0.000108394
5.34757e-05
-2.131e-07
-5.06873e-05
-9.6102e-05
-0.000134807
-0.000165444
-0.000187123
-0.000199632
-0.000203526
-0.000200039
-0.000190834
-0.000177657
-0.000161974
-0.000144745
-0.000126367
-0.000106764
-8.56157e-05
-6.27357e-05
-3.84265e-05
-1.3589e-05
1.04635e-05
3.23264e-05
5.08187e-05
6.52257e-05
7.53778e-05
8.15182e-05
8.40559e-05
8.33368e-05
7.94913e-05
7.24018e-05
6.1847e-05
4.77692e-05
3.05023e-05
1.08405e-05
-1.00572e-05
-3.08763e-05
-5.03883e-05
-6.7629e-05
-8.19504e-05
-9.29472e-05
-0.00010032
-0.000103763
-0.000102944
-9.75708e-05
-8.75248e-05
-7.3023e-05
-5.47366e-05
-3.38049e-05
-1.17248e-05
9.84802e-06
2.93356e-05
4.54449e-05
5.72812e-05
6.43503e-05
6.64753e-05
6.36696e-05
5.60351e-05
4.37533e-05
2.71687e-05
6.89502e-06
-1.61247e-05
-4.0638e-05
-6.51927e-05
-8.8315e-05
-0.000108701
-0.000125361
-0.000137672
-0.000145343
-0.000148311
-0.000146636
-0.000140455
-0.00013002
-0.000115822
-9.87175e-05
-7.99823e-05
-6.12608e-05
-4.43748e-05
-3.10317e-05
-2.25381e-05
-1.96451e-05
-2.25528e-05
-3.09896e-05
-4.43115e-05
-6.16173e-05
-8.18646e-05
-0.000103953
-0.000126763
-0.000149172
-0.000170033
-0.000188145
-0.00020224
-0.000211018
-0.000213235
-0.000207848
-0.000194171
-0.000172021
-0.000141804
-0.000104507
-6.15909e-05
-1.48976e-05
3.34244e-05
8.10178e-05
0.000125484
0.000164572
0.000196343
0.000219322
0.000232599
0.000235868
0.000229408
0.000214015
0.000190933
0.000161773
0.000128429
9.29468e-05
5.73675e-05
2.35827e-05
-6.79031e-06
-3.25151e-05
-5.27732e-05
-6.70941e-05
-7.52331e-05
-7.70922e-05
-7.27047e-05
-6.22554e-05
-4.61255e-05
-2.49551e-05
3.32941e-07
2.85993e-05
5.86319e-05
8.93038e-05
0.000119689
0.000149081
0.000176902
0.000202589
0.000225524
0.00024501
0.000260269
0.000270502
0.000275013
0.000273353
0.000265435
0.000251592
0.000232566
0.000209419
0.000183406
0.000155843
0.000128011
0.00010109
7.6139e-05
5.40937e-05
3.57725e-05
2.18686e-05
1.2918e-05
9.24226e-06
1.08986e-05
1.76649e-05
2.90556e-05
4.43586e-05
6.2693e-05
8.30724e-05
0.00010445
0.000125727
0.000145746
0.000163281
0.000177056
0.000185826
0.00018853
0.00018448
0.000173538
0.000156195
0.000133525
0.00010706
7.85704e-05
4.98135e-05
2.22956e-05
-2.82968e-06
-2.47179e-05
-4.27334e-05
-5.63707e-05
-6.52187e-05
-6.89954e-05
-6.7665e-05
-6.15645e-05
-5.14291e-05
-3.82845e-05
-2.32517e-05
-7.33535e-06
8.71999e-06
2.44456e-05
3.95497e-05
5.37646e-05
6.66984e-05
7.776e-05
8.62078e-05
9.12913e-05
9.23991e-05
8.91633e-05
8.151e-05
6.96428e-05
5.3967e-05
3.50029e-05
1.3339e-05
-1.03571e-05
-3.52936e-05
-6.05154e-05
-8.49082e-05
-0.000107271
-0.000126452
-0.000141517
-0.000151874
-0.000157323
-0.000158018
-0.000154399
-0.000147117
-0.000136994
-0.000124986
-0.000112124
-9.94734e-05
-8.80833e-05
-7.89376e-05
-7.28933e-05
-7.0625e-05
-7.25839e-05
-7.89772e-05
-8.97828e-05
-0.000104798
-0.000123684
-0.000145977
-0.000171083
-0.000198239
-0.000226449
-0.000254363
-0.000280212
-0.000301874
-0.000317138
-0.000324067
-0.000321322
-0.000308351
-0.000285458
-0.000253752
-0.000214981
-0.000171289
-0.000124983
-7.83426e-05
-3.34797e-05
7.75777e-06
4.38152e-05
7.34067e-05
9.54965e-05
0.000109332
0.000114494
0.000110932
9.89869e-05
7.94029e-05
5.33005e-05
2.2091e-05
-1.26153e-05
-4.9088e-05
-8.55586e-05
-0.000120305
-0.000151714
-0.000178315
-0.000198826
-0.000212201
-0.000217693
-0.000214906
-0.000203827
-0.000184825
-0.000158602
-0.000126093
-8.83608e-05
-4.65238e-05
-1.74068e-06
-1.74068e-06
4.47728e-05
9.16955e-05
0.000137534
0.00018059
0.000219013
0.000250949
0.000274721
0.000289047
0.000293246
0.000287364
0.000272138
0.000248844
0.000219133
0.000184924
0.000148344
0.00011166
7.71984e-05
4.71683e-05
2.3389e-05
6.96298e-06
-1.94493e-06
-4.09036e-06
-8.84131e-07
6.00197e-06
1.50123e-05
2.49761e-05
3.52078e-05
4.54033e-05
5.54019e-05
6.49756e-05
7.37588e-05
8.12931e-05
8.71178e-05
9.0881e-05
9.24442e-05
9.19012e-05
8.94691e-05
8.53156e-05
7.94253e-05
7.15556e-05
6.13076e-05
4.8307e-05
3.24317e-05
1.39884e-05
-6.23147e-06
-2.70356e-05
-4.70427e-05
-6.49476e-05
-7.97449e-05
-9.08533e-05
-9.8125e-05
-0.000101748
-0.000102104
-9.9707e-05
-9.52716e-05
-8.98505e-05
-8.48647e-05
-8.19553e-05
-8.26938e-05
-8.82138e-05
-9.88422e-05
-0.000113892
-0.000131788
-0.00015051
-0.000168135
-0.000183262
-0.000195212
-0.000203956
-0.000209814
-0.000213048
-0.000213567
-0.000210866
-0.000204203
-0.000192927
-0.000176844
-0.000156477
-0.000133059
-0.000108272
-8.3873e-05
-6.13482e-05
-4.17015e-05
-2.54159e-05
-1.26077e-05
-3.26444e-06
2.5875e-06
4.87704e-06
3.63872e-06
-7.50827e-07
-7.37862e-06
-1.47759e-05
-2.11168e-05
-2.45714e-05
-2.36894e-05
-1.76674e-05
-6.38174e-06
9.80104e-06
3.03045e-05
5.45832e-05
8.2243e-05
0.000112967
0.000146221
0.000180863
0.00021485
0.000245264
0.000268742
0.000282213
0.000283588
0.000272099
0.000248263
0.000213574
0.000170027
0.000119634
6.4156e-05
5.12357e-06
-5.59165e-05
-0.00011706
-0.00017581
-0.000229144
-0.00027392
-0.000307423
-0.000327845
-0.000334547
-0.000328038
-0.000309686
-0.000281309
-0.000244802
-0.000201933
-0.000154356
-0.000103772
-5.21322e-05
-1.74931e-06
4.47921e-05
8.49148e-05
0.000116437
0.000137933
0.000148952
0.000150026
0.000142464
0.000128005
0.000108461
8.54465e-05
6.02988e-05
3.41811e-05
8.2708e-06
-1.61329e-05
-3.76546e-05
-5.49954e-05
-6.71198e-05
-7.3415e-05
-7.37527e-05
-6.84227e-05
-5.79839e-05
-4.30976e-05
-2.43832e-05
-2.34424e-06
2.26086e-05
5.00652e-05
7.94995e-05
0.000110162
0.000141043
0.000170965
0.000198756
0.000223417
0.000244216
0.000260703
0.000272642
0.000279894
0.000282326
0.000279825
0.000272367
0.000260149
0.000243706
0.00022396
0.000202144
0.000179649
0.00015783
0.000137821
0.000120419
0.000106063
9.48982e-05
8.6891e-05
8.1942e-05
7.9971e-05
8.09334e-05
8.47578e-05
9.1241e-05
9.99735e-05
0.000110333
0.000121531
0.000132701
0.000143001
0.000151698
0.000158208
0.000162088
0.000163026
0.000160828
0.000155393
0.000146718
0.000134936
0.000120345
0.000103415
8.47696e-05
6.5161e-05
4.54151e-05
2.63607e-05
8.76672e-06
-6.70524e-06
-1.95385e-05
-2.93745e-05
-3.59987e-05
-3.93266e-05
-3.94024e-05
-3.64007e-05
-3.06246e-05
-2.25041e-05
-1.25788e-05
-1.45605e-06
1.0251e-05
2.19956e-05
3.33611e-05
4.40891e-05
5.40588e-05
6.32267e-05
7.155e-05
7.89146e-05
8.50955e-05
8.97639e-05
9.25048e-05
9.28192e-05
9.01484e-05
8.39731e-05
7.39576e-05
6.00515e-05
4.25141e-05
2.18857e-05
-1.08295e-06
-2.55361e-05
-5.06175e-05
-7.55341e-05
-9.95688e-05
-0.00012204
-0.000142216
-0.000159226
-0.000172056
-0.000179662
-0.000181168
-0.000176058
-0.000164314
-0.000146447
-0.000123409
-9.63877e-05
-6.65535e-05
-3.48989e-05
-2.20023e-06
3.0902e-05
6.37473e-05
9.54977e-05
0.000125068
0.000151176
0.000172492
0.000187864
0.000196583
0.000198591
0.000194541
0.000185734
0.000173916
0.000160978
0.000148642
0.000138274
0.000130831
0.000126862
0.00012647
0.000129266
0.00013438
0.000140546
0.000146283
0.000150123
0.000150863
0.000147771
0.000140666
0.0001298
0.000115631
9.86163e-05
7.90793e-05
5.71715e-05
3.29628e-05
6.64501e-06
-2.12767e-05
-4.98953e-05
-7.7923e-05
-0.000103847
-0.000126222
-0.000143986
-0.000156653
-0.000164365
-0.000167813
-0.000168052
-0.000166211
-0.000163219
-0.000159633
-0.000155586
-0.000150866
-0.000145143
-0.000138247
-0.000130357
-0.000122003
-0.000113938
-0.000106963
-0.000101741
-9.86585e-05
-9.78022e-05
-9.90313e-05
-0.000102089
-0.000106703
-0.000112649
-0.000119761
-0.000127845
-0.000136566
-0.000145385
-0.000153602
-0.000160473
-0.000165364
-0.000165364
-0.000167872
-0.000167865
-0.000165458
-0.000160952
-0.000154758
-0.000147325
-0.000139095
-0.000130493
-0.000121939
-0.000113891
-0.000106876
-0.000101442
-9.80142e-05
-9.67471e-05
-9.75232e-05
-0.000100074
-0.000104051
-0.000109002
-0.000114373
-0.000119566
-0.000123983
-0.000127079
-0.000128468
-0.000127977
-0.000125607
-0.000121508
-0.000116003
-0.000109556
-0.000102655
-9.57082e-05
-8.89973e-05
-8.26948e-05
-7.69174e-05
-7.17907e-05
-6.74841e-05
-6.42012e-05
-6.21342e-05
-6.14119e-05
-6.20581e-05
-6.39551e-05
-6.68092e-05
-7.01574e-05
-7.34429e-05
-7.613e-05
-7.77958e-05
-7.81689e-05
-7.71213e-05
-7.46234e-05
-7.06777e-05
-6.5267e-05
-5.83404e-05
-4.98329e-05
-3.97074e-05
-2.80138e-05
-1.49412e-05
-8.24526e-07
1.38996e-05
2.87574e-05
4.32946e-05
5.71077e-05
6.98252e-05
8.10341e-05
9.01928e-05
9.66002e-05
9.94713e-05
9.81088e-05
9.20886e-05
8.13789e-05
6.63687e-05
4.78209e-05
2.67707e-05
4.40732e-06
-1.80036e-05
-3.91441e-05
-5.76594e-05
-7.22214e-05
-8.16634e-05
-8.51561e-05
-8.23658e-05
-7.35402e-05
-5.95042e-05
-4.15443e-05
-2.11735e-05
1.51171e-07
2.12265e-05
4.11555e-05
5.92923e-05
7.51269e-05
8.81527e-05
9.77946e-05
0.000103465
0.000104717
0.000101418
9.38547e-05
8.27542e-05
6.91714e-05
5.42884e-05
3.92078e-05
2.48214e-05
1.17672e-05
4.52275e-07
-8.8945e-06
-1.61738e-05
-2.14053e-05
-2.47483e-05
-2.6511e-05
-2.71082e-05
-2.69863e-05
-2.65624e-05
-2.61938e-05
-2.61518e-05
-2.65883e-05
-2.75125e-05
-2.87857e-05
-3.01332e-05
-3.11841e-05
-3.15459e-05
-3.08974e-05
-2.90822e-05
-2.61804e-05
-2.25176e-05
-1.86003e-05
-1.50114e-05
-1.22919e-05
-1.08232e-05
-1.07576e-05
-1.20388e-05
-1.44732e-05
-1.77852e-05
-2.16519e-05
-2.57362e-05
-2.97095e-05
-3.32574e-05
-3.60965e-05
-3.80237e-05
-3.89839e-05
-3.91267e-05
-3.88197e-05
-3.8594e-05
-3.90314e-05
-4.06212e-05
-4.36266e-05
-4.79988e-05
-5.3372e-05
-5.91387e-05
-6.45712e-05
-6.89554e-05
-7.17242e-05
-7.25618e-05
-7.14253e-05
-6.84691e-05
-6.39285e-05
-5.80289e-05
-5.09382e-05
-4.27669e-05
-3.36157e-05
-2.36498e-05
-1.31557e-05
-2.55649e-06
7.61147e-06
1.67633e-05
2.43658e-05
3.0044e-05
3.36649e-05
3.54005e-05
3.577e-05
3.56259e-05
3.60436e-05
3.81336e-05
4.28415e-05
5.07741e-05
6.20512e-05
7.62261e-05
9.23425e-05
0.000109132
0.000125269
0.000139607
0.00015136
0.00016018
0.00016609
0.000169303
0.000170044
0.000168447
0.000164548
0.000158336
0.000149859
0.000139322
0.000127104
0.000113665
9.9409e-05
8.45958e-05
6.93433e-05
5.36913e-05
3.77032e-05
2.1574e-05
5.71617e-06
-9.21872e-06
-2.23976e-05
-3.29285e-05
-4.00142e-05
-4.31013e-05
-4.19843e-05
-3.68279e-05
-2.80972e-05
-1.64308e-05
-2.52412e-06
1.29239e-05
2.92027e-05
4.55388e-05
6.10264e-05
7.45906e-05
8.50404e-05
9.12125e-05
9.21577e-05
8.7321e-05
7.6653e-05
6.05935e-05
3.9949e-05
1.57696e-05
-1.07078e-05
-3.80806e-05
-6.48127e-05
-8.92962e-05
-0.000109952
-0.000125369
-0.000134454
-0.000136577
-0.000131652
-0.000120144
-0.000102988
-8.14504e-05
-5.69583e-05
-3.09112e-05
-4.56282e-06
2.09892e-05
4.47528e-05
6.5799e-05
8.32461e-05
9.62707e-05
0.000104168
0.000106452
0.000102949
9.38373e-05
7.96496e-05
6.12343e-05
3.96755e-05
1.61858e-05
-7.98384e-06
-3.1603e-05
-5.35075e-05
-7.26473e-05
-8.81299e-05
-9.92497e-05
-0.000105502
-0.000106597
-0.000102487
-9.3379e-05
-7.97348e-05
-6.22498e-05
-4.18195e-05
-1.94799e-05
3.66832e-06
2.65317e-05
4.80837e-05
6.74216e-05
8.38205e-05
9.67799e-05
0.000106049
0.000111618
0.000113666
0.00011249
0.000108469
0.000102035
9.36729e-05
8.39226e-05
7.33848e-05
6.27128e-05
5.25778e-05
4.35996e-05
3.62374e-05
3.06728e-05
2.67588e-05
2.40732e-05
2.20463e-05
2.01118e-05
1.7844e-05
1.50436e-05
1.17273e-05
8.02883e-06
4.07387e-06
-1.01744e-07
-4.55926e-06
-9.37605e-06
-1.44887e-05
-1.95245e-05
-2.37178e-05
-2.59766e-05
-2.51103e-05
-2.01592e-05
-1.06868e-05
3.10628e-06
2.04458e-05
4.00974e-05
6.04548e-05
7.96487e-05
9.57212e-05
0.00010683
0.000111433
0.000108438
9.73389e-05
7.83206e-05
5.23587e-05
2.13075e-05
-1.20631e-05
-4.41854e-05
-7.10892e-05
-8.90712e-05
-9.53857e-05
-8.86259e-05
-6.87483e-05
-3.69792e-05
4.25351e-06
4.25351e-06
5.14644e-05
0.000100427
0.000146636
0.000185892
0.000214949
0.000232057
0.000237153
0.000231589
0.000217491
0.000197033
0.000171831
0.000142525
0.000108669
6.90478e-05
2.23591e-05
-3.20772e-05
-9.38225e-05
-0.000160997
-0.000230119
-0.000296255
-0.000353531
-0.00039583
-0.000417558
-0.000414547
-0.000385028
-0.000330243
-0.000254338
-0.000163656
-6.58261e-05
3.13332e-05
0.000121039
0.000198416
0.000260529
0.000305816
0.000333492
0.000343148
0.0003346
0.000308158
0.000265267
0.000208991
0.000143937
7.56671e-05
9.7747e-06
-4.91757e-05
-9.84802e-05
-0.000137542
-0.000167498
-0.000190356
-0.000207841
-0.000220388
-0.000226807
-0.000224737
-0.000211556
-0.000185439
-0.000146319
-9.63416e-05
-3.95415e-05
1.90735e-05
7.45414e-05
0.000122819
0.000161373
0.000189267
0.00020669
0.000214244
0.000212447
0.000201532
0.000181511
0.000152458
0.000114936
7.02863e-05
2.06066e-05
-3.15088e-05
-8.32961e-05
-0.000132138
-0.000175796
-0.000212455
-0.000240586
-0.000258812
-0.000265932
-0.000261092
-0.00024401
-0.000215134
-0.000175729
-0.000127839
-7.40905e-05
-1.74338e-05
3.90706e-05
9.23613e-05
0.000139451
0.000177534
0.000204179
0.000217616
0.000217031
0.000202752
0.000176272
0.000140066
9.71785e-05
5.06983e-05
3.35563e-06
-4.26207e-05
-8.54689e-05
-0.000123761
-0.00015622
-0.000181606
-0.000198785
-0.000206928
-0.000205691
-0.000195325
-0.000176683
-0.0001511
-0.000120158
-8.5472e-05
-4.85502e-05
-1.0767e-05
2.65689e-05
6.2097e-05
9.43453e-05
0.000121787
0.000142984
0.000156765
0.000162398
0.000159694
0.000149005
0.000131133
0.000107188
7.84532e-05
4.62626e-05
1.1958e-05
-2.3104e-05
-5.75214e-05
-8.98514e-05
-0.000118666
-0.000142646
-0.000160686
-0.000171985
-0.000176097
-0.000172922
-0.000162669
-0.000145825
-0.000123126
-9.55429e-05
-6.42613e-05
-3.0649e-05
3.7826e-06
3.74451e-05
6.87678e-05
9.6296e-05
0.000118765
0.000135153
0.000144719
0.000147046
0.000142054
0.000130012
0.000111533
8.75561e-05
5.93149e-05
2.82802e-05
-3.91647e-06
-3.55838e-05
-6.50842e-05
-9.09464e-05
-0.000111965
-0.000127262
-0.000136316
-0.000138943
-0.000135267
-0.000125679
-0.00011078
-9.13461e-05
-6.82955e-05
-4.26709e-05
-1.56098e-05
1.16933e-05
3.80384e-05
6.22753e-05
8.33493e-05
0.000100343
0.000112526
0.000119391
0.000120683
0.000116417
0.000106878
9.26094e-05
7.43652e-05
5.30665e-05
2.97535e-05
5.5272e-06
-1.85085e-05
-4.12911e-05
-6.18347e-05
-7.92667e-05
-9.28625e-05
-0.000102074
-0.000106554
-0.000106177
-0.000101048
-9.14963e-05
-7.80532e-05
-6.14202e-05
-4.24303e-05
-2.2e-05
-1.08283e-06
1.93738e-05
3.84711e-05
5.53971e-05
6.94471e-05
8.00409e-05
8.6751e-05
8.9334e-05
8.77423e-05
8.2122e-05
7.28067e-05
6.03004e-05
4.52479e-05
2.84021e-05
1.05879e-05
-7.34464e-06
-2.45691e-05
-4.03197e-05
-5.39123e-05
-6.47627e-05
-7.24119e-05
-7.65558e-05
-7.70637e-05
-7.39796e-05
-6.75136e-05
-5.80293e-05
-4.60225e-05
-3.20949e-05
-1.69235e-05
-1.22482e-06
1.42843e-05
2.89149e-05
4.20252e-05
5.30446e-05
6.15041e-05
6.70599e-05
6.95079e-05
6.87935e-05
6.50123e-05
5.8397e-05
4.93006e-05
3.81823e-05
2.55888e-05
1.21237e-05
-1.58468e-06
-1.4909e-05
-2.72469e-05
-3.80478e-05
-4.68395e-05
-5.32516e-05
-5.70337e-05
-5.80643e-05
-5.63502e-05
-5.20229e-05
-4.5329e-05
-3.6616e-05
-2.63152e-05
-1.49214e-05
-2.96744e-06
8.99657e-06
2.04226e-05
3.0794e-05
3.96574e-05
4.66397e-05
5.14579e-05
5.39338e-05
5.40019e-05
5.17027e-05
4.71815e-05
4.06889e-05
3.25626e-05
2.32017e-05
1.30545e-05
2.60461e-06
-7.66177e-06
-1.72844e-05
-2.58396e-05
-3.29514e-05
-3.83155e-05
-4.17185e-05
-4.30445e-05
-4.22753e-05
-3.94878e-05
-3.48448e-05
-2.85838e-05
-2.10099e-05
-1.24902e-05
-3.43887e-06
5.71131e-06
1.45381e-05
2.26485e-05
2.96914e-05
3.53712e-05
3.94579e-05
4.17916e-05
4.2293e-05
4.09706e-05
3.79181e-05
3.33044e-05
2.73674e-05
2.04051e-05
1.27587e-05
4.795e-06
-3.10954e-06
-1.05902e-05
-1.73167e-05
-2.30069e-05
-2.74297e-05
-3.0409e-05
-3.18314e-05
-3.16552e-05
-2.99117e-05
-2.67051e-05
-2.2209e-05
-1.66554e-05
-1.03211e-05
-3.51271e-06
3.44662e-06
1.02354e-05
1.65502e-05
2.21171e-05
2.21171e-05
2.67001e-05
3.01094e-05
3.22093e-05
3.29241e-05
3.22429e-05
3.02207e-05
3.02207e-05
