-1.34539e-09
-2.30172e-08
-1.80936e-07
-8.78789e-07
-2.99769e-06
-7.75874e-06
-1.61121e-05
-2.80784e-05
-4.2649e-05
-5.83079e-05
-7.36734e-05
-8.78021e-05
-0.000100086
-0.000109993
-0.000116955
-0.000120514
-0.000120521
-0.000117153
-0.000110709
-0.000101435
-8.95556e-05
-7.54443e-05
-5.97418e-05
-4.32883e-05
-2.69554e-05
-1.15242e-05
2.32397e-06
1.39742e-05
2.2888e-05
2.86677e-05
3.11148e-05
3.02257e-05
2.61271e-05
1.90169e-05
9.16791e-06
-3.0198e-06
-1.69817e-05
-3.20121e-05
-4.73377e-05
-6.21933e-05
-7.58612e-05
-8.76822e-05
-9.70743e-05
-0.000103564
-0.000106809
-0.000106599
-0.000102838
-9.55298e-05
-8.47899e-05
-7.0857e-05
-5.41029e-05
-3.50171e-05
-1.41697e-05
7.83221e-06
3.03838e-05
5.29083e-05
7.48738e-05
9.58079e-05
0.000115311
0.00013306
0.000148812
0.000162402
0.000173767
0.000182947
0.000190097
0.000195471
0.000199414
0.000202334
0.00020467
0.000206849
0.000209259
0.000212205
0.000215875
0.000220306
0.000225373
0.000230777
0.000236065
0.000240675
0.000243987
0.00024537
0.000244221
0.000239991
0.000232194
0.000220396
0.000204227
0.000183376
0.0001576
0.000126755
9.08317e-05
5.00024e-05
4.64675e-06
-4.46518e-05
-9.71521e-05
-0.000152024
-0.00020842
-0.000265531
-0.000322623
-0.00037904
-0.000434185
-0.00048748
-0.000538315
-0.000586023
-0.000629863
-0.000669053
-0.000702812
-0.00073042
-0.000751271
-0.000764923
-0.000771134
-0.000769881
-0.00076133
-0.000745781
-0.000723579
-0.000695019
-0.000660273
-0.000619373
-0.000572264
-0.000518907
-0.000459406
-0.000394118
-0.000323703
-0.000249095
-0.000171408
-9.18118e-05
-1.13774e-05
6.90541e-05
0.000148987
0.000228354
0.000307552
0.000387407
0.000469067
0.000553809
0.000642822
0.00073701
0.000836836
0.000942231
0.00105255
0.00116654
0.00128237
0.00139756
0.00150899
0.00161289
0.00170496
0.0017805
0.00183468
0.00186286
0.00186086
0.00182541
0.00175431
0.00164648
0.00150168
0.00132002
0.00110148
0.000845756
0.000552677
0.00022315
-0.000139554
-0.000528629
-0.000933148
-0.00133833
-0.00172669
-0.00207977
-0.0023801
-0.00261302
-0.00276792
-0.00283895
-0.0028251
-0.0027297
-0.0025596
-0.00232421
-0.00203461
-0.00170279
-0.00134113
-0.000961901
-0.000576885
-0.000196834
0.000168974
0.000513149
0.000830477
0.00111806
0.00137524
0.00160336
0.00180506
0.00198334
0.00214039
0.00227649
0.0023895
0.00247521
0.00252842
0.00254468
0.00252216
0.00246315
0.00237494
0.00226952
0.00216223
0.00206967
0.00200735
0.00198778
0.00201931
0.00210597
0.00224799
0.00244158
0.00267449
0.00291384
0.00309475
0.00313232
0.00296271
0.0025775
0.00201519
0.00132361
0.000533893
-0.000338112
-0.00127494
-0.00224223
-0.00318874
-0.00406217
-0.00482413
-0.00544842
-0.00590943
-0.00617798
-0.00623094
-0.00606407
-0.00569495
-0.00515482
-0.00447861
-0.00370103
-0.00285861
-0.00199173
-0.00114235
-0.000348569
0.000359233
0.000957504
0.00142612
0.00174713
0.00190771
0.00190458
0.00174587
0.00144902
0.00103697
0.000535839
-2.53284e-05
-0.000614595
-0.00119846
-0.00174421
-0.00222191
-0.00260507
-0.0028707
-0.00300005
-0.0029804
-0.00280716
-0.00248474
-0.00202567
-0.00144868
-0.000776881
-3.65277e-05
0.000743874
0.00153465
0.00230621
0.00303
0.00367918
0.004229
0.00465759
0.00494721
0.0050857
0.00506746
0.00489364
0.00457156
0.00411379
0.00353708
0.00286125
0.00210737
0.0012953
0.00044077
-0.000446309
-0.00136081
-0.00229782
-0.00324603
-0.00418204
-0.0050683
-0.00585579
-0.00649043
-0.00692112
-0.00710726
-0.00702451
-0.00666785
-0.00605189
-0.0052084
-0.00418175
-0.00302349
-0.00178749
-0.000526483
0.000709858
0.00187579
0.00292989
0.00383549
0.00456134
0.00508282
0.00538344
0.00545664
0.00530679
0.00494868
0.00440447
0.00369889
0.00285492
0.00189268
0.000833147
-0.000295239
-0.00145075
-0.00257709
-0.00360782
-0.00447511
-0.0051197
-0.00549937
-0.00559399
-0.0054066
-0.00496075
-0.00429497
-0.00345623
-0.00249465
-0.00146048
-0.000403204
0.000628752
0.000628752
0.00158883
0.00243397
0.00312625
0.00363384
0.00393142
0.00400075
0.00383196
0.00342559
0.00279467
0.00196628
0.000982129
-0.000102132
-0.00121907
-0.00229351
-0.00324854
-0.00401279
-0.00452804
-0.00475547
-0.00467971
-0.00430974
-0.00367697
-0.00283056
-0.00183126
-0.000744637
0.000364742
0.0014376
0.0024224
0.00327647
0.00396631
0.00446765
0.00476555
0.00485441
0.00473816
0.00443015
0.00395273
0.00333592
0.00261548
0.00183023
0.00101962
0.000221594
-0.000528749
-0.00120002
-0.00176509
-0.00220158
-0.00249239
-0.0026262
-0.00259802
-0.00240962
-0.00206991
-0.00159527
-0.00100989
-0.000345751
0.000358083
0.0010577
0.00170805
0.00226771
0.00270333
0.00299277
0.00312622
0.00310543
0.00294178
0.00265371
0.00226416
0.00179831
0.0012819
0.000740318
0.000198299
-0.000320025
-0.000791265
-0.00119347
-0.00150761
-0.00171991
-0.00182454
-0.00182569
-0.00173755
-0.0015817
-0.00138218
-0.00116027
-0.00093055
-0.000699548
-0.000466757
-0.000227109
2.60744e-05
0.000298408
0.000592445
0.000906562
0.00123467
0.00156619
0.0018853
0.00216921
0.00238669
0.00249963
0.00246919
0.00226563
0.00187817
0.001321
0.000633258
-0.000126334
-0.000887977
-0.00158014
-0.00213833
-0.00251256
-0.00267308
-0.00261363
-0.00235169
-0.00192508
-0.00138502
-0.000787024
-0.000181834
0.000391314
0.000907497
0.00135507
0.00173204
0.00204159
0.00228821
0.00247511
0.00260309
0.00267084
0.00267631
0.00261857
0.00249944
0.00232398
0.00209984
0.00183601
0.00154174
0.00122629
0.00089936
0.000571436
0.000253827
-4.18226e-05
-0.000304213
-0.00052304
-0.000689547
-0.000797042
-0.000841368
-0.000821191
-0.000737982
-0.00059575
-0.000400749
-0.000161418
0.000111357
0.000403798
0.00069896
0.000976971
0.00121603
0.00139417
0.00149161
0.00149334
0.00139165
0.00118782
0.000892739
0.000525955
0.000113555
-0.00031477
-0.000728739
-0.00110003
-0.00140412
-0.00162135
-0.00173741
-0.00174338
-0.00163552
-0.00141507
-0.00108813
-0.000665873
-0.000165223
0.000390143
0.000968968
0.00153271
0.00203791
0.0024408
0.00270338
0.00279926
0.00271739
0.00246286
0.00205472
0.00152161
0.00089678
0.000213487
-0.000497869
-0.00121065
-0.00190114
-0.00254688
-0.00312531
-0.00361348
-0.00398899
-0.00423194
-0.00432721
-0.00426653
-0.0040498
-0.00368556
-0.00319034
-0.00258714
-0.00190335
-0.00116868
-0.000413392
0.000333079
0.00104308
0.00169157
0.00225693
0.00272174
0.00307335
0.00330429
0.00341228
0.00339996
0.00327438
0.00304634
0.0027296
0.00233992
0.00189397
0.00140789
0.000895387
0.000365809
-0.000176724
-0.000731738
-0.00129814
-0.00186877
-0.00242635
-0.00294305
-0.003384
-0.0037137
-0.00390317
-0.00393597
-0.00381172
-0.00354651
-0.00317055
-0.0027233
-0.00224766
-0.00178407
-0.00136595
-0.00101687
-0.000749678
-0.000567191
-0.000464019
-0.000428808
-0.000446456
-0.000499973
-0.000571972
-0.000645918
-0.000707282
-0.000744557
-0.000749955
-0.000719586
-0.000653003
-0.000552193
-0.00042024
-0.000260021
-7.34039e-05
0.000138616
0.000374426
0.00062903
0.000890962
0.00114066
0.00135198
0.00149724
0.00155405
0.00151147
0.00137286
0.00115487
0.000883169
0.000586762
0.000292527
2.10976e-05
-0.000215189
-0.000411979
-0.000570399
-0.000693172
-0.000780666
-0.000828368
-0.000826931
-0.000765357
-0.000636827
-0.000445307
-0.000209925
3.55749e-05
0.000248967
0.00038914
0.000425366
0.000342944
0.000144063
-0.000155154
-0.00052943
-0.000949318
-0.0013856
-0.00181284
-0.00221179
-0.00256986
-0.00287936
-0.00313391
-0.00332444
-0.00343654
-0.00345037
-0.00334323
-0.00309389
-0.00268741
-0.00211941
-0.00139883
-0.000549044
0.000393137
0.00138022
0.00235821
0.00327153
0.00406782
0.00470192
0.00513867
0.00535415
0.00533596
0.00508268
0.00460352
0.00391803
0.00305585
0.00205617
0.000966229
-0.000160855
-0.00126882
-0.00230114
-0.00320374
-0.00392756
-0.00443078
-0.00468093
-0.00465652
-0.00434853
-0.00376196
-0.00376196
-0.00291773
-0.0018543
-0.000627717
0.000691444
0.00202448
0.00329283
0.00442586
0.00536629
0.00607279
0.00652024
0.00669863
0.0066113
0.0062728
0.00570662
0.00494338
0.00401952
0.00297644
0.00185949
0.000716214
-0.000406323
-0.00146476
-0.00242255
-0.00325218
-0.00393604
-0.00446575
-0.00484013
-0.00506225
-0.00513645
-0.00506595
-0.0048519
-0.00449416
-0.00399362
-0.00335545
-0.00259223
-0.00172632
-0.000790588
0.000172392
0.00111294
0.00197817
0.00271681
0.00328434
0.0036478
0.00378945
0.00370879
0.00342234
0.0029612
0.00236675
0.00168555
0.000964558
0.000247657
-0.000426052
-0.00102239
-0.00151127
-0.00186579
-0.00206222
-0.00208131
-0.00191082
-0.00154882
-0.00100652
-0.000309944
0.000500393
0.00137198
0.00224474
0.00305672
0.00375005
0.00427604
0.00459878
0.00469664
0.00456188
0.00419909
0.00362317
0.00285766
0.00193381
0.000890255
-0.000227096
-0.0013657
-0.00246797
-0.00347404
-0.00432559
-0.00497024
-0.00536572
-0.00548359
-0.00531162
-0.00485514
-0.00413693
-0.00319612
-0.00208604
-0.000871274
0.000376259
0.00158201
0.00267407
0.00358863
0.00427501
0.00469989
0.00485003
0.00473304
0.00437588
0.00382121
0.00312205
0.00233568
0.0015177
0.000717245
-2.60255e-05
-0.000682935
-0.00123402
-0.00166772
-0.00197842
-0.00216495
-0.00222984
-0.00217921
-0.00202276
-0.00177378
-0.00144891
-0.00106759
-0.000651491
-0.000223797
0.000191675
0.000571577
0.000894413
0.00114201
0.00130085
0.00136304
0.00132669
0.00119568
0.000978756
0.000688211
0.000338206
-5.6823e-05
-0.000483428
-0.000929787
-0.00138558
-0.00184121
-0.00228666
-0.00271035
-0.00309854
-0.00343532
-0.00370341
-0.00388548
-0.00396571
-0.0039314
-0.00377433
-0.00349192
-0.00308785
-0.00257237
-0.00196194
-0.00127839
-0.000547498
0.000202836
0.000944568
0.0016514
0.0023002
0.00287172
0.00335069
0.00372557
0.00398811
0.00413319
0.00415885
0.0040673
0.00386936
0.00359612
0.00331166
0.00310402
0.00304235
0.00313223
0.00331443
0.00350426
0.0036292
0.00364023
0.00350384
0.00319068
0.00267454
0.00194533
0.00102207
-5.16521e-05
-0.00122562
-0.00245497
-0.00369568
-0.0048925
-0.00597465
-0.00686378
-0.00748652
-0.007782
-0.00770308
-0.00721637
-0.00630556
-0.00497737
-0.00326498
-0.00122508
0.00106942
0.00353472
0.00607555
0.00858055
0.0109196
0.0129476
0.0145158
0.0154862
0.0157481
0.0152334
0.013929
0.011883
0.00920222
0.00604117
0.00258499
-0.000969282
-0.00442951
-0.0076217
-0.0103994
-0.0126492
-0.0142927
-0.0152843
-0.0156073
-0.015269
-0.0142968
-0.0127357
-0.0106484
-0.00811559
-0.00523698
-0.00213168
0.00106296
0.00419496
0.00710394
0.00962985
0.0116228
0.0129528
0.0135178
0.0132493
0.0121159
0.0101248
0.00732327
0.00379944
-0.000317486
-0.00485786
-0.00961514
-0.0143533
-0.0188191
-0.0227581
-0.0259323
-0.0281381
-0.0292199
-0.02908
-0.0276836
-0.0250596
-0.0212983
-0.0165458
-0.0109966
-0.0048849
0.00152646
0.00795718
0.0141224
0.0197457
0.0245724
0.0283815
0.0309964
0.032294
0.0322115
0.0307506
0.027979
0.024029
0.0190914
0.0134056
0.0072456
0.000903197
-0.00533102
-0.0111859
-0.0164257
-0.0208607
-0.0243523
-0.0268119
-0.0281964
-0.0285011
-0.0277536
-0.0260091
-0.0233468
-0.0198687
-0.0156982
-0.0109798
-0.00587698
-0.000569313
0.00475357
0.00989897
0.0146789
0.0189172
0.022456
0.0251611
0.0269256
0.0276741
0.0273648
0.0259912
0.0235834
0.0202091
0.0159743
0.0110239
0.00553968
-0.000262811
-0.00614098
-0.0118353
-0.0170832
-0.0216357
-0.0252746
-0.0278266
-0.0291731
-0.0292538
-0.0280674
-0.0256694
-0.0221695
-0.0177262
-0.012539
-0.00683859
-0.000875641
0.00509016
0.0108006
0.0160091
0.0204915
0.0240559
0.0265518
0.0278772
0.0279834
0.0268767
0.0246193
0.0213264
0.0171623
0.012334
0.012334
0.00708284
0.00167412
-0.00361648
-0.00852031
-0.0127951
-0.0162429
-0.0187234
-0.0201592
-0.0205341
-0.0198852
-0.0182922
-0.0158658
-0.0127393
-0.00906243
-0.0049988
-0.000725072
0.003571
0.00769478
0.0114523
0.0146605
0.0171584
0.0188181
0.0195538
0.0193273
0.0181504
0.0160829
0.0132281
0.00972509
0.00574119
0.00146328
-0.00291016
-0.00717676
-0.011138
-0.0146067
-0.0174151
-0.0194223
-0.0205215
-0.0206455
-0.0197711
-0.0179201
-0.0151591
-0.011597
-0.0073804
-0.00268765
0.00227829
0.00729918
0.0121518
0.0166192
0.020502
0.0236281
0.0258615
0.027108
0.0273192
0.0264936
0.0246755
0.0219519
0.0184476
0.0143187
0.00974596
0.00492669
6.73304e-05
-0.00462467
-0.00894928
-0.0127228
-0.0157873
-0.0180214
-0.0193513
-0.0197606
-0.019295
-0.0180582
-0.0161973
-0.0138832
-0.0112886
-0.00857224
-0.00586932
-0.00328903
-0.000917145
0.00117881
0.00294394
0.00433159
0.00530204
0.00582468
0.00588278
0.00547881
0.00463796
0.00340901
0.00186213
8.46052e-05
-0.00182494
-0.00376276
-0.00562618
-0.00731912
-0.0087567
-0.00986921
-0.0106052
-0.0109339
-0.0108461
-0.010353
-0.00948287
-0.00827664
-0.00678207
-0.00504972
-0.00313057
-0.00107628
0.00105887
0.0032155
0.0053282
0.00732774
0.0091465
0.010726
0.0120238
0.0130184
0.01371
0.0141183
0.0142776
0.0142316
0.0140279
0.0137127
0.0133268
0.0128983
0.0124341
0.0119094
0.011263
0.0104039
0.00923392
0.00767898
0.00571744
0.00339543
0.000823566
-0.00184204
-0.00442793
-0.00677324
-0.00875453
-0.0103001
-0.0113904
-0.0120464
-0.0123107
-0.0122297
-0.0118432
-0.0111832
-0.010279
-0.0091644
-0.00788176
-0.00648341
-0.00502879
-0.00357924
-0.00219128
-0.000910077
0.000235305
0.00123303
0.00208544
0.00280214
0.00339051
0.00384573
0.0041436
0.00424006
0.00407973
0.00361201
0.00280932
0.00168035
0.000273541
-0.00132939
-0.00302644
-0.00470985
-0.00627858
-0.00764749
-0.00875274
-0.00955377
-0.010032
-0.0101873
-0.0100333
-0.00959332
-0.00889717
-0.00797871
-0.00687326
-0.00561528
-0.00423695
-0.00276841
-0.00123946
0.00031847
0.00187106
0.00338156
0.00481278
0.00613023
0.00730586
0.00832118
0.00916804
0.00984446
0.010345
0.0106485
0.0107104
0.0104669
0.00985141
0.008819
0.00736691
0.00554485
0.00345222
0.00122508
-0.000982117
-0.00301577
-0.00474032
-0.00605075
-0.00687888
-0.00719372
-0.00699881
-0.00633043
-0.00525793
-0.00388385
-0.00233913
-0.000770426
0.000678942
0.00188927
0.00277958
0.00331379
0.00349804
0.00337141
0.00299354
0.00243212
0.00175267
0.00101275
0.000261247
-0.000458089
-0.00110175
-0.00162334
-0.00197428
-0.00210816
-0.00198749
-0.00159062
-0.00091748
7.06665e-06
0.00113309
0.00238904
0.00368842
0.0049382
0.00604739
0.00693462
0.00753426
0.00780073
0.00771066
0.00726221
0.00647221
0.0053727
0.00400888
0.00243927
0.000736981
-0.00100997
-0.00270142
-0.00423104
-0.00549464
-0.00639952
-0.00687423
-0.00687834
-0.00641056
-0.00551234
-0.00426435
-0.00277571
-0.00116869
0.000436423
0.00193251
0.00323122
0.00426367
0.00497815
0.0053369
0.00531345
0.00489188
0.00406875
0.00285722
0.0012918
-0.000568722
-0.00264188
-0.0048261
-0.00700803
-0.00907085
-0.0109021
-0.0123999
-0.0134784
-0.0140707
-0.0141315
-0.0136383
-0.012592
-0.0110178
-0.0089671
-0.00651901
-0.00378173
-0.000891062
0.00199506
0.00470625
0.00707273
0.00894025
0.0101851
0.0107273
0.0105394
0.00964882
0.00813109
0.00609663
0.00367363
0.000993014
-0.00182032
-0.00464865
-0.00737717
-0.00988849
-0.0120601
-0.0137668
-0.0148885
-0.0153209
-0.0149881
-0.0138539
-0.0119288
-0.00927271
-0.00599168
-0.0022297
0.00184163
0.00603386
0.0101515
0.0140012
0.0174007
0.0201881
0.0222308
0.0234331
0.0237419
0.0231495
0.0216934
0.0216934
0.0194538
0.0165488
0.0131263
0.00935506
0.0054138
0.00148057
-0.00227684
-0.00570836
-0.00868715
-0.011113
-0.0129143
-0.0140483
-0.0145001
-0.0142803
-0.0134237
-0.0119893
-0.0100617
-0.00774758
-0.00516455
-0.00243068
0.000337935
0.00302326
0.00550414
0.00766139
0.00938707
0.010594
0.0112221
0.0112392
0.010641
0.00945079
0.00772108
0.00553156
0.00298413
0.000196738
-0.00270159
-0.00557458
-0.00828352
-0.0106944
-0.0126864
-0.0141597
-0.015041
-0.0152871
-0.0148868
-0.0138618
-0.0122675
-0.01019
-0.00774151
-0.00505267
-0.00226468
0.000479103
0.00304121
0.00529812
0.00714792
0.00851631
0.00935996
0.00966682
0.00945385
0.00876325
0.00765789
0.00621646
0.00452868
0.00269071
0.000800783
-0.00104486
-0.00275642
-0.00425528
-0.00547863
-0.00638295
-0.00694538
-0.00716278
-0.00704901
-0.00663147
-0.00594761
-0.00504173
-0.0039623
-0.00275986
-0.00148566
-0.000190966
0.0010734
0.00225785
0.00331554
0.00420448
0.00488991
0.00534638
0.0055591
0.00552452
0.00524992
0.00475204
0.00405514
0.00318901
0.00218758
0.00108806
-6.9519e-05
-0.0012431
-0.00238993
-0.00346813
-0.00443795
-0.00526241
-0.00590778
-0.00634435
-0.00654805
-0.00650268
-0.00620207
-0.0056518
-0.00487
-0.00388719
-0.00274507
-0.00149421
-0.000190889
0.00110674
0.00234238
0.00346496
0.00443112
0.00520689
0.00576831
0.00610109
0.00620022
0.0060712
0.00573297
0.00521866
0.00457133
0.00383702
0.00306015
0.00228253
0.00154404
0.000882804
0.00033364
-7.48608e-05
-0.000322797
-0.000399435
-0.000302466
-3.77526e-05
0.000380169
0.00092813
0.00157611
0.0022905
0.00303761
0.00378637
0.00451029
0.00518883
0.00580822
0.00636142
0.00684667
0.00726441
0.00761246
0.00788027
0.00804333
0.00806021
0.00787435
0.00742162
0.00664236
0.00549462
0.00396528
0.00207677
-0.00011102
-0.00250334
-0.00497772
-0.00739533
-0.00961569
-0.0115122
-0.012985
-0.0139694
-0.0144374
-0.0143944
-0.0138717
-0.0129176
-0.0115894
-0.00994673
-0.00804903
-0.00595615
-0.0037307
-0.00144052
0.000840074
0.00303101
0.00504878
0.00680999
0.00823613
0.00925905
0.00982695
0.00990944
0.00950088
0.00862132
0.00731512
0.00564765
0.00370084
0.00156783
-0.000652501
-0.00286098
-0.00496266
-0.00687012
-0.00850524
-0.0097995
-0.0106937
-0.0111376
-0.0110919
-0.0105322
-0.00945514
-0.00788491
-0.00587786
-0.00352213
-0.000932185
0.00176055
0.00441824
0.00690592
0.0090985
0.0108862
0.0121798
0.0129161
0.013063
0.0126226
0.0116306
0.010153
0.00827915
0.00611367
0.00376762
0.00135049
-0.00103582
-0.00330047
-0.00536447
-0.00715952
-0.00862599
-0.0097112
-0.0103691
-0.0105627
-0.0102684
-0.00948295
-0.00822952
-0.00656059
-0.0045563
-0.00231805
4.06712e-05
0.00240345
0.00465813
0.00670162
0.00844297
0.00980588
0.0107312
0.0111792
0.0111316
0.0105923
0.00958746
0.0081656
0.00639606
0.00436689
0.00218086
-5.02704e-05
-0.00221246
-0.00419647
-0.00590453
-0.00725633
-0.00819408
-0.0086861
-0.00872843
-0.0083437
-0.00757746
-0.00649235
-0.00516094
-0.00365855
-0.00205714
-0.00042136
0.00119284
0.00273757
0.00417121
0.00545635
0.00655828
0.00744442
0.00808479
0.00845387
0.0085332
0.00831444
0.00780173
0.00701291
0.00597901
0.00474228
0.00335305
0.00186592
0.000336199
-0.00118244
-0.00263869
-0.00398308
-0.00516737
-0.00614503
-0.00687309
-0.00731518
-0.00744493
-0.00724913
-0.00673013
-0.00590725
-0.00481691
-0.00351096
-0.00205313
-0.000513991
0.00103456
0.00252414
0.00389327
0.00508912
0.00606807
0.00679517
0.00724261
0.00738729
0.0072088
0.0066895
0.00581796
0.00459517
0.00304113
0.00119903
-0.000864445
-0.00306282
-0.0052961
-0.00745828
-0.00944494
-0.01116
-0.0125212
-0.0134635
-0.0139412
-0.0139287
-0.0134209
-0.012433
-0.010999
-0.00916946
-0.00700837
-0.00459108
-0.00459108
-0.00200524
0.000646497
0.00324495
0.00565774
0.00774923
0.00939588
0.0105028
0.0110169
0.0109332
0.0102942
0.00918155
0.00770396
0.00598107
0.00412691
0.00223549
0.000372266
-0.00142631
-0.00314493
-0.00477556
-0.00630178
-0.00768621
-0.00886549
-0.00975493
-0.0102618
-0.0103036
-0.00982566
-0.00881407
-0.00730183
-0.00536706
-0.00312494
-0.00071507
0.00171349
0.00401697
0.0060691
0.00776924
0.00904605
0.0098574
0.0101879
0.0100452
0.00945672
0.0084663
0.00713249
0.00552651
0.00373015
0.00183266
-7.31914e-05
-0.0018954
-0.00354663
-0.00494759
-0.00603013
-0.00674033
-0.00704127
-0.00691479
-0.0063614
-0.0053986
-0.00405906
-0.00239068
-0.00045959
0.00164533
0.00380947
0.00589456
0.00774686
0.00921062
0.0101442
0.0104363
0.0100206
0.00888624
0.00708168
0.00471117
0.00192315
-0.00110622
-0.00419085
-0.00715027
-0.00982131
-0.0120656
-0.0137737
-0.0148669
-0.015297
-0.0150458
-0.0141244
-0.0125715
-0.010453
-0.00785857
-0.00489893
-0.00170211
0.00158866
0.00481671
0.00781573
0.010418
0.012468
0.0138377
0.0144407
0.0142402
0.0132505
0.011534
0.0091946
0.00636982
0.00322144
-7.44411e-05
-0.00333695
-0.00638821
-0.00905957
-0.0111975
-0.0126709
-0.0133793
-0.0132612
-0.0122998
-0.0105241
-0.00800775
-0.00486377
-0.00123929
0.002691
0.00673229
0.0106783
0.0143206
0.0174586
0.0199097
0.02152
0.0221752
0.0218103
0.0204175
0.0180486
0.0148139
0.0108765
0.00644217
0.00174653
-0.00296093
-0.00743296
-0.0114398
-0.0147818
-0.0173001
-0.0188845
-0.0194798
-0.019089
-0.0177716
-0.0156365
-0.0128311
-0.00952802
-0.00591194
-0.00216798
0.00152816
0.00501723
0.00816059
0.0108415
0.0129645
0.0144545
0.0152573
0.0153413
0.0147013
0.0133617
0.0113779
0.00883576
0.00584812
0.00254839
-0.000916927
-0.00439622
-0.00773957
-0.0108038
-0.0134555
-0.0155743
-0.0170563
-0.0178203
-0.017814
-0.0170213
-0.0154652
-0.0132093
-0.0103547
-0.00703425
-0.00340489
0.000361879
0.00409009
0.00760939
0.0107643
0.013422
0.0154774
0.0168558
0.0175119
0.017426
0.0166005
0.0150563
0.0128348
0.010002
0.00665503
0.00292697
-0.00101338
-0.00496833
-0.0087243
-0.0120688
-0.0148082
-0.0167838
-0.0178835
-0.0180497
-0.0172821
-0.015636
-0.0132174
-0.0101741
-0.00668466
-0.0029462
0.000838639
0.0044742
0.00778377
0.0106199
0.0128721
0.0144704
0.0153848
0.0156218
0.0152187
0.0142373
0.012758
0.0108736
0.00868308
0.00628617
0.00377844
0.00124879
-0.00122167
-0.00355972
-0.00569961
-0.00758265
-0.00915663
-0.0103758
-0.0112018
-0.0116057
-0.0115705
-0.0110949
-0.0101947
-0.00890401
-0.0072746
-0.00537351
-0.00327962
-0.00107964
0.00113542
0.0032727
0.00523899
0.0069426
0.00829656
0.00922362
0.00966259
0.00957496
0.00895091
0.00781358
0.00622065
0.00426225
0.00205477
-0.0002686
-0.00256907
-0.0047131
-0.00658188
-0.00807885
-0.00913519
-0.00971281
-0.00980388
-0.00942683
-0.00861963
-0.00743275
-0.00592359
-0.00415356
-0.0021873
-9.29845e-05
0.00205715
0.0041865
0.0062142
0.0080562
0.00962822
0.0108506
0.0116551
0.0119917
0.0118346
0.0111868
0.0100817
0.00858179
0.00677429
0.00476395
0.00266336
0.000582292
-0.00138253
-0.00315559
-0.00468705
-0.00595271
-0.00694989
-0.00769071
-0.00819484
-0.00848324
-0.00857377
-0.0084785
-0.00820271
-0.00774582
-0.00710448
-0.00627736
-0.0052703
-0.00410038
-0.00279761
-0.00140449
2.60533e-05
0.00143316
0.00275063
0.00391002
0.00484453
0.00549386
0.00580958
0.00576059
0.00533789
0.00455804
0.00346417
0.00212383
0.000623648
-0.000938493
-0.00246206
-0.00385191
-0.00502484
-0.00591459
-0.00647532
-0.00668388
-0.00654028
-0.00606637
-0.00530269
-0.0043043
-0.00313605
-0.00186823
-0.000572748
0.000680367
0.00182646
0.00281013
0.00281013
0.00358918
0.00413788
0.00444853
0.00453085
0.00440922
0.00411886
0.00370147
0.0032014
0.00266237
0.00212486
0.00162428
0.00118969
0.000842982
0.000597967
0.000459228
0.000420859
0.00046568
0.000565315
0.00068127
0.000767121
0.000772355
0.000648558
0.000357965
-0.000117223
-0.000767736
-0.00155524
-0.00241654
-0.0032727
-0.00404031
-0.00464212
-0.00501525
-0.00511629
-0.00492337
-0.00443594
-0.003673
-0.00267106
-0.00148197
-0.000169923
0.00119299
0.00253305
0.00378157
0.00488028
0.00578398
0.00646052
0.00688915
0.00705859
0.00696575
0.00661524
0.00601964
0.00520019
0.00418762
0.00302237
0.00175363
0.000436563
-0.000871882
-0.00211771
-0.00325404
-0.00424387
-0.00506108
-0.0056898
-0.00612241
-0.00635663
-0.00639238
-0.00622968
-0.0058683
-0.00530945
-0.00455889
-0.00363011
-0.00254688
-0.0013449
-7.24172e-05
0.00121031
0.00243357
0.00352326
0.0044082
0.00502805
0.00534001
0.0053229
0.00497838
0.00432996
0.00342048
0.00230823
0.00106201
-0.00024475
-0.00153961
-0.0027558
-0.00383518
-0.00472975
-0.00540207
-0.00582503
-0.00598157
-0.00586453
-0.00547734
-0.00483548
-0.00396798
-0.00291782
-0.00173999
-0.000496946
0.000747679
0.00193573
0.00301985
0.00396667
0.00475764
0.0053879
0.00586366
0.0061987
0.00641037
0.00651571
0.0065282
0.00645559
0.00629925
0.00605518
0.00571617
0.00527439
0.00472377
0.00406167
0.00328997
0.00241596
0.001453
0.000421043
-0.000653539
-0.00173875
-0.00279826
-0.00379284
-0.00468177
-0.00542449
-0.00598282
-0.00632381
-0.00642275
-0.00626573
-0.00585136
-0.00519136
-0.00431037
-0.00324517
-0.00204363
-0.000763288
0.000530694
0.00176842
0.00287915
0.00379588
0.00446002
0.00482557
0.00486228
0.00455749
0.00391684
0.00296408
0.00174026
0.000302638
-0.00127709
-0.00291567
-0.00452265
-0.00600592
-0.007278
-0.00826202
-0.0088967
-0.00914006
-0.00897166
-0.00839371
-0.00743131
-0.00613165
-0.00456222
-0.00280742
-0.000963654
0.000866973
0.00258379
0.00409487
0.00532366
0.00621415
0.00673388
0.00687431
0.00664871
0.00608823
0.00523699
0.00414707
0.00287452
0.00147658
1.0509e-05
-0.0014665
-0.00289682
-0.00422233
-0.00538546
-0.00633159
-0.00701245
-0.00738994
-0.0074395
-0.0071526
-0.00653796
-0.00562136
-0.00444411
-0.00306022
-0.00153279
7.01016e-05
0.00167961
0.00323043
0.00466523
0.00593889
0.00702165
0.00789966
0.00857243
0.00904775
0.00933606
0.00944596
0.00938192
0.00914436
0.00873157
0.00814282
0.00738175
0.00645862
0.00539089
0.00420209
0.00292014
0.00157647
0.000206127
-0.00115166
-0.00245355
-0.00365316
-0.00470303
-0.0055571
-0.00617365
-0.00651866
-0.00656943
-0.00631775
-0.00577183
-0.00495632
-0.00391056
-0.00268565
-0.00134075
6.08178e-05
0.00145515
0.00278061
0.00397965
0.00499964
0.00579367
0.00632172
0.00655295
0.0064686
0.00606512
0.00535684
0.00437717
0.00317793
0.00182619
0.00039902
-0.00102303
-0.00236274
-0.00355228
-0.00453794
-0.00528314
-0.00576943
-0.00599548
-0.0059743
-0.00572912
-0.00528872
-0.00468317
-0.00394071
-0.00308656
-0.00214359
-0.0011347
-8.62299e-05
0.000968825
0.00198867
0.00292286
0.00371514
0.00430871
0.00465305
0.00471115
0.00446576
0.0039237
0.00311696
0.00210016
0.000944617
-0.000269897
-0.0014639
-0.00256562
-0.00351607
-0.00427137
-0.00480278
-0.00509534
-0.00514574
-0.00496025
-0.00455307
-0.00394541
-0.00316502
-0.00224579
-0.00122712
-0.000152675
0.000931304
0.00197821
0.00294337
0.00378627
0.00447259
0.00497589
0.00527867
0.00537302
0.00526076
0.00495307
0.00446983
0.00383857
0.00309307
0.00227165
0.00141538
0.000566199
-0.000235107
-0.000951056
-0.00155
-0.00200873
-0.00231459
-0.00246648
-0.00247441
-0.00235775
-0.00214274
-0.00185971
-0.00154034
-0.00121496
-0.000909789
-0.000644399
-0.00042992
-0.000268777
-0.00015639
-8.47858e-05
-4.73308e-05
-4.32435e-05
-8.03604e-05
-8.03604e-05
-0.000175089
-0.000349305
-0.000624822
-0.00101674
-0.00152738
-0.00214238
-0.00283002
-0.00354372
-0.00422681
-0.00481833
-0.00525888
-0.00549577
-0.00548739
-0.00520685
-0.00464504
-0.00381322
-0.00274465
-0.00149439
-0.000136265
0.00124339
0.00255447
0.00371265
0.0046476
0.00530831
0.00566485
0.00570695
0.00544052
0.00488349
0.00406236
0.00301054
0.00176903
0.000388661
-0.00106732
-0.00252273
-0.00389126
-0.00508325
-0.00601496
-0.00661835
-0.00684891
-0.0066899
-0.00615255
-0.0052727
-0.00410489
-0.00271554
-0.00117644
0.000440184
0.00206482
0.00363217
0.00508155
0.00635683
0.00740626
0.00818246
0.0086431
0.00875259
0.00848515
0.00782882
0.00678979
0.00539603
0.0036991
0.00177337
-0.000287871
-0.00237899
-0.00439052
-0.00621822
-0.00777108
-0.00897731
-0.00978735
-0.010174
-0.0101306
-0.00966737
-0.00880819
-0.00758803
-0.00605132
-0.0042513
-0.00224985
-0.000117114
0.00206929
0.00422558
0.00626387
0.00809497
0.00963249
0.0107979
0.0115261
0.0117708
0.0115083
0.01074
0.00949301
0.00781845
0.00578904
0.00349488
0.00103843
-0.00147082
-0.00392127
-0.0062033
-0.00821259
-0.00985348
-0.0110426
-0.0117133
-0.0118198
-0.0113411
-0.0102837
-0.00868278
-0.00660198
-0.00413253
-0.0013907
0.00148639
0.00434748
0.00703623
0.00940201
0.0113109
0.0126557
0.0133627
0.0133957
0.0127565
0.0114823
0.00964128
0.00732709
0.00465271
0.00174466
-0.00126281
-0.00423338
-0.00703426
-0.00954181
-0.0116469
-0.0132598
-0.014315
-0.0147737
-0.0146259
-0.0138901
-0.0126104
-0.0108533
-0.00870338
-0.00625957
-0.00363068
-0.000931527
0.00172186
0.00421747
0.00645281
0.00834022
0.00981109
0.0108187
0.0113396
0.0113727
0.0109375
0.0100712
0.00882494
0.00726063
0.00544863
0.00346562
0.00139312
-0.000684168
-0.0026802
-0.00450966
-0.00609032
-0.00734586
-0.00820933
-0.0086272
-0.00856345
-0.00800312
-0.00695478
-0.00545181
-0.00355234
-0.00133779
0.00109041
0.00361622
0.00611587
0.00846555
0.0105487
0.0122624
0.0135217
0.014264
0.01445
0.0140657
0.0131209
0.0116485
0.00970198
0.00735284
0.00468797
0.00180688
-0.00118116
-0.00416032
-0.00701211
-0.00962019
-0.0118758
-0.0136833
-0.0149654
-0.0156673
-0.0157594
-0.0152397
-0.0141331
-0.0124905
-0.0103851
-0.00790776
-0.00516172
-0.00225703
0.000694245
0.00358207
0.0063018
0.00875694
0.0108614
0.0125417
0.0137386
0.0144082
0.0145233
0.0140747
0.0130727
0.0115486
0.00955638
0.00717157
0.00448915
0.00161912
-0.00131935
-0.00420447
-0.0069183
-0.00935221
-0.0114105
-0.0130119
-0.0140909
-0.0145978
-0.0145013
-0.0137913
-0.0124821
-0.010614
-0.00825431
-0.00549513
-0.00244993
0.000751501
0.00396918
0.00705945
0.00988157
0.0123041
0.014211
0.0155069
0.0161223
0.0160177
0.0151856
0.0136521
0.0114759
0.00874557
0.0055749
0.00209747
-0.00154024
-0.00518589
-0.00868849
-0.0119051
-0.0147069
-0.0169843
-0.0186503
-0.0196423
-0.0199227
-0.0194789
-0.0183236
-0.0164944
-0.0140537
-0.0110871
-0.00770063
-0.0040175
-0.000173917
0.00368518
0.00741131
0.0108586
0.0138903
0.0163849
0.018241
0.0193808
0.0197533
0.0193377
0.0181465
0.0162276
0.0136649
0.0105748
0.00710073
0.00340419
-0.000345099
-0.00397997
-0.00734591
-0.010309
-0.012761
-0.0146207
-0.015833
-0.0163666
-0.0162123
-0.0153819
-0.0139095
-0.0118521
-0.00929041
-0.00632807
-0.00308846
0.000290266
0.003662
0.0068806
0.00980781
0.0123202
0.0143146
0.0157104
0.0164519
0.016508
0.0158734
0.014569
0.0126429
0.0101702
0.00725131
0.00400796
0.000578218
-0.00289041
-0.00624833
-0.00935141
-0.0120683
-0.0142867
-0.0159189
-0.0169052
-0.0172164
-0.0168544
-0.0158511
-0.0142663
-0.0121831
-0.00970272
-0.00693924
-0.00401361
-0.00104892
0.00183407
0.0045209
0.0045209
0.00690717
0.00890197
0.010431
0.0114395
0.0118942
0.0117859
0.0111302
0.00996787
0.00836322
0.00640131
0.00418362
0.00182269
-0.000563761
-0.00285906
-0.00495351
-0.00675001
-0.00816892
-0.00915211
-0.00966568
-0.00970115
-0.00927485
-0.00842582
-0.00721239
-0.00570814
-0.0039975
-0.0021712
-0.00032183
0.00146073
0.00309361
0.00450499
0.00563723
0.00644897
0.00691593
0.00703041
0.00679978
0.00624445
0.00539572
0.00429397
0.00298729
0.00153026
-1.71993e-05
-0.00159138
-0.00312686
-0.00455896
-0.00582641
-0.00687379
-0.00765367
-0.00812826
-0.00827056
-0.00806492
-0.00750682
-0.00660235
-0.00536823
-0.00383275
-0.00203761
-3.93232e-05
0.00209109
0.00427073
0.00640936
0.00841473
0.0101976
0.0116761
0.0127795
0.0134519
0.0136554
0.0133733
0.0126115
0.0113997
0.0097903
0.0078565
0.00568825
0.00338696
0.00105888
-0.00119215
-0.00327192
-0.00510228
-0.00662557
-0.00780612
-0.00862877
-0.00909517
-0.0092192
-0.00902265
-0.00853165
-0.00777421
-0.00677901
-0.00557572
-0.00419657
-0.00267852
-0.00106492
0.000594158
0.00224339
0.00382486
0.00528149
0.00656024
0.00761478
0.00840701
0.00890772
0.00909664
0.00896273
0.00850497
0.00773358
0.00667139
0.00535441
0.00383137
0.00216207
0.000414832
-0.00133669
-0.003017
-0.00455236
-0.00587442
-0.00692379
-0.00765316
-0.0080299
-0.00803793
-0.00767859
-0.00697072
-0.00594993
-0.00466706
-0.00318597
-0.00158038
6.9937e-05
0.00168351
0.00318166
0.00449267
0.00555528
0.00632154
0.00675868
0.00685052
0.00659793
0.00601867
0.00514623
0.0040277
0.00272063
0.00128925
-0.000199622
-0.00168045
-0.00309229
-0.00438133
-0.00550268
-0.00642139
-0.00711296
-0.00756344
-0.00776914
-0.00773613
-0.00747903
-0.00701889
-0.00637981
-0.00558515
-0.00465481
-0.00360495
-0.0024505
-0.00120927
9.42737e-05
0.00142709
0.00274813
0.00401093
0.00516729
0.00617125
0.00698249
0.00756874
0.00790672
0.0079822
0.00778971
0.00733266
0.00662426
0.00568861
0.00456132
0.00328889
0.00192674
0.000536136
-0.000819736
-0.00208003
-0.00319056
-0.0041076
-0.0048007
-0.00525414
-0.00546688
-0.00545143
-0.00523178
-0.00484089
-0.00431755
-0.00370298
-0.00303731
-0.00235654
-0.00169069
-0.00106341
-0.000492705
7.61854e-06
0.000426589
0.000755152
0.000985849
0.00111302
0.00113339
0.00104677
0.000856729
0.000571108
0.00020205
-0.000234324
-0.000718566
-0.00122863
-0.00174056
-0.00222911
-0.00266847
-0.00303308
-0.0032986
-0.00344289
-0.00344702
-0.00329641
-0.00298226
-0.00250319
-0.00186709
-0.0010926
-0.000209827
0.000740514
0.00170967
0.00264493
0.00349443
0.00421176
0.00475952
0.00511154
0.00525371
0.0051837
0.00490985
0.00444958
0.00382762
0.00307427
0.00222387
0.00131329
0.000380348
-0.000538103
-0.00140806
-0.00220009
-0.00289064
-0.00346259
-0.00390549
-0.00421517
-0.00439293
-0.00444422
-0.0043767
-0.00419826
-0.00391562
-0.00353399
-0.00305799
-0.00249333
-0.0018486
-0.00113656
-0.000374554
0.00041577
0.0012095
0.00197975
0.00269903
0.00334048
0.00387902
0.00429246
0.00456267
0.0046767
0.00462766
0.00441503
0.00404437
0.00352659
0.00287717
0.00211557
0.00126496
0.000352319
-0.000591013
-0.00152835
-0.00241682
-0.00320757
-0.00384816
-0.0042872
-0.00448097
-0.00440042
-0.00403703
-0.00340631
-0.00254774
-0.00152128
-0.000401093
0.00073254
0.00180139
0.00273663
0.00348455
0.00401016
0.00429854
0.00435378
0.00419588
0.0038565
0.00337443
0.00279181
0.00215133
0.00149436
0.00085977
0.000282847
-0.00020605
-0.000583403
-0.000835047
-0.000958612
-0.000964924
-0.000877491
-0.000729897
-0.000561659
-0.000413391
-0.000321963
-0.000315923
-0.000411429
-0.000609303
-0.000894149
-0.00123614
-0.0015952
-0.0019265
-0.00218593
-0.00233482
-0.00234375
-0.0021956
-0.001888
-0.00143449
-0.000863803
-0.000217028
0.000456821
0.00110587
0.0016801
0.00213512
0.00243483
0.00243483
0.00255291
0.00247335
0.00219026
0.00170722
0.00103671
0.000200137
-0.000771327
-0.00183534
-0.00293728
-0.0040107
-0.00498028
-0.00576733
-0.006297
-0.00650562
-0.00634695
-0.00579633
-0.00485251
-0.00353736
-0.00189395
1.62027e-05
0.00211588
0.00431426
0.00650829
0.00858459
0.0104232
0.0119041
0.0129159
0.0133657
0.0131876
0.0123489
0.0108531
0.00873936
0.00608034
0.00297773
-0.000441901
-0.004031
-0.00762483
-0.0110468
-0.0141162
-0.0166595
-0.018522
-0.0195806
-0.0197528
-0.0190031
-0.0173454
-0.0148417
-0.0115996
-0.00776599
-0.00352047
0.000933469
0.00537877
0.00959655
0.0133786
0.0165398
0.0189299
0.0204428
0.0210226
0.0206662
0.019421
0.017379
0.0146681
0.0114425
0.00787271
0.00413558
0.000405819
-0.00315148
-0.00638642
-0.00916833
-0.0113887
-0.0129636
-0.0138366
-0.013981
-0.0134017
-0.0121362
-0.0102537
-0.00785288
-0.0050579
-0.0020136
0.00112094
0.00417981
0.00699875
0.00942431
0.0113231
0.0125905
0.0131573
0.0129936
0.0121107
0.0105582
0.0084204
0.00580948
0.00285813
-0.000288649
-0.00348183
-0.006576
-0.00943633
-0.0119443
-0.014002
-0.015535
-0.0164939
-0.0168539
-0.0166152
-0.0158014
-0.0144588
-0.0126537
-0.0104672
-0.00798654
-0.00529637
-0.00247886
0.000375972
0.00316288
0.00576927
0.00809224
0.0100503
0.011584
0.0126518
0.0132249
0.0132877
0.0128437
0.0119185
0.0105577
0.00882072
0.00677768
0.0045111
0.00211779
-0.00029326
-0.00260756
-0.00471303
-0.00650645
-0.00789859
-0.00881958
-0.00922517
-0.00910245
-0.00847211
-0.007386
-0.00592093
-0.00417114
-0.00224137
-0.000240417
0.00172516
0.00355723
0.00517095
0.00649715
0.00748255
0.00808899
0.00829305
0.00808646
0.00747696
0.00648911
0.00516435
0.0035604
0.00174948
-0.000184914
-0.00215275
-0.00406338
-0.00583115
-0.00737954
-0.00864299
-0.00956687
-0.010107
-0.0102296
-0.00991339
-0.00915161
-0.00795552
-0.00635688
-0.0044093
-0.00218768
0.000214616
0.00269049
0.00512516
0.00740274
0.00941271
0.0110561
0.0122511
0.0129381
0.0130835
0.0126825
0.0117597
0.0103677
0.00858377
0.00650454
0.00423945
0.00190388
-0.000387515
-0.00252678
-0.00441748
-0.00597848
-0.0071466
-0.00787846
-0.00815169
-0.00796553
-0.00734098
-0.00632017
-0.00496514
-0.00335588
-0.00158756
0.00023331
0.001994
0.00358196
0.00489187
0.00583257
0.00633321
0.00634844
0.00586294
0.00489482
0.00349728
0.0017569
-0.000212207
-0.00227777
-0.00430078
-0.00614687
-0.00769607
-0.00885035
-0.00953878
-0.00972067
-0.0093868
-0.00855894
-0.0072878
-0.00564929
-0.00373938
-0.00166756
0.000450251
0.00249895
0.00437072
0.00597048
0.00722056
0.00806441
0.0084697
0.00843
0.0079645
0.00711562
0.0059448
0.00452745
0.00294791
0.00129505
-0.000341636
-0.00187583
-0.00322836
-0.00433124
-0.00513127
-0.00559284
-0.00569937
-0.00545369
-0.00487703
-0.00400704
-0.0028949
-0.00160191
-0.000196028
0.00125136
0.00266833
0.00398502
0.00513588
0.00606153
0.00671028
0.00703935
0.00701621
0.00662029
0.00584504
0.00469985
0.00321134
0.00142344
-0.000603513
-0.00279468
-0.00506304
-0.00731219
-0.00943996
-0.0113432
-0.0129235
-0.0140942
-0.0147857
-0.0149509
-0.0145681
-0.0136424
-0.0122055
-0.0103139
-0.00804603
-0.00549872
-0.00278242
-1.61212e-05
0.0026785
0.00518327
0.00738985
0.00920557
0.0105584
0.0114001
0.0117082
0.0114857
0.0107596
0.00957869
0.00801023
0.00613646
0.00405088
0.00185435
-0.000348964
-0.00245586
-0.00436857
-0.0059993
-0.00727479
-0.0081402
-0.00856226
-0.00853094
-0.0080595
-0.00718291
-0.00595479
-0.00444343
-0.00272737
-0.000890925
0.00097988
0.00280105
0.00449384
0.00598774
0.00722309
0.00815351
0.00874772
0.00899075
0.00888424
0.00844594
0.00770838
0.00671686
0.00552702
0.0042018
0.00280816
0.00141344
0.00141344
8.16963e-05
-0.00112971
-0.00217287
-0.00301136
-0.00362133
-0.00399177
-0.004124
-0.00403045
-0.00373294
-0.00326053
-0.00264733
-0.0019304
-0.00114804
-0.000338515
0.000460901
0.00121471
0.00188989
0.00245674
0.00288973
0.00316865
0.00327991
0.00321807
0.00298731
0.00260255
0.00208931
0.00148238
0.000822886
0.000154669
-0.000479625
-0.00104195
-0.00150146
-0.00183609
-0.00203318
-0.00208924
-0.00200909
-0.00180477
-0.00149445
-0.0011015
-0.000653343
-0.000180034
0.000287604
0.000719977
0.00109061
0.00137778
0.00156579
0.00164599
0.00161723
0.00148573
0.00126412
0.000969847
0.00062327
0.000245758
-0.000142063
-0.000521648
-0.000877343
-0.00119659
-0.00146965
-0.0016891
-0.00184941
-0.0019468
-0.00197931
-0.00194692
-0.00185167
-0.00169745
-0.00148985
-0.00123596
-0.000944238
-0.000624613
-0.000288602
5.05159e-05
0.000377704
0.00067656
0.000930225
0.00112278
0.00124091
0.00127545
0.00122241
0.00108337
0.000865096
0.000578598
0.000238119
-0.000139721
-0.000536404
-0.000931778
-0.00130441
-0.00163228
-0.00189378
-0.00206911
-0.00214174
-0.00209988
-0.0019379
-0.00165734
-0.00126748
-0.000785325
-0.000234873
0.000354308
0.00094925
0.00151622
0.00202346
0.00244359
0.00275526
0.00294401
0.00300245
0.00292985
0.00273154
0.00241789
0.00200334
0.00150539
0.00094373
0.00033964
-0.000284449
-0.00090535
-0.00149949
-0.00204331
-0.00251383
-0.0028894
-0.00315077
-0.00328252
-0.00327439
-0.00312241
-0.00282943
-0.00240517
-0.00186561
-0.00123188
-0.000528896
0.000216397
0.000976584
0.00172512
0.00243719
0.00309016
0.00366371
0.00413999
0.00450375
0.00474266
0.00484761
0.00481318
0.00463797
0.00432498
0.00388174
0.00332029
0.00265702
0.00191244
0.00111086
0.000279899
-0.00055039
-0.00134876
-0.00208434
-0.00272825
-0.00325495
-0.00364314
-0.00387644
-0.00394393
-0.00384081
-0.003569
-0.00313758
-0.00256284
-0.00186794
-0.00108186
-0.000238045
0.000627426
0.00147791
0.00227822
0.0029965
0.00360563
0.00408413
0.00441658
0.00459357
0.00461128
0.00447085
0.00417776
0.0037414
0.00317487
0.00249504
0.00172256
0.000881708
-1.23728e-07
-0.000893244
-0.00176653
-0.00258822
-0.00332656
-0.00395046
-0.00443063
-0.00474126
-0.00486234
-0.00478172
-0.00449574
-0.00400833
-0.00333046
-0.0024815
-0.00149095
-0.000398566
0.000747749
0.00189477
0.00298676
0.00396793
0.00478509
0.00539109
0.00574907
0.00583623
0.00564557
0.0051855
0.00447825
0.00355815
0.00246968
0.00126513
1.46386e-06
-0.00126301
-0.00247162
-0.00357168
-0.00451651
-0.0052674
-0.00579557
-0.00608374
-0.00612681
-0.00593143
-0.00551469
-0.00490214
-0.00412565
-0.00322126
-0.00222733
-0.00118315
-0.000128316
0.000897308
0.00185346
0.00269966
0.00339627
0.00390645
0.00419895
0.00425103
0.00405109
0.00360053
0.0029147
0.002023
0.000968069
-0.000195867
-0.00140586
-0.00259408
-0.00369232
-0.00463659
-0.00537109
-0.00585135
-0.00604619
-0.00593881
-0.0055271
-0.00482329
-0.0038532
-0.00265517
-0.00127863
0.000217552
0.00176724
0.00329971
0.00474295
0.00602741
0.00708981
0.00787661
0.00834675
0.00847352
0.00824576
0.00766858
0.00676341
0.00556747
0.00413223
0.00252091
0.000805048
-0.0009395
-0.00263666
-0.00421411
-0.00560685
-0.00675996
-0.00763062
-0.00818914
-0.0084193
-0.0083181
-0.0078955
-0.0071739
-0.00618756
-0.00498168
-0.00361085
-0.00213712
-0.000627551
0.000848513
0.00222251
0.0034299
0.0044135
0.00512652
0.00553517
0.00562039
0.00537882
0.00482285
0.00398018
0.00289267
0.00161473
0.000211013
-0.00124657
-0.00268239
-0.00402085
-0.00518989
-0.00612439
-0.00676945
-0.00708365
-0.00704224
-0.00663933
-0.00588883
-0.0048237
-0.0034939
-0.00196343
-0.000306927
0.00139417
0.00305592
0.00459641
0.00594028
0.00702272
0.00779295
0.00821689
0.00827901
0.00798311
0.00735177
0.00642437
0.0052539
0.00390295
0.00243929
0.000931438
0.000931438
-0.000555224
-0.00196149
-0.00323619
-0.00433706
-0.00523083
-0.00589304
-0.00630758
-0.00646623
-0.00636823
-0.00602013
-0.00543602
-0.00463807
-0.00365678
-0.00253087
-0.00130631
-3.47535e-05
0.00122836
0.00242613
0.00350281
0.00440676
0.00509356
0.00552883
0.00569053
0.00557018
0.00517333
0.00451913
0.00363929
0.00257635
0.00138142
0.00011148
-0.00117359
-0.00241409
-0.00355347
-0.00454111
-0.0053348
-0.00590265
-0.00622443
-0.00629197
-0.00610865
-0.00568807
-0.00505215
-0.00422927
-0.0032526
-0.00215918
-0.000989325
0.000213831
0.00140516
0.00253889
0.00357062
0.00445953
0.00517071
0.00567697
0.00596009
0.00601138
0.00583168
0.005431
0.00482803
0.00404938
0.00312871
0.00210564
0.00102441
-6.7647e-05
-0.00112197
-0.00209091
-0.00293024
-0.00360177
-0.00407589
-0.00433348
-0.00436715
-0.00418138
-0.00379184
-0.00322398
-0.00251119
-0.00169283
-0.000812238
8.51299e-05
0.000953562
0.0017491
0.0024317
0.00296745
0.00333034
0.00350349
0.00347945
0.00325966
0.00285343
0.00227663
0.00155065
0.000701566
-0.000240332
-0.00124091
-0.00226264
-0.00326521
-0.00420649
-0.00504374
-0.00573538
-0.00624323
-0.0065351
-0.00658735
-0.00638682
-0.00593187
-0.0052324
-0.00430929
-0.00319332
-0.00192402
-0.000548398
0.000880548
0.00230561
0.00366762
0.00490817
0.00597279
0.00681424
0.0073956
0.00769285
0.00769654
0.00741246
0.00686128
0.00607703
0.00510474
0.00399718
0.0028111
0.00160338
0.000427572
-0.000668844
-0.00164618
-0.00247342
-0.00312851
-0.00359829
-0.0038782
-0.0039719
-0.00389066
-0.0036526
-0.00328152
-0.00280551
-0.00225538
-0.00166308
-0.00106031
-0.000477218
5.86886e-05
0.000523812
0.000899643
0.00117376
0.00134033
0.00140007
0.00135957
0.00123033
0.00102749
0.00076855
0.000471961
0.000155815
-0.000163109
-0.000469833
-0.000751159
-0.000995286
-0.00119137
-0.00132929
-0.00139984
-0.00139534
-0.00131047
-0.00114334
-0.000896341
-0.000576831
-0.000197274
0.000225147
0.000669555
0.00111293
0.00153197
0.00190495
0.00221348
0.00244388
0.0025881
0.00264408
0.00261545
0.00251073
0.00234214
0.00212443
0.00187367
0.00160631
0.00133825
0.00108394
0.000855476
0.000661751
0.000507974
0.000395589
0.000322664
0.000284628
0.000275178
0.000287222
0.000313797
0.000348936
0.00038839
0.000430046
0.000473869
0.00052139
0.000574885
0.000636437
0.000707043
0.000785777
0.000869055
0.000950138
0.00101915
0.00106379
0.00107058
0.00102654
0.000920668
0.000745145
0.000496135
0.000174136
-0.000215996
-0.000665281
-0.00116086
-0.00168606
-0.00222016
-0.00273838
-0.00321236
-0.00361168
-0.00390637
-0.00406977
-0.00408139
-0.00392915
-0.00361099
-0.00313579
-0.00252351
-0.00180436
-0.00101679
-0.000204462
0.000587244
0.00131488
0.00194007
0.00243187
0.00276835
0.00293727
0.00293598
0.00277077
0.00245586
0.00201211
0.00146578
0.000847086
0.00018886
-0.000474808
-0.00110993
-0.00168398
-0.00216724
-0.00253426
-0.00276506
-0.00284621
-0.00277146
-0.00254191
-0.00216571
-0.00165747
-0.00103731
-0.000329891
0.000436666
0.00123173
0.00202307
0.00277769
0.00346273
0.0040465
0.00449971
0.00479673
0.00491689
0.00484577
0.00457653
0.0041112
0.00346168
0.00265027
0.00170924
0.000679442
-0.000392207
-0.00145578
-0.00246178
-0.00336442
-0.00412443
-0.00471115
-0.00510379
-0.0052918
-0.00527447
-0.0050598
-0.0046631
-0.00410535
-0.00341181
-0.00261095
-0.00173377
-0.000813399
0.000115323
0.00101644
0.00185383
0.00259261
0.00320097
0.00365222
0.00392682
0.00401409
0.00391322
0.00363346
0.00319347
0.00261991
0.00194541
0.00120638
0.000440738
-0.000314189
-0.00102329
-0.00165496
-0.00218203
-0.00258244
-0.00283985
-0.00294407
-0.00289151
-0.00268539
-0.00233575
-0.001859
-0.0012772
-0.000616877
9.25389e-05
0.00082028
0.00153577
0.0022098
0.00281516
0.00332706
0.00372325
0.00398442
0.00409482
0.00404312
0.00382337
0.00382337
0.00343607
0.00288907
0.00219839
0.00138861
0.000492433
-0.000450746
-0.00139724
-0.00230215
-0.00312261
-0.00382074
-0.00436592
-0.00473626
-0.00491914
-0.00491081
-0.0047155
-0.0043443
-0.00381411
-0.00314696
-0.00236943
-0.00151209
-0.000608626
0.00030531
0.00119353
0.00202094
0.00275514
0.00336788
0.00383602
0.004142
0.00427394
0.00422561
0.00399663
0.00359299
0.00302765
0.00232093
0.00150035
0.000599811
-0.000341996
-0.00128373
-0.00218385
-0.00300302
-0.00370618
-0.00426404
-0.00465397
-0.00486056
-0.00487585
-0.00469964
-0.0043396
-0.00381125
-0.00313765
-0.00234862
-0.00147955
-0.000569685
0.000339788
0.00120797
0.00199633
0.00267062
0.00320234
0.00356999
0.00375983
0.00376635
0.00359245
0.00324925
0.00275558
0.00213705
0.00142486
0.000654192
-0.000137502
-0.000912442
-0.00163429
-0.00226974
-0.0027898
-0.00317085
-0.00339551
-0.00345329
-0.00334108
-0.00306343
-0.00263239
-0.00206714
-0.00139329
-0.000641855
0.000151928
0.00095017
0.00171412
0.00240611
0.0029916
0.00344094
0.00373099
0.00384627
0.00377975
0.00353315
0.00311673
0.00254866
0.00185402
0.00106352
0.000212278
-0.000661518
-0.00151787
-0.00231649
-0.00301851
-0.00358859
-0.003997
-0.0042217
-0.00424985
-0.00407893
-0.00371692
-0.00318178
-0.00250025
-0.00170604
-0.000837822
6.2913e-05
0.000953841
0.00179373
0.0025442
0.00317136
0.00364722
0.00395086
0.00406936
0.00399836
0.00374226
0.00331407
0.00273477
0.00203239
0.00124072
0.000397735
-0.000456249
-0.00128056
-0.00203628
-0.00268827
-0.00320704
-0.00357017
-0.00376344
-0.00378135
-0.00362711
-0.00331214
-0.00285512
-0.00228076
-0.00161836
-0.000900265
-0.000160271
0.000568055
0.00125294
0.00186578
0.00238231
0.00278344
0.00305581
0.00319218
0.00319145
0.00305855
0.00280393
0.00244285
0.00199451
0.00148094
0.000925978
0.000354105
-0.000210658
-0.000745836
-0.00123144
-0.00165069
-0.00199041
-0.00224115
-0.00239706
-0.00245561
-0.0024173
-0.00228552
-0.0020667
-0.00177052
-0.00141033
-0.00100321
-0.000569728
-0.000132958
0.000282986
0.000654947
0.000962886
0.00119189
0.0013336
0.00138675
0.00135669
0.00125408
0.00109305
0.000889322
0.000658563
0.000415309
0.000172433
-5.88984e-05
-0.000268992
-0.000449331
-0.000592395
-0.0006917
-0.000741994
-0.000739545
-0.000682419
-0.000570747
-0.000406966
-0.000196103
5.39539e-05
0.000332264
0.000624938
0.000915676
0.00118677
0.0014205
0.00160063
0.00171389
0.00175119
0.00170842
0.00158672
0.00139225
0.00113547
0.00083001
0.000491499
0.000136445
-0.000218705
-0.000558346
-0.000868409
-0.00113699
-0.00135486
-0.0015158
-0.00161656
-0.00165649
-0.00163697
-0.00156091
-0.00143232
-0.00125629
-0.00103905
-0.000788141
-0.000512502
-0.000222441
7.05643e-05
0.000354195
0.000615766
0.000842809
0.00102375
0.00114865
0.00120993
0.00120305
0.001127
0.000984628
0.000782858
0.000532444
0.000247446
-5.5702e-05
-0.000359405
-0.00064624
-0.000900226
-0.00110788
-0.00125892
-0.00134669
-0.00136812
-0.00132354
-0.00121624
-0.00105193
-0.000838219
-0.00058393
-0.00029859
8.09316e-06
0.000326554
0.000647532
0.000962111
0.00126173
0.00153823
0.00178399
0.00199213
0.00215681
0.00227353
0.00233934
0.00235289
0.00231426
0.00222463
0.00208614
0.00190179
0.00167566
0.00141309
0.00112087
0.000807231
0.000481619
0.000154229
-0.000164635
-0.000465313
-0.000739487
-0.000980641
-0.00118415
-0.001347
-0.00146734
-0.00154405
-0.00157657
-0.00156507
-0.00151075
-0.00141638
-0.00128674
-0.00112894
-0.000952402
-0.00076845
-0.000589496
-0.00042789
-0.000294611
-0.000197943
-0.000142403
-0.000128126
-0.000150882
-0.000202748
-0.000273285
-0.000350907
-0.000424155
-0.000482685
-0.000517903
-0.000523264
-0.000494338
-0.000428695
-0.000325721
-0.000186446
-1.34396e-05
0.000189207
0.000415909
0.000659693
0.000912444
0.00116531
0.00140919
0.0016353
0.00183564
0.00200347
0.0021336
0.00222247
0.00226805
0.00226805
0.00226957
0.00222717
0.00214167
0.00201444
0.00184741
0.00164317
0.00140517
0.0011379
0.000847006
0.000539251
0.000222266
-9.60111e-05
-0.000408004
-0.000707148
-0.000988299
-0.00124782
-0.00148334
-0.00169323
-0.00187601
-0.00202992
-0.00215256
-0.00224098
-0.0022919
-0.00230219
-0.00226945
-0.00219254
-0.00207209
-0.00191067
-0.00171272
-0.00148421
-0.00123208
-0.000963765
-0.00068682
-0.000408638
-0.000136248
0.000123895
0.00036611
0.000585673
0.000778931
0.000943331
0.00107735
0.00118036
0.00125242
0.00129399
0.00130578
0.00128855
0.00124322
0.00117108
0.00107412
0.000955318
0.000818847
0.000670063
0.000515421
0.000362207
0.000218075
9.03721e-05
-1.46934e-05
-9.28142e-05
-0.000142099
-0.000163206
-0.000159111
-0.000134657
-9.60248e-05
-5.02029e-05
-4.48301e-06
3.40275e-05
5.88319e-05
6.43764e-05
4.62771e-05
1.45784e-06
-7.17675e-05
-0.000173649
-0.000302977
-0.000457055
-0.000631618
-0.000820658
-0.0010162
-0.00120821
-0.00138486
-0.00153325
-0.00164059
-0.00169549
-0.00168926
-0.00161695
-0.00147807
-0.00127691
-0.00102233
-0.000727051
-0.000406496
-7.73942e-05
0.000243539
0.000540709
0.00080048
0.00101177
0.00116646
0.00125965
0.00128965
0.00125784
0.00116836
0.00102764
0.000843997
0.000627126
0.000387713
0.000136989
-0.000113667
-0.000353119
-0.000570858
-0.000757391
-0.000904601
-0.00100604
-0.00105708
-0.00105499
-0.00099883
-0.000889409
-0.000729304
-0.000522924
-0.000276671
8.72043e-07
0.000298766
0.000603687
0.000900212
0.00117156
0.00140075
0.00157207
0.00167246
0.00169271
0.00162809
0.00147872
0.00124936
0.000949089
0.000590683
0.000189984
-0.000234874
-0.000664327
-0.00107834
-0.00145745
-0.00178386
-0.00204239
-0.00222132
-0.00231287
-0.00231349
-0.00222373
-0.00204794
-0.00179375
-0.00147155
-0.00109399
-0.000675574
-0.000232241
0.000219076
0.000660946
0.001076
0.00144751
0.0017601
0.00200043
0.002158
0.00222587
0.00220122
0.00208563
0.00188514
0.00161004
0.00127438
0.000895261
0.000491909
8.45754e-05
-0.000306614
-0.000662746
-0.000967078
-0.00120583
-0.00136883
-0.00144994
-0.00144734
-0.00136353
-0.00120503
-0.000981929
-0.000707216
-0.000395989
-6.45792e-05
0.00027037
0.000592817
0.000888147
0.00114383
0.00134987
0.00149902
0.00158687
0.00161177
0.00157471
0.00147902
0.00133002
0.00113463
0.000901009
0.000638298
0.000356385
6.57193e-05
-0.000222886
-0.000498479
-0.000750205
-0.000967587
-0.00114092
-0.00126179
-0.00132368
-0.00132259
-0.00125747
-0.00113044
-0.000946771
-0.000714658
-0.000444865
-0.000150316
0.000154399
0.000453605
0.000731283
0.000971932
0.00116152
0.00128839
0.00134404
0.00132364
0.00122634
0.00105522
0.000817066
0.000521914
0.000182463
-0.00018662
-0.000569464
-0.000949762
-0.00131153
-0.00163988
-0.00192166
-0.00214617
-0.00230567
-0.00239577
-0.00241566
-0.00236801
-0.00225873
-0.00209644
-0.00189187
-0.00165715
-0.00140509
-0.00114853
-0.000899674
-0.00066962
-0.00046789
-0.000302138
-0.000177949
-9.87385e-05
-6.57245e-05
-7.79438e-05
-0.000132302
-0.000223675
-0.000345109
-0.000488145
-0.000643259
-0.000800384
-0.000949467
-0.001081
-0.0011865
-0.00125878
-0.0012922
-0.00128265
-0.00122755
-0.00112584
-0.000978103
-0.000786698
-0.000555998
-0.000292561
-5.1906e-06
0.00029525
0.000596322
0.000884772
0.0011475
0.00137255
0.00155006
0.00167289
0.00173706
0.00174186
0.00168976
0.001586
0.00143817
0.00125557
0.00104874
0.000828876
0.000607476
0.00039592
0.000205127
4.51692e-05
-7.52052e-05
-0.000149124
-0.000172164
-0.000142799
-6.26133e-05
6.37904e-05
0.000229145
0.000424061
0.000637682
0.000858384
0.00107447
0.00127482
0.0014494
0.0015897
0.00168905
0.00174275
0.00174826
0.00170525
0.00161565
0.00148359
0.00131531
0.00111898
0.000904341
0.000682243
0.000464034
0.000260903
8.32434e-05
-5.99104e-05
-0.000161329
-0.000215917
-0.000220914
-0.000175983
-8.31524e-05
5.33236e-05
0.000227165
0.000430282
0.000653022
0.000884457
0.00111279
0.00111279
0.00132591
0.00151209
0.00166072
0.00176298
0.00181237
0.00180506
0.00173991
0.00161832
0.0014439
0.00122207
0.00095977
0.000665212
0.000347748
1.77572e-05
-0.000313508
-0.000634153
-0.000931956
-0.00119481
-0.00141129
-0.00157135
-0.00166712
-0.00169353
-0.0016488
-0.0015347
-0.00135646
-0.00112238
-0.000843378
-0.000532252
-0.000202909
0.000130413
0.000453868
0.000754608
0.00102126
0.00124428
0.00141619
0.00153166
0.00158754
0.0015827
0.00151793
0.00139586
0.00122101
0.000999919
0.000741155
0.000455305
0.000154642
-0.0001474
-0.000436978
-0.000700686
-0.000926416
-0.00110412
-0.00122643
-0.00128904
-0.00129101
-0.00123476
-0.00112598
-0.000973265
-0.000787517
-0.000581219
-0.000367614
-0.000159896
2.95552e-05
0.000189855
0.000312172
0.000390116
0.000419931
0.000400489
0.000333121
0.000221391
7.08758e-05
-0.000111013
-0.000315179
-0.000531041
-0.000746869
-0.00095032
-0.00112916
-0.00127208
-0.0013695
-0.00141426
-0.00140204
-0.00133156
-0.00120464
-0.00102591
-0.000802637
-0.000544467
-0.000263222
2.73104e-05
0.000311794
0.000574057
0.000798113
0.000969333
0.00107558
0.00110814
0.0010623
0.000937671
0.000738074
0.000471339
0.000148919
-0.000214493
-0.000601422
-0.000992254
-0.00136615
-0.00170228
-0.0019812
-0.00218627
-0.00230485
-0.00232924
-0.00225721
-0.00209208
-0.00184234
-0.00152084
-0.00114374
-0.000729365
-0.00029708
0.000133648
0.000544123
0.000917199
0.00123799
0.00149448
0.00167795
0.00178327
0.00180905
0.00175752
0.00163437
0.00144835
0.00121078
0.00093495
0.000635406
0.000327258
2.53966e-05
-0.00025623
-0.000505267
-0.000711456
-0.000866977
-0.000966641
-0.00100796
-0.000991107
-0.000918823
-0.000796241
-0.000630724
-0.000431742
-0.00021078
1.88087e-05
0.000242173
0.000443684
0.000608016
0.000721473
0.000773345
0.000757042
0.000670785
0.000517705
0.000305357
4.47652e-05
-0.000250821
-0.000567213
-0.000890404
-0.00120734
-0.00150629
-0.00177686
-0.0020097
-0.00219628
-0.00232879
-0.00240043
-0.00240595
-0.00234242
-0.00220985
-0.00201162
-0.00175452
-0.00144855
-0.00110627
-0.000742029
-0.000371105
-8.78066e-06
0.000330399
0.000633247
0.000888418
0.00108679
0.00122178
0.00128961
0.00128947
0.00122357
0.00109703
0.000917649
0.000695619
0.000443108
0.00017386
-9.72718e-05
-0.000354895
-0.000583785
-0.000769761
-0.000900666
-0.000967383
-0.000964704
-0.000891915
-0.000752913
-0.000555843
-0.000312302
-3.6275e-05
0.000257015
0.000552164
0.000834484
0.00109072
0.0013096
0.00148228
0.00160258
0.00166719
0.00167563
0.00163013
0.00153539
0.00139823
0.0012272
0.00103202
0.000823007
0.000610457
0.000404039
0.000212321
4.24327e-05
-0.000100102
-0.000211406
-0.000289222
-0.000332857
-0.000343087
-0.000322055
-0.000273138
-0.000200773
-0.000110206
-7.1743e-06
0.000102494
0.000213284
0.000320327
0.000419587
0.000507912
0.000582969
0.000643137
0.000687419
0.000715381
0.000727137
0.000723347
0.000705225
0.000674538
0.00063355
0.000584927
0.000531575
0.00047648
0.000422536
0.000372423
0.000328503
0.000292749
0.000266699
0.000251419
0.000247508
0.000255155
0.000274253
0.000304567
0.000345886
0.000398058
0.000460799
0.000533247
0.000613358
0.00069736
0.000779531
0.000852467
0.000907828
0.00093738
0.000934102
0.000893105
0.000812221
0.000692187
0.000536439
0.000350607
0.000141824
-8.19543e-05
-0.000312536
-0.000541892
-0.00076239
-0.000966878
-0.00114867
-0.00130153
-0.00141967
-0.00149792
-0.00153205
-0.00151924
-0.00145849
-0.00135091
-0.00119979
-0.00101047
-0.00079005
-0.000546965
-0.000290567
-3.05776e-05
0.000223436
0.000462561
0.00067892
0.000865907
0.00101825
0.00113191
0.00120397
0.0012325
0.0012166
0.00115658
0.00105419
0.000912885
0.000737911
0.000536234
0.000316283
8.74998e-05
-0.000140205
-0.000357061
-0.000554018
-0.000723224
-0.000858384
-0.000954969
-0.0010103
-0.00102347
-0.000995243
-0.000927782
-0.000824448
-0.000689614
-0.000528545
-0.000347325
-0.000152781
4.75889e-05
0.00024574
0.00024574
0.000433288
0.00060181
0.000743278
0.000850602
0.000918219
0.000942632
0.000922793
0.000860268
0.000759136
0.000625643
0.000467688
0.00029421
0.000114559
-6.20932e-05
-0.000227276
-0.000373694
-0.000495631
-0.000589262
-0.000652774
-0.000686308
-0.000691727
-0.000672287
-0.000632272
-0.000576644
-0.000510736
-0.000439986
-0.000369724
-0.000304983
-0.00025033
-0.000209641
-0.000185811
-0.000180403
-0.000193349
-0.000222841
-0.00026546
-0.00031656
-0.000370815
-0.000422815
-0.000467631
-0.000501247
-0.000520844
-0.000524871
-0.000512946
-0.000485622
-0.000444123
-0.000390115
-0.00032555
-0.000252589
-0.000173561
-9.09393e-05
-7.31413e-06
7.46509e-05
0.000152301
0.000223109
0.000284819
0.000335579
0.000374039
0.000399424
0.00041155
0.000410829
0.000398239
0.000375281
0.000343892
0.000306336
0.000265039
0.000222393
0.00018051
0.000140967
0.000104603
7.14565e-05
4.08663e-05
1.17029e-05
-1.73496e-05
-4.75272e-05
-7.97952e-05
-0.000114754
-0.000152624
-0.000193285
-0.000236357
-0.000281296
-0.000327474
-0.000374211
-0.000420783
-0.000466409
-0.000510253
-0.000551429
-0.000589014
-0.000622056
-0.000649593
-0.000670685
-0.000684484
-0.000690325
-0.000687825
-0.000676956
-0.000658085
-0.000631974
-0.000599752
-0.000562842
-0.000522852
-0.000481383
-0.000439808
-0.000399019
-0.000359229
-0.000319871
-0.000279636
-0.00023662
-0.000188503
-0.000132707
-6.65647e-05
1.24443e-05
0.000106354
0.000216291
0.00034207
0.000481942
0.000632588
0.000789357
0.000946684
0.00109858
0.00123911
0.00136274
0.00146461
0.00154075
0.00158812
0.00160476
0.00158974
0.00154317
0.00146614
0.00136066
0.00122965
0.0010769
0.000906926
0.000724811
0.000535993
0.000346003
0.000160245
-1.6198e-05
-0.000178728
-0.000323377
-0.000446914
-0.000546904
-0.000621662
-0.000670084
-0.000691395
-0.000684931
-0.000650072
-0.000586398
-0.000494047
-0.000374161
-0.000229296
-6.36693e-05
0.000116825
0.000304852
0.000492097
0.000669873
0.000829774
0.000964283
0.00106725
0.00113422
0.00116259
0.00115167
0.00110257
0.0010181
0.000902515
0.000761338
0.000601096
0.000429047
0.000252865
8.02965e-05
-8.12047e-05
-0.000224823
-0.000344706
-0.000436254
-0.000496342
-0.000523464
-0.000517786
-0.000481089
-0.000416627
-0.000328911
-0.000223443
-0.000106409
1.56356e-05
0.000136094
0.000248633
0.000347475
0.000427641
0.000485188
0.000517423
0.000523106
0.000502598
0.000457893
0.000392506
0.000311197
0.000219581
0.000123683
2.95022e-05
-5.73903e-05
-0.000132174
-0.000191001
-0.000231115
-0.000250896
-0.000249866
-0.000228708
-0.000189279
-0.000134567
-6.85584e-05
4.01153e-06
7.79905e-05
0.000148172
0.000209635
0.000258033
0.000289811
0.000302337
0.000293947
0.000263939
0.000212546
0.000140885
5.09193e-05
-5.45945e-05
-0.00017219
-0.000297826
-0.000427056
-0.000555237
-0.000677766
-0.000790292
-0.000888894
-0.000970186
-0.00103137
-0.00107027
-0.00108531
-0.00107566
-0.00104131
-0.000983158
-0.000903093
-0.00080388
-0.000689022
-0.000562546
-0.000428828
-0.000292435
-0.000158007
-3.01379e-05
8.6748e-05
0.000188558
0.000271725
0.000333417
0.000371723
0.000385813
0.000376024
0.000343853
0.000291865
0.000223504
0.000142841
5.42809e-05
-3.77227e-05
-0.000128923
-0.000215465
-0.000294013
-0.000361872
-0.000417165
-0.00045909
-0.000488158
-0.000506282
-0.00051654
-0.000522596
-0.000527932
-0.000535145
-0.000545543
-0.000559101
-0.000574729
-0.000590715
-0.000605207
-0.000616641
-0.000624047
-0.000627201
-0.000626587
-0.000623219
-0.000618387
-0.000613412
-0.000609472
-0.000607502
-0.000608181
-0.000611938
-0.000618997
-0.00062941
-0.000643078
-0.000659734
-0.000678875
-0.000699641
-0.000720675
-0.000740001
-0.000755017
-0.000762641
-0.000759601
-0.000742808
-0.000709745
-0.000658779
-0.000589369
-0.000502134
-0.000398819
-0.000282172
-0.000155794
-2.39566e-05
0.000108579
0.000236766
0.000355509
0.000459956
0.0005458
0.000609568
0.000648852
0.00066249
0.000650669
0.000614952
0.000558198
0.000484364
0.000398227
0.000305061
0.000210304
0.000119269
3.68935e-05
-3.24861e-05
-8.53148e-05
-0.000118975
-0.000131916
-0.000131916
-0.000123756
-9.53288e-05
-4.87017e-05
1.28596e-05
8.49999e-05
0.000162481
0.000239489
0.00031004
0.000368428
0.00040967
0.000429871
0.000426518
0.000398681
0.000347077
0.000273996
0.000183067
7.89191e-05
-3.32117e-05
-0.000147862
-0.000259662
-0.000363591
-0.00045519
-0.000530708
-0.000587197
-0.000622546
-0.000635477
-0.000625496
-0.000592829
-0.000538334
-0.000463393
-0.000369789
-0.000259584
-0.000135041
1.39693e-06
0.000147048
0.000298929
0.00045367
0.000607453
0.000755952
0.000894332
0.00101733
0.00111949
0.00119561
0.00124121
0.00125311
0.00122977
0.00117151
0.00108055
0.00096081
0.000817677
0.000657598
0.000487663
0.00031518
0.000147286
-9.39431e-06
-0.000149072
-0.000267099
-0.000360237
-0.000426812
-0.000466744
-0.000481401
-0.000473334
-0.000445906
-0.000402852
-0.00034784
-0.000284109
-0.000214286
-0.000140421
-6.41883e-05
1.28557e-05
8.90594e-05
0.000162579
0.000231404
0.000293482
0.000346875
0.000389945
0.00042149
0.000440803
0.000447645
0.000442179
0.000424894
0.000396589
0.000358378
0.000311717
0.00025841
0.000200572
0.000140575
8.09618e-05
2.43382e-05
-2.67455e-05
-6.99172e-05
-0.000103103
-0.000124634
-0.000133336
-0.000128613
-0.000110518
-7.98186e-05
-3.803e-05
1.25935e-05
6.9141e-05
0.00012821
0.00018614
0.000239292
0.000284314
0.000318376
0.000339322
0.000345762
0.000337124
0.000313655
0.00027641
0.000227201
0.000168517
0.000103379
3.51588e-05
-3.26183e-05
-9.6492e-05
-0.000153267
-0.000200181
-0.000235037
-0.000256292
-0.00026311
-0.000255409
-0.000233891
-0.000200076
-0.0001563
-0.000105641
-5.17552e-05
1.38684e-06
4.98029e-05
8.98108e-05
0.000118314
0.000133047
0.000132764
0.000117353
8.78379e-05
4.62557e-05
-4.567e-06
-6.12813e-05
-0.000120254
-0.000177735
-0.00022995
-0.000273177
-0.000303834
-0.000318639
-0.000314816
-0.000290334
-0.000244117
-0.000176213
-8.79147e-05
1.8186e-05
0.000138211
0.000267129
0.000399018
0.000527449
0.000645948
0.000748468
0.000829811
0.000885969
0.000914355
0.00091394
0.000885298
0.000830549
0.000753202
0.000657898
0.00055007
0.000435549
0.000320168
0.000209386
0.000108001
1.99737e-05
-5.16623e-05
-0.00010481
-0.000138274
-0.000151702
-0.000145538
-0.000120966
-7.98409e-05
-2.45766e-05
4.20005e-05
0.000116828
0.000196773
0.000278758
0.000359843
0.000437275
0.000508516
0.000571243
0.000623342
0.000662895
0.000688197
0.000697828
0.00069078
0.000666621
0.000625641
0.000568929
0.000498374
0.000416596
0.000326792
0.00023255
0.000137629
4.57425e-05
-3.96407e-05
-0.000115453
-0.000179148
-0.000228783
-0.000263077
-0.000281443
-0.000283999
-0.000271547
-0.000245536
-0.000207988
-0.000161426
-0.000108779
-5.33081e-05
1.48062e-06
5.19426e-05
9.44567e-05
0.000125639
0.000142593
0.000143176
0.000126248
9.18561e-05
4.1283e-05
-2.30303e-05
-9.76996e-05
-0.00017871
-0.000261765
-0.000342617
-0.000417333
-0.000482498
-0.000535371
-0.000574003
-0.000597308
-0.000605094
-0.000598024
-0.000577505
-0.000545507
-0.000504346
-0.000456481
-0.00040436
-0.000350318
-0.000296544
-0.000245074
-0.000197797
-0.000156447
-0.000122591
-9.7612e-05
-8.26784e-05
-7.86949e-05
-8.62434e-05
-0.000105508
-0.000136208
-0.000177538
-0.000228151
-0.000286161
-0.000349192
-0.000414471
-0.000478976
-0.000539619
-0.000593449
-0.000637849
-0.000670709
-0.000690561
-0.00069667
-0.000689092
-0.000668695
-0.000637123
-0.000596686
-0.00055019
-0.000500744
-0.000451547
-0.000405682
-0.000365948
-0.000334724
-0.00031388
-0.000304706
-0.000307894
-0.000323533
-0.000351123
-0.000389604
-0.000437369
-0.000492235
-0.000551382
-0.000611291
-0.000667759
-0.000716065
-0.000751298
-0.00076881
-0.000764694
-0.000736224
-0.000682181
-0.000603053
-0.000501082
-0.000380136
-0.000245404
-0.000102961
4.07373e-05
0.00017931
0.000306838
0.000418154
0.000509048
0.000576397
0.000618227
0.000633728
0.000623223
0.000588126
0.000530863
0.00045478
0.000363993
0.000263216
0.00015754
5.22035e-05
-4.76344e-05
-0.000137116
-0.000211881
-0.000268252
-0.000303396
-0.000315447
-0.000303566
-0.000267943
-0.000209724
-0.000130887
-3.40983e-05
-3.40983e-05
7.74213e-05
0.000200005
0.000329621
0.000461932
0.000592346
0.000716084
0.000828292
0.000924239
0.00099959
0.00105073
0.00107508
0.00107134
0.00103965
0.000981633
0.00090037
0.000800276
0.000686907
0.000566635
0.000446194
0.000332107
0.000230078
0.000144451
7.78584e-05
3.11452e-05
3.53715e-06
-7.00652e-06
-3.36473e-06
1.11633e-05
3.32079e-05
5.95935e-05
8.75275e-05
0.000114716
0.0001394
0.000160318
0.000176615
0.000187745
0.00019338
0.000193333
0.000187481
0.000175702
0.000157826
0.00013364
0.000102965
6.57862e-05
2.24119e-05
-2.63862e-05
-7.92942e-05
-0.000134457
-0.000189577
-0.000242102
-0.000289477
-0.0003294
-0.000360059
-0.0003803
-0.000389773
-0.000389054
-0.000379725
-0.000364343
-0.000346245
-0.000329167
-0.000316718
-0.000311811
-0.000316197
-0.000330212
-0.000352792
-0.000381725
-0.000414069
-0.000446626
-0.000476331
-0.000500518
-0.000517038
-0.000524262
-0.000521031
-0.000506587
-0.00048055
-0.000442956
-0.000394335
-0.000335807
-0.000269129
-0.00019667
-0.000121288
-4.6118e-05
2.56816e-05
9.11658e-05
0.000147805
0.000193649
0.00022746
0.000248828
0.000258266
0.000257242
0.000248118
0.000233956
0.000218245
0.000204584
0.000196359
0.000196474
0.000207166
0.000229897
0.000265329
0.000313342
0.000373046
0.000442729
0.000519723
0.000600262
0.000679469
0.000751561
0.000810294
0.000849577
0.00086412
0.000849984
0.000804952
0.000728691
0.000622731
0.00049029
0.000335994
0.000165591
-1.43192e-05
-0.000196523
-0.000373465
-0.000537573
-0.000681662
-0.000799362
-0.000885526
-0.000936557
-0.00095063
-0.000927776
-0.000869833
-0.000780276
-0.00066396
-0.000526805
-0.000375473
-0.000217061
-5.8806e-05
9.22223e-05
0.000229447
0.000347135
0.00044075
0.000507261
0.000545324
0.000555308
0.000539147
0.000500092
0.000442371
0.000370843
0.000290672
0.00020702
0.000124772
4.83095e-05
-1.86526e-05
-7.31654e-05
-0.000113082
-0.00013705
-0.000144484
-0.000135521
-0.000110936
-7.20426e-05
-2.05577e-05
4.1511e-05
0.000111951
0.000188386
0.000268296
0.00034905
0.000427951
0.000502325
0.000569614
0.000627477
0.000673868
0.000707103
0.000725906
0.000729461
0.000717472
0.000690224
0.000648633
0.000594244
0.000529202
0.000456168
0.000378171
0.000298424
0.000220108
0.000146148
7.90241e-05
2.06519e-05
-2.76595e-05
-6.51912e-05
-9.17565e-05
-0.000107631
-0.000113487
-0.000110334
-9.94781e-05
-8.24887e-05
-6.11616e-05
-3.74653e-05
-1.34692e-05
8.74083e-06
2.7162e-05
3.99811e-05
4.56756e-05
4.30987e-05
3.15429e-05
1.07744e-05
-1.89656e-05
-5.69852e-05
-0.000102174
-0.000153043
-0.000207783
-0.000264348
-0.000320557
-0.000374208
-0.0004232
-0.00046565
-0.000500003
-0.000525098
-0.000540217
-0.000545112
-0.00054
-0.000525541
-0.000502783
-0.000473088
-0.000438045
-0.000399336
-0.000358613
-0.000317376
-0.000276907
-0.000238251
-0.000202236
-0.000169524
-0.000140668
-0.000116192
-9.66699e-05
-8.28045e-05
-7.54541e-05
-7.55891e-05
-8.41606e-05
-0.000101919
-0.00012924
-0.000165997
-0.000211502
-0.000264517
-0.000323332
-0.000385872
-0.000449824
-0.000512745
-0.000572123
-0.00062539
-0.000669948
-0.000703251
-0.000722957
-0.00072712
-0.00071441
-0.000684278
-0.000637034
-0.000573824
-0.000496524
-0.000407576
-0.000309807
-0.000206254
-0.000100045
5.66751e-06
0.000107736
0.000203037
0.000288523
0.000361335
0.000418997
0.00045968
0.00048247
0.00048759
0.000476499
0.000451818
0.000417106
0.000376499
0.000334305
0.000294555
0.000260564
0.000234547
0.000217342
0.000208336
0.000205647
0.0002065
0.000207713
0.000206152
0.000199105
0.000184508
0.000161035
0.000128091
8.57128e-05
3.44422e-05
-2.48033e-05
-9.08008e-05
-0.000162021
-0.000236585
-0.00031223
-0.000386345
-0.000456092
-0.000518628
-0.000571373
-0.00061231
-0.000640235
-0.000654913
-0.000657062
-0.000648178
-0.000630218
-0.000605242
-0.000575105
-0.000541299
-0.000504946
-0.000466903
-0.000427905
-0.000388722
-0.000350249
-0.000313528
-0.000279687
-0.000249843
-0.000224968
-0.000205766
-0.000192593
-0.000185433
-0.000183901
-0.000187262
-0.000194477
-0.000204256
-0.000215129
-0.000225538
-0.000225538
-0.000233943
-0.000238931
-0.000239311
-0.000234194
-0.000223062
-0.000205826
-0.000182829
-0.00015483
-0.000122932
-8.8487e-05
-5.30053e-05
-1.80795e-05
1.47162e-05
4.39773e-05
6.86171e-05
8.79309e-05
0.000101584
0.000109596
0.000112369
0.00011071
0.000105824
9.92038e-05
9.24737e-05
8.71922e-05
8.46993e-05
8.60111e-05
9.17478e-05
0.000102085
0.000116751
0.000135091
0.000156192
0.000179023
0.000202541
0.000225758
0.000247772
0.000267788
0.000285129
0.000299265
0.000309813
0.000316553
0.000319454
0.000318728
0.000314861
0.000308606
0.000300936
0.000292952
0.000285772
0.000280438
0.000277849
0.000278723
0.000283576
0.000292726
0.000306306
0.000324287
0.000346483
0.000372554
0.000401987
0.000434092
0.000468018
0.000502775
0.000537271
0.000570315
0.000600602
0.000626695
0.000647025
0.000659945
0.000663859
0.000657388
0.000639558
0.000609955
0.00056883
0.000517155
0.000456637
0.000389698
0.000319411
0.000249361
0.000183408
0.000125384
7.87483e-05
4.62452e-05
2.96208e-05
2.94441e-05
4.50714e-05
7.47539e-05
0.000115862
0.000165182
0.000219225
0.000274486
0.000327645
0.000375712
0.000416114
0.000446762
0.000466113
0.000473235
0.000467869
0.000450447
0.000422072
0.000384447
0.000339747
0.000290459
0.000239199
0.00018852
0.000140724
9.76767e-05
6.06716e-05
3.03607e-05
6.77806e-06
-1.05579e-05
-2.2494e-05
-3.00932e-05
-3.451e-05
-3.68842e-05
-3.82408e-05
-3.93965e-05
-4.08803e-05
-4.28788e-05
-4.52303e-05
-4.74829e-05
-4.90151e-05
-4.91944e-05
-4.75376e-05
-4.38448e-05
-3.82795e-05
-3.13717e-05
-2.39382e-05
-1.69498e-05
-1.13828e-05
-8.08133e-06
-7.64506e-06
-1.03548e-05
-1.61408e-05
-2.4587e-05
-3.49726e-05
-4.6363e-05
-5.7744e-05
-6.8171e-05
-7.6908e-05
-8.35499e-05
-8.81007e-05
-9.09738e-05
-9.29113e-05
-9.48454e-05
-9.77186e-05
-0.000102291
-0.000108978
-0.000117742
-0.000128067
-0.000139007
-0.000149339
-0.00015775
-0.000163024
-0.000164195
-0.00016064
-0.000152103
-0.000138665
-0.000120685
-9.8747e-05
-7.35918e-05
-4.608e-05
-1.71761e-05
1.20548e-05
4.04657e-05
6.687e-05
9.01197e-05
0.000109227
0.000123533
0.000132882
0.000137768
0.000139377
0.000139496
0.000140292
0.000143975
0.000152434
0.000166895
0.000187673
0.00021409
0.000244562
0.000276858
0.000308438
0.000336807
0.000359795
0.000375744
0.000383569
0.000382739
0.000373208
0.000355327
0.000329742
0.000297299
0.00025896
0.000215728
0.000168576
0.000118398
6.60035e-05
1.21466e-05
-4.24264e-05
-9.69106e-05
-0.000150377
-0.000201722
-0.000249638
-0.000292629
-0.000329071
-0.000357354
-0.000376076
-0.000384224
-0.000381324
-0.000367505
-0.000343503
-0.000310618
-0.000270643
-0.000225802
-0.000178681
-0.000132143
-8.92138e-05
-5.29125e-05
-2.60526e-05
-1.10288e-05
-9.62527e-06
-2.28645e-05
-5.09063e-05
-9.29862e-05
-0.000147386
-0.000211453
-0.000281693
-0.000353968
-0.000423779
-0.000486619
-0.000538316
-0.000575359
-0.000595155
-0.000596225
-0.000578312
-0.000542374
-0.000490463
-0.000425516
-0.000351082
-0.00027105
-0.000189403
-0.000110021
-3.65138e-05
2.79043e-05
8.05183e-05
0.00011919
0.000142422
0.000149415
0.000140115
0.000115246
7.63058e-05
2.55191e-05
-3.42603e-05
-9.97136e-05
-0.000167253
-0.000233229
-0.000294139
-0.000346815
-0.000388574
-0.000417328
-0.000431658
-0.000430872
-0.000415017
-0.000384866
-0.000341879
-0.000288127
-0.000226183
-0.000158971
-8.96136e-05
-2.12532e-05
4.31348e-05
0.000100924
0.000149988
0.000188799
0.000216467
0.00023272
0.000237842
0.000232589
0.000218113
0.000195881
0.000167603
0.000135159
0.00010051
6.55904e-05
3.21732e-05
1.71252e-06
-2.48042e-05
-4.6934e-05
-6.47612e-05
-7.87979e-05
-8.98335e-05
-9.87736e-05
-0.000106505
-0.000113806
-0.000121295
-0.000129421
-0.00013845
-0.000148443
-0.000159192
-0.00017013
-0.000180248
-0.000188098
-0.000191916
-0.000189839
-0.000180179
-0.000161696
-0.000133837
-9.69496e-05
-5.24572e-05
-2.94496e-06
4.79122e-05
9.56318e-05
0.000135384
0.000162536
0.000173182
0.000164604
0.000135689
8.72834e-05
2.24374e-05
-5.35996e-05
-0.00013373
-0.000209701
-0.000273016
-0.000315865
-0.000331974
-0.000317323
-0.000317323
-0.000270743
-0.00019432
-9.34456e-05
2.36151e-05
0.000146688
0.000265026
0.000368724
0.00044988
0.000503286
0.000526592
0.000519995
0.000485573
0.000426425
0.0003458
0.00024642
0.000130184
-1.68726e-06
-0.000148108
-0.000307337
-0.000476102
-0.000648831
-0.000817228
-0.00097041
-0.00109574
-0.0011803
-0.00121271
-0.00118499
-0.001094
-0.000942272
-0.000737958
-0.000493974
-0.000226496
4.68526e-05
0.000308766
0.000543672
0.000738679
0.000884133
0.000973903
0.00100551
0.00098015
0.000902484
0.000780277
0.000623715
0.000444515
0.000254886
6.64277e-05
-0.000110873
-0.000269359
-0.000403951
-0.000511899
-0.000592122
-0.000644384
-0.000668584
-0.000664409
-0.000631416
-0.000569502
-0.000479571
-0.000364205
-0.000228074
-7.793e-05
7.7842e-05
0.000230035
0.000369581
0.000488466
0.000580408
0.000641219
0.000668843
0.000663152
0.000625606
0.000558889
0.000466603
0.000353068
0.000223221
8.25548e-05
-6.29534e-05
-0.000206945
-0.000342848
-0.000464122
-0.000564589
-0.000638802
-0.000682436
-0.000692615
-0.000668137
-0.000609578
-0.00051928
-0.000401246
-0.000260976
-0.000105267
5.80187e-05
0.000220277
0.000372604
0.000506356
0.000613795
0.000688751
0.000727188
0.000727569
0.000690951
0.000620786
0.000522491
0.000402864
0.00026948
0.00013013
-7.6355e-06
-0.000136877
-0.000251547
-0.000346694
-0.000418594
-0.000464801
-0.000484142
-0.000476675
-0.000443615
-0.000387208
-0.000310588
-0.000217605
-0.000112657
-5.10797e-07
0.000113877
0.00022553
0.000329641
0.000421756
0.000497955
0.000555015
0.000590555
0.000603156
0.000592452
0.000559164
0.000505068
0.000432892
0.000346148
0.000248938
0.00014574
4.12013e-05
-6.00737e-05
-0.000153715
-0.000235759
-0.000302789
-0.000352048
-0.000381524
-0.000390027
-0.000377244
-0.000343779
-0.000291142
-0.000221699
-0.000138584
-4.55539e-05
5.31852e-05
0.000153171
0.000249881
0.000338932
0.000416275
0.000478372
0.000522365
0.000546228
0.000548884
0.000530273
0.000491372
0.000434155
0.000361513
0.000277117
0.000185237
9.0503e-05
-2.36209e-06
-8.88125e-05
-0.000164737
-0.000226685
-0.000272028
-0.000299071
-0.000307078
-0.00029626
-0.000267695
-0.000223223
-0.000165321
-9.69649e-05
-2.14853e-05
5.75849e-05
0.000136648
0.000212171
0.000280816
0.000339569
0.000385873
0.000417745
0.000433866
0.000433646
0.000417259
0.000385627
0.000340371
0.000283721
0.000218399
0.000147471
7.41946e-05
1.86529e-06
-6.63291e-05
-0.000127454
-0.000178957
-0.000218766
-0.000245377
-0.000257905
-0.000256124
-0.000240456
-0.000211946
-0.000172202
-0.000123314
-6.77388e-05
-8.18921e-06
5.25069e-05
0.000111537
0.000166224
0.000214137
0.000253197
0.000281763
0.000298694
0.000303395
0.000295835
0.00027654
0.000246561
0.000207426
0.000161065
0.000109706
5.5765e-05
1.72736e-06
-4.99647e-05
-9.70266e-05
-0.00013743
-0.000169489
-0.000191938
-0.000203978
-0.000205301
-0.0001961
-0.000177049
-0.000149259
-0.000114219
-7.37227e-05
-2.97723e-05
1.55121e-05
5.99884e-05
0.000101592
0.000138432
0.000168872
0.000191595
0.000205662
0.000210548
0.000206155
0.000192803
0.000171215
0.000142482
0.000108002
6.94081e-05
2.8492e-05
-1.28791e-05
-5.28466e-05
-8.96462e-05
-0.000121691
-0.000147641
-0.000166459
-0.000177456
-0.000180313
-0.000175088
-0.000162204
-0.000142422
-0.000116806
-8.66671e-05
-5.34975e-05
-1.89013e-05
1.5485e-05
4.80683e-05
7.73664e-05
0.000102071
0.000121106
0.000133678
0.000139303
0.000137824
0.00012941
0.000114544
9.39938e-05
6.87735e-05
4.00953e-05
9.30855e-06
-2.21717e-05
-5.29278e-05
-8.15966e-05
-0.00010693
-0.000127855
-0.000143521
-0.000153338
-0.000156995
-0.000154462
-0.000145985
-0.000132077
-0.000113492
-9.1193e-05
-6.62919e-05
-3.99959e-05
-1.35501e-05
1.1819e-05
3.49565e-05
5.48286e-05
7.05696e-05
8.15191e-05
8.72462e-05
8.75661e-05
8.25468e-05
7.24991e-05
5.79562e-05
3.96488e-05
1.84708e-05
-4.56654e-06
-2.83859e-05
-5.18978e-05
-7.40502e-05
-9.38727e-05
-0.000110519
-0.000123304
-0.000131727
-0.000135495
-0.000134532
-0.000128979
-0.000119184
-0.00010568
-8.91612e-05
-7.04455e-05
-5.0437e-05
-3.00813e-05
-3.00813e-05
-1.03208e-05
7.94728e-06
2.39097e-05
3.68733e-05
4.62967e-05
5.18112e-05
5.18112e-05
