-5.90646e-11
-2.57808e-09
-3.29191e-08
-2.24301e-07
-1.0009e-06
-3.24836e-06
-8.19044e-06
-1.68318e-05
-2.92956e-05
-4.4594e-05
-6.09645e-05
-7.64162e-05
-8.91762e-05
-9.80313e-05
-0.000102594
-0.000103345
-0.000101325
-9.75716e-05
-9.26093e-05
-8.62702e-05
-7.79287e-05
-6.70002e-05
-5.34247e-05
-3.7886e-05
-2.16776e-05
-6.32628e-06
6.82047e-06
1.68894e-05
2.36008e-05
2.71992e-05
2.82121e-05
2.71235e-05
2.41231e-05
1.90616e-05
1.16276e-05
1.63967e-06
-1.07009e-05
-2.47195e-05
-3.93718e-05
-5.34832e-05
-6.60168e-05
-7.62621e-05
-8.38866e-05
-8.88575e-05
-9.12809e-05
-9.12259e-05
-8.86112e-05
-8.32111e-05
-7.478e-05
-6.3227e-05
-4.87486e-05
-3.1857e-05
-1.32988e-05
6.09846e-06
2.55883e-05
4.46193e-05
6.2861e-05
8.01448e-05
9.63582e-05
0.000111349
0.000124882
0.000136663
0.000146421
0.000154022
0.00015954
0.000163269
0.000165669
0.000167269
0.000168574
0.000169988
0.000171788
0.000174137
0.000177121
0.000180768
0.000185037
0.000189788
0.000194731
0.000199407
0.000203211
0.000205459
0.000205477
0.00020269
0.000196675
0.000187159
0.000173976
0.000156992
0.000136062
0.000111009
8.1673e-05
4.80039e-05
1.01594e-05
-3.1426e-05
-7.60444e-05
-0.000122795
-0.000170718
-0.00021893
-0.000266733
-0.000313642
-0.000359347
-0.000403607
-0.000446119
-0.00048642
-0.000523852
-0.000557602
-0.000586805
-0.000610665
-0.000628565
-0.000640121
-0.000645201
-0.00064389
-0.000636434
-0.000623174
-0.000604468
-0.000580632
-0.00055188
-0.000518284
-0.00047977
-0.000436172
-0.00038735
-0.000333332
-0.000274456
-0.000211447
-0.000145395
-7.76151e-05
-9.42634e-06
5.80892e-05
0.000124294
0.000189109
0.000253022
0.000316988
0.000382269
0.00045022
0.000522081
0.000598796
0.000680884
0.000768358
0.000860695
0.000956832
0.00105519
0.00115371
0.00124984
0.00134052
0.00142219
0.00149086
0.00154223
0.00157197
0.00157604
0.00155106
0.00149477
0.00140615
0.00128544
0.0011337
0.000952093
0.000741304
0.000501206
0.000231245
-6.84373e-05
-0.000395349
-0.000742976
-0.00109979
-0.0014495
-0.00177265
-0.0020494
-0.00226262
-0.00240052
-0.00245805
-0.00243683
-0.00234356
-0.00218788
-0.00198019
-0.00173028
-0.00144691
-0.00113834
-0.000813125
-0.000480705
-0.000151269
0.000165102
0.000459743
0.000726653
0.000963226
0.00117021
0.00135092
0.00151001
0.00165197
0.00177995
0.00189471
0.00199433
0.00207436
0.00212875
0.00215127
0.00213735
0.00208597
0.00200129
0.00189326
0.00177707
0.00167103
0.00159355
0.00155987
0.00157955
0.0016554
0.00178428
0.00195896
0.00216951
0.0023998
0.0026163
0.00275741
0.00274244
0.00250681
0.00203633
0.0013686
0.000567265
-0.000299493
-0.00116704
-0.00198387
-0.00272512
-0.00339434
-0.00400636
-0.0045625
-0.00503461
-0.00536791
-0.00550139
-0.00539444
-0.00504555
-0.00449401
-0.00380544
-0.00305089
-0.00228985
-0.00156122
-0.000881744
-0.000251893
0.000331642
0.000862096
0.00131532
0.00165371
0.0018393
0.00184901
0.00168421
0.00137078
0.000950592
0.000469195
-3.47605e-05
-0.000534821
-0.001016
-0.00146935
-0.00188443
-0.00224324
-0.00251867
-0.00267906
-0.00269685
-0.00255741
-0.00226389
-0.00183614
-0.0013047
-0.000702869
-6.00375e-05
0.000601443
0.00126535
0.00191784
0.00254289
0.00311931
0.00362071
0.00401887
0.00428908
0.00441521
0.00439259
0.00422753
0.00393421
0.00353036
0.00303367
0.00246002
0.00182354
0.00113753
0.000414872
-0.000332979
-0.00109763
-0.0018743
-0.00265943
-0.00344531
-0.00421356
-0.00493041
-0.00554657
-0.00600293
-0.00624153
-0.00621885
-0.00591723
-0.00535026
-0.00456009
-0.00360749
-0.00255835
-0.0014715
-0.000391778
0.00065004
0.00163188
0.00253291
0.00332776
0.0039851
0.00447124
0.00475716
0.00482622
0.00467934
0.00433551
0.00382708
0.00319119
0.00246012
0.00165475
0.000784436
-0.000145877
-0.00112391
-0.00211911
-0.00307759
-0.00392617
-0.00458494
-0.00498495
-0.00508531
-0.00488366
-0.00441596
-0.00374544
-0.00294485
-0.00207891
-0.00119355
-0.000315356
0.000540359
0.000540359
0.00135776
0.00211108
0.00276192
0.00326395
0.00357291
0.0036573
0.00350569
0.00312793
0.00255066
0.00181002
0.000945645
-1.35922e-06
-0.000986132
-0.00195593
-0.00284791
-0.00359183
-0.00411857
-0.00437237
-0.00432293
-0.00397307
-0.00335905
-0.00254315
-0.0016009
-0.000607012
0.000375543
0.00130041
0.00213641
0.00286191
0.00345848
0.00390697
0.00418774
0.00428453
0.00419004
0.00391054
0.00346749
0.0028952
0.00223532
0.00153027
0.000817791
0.000128318
-0.000514541
-0.00109142
-0.00158428
-0.00197469
-0.00224429
-0.00237717
-0.00236311
-0.00220045
-0.00189729
-0.00147095
-0.000946057
-0.000352365
0.000276823
0.000905574
0.00149626
0.00201142
0.00241705
0.00268673
0.00280572
0.00277341
0.00260313
0.00231906
0.00195097
0.0015284
0.00107632
0.000613519
0.000153956
-0.000289867
-0.000703462
-0.00106854
-0.00136389
-0.00156898
-0.00166923
-0.00166126
-0.00155589
-0.00137735
-0.00115803
-0.000930334
-0.000718431
-0.000532606
-0.000368167
-0.000209022
-3.46073e-05
0.000172244
0.000419194
0.000702043
0.00100662
0.00131358
0.00160326
0.00185796
0.00205999
0.00218753
0.0022118
0.00209961
0.0018219
0.00136598
0.000746545
1.08143e-05
-0.000765157
-0.00148927
-0.00207205
-0.00244553
-0.00257643
-0.00246971
-0.00216254
-0.00171196
-0.00118069
-0.000625201
-8.84564e-05
0.000402189
0.000833066
0.00120029
0.00150579
0.00175423
0.00195096
0.00210055
0.00220554
0.00226571
0.00227827
0.00223912
0.00214517
0.00199675
0.001799
0.00156163
0.00129715
0.00101839
0.000736373
0.000459386
0.000193388
-5.64812e-05
-0.000284071
-0.000481063
-0.000637217
-0.000742105
-0.000787645
-0.000770302
-0.000692009
-0.000559463
-0.000382229
-0.000170612
6.56984e-05
0.000317582
0.000575127
0.000825698
0.00105257
0.00123508
0.00135086
0.00137956
0.00130747
0.00113128
0.000860036
0.000514478
0.000123808
-0.000279028
-0.000662236
-0.000998941
-0.00126905
-0.00145919
-0.00156131
-0.00157088
-0.00148554
-0.00130482
-0.00103091
-0.000670022
-0.000233951
0.000258727
0.000781991
0.00130252
0.00178112
0.00217579
0.00244671
0.00256224
0.0025048
0.00227468
0.00189059
0.00138621
0.000803391
0.000183788
-0.00043855
-0.0010411
-0.00161208
-0.0021456
-0.00263499
-0.00306735
-0.00342159
-0.00367095
-0.00378897
-0.00375676
-0.00356871
-0.00323459
-0.00277748
-0.00222844
-0.00162009
-0.000981527
-0.00033606
0.000297934
0.000904273
0.00146612
0.00196468
0.00238025
0.00269509
0.002897
0.00298193
0.00295455
0.00282655
0.00261354
0.00233167
0.00199529
0.00161632
0.00120486
0.000770214
0.000321084
-0.000135613
-0.000596247
-0.00106055
-0.00152896
-0.00199761
-0.0024531
-0.00286959
-0.00321031
-0.00343418
-0.00350613
-0.0034082
-0.00314733
-0.00275651
-0.00228841
-0.00180332
-0.00135561
-0.00098304
-0.0007022
-0.000510566
-0.000393576
-0.000333232
-0.000314797
-0.000329359
-0.000372147
-0.000438344
-0.000519086
-0.000599987
-0.00066308
-0.00069135
-0.000673742
-0.000608335
-0.000502225
-0.000368069
-0.000218712
-6.21156e-05
0.000101266
0.000277406
0.000474008
0.000693696
0.000927736
0.00115331
0.00133639
0.00144011
0.00143592
0.00131347
0.00108554
0.000785837
0.000460346
0.000154868
-9.70635e-05
-0.000281763
-0.000405912
-0.000490022
-0.000557484
-0.000623458
-0.000687682
-0.000733716
-0.000734795
-0.000664405
-0.000508292
-0.000273907
6.4152e-06
0.000280545
0.000488932
0.00058031
0.000525336
0.000323635
2.24915e-06
-0.000393545
-0.000813651
-0.00121623
-0.00157622
-0.00188696
-0.00215529
-0.00239259
-0.00260543
-0.00278917
-0.00292626
-0.00298942
-0.00294793
-0.00277469
-0.00245195
-0.00197474
-0.00135204
-0.000606041
0.00022958
0.00111216
0.00199306
0.00282116
0.00354689
0.00412643
0.00452553
0.00472203
0.00470675
0.00448237
0.00406126
0.00346309
0.00271328
0.00184262
0.000887676
-0.000108823
-0.00109852
-0.00202944
-0.0028495
-0.00351075
-0.00397341
-0.0042087
-0.00419993
-0.00394214
-0.0034412
-0.0034412
-0.00271347
-0.001787
-0.00070357
0.000479978
0.00169349
0.00285936
0.00390159
0.00475592
0.00537792
0.00574691
0.0058647
0.00574971
0.00542871
0.00492938
0.00427632
0.00349162
0.00259878
0.00162756
0.000616763
-0.000387037
-0.00133465
-0.00218179
-0.00289624
-0.00346201
-0.00387916
-0.00415929
-0.0043184
-0.0043697
-0.0043187
-0.00416211
-0.00389047
-0.0034936
-0.00296673
-0.00231551
-0.00155854
-0.000727176
0.000137058
0.000986369
0.00177106
0.00244375
0.00296322
0.00329786
0.0034288
0.00335238
0.00308141
0.0026445
0.00208299
0.00144554
0.000781685
0.000135756
-0.000457049
-0.000971534
-0.00139031
-0.00169967
-0.00188555
-0.00193158
-0.00182058
-0.00153931
-0.00108507
-0.000471589
0.000267885
0.00108196
0.0019068
0.00267496
0.00332484
0.00380842
0.00409545
0.00417356
0.00404503
0.00372196
0.00322173
0.00256429
0.00177194
0.000871149
-0.000104888
-0.00111429
-0.00210655
-0.00302509
-0.00381208
-0.00441434
-0.00478926
-0.00490915
-0.00476361
-0.00435963
-0.00372008
-0.00288124
-0.00189027
-0.00080288
0.000318966
0.00140969
0.0024037
0.00324009
0.00386806
0.00425224
0.00437695
0.00424833
0.00389348
0.00335664
0.00269293
0.00196104
0.00121612
0.000504226
-0.000140816
-0.000697814
-0.00115622
-0.0015127
-0.00176752
-0.00192187
-0.00197693
-0.00193446
-0.00179855
-0.0015774
-0.00128438
-0.000937846
-0.000559664
-0.000173059
0.000199495
0.000537771
0.000824505
0.00104555
0.00118989
0.0012499
0.00122206
0.00110774
0.000913763
0.00065201
0.000337902
-1.19685e-05
-0.000382448
-0.000761823
-0.00114251
-0.00152013
-0.00189133
-0.00225102
-0.00259021
-0.00289507
-0.00314779
-0.00332881
-0.00341987
-0.00340683
-0.00328163
-0.00304301
-0.00269609
-0.00225146
-0.001724
-0.00113212
-0.000497151
0.000157252
0.000806078
0.00142451
0.00198989
0.00248359
0.00289215
0.00320737
0.00342535
0.00354497
0.0035665
0.00349093
0.00332132
0.0030686
0.0027642
0.00247214
0.002281
0.00226465
0.00243683
0.00273928
0.00306833
0.00330824
0.00335327
0.00312898
0.00261585
0.00185691
0.000937511
-5.21954e-05
-0.00105042
-0.00203608
-0.00301612
-0.00399702
-0.00495719
-0.00583477
-0.00653579
-0.0069562
-0.00700659
-0.00663173
-0.00582191
-0.00461289
-0.00307301
-0.00128212
0.000687084
0.00277607
0.00493333
0.00709819
0.00918464
0.0110737
0.0126185
0.0136627
0.0140653
0.0137285
0.0126196
0.0107813
0.00832837
0.00542917
0.00228023
-0.000920501
-0.00399419
-0.00679292
-0.00920306
-0.0111428
-0.0125571
-0.0134121
-0.0136927
-0.013401
-0.0125575
-0.0112004
-0.00938532
-0.00718343
-0.00467932
-0.00197041
0.000832787
0.00360634
0.00621431
0.00851355
0.0103625
0.0116327
0.0122213
0.0120606
0.0111234
0.00942284
0.00700862
0.00396192
0.000391606
-0.0035666
-0.00774882
-0.0119622
-0.015988
-0.0195925
-0.0225441
-0.0246358
-0.0257077
-0.0256625
-0.0244738
-0.0221831
-0.018889
-0.0147346
-0.00989406
-0.00456433
0.00103925
0.00668551
0.0121315
0.0171306
0.0214458
0.024866
0.0272223
0.0284003
0.0283471
0.0270717
0.0246411
0.0211742
0.0168353
0.011828
0.00638788
0.000772463
-0.00475283
-0.00993276
-0.0145419
-0.0184019
-0.0213917
-0.0234492
-0.0245619
-0.0247539
-0.0240699
-0.0225644
-0.0202974
-0.0173375
-0.013769
-0.00970003
-0.00526653
-0.000629791
0.00403211
0.00853719
0.0127126
0.0164045
0.0194829
0.0218425
0.0234006
0.0240958
0.0238886
0.0227641
0.0207367
0.0178552
0.0142057
0.00991146
0.00513078
5.12162e-05
-0.00511675
-0.0101476
-0.0148104
-0.0188805
-0.0221542
-0.0244645
-0.0256945
-0.0257865
-0.0247437
-0.0226266
-0.0195442
-0.0156438
-0.0111014
-0.00611305
-0.000888886
0.00435145
0.00938462
0.0139915
0.0179676
0.0211356
0.0233563
0.0245372
0.0246368
0.0236647
0.0216792
0.0187829
0.0151176
0.0108591
0.0108591
0.00621252
0.00140628
-0.00331656
-0.00771097
-0.0115473
-0.0146313
-0.0168221
-0.0180447
-0.0182926
-0.0176202
-0.0161269
-0.0139372
-0.0111826
-0.00799081
-0.00448441
-0.000787775
0.00296291
0.00661252
0.00998798
0.0129087
0.0152049
0.0167379
0.0174179
0.0172126
0.0161468
0.0142937
0.0117612
0.0086792
0.00519081
0.00144769
-0.00239049
-0.00615654
-0.00967842
-0.0127858
-0.0153203
-0.0171466
-0.0181636
-0.0183111
-0.0175723
-0.0159727
-0.0135755
-0.0104769
-0.00680176
-0.00269981
0.00165752
0.00608204
0.010376
0.0143422
0.017796
0.0205775
0.022562
0.0236667
0.0238536
0.0231277
0.0215337
0.0191505
0.0160867
0.0124754
0.00847062
0.00424204
-3.03856e-05
-0.00416349
-0.00797901
-0.0113123
-0.0140207
-0.0159927
-0.0171552
-0.0174831
-0.0170056
-0.0158091
-0.0140311
-0.0118446
-0.00943439
-0.00697228
-0.00459603
-0.00239844
-0.000429058
0.00129265
0.00275768
0.0039494
0.00483405
0.0053636
0.00548937
0.00518064
0.00444049
0.00331275
0.00187788
0.000239744
-0.00149139
-0.00321368
-0.0048421
-0.00630911
-0.00755978
-0.00854573
-0.00922223
-0.0095508
-0.00950621
-0.00908437
-0.00830696
-0.00721959
-0.00588351
-0.00436346
-0.00271639
-0.000985409
0.000798589
0.00260857
0.0044103
0.00615409
0.00777416
0.00919701
0.0103565
0.0112099
0.0117488
0.0120007
0.0120209
0.0118768
0.0116324
0.0113352
0.0110125
0.0106738
0.0103148
0.00991834
0.00944947
0.00884824
0.00803009
0.00690022
0.00538191
0.00345035
0.00115931
-0.00135127
-0.00387355
-0.0061747
-0.00805274
-0.0093868
-0.0101623
-0.0104611
-0.0104202
-0.010176
-0.00981698
-0.00936144
-0.00876871
-0.00797539
-0.00694017
-0.00567733
-0.00426523
-0.002827
-0.00149239
-0.000357179
0.000543145
0.00123557
0.00178823
0.00227582
0.00274624
0.00320027
0.00358967
0.00383174
0.00383414
0.00352153
0.00285656
0.00184997
0.000558564
-0.000926271
-0.00249499
-0.00403646
-0.00545164
-0.00666272
-0.00761749
-0.00828901
-0.00867176
-0.00877545
-0.00861882
-0.00822491
-0.00761873
-0.0068267
-0.00587684
-0.00479833
-0.0036204
-0.002371
-0.00107606
0.000240053
0.00155316
0.00283738
0.00406384
0.00520104
0.00621773
0.00708803
0.00779692
0.00834301
0.00873477
0.00897923
0.00906639
0.00895725
0.00858436
0.00786855
0.00674809
0.0052101
0.00331252
0.0011876
-0.000976578
-0.00297256
-0.0046169
-0.00578603
-0.00643231
-0.00657626
-0.00628107
-0.00562288
-0.00467098
-0.00348573
-0.00213149
-0.000693939
0.000711227
0.00194687
0.00287992
0.003415
0.00352249
0.00324836
0.00270017
0.0020132
0.00130954
0.000666108
0.000104057
-0.000397451
-0.000870538
-0.00132561
-0.00173097
-0.00201362
-0.00208061
-0.00185132
-0.00128761
-0.000410178
0.000704383
0.00194335
0.00318586
0.00432789
0.00529587
0.00604608
0.00655408
0.006802
0.00677104
0.00644249
0.00580564
0.00486788
0.00366189
0.00224669
0.000702412
-0.00087895
-0.00240305
-0.00378003
-0.0049276
-0.00577181
-0.00624873
-0.00631003
-0.00593308
-0.00513273
-0.00396892
-0.00254493
-0.000994297
0.000540811
0.00193336
0.00309
0.0039587
0.00452364
0.00479022
0.0047667
0.00445065
0.00382592
0.00287187
0.00158062
-2.4948e-05
-0.00188061
-0.00388239
-0.00590016
-0.00779826
-0.00945587
-0.0107807
-0.0117128
-0.0122189
-0.0122823
-0.0118941
-0.011049
-0.00974975
-0.00801626
-0.00589673
-0.00347533
-0.000873383
0.00175766
0.00424976
0.00643549
0.0081651
0.00932085
0.00982755
0.00965902
0.00884003
0.00744264
0.00557651
0.00337366
0.000970532
-0.001508
-0.00395804
-0.0062966
-0.00845253
-0.0103527
-0.0119101
-0.0130197
-0.0135665
-0.0134442
-0.0125794
-0.0109537
-0.00861536
-0.00567625
-0.00229621
0.00134072
0.0050492
0.0086582
0.0120164
0.0149898
0.0174563
0.0193036
0.0204342
0.020776
0.0202966
0.0190146
0.0190146
0.0170033
0.0143837
0.0113107
0.00795404
0.00448138
0.00104645
-0.00221608
-0.00519029
-0.0077766
-0.00989045
-0.0114641
-0.012451
-0.0128307
-0.012611
-0.0118275
-0.010539
-0.00882367
-0.00677525
-0.00449776
-0.00209677
0.000327273
0.00267836
0.00486
0.00677436
0.00832789
0.00943846
0.0100412
0.0100946
0.00958627
0.00853726
0.0070012
0.00505845
0.00280707
0.000354017
-0.00219074
-0.00471615
-0.00711002
-0.0092599
-0.0110573
-0.0124052
-0.0132264
-0.0134719
-0.0131269
-0.0122124
-0.0107842
-0.00892665
-0.0067444
-0.00435467
-0.00188034
0.000555262
0.00283278
0.00484199
0.00648805
0.00769852
0.00842939
0.0086684
0.00843457
0.00777389
0.00675228
0.00544747
0.00394171
0.0023169
0.000652478
-0.000974665
-0.00249021
-0.00382411
-0.00491478
-0.00571501
-0.0061976
-0.00635841
-0.00621541
-0.00580383
-0.00516886
-0.00435804
-0.00341573
-0.00238088
-0.00128836
-0.000172482
0.000929331
0.00197493
0.00291884
0.00371649
0.00432972
0.00473163
0.00490937
0.00486414
0.00460878
0.00416401
0.00355456
0.00280649
0.00194615
0.00100101
1.17124e-06
-0.00101949
-0.00202355
-0.00297181
-0.00382611
-0.00455194
-0.00512012
-0.00550729
-0.00569569
-0.00567287
-0.00543214
-0.00497389
-0.00430789
-0.00345555
-0.00245111
-0.00134075
-0.000179114
0.000975889
0.00206898
0.00305241
0.00388903
0.00455299
0.00502866
0.00530845
0.00539053
0.00527787
0.00498019
0.00451796
0.00392496
0.00324554
0.00252824
0.00181966
0.00116071
0.000584213
0.000113568
-0.00023603
-0.000454363
-0.000533197
-0.000465774
-0.000249261
0.000111199
0.000599223
0.00118679
0.00183739
0.00251179
0.00317434
0.00379777
0.00436549
0.00487128
0.00531684
0.00570779
0.00604946
0.00634324
0.00658354
0.00675456
0.00682702
0.00675611
0.00648328
0.0059435
0.00507778
0.00384845
0.00225329
0.000334619
-0.0018196
-0.00408365
-0.00630984
-0.0083489
-0.0100703
-0.0113779
-0.0122176
-0.0125769
-0.0124779
-0.0119657
-0.0110969
-0.00992927
-0.00851521
-0.00690003
-0.00512447
-0.00323005
-0.00126474
0.000713176
0.0026344
0.00442144
0.00599398
0.00727566
0.00820097
0.00872114
0.00880823
0.00845726
0.00768618
0.0065345
0.00506057
0.00333798
0.00145103
-0.00051055
-0.00245708
-0.0043039
-0.00597513
-0.00740565
-0.00854116
-0.00933665
-0.00975425
-0.0097619
-0.00933451
-0.00845852
-0.00713946
-0.00541032
-0.00333759
-0.00102153
0.00141077
0.00381851
0.00606313
0.00802257
0.00960042
0.0107288
0.0113667
0.0114958
0.0111185
0.0102576
0.00895829
0.00729055
0.00534737
0.00323831
0.00107789
-0.00102783
-0.00299201
-0.00475175
-0.00626543
-0.00750424
-0.0084419
-0.0090468
-0.00928046
-0.00910351
-0.00848782
-0.00743054
-0.0059649
-0.00416328
-0.0021308
8.8991e-06
0.00213108
0.00412504
0.00590278
0.00739983
0.00857
0.00937807
0.00979453
0.00979541
0.0093673
0.00851528
0.00727016
0.00569169
0.00386585
0.00189677
-0.000104377
-0.00203012
-0.00378462
-0.00528766
-0.00647563
-0.00730164
-0.00773631
-0.00777002
-0.00741553
-0.0067093
-0.00570961
-0.00449063
-0.00313303
-0.00171324
-0.00029461
0.001077
0.00237187
0.00357051
0.00465584
0.0056065
0.00639388
0.00698363
0.00734116
0.00743885
0.00726258
0.00681544
0.00611768
0.00520348
0.00411615
0.00290322
0.00161269
0.000290634
-0.00101962
-0.0022772
-0.00344266
-0.00447686
-0.00534079
-0.0059965
-0.00640951
-0.00655198
-0.00640655
-0.00596987
-0.00525531
-0.00429391
-0.00313315
-0.00183335
-0.000462251
0.000911312
0.00222336
0.00341905
0.00445468
0.00529747
0.0059236
0.00631545
0.00645831
0.00633759
0.00593758
0.00524313
0.00424477
0.00294615
0.00137159
-0.000429038
-0.00238002
-0.00438469
-0.00633501
-0.00812371
-0.00965597
-0.0108578
-0.0116789
-0.0120912
-0.0120835
-0.0116575
-0.0108246
-0.00960718
-0.00804045
-0.0061741
-0.00407244
-0.00407244
-0.00181308
0.000514554
0.00281025
0.00496414
0.00686005
0.00838298
0.00943138
0.00993269
0.00985857
0.00923472
0.00814108
0.00670041
0.00505664
0.0033482
0.00168317
0.000123529
-0.00131688
-0.00266038
-0.00394336
-0.00519082
-0.00639491
-0.0075039
-0.00842507
-0.00904138
-0.00923747
-0.00892755
-0.00807739
-0.00671475
-0.00492645
-0.0028437
-0.000620506
0.00158907
0.00364924
0.00545311
0.00692522
0.00801817
0.00870673
0.00898255
0.00885121
0.00833162
0.00745689
0.00627498
0.00484813
0.0032504
0.00156351
-0.000128258
-0.00174298
-0.00320494
-0.00444701
-0.00541207
-0.00605411
-0.00633992
-0.00625095
-0.00578502
-0.00495655
-0.0037954
-0.00234492
-0.000660925
0.00118693
0.00311169
0.00500571
0.00674066
0.00817335
0.00915863
0.00956817
0.00931182
0.00835671
0.00673851
0.00456067
0.00198073
-0.000812673
-0.00362619
-0.00628445
-0.00864442
-0.0105999
-0.0120774
-0.0130287
-0.0134225
-0.0132407
-0.0124805
-0.0111597
-0.0093229
-0.00704493
-0.00442818
-0.00159552
0.00131889
0.00417711
0.00684137
0.00917582
0.0110495
0.0123432
0.0129616
0.0128465
0.0119905
0.0104423
0.0083051
0.00572415
0.00286863
-8.82068e-05
-0.00298434
-0.00567618
-0.00803755
-0.00995438
-0.0113209
-0.0120418
-0.0120419
-0.0112797
-0.00976059
-0.00754295
-0.00473649
-0.00149126
0.00201828
0.00560936
0.00910304
0.0123301
0.0151322
0.017361
0.0188805
0.0195752
0.0193635
0.0182133
0.0161538
0.0132801
0.00974745
0.00575781
0.00153991
-0.00267142
-0.00665325
-0.0102072
-0.0131663
-0.0153985
-0.0168086
-0.0173428
-0.0169928
-0.0158011
-0.0138607
-0.0113089
-0.00831497
-0.00506257
-0.00173194
0.00151527
0.00454492
0.00725188
0.00955504
0.0113894
0.0126993
0.013436
0.0135606
0.013052
0.0119155
0.01019
0.00795005
0.0053021
0.00237564
-0.000688627
-0.00375046
-0.0066788
-0.00935608
-0.0116781
-0.0135516
-0.0148921
-0.0156257
-0.0156946
-0.0150669
-0.0137457
-0.0117769
-0.00924963
-0.00629094
-0.00305445
0.000294112
0.00359112
0.00668614
0.00944862
0.0117706
0.0135671
0.0147762
0.0153587
0.0152977
0.0145969
0.0132786
0.0113808
0.00895742
0.00608091
0.00284813
-0.000613366
-0.00414237
-0.00754827
-0.0106245
-0.0131694
-0.0150114
-0.0160301
-0.0161705
-0.015445
-0.0139253
-0.0117279
-0.00899748
-0.00589358
-0.00258162
0.000771608
0.00400134
0.00695014
0.00947697
0.0114689
0.012852
0.013598
0.0137231
0.0132799
0.0123448
0.0110038
0.00934281
0.00744168
0.00537438
0.00321149
0.00102317
-0.0011199
-0.00314854
-0.00499924
-0.00661827
-0.0079636
-0.00900378
-0.00971477
-0.010077
-0.0100744
-0.0096974
-0.00894705
-0.00784148
-0.0064197
-0.00474207
-0.00288616
-0.000939145
0.0010108
0.00288106
0.00459704
0.0060908
0.00729792
0.0081558
0.00860562
0.0085989
0.00810734
0.00713344
0.00571814
0.00394245
0.00192139
-0.000208816
-0.00230696
-0.00424252
-0.00590717
-0.00722076
-0.00813232
-0.00861784
-0.00867664
-0.00832751
-0.00760468
-0.00655396
-0.00522871
-0.00368622
-0.00198466
-0.00018126
0.00166773
0.00350517
0.00527013
0.00689547
0.00830782
0.0094313
0.0101947
0.0105409
0.0104359
0.0098755
0.00888825
0.00753399
0.00589801
0.00408232
0.00219521
0.000340929
-0.00138965
-0.00292642
-0.00422469
-0.0052664
-0.00605724
-0.00662016
-0.00698657
-0.00718726
-0.00724519
-0.00717144
-0.00696498
-0.00661576
-0.00611025
-0.00543803
-0.00459775
-0.00360106
-0.00247394
-0.00125545
5.16545e-06
0.00125202
0.00242593
0.00346719
0.00431809
0.00492552
0.00524425
0.00524109
0.00489981
0.00422622
0.00325197
0.00203535
0.000657831
-0.000783743
-0.00218781
-0.00345925
-0.00451866
-0.00530814
-0.00579308
-0.00596083
-0.00581762
-0.00538526
-0.00469846
-0.00380289
-0.00275359
-0.00161275
-0.000446471
0.000679474
0.00170433
0.00257677
0.00257677
0.00325849
0.00372675
0.00397539
0.00401436
0.00386758
0.00356972
0.00316206
0.00268805
0.00218925
0.00170218
0.00125652
0.000874758
0.000572878
0.000361194
0.000244497
0.000221035
0.000280634
0.000402882
0.000556299
0.000699143
0.000782298
0.000754623
0.000570898
0.000201558
-0.000357905
-0.00108086
-0.00190943
-0.00276125
-0.00354212
-0.00416152
-0.00454728
-0.00465562
-0.00447437
-0.00401898
-0.00332372
-0.00243218
-0.00139081
-0.000247302
0.000947645
0.00213806
0.00326324
0.0042621
0.00508054
0.00567898
0.00603716
0.00615405
0.00604281
0.005723
0.00521347
0.00452926
0.00368373
0.00269491
0.0015924
0.000421218
-0.000760225
-0.00188779
-0.00290251
-0.00376059
-0.00443913
-0.00493551
-0.0052611
-0.00543176
-0.00545871
-0.005343
-0.00507567
-0.00464299
-0.00403474
-0.0032521
-0.00231255
-0.00125057
-0.000114908
0.0010359
0.00213813
0.003127
0.00394052
0.00452365
0.00483309
0.00484221
0.00454535
0.00396025
0.00312745
0.00210628
0.000967714
-0.000214197
-0.0013703
-0.0024418
-0.00338235
-0.00415718
-0.00474064
-0.00511367
-0.00526226
-0.00517748
-0.00485716
-0.00430865
-0.00355191
-0.00262148
-0.00156616
-0.000445561
0.000676081
0.00173772
0.00268921
0.00349711
0.004147
0.00464212
0.00499865
0.00523929
0.00538681
0.00545917
0.00546703
0.00541366
0.0052963
0.00510838
0.0048417
0.00448833
0.00404203
0.00349923
0.00285991
0.0021285
0.00131478
0.000434597
-0.000489901
-0.00143085
-0.00235591
-0.00322994
-0.00401666
-0.0046803
-0.00518719
-0.00550762
-0.00561802
-0.00550327
-0.00515883
-0.00459229
-0.00382406
-0.00288679
-0.00182378
-0.000686681
0.000467046
0.00157662
0.00258052
0.00341939
0.00403941
0.00439616
0.00445853
0.0042119
0.00365998
0.00282473
0.00174467
0.000472155
-0.000929519
-0.00238877
-0.00382827
-0.00516799
-0.00632913
-0.00723922
-0.00783784
-0.00808215
-0.007951
-0.00744673
-0.0065945
-0.0054396
-0.00404383
-0.00248166
-0.000836584
0.000802671
0.00234648
0.0037097
0.00481809
0.00561504
0.00606705
0.00616653
0.0059307
0.00539679
0.00461472
0.00363916
0.00252303
0.00131397
5.42656e-05
-0.00121642
-0.00245719
-0.00362283
-0.00466309
-0.00552509
-0.00615836
-0.00652108
-0.00658579
-0.00634306
-0.00580256
-0.00499134
-0.00395046
-0.00273075
-0.00138876
1.64326e-05
0.00142576
0.0027824
0.00403439
0.00513822
0.00606283
0.00679293
0.00732967
0.00768767
0.00788863
0.00795351
0.00789559
0.00771663
0.00740748
0.00695329
0.0063415
0.00556994
0.0046515
0.00361354
0.00249275
0.00132807
0.000155016
-0.000996434
-0.00209998
-0.00312862
-0.0040502
-0.00482531
-0.00540935
-0.00575866
-0.00583917
-0.00563439
-0.00514995
-0.00441342
-0.00346969
-0.00237381
-0.00118396
4.37887e-05
0.00125794
0.00241158
0.00346097
0.004364
0.00507977
0.00557012
0.00580278
0.00575555
0.00542031
0.00480599
0.00394004
0.00286808
0.00165134
0.000361991
-0.00092312
-0.00212955
-0.00319198
-0.00405972
-0.00470021
-0.00510004
-0.0052634
-0.00520845
-0.00496232
-0.00455594
-0.0040194
-0.00337867
-0.00265421
-0.00186154
-0.00101386
-0.000125919
0.000781646
0.00167861
0.00252338
0.00326421
0.00384371
0.00420626
0.00430684
0.00411954
0.00364394
0.00290768
0.00196457
0.000887976
-0.000239004
-0.00133452
-0.00232768
-0.00316499
-0.00381256
-0.00425433
-0.00448759
-0.00451769
-0.00435371
-0.00400642
-0.00348877
-0.00281805
-0.00201846
-0.0011225
-0.000170245
0.000793314
0.00172231
0.0025741
0.00331244
0.00390914
0.00434427
0.00460544
0.00468704
0.00458979
0.00432114
0.00389581
0.00333622
0.00267205
0.0019387
0.00117481
0.000419486
-0.000290326
-0.000921839
-0.00144788
-0.00184812
-0.00211034
-0.00223156
-0.00221886
-0.00208909
-0.00186744
-0.00158473
-0.00127378
-0.000965556
-0.000685712
-0.000452113
-0.000273609
-0.000150199
-7.45957e-05
-3.51421e-05
-1.98349e-05
-2.09481e-05
-3.92655e-05
-3.92655e-05
-8.65652e-05
-0.000185072
-0.000363254
-0.00064841
-0.00105763
-0.00158964
-0.00222019
-0.00290279
-0.00357487
-0.00416749
-0.00461581
-0.00486761
-0.00488791
-0.0046597
-0.00418198
-0.0034673
-0.00254105
-0.00144273
-0.000228066
0.0010307
0.0022487
0.0033371
0.0042152
0.00482251
0.00512716
0.00512759
0.00484701
0.00432272
0.00359437
0.00269557
0.0016522
0.000487872
-0.000766021
-0.00206026
-0.00332296
-0.00446317
-0.00538292
-0.0059944
-0.00623705
-0.00608894
-0.0055691
-0.00473044
-0.00364604
-0.00239379
-0.00104406
0.000345994
0.00173126
0.00307273
0.00433053
0.0054596
0.00640966
0.00712932
0.00757204
0.00770173
0.0074963
0.00694886
0.00606742
0.0048747
0.00340905
0.00172633
-9.87821e-05
-0.00197418
-0.00379591
-0.00545794
-0.00686425
-0.00794018
-0.0086398
-0.00894728
-0.00887216
-0.00844057
-0.00768578
-0.00664144
-0.00533958
-0.00381318
-0.00210162
-0.000255889
0.00165895
0.00356525
0.00537785
0.00701091
0.00838461
0.00943028
0.0100936
0.0103361
0.0101368
0.00949306
0.00842277
0.00696561
0.00518319
0.00315661
0.000981282
-0.00124001
-0.00340455
-0.0054156
-0.00718579
-0.00863819
-0.00970609
-0.0103334
-0.0104767
-0.0101091
-0.00922579
-0.0078487
-0.00602918
-0.00384764
-0.00140993
0.00115883
0.00372185
0.00613899
0.00827518
0.0100088
0.0112398
0.0118969
0.0119434
0.0113796
0.0102421
0.00859863
0.00654077
0.00417493
0.00161478
-0.00102454
-0.0036297
-0.00609104
-0.00830421
-0.010173
-0.0116136
-0.0125611
-0.0129748
-0.0128425
-0.0121819
-0.0110378
-0.00947662
-0.00757932
-0.00543512
-0.00313706
-0.00077966
0.0015422
0.0037344
0.0057063
0.00737537
0.00867343
0.00955272
0.00999018
0.00998827
0.00957226
0.00878449
0.00767764
0.00630895
0.00473691
0.00302092
0.00122294
-0.000590479
-0.00234745
-0.00397209
-0.00538808
-0.00652345
-0.00731565
-0.00771596
-0.00769259
-0.0072325
-0.00634222
-0.0050483
-0.00339756
-0.00145713
0.000686631
0.00293131
0.00516403
0.00726916
0.00913698
0.0106716
0.0117971
0.0124606
0.0126331
0.0123077
0.011497
0.0102303
0.00855238
0.00652194
0.0042111
0.00170416
-0.000904402
-0.00351304
-0.00601711
-0.0083135
-0.0103056
-0.0119079
-0.013051
-0.0136846
-0.013781
-0.0133365
-0.0123724
-0.0109337
-0.00908636
-0.00691316
-0.00450786
-0.00196966
0.000602157
0.00311242
0.00547284
0.00760344
0.00943327
0.0109008
0.0119551
0.0125567
0.0126798
0.0123139
0.011465
0.0101578
0.00843627
0.00636338
0.00402023
0.00150296
-0.00108181
-0.00362299
-0.0060121
-0.00815011
-0.00995267
-0.0113526
-0.0122995
-0.0127576
-0.012704
-0.0121282
-0.0110346
-0.00944672
-0.00741195
-0.00500412
-0.0023229
0.000511232
0.00336563
0.00610558
0.00860367
0.0107463
0.0124375
0.0135999
0.0141757
0.0141281
0.0134439
0.0121371
0.010252
0.00786383
0.00507545
0.00201115
-0.00119244
-0.00439583
-0.00746503
-0.0102775
-0.0127256
-0.0147187
-0.0161838
-0.0170667
-0.0173334
-0.0169708
-0.0159878
-0.0144162
-0.0123096
-0.00974208
-0.00680542
-0.0036058
-0.00026039
0.00310608
0.00636521
0.00938954
0.0120579
0.0142614
0.0159085
0.0169295
0.0172796
0.0169403
0.0159211
0.0142604
0.0120263
0.00931563
0.00625157
0.00297826
-0.000347786
-0.00356895
-0.00653884
-0.00913332
-0.0112577
-0.012849
-0.0138722
-0.0143147
-0.0141785
-0.0134764
-0.0122307
-0.0104773
-0.0082713
-0.0056916
-0.00284275
0.000148758
0.00314305
0.00599869
0.00858473
0.0107902
0.0125294
0.0137418
0.0143895
0.014453
0.0139284
0.012828
0.0111829
0.00904739
0.0065013
0.00365006
0.000619882
-0.00245049
-0.00542016
-0.0081564
-0.0105428
-0.0124843
-0.0139095
-0.0147709
-0.0150443
-0.0147295
-0.0138501
-0.0124546
-0.0106145
-0.00842147
-0.00598093
-0.00340513
-0.000805818
0.0017115
0.00405098
0.00405098
0.0061279
0.00786873
0.0092114
0.0101065
0.0105198
0.0104365
0.00986437
0.00883593
0.00740821
0.00565944
0.00368365
0.0015841
-0.000533351
-0.00256596
-0.00441871
-0.00600784
-0.00726383
-0.00813429
-0.00858671
-0.00861081
-0.00821958
-0.00744844
-0.00635227
-0.00500069
-0.00347246
-0.00184988
-0.000214199
0.00135776
0.00279596
0.00403901
0.00503614
0.00574928
0.00615503
0.0062459
0.00602998
0.00552911
0.00477552
0.00380824
0.0026701
0.00140611
6.34261e-05
-0.00130796
-0.00265467
-0.00392059
-0.00504923
-0.00598736
-0.00668918
-0.00711969
-0.00725648
-0.00708967
-0.00662016
-0.00585713
-0.00481591
-0.00351763
-0.00199115
-0.000276443
0.00157229
0.00348573
0.00538195
0.00717212
0.00876824
0.010091
0.0110757
0.0116762
0.0118648
0.0116317
0.0109833
0.00994197
0.00854682
0.00685497
0.00494175
0.00289809
0.000824648
-0.00117677
-0.00301297
-0.00460829
-0.00591075
-0.00689401
-0.00755471
-0.00790645
-0.00797226
-0.00777798
-0.00734795
-0.00670335
-0.00586299
-0.00484572
-0.00367358
-0.00237464
-0.000984542
0.000453447
0.00189006
0.00327275
0.00454903
0.00567002
0.00659352
0.00728623
0.00772447
0.00789374
0.00778742
0.00740585
0.00675623
0.00585385
0.00472403
0.00340395
0.00194333
0.000403062
-0.00114812
-0.00263864
-0.00399948
-0.00516887
-0.00609555
-0.00674052
-0.00707755
-0.00709331
-0.00678763
-0.00617402
-0.00528035
-0.00414891
-0.0028354
-0.00140631
6.5011e-05
0.00150334
0.00283662
0.00400045
0.0049413
0.00561847
0.00600497
0.00608765
0.00586724
0.00535813
0.00458815
0.00359769
0.00243786
0.00116744
-0.00015124
-0.00145688
-0.00269351
-0.00381369
-0.00478012
-0.00556583
-0.00615324
-0.00653282
-0.00670214
-0.00666543
-0.00643373
-0.00602474
-0.00546155
-0.00476956
-0.00397244
-0.00308847
-0.00212937
-0.00110261
-1.66177e-05
0.00111293
0.00225824
0.00337807
0.00442092
0.00533226
0.0060635
0.00657959
0.00686258
0.00691016
0.00673047
0.00633601
0.00573978
0.00495528
0.00400032
0.00290241
0.0017029
0.000457417
-0.000768344
-0.00190673
-0.00289764
-0.0036965
-0.0042785
-0.00463811
-0.00478508
-0.00473885
-0.00452384
-0.00416683
-0.00369654
-0.00314431
-0.0025441
-0.00193081
-0.00133701
-0.000789135
-0.000304769
0.000107672
0.000446677
0.000713588
0.00090843
0.00102738
0.00106295
0.00100682
0.000853949
0.000606392
0.00027498
-0.00012155
-0.00055962
-0.00101466
-0.00146413
-0.0018887
-0.00227141
-0.00259578
-0.00284398
-0.00299633
-0.00303245
-0.00293397
-0.0026879
-0.00228961
-0.00174486
-0.00107032
-0.00029312
0.000550526
0.00141737
0.00225988
0.00302978
0.00368215
0.00417957
0.00449571
0.00461745
0.0045451
0.00429071
0.00387493
0.0033234
0.00266394
0.00192491
0.00113501
0.000323709
-0.000478528
-0.00124102
-0.00193481
-0.00253532
-0.00302483
-0.00339398
-0.00364172
-0.00377379
-0.00379997
-0.00373107
-0.0035762
-0.00334122
-0.00302862
-0.00263882
-0.00217247
-0.00163297
-0.00102854
-0.00037321
0.000313339
0.00100711
0.00168192
0.00231171
0.0028724
0.00334301
0.00370588
0.00394672
0.00405458
0.00402238
0.00384769
0.00353353
0.00308875
0.00252762
0.00186885
0.00113421
0.000347316
-0.000466772
-0.00128075
-0.00206325
-0.00277682
-0.00337733
-0.00381611
-0.00404539
-0.00402625
-0.00373754
-0.00318317
-0.00239568
-0.00143433
-0.000377817
0.000687
0.0016773
0.00252468
0.00318157
0.0036231
0.00384507
0.00385955
0.00368976
0.00336561
0.00292067
0.00239035
0.00181086
0.00121825
0.000647208
0.000129493
-0.000307537
-0.000642469
-0.000861446
-0.000959992
-0.000944716
-0.000834205
-0.000658334
-0.000455578
-0.00026847
-0.000137815
-9.65933e-05
-0.000164573
-0.000344659
-0.000621837
-0.000965156
-0.00133241
-0.00167647
-0.00195176
-0.00211976
-0.00215276
-0.00203602
-0.00176854
-0.00136294
-0.000844549
-0.000249666
0.000377158
0.000986857
0.00153035
0.00196331
0.00225036
0.00225036
0.00236786
0.00230459
0.00206039
0.00164352
0.00106788
0.000351409
-0.0004836
-0.00140823
-0.00238359
-0.00335798
-0.00426661
-0.00503502
-0.00558634
-0.00585095
-0.00577627
-0.00533427
-0.00452476
-0.00337417
-0.00193033
-0.000255561
0.00157957
0.0034998
0.00542525
0.00726906
0.00893515
0.0103192
0.0113144
0.0118223
0.0117658
0.0111012
0.00982592
0.00797996
0.00564014
0.00291025
-8.98268e-05
-0.00323218
-0.00638398
-0.00940678
-0.0121552
-0.0144788
-0.0162305
-0.0172799
-0.0175298
-0.0169311
-0.0154914
-0.0132747
-0.0103933
-0.00699419
-0.00324478
0.000677989
0.0045942
0.00832441
0.0116928
0.0145333
0.0166995
0.0180786
0.0186043
0.0182666
0.0171125
0.0152399
0.0127827
0.00989469
0.00673424
0.00345398
0.000195893
-0.00290936
-0.0057413
-0.00818942
-0.0101554
-0.0115582
-0.01234
-0.0124722
-0.0119583
-0.0108341
-0.00916431
-0.00703813
-0.00456441
-0.00186714
0.000918458
0.00364999
0.00618313
0.00837855
0.0101109
0.0112783
0.0118117
0.0116808
0.0108963
0.00950809
0.00759861
0.00527478
0.00265881
-0.00012009
-0.0029324
-0.00565342
-0.00816737
-0.0103711
-0.0121777
-0.0135202
-0.0143544
-0.0146596
-0.0144386
-0.0137157
-0.0125338
-0.0109518
-0.00904103
-0.00688099
-0.00455181
-0.00212783
0.000321915
0.00272476
0.00499677
0.00704712
0.00879075
0.0101578
0.011097
0.0115785
0.0115984
0.0111774
0.0103538
0.00917335
0.0076832
0.00593194
0.00397563
0.00188496
-0.000251015
-0.00232773
-0.00423394
-0.0058632
-0.00712442
-0.00795018
-0.00830261
-0.00817585
-0.00759448
-0.00660865
-0.005288
-0.00371613
-0.00198594
-0.000194979
0.00156004
0.00318937
0.00461594
0.00577912
0.00663581
0.00715903
0.00733526
0.00716189
0.00664581
0.00580363
0.0046635
0.00326773
0.00167458
-4.23406e-05
-0.0017982
-0.00350414
-0.00507583
-0.00644104
-0.00754386
-0.00834467
-0.00881668
-0.00894106
-0.00870339
-0.0080935
-0.00710909
-0.00576224
-0.00408635
-0.00214056
-9.38409e-06
0.00220304
0.00438278
0.00641718
0.00820437
0.00965942
0.0107169
0.0113309
0.0114746
0.0111409
0.0103438
0.00912135
0.00753646
0.00567537
0.00364184
0.00154833
-0.000494179
-0.00238539
-0.00404178
-0.00539889
-0.00641039
-0.00704562
-0.00728754
-0.00713238
-0.00659137
-0.00569339
-0.00448712
-0.00304121
-0.00144177
0.000212631
0.00181756
0.00326996
0.00447493
0.00535134
0.00583612
0.00588766
0.00548871
0.00464948
0.00341028
0.00184258
4.68482e-05
-0.00185407
-0.00372558
-0.00543453
-0.0068624
-0.00791605
-0.00853411
-0.00868831
-0.00838066
-0.00763838
-0.00650895
-0.00505651
-0.00335981
-0.00151042
0.000390282
0.00223635
0.00392462
0.00536298
0.00647772
0.00721861
0.00756088
0.0075044
0.00707104
0.00630089
0.0052485
0.00397941
0.00256702
0.00108944
-0.00037382
-0.00174558
-0.00295485
-0.00394062
-0.00465514
-0.0050664
-0.00515952
-0.00493715
-0.0044188
-0.0036391
-0.00264507
-0.00149268
-0.000243188
0.0010402
0.00229509
0.00346194
0.00448551
0.00531591
0.00590935
0.00622901
0.00624596
0.00594061
0.00530451
0.00434236
0.00307378
0.00153422
-0.000225208
-0.00213926
-0.0041311
-0.0061156
-0.00800291
-0.00970241
-0.011127
-0.0121979
-0.0128499
-0.0130364
-0.0127336
-0.0119435
-0.0106938
-0.00903691
-0.00704548
-0.00480759
-0.00242143
9.38963e-06
0.00238
0.0045881
0.00653812
0.00814586
0.00934359
0.0100847
0.0103472
0.0101345
0.00947428
0.00841471
0.00701952
0.00536311
0.00352645
0.00159435
-0.000346365
-0.00220846
-0.00390668
-0.00536136
-0.00650321
-0.00727861
-0.00765421
-0.00761987
-0.00718908
-0.00639681
-0.00529539
-0.0039493
-0.00243002
-0.00081167
0.000832176
0.00243062
0.00391704
0.00523068
0.00631861
0.00713816
0.00765948
0.00786763
0.00776365
0.00736424
0.00670014
0.00581353
0.00475496
0.0035803
0.00234794
0.00111635
0.00111635
-5.84096e-05
-0.00112517
-0.00204031
-0.00277015
-0.0032928
-0.00359907
-0.00369209
-0.00358581
-0.00330256
-0.00287036
-0.00232031
-0.0016847
-0.000995751
-0.000285026
0.000416754
0.0010799
0.00167618
0.00217951
0.00256695
0.00281992
0.00292535
0.00287697
0.00267656
0.00233502
0.00187303
0.00132064
0.000715577
0.000100076
-0.000483312
-0.000996213
-0.00140831
-0.00169982
-0.00186207
-0.00189635
-0.00181141
-0.00162088
-0.00134124
-0.000991031
-0.000591047
-0.000164847
0.000261354
0.000659865
0.00100378
0.00126985
0.00144125
0.00150949
0.00147498
0.00134621
0.00113766
0.00086741
0.000554804
0.000218772
-0.000123185
-0.000455572
-0.00076522
-0.00104147
-0.00127615
-0.00146341
-0.00159939
-0.0016818
-0.00170959
-0.00168279
-0.00160253
-0.00147129
-0.00129311
-0.00107379
-0.000820822
-0.000543121
-0.000250732
4.5356e-05
0.000333162
0.000599579
0.00083045
0.00101118
0.00112803
0.00116997
0.00113062
0.00100971
0.000813512
0.000553996
0.000246969
-9.01696e-05
-0.000440217
-0.000786942
-0.00111478
-0.00140796
-0.00164971
-0.00182236
-0.0019085
-0.00189337
-0.00176756
-0.0015295
-0.00118676
-0.000755783
-0.000260381
0.000270677
0.000806353
0.00131589
0.00177097
0.00214739
0.00242623
0.00259463
0.00264614
0.00258066
0.00240388
0.00212638
0.00176221
0.00132765
0.000840045
0.000317184
-0.000222834
-0.000761493
-0.00127968
-0.0017577
-0.00217554
-0.00251365
-0.00275404
-0.00288166
-0.00288598
-0.0027622
-0.00251206
-0.00214396
-0.00167253
-0.00111748
-0.000502083
0.000148683
0.000809895
0.00145814
0.0020724
0.00263429
0.0031279
0.00353935
0.00385643
0.00406854
0.00416707
0.00414601
0.00400279
0.00373901
0.00336081
0.00287881
0.00230767
0.00166539
0.00097274
0.000252832
-0.000469262
-0.00116702
-0.00181336
-0.00238198
-0.00284893
-0.00319424
-0.00340305
-0.00346626
-0.00338062
-0.00314854
-0.00277785
-0.00228164
-0.00167833
-0.000991666
-0.000250271
0.000513466
0.00126537
0.00197201
0.00260329
0.00313458
0.00354781
0.00383162
0.00398051
0.0039936
0.00387334
0.00362463
0.00325458
0.00277275
0.00219182
0.00152816
0.000802035
3.72767e-05
-0.000739666
-0.00150097
-0.00221868
-0.00286566
-0.00341611
-0.00384582
-0.00413267
-0.00425778
-0.00420747
-0.00397534
-0.00356341
-0.00298175
-0.00224795
-0.00138728
-0.000433107
0.000574208
0.00158937
0.00256399
0.00344806
0.00419215
0.0047512
0.00508893
0.00518187
0.00502182
0.00461633
0.00398743
0.00316907
0.0022039
0.00113991
2.73396e-05
-0.00108391
-0.00214601
-0.00311427
-0.00394809
-0.00461249
-0.00508019
-0.0053338
-0.00536737
-0.00518683
-0.00480908
-0.00425984
-0.00357072
-0.00277607
-0.00191029
-0.00100629
-9.51743e-05
0.000792792
0.00162684
0.00237456
0.00300182
0.00347422
0.00375999
0.00383374
0.00368036
0.0032979
0.00269902
0.00191065
0.000972276
-6.66806e-05
-0.0011499
-0.00221737
-0.00320864
-0.00406624
-0.00473903
-0.00518544
-0.00537617
-0.00529588
-0.00494375
-0.00433262
-0.0034873
-0.00244251
-0.00124099
6.7839e-05
0.00142885
0.00278228
0.00406547
0.0052156
0.00617355
0.00688817
0.00732025
0.00744524
0.00725445
0.0067546
0.00596658
0.00492365
0.00366987
0.00225857
0.000750694
-0.0007874
-0.00228711
-0.00368161
-0.00491019
-0.00592236
-0.00668055
-0.00716114
-0.00735382
-0.00725982
-0.00688996
-0.00626339
-0.00540715
-0.00435663
-0.00315588
-0.00185738
-0.000520476
0.000791503
0.00201508
0.0030908
0.00396698
0.00460253
0.00496873
0.00504985
0.00484337
0.00435967
0.00362174
0.00266468
0.00153485
0.000288401
-0.00101105
-0.00229562
-0.00349696
-0.00455008
-0.00539677
-0.00598844
-0.00628841
-0.00627394
-0.00593796
-0.00529031
-0.00435803
-0.00318445
-0.00182706
-0.000354028
0.00116004
0.00263886
0.00400905
0.00520407
0.00616731
0.00685434
0.00723474
0.00729358
0.00703253
0.00647029
0.00564166
0.00459519
0.00338952
0.00208857
0.000756472
0.000756472
-0.000547076
-0.00177023
-0.00287069
-0.00381563
-0.00458056
-0.00514772
-0.00550491
-0.00564483
-0.00556531
-0.00526988
-0.00476866
-0.00407924
-0.00322697
-0.00224486
-0.0011726
-5.51665e-05
0.00105892
0.00211961
0.00307747
0.00388618
0.00450517
0.00490232
0.00505631
0.00495824
0.00461248
0.00403635
0.00325893
0.00231905
0.00126276
0.000140727
-0.000994423
-0.00209044
-0.00309771
-0.0039714
-0.00467357
-0.00517515
-0.00545753
-0.00551339
-0.0053467
-0.00497149
-0.0044098
-0.00368911
-0.0028399
-0.00189403
-0.000884101
0.00015613
0.00119108
0.00218302
0.0030928
0.00388193
0.00451557
0.004966
0.00521521
0.00525621
0.00509262
0.00473693
0.00420827
0.00353051
0.00273125
0.00184162
0.000896721
-6.42957e-05
-0.000998915
-0.00186319
-0.00261474
-0.00321633
-0.00363922
-0.00386558
-0.00388957
-0.00371705
-0.00336409
-0.00285501
-0.00222018
-0.00149411
-0.000713972
8.16107e-05
0.000853557
0.00156355
0.00217566
0.00265841
0.00298694
0.00314493
0.0031256
0.00293165
0.00257394
0.00206951
0.00143929
0.000706416
-0.000104553
-0.000967363
-0.00185324
-0.00273008
-0.0035623
-0.00431175
-0.00493962
-0.00540931
-0.00568955
-0.00575734
-0.00560004
-0.00521629
-0.0046158
-0.00381819
-0.00285144
-0.00175029
-0.000554903
0.000690181
0.00193693
0.00313488
0.00423276
0.00518097
0.00593479
0.00645805
0.0067264
0.00672975
0.00647325
0.0059767
0.00527259
0.00440319
0.00341708
0.00236568
0.00129994
0.000267495
-0.000689737
-0.00153718
-0.00224856
-0.00280606
-0.00320003
-0.0034282
-0.00349483
-0.00340996
-0.00318882
-0.00285134
-0.00242162
-0.00192688
-0.00139608
-0.000858254
-0.000340805
0.000131891
0.000539528
0.000866548
0.00110255
0.0012425
0.00128677
0.00124095
0.00111543
0.000924453
0.000684927
0.000414772
0.000131267
-0.000150324
-0.000417477
-0.00066035
-0.000871044
-0.00104253
-0.00116767
-0.00123876
-0.00124788
-0.00118799
-0.00105451
-0.000847031
-0.000570472
-0.000235593
0.0001415
0.000540669
0.000939649
0.00131617
0.00164992
0.00192408
0.00212644
0.00225002
0.00229323
0.00225975
0.00215776
0.00199907
0.00179777
0.00156908
0.00132809
0.0010889
0.000863931
0.000663484
0.000495326
0.00036433
0.000272193
0.000217369
0.000195359
0.000199408
0.000221564
0.000253945
0.000289971
0.000325305
0.000358321
0.000389968
0.000423081
0.000461317
0.000508024
0.000565247
0.000632987
0.000708674
0.000786848
0.000859103
0.000914443
0.000940161
0.000923183
0.000851691
0.000716737
0.000513554
0.000242292
-9.19861e-05
-0.000479987
-0.000909253
-0.00136508
-0.00183082
-0.00228749
-0.00271311
-0.00308251
-0.00336832
-0.00354333
-0.00358392
-0.00347391
-0.00320767
-0.00279195
-0.00224592
-0.00159946
-0.000890031
-0.00015907
0.000551661
0.0012031
0.00176122
0.00219871
0.00249617
0.00264281
0.0026366
0.00248388
0.00219833
0.0017996
0.00131177
0.000761796
0.000178154
-0.000410129
-0.000974275
-0.00148647
-0.00192071
-0.00225394
-0.00246739
-0.00254795
-0.00248919
-0.00229193
-0.00196403
-0.00151952
-0.000977349
-0.000359914
0.000308182
0.00100104
0.00169198
0.00235378
0.00295891
0.00348009
0.00389117
0.00416853
0.00429258
0.00424926
0.00403132
0.0036394
0.0030827
0.00237942
0.00155663
0.000649573
-0.000299975
-0.00124621
-0.00214261
-0.00294562
-0.00361808
-0.00413195
-0.00446972
-0.00462444
-0.00459854
-0.00440198
-0.00405017
-0.0035622
-0.00295959
-0.00226574
-0.00150581
-0.000706815
0.000102312
0.000891027
0.0016279
0.00228184
0.0028237
0.00322832
0.00347655
0.00355712
0.003468
0.00321695
0.00282106
0.00230534
0.00170063
0.00104097
0.000361078
-0.000305825
-0.000929533
-0.00148369
-0.00194608
-0.00229865
-0.0025276
-0.00262365
-0.00258257
-0.00240585
-0.00210115
-0.00168243
-0.00116938
-0.00058628
3.96314e-05
0.000680098
0.00130763
0.00189684
0.00242518
0.00287291
0.00322274
0.00345935
0.00356937
0.00354181
0.00336927
0.00336927
0.00304934
0.00258617
0.00199169
0.00128623
0.000498291
-0.000336711
-0.00117869
-0.00198583
-0.00271782
-0.00333906
-0.0038212
-0.00414491
-0.00430037
-0.00428672
-0.0041105
-0.0037838
-0.00332251
-0.0027453
-0.00207336
-0.00133066
-0.000544261
0.000255737
0.00103709
0.0017671
0.00241493
0.00295392
0.00336335
0.00362916
0.00374355
0.00370383
0.00351129
0.00317066
0.00269057
0.0020847
0.00137325
0.000583685
-0.00024969
-0.00108773
-0.00188972
-0.00261714
-0.00323707
-0.00372424
-0.00406155
-0.0042392
-0.0042533
-0.00410471
-0.0037987
-0.00334556
-0.00276173
-0.00207066
-0.00130287
-0.000494604
0.000314741
0.00108587
0.00178279
0.00237515
0.00283948
0.00315933
0.00332475
0.00333177
0.00318221
0.00288391
0.00245116
0.00190498
0.00127266
0.000586412
-0.00011874
-0.000807514
-0.00144679
-0.00200744
-0.0024653
-0.0028015
-0.00300227
-0.0030589
-0.00296789
-0.00273151
-0.0023584
-0.00186402
-0.00127043
-0.000605464
9.87901e-05
0.000807882
0.00148702
0.00210294
0.00262547
0.00302877
0.00329241
0.00340226
0.00335132
0.00314027
0.00277768
0.00227964
0.0016688
0.000973003
0.000223657
-0.000545762
-0.00130096
-0.00200777
-0.00263308
-0.00314592
-0.00351901
-0.00373068
-0.00376694
-0.0036233
-0.00330579
-0.00283086
-0.002224
-0.00151747
-0.000747509
4.83328e-05
0.0008332
0.00157229
0.00223364
0.00278872
0.00321308
0.00348737
0.00359857
0.00354118
0.00331808
0.00294071
0.00242832
0.00180676
0.00110667
0.000361766
-0.000392793
-0.00112187
-0.00179166
-0.00237112
-0.00283345
-0.00315763
-0.00332991
-0.00334475
-0.0032052
-0.00292233
-0.0025141
-0.00200365
-0.00141762
-0.00078451
-0.000133455
0.000506851
0.00110905
0.00164809
0.00210221
0.00245399
0.00269122
0.00280748
0.00280225
0.00268063
0.00245262
0.0021322
0.00173644
0.00128455
0.000797104
0.000295306
-0.00019983
-0.000668358
-0.00109234
-0.00145673
-0.00174999
-0.00196433
-0.00209566
-0.00214298
-0.00210781
-0.00199357
-0.00180537
-0.0015502
-0.00123761
-0.000880427
-0.000495239
-0.00010221
0.000276026
0.000616357
0.000897779
0.00110409
0.00122605
0.00126251
0.00122004
0.00111138
0.000952784
0.000761319
0.000552492
0.000338864
0.000129802
-6.7797e-05
-0.000248262
-0.000405965
-0.000534685
-0.000627728
-0.000678702
-0.000682599
-0.00063674
-0.000541258
-0.000399057
-0.000215411
2.49398e-06
0.000245767
0.00050371
0.000763586
0.00101063
0.00122863
0.00140127
0.00151397
0.00155596
0.00152195
0.00141297
0.00123606
0.00100297
0.000728319
0.000427566
0.000115604
-0.000194026
-0.000489241
-0.000759182
-0.000994065
-0.00118538
-0.00132646
-0.00141322
-0.00144462
-0.00142264
-0.00135156
-0.00123688
-0.00108435
-0.000899307
-0.000686756
-0.000452071
-0.000201928
5.49507e-05
0.000307639
0.000543616
0.000749972
0.000914844
0.00102865
0.00108489
0.00108033
0.00101488
0.000891313
0.000715111
0.000494579
0.000240941
-3.18101e-05
-0.00030758
-0.000569399
-0.00080107
-0.000988885
-0.00112297
-0.00119791
-0.00121259
-0.00116935
-0.00107284
-0.000928937
-0.000744151
-0.000525344
-0.0002798
-1.53325e-05
0.000259771
0.000537009
0.000808084
0.00106532
0.00130193
0.00151203
0.00169049
0.00183276
0.00193484
0.00199358
0.00200698
0.00197462
0.00189764
0.00177858
0.00162092
0.0014287
0.0012063
0.000958601
0.000691317
0.000411451
0.000127479
-0.00015094
-0.000413812
-0.000652024
-0.00085854
-0.00102913
-0.00116235
-0.00125877
-0.00131979
-0.00134648
-0.001339
-0.00129686
-0.00121981
-0.00110925
-0.000969445
-0.000808211
-0.00063663
-0.00046788
-0.000315431
-0.000191126
-0.00010355
-5.69859e-05
-5.10546e-05
-8.10282e-05
-0.000138691
-0.000213552
-0.000294187
-0.000369502
-0.000429755
-0.000467241
-0.000476601
-0.000454749
-0.000400518
-0.000314184
-0.000197035
-5.1156e-05
0.000120531
0.000314027
0.000523997
0.000743675
0.000965073
0.00117949
0.00137829
0.00155364
0.00169927
0.00181077
0.00188567
0.00192316
0.00192316
0.0019235
0.00188754
0.00181626
0.00171067
0.00157187
0.00140135
0.00120135
0.000975175
0.000727408
0.000463925
0.000191652
-8.19221e-05
-0.000349426
-0.000604353
-0.000841687
-0.00105825
-0.00125263
-0.00142472
-0.00157488
-0.00170306
-0.00180804
-0.0018872
-0.00193672
-0.00195234
-0.00193032
-0.00186843
-0.00176664
-0.00162738
-0.00145533
-0.00125672
-0.00103856
-0.000807885
-0.000571229
-0.000334491
-0.000103012
0.000118259
0.000324666
0.000511916
0.00067632
0.000815121
0.000926754
0.00101092
0.00106837
0.00110046
0.00110863
0.00109396
0.001057
0.000997989
0.000917409
0.000816625
0.000698431
0.000567299
0.00042926
0.000291456
0.00016147
4.65405e-05
-4.72349e-05
-0.000115593
-0.000156575
-0.000170705
-0.000160862
-0.000131876
-8.99371e-05
-4.1921e-05
5.26445e-06
4.52149e-05
7.23877e-05
8.22615e-05
7.1347e-05
3.71467e-05
-2.18452e-05
-0.000106071
-0.000214793
-0.000345983
-0.000496235
-0.000660687
-0.000832902
-0.00100475
-0.00116638
-0.00130652
-0.0014132
-0.00147488
-0.00148186
-0.00142781
-0.00131086
-0.0011344
-0.000906871
-0.000641008
-0.000352281
-5.71588e-05
0.000228535
0.000490832
0.000718272
0.000902085
0.00103609
0.0011165
0.00114184
0.00111291
0.00103284
0.000907074
0.000743095
0.000549974
0.000337714
0.000116571
-0.000103504
-0.000313209
-0.000504015
-0.000668197
-0.000798894
-0.000890292
-0.000937921
-0.00093896
-0.000892435
-0.00079924
-0.000661994
-0.00048481
-0.000273125
-3.3701e-05
0.000225156
0.000493217
0.000758054
0.00100515
0.00121867
0.00138284
0.00148374
0.00151116
0.00145985
0.00133012
0.00112756
0.000861983
0.000546152
0.000194525
-0.000177536
-0.000554139
-0.000918999
-0.00125565
-0.00154803
-0.00178142
-0.00194381
-0.00202706
-0.00202767
-0.00194695
-0.00179036
-0.00156638
-0.00128533
-0.000958421
-0.00059736
-0.000214419
0.000177256
0.000563438
0.000928971
0.00125839
0.00153694
0.00175172
0.0018928
0.00195392
0.00193288
0.00183148
0.00165524
0.00141306
0.00111689
0.000781329
0.000423098
6.02544e-05
-0.000288808
-0.000606549
-0.000877444
-0.00108897
-0.00123224
-0.00130231
-0.00129813
-0.0012223
-0.00108071
-0.000882123
-0.000637758
-0.000360805
-6.57965e-05
0.000232181
0.000518413
0.000779491
0.00100411
0.00118359
0.0013121
0.00138652
0.00140613
0.0013723
0.0012881
0.00115807
0.000988011
0.000784833
0.000556363
0.000311156
5.82559e-05
-0.000193068
-0.000433542
-0.000654061
-0.000845824
-0.00100051
-0.00111057
-0.00116972
-0.00117358
-0.0011203
-0.00101102
-0.000850144
-0.000645099
-0.000405898
-0.000144436
0.000126228
0.000392492
0.000640712
0.000857641
0.00103094
0.00114981
0.00120581
0.00119366
0.00111185
0.000962974
0.000753525
0.00049325
0.000194256
-0.000129972
-0.000465426
-0.000798195
-0.00111487
-0.00140286
-0.0016507
-0.00184859
-0.00198899
-0.00206726
-0.00208217
-0.00203607
-0.00193467
-0.00178643
-0.0016017
-0.00139178
-0.00116817
-0.000941926
-0.000723301
-0.000521545
-0.000344739
-0.000199596
-9.12243e-05
-2.28763e-05
4.22611e-06
-9.04523e-06
-5.98073e-05
-0.000143372
-0.000253531
-0.000382874
-0.000523127
-0.000665516
-0.000801152
-0.00092148
-0.00101875
-0.00108644
-0.0011196
-0.00111491
-0.00107062
-0.000986315
-0.000862739
-0.000701712
-0.000506301
-0.00028114
-3.28082e-05
0.000229913
0.000496148
0.000753511
0.000989147
0.00119102
0.00134919
0.00145681
0.00151056
0.00151065
0.00146033
0.00136516
0.0012323
0.0010699
0.000886764
0.00069215
0.000495652
0.000307022
0.000135895
-8.62418e-06
-0.000118459
-0.000187115
-0.000210231
-0.000186035
-0.000115623
-2.97806e-06
0.000145283
0.000320419
0.00051225
0.000709953
0.000902838
0.00108101
0.00123581
0.00136013
0.00144844
0.00149688
0.00150326
0.00146712
0.00138983
0.00127464
0.00112674
0.000953141
0.000762427
0.000564346
0.000369229
0.00018732
2.81228e-05
-0.000100183
-0.000191176
-0.000240472
-0.000245829
-0.000207125
-0.000126252
-6.94544e-06
0.000145401
0.000323912
0.000520395
0.00072554
0.000929169
0.000929169
0.00112063
0.0012893
0.00142533
0.0015203
0.00156792
0.00156454
0.00150931
0.00140403
0.0012527
0.00106087
0.000835032
0.000582217
0.000309892
2.6071e-05
-0.000260459
-0.000539992
-0.000801983
-0.00103543
-0.00122952
-0.00137452
-0.00146267
-0.00148892
-0.00145149
-0.00135194
-0.00119514
-0.000988757
-0.000742746
-0.00046866
-0.000178947
0.000113742
0.000397189
0.000660134
0.0008927
0.0010867
0.00123581
0.00133568
0.00138384
0.00137962
0.00132392
0.00121907
0.00106878
0.000878166
0.000653957
0.000404609
0.000140342
-0.000127116
-0.000385096
-0.000620873
-0.000822715
-0.000980909
-0.00108856
-0.001142
-0.00114087
-0.00108787
-0.00098835
-0.000849933
-0.000682058
-0.000495543
-0.000302079
-0.000113606
5.84075e-05
0.000203747
0.000314175
0.000383957
0.000410076
0.000392127
0.000331973
0.00023328
0.000101104
-5.83562e-05
-0.00023782
-0.000428855
-0.000621829
-0.000806081
-0.000970397
-0.00110383
-0.00119674
-0.00124175
-0.00123455
-0.00117421
-0.00106303
-0.000906033
-0.0007103
-0.000484375
-0.000237974
1.80091e-05
0.000271354
0.000508537
0.000715188
0.000877082
0.000981553
0.001019
0.00098412
0.000876523
0.000700618
0.000464831
0.000180503
-0.0001391
-0.000479394
-0.000824651
-0.00115803
-0.00146179
-0.00171812
-0.00191038
-0.00202493
-0.00205284
-0.00199115
-0.00184325
-0.00161834
-0.00132999
-0.000994415
-0.000628736
-0.000249813
0.000126363
0.000484811
0.000811565
0.00109381
0.00132037
0.00148243
0.00157437
0.0015944
0.00154473
0.00143126
0.00126283
0.00105028
0.000805588
0.000541215
0.000269721
3.51144e-06
-0.000245443
-0.00046604
-0.000648635
-0.000785687
-0.000872277
-0.000906363
-0.0008887
-0.000822469
-0.000712767
-0.000566148
-0.000390374
-0.000194445
1.11846e-05
0.000214438
0.000401774
0.000558887
0.000671963
0.000729308
0.000723017
0.000650265
0.000513847
0.00032178
8.60319e-05
-0.000179282
-0.000459793
-0.000742405
-0.00101615
-0.0012723
-0.00150381
-0.00170446
-0.00186809
-0.00198818
-0.002058
-0.00207143
-0.00202403
-0.00191419
-0.00174396
-0.00151931
-0.00124975
-0.000947552
-0.000626499
-0.000300766
1.60798e-05
0.000311694
0.000575246
0.000797488
0.000970796
0.00108931
0.00114923
0.00114917
0.00109049
0.00097742
0.000816971
0.000618476
0.000393029
0.000152854
-8.92213e-05
-0.000320168
-0.000527095
-0.000697663
-0.000820699
-0.000887052
-0.000890635
-0.000829417
-0.000706079
-0.000528042
-0.000306767
-5.6446e-05
0.000207642
0.000470703
0.000719593
0.000943406
0.00113353
0.00128342
0.00138829
0.00144507
0.00145255
0.00141178
0.00132626
0.00120204
0.00104726
0.000871489
0.000684799
0.00049684
0.000316166
0.000149869
3.51809e-06
-0.000118713
-0.000213861
-0.00028005
-0.000316489
-0.000323549
-0.000302854
-0.000257283
-0.000190859
-0.000108482
-1.55621e-05
8.24253e-05
0.000180375
0.000273905
0.000359569
0.000434889
0.000498245
0.000548677
0.000585678
0.000609035
0.000618765
0.000615171
0.00059896
0.000571379
0.00053429
0.00049013
0.000441725
0.000392029
0.00034384
0.000299586
0.000261214
0.000230189
0.000207566
0.000194085
0.000190227
0.000196231
0.000212081
0.000237533
0.000272206
0.000315719
0.000367764
0.00042799
0.000495606
0.000568731
0.000643724
0.000714789
0.000774149
0.000812905
0.000822439
0.000796036
0.000730255
0.000625639
0.000486541
0.000320135
0.000134951
-6.05661e-05
-0.000259043
-0.000454478
-0.000641927
-0.000816858
-0.000974517
-0.00110961
-0.00121642
-0.00128933
-0.00132355
-0.00131589
-0.00126521
-0.00117263
-0.00104144
-0.000876685
-0.0006848
-0.000473206
-0.000249974
-2.35048e-05
0.000197812
0.000405994
0.000593877
0.000755485
0.000886266
0.000983117
0.00104419
0.00106855
0.00105586
0.00100629
0.000920659
0.000800843
0.000650273
0.000474304
0.000280255
7.70483e-05
-0.000125541
-0.000317841
-0.00049119
-0.000638596
-0.000755019
-0.000837299
-0.000883875
-0.000894458
-0.000869783
-0.000811497
-0.000722158
-0.000605265
-0.000465266
-0.000307471
-0.000137888
3.6981e-05
0.000210323
0.000210323
0.000375133
0.000524341
0.000650992
0.000748582
0.00081156
0.000835953
0.000819983
0.000764505
0.000673121
0.000551898
0.000408727
0.000252455
9.20142e-05
-6.42933e-05
-0.000209245
-0.000336901
-0.000442661
-0.000523298
-0.000577049
-0.000603716
-0.000604716
-0.000582997
-0.00054277
-0.000489062
-0.000427174
-0.000362199
-0.000298695
-0.000240603
-0.000191321
-0.000153834
-0.000130714
-0.000123903
-0.000134278
-0.000161162
-0.00020201
-0.000252472
-0.000306872
-0.000359039
-0.000403287
-0.000435276
-0.000452518
-0.000454399
-0.000441778
-0.00041632
-0.000379851
-0.000333939
-0.000279803
-0.000218516
-0.000151342
-8.00248e-05
-6.88192e-06
6.53218e-05
0.000133682
0.000195523
0.000248707
0.000291778
0.000323932
0.000344875
0.000354662
0.000353614
0.000342329
0.000321776
0.000293392
0.000259116
0.000221284
0.000182401
0.000144814
0.000110347
8.00053e-05
5.38198e-05
3.09055e-05
9.7316e-06
-1.14839e-05
-3.4367e-05
-6.00648e-05
-8.90799e-05
-0.000121292
-0.000156135
-0.00019285
-0.000230719
-0.000269203
-0.000307945
-0.000346661
-0.00038498
-0.000422319
-0.000457858
-0.000490597
-0.000519482
-0.000543526
-0.000561899
-0.000573964
-0.000579271
-0.000577539
-0.000568669
-0.0005528
-0.000530381
-0.000502241
-0.000469612
-0.000434057
-0.000397293
-0.000360932
-0.000326172
-0.000293524
-0.00026264
-0.000232286
-0.000200494
-0.000164833
-0.000122704
-7.15906e-05
-9.23999e-06
6.61678e-05
0.000155818
0.000259998
0.000377803
0.000506887
0.000643388
0.000782123
0.000917062
0.00104201
0.00115132
0.00124045
0.0013062
0.00134664
0.00136088
0.00134866
0.00131017
0.00124599
0.00115725
0.00104584
0.000914704
0.000767782
0.000609883
0.000446274
0.000282236
0.000122673
-2.81197e-05
-0.000166525
-0.000289544
-0.000394691
-0.000479945
-0.000543749
-0.000585052
-0.000603275
-0.000598177
-0.00056966
-0.000517617
-0.000441963
-0.000342911
-0.00022147
-8.00458e-05
7.70765e-05
0.00024359
0.000411498
0.000571896
0.000716017
0.000836257
0.000926921
0.000984531
0.00100771
0.000996802
0.000953381
0.000879943
0.000779763
0.000656971
0.000516674
0.000364989
0.000208851
5.56014e-05
-8.75847e-05
-0.000214272
-0.000319211
-0.000398577
-0.000450021
-0.000472579
-0.000466556
-0.000433423
-0.000375775
-0.000297303
-0.000202714
-9.75409e-05
1.21715e-05
0.000120273
0.000220927
0.000308964
0.00038012
0.000431153
0.000459874
0.000465194
0.000447199
0.000407269
0.000348164
0.000273976
0.000189901
0.000101803
1.56493e-05
-6.308e-05
-0.000129878
-0.000181494
-0.00021596
-0.000232422
-0.000230894
-0.000212074
-0.000177306
-0.000128686
-6.91997e-05
-2.7659e-06
6.59031e-05
0.000131664
0.00018946
0.000234869
0.000264533
0.000276355
0.000269437
0.000243817
0.000200163
0.000139543
6.3375e-05
-2.64819e-05
-0.000127545
-0.000236586
-0.000349659
-0.000462323
-0.000570015
-0.000668479
-0.000754114
-0.000824151
-0.000876616
-0.000910158
-0.000923827
-0.000916949
-0.000889177
-0.000840706
-0.000772555
-0.000686781
-0.000586489
-0.000475632
-0.000358628
-0.000239938
-0.000123728
-1.37106e-05
8.68262e-05
0.000174879
0.000247615
0.000302405
0.000337043
0.000350102
0.000341298
0.000311723
0.000263848
0.000201254
0.000128189
4.90559e-05
-3.20214e-05
-0.000111454
-0.000186258
-0.000253974
-0.000312553
-0.000360317
-0.000396119
-0.000419678
-0.000431963
-0.0004354
-0.000433694
-0.000431182
-0.000431857
-0.000438368
-0.000451341
-0.000469271
-0.000489048
-0.000506959
-0.00051985
-0.000526044
-0.000525708
-0.000520593
-0.000513271
-0.000506233
-0.000501176
-0.000498738
-0.000498694
-0.000500458
-0.000503622
-0.000508285
-0.000515057
-0.00052476
-0.000537998
-0.000554769
-0.00057427
-0.000594935
-0.00061462
-0.000630828
-0.0006409
-0.000642148
-0.000631969
-0.000608001
-0.000568361
-0.000511967
-0.000438845
-0.000350315
-0.000248972
-0.000138441
-2.30018e-05
9.28198e-05
0.00020457
0.000308048
0.000399367
0.000474988
0.000531815
0.000567384
0.000580135
0.000569721
0.000537233
0.000485237
0.000417585
0.00033902
0.000254685
0.000169663
8.86319e-05
1.56799e-05
-4.57408e-05
-9.27997e-05
-0.000123284
-0.000135667
-0.000135667
-0.000129258
-0.000104391
-6.25824e-05
-6.58481e-06
5.96945e-05
0.000131415
0.000203154
0.000269326
0.000324622
0.00036442
0.000385117
0.000384376
0.000361283
0.000316423
0.000251852
0.000170916
7.79654e-05
-2.20422e-05
-0.000123956
-0.000222822
-0.000314186
-0.000394275
-0.00046007
-0.000509282
-0.000540288
-0.000552067
-0.000544172
-0.000516728
-0.000470432
-0.000406517
-0.000326665
-0.000232853
-0.000127198
-1.18301e-05
0.000111127
0.000239472
0.000370769
0.000502177
0.000630299
0.000751106
0.000859986
0.000951954
0.00102201
0.00106566
0.00107944
0.00106144
0.0010116
0.00093185
0.000825941
0.000699108
0.000557558
0.000407915
0.000256744
0.000110202
-2.61547e-05
-0.00014749
-0.000249794
-0.000330059
-0.000386492
-0.000418708
-0.00042781
-0.000416279
-0.00038766
-0.000346039
-0.000295434
-0.000239217
-0.000179756
-0.000118374
-5.56462e-05
8.10384e-06
7.22816e-05
0.000135664
0.000196312
0.000251787
0.000299571
0.000337556
0.00036442
0.000379765
0.000383983
0.000377923
0.00036252
0.000338568
0.000306689
0.000267516
0.000221973
0.000171512
0.000118205
6.46362e-05
1.36229e-05
-3.21391e-05
-7.0377e-05
-9.93986e-05
-0.000118087
-0.000125791
-0.000122196
-0.000107273
-8.13454e-05
-4.5257e-05
-5.5841e-07
5.03854e-05
0.000104452
0.000158008
0.000207301
0.000248892
0.000280031
0.000298865
0.000304467
0.000296722
0.000276148
0.00024375
0.000200955
0.000149629
9.21261e-05
3.12867e-05
-2.96705e-05
-8.73739e-05
-0.000138608
-0.000180635
-0.000211426
-0.000229767
-0.00023522
-0.000227998
-0.000208843
-0.000178966
-0.000140084
-9.45047e-05
-4.51841e-05
4.34768e-06
5.02286e-05
8.86482e-05
0.000116294
0.000130761
0.000130832
0.000116573
8.92328e-05
5.09975e-05
4.67306e-06
-4.66238e-05
-9.97009e-05
-0.00015142
-0.000198726
-0.000238626
-0.000268173
-0.000284512
-0.000285025
-0.000267567
-0.000230751
-0.000174227
-9.88672e-05
-6.85619e-06
9.83582e-05
0.000212231
0.000329393
0.000444004
0.000550153
0.000642266
0.000715501
0.000766094
0.000791622
0.000791147
0.000765249
0.000715937
0.000646462
0.000561066
0.000464678
0.000362577
0.000260056
0.000162084
7.30121e-05
-3.65761e-06
-6.53765e-05
-0.000110548
-0.000138433
-0.000149011
-0.000142829
-0.000120909
-8.47149e-05
-3.61583e-05
2.24131e-05
8.82909e-05
0.000158559
0.000230294
0.000300767
0.00036758
0.000428717
0.000482503
0.000527468
0.000562219
0.000585351
0.000595484
0.000591408
0.000572322
0.00053809
0.000489425
0.000427958
0.00035615
0.000277092
0.000194227
0.000111058
3.09019e-05
-4.32759e-05
-0.000108943
-0.000164023
-0.000206906
-0.000236461
-0.000252088
-0.000253767
-0.000242103
-0.000218331
-0.000184264
-0.000142195
-9.47579e-05
-4.48096e-05
4.67211e-06
5.06469e-05
9.00678e-05
0.000119976
0.000137666
0.000140916
0.000128279
9.93696e-05
5.50682e-05
-2.44842e-06
-6.98855e-05
-0.00014319
-0.00021802
-0.000290215
-0.000356165
-0.00041301
-0.000458674
-0.000491792
-0.000511618
-0.00051797
-0.000511237
-0.000492423
-0.000463157
-0.000425604
-0.00038226
-0.000335676
-0.000288182
-0.000241709
-0.000197758
-0.000157505
-0.000121992
-9.22962e-05
-6.96117e-05
-5.51989e-05
-5.02208e-05
-5.5528e-05
-7.14725e-05
-9.78088e-05
-0.000133701
-0.00017781
-0.000228403
-0.00028345
-0.000340674
-0.000397588
-0.000451549
-0.000499878
-0.000540042
-0.00056988
-0.000587838
-0.00059314
-0.000585864
-0.000566913
-0.000537907
-0.000501028
-0.00045883
-0.000414064
-0.000369535
-0.000327964
-0.000291857
-0.000263374
-0.000244212
-0.00023553
-0.000237901
-0.000251327
-0.000275282
-0.000308782
-0.000350446
-0.000398514
-0.000450809
-0.000504631
-0.000556657
-0.000602926
-0.000638988
-0.000660265
-0.000662568
-0.00064268
-0.000598892
-0.000531343
-0.000442125
-0.000335081
-0.000215384
-8.89612e-05
3.80885e-05
0.000159989
0.000271614
0.000368648
0.000447656
0.000506093
0.000542302
0.000555524
0.000545925
0.000514619
0.000463664
0.000395993
0.000315282
0.000225752
0.000131949
3.85058e-05
-5.00581e-05
-0.000129525
-0.000196125
-0.00024666
-0.000278627
-0.000290323
-0.000280941
-0.000250604
-0.000200352
-0.000132036
-4.81618e-05
-4.81618e-05
4.8305e-05
0.000154117
0.000265861
0.000380006
0.000492891
0.000600674
0.000699322
0.000784686
0.000852712
0.000899778
0.000923097
0.000921088
0.000893635
0.000842169
0.000769586
0.000680018
0.000578544
0.000470866
0.000362969
0.000260751
0.000169585
9.38322e-05
3.63687e-05
-1.74153e-06
-2.13155e-05
-2.47955e-05
-1.57129e-05
1.99982e-06
2.46699e-05
4.93435e-05
7.39484e-05
9.71785e-05
0.000118213
0.00013641
0.000151112
0.000161605
0.000167236
0.00016757
0.000162494
0.000152181
0.000136916
0.000116898
9.20901e-05
6.22392e-05
2.7061e-05
-1.34477e-05
-5.86877e-05
-0.000107251
-0.000156927
-0.000204935
-0.000248341
-0.000284531
-0.000311594
-0.000328541
-0.00033532
-0.000332718
-0.000322241
-0.000306036
-0.000286825
-0.000267802
-0.000252399
-0.000243864
-0.000244701
-0.00025609
-0.000277507
-0.000306699
-0.000340087
-0.000373499
-0.000403027
-0.000425721
-0.000439906
-0.000445065
-0.000441386
-0.00042919
-0.000408503
-0.000378958
-0.000340053
-0.000291651
-0.000234488
-0.000170463
-0.000102567
-3.44806e-05
3.00455e-05
8.77897e-05
0.000136452
0.000174748
0.000202253
0.000219144
0.000225999
0.000223766
0.000213892
0.00019851
0.000180508
0.00016339
0.000150892
0.000146449
0.000152655
0.000170922
0.000201427
0.000243339
0.000295197
0.000355231
0.000421467
0.000491517
0.000562198
0.000629197
0.000687046
0.000729533
0.000750515
0.000744936
0.000709755
0.000644484
0.000551185
0.000433967
0.000298174
0.000149582
-6.12624e-06
-0.000163473
-0.000316994
-0.000460959
-0.000589288
-0.000695805
-0.000774838
-0.000821992
-0.000834855
-0.000813384
-0.000759853
-0.000678374
-0.00057421
-0.000453094
-0.000320767
-0.000182819
-4.47535e-05
8.78681e-05
0.000209414
0.000314416
0.00039805
0.000456744
0.000488716
0.000494254
0.000475608
0.000436552
0.000381741
0.000316061
0.000244154
0.000170189
9.7855e-05
3.04648e-05
-2.89598e-05
-7.77129e-05
-0.000113553
-0.000134921
-0.000141123
-0.000132393
-0.000109786
-7.49362e-05
-2.97461e-05
2.38693e-05
8.41124e-05
0.00014928
0.000217631
0.000287233
0.000355877
0.000421115
0.000480421
0.000531421
0.00057212
0.000601048
0.000617289
0.000620412
0.00061037
0.000587431
0.00055219
0.000505657
0.000449369
0.00038546
0.000316637
0.000246004
0.000176769
0.000111899
5.38099e-05
4.17957e-06
-3.60865e-05
-6.67398e-05
-8.79959e-05
-0.000100339
-0.000104392
-0.000100878
-9.06703e-05
-7.48781e-05
-5.4922e-05
-3.25363e-05
-9.68308e-06
1.16039e-05
2.93936e-05
4.20114e-05
4.81441e-05
4.68829e-05
3.77171e-05
2.05044e-05
-4.55236e-06
-3.69152e-05
-7.57084e-05
-0.000119714
-0.000167387
-0.000216905
-0.000266275
-0.000313459
-0.000356516
-0.000393726
-0.000423697
-0.000445431
-0.000458351
-0.000462285
-0.000457452
-0.000444433
-0.000424141
-0.000397763
-0.000366709
-0.000332522
-0.000296765
-0.000260884
-0.000226087
-0.000193282
-0.000163075
-0.000135833
-0.000111793
-9.11781e-05
-7.43244e-05
-6.17639e-05
-5.42539e-05
-5.27353e-05
-5.82209e-05
-7.16235e-05
-9.35559e-05
-0.000124154
-0.000162963
-0.000208901
-0.000260332
-0.000315213
-0.000371299
-0.000426332
-0.000478171
-0.000524806
-0.000564293
-0.000594672
-0.000613958
-0.000620247
-0.000611936
-0.00058802
-0.000548364
-0.000493862
-0.000426386
-0.000348554
-0.000263377
-0.000173885
-8.28613e-05
7.24428e-06
9.4226e-05
0.000175925
0.000250049
0.000314115
0.000365593
0.000402228
0.00042249
0.000425992
0.00041377
0.000388298
0.00035323
0.000312925
0.000271864
0.000234102
0.000202818
0.000180022
0.000166397
0.000161296
0.00016287
0.000168359
0.000174487
0.000177926
0.000175746
0.000165789
0.000146882
0.00011883
8.22206e-05
3.80983e-05
-1.23525e-05
-6.80201e-05
-0.000127888
-0.00019088
-0.000255603
-0.000320148
-0.000382029
-0.000438354
-0.000486189
-0.000523029
-0.000547267
-0.0005585
-0.000557597
-0.00054647
-0.000527627
-0.000503627
-0.000476585
-0.000447877
-0.000418114
-0.000387363
-0.000355518
-0.000322677
-0.000289398
-0.000256767
-0.000226242
-0.00019936
-0.000177399
-0.000161144
-0.000150782
-0.000145971
-0.000146016
-0.000150051
-0.000157165
-0.000166424
-0.00017682
-0.000187207
-0.000187207
-0.000196272
-0.000202604
-0.000204851
-0.000201911
-0.000193127
-0.000178388
-0.000158139
-0.000133284
-0.000105026
-7.46994e-05
-4.36406e-05
-1.3136e-05
1.5578e-05
4.13225e-05
6.305e-05
7.99624e-05
9.16007e-05
9.78877e-05
9.91587e-05
9.61834e-05
9.01302e-05
8.24425e-05
7.46675e-05
6.82928e-05
6.46151e-05
6.46323e-05
6.89547e-05
7.77484e-05
9.0727e-05
0.000107207
0.000126223
0.000146686
0.000167525
0.000187806
0.000206773
0.000223852
0.000238611
0.000250709
0.000259859
0.000265812
0.000268403
0.000267633
0.000263771
0.00025741
0.000249452
0.000241019
0.00023331
0.000227446
0.000224326
0.000224559
0.000228462
0.000236119
0.000247477
0.000262422
0.000280824
0.000302518
0.000327241
0.000354546
0.00038376
0.000413983
0.000444158
0.000473145
0.000499787
0.000522934
0.000541408
0.000553967
0.000559283
0.000556016
0.000542981
0.000519382
0.000485053
0.000440625
0.000387591
0.000328234
0.00026547
0.000202623
0.00014319
9.06046e-05
4.80058e-05
1.80025e-05
2.42974e-06
2.11212e-06
1.66977e-05
4.46325e-05
8.33153e-05
0.000129419
0.000179318
0.000229514
0.000276963
0.000319226
0.000354453
0.00038126
0.000398581
0.000405596
0.000401798
0.000387148
0.000362253
0.000328465
0.000287848
0.000242977
0.000196625
0.000151417
0.000109548
7.26078e-05
4.15373e-05
1.66725e-05
-2.14698e-06
-1.54538e-05
-2.40388e-05
-2.88597e-05
-3.09678e-05
-3.14353e-05
-3.1266e-05
-3.12913e-05
-3.2072e-05
-3.38289e-05
-3.64166e-05
-3.93515e-05
-4.19075e-05
-4.3275e-05
-4.27516e-05
-3.9923e-05
-3.47943e-05
-2.78401e-05
-1.99508e-05
-1.22739e-05
-5.9931e-06
-2.11074e-06
-1.28527e-06
-3.74797e-06
-9.30506e-06
-1.74122e-05
-2.72861e-05
-3.80173e-05
-4.86706e-05
-5.83766e-05
-6.64183e-05
-7.23173e-05
-7.59231e-05
-7.74878e-05
-7.76762e-05
-7.74809e-05
-7.80471e-05
-8.04363e-05
-8.53744e-05
-9.30477e-05
-0.000103009
-0.000114224
-0.00012525
-0.000134517
-0.000140612
-0.00014251
-0.000139685
-0.000132106
-0.000120129
-0.00010433
-8.53614e-05
-6.38603e-05
-4.04367e-05
-1.57192e-05
9.56287e-06
3.45131e-05
5.80638e-05
7.90517e-05
9.63624e-05
0.000109119
0.000116893
0.000119885
0.000119035
0.000115992
0.000112948
0.000112324
0.000116367
0.000126725
0.000144084
0.000167965
0.000196746
0.000227922
0.000258558
0.000285795
0.000307303
0.000321555
0.000327888
0.000326352
0.000317438
0.000301808
0.000280103
0.000252885
0.000220689
0.000184123
0.000143949
0.000101068
5.64274e-05
1.08926e-05
-3.48369e-05
-8.02326e-05
-0.000124841
-0.000168116
-0.000209236
-0.000247002
-0.000279851
-0.000306023
-0.000323831
-0.000331976
-0.000329797
-0.000317397
-0.000295613
-0.000265873
-0.000230004
-0.000190048
-0.000148161
-0.000106587
-6.76946e-05
-3.39816e-05
-8.00069e-06
7.83308e-06
1.1514e-05
1.73526e-06
-2.18827e-05
-5.86845e-05
-0.000107009
-0.000164323
-0.000227414
-0.000292596
-0.000355926
-0.000413418
-0.000461282
-0.000496181
-0.000515509
-0.000517659
-0.000502222
-0.000470055
-0.000423189
-0.000364579
-0.00029775
-0.000226434
-0.000154265
-8.45696e-05
-2.02835e-05
3.60524e-05
8.2265e-05
0.000116543
0.000137479
0.00014417
0.00013634
0.000114459
7.97803e-05
3.43117e-05
-1.93133e-05
-7.80191e-05
-0.000138512
-0.0001975
-0.000251878
-0.000298879
-0.000336177
-0.000361974
-0.000375042
-0.00037476
-0.000361134
-0.000334812
-0.000297049
-0.00024966
-0.000194929
-0.000135486
-7.41526e-05
-1.37719e-05
4.29582e-05
9.36498e-05
0.000136373
0.000169762
0.000193063
0.000206125
0.000209333
0.000203503
0.000189765
0.000169459
0.000144053
0.000115103
8.4228e-05
5.30797e-05
2.32717e-05
-3.74371e-06
-2.68449e-05
-4.54155e-05
-5.94483e-05
-6.95245e-05
-7.66671e-05
-8.21035e-05
-8.69996e-05
-9.22386e-05
-9.83122e-05
-0.000105348
-0.000113237
-0.000121793
-0.000130828
-0.000140122
-0.000149251
-0.000157389
-0.000163177
-0.000164779
-0.00016014
-0.000147401
-0.000125353
-9.38255e-05
-5.39252e-05
-8.06686e-06
4.01935e-05
8.65032e-05
0.000126176
0.0001547
0.000168218
0.000163936
0.000140476
9.81684e-05
3.92994e-05
-3.17853e-05
-0.000108813
-0.00018404
-0.000249027
-0.000295631
-0.000317043
-0.000308713
-0.000308713
-0.00026904
-0.000199742
-0.000105839
4.77702e-06
0.000122186
0.000235623
0.00033484
0.000411441
0.000459921
0.000478178
0.000467383
0.000431203
0.000374565
0.000302257
0.000217758
0.000122638
1.67025e-05
-0.000101184
-0.00023185
-0.000374502
-0.000525649
-0.000678515
-0.000823106
-0.000947007
-0.00103684
-0.00108016
-0.00106745
-0.000993896
-0.000860586
-0.000674814
-0.000449419
-0.000201145
5.16064e-05
0.00029114
0.000502425
0.000674252
0.000799498
0.000874677
0.000899187
0.000874659
0.000804663
0.000694765
0.000552733
0.000388511
0.000213698
4.04211e-05
-0.00012022
-0.000259705
-0.000373124
-0.000459296
-0.000519888
-0.000557852
-0.000575697
-0.00057424
-0.000552259
-0.000507195
-0.000436616
-0.000339934
-0.000219739
-8.22681e-05
6.32038e-05
0.000205835
0.000335081
0.000442365
0.00052209
0.000571814
0.00059167
0.000583393
0.000549348
0.00049193
0.000413446
0.000316418
0.000204051
8.0599e-05
-4.85647e-05
-0.00017724
-0.000298921
-0.000407372
-0.00049708
-0.000563529
-0.000603304
-0.000614105
-0.000594785
-0.000545453
-0.000467636
-0.000364421
-0.000240477
-0.000101895
4.41325e-05
0.000189736
0.000326854
0.000447727
0.00054538
0.000614092
0.000649852
0.000650783
0.000617433
0.00055282
0.000462158
0.000352277
0.000230825
0.000105453
-1.68674e-05
-0.00013025
-0.000230001
-0.000312505
-0.000375037
-0.000415618
-0.000433008
-0.000426828
-0.000397735
-0.000347535
-0.000279129
-0.00019628
-0.00010327
-4.54656e-06
9.55528e-05
0.00019295
0.000283849
0.0003647
0.000432201
0.000483389
0.000515836
0.000527899
0.000518957
0.000489555
0.00044139
0.000377144
0.00030022
0.000214433
0.000123755
3.21375e-05
-5.65935e-05
-0.000138803
-0.000211112
-0.000270495
-0.000314404
-0.000340923
-0.000348896
-0.000338013
-0.000308834
-0.000262748
-0.000201875
-0.000128961
-4.72544e-05
3.96154e-05
0.000127774
0.000213257
0.000292175
0.000360897
0.000416236
0.000455617
0.000477212
0.00048004
0.000464018
0.000429973
0.00037961
0.000315439
0.000240671
0.000159072
7.47782e-05
-7.94448e-06
-8.4958e-05
-0.000152505
-0.000207434
-0.000247386
-0.000270897
-0.000277423
-0.000267287
-0.000241574
-0.000202
-0.000150781
-9.0511e-05
-2.40517e-05
4.55611e-05
0.00011522
0.000181847
0.000242509
0.000294531
0.000335624
0.000364003
0.000378476
0.000378498
0.000364202
0.000336395
0.00029651
0.00024653
0.000188875
0.000126275
6.16293e-05
-2.14004e-06
-6.22248e-05
-0.000116049
-0.000161374
-0.000196393
-0.000219788
-0.000230775
-0.000229138
-0.000215232
-0.000189968
-0.000154763
-0.000111465
-6.22633e-05
-9.57108e-06
4.40968e-05
9.62495e-05
0.000144534
0.000186829
0.000221322
0.000246579
0.000261598
0.000265846
0.000259274
0.000242321
0.000215901
0.000181357
0.000140399
9.50118e-05
4.735e-05
-3.73806e-07
-4.59962e-05
-8.75021e-05
-0.000123113
-0.000151358
-0.000171127
-0.000181713
-0.000182839
-0.00017466
-0.00015776
-0.000133119
-0.000102061
-6.6182e-05
-2.72667e-05
1.28026e-05
5.21372e-05
8.89241e-05
0.000121503
0.000148439
0.000168575
0.000181078
0.000185472
0.000181661
0.000169928
0.000150912
0.000125577
9.51635e-05
6.11205e-05
2.50333e-05
-1.14529e-05
-4.6704e-05
-7.91665e-05
-0.000107437
-0.00013033
-0.000146923
-0.000156601
-0.000159074
-0.000154396
-0.00014295
-0.000125419
-0.000102745
-7.60849e-05
-4.6753e-05
-1.61596e-05
1.42543e-05
4.30816e-05
6.9011e-05
9.08843e-05
0.000107747
0.000118893
0.000123896
0.00012262
0.000115217
0.000102117
8.39983e-05
6.17586e-05
3.64635e-05
9.30005e-06
-1.84791e-05
-4.56173e-05
-7.09122e-05
-9.32637e-05
-0.000111722
-0.000125534
-0.000134175
-0.00013737
-0.000135097
-0.00012758
-0.000115271
-9.88337e-05
-7.91124e-05
-5.7087e-05
-3.38229e-05
-1.04225e-05
1.2024e-05
3.249e-05
5.00621e-05
6.39799e-05
7.36662e-05
7.8746e-05
7.90575e-05
7.46562e-05
6.58118e-05
5.29924e-05
3.68397e-05
1.81395e-05
-2.21275e-06
-2.32578e-05
-4.40244e-05
-6.3578e-05
-8.10619e-05
-9.57329e-05
-0.000106991
-0.000114405
-0.000117722
-0.000116872
-0.000111973
-0.000103323
-9.13873e-05
-7.67777e-05
-6.02193e-05
-4.2517e-05
-2.45135e-05
-2.45135e-05
-7.04678e-06
9.09113e-06
2.31875e-05
3.46367e-05
4.29635e-05
4.78434e-05
4.78434e-05
