-8.91192e-10
-1.55195e-08
-1.25542e-07
-6.326e-07
-2.24957e-06
-6.08055e-06
-1.31744e-05
-2.38745e-05
-3.75203e-05
-5.27521e-05
-6.80874e-05
-8.22961e-05
-9.44469e-05
-0.00010382
-0.000109907
-0.000112532
-0.00011191
-0.000108489
-0.000102642
-9.44846e-05
-8.39627e-05
-7.11403e-05
-5.64302e-05
-4.06143e-05
-2.46802e-05
-9.61888e-06
3.70569e-06
1.46158e-05
2.26609e-05
2.76446e-05
2.95949e-05
2.86612e-05
2.49902e-05
1.8669e-05
9.78172e-06
-1.46206e-06
-1.46214e-05
-2.90131e-05
-4.37957e-05
-5.8095e-05
-7.11133e-05
-8.2192e-05
-9.0838e-05
-9.67218e-05
-9.96465e-05
-9.94929e-05
-9.61721e-05
-8.96184e-05
-7.9832e-05
-6.69448e-05
-5.12666e-05
-3.32842e-05
-1.36099e-05
7.09513e-06
2.81962e-05
4.91376e-05
6.94614e-05
8.87989e-05
0.000106847
0.000123342
0.00013805
0.00015077
0.000161374
0.000169851
0.000176325
0.000181059
0.000184424
0.000186857
0.000188809
0.000190689
0.000192844
0.00019553
0.0001989
0.000202987
0.000207698
0.000212786
0.00021786
0.0002224
0.000225804
0.000227437
0.000226689
0.000223016
0.000215961
0.000205152
0.000190289
0.000171122
0.000147444
0.000119102
8.60398e-05
4.83557e-05
6.35265e-06
-3.94445e-05
-8.83192e-05
-0.000139437
-0.000191934
-0.000244997
-0.00029792
-0.000350114
-0.000401087
-0.000450377
-0.000497487
-0.000541825
-0.000582695
-0.000619321
-0.000650912
-0.000676743
-0.000696215
-0.000708913
-0.000714635
-0.000713389
-0.000705367
-0.000690874
-0.000670256
-0.000643809
-0.000611717
-0.00057402
-0.000530657
-0.000481545
-0.000426709
-0.000366392
-0.000301142
-0.000231809
-0.00015948
-8.5343e-05
-1.05256e-05
6.4074e-05
0.000137926
0.000210959
0.000283587
0.000356662
0.000431343
0.000508909
0.000590544
0.000677145
0.000769187
0.000866628
0.000968873
0.00107477
0.00118259
0.00129005
0.00139428
0.00149181
0.00157867
0.00165047
0.00170267
0.00173079
0.00173081
0.00169948
0.00163462
0.00153522
0.0014012
0.00123298
0.00103091
0.000794987
0.000525036
0.000221449
-0.00011358
-0.000474756
-0.000852758
-0.00123412
-0.00160206
-0.00193821
-0.00222472
-0.00244647
-0.00259272
-0.002658
-0.00264214
-0.00254945
-0.0023875
-0.00216581
-0.00189483
-0.00158528
-0.00124802
-0.000893896
-0.000533712
-0.000177812
0.000164485
0.000485561
0.000780082
0.0010453
0.00128103
0.00148917
0.00167295
0.00183582
0.00198022
0.00210662
0.00221298
0.00229508
0.00234754
0.00236541
0.00234601
0.00229053
0.00220513
0.00210092
0.0019929
0.00189789
0.001832
0.0018083
0.00183532
0.00191663
0.00205136
0.00223479
0.0024559
0.00268835
0.00287886
0.00295051
0.00283335
0.00250112
0.00197755
0.00130855
0.000534227
-0.000315476
-0.0012099
-0.00211023
-0.00297371
-0.00376531
-0.00446377
-0.00505297
-0.00550764
-0.00579086
-0.00586766
-0.00572253
-0.00536717
-0.00483513
-0.00417017
-0.00341711
-0.00261832
-0.00181279
-0.00103413
-0.000308304
0.000345393
0.00090937
0.00136287
0.0016822
0.00184688
0.00184752
0.00169009
0.00139443
0.000988855
0.000504785
-2.65706e-05
-0.000575692
-0.00111542
-0.00162099
-0.0020691
-0.00243652
-0.00269954
-0.00283583
-0.00282831
-0.00266939
-0.00236303
-0.0019238
-0.00137368
-0.000738364
-4.44492e-05
0.000682095
0.00141637
0.00213422
0.00281162
0.00342404
0.00394682
0.00435661
0.00463391
0.00476559
0.00474646
0.00457924
0.00427322
0.00384226
0.00330304
0.00267373
0.00197286
0.00121791
0.00042348
-0.000400259
-0.00124742
-0.00211348
-0.00299003
-0.00385913
-0.00468992
-0.00543898
-0.00605469
-0.00648445
-0.00668315
-0.00662102
-0.00628926
-0.00570189
-0.00489325
-0.00391188
-0.00281265
-0.0016498
-0.000472459
0.000676647
0.00176008
0.00274369
0.0035951
0.00428374
0.00478273
0.00507208
0.00514225
0.00499644
0.00465044
0.00412917
0.00346078
0.00267065
0.00177857
0.0008012
-0.000241149
-0.00131685
-0.00237866
-0.00336524
-0.00420838
-0.00484361
-0.00522136
-0.00531556
-0.00512761
-0.00468446
-0.00403151
-0.0032227
-0.00231155
-0.0013458
-0.000366729
0.000588485
0.000588485
0.00148371
0.00228212
0.00294647
0.00344128
0.00373602
0.00380878
0.0036494
0.00326115
0.00266087
0.00187775
0.000951886
-6.679e-05
-0.00111925
-0.00213878
-0.00305434
-0.00379636
-0.00430442
-0.00453529
-0.00446932
-0.00411347
-0.00350001
-0.00268115
-0.00172094
-0.000686396
0.000359798
0.00136365
0.00228103
0.00307672
0.00372258
0.0041965
0.00448242
0.00457162
0.00446448
0.00417189
0.00371543
0.00312578
0.00243973
0.00169639
0.000933789
0.000186741
-0.000513981
-0.00114139
-0.00167176
-0.00208442
-0.00236227
-0.00249283
-0.00246964
-0.00229335
-0.00197242
-0.0015231
-0.000969145
-0.000341099
0.000324624
0.000987474
0.00160558
0.00213955
0.00255648
0.00283342
0.0029593
0.00293516
0.0027728
0.00249206
0.00211749
0.00167508
0.00118976
0.000684289
0.000179528
-0.000304526
-0.000747743
-0.00112977
-0.00143128
-0.00163667
-0.00173749
-0.00173544
-0.00164345
-0.00148353
-0.00128193
-0.00106297
-0.000843876
-0.000632132
-0.000425871
-0.000216683
6.28028e-06
0.000252096
0.000524857
0.0008222
0.00113569
0.00145231
0.0017555
0.00202463
0.00223343
0.00234951
0.00233769
0.00216746
0.00182246
0.0013083
0.00065589
-8.0657e-05
-0.000830987
-0.0015187
-0.00207296
-0.00243926
-0.00258734
-0.00251448
-0.00224386
-0.00181845
-0.00129209
-0.000719586
-0.000148342
0.000386852
0.00086514
0.00127765
0.00162378
0.00190722
0.00213268
0.00230376
0.00242177
0.00248573
0.00249335
0.00244268
0.00233396
0.0021707
0.00195965
0.00170986
0.00143138
0.00113432
0.00082854
0.000523594
0.000228907
-4.61162e-05
-0.000292002
-0.000499285
-0.000658945
-0.000763283
-0.000807018
-0.000788169
-0.000708327
-0.000572247
-0.000387058
-0.000161565
9.39887e-05
0.000367595
0.000644866
0.000908588
0.00113898
0.00131491
0.00141619
0.00142646
0.00133626
0.00114544
0.00086406
0.00051165
0.000114727
-0.000296624
-0.000692292
-0.00104501
-0.00133216
-0.00153645
-0.00164583
-0.00165291
-0.0015545
-0.00135127
-0.00104798
-0.000654021
-0.000184303
0.000339652
0.000888945
0.00142751
0.00191406
0.00230622
0.00256611
0.00266621
0.00259368
0.00235211
0.00196009
0.00144733
0.000849056
0.000200429
-0.000467717
-0.00113066
-0.00176896
-0.00236581
-0.00290409
-0.0033644
-0.00372522
-0.00396494
-0.00406527
-0.00401481
-0.00381177
-0.00346488
-0.00299232
-0.00241909
-0.00177361
-0.00108475
-0.000379959
0.000315362
0.000977704
0.0015851
0.00211729
0.00255651
0.00288886
0.00310559
0.00320393
0.00318711
0.00306344
0.00284497
0.00254589
0.00218119
0.00176571
0.00131343
0.000836455
0.000343782
-0.000159709
-0.000672711
-0.00119462
-0.00172096
-0.00223902
-0.00272593
-0.00315018
-0.00347648
-0.00367263
-0.00371676
-0.00360307
-0.00334454
-0.00297166
-0.0025272
-0.00205856
-0.00160964
-0.0012145
-0.000894055
-0.000656111
-0.000498056
-0.0004107
-0.000381855
-0.000398617
-0.000448097
-0.000517132
-0.000591887
-0.000658181
-0.000702768
-0.000715208
-0.000689518
-0.000624844
-0.000524734
-0.000395173
-0.000242053
-6.90668e-05
0.000123016
0.000335025
0.000566089
0.000809422
0.00104923
0.00126086
0.00141507
0.00148536
0.0014555
0.00132462
0.00110795
0.000833192
0.000534041
0.000242661
-1.67807e-05
-0.000231818
-0.000401645
-0.00053342
-0.000636267
-0.000715175
-0.000767063
-0.000780559
-0.000739926
-0.000632243
-0.000455602
-0.000225056
2.6703e-05
0.000255071
0.000413906
0.000466702
0.000394602
0.000199073
-0.000100638
-0.000473582
-0.000884566
-0.00130109
-0.00169835
-0.00206134
-0.00238376
-0.00266403
-0.00290006
-0.00308445
-0.00320219
-0.00323156
-0.0031478
-0.00292821
-0.00255721
-0.00203024
-0.00135601
-0.000556986
0.000331776
0.00126525
0.00219221
0.00305959
0.00381698
0.00442061
0.00483636
0.00504144
0.00502471
0.00478609
0.00433554
0.00369215
0.00288361
0.00194562
0.000921115
-0.00014113
-0.00118851
-0.00216714
-0.00302475
-0.0037137
-0.00419373
-0.0044342
-0.00441556
-0.00413019
-0.00358321
-0.00358321
-0.00279357
-0.00179557
-0.000639623
0.000609371
0.0018769
0.00308625
0.00416663
0.0050599
0.00572475
0.00613805
0.00629369
0.00619961
0.0058738
0.00534057
0.00462801
0.0037673
0.00279342
0.00174593
0.000668651
-0.000392503
-0.0013933
-0.0022956
-0.00307105
-0.00370297
-0.00418583
-0.00452246
-0.00471993
-0.00478527
-0.00472237
-0.00453096
-0.00420801
-0.00375088
-0.00316147
-0.00244989
-0.00163675
-0.000753735
0.000157859
0.00104999
0.00187184
0.00257437
0.00311498
0.00346176
0.00359696
0.00351911
0.00324326
0.00279916
0.00222736
0.00157413
0.000886228
0.000206704
-0.000427458
-0.000985667
-0.00144246
-0.00177564
-0.00196494
-0.00199237
-0.00184436
-0.00151544
-0.00101224
-0.000356403
0.000414675
0.00124993
0.00208939
0.00287068
0.00353597
0.00403782
0.00434283
0.00443271
0.00430303
0.00396064
0.00342089
0.0027057
0.00184285
0.000866321
-0.000182937
-0.00125685
-0.00230127
-0.00325864
-0.00407203
-0.00468991
-0.00507079
-0.00518703
-0.00502721
-0.00459704
-0.0039188
-0.00302989
-0.00198059
-0.000831319
0.000350586
0.00149492
0.00253325
0.00340398
0.00405746
0.00446042
0.00459915
0.00448065
0.00413139
0.00359366
0.00292007
0.00216716
0.00138925
0.00063349
-6.31535e-05
-0.000674649
-0.00118478
-0.00158485
-0.00187121
-0.00204347
-0.00210369
-0.00205649
-0.00190962
-0.00167453
-0.00136646
-0.00100409
-0.00060867
-0.00020286
0.00019046
0.000549405
0.000854228
0.00108837
0.00123936
0.00129956
0.00126663
0.00114359
0.000938464
0.000663155
0.000331935
-4.03937e-05
-0.000440153
-0.000855831
-0.00127821
-0.00169956
-0.00211216
-0.00250673
-0.00287131
-0.00319096
-0.00344863
-0.00362665
-0.00370877
-0.0036821
-0.00353865
-0.00327625
-0.00289896
-0.00241686
-0.00184559
-0.00120543
-0.000520261
0.000183917
0.000880584
0.00154447
0.00215309
0.00268783
0.00313438
0.00348247
0.00372541
0.00385941
0.00388324
0.00379862
0.00361355
0.00335163
0.00306486
0.00283278
0.00273153
0.00278899
0.00296771
0.00319016
0.00337549
0.00345672
0.00337986
0.00310248
0.00260036
0.00187892
0.000976893
-4.77318e-05
-0.00114147
-0.00226811
-0.00340112
-0.0045058
-0.00552774
-0.00639485
-0.00702874
-0.00735682
-0.00732038
-0.00688014
-0.00602182
-0.00476055
-0.00313959
-0.00122177
0.000921479
0.0032161
0.00558274
0.00792841
0.0101395
0.0120819
0.0136104
0.0145842
0.0148855
0.0144383
0.0132235
0.0112863
0.00873394
0.00572196
0.00243524
-0.00093302
-0.00419889
-0.00720017
-0.00980367
-0.0119083
-0.0134445
-0.0143716
-0.014674
-0.0143573
-0.0134462
-0.0119826
-0.0100256
-0.00765088
-0.00495123
-0.00203632
0.000967876
0.00392135
0.00667473
0.00907657
0.0109827
0.0122666
0.0128279
0.0126
0.0115535
0.00969719
0.00707797
0.00377967
-7.77604e-05
-0.004339
-0.00881525
-0.0132889
-0.0175229
-0.0212742
-0.0243122
-0.0264364
-0.0274933
-0.0273873
-0.0260871
-0.0236248
-0.0200913
-0.0156283
-0.01042
-0.00468384
0.00133766
0.00738549
0.0131939
0.0185018
0.0230654
0.0266715
0.02915
0.030383
0.0303121
0.028941
0.0263357
0.0226214
0.0179764
0.0126241
0.00682069
0.000841205
-0.00503773
-0.0105557
-0.0154853
-0.0196445
-0.0229033
-0.0251836
-0.0264528
-0.0267154
-0.0260036
-0.0243712
-0.0218897
-0.0186486
-0.0147563
-0.0103429
-0.00555972
-0.000576557
0.00442467
0.00925882
0.0137467
0.017723
0.021042
0.0235812
0.0252436
0.0259598
0.0256896
0.0244239
0.0221875
0.0190405
0.0150805
0.0104422
0.00529605
-0.000155858
-0.00568621
-0.0110516
-0.0160048
-0.0203097
-0.0237569
-0.026179
-0.0274605
-0.0275434
-0.0264277
-0.0241693
-0.0208752
-0.0166969
-0.0118223
-0.00646645
-0.000862074
0.00474924
0.0101257
0.0150348
0.019263
0.0226274
0.024984
0.0262362
0.0263383
0.0252976
0.0231736
0.0200752
0.0161559
0.0116086
0.0116086
0.0066582
0.00155273
-0.00344807
-0.00808847
-0.0121351
-0.0153954
-0.0177319
-0.0190698
-0.0193965
-0.0187538
-0.017226
-0.0149256
-0.0119823
-0.00853586
-0.00473335
-0.000731293
0.00330265
0.00719031
0.0107483
0.0137984
0.0161802
0.0177653
0.0184685
0.0182541
0.0171378
0.015182
0.0124894
0.00919308
0.00544932
0.00143002
-0.00268263
-0.0067016
-0.0104409
-0.0137227
-0.0163857
-0.018294
-0.0193447
-0.0194743
-0.0186619
-0.01693
-0.0143427
-0.0110025
-0.0070459
-0.0026387
0.00203041
0.00675719
0.0113311
0.0155461
0.0192116
0.0221631
0.0242709
0.0254466
0.0256458
0.0248693
0.0231604
0.0206018
0.0173104
0.013432
0.00913503
0.00460393
3.24279e-05
-0.00438411
-0.00845677
-0.0120117
-0.0148991
-0.0170031
-0.0182516
-0.0186254
-0.0181643
-0.0169645
-0.0151676
-0.0129416
-0.0104596
-0.00788077
-0.00533801
-0.00293285
-0.000737821
0.00119604
0.00282932
0.00412573
0.00504825
0.00556146
0.00563908
0.00527319
0.0044816
0.00331048
0.00183165
0.000135578
-0.00167768
-0.00350722
-0.005258
-0.00684479
-0.00819377
-0.00924328
-0.00994505
-0.0102666
-0.010194
-0.00973366
-0.00891132
-0.0077685
-0.00635616
-0.00472808
-0.00293588
-0.00102729
0.000951923
0.00295375
0.00492384
0.00680038
0.00851765
0.0100136
0.0112396
0.0121678
0.0127961
0.013146
0.0132578
0.0131816
0.0129688
0.0126654
0.0123068
0.0119153
0.0114945
0.0110229
0.0104486
0.00969198
0.00866007
0.00727301
0.00549223
0.00334108
0.00091083
-0.00165013
-0.00416096
-0.00644173
-0.00834731
-0.00979247
-0.0107601
-0.0112899
-0.0114531
-0.0113229
-0.010953
-0.0103703
-0.00958185
-0.00859047
-0.00741206
-0.00608614
-0.00467671
-0.00326279
-0.00192222
-0.000714754
0.000329184
0.00121
0.00195032
0.00257972
0.00311812
0.0035628
0.00388289
0.00402338
0.00391836
0.00351022
0.00276851
0.00170216
0.000361252
-0.00117102
-0.00279229
-0.00439591
-0.00588358
-0.0071742
-0.00820888
-0.00895219
-0.0093901
-0.00952564
-0.00937383
-0.00895745
-0.00830424
-0.00744502
-0.00641212
-0.00523764
-0.00395211
-0.00258424
-0.00116183
0.000286591
0.00173061
0.00313761
0.0044737
0.00570603
0.0068061
0.00775353
0.00853828
0.00915886
0.00961466
0.00989408
0.00996428
0.00976996
0.00924508
0.00833435
0.00701665
0.00532148
0.00333364
0.00118539
-0.000961575
-0.00294026
-0.00460319
-0.00584191
-0.00659612
-0.00685145
-0.00662976
-0.0059786
-0.00496557
-0.00367786
-0.00222326
-0.000726971
0.000678801
0.00187125
0.00275512
0.00327713
0.0034326
0.0032622
0.00283921
0.00225076
0.00157834
0.000884125
0.000207217
-0.00042964
-0.00100726
-0.00149774
-0.00185861
-0.00203622
-0.00197672
-0.00164075
-0.00101649
-0.000126893
0.00097103
0.00219463
0.00344867
0.00463868
0.00568094
0.00650735
0.00706628
0.0073216
0.00725186
0.00685019
0.00612472
0.00509933
0.00381433
0.00232692
0.000710597
-0.000947453
-0.00255102
-0.00400108
-0.00520233
-0.0060697
-0.00653544
-0.00655735
-0.0061274
-0.00527793
-0.00408172
-0.00264404
-0.00108828
0.000461019
0.00189299
0.00311983
0.00407952
0.0047327
0.00505576
0.00503353
0.00465454
0.00391141
0.00280644
0.00136022
-0.000380845
-0.00234167
-0.0044221
-0.00650603
-0.0084734
-0.0102116
-0.0116241
-0.0126346
-0.0131883
-0.0132495
-0.0128004
-0.0118399
-0.0103858
-0.00847842
-0.0061856
-0.00360562
-0.000866756
0.00187848
0.00446404
0.00672442
0.00850992
0.00970113
0.0102211
0.0100433
0.00919362
0.00774532
0.00580651
0.00350407
0.00096788
-0.00168007
-0.00432925
-0.00687752
-0.00922456
-0.0112658
-0.0128905
-0.0139855
-0.0144454
-0.0141865
-0.0131617
-0.0113722
-0.00887301
-0.00576982
-0.00220837
0.00163964
0.00559086
0.00946167
0.0130759
0.01627
0.0188978
0.0208359
0.0219899
0.0223021
0.0217575
0.0203869
0.0203869
0.0182666
0.0155131
0.0122732
0.00871229
0.00500185
0.00130857
-0.00221359
-0.00542839
-0.00822018
-0.0104959
-0.0121866
-0.0132495
-0.0136684
-0.013453
-0.0126375
-0.0112792
-0.00945875
-0.00727663
-0.00484417
-0.00227315
0.000328215
0.0028518
0.00518665
0.00722244
0.00885777
0.0100089
0.0106156
0.0106438
0.0100868
0.00896658
0.00733461
0.00526916
0.0028688
0.000245485
-0.00248054
-0.00518385
-0.00773693
-0.0100152
-0.0119041
-0.0133069
-0.0141508
-0.0143918
-0.0140176
-0.0130493
-0.0115411
-0.00957672
-0.00726353
-0.00472534
-0.00209462
0.000494539
0.00291322
0.00504461
0.00679115
0.00808071
0.00887075
0.00914948
0.00893424
0.0082675
0.00721171
0.00584356
0.00424851
0.00251619
0.000736907
-0.00100118
-0.00261497
-0.00403017
-0.00518566
-0.00603776
-0.00656284
-0.0067576
-0.00663697
-0.00623018
-0.00557625
-0.0047195
-0.00370608
-0.00258184
-0.00139181
-0.000180869
0.00100544
0.00212093
0.00312021
0.00396141
0.00460948
0.00503908
0.00523632
0.00519922
0.0049366
0.00446608
0.00381157
0.00300106
0.00206539
0.0010379
-4.53352e-05
-0.00114572
-0.00222307
-0.00323728
-0.00414998
-0.00492585
-0.00553331
-0.00594527
-0.00614008
-0.00610298
-0.00582771
-0.00531813
-0.00458937
-0.00366847
-0.00259392
-0.00141387
-0.000182859
0.00104226
0.00220673
0.00326162
0.00416645
0.0048905
0.00541291
0.00572183
0.00581335
0.00569197
0.00537319
0.00488553
0.00426852
0.00356694
0.00282539
0.00208603
0.00138806
0.000767158
0.000253958
-0.000127587
-0.00036099
-0.00043662
-0.000350896
-0.000106821
0.000284334
0.000801979
0.00141729
0.00209643
0.00280471
0.00351034
0.0041872
0.00481639
0.00538675
0.0058941
0.00633908
0.00672373
0.00704719
0.00730086
0.00746364
0.00749882
0.00735456
0.00696957
0.00628349
0.00524976
0.00384783
0.00209199
3.54169e-05
-0.0022313
-0.00458728
-0.0068938
-0.00901049
-0.010812
-0.0122018
-0.0131199
-0.0135436
-0.0134837
-0.0129751
-0.0120679
-0.0108184
-0.00928263
-0.00751436
-0.00556608
-0.00349235
-0.0013533
0.00078338
0.00284275
0.00474498
0.00640949
0.00776008
0.00873084
0.00927192
0.00935427
0.00897254
0.00814571
0.0069157
0.00534433
0.0035092
0.00149872
-0.000593198
-0.00267246
-0.00464941
-0.00644213
-0.00797831
-0.00919542
-0.01004
-0.0104668
-0.0104395
-0.00993392
-0.00894334
-0.00748555
-0.00560835
-0.00339132
-0.000942182
0.00161168
0.00413447
0.0064931
0.00856621
0.0102506
0.0114655
0.0121557
0.012294
0.0118825
0.0109523
0.00956152
0.0077918
0.005742
0.00352038
0.00123559
-0.00101148
-0.00313333
-0.00505778
-0.00672637
-0.00809037
-0.00910645
-0.00973405
-0.00993635
-0.00968535
-0.00897004
-0.00780487
-0.00623522
-0.00433717
-0.00221119
2.84959e-05
0.00226543
0.00439041
0.00630733
0.00793541
0.00920928
0.0100784
0.0105071
0.0104756
0.00998246
0.00904689
0.00771076
0.00603891
0.00411678
0.0020453
-6.63679e-05
-0.00210866
-0.00397883
-0.00558657
-0.00685843
-0.00774116
-0.00820447
-0.00824274
-0.00787515
-0.00714357
-0.00610804
-0.00484015
-0.00341528
-0.00190521
-0.000372719
0.00113068
0.00256385
0.00389299
0.00508783
0.00611858
0.00695463
0.00756533
0.00792289
0.00800638
0.0078058
0.00732484
0.00658164
0.00560752
0.00444416
0.00313996
0.00174632
0.000314539
-0.00110612
-0.00246877
-0.00372821
-0.00484015
-0.00576137
-0.00645137
-0.00687508
-0.00700623
-0.00683056
-0.00634856
-0.00557725
-0.00455058
-0.00331793
-0.00194064
-0.00048695
0.000973717
0.00237582
0.0036613
0.00478136
0.00569672
0.00637669
0.00679731
0.00693868
0.0067827
0.00631266
0.00551605
0.00439038
0.00294999
0.00123126
-0.000705734
-0.00277963
-0.00489359
-0.00694326
-0.00882558
-0.010447
-0.0117294
-0.012614
-0.0130614
-0.0130511
-0.01258
-0.0116619
-0.0103266
-0.00861873
-0.00659659
-0.00433036
-0.00433036
-0.00190245
0.000591099
0.00303972
0.00532077
0.00730727
0.0088806
0.00994559
0.0104442
0.0103645
0.00974286
0.00865904
0.00722386
0.00556213
0.00379314
0.00201335
0.000285692
-0.00136137
-0.00292484
-0.004411
-0.00581694
-0.00711546
-0.00824813
-0.00912941
-0.00966074
-0.00975084
-0.00933634
-0.00839729
-0.00696434
-0.00511662
-0.00297188
-0.00067129
0.0016376
0.00381643
0.00574756
0.0073403
0.0085323
0.00928768
0.00959366
0.00945724
0.00890259
0.00796935
0.00671147
0.00519579
0.00349988
0.00170872
-8.95781e-05
-0.00180812
-0.00336509
-0.00468668
-0.00570965
-0.00638366
-0.0066737
-0.00656189
-0.00604797
-0.00514818
-0.00389362
-0.00232957
-0.000517256
0.00146259
0.00350654
0.00548874
0.00726641
0.0086908
0.00962201
0.00994573
0.00958956
0.00853586
0.00682813
0.00456821
0.00190437
-0.000986983
-0.00392142
-0.00672394
-0.00924116
-0.0113477
-0.0129476
-0.0139733
-0.0143829
-0.0141589
-0.0133077
-0.0118607
-0.00987587
-0.00743631
-0.00464768
-0.00163353
0.00146905
0.0045128
0.00734388
0.0098079
0.0117599
0.0130771
0.0136721
0.0135024
0.0125754
0.0109479
0.00872159
0.00603323
0.00304339
-7.65473e-05
-0.00315548
-0.00603004
-0.00854843
-0.0105726
-0.011982
-0.0126799
-0.0126017
-0.0117234
-0.0100662
-0.00769741
-0.0047266
-0.00129849
0.00241622
0.00623076
0.00995176
0.0133874
0.0163546
0.018685
0.0202336
0.020888
0.0205795
0.0192928
0.0170715
0.014019
0.0102923
0.00609157
0.00164522
-0.00280713
-0.007031
-0.0108112
-0.0139626
-0.016338
-0.017834
-0.0183971
-0.0180268
-0.016776
-0.0147466
-0.0120799
-0.00894378
-0.00551861
-0.00198395
0.00149268
0.00476334
0.00770285
0.0102081
0.0121953
0.0135972
0.0143621
0.0144571
0.0138721
0.0126249
0.0107646
0.00837165
0.00555445
0.00244232
-0.000823232
-0.0040974
-0.00723942
-0.0101172
-0.0126094
-0.0146066
-0.0160133
-0.016752
-0.0167699
-0.016046
-0.0145969
-0.0124793
-0.00978837
-0.00665229
-0.00322354
0.00033187
0.00384558
0.00715705
0.0101219
0.0126177
0.014548
0.0158438
0.0164627
0.0163866
0.0156183
0.0141788
0.0121071
0.00946381
0.00633602
0.00284249
-0.000864398
-0.00460239
-0.00816943
-0.0113593
-0.0139799
-0.0158719
-0.0169232
-0.0170782
-0.0163403
-0.0147689
-0.0124708
-0.0095898
-0.00629472
-0.00276871
0.000800946
0.00423229
0.00735831
0.0100367
0.0121588
0.0136548
0.0144963
0.0146927
0.0142852
0.0133389
0.0119341
0.0101595
0.00810619
0.00586368
0.00351779
0.00114962
-0.0011648
-0.00335522
-0.00535814
-0.00711775
-0.00858623
-0.00972328
-0.0104957
-0.0108781
-0.010854
-0.0104195
-0.00958549
-0.00838042
-0.00685098
-0.00506068
-0.0030863
-0.00101278
0.00107182
0.0030799
0.00492616
0.00652824
0.00780798
0.0086942
0.00912768
0.00906755
0.00849842
0.00743647
0.00593295
0.00407321
0.00197078
-0.000243009
-0.00243155
-0.00446508
-0.00623057
-0.00763859
-0.00862726
-0.00916365
-0.0092424
-0.00888181
-0.00811809
-0.00699927
-0.00558025
-0.00391975
-0.00207887
-0.000120825
0.00188875
0.00388103
0.00578312
0.00751808
0.00900681
0.0101725
0.0109473
0.01128
0.0111428
0.0105363
0.00949173
0.00806928
0.00635381
0.00444702
0.00245784
0.000492129
-0.0013572
-0.00301789
-0.0044428
-0.0056103
-0.00652054
-0.00718893
-0.00763844
-0.00789269
-0.00797075
-0.00788415
-0.00763612
-0.0072231
-0.00663858
-0.00587828
-0.00494556
-0.00385536
-0.00263579
-0.00132736
1.92854e-05
0.00134618
0.00259076
0.00368877
0.00457761
0.00520045
0.00551079
0.00547747
0.00508937
0.0043593
0.00332589
0.00205242
0.000622129
-0.000869428
-0.00232352
-0.00364706
-0.00475982
-0.00559953
-0.0061248
-0.00631619
-0.00617562
-0.00572451
-0.0050008
-0.00405551
-0.00294909
-0.00174782
-0.000520236
0.000666499
0.00175033
0.00267827
0.00267827
0.0034102
0.0039218
0.00420606
0.00427259
0.0041452
0.00385821
0.00345236
0.00297076
0.00245551
0.001945
0.00147208
0.00106316
0.000737798
0.000508465
0.000379744
0.000347183
0.000396163
0.000501386
0.000627357
0.000730102
0.000760575
0.000670423
0.000420165
-1.14775e-05
-0.0006198
-0.00137085
-0.00220424
-0.00304148
-0.00379747
-0.00439247
-0.00476208
-0.00486373
-0.00467904
-0.00421242
-0.00348717
-0.00254116
-0.00142341
-0.000191658
0.00109006
0.00235496
0.0035382
0.00458193
0.00543928
0.00607667
0.00647406
0.00662361
0.00652727
0.00619412
0.00563833
0.00487873
0.00393997
0.00285469
0.001665
0.000421782
-0.000818733
-0.00200057
-0.00307415
-0.00400125
-0.00475734
-0.00533103
-0.00572081
-0.00593007
-0.00596231
-0.00581787
-0.0054938
-0.00498662
-0.00429694
-0.00343408
-0.00241931
-0.00128708
-8.46664e-05
0.0011296
0.00228935
0.00332485
0.00416914
0.00476468
0.00506938
0.00506084
0.00473848
0.00412356
0.0032573
0.00219707
0.0010109
-0.000229121
-0.00145312
-0.00259824
-0.00361128
-0.00444941
-0.00507968
-0.00547809
-0.0056289
-0.00552459
-0.00516673
-0.00456788
-0.00375357
-0.00276322
-0.00164874
-0.00047047
0.000709062
0.001832
0.00285114
0.00373384
0.00446329
0.00503727
0.00546502
0.00576282
0.00594938
0.00604176
0.00605231
0.00598727
0.0058467
0.00562582
0.0053172
0.00491309
0.00440746
0.00379743
0.00308423
0.00227407
0.0013789
0.000416917
-0.000587382
-0.00160398
-0.00259857
-0.00353407
-0.00437203
-0.00507426
-0.00560478
-0.0059323
-0.00603294
-0.0058927
-0.00550924
-0.00489273
-0.00406598
-0.00306366
-0.00193115
-0.000722864
0.000499832
0.00167137
0.00272537
0.00359858
0.00423511
0.00459043
0.00463467
0.00435485
0.00375589
0.00286045
0.00170786
0.000352585
-0.00113789
-0.00268573
-0.00420645
-0.00561362
-0.00682427
-0.00776453
-0.00837471
-0.00861348
-0.00846062
-0.00791832
-0.0070111
-0.00578451
-0.00430279
-0.00264543
-0.000902816
0.000829242
0.0024556
0.00388835
0.00505327
0.00589537
0.00638262
0.00650699
0.00628279
0.00574244
0.00493093
0.00390007
0.0027037
0.00139483
2.4763e-05
-0.00135603
-0.00269642
-0.00394358
-0.00504347
-0.00594316
-0.00659474
-0.00695975
-0.00701322
-0.00674652
-0.00616843
-0.00530457
-0.00419526
-0.00289237
-0.00145564
5.10895e-05
0.00156347
0.00302018
0.00436676
0.00555951
0.00656891
0.00738104
0.00799611
0.008424
0.00867854
0.00877195
0.00871131
0.00849736
0.00812609
0.00759233
0.00689459
0.00603906
0.00504143
0.00392593
0.00272257
0.00146431
0.000185481
-0.00107847
-0.0022904
-0.00341089
-0.00439819
-0.00520929
-0.00580247
-0.00614147
-0.0062005
-0.00596895
-0.00545402
-0.00468074
-0.00368932
-0.00253096
-0.00126325
5.41002e-05
0.00136237
0.00260583
0.00373248
0.00469415
0.00544683
0.00595197
0.0061789
0.00610816
0.00573479
0.00507107
0.00414782
0.00301378
0.00173282
0.000378915
-0.000970216
-0.00223982
-0.00336428
-0.00429197
-0.00498834
-0.00543692
-0.00563821
-0.00560658
-0.00536607
-0.00494557
-0.00437455
-0.00367996
-0.00288493
-0.00200949
-0.00107294
-9.73098e-05
0.000889023
0.00184881
0.00273545
0.00349521
0.00407225
0.00441545
0.00448599
0.00426424
0.00375456
0.00298691
0.00201453
0.000907951
-0.000253632
-0.00139163
-0.00243608
-0.00333098
-0.00403652
-0.00452858
-0.00479636
-0.00483934
-0.00466453
-0.0042848
-0.00371833
-0.00298901
-0.00212697
-0.00116861
-0.000155532
0.000867448
0.00185497
0.00276396
0.00355611
0.00419974
0.00467095
0.00495422
0.00504252
0.00493729
0.00464831
0.00419346
0.00359808
0.00289395
0.00211765
0.00130861
0.000506941
-0.000248634
-0.000922884
-0.00148619
-0.00191669
-0.00220211
-0.0023408
-0.0023417
-0.00222301
-0.00201014
-0.00173292
-0.00142272
-0.00110941
-0.000818522
-0.000568709
-0.000370175
-0.00022451
-0.000126311
-6.65125e-05
-3.68328e-05
-3.42689e-05
-6.42913e-05
-6.42913e-05
-0.000141586
-0.000287789
-0.000526451
-0.000876258
-0.00134414
-0.00192013
-0.00257547
-0.00326456
-0.00393006
-0.00450983
-0.00494406
-0.00518131
-0.00518286
-0.0049254
-0.00440242
-0.00362526
-0.00262393
-0.0014475
-0.000162673
0.00115028
0.00240468
0.00351651
0.00441373
0.00504358
0.00537626
0.00540453
0.0051396
0.00460501
0.00383074
0.00284945
0.00169647
0.000412997
-0.000949044
-0.00232345
-0.00363017
-0.00478096
-0.00568935
-0.0062826
-0.00651216
-0.00636008
-0.00583982
-0.00499176
-0.00387506
-0.00255827
-0.00111123
0.000400058
0.00191515
0.00337831
0.00473665
0.00593875
0.00693454
0.00767651
0.008122
0.00823603
0.00799445
0.00738695
0.00642003
0.00511929
0.00353104
0.00172231
-0.000221298
-0.00220052
-0.00410987
-0.00584673
-0.00732051
-0.00846012
-0.00921826
-0.00957195
-0.00951967
-0.00907642
-0.0082685
-0.00712968
-0.00569954
-0.00402388
-0.00215623
-0.000159259
0.00189505
0.00392671
0.00585064
0.00758071
0.00903441
0.0101379
0.0108307
0.0110699
0.0108331
0.0101205
0.00895554
0.0073849
0.00547625
0.00331495
0.00099909
-0.00136633
-0.00367492
-0.00582349
-0.00771531
-0.00926258
-0.0103889
-0.0110321
-0.0111483
-0.0107149
-0.00973497
-0.00823857
-0.00628422
-0.00395772
-0.00136952
0.00135
0.0040573
0.00660436
0.00884849
0.0106624
0.0119433
0.0126198
0.0126565
0.0120546
0.0108505
0.00911069
0.00692622
0.00440556
0.00166848
-0.00115962
-0.00395249
-0.00658739
-0.00894931
-0.0109355
-0.01246
-0.0134589
-0.0138936
-0.0137539
-0.0130573
-0.0118475
-0.0101893
-0.00816457
-0.00586682
-0.00339768
-0.000863139
0.00162979
0.00397704
0.00608199
0.00786046
0.00924548
0.0101911
0.0106744
0.0106957
0.0102757
0.00945245
0.00827644
0.00680683
0.0051087
0.00325169
0.00130946
-0.000640793
-0.0025193
-0.00424558
-0.00574107
-0.00693248
-0.00775565
-0.00815966
-0.00811049
-0.00759406
-0.00661805
-0.00521295
-0.00343209
-0.00135068
0.000936722
0.00332076
0.00568367
0.00790683
0.00987833
0.0114996
0.0126905
0.0133926
0.0135709
0.0132136
0.0123313
0.0109552
0.00913477
0.00693604
0.00443942
0.00173748
-0.00106749
-0.00386668
-0.00654848
-0.00900318
-0.0111281
-0.0128328
-0.0140441
-0.0147097
-0.0148013
-0.0143164
-0.0132781
-0.0117346
-0.00975515
-0.00742623
-0.00484587
-0.00211836
0.000650628
0.00335812
0.00590685
0.00820757
0.0101808
0.0117584
0.0128849
0.0135189
0.0136343
0.0132214
0.0122891
0.0108659
0.00900128
0.00676532
0.00424663
0.00154851
-0.00121627
-0.00393187
-0.00648584
-0.00877492
-0.010709
-0.0122132
-0.0132281
-0.0137093
-0.0136287
-0.0129764
-0.0117629
-0.0100228
-0.00781545
-0.00522543
-0.00235945
0.000658446
0.0036936
0.00660828
0.00926894
0.0115525
0.0133516
0.0145786
0.015169
0.0150848
0.0143171
0.0128876
0.0108494
0.00828474
0.00530179
0.00202827
-0.00139556
-0.00482471
-0.0081167
-0.011138
-0.0137692
-0.0159089
-0.0174764
-0.0184131
-0.0186834
-0.0182748
-0.0171986
-0.0154897
-0.0132063
-0.0104286
-0.00725599
-0.0038035
-0.000198504
0.00342353
0.00692357
0.0101646
0.0130176
0.0153678
0.0171189
0.0181974
0.0185553
0.0181729
0.0170612
0.0152643
0.0128593
0.00995391
0.00668227
0.0031971
-0.000339591
-0.00376718
-0.00693699
-0.00972109
-0.0120178
-0.0137535
-0.0148806
-0.0153744
-0.0152292
-0.0144569
-0.0130871
-0.011169
-0.00877359
-0.00599448
-0.00294658
0.000238564
0.00341996
0.00645609
0.00921396
0.0115767
0.0134487
0.0147576
0.0154542
0.0155118
0.0149255
0.0137131
0.0119164
0.00960234
0.00686272
0.00381164
0.000580481
-0.0026892
-0.00585376
-0.00877572
-0.0113312
-0.0134156
-0.0149482
-0.0158744
-0.016167
-0.0158273
-0.0148841
-0.0133923
-0.0114296
-0.00909228
-0.00648911
-0.00373572
-0.000948945
0.00175783
0.00427843
0.00427843
0.00651682
0.00838945
0.00982744
0.0107788
0.0112107
0.0111125
0.0104969
0.00940124
0.00788617
0.00603277
0.00393801
0.00170911
-0.000542415
-0.00270673
-0.00468104
-0.00637444
-0.00771215
-0.00863904
-0.00912238
-0.00915335
-0.00874693
-0.0079402
-0.0067892
-0.0053647
-0.00374752
-0.00202381
-0.000280631
0.0013981
0.00293528
0.00426385
0.00532954
0.00609295
0.00653064
0.00663518
0.00641407
0.00588773
0.00508706
0.00405113
0.00282529
0.00145994
9.73746e-06
-0.00146727
-0.00291079
-0.00426023
-0.0054571
-0.00644793
-0.00718683
-0.00763772
-0.00777561
-0.00758698
-0.00706911
-0.0062289
-0.00508224
-0.00365448
-0.00198234
-0.000115911
0.00188054
0.00393007
0.00594693
0.00784193
0.00952821
0.0109265
0.0119694
0.0126053
0.0128002
0.0125397
0.0118299
0.0106975
0.00918952
0.00737272
0.0053306
0.00315915
0.000960632
-0.00116395
-0.00312271
-0.00483993
-0.00626098
-0.0073539
-0.00810764
-0.0085276
-0.00863027
-0.00843827
-0.00797665
-0.0072707
-0.00634544
-0.00522647
-0.00394207
-0.00252553
-0.00101682
0.000537238
0.00208437
0.00356956
0.00493836
0.00614019
0.00713099
0.00787503
0.00834547
0.0085243
0.00840208
0.00797815
0.00726156
0.00627225
0.0050421
0.00361522
0.00204699
0.000401952
-0.00124938
-0.00283437
-0.00428236
-0.00552851
-0.00651721
-0.00720471
-0.00756107
-0.00757138
-0.00723647
-0.00657314
-0.00561382
-0.00440561
-0.00300843
-0.00149218
6.70777e-05
0.00159156
0.00300633
0.00424349
0.0052455
0.00596768
0.00637977
0.00646685
0.00622973
0.00568475
0.00486292
0.00380825
0.00257509
0.00122462
-0.000179171
-0.00157348
-0.00290023
-0.00410878
-0.00515757
-0.0060149
-0.00665895
-0.00707746
-0.0072672
-0.00723356
-0.00698978
-0.00655546
-0.00595395
-0.00520883
-0.00434073
-0.00336598
-0.00229805
-0.00115098
5.62864e-05
0.0012968
0.00253445
0.00372533
0.00482125
0.00577459
0.00654338
0.00709518
0.00740893
0.00747441
0.00729042
0.00686306
0.0062051
0.0053368
0.00428748
0.00309679
0.00181464
0.000499244
-0.00078681
-0.00198189
-0.00303114
-0.00389151
-0.00453494
-0.00494919
-0.00513657
-0.00511149
-0.00489756
-0.00452514
-0.00402914
-0.0034469
-0.00281581
-0.00217077
-0.0015419
-0.000953109
-0.000421806
4.02293e-05
0.000425207
0.000727476
0.000942031
0.00106389
0.00108853
0.00101326
0.000838908
0.000571355
0.000222068
-0.000192389
-0.000651733
-0.00113365
-0.00161516
-0.00207342
-0.0024859
-0.0028304
-0.00308511
-0.00322911
-0.00324347
-0.00311274
-0.00282699
-0.00238384
-0.00179026
-0.00106383
-0.000233042
0.000663677
0.00158028
0.00246673
0.00327333
0.00395509
0.00447543
0.0048087
0.00494144
0.00487221
0.00461032
0.00417385
0.00358725
0.00287942
0.00208208
0.00122878
0.000353927
-0.000508368
-0.00132586
-0.00206992
-0.0027172
-0.0032508
-0.00366086
-0.00394427
-0.00410371
-0.00414586
-0.00407925
-0.00391201
-0.00365046
-0.00329883
-0.00286028
-0.00233878
-0.00174109
-0.00107825
-0.000366213
0.00037447
0.00111971
0.00184343
0.00251918
0.00312156
0.0036273
0.00401609
0.00427136
0.00438105
0.00433834
0.00414216
0.0037972
0.00331348
0.0027058
0.00199292
0.00119705
0.000343485
-0.000539121
-0.00141786
-0.00225441
-0.00300452
-0.00361938
-0.00404947
-0.00425059
-0.00419117
-0.0038589
-0.00326532
-0.00244696
-0.00146236
-0.000385546
0.000702806
0.00172468
0.00261281
0.00331651
0.00380465
0.00406595
0.00410693
0.00394824
0.0036204
0.00315982
0.00260566
0.00199767
0.00137467
0.000773343
0.000227108
-0.000235259
-0.000591359
-0.000827359
-0.000940227
-0.000939233
-0.000845892
-0.000691994
-0.000515955
-0.000358163
-0.000255954
-0.000238687
-0.000323358
-0.000511471
-0.000788078
-0.00112358
-0.00147802
-0.00180673
-0.00206607
-0.00221822
-0.00223487
-0.00209997
-0.00181157
-0.00138258
-0.000840098
-0.000222928
0.000422276
0.00104557
0.00159828
0.002037
0.00232665
0.00232665
0.00244233
0.00236988
0.00210532
0.0016536
0.00102736
0.000246413
-0.000661573
-0.00165942
-0.00269862
-0.00371875
-0.00464932
-0.00541456
-0.00594051
-0.00616297
-0.00603472
-0.00553057
-0.00464965
-0.00341473
-0.00186943
-7.41494e-05
0.00189768
0.0039621
0.00602558
0.00798544
0.00973169
0.0111516
0.0121376
0.0125969
0.0124615
0.0116961
0.0103022
0.0083183
0.00581681
0.00289781
-0.000317059
-0.00368965
-0.00706877
-0.0102934
-0.0131977
-0.0156188
-0.0174076
-0.0184413
-0.0186348
-0.017949
-0.0163955
-0.0140358
-0.0109763
-0.00736085
-0.0033612
0.000831743
0.00501708
0.00899275
0.012565
0.0155585
0.0178274
0.0192658
0.019816
0.0194726
0.0182822
0.0163364
0.0137625
0.0107112
0.00734536
0.00383071
0.000327996
-0.00301191
-0.00605151
-0.00866931
-0.0107624
-0.0122496
-0.0130753
-0.0132127
-0.0126662
-0.011472
-0.00969618
-0.00743235
-0.00479722
-0.00192601
0.00103303
0.00392487
0.00659491
0.00889735
0.0107041
0.0119137
0.0124582
0.0123086
0.0114755
0.0100077
0.00798696
0.00552156
0.00273806
-0.000226544
-0.00323246
-0.00614384
-0.00883466
-0.0111937
-0.0131287
-0.0145692
-0.0154685
-0.0158036
-0.0155756
-0.0148078
-0.0135443
-0.0118477
-0.00979448
-0.00746777
-0.00494916
-0.00231619
0.000350418
0.00295798
0.00540437
0.0075919
0.00943994
0.0108879
0.0118923
0.0124247
0.0124733
0.0120463
0.0111727
0.00989745
0.00827504
0.00636724
0.00424626
0.00199866
-0.000274968
-0.00246556
-0.00446369
-0.00616749
-0.00748916
-0.00836103
-0.0087416
-0.00862023
-0.00801838
-0.00698641
-0.00559736
-0.0039402
-0.00211372
-0.000220899
0.00163702
0.00336659
0.00488723
0.00613404
0.00705814
0.00762573
0.00781695
0.0076254
0.00705834
0.00613729
0.00489869
0.00339419
0.00169013
-0.000134863
-0.00199427
-0.00379992
-0.00546844
-0.00692637
-0.00811263
-0.00897854
-0.00948625
-0.0096074
-0.0093231
-0.00862566
-0.00752181
-0.00603649
-0.00421586
-0.00212829
0.000137614
0.00247799
0.00478083
0.00693377
0.00883136
0.0103811
0.0115079
0.0121577
0.0122996
0.0119281
0.0110642
0.0097547
0.00807094
0.0061042
0.00395985
0.00174988
-0.000414725
-0.00243072
-0.0042078
-0.00567174
-0.00676594
-0.0074519
-0.00770937
-0.00753669
-0.00695135
-0.00599049
-0.00471064
-0.00318651
-0.00150835
0.000222109
0.00189716
0.00340959
0.00465952
0.00556081
0.00604651
0.00607334
0.00562562
0.00471853
0.00340006
0.00175026
-0.000123335
-0.00209408
-0.00402723
-0.00579165
-0.00727041
-0.00836913
-0.00902137
-0.00919113
-0.00887285
-0.0080895
-0.00688967
-0.00534404
-0.00354122
-0.00158287
0.000422059
0.00236378
0.00413825
0.00565342
0.00683455
0.00762823
0.00800515
0.00796092
0.00751515
0.00670869
0.00559957
0.00425856
0.00276479
0.00120186
-0.0003458
-0.00179659
-0.00307557
-0.00411836
-0.0048746
-0.00531055
-0.00541055
-0.00517729
-0.00463105
-0.00380775
-0.00275618
-0.00153467
-0.000207635
0.00115764
0.00249377
0.00373562
0.00482227
0.00569859
0.00631652
0.00663606
0.00662649
0.00626798
0.00555345
0.00449061
0.00310328
0.00143179
-0.000467711
-0.00252501
-0.00465817
-0.00677643
-0.00878366
-0.0105828
-0.0120811
-0.0131959
-0.0138607
-0.0140294
-0.0136802
-0.0128171
-0.0114698
-0.0096924
-0.00755976
-0.00516388
-0.00260904
-6.85223e-06
0.00252881
0.00488723
0.00696632
0.00867803
0.00995321
0.0107453
0.0110323
0.0108174
0.0101273
0.00900942
0.00752854
0.00576267
0.00379936
0.00173231
-0.000341958
-0.00232742
-0.00413227
-0.00567317
-0.00687964
-0.00769839
-0.00809686
-0.00806518
-0.00761643
-0.00678483
-0.00562245
-0.00419495
-0.00257698
-0.000847897
0.000912016
0.00262464
0.00421672
0.00562228
0.00678506
0.00766082
0.00821943
0.00844625
0.00834271
0.00792585
0.00722693
0.00628931
0.00516582
0.00391588
0.00260234
0.00128836
0.00128836
3.41546e-05
-0.00110607
-0.00208677
-0.00287319
-0.00344261
-0.00378485
-0.00390178
-0.00380605
-0.00351917
-0.00306928
-0.00248881
-0.00181255
-0.00107608
-0.000314734
0.000437073
0.00114643
0.00178254
0.00231747
0.00272707
0.00299204
0.00309924
0.00304304
0.00282675
0.00246367
0.00197728
0.00140017
0.000771592
0.000133971
-0.000470969
-0.0010059
-0.0014408
-0.0017548
-0.00193677
-0.00198478
-0.00190479
-0.00170906
-0.00141484
-0.00104349
-0.000619793
-0.000171167
0.000273638
0.000686245
0.00104063
0.00131506
0.00149385
0.00156856
0.00153857
0.00141064
0.00119773
0.000917134
0.000588474
0.000231921
-0.000133296
-0.000489973
-0.000823573
-0.00112242
-0.00137751
-0.0015821
-0.0017313
-0.00182186
-0.00185214
-0.00182215
-0.0017336
-0.00158985
-0.00139592
-0.00115832
-0.000885015
-0.000585395
-0.000270246
4.81713e-05
0.000356103
0.000638519
0.000879742
0.00106458
0.00117986
0.00121599
0.00116836
0.00103795
0.000831232
0.000559298
0.000236563
-0.000120489
-0.000494178
-0.000866022
-0.00121688
-0.00152711
-0.00177707
-0.00194802
-0.00202351
-0.00199107
-0.00184402
-0.00158287
-0.00121616
-0.000760349
-0.00023884
0.000319679
0.000883527
0.00142059
0.00190082
0.0022984
0.00259321
0.0027716
0.00282665
0.00275787
0.00257058
0.00227501
0.00188517
0.00141781
0.000891438
0.00032579
-0.000258552
-0.000840365
-0.00139798
-0.00190957
-0.00235358
-0.00270948
-0.00295881
-0.00308659
-0.00308267
-0.0029429
-0.00266972
-0.00227223
-0.00176565
-0.00117022
-0.000509811
0.000189812
0.000902598
0.00160356
0.00226961
0.00287995
0.00341608
0.00386179
0.00420311
0.0044285
0.00452922
0.00449979
0.00433846
0.00404772
0.00363451
0.00311014
0.00249012
0.00179369
0.00104353
0.000265237
-0.000513325
-0.00126304
-0.00195488
-0.00256137
-0.00305805
-0.0034245
-0.00364518
-0.00370996
-0.00361462
-0.00336115
-0.00295803
-0.00242021
-0.00176885
-0.00103071
-0.000237024
0.000578057
0.00137943
0.00213324
0.00280884
0.00338049
0.00382825
0.00413831
0.00430268
0.00431855
0.00418744
0.00391457
0.0035084
0.00298064
0.00234647
0.00162475
0.000837973
1.18224e-05
-0.00082567
-0.0016451
-0.00241659
-0.00311054
-0.0036982
-0.00415246
-0.00444918
-0.00456909
-0.00449978
-0.0042369
-0.00378377
-0.00315084
-0.00235633
-0.00142768
-0.000401837
0.000676578
0.00175793
0.00279
0.00372003
0.00449715
0.0050758
0.00542001
0.00550722
0.00533027
0.00489717
0.00422962
0.00336105
0.00233441
0.00119952
1.00458e-05
-0.00117953
-0.0023165
-0.00335183
-0.00424175
-0.00494952
-0.00544743
-0.00571854
-0.00575761
-0.00557097
-0.0051753
-0.00459564
-0.00386313
-0.00301249
-0.00208
-0.00110211
-0.000114884
0.0008457
0.00174324
0.00254065
0.00320086
0.00368855
0.00397295
0.00403095
0.00385009
0.00343069
0.00278689
0.00194665
0.000950704
-0.000149419
-0.00129417
-0.00241956
-0.00346122
-0.00435852
-0.00505832
-0.00551801
-0.00570768
-0.00561137
-0.00522739
-0.00456791
-0.00365787
-0.0025336
-0.00124139
0.000164118
0.00162165
0.00306541
0.00442782
0.00564291
0.00665005
0.0073976
0.00784598
0.00796972
0.00775867
0.00721829
0.00636934
0.00524699
0.0038993
0.00238506
0.000771014
-0.000871556
-0.00247053
-0.00395686
-0.0052683
-0.00635251
-0.00716924
-0.00769136
-0.00790483
-0.00780805
-0.00741099
-0.00673454
-0.00580999
-0.00467847
-0.00339015
-0.00200275
-0.000579481
0.00081371
0.00211133
0.00325181
0.0041809
0.00485457
0.00524131
0.00532352
0.00509813
0.00457666
0.00378473
0.0027612
0.00155677
0.000232081
-0.00114509
-0.00250316
-0.00377039
-0.00487851
-0.00576594
-0.00638091
-0.00668433
-0.00665253
-0.00627937
-0.0055772
-0.00457644
-0.00332395
-0.0018803
-0.00031653
0.00128983
0.00285902
0.00431351
0.0055823
0.0066045
0.00733238
0.00773372
0.00779349
0.00751475
0.00691842
0.00604162
0.00493487
0.0036582
0.00227673
0.000856169
0.000856169
-0.000541291
-0.00186003
-0.00305275
-0.00408109
-0.00491524
-0.00553339
-0.00592099
-0.00607033
-0.00598022
-0.00565614
-0.00511062
-0.00436387
-0.0034441
-0.00238739
-0.00123676
-4.06579e-05
0.00114883
0.00227818
0.00329479
0.00414977
0.00480082
0.005215
0.00537094
0.00526023
0.00488793
0.0042722
0.00344326
0.00244155
0.00131552
0.000118959
-0.00109178
-0.00226061
-0.00333433
-0.00426523
-0.0050133
-0.00554824
-0.00585075
-0.00591315
-0.00573893
-0.00534156
-0.00474255
-0.00396939
-0.00305367
-0.00202999
-0.000935364
0.000190952
0.00130777
0.0023728
0.00334421
0.00418279
0.00485442
0.00533232
0.00559875
0.00564576
0.005475
0.00509705
0.0045303
0.00379991
0.00293693
0.00197748
0.000962014
-6.57074e-05
-0.00106005
-0.00197555
-0.0027695
-0.00340483
-0.0038528
-0.00409511
-0.004125
-0.00394729
-0.00357743
-0.00303999
-0.00236669
-0.00159456
-0.000764075
8.24172e-05
0.000902253
0.00165417
0.00230026
0.00280807
0.00315252
0.00331729
0.00329532
0.00308842
0.0027062
0.00216457
0.00148427
0.000689888
-0.000190749
-0.00112671
-0.00208401
-0.00302578
-0.00391284
-0.00470482
-0.0053619
-0.0058472
-0.00612949
-0.0061858
-0.00600341
-0.00558078
-0.00492757
-0.00406379
-0.00301867
-0.00182939
-0.000539783
0.000800936
0.00213965
0.00342118
0.00459057
0.00559602
0.00639208
0.00694284
0.00722468
0.00722816
0.00695873
0.00643634
0.00569382
0.00477438
0.00372837
0.0026097
0.00147222
0.00036649
-0.000662775
-0.00157835
-0.0023514
-0.00296169
-0.00339744
-0.0036549
-0.00373785
-0.00365693
-0.00342898
-0.0030761
-0.00262454
-0.00210334
-0.00154282
-0.000973165
-0.000423005
8.1731e-05
0.000518961
0.000871476
0.00112774
0.0012823
0.00133577
0.00129431
0.00116882
0.000973882
0.000726425
0.000444344
0.000145096
-0.000155379
-0.000443206
-0.000706537
-0.00093506
-0.00111936
-0.00125047
-0.00131984
-0.00131986
-0.00124479
-0.00109191
-0.00086268
-0.000563535
-0.000206125
0.000193073
0.000613857
0.00103392
0.00143077
0.00178357
0.0020748
0.00229151
0.00242616
0.00247689
0.00244726
0.00234554
0.00218356
0.00197557
0.00173702
0.00148358
0.00123024
0.000990542
0.00077575
0.000594238
0.000450992
0.000347491
0.000281944
0.000249882
0.000244985
0.00026004
0.00028794
0.000322647
0.000359969
0.000397985
0.000436979
0.000478874
0.000526343
0.000581836
0.000646669
0.000720245
0.000799395
0.000877941
0.000946679
0.000993945
0.00100678
0.000972413
0.000879818
0.000720997
0.000491903
0.000192913
-0.000171162
-0.000591445
-0.0010555
-0.00154765
-0.00204893
-0.00253692
-0.00298584
-0.00336752
-0.00365339
-0.00381716
-0.00383781
-0.00370222
-0.00340726
-0.00296093
-0.00238251
-0.00170143
-0.000955017
-0.000185349
0.000564266
0.00125265
0.00184357
0.00230788
0.00262493
0.00278319
0.00278028
0.0026224
0.00232329
0.00190301
0.00138655
0.000802463
0.000181524
-0.000444494
-0.00104396
-0.00158651
-0.00204423
-0.00239294
-0.00261347
-0.00269279
-0.00262473
-0.00241028
-0.00205733
-0.00157999
-0.000997581
-0.000333519
0.000385777
0.00113182
0.00187482
0.0025843
0.00322976
0.00378157
0.00421207
0.00449679
0.00461584
0.00455521
0.00430807
0.00387592
0.00326954
0.00250943
0.00162557
0.000656188
-0.000354379
-0.00135854
-0.00230876
-0.00316093
-0.00387728
-0.00442862
-0.00479566
-0.00496918
-0.00494948
-0.00474503
-0.00437084
-0.00384688
-0.00319669
-0.00244654
-0.00162493
-0.000762342
0.000108999
0.000955612
0.00174362
0.00244007
0.00301465
0.0034417
0.0037022
0.0037855
0.00369042
0.00342556
0.00300869
0.00246539
0.00182706
0.00112858
0.000406067
-0.000305235
-0.000972503
-0.00156645
-0.00206205
-0.00243897
-0.002682
-0.00278147
-0.00273365
-0.00254117
-0.00221309
-0.00176472
-0.0012169
-0.000594888
7.31939e-05
0.000758024
0.00143065
0.00206369
0.00263201
0.00311293
0.00348624
0.0037343
0.0038424
0.00379957
0.00359953
0.00359953
0.00324183
0.00273298
0.00208736
0.00132766
0.000484566
-0.000404604
-0.0012982
-0.00215322
-0.00292849
-0.00358765
-0.00410145
-0.00444927
-0.00461964
-0.00460982
-0.00442469
-0.00407542
-0.0035782
-0.00295355
-0.00222577
-0.00142272
-0.000575288
0.000283356
0.00111904
0.00189817
0.00258956
0.00316604
0.00360577
0.00389267
0.00401638
0.0039719
0.00375936
0.00338421
0.00285773
0.00219773
0.00142889
0.00058237
-0.000305329
-0.00119444
-0.00204456
-0.00281747
-0.00347955
-0.00400338
-0.00436856
-0.00456174
-0.0045764
-0.00441264
-0.00407722
-0.00358369
-0.00295257
-0.00221106
-0.00139227
-0.000533663
0.000325022
0.00114427
0.00188719
0.00252146
0.00302078
0.00336565
0.0035438
0.00355032
0.00338772
0.00306584
0.00260172
0.00201899
0.00134696
0.000619138
-0.000128598
-0.000860063
-0.00154071
-0.00213925
-0.00262883
-0.00298781
-0.00320029
-0.00325655
-0.00315344
-0.00289468
-0.00249102
-0.00196006
-0.00132576
-0.000617446
0.000131383
0.000884735
0.00160592
0.00225945
0.00281286
0.00323833
0.00351405
0.00362528
0.00356516
0.00333505
0.00294446
0.00241053
0.00175703
0.00101313
0.00021201
-0.000610451
-0.0014169
-0.00216982
-0.00283297
-0.00337309
-0.00376185
-0.00397777
-0.00400795
-0.00384928
-0.00350897
-0.00300415
-0.00236058
-0.00161081
-0.000791893
5.67848e-05
0.000895518
0.00168596
0.00239255
0.00298379
0.00343339
0.00372137
0.00383507
0.00376986
0.0035296
0.00312649
0.00258054
0.00191848
0.00117238
0.000378065
-0.000426608
-0.00120356
-0.00191628
-0.00253168
-0.0030217
-0.00336487
-0.00354741
-0.00356394
-0.00341755
-0.00311932
-0.0026873
-0.00214517
-0.00152078
-0.000844595
-0.000148218
0.000537009
0.00118136
0.00175797
0.00224388
0.00262092
0.00287641
0.0030035
0.00300133
0.00287474
0.00263383
0.00229315
0.00187081
0.00138749
0.000865506
0.000327791
-0.000203084
-0.000705914
-0.00116179
-0.00155482
-0.00187265
-0.00210658
-0.00225142
-0.00230518
-0.00226867
-0.00214521
-0.00194065
-0.00166364
-0.001326
-0.000943141
-0.000533932
-0.000120069
0.000275299
0.000629503
0.000922615
0.00113962
0.00127207
0.00131877
0.00128535
0.0011829
0.00102596
0.000830317
0.000611268
0.000382416
0.000155262
-6.06084e-05
-0.000256969
-0.000426394
-0.000561939
-0.000657195
-0.000706678
-0.000706341
-0.000654062
-0.000549958
-0.000396547
-0.0001988
3.58033e-05
0.000297213
0.000572832
0.000847805
0.0011057
0.00132963
0.00150367
0.00161442
0.00165246
0.0016134
0.00149833
0.00131355
0.0010697
0.000780433
0.000460986
0.000127015
-0.000206292
-0.000524754
-0.000815595
-0.00106782
-0.00127263
-0.00142382
-0.00151794
-0.00155428
-0.0015344
-0.00146154
-0.00134011
-0.00117525
-0.000972783
-0.000739278
-0.000482377
-0.000211038
6.43638e-05
0.000332214
0.000580158
0.000795869
0.000967933
0.00108673
0.00114518
0.00113922
0.00106814
0.000934694
0.000745194
0.000509409
0.000240226
-4.70209e-05
-0.000335566
-0.000608493
-0.0008501
-0.00104712
-0.00118965
-0.00127153
-0.0012904
-0.00124719
-0.00114556
-0.000991139
-0.000791037
-0.000553297
-0.000286546
3.0117e-07
0.00029829
0.000598609
0.000892742
0.0011726
0.00143063
0.00165992
0.00185427
0.00200837
0.00211797
0.00218011
0.0021933
0.00215745
0.00207373
0.00194435
0.00177239
0.0015618
0.0013175
0.00104552
0.000753156
0.000448884
0.000142153
-0.000157146
-0.000439454
-0.000696388
-0.000921417
-0.00111015
-0.00126016
-0.00137038
-0.00144049
-0.00147046
-0.00146043
-0.00141103
-0.00132404
-0.00120307
-0.0010542
-0.000886142
-0.000709902
-0.000537871
-0.000382493
-0.000254793
-0.00016299
-0.000111448
-0.000100149
-0.000124791
-0.000177516
-0.000248068
-0.000325143
-0.000397632
-0.0004556
-0.000490915
-0.000497547
-0.000471583
-0.000411042
-0.000315604
-0.000186354
-2.56547e-05
0.000162862
0.000374228
0.000602128
0.000839045
0.00107658
0.00130596
0.00151862
0.0017068
0.00186405
0.00198554
0.00206812
0.00211019
0.00211019
0.00211133
0.00207191
0.00199277
0.00187513
0.00172063
0.00153146
0.0013106
0.00106207
0.000791058
0.000503899
0.000207843
-8.94736e-05
-0.000380693
-0.000659407
-0.000920628
-0.00116095
-0.00137837
-0.00157178
-0.00174032
-0.0018828
-0.00199724
-0.00208085
-0.00213025
-0.00214203
-0.0021134
-0.00204291
-0.00193096
-0.00178002
-0.00159451
-0.00138034
-0.00114434
-0.000893661
-0.000635366
-0.000376226
-0.000122591
0.00011969
0.000345375
0.000549981
0.000729929
0.000882663
0.00100669
0.0011015
0.00116737
0.00120504
0.00121542
0.00119936
0.00115763
0.00109116
0.00100143
0.000890833
0.000763027
0.000622976
0.000476856
0.000331748
0.000195123
7.41475e-05
-2.51225e-05
-9.84753e-05
-0.000144037
-0.000162417
-0.000156507
-0.000131049
-9.20959e-05
-4.64505e-05
-1.13068e-06
3.7124e-05
6.22506e-05
6.91349e-05
5.37662e-05
1.33155e-05
-5.38103e-05
-0.000147915
-0.000267964
-0.000411527
-0.000574708
-0.000751999
-0.000936094
-0.00111777
-0.00128607
-0.00142887
-0.00153386
-0.00158985
-0.00158801
-0.00152306
-0.00139409
-0.001205
-0.000964343
-0.000684575
-0.000380812
-6.93555e-05
0.000233713
0.00051364
0.000757757
0.000955937
0.00110084
0.00118801
0.00121587
0.0011856
0.00110094
0.000967896
0.000794325
0.000589528
0.00036374
0.00012764
-0.000108086
-0.000333113
-0.000537777
-0.000713335
-0.000852235
-0.000948366
-0.000997265
-0.000996228
-0.000944332
-0.000842399
-0.000692953
-0.000500203
-0.0002701
-1.04597e-05
0.000268847
0.000555754
0.000836101
0.00109416
0.00131366
0.00147918
0.00157768
0.00159982
0.00154083
0.00140088
0.00118488
0.000901946
0.000564559
0.000187787
-0.000211488
-0.000615258
-0.00100508
-0.00136282
-0.00167161
-0.00191675
-0.00208668
-0.00217367
-0.00217428
-0.0020893
-0.00192332
-0.00168407
-0.00138169
-0.0010281
-0.000636621
-0.000221703
0.000201263
0.000616218
0.00100686
0.00135723
0.00165247
0.00187967
0.00202873
0.00209307
0.00207009
0.00196142
0.00177279
0.00151384
0.00119767
0.000840229
0.000459562
7.48076e-05
-0.000294877
-0.000631414
-0.000918803
-0.00114395
-0.00129731
-0.00137323
-0.00137018
-0.00129063
-0.00114076
-0.000930048
-0.000670647
-0.000376743
-6.37621e-05
0.000252492
0.000556736
0.000835044
0.00107554
0.00126886
0.00140836
0.00149012
0.00151283
0.00147757
0.00138752
0.00124765
0.00106439
0.000845322
0.000598986
0.000334631
6.20374e-05
-0.000208702
-0.000467401
-0.000703986
-0.000908731
-0.00107257
-0.00118752
-0.00124729
-0.00124782
-0.00118783
-0.00106911
-0.000896527
-0.000677871
-0.00042343
-0.000145521
0.000142061
0.000424627
0.000687235
0.000915409
0.00109594
0.00121767
0.00127231
0.00125499
0.00116468
0.00100424
0.000780214
0.000502338
0.000182849
-0.000164273
-0.000524078
-0.000881354
-0.00122126
-0.00152993
-0.00179504
-0.00200638
-0.00215645
-0.00224086
-0.00225871
-0.00221252
-0.00210799
-0.00195352
-0.00175949
-0.00153751
-0.00129971
-0.0010581
-0.000824016
-0.000607741
-0.000418144
-0.000262418
-0.000145874
-7.1797e-05
-4.13792e-05
-5.37068e-05
-0.000105821
-0.000192848
-0.000308218
-0.000443979
-0.000591198
-0.000740424
-0.000882181
-0.00100746
-0.00110819
-0.00117755
-0.00121024
-0.0012025
-0.00115205
-0.00105808
-0.000921165
-0.000743457
-0.000528816
-0.000283052
-1.40812e-05
0.000268113
0.00055184
0.000824395
0.00107303
0.00128601
0.00145367
0.00156911
0.00162863
0.00163183
0.00158137
0.00148248
0.00134244
0.00117002
0.000974979
0.000767679
0.000558768
0.000358873
0.000178273
2.65211e-05
-8.803e-05
-0.000158766
-0.000181368
-0.000154262
-7.88461e-05
4.05652e-05
0.000197059
0.000381647
0.000583915
0.000792736
0.000996979
0.00118613
0.00135083
0.00148316
0.00157695
0.00162788
0.00163357
0.00159365
0.00150983
0.00138588
0.00122758
0.00104255
0.000839971
0.000630114
0.000423768
0.000231592
6.34777e-05
-7.19988e-05
-0.000168016
-0.000219809
-0.000224836
-0.000182834
-9.57466e-05
3.24256e-05
0.000195816
0.00038689
0.000596663
0.000814949
0.00103071
0.00103071
0.00123254
0.00140932
0.00155088
0.00164871
0.00169655
0.00169067
0.00163007
0.00151624
0.00135285
0.00114524
0.000900043
0.000624933
0.000328461
2.00433e-05
-0.000290081
-0.000590959
-0.000871158
-0.00111918
-0.00132403
-0.00147598
-0.00156734
-0.00159316
-0.00155169
-0.00144461
-0.00127689
-0.00105649
-0.000793776
-0.000500897
-0.000191006
0.000122455
0.000426447
0.000708895
0.00095914
0.00116827
0.00132933
0.00143742
0.00148967
0.00148513
0.00142459
0.00131054
0.00114715
0.000940342
0.000697936
0.000429619
0.000146763
-0.000138014
-0.000411528
-0.000660868
-0.000874304
-0.00104211
-0.00115721
-0.00121561
-0.00121653
-0.00116245
-0.00105883
-0.000913768
-0.000737486
-0.000541692
-0.000338866
-0.000141531
3.8482e-05
0.000190731
0.000306761
0.000380524
0.000408578
0.000390045
0.000326397
0.000221151
7.95973e-05
-9.13951e-05
-0.000283496
-0.000487024
-0.000691153
-0.000884324
-0.00105487
-0.00119185
-0.00128585
-0.00132981
-0.00131949
-0.00125377
-0.00113455
-0.000966508
-0.000756676
-0.000514138
-0.000249798
2.37581e-05
0.000292492
0.000541394
0.000755308
0.000920036
0.00102354
0.00105701
0.00101566
0.000899107
0.000711272
0.000459992
0.000156426
-0.000185504
-0.000549609
-0.0009179
-0.00127122
-0.00159012
-0.00185608
-0.00205281
-0.00216764
-0.00219264
-0.00212541
-0.00196923
-0.0017326
-0.00142836
-0.00107231
-0.000682027
-0.000275672
0.000128782
0.000514196
0.000864776
0.0011666
0.00140817
0.00158095
0.00167976
0.00170313
0.00165323
0.00153569
0.00135911
0.00113439
0.000874145
0.000591953
0.000301812
1.75256e-05
-0.00024787
-0.000482676
-0.000677053
-0.000823443
-0.00091686
-0.00095501
-0.000938245
-0.000869378
-0.000753416
-0.000597307
-0.000409775
-0.000201277
1.60311e-05
0.000228477
0.000421406
0.000580125
0.000691177
0.000743764
0.000731024
0.000650891
0.00050633
0.000304888
5.76559e-05
-0.000222124
-0.000520507
-0.000824067
-0.00112069
-0.00139982
-0.00165236
-0.00187014
-0.00204557
-0.0021714
-0.002241
-0.00224896
-0.00219192
-0.00206938
-0.00188422
-0.00164285
-0.00135488
-0.00103252
-0.000689624
-0.000340808
-4.92666e-07
0.000317774
0.000601824
0.000841207
0.00102746
0.00115438
0.00121826
0.00121812
0.00115586
0.00103622
0.000866586
0.000656649
0.000417978
0.000163539
-9.27707e-05
-0.000336623
-0.000553843
-0.000731115
-0.000856839
-0.00092207
-0.000921434
-0.000853821
-0.000722671
-0.000535739
-0.000304341
-4.22309e-05
0.000235677
0.000514502
0.000780351
0.00102098
0.0012262
0.00138805
0.00150092
0.00156165
0.00156955
0.00152645
0.00143657
0.00130636
0.00114404
0.000959088
0.000761512
0.00056119
0.000367239
0.000187584
2.87155e-05
-0.000104384
-0.000208209
-0.000280674
-0.000321072
-0.00033004
-0.000309516
-0.000262649
-0.00019365
-0.000107547
-9.85217e-06
9.38381e-05
0.000198251
0.000298774
0.000391647
0.000473999
0.000543771
0.000599589
0.000640628
0.000666532
0.000677383
0.000673716
0.00065656
0.000627482
0.000588574
0.00054237
0.000491693
0.000439451
0.000388447
0.000341223
0.00029996
0.000266434
0.000241998
0.000227595
0.000223774
0.00023073
0.000248382
0.000276493
0.000314801
0.00036309
0.000421087
0.000488129
0.000562623
0.000641478
0.000719741
0.000790651
0.000846202
0.000878115
0.000879014
0.000843547
0.000769198
0.000656632
0.000509501
0.000333793
0.000136925
-7.31674e-05
-0.000288724
-0.000502518
-0.000707918
-0.000898741
-0.00106905
-0.00121305
-0.00132511
-0.00140002
-0.00143348
-0.0014226
-0.00136635
-0.00126582
-0.00112422
-0.00094669
-0.000739953
-0.000511962
-0.000271467
-2.75743e-05
0.000210719
0.00043498
0.000637729
0.000812703
0.000954977
0.00106091
0.00112797
0.00115458
0.00114004
0.00108459
0.000989656
0.000858109
0.000694523
0.000505216
0.000298089
8.22216e-05
-0.000132733
-0.000337247
-0.000522584
-0.000681332
-0.000807719
-0.00089774
-0.000949118
-0.000961169
-0.000934629
-0.000871461
-0.00077471
-0.000648381
-0.000497367
-0.000327374
-0.00014482
4.32742e-05
0.000229427
0.000229427
0.000405864
0.000564763
0.000698598
0.000800604
0.000865336
0.00088922
0.000871001
0.000811992
0.000716038
0.000589204
0.000439215
0.000274793
0.000104956
-6.15886e-05
-0.000216939
-0.000354371
-0.000468635
-0.00055617
-0.000615221
-0.000645829
-0.000649687
-0.000629891
-0.000590611
-0.000536723
-0.00047343
-0.000405946
-0.000339242
-0.000277905
-0.000226041
-0.000187172
-0.000164037
-0.000158292
-0.000170167
-0.000198241
-0.000239432
-0.000289279
-0.000342453
-0.000393423
-0.000437129
-0.000469544
-0.000488009
-0.000491303
-0.000479437
-0.000453302
-0.000414284
-0.000363983
-0.000304083
-0.000236361
-0.000162766
-8.54902e-05
-6.98056e-06
7.01301e-05
0.00014317
0.000209622
0.000267315
0.000314558
0.000350201
0.00037363
0.000384741
0.000383908
0.00037197
0.000350233
0.000320439
0.000284701
0.000245369
0.00020482
0.000165194
0.000128114
9.44567e-05
6.42525e-05
3.67799e-05
1.08034e-05
-1.5113e-05
-4.23022e-05
-7.17657e-05
-0.000104061
-0.000139297
-0.000177219
-0.000217338
-0.000259066
-0.000301814
-0.000345021
-0.000388112
-0.000430452
-0.000471301
-0.000509813
-0.000545064
-0.000576092
-0.00060195
-0.000621752
-0.00063473
-0.000640297
-0.000638107
-0.00062811
-0.000610595
-0.000586209
-0.000555965
-0.000521197
-0.000483463
-0.000444373
-0.000405345
-0.000367352
-0.0003307
-0.000294899
-0.00025869
-0.000220188
-0.000177088
-0.000126864
-6.69538e-05
5.03152e-06
9.10261e-05
0.000192163
0.000308415
0.000438337
0.000578976
0.000726021
0.000874139
0.00101746
0.00115008
0.00126657
0.00136227
0.00143353
0.00147774
0.00149329
0.00147948
0.00143646
0.00136512
0.00126716
0.00114513
0.00100246
0.000843386
0.000672804
0.000495977
0.000318236
0.000144711
-1.98724e-05
-0.000171319
-0.000306046
-0.000421125
-0.000514304
-0.000583981
-0.000629101
-0.00064898
-0.000643102
-0.000611019
-0.000552405
-0.000467312
-0.000356556
-0.000222152
-6.76587e-05
0.000101653
0.000278923
0.00045611
0.000624645
0.000776189
0.000903361
0.00100028
0.0010629
0.00108905
0.00107836
0.00103208
0.00095285
0.000844537
0.000712112
0.000561523
0.000399517
0.000233372
7.054e-05
-8.17754e-05
-0.000217025
-0.000329671
-0.00041545
-0.000471542
-0.000496642
-0.000490953
-0.000456122
-0.000395134
-0.000312148
-0.000212302
-0.000101448
1.41594e-05
0.000128206
0.000234652
0.000328031
0.000403696
0.000458003
0.00048847
0.000493927
0.000474636
0.000432359
0.000370305
0.000292929
0.000205599
0.000114162
2.44796e-05
-5.80263e-05
-0.000128737
-0.000184073
-0.000221584
-0.000239922
-0.00023877
-0.000218797
-0.000181658
-0.000130001
-6.74172e-05
1.70842e-06
7.24683e-05
0.000139787
0.00019881
0.000245263
0.00027573
0.000287803
0.000280092
0.000252141
0.000204307
0.000137671
5.39808e-05
-4.43443e-05
-0.000154218
-0.000271936
-0.000393305
-0.000513847
-0.000629072
-0.000734754
-0.000827161
-0.000903173
-0.000960313
-0.000996699
-0.001011
-0.00100243
-0.000970879
-0.000917012
-0.000842401
-0.000749538
-0.000641728
-0.000522888
-0.000397306
-0.000269412
-0.000143595
-2.40744e-05
8.51732e-05
0.000180479
0.000258579
0.000316762
0.000353068
0.0003665
0.000357197
0.000326499
0.000276887
0.000211774
0.000135198
5.14688e-05
-3.51577e-05
-0.00012073
-0.000201746
-0.000275216
-0.000338701
-0.000390422
-0.000429478
-0.000456121
-0.000471931
-0.000479732
-0.000483142
-0.000485848
-0.000490831
-0.000499778
-0.000512855
-0.000528859
-0.000545675
-0.000560911
-0.000572545
-0.000579408
-0.0005814
-0.000579387
-0.000574846
-0.000569412
-0.000564496
-0.000561083
-0.000559734
-0.000560722
-0.000564211
-0.000570379
-0.000579446
-0.000591597
-0.00060684
-0.000624838
-0.000644776
-0.000665266
-0.000684332
-0.000699463
-0.000707768
-0.000706219
-0.000691937
-0.000662499
-0.00061623
-0.000552429
-0.000471523
-0.000375088
-0.000265766
-0.000147086
-2.32265e-05
0.000101229
0.00022153
0.000332964
0.00043108
0.000511897
0.000572132
0.000609411
0.000622473
0.000611334
0.000577377
0.00052331
0.000452971
0.000371028
0.000282597
0.00019289
0.000106908
2.92168e-05
-3.62119e-05
-8.6124e-05
-0.000118083
-0.000130579
-0.000130579
-0.00012314
-9.64283e-05
-5.22938e-05
6.23039e-06
7.50236e-05
0.000149084
0.000222844
0.000290567
0.00034679
0.000386746
0.000406712
0.000404282
0.000378546
0.000330168
0.000261315
0.000175456
7.70378e-05
-2.89001e-05
-0.000137109
-0.000242466
-0.000340235
-0.000426268
-0.000497123
-0.000550122
-0.000583351
-0.000595643
-0.000586533
-0.000556212
-0.000505471
-0.000435618
-0.000348367
-0.00024571
-0.000129812
-2.9612e-06
0.000132398
0.000273592
0.000417621
0.000561055
0.000699957
0.000829851
0.000945792
0.00104259
0.0011152
0.00115924
0.00117149
0.00115033
0.00109596
0.00101046
0.000897616
0.000762651
0.000611799
0.000451854
0.000289737
0.000132128
-1.48247e-05
-0.000145749
-0.000256293
-0.000343356
-0.000405269
-0.00044186
-0.000454394
-0.000445351
-0.000418081
-0.000376355
-0.000323875
-0.000263852
-0.000198773
-0.00013041
-6.00514e-05
1.11667e-05
8.19582e-05
0.000150711
0.000215482
0.00027414
0.000324613
0.00036515
0.000394539
0.000412185
0.000418052
0.00041251
0.000396177
0.000369829
0.000334401
0.000291066
0.000241315
0.000187014
0.000130388
7.39381e-05
2.02765e-05
-2.80578e-05
-6.87756e-05
-9.99648e-05
-0.000120162
-0.000128378
-0.000124115
-0.000107398
-7.88374e-05
-3.97081e-05
8.0028e-06
6.16152e-05
0.000117885
0.000173237
0.000224074
0.00026709
0.00029954
0.000319407
0.000325476
0.000317326
0.000295281
0.000260357
0.000214207
0.000159073
9.77072e-05
3.32464e-05
-3.09558e-05
-9.15406e-05
-0.000145376
-0.000189769
-0.000222622
-0.000242527
-0.000248788
-0.000241414
-0.000221101
-0.000189238
-0.000147915
-9.99069e-05
-4.85769e-05
2.3228e-06
4.89313e-05
8.76053e-05
0.000115248
0.000129598
0.000129443
0.000114728
8.65218e-05
4.68674e-05
-1.47338e-06
-5.52936e-05
-0.000111176
-0.000165642
-0.000215228
-0.000256519
-0.00028621
-0.000301218
-0.000298875
-0.000277154
-0.000234906
-0.000172053
-8.97237e-05
9.67418e-06
0.000122484
0.000243936
0.000368404
0.000489778
0.000601892
0.000698974
0.000776048
0.000829265
0.000856145
0.000855711
0.000828525
0.000776626
0.00070337
0.000613177
0.000511207
0.000403
0.000294096
0.000189687
9.43282e-05
1.17477e-05
-5.52395e-05
-0.000104739
-0.000135726
-0.000147959
-0.000141904
-0.000118668
-7.99468e-05
-2.79475e-05
3.4711e-05
0.00010514
0.000180343
0.00025736
0.000333382
0.000405828
0.00047238
0.000530967
0.000579724
0.000616936
0.000641031
0.000650628
0.000644678
0.000622641
0.000584663
0.000531695
0.000465504
0.000388604
0.00030409
0.000215427
0.000126216
3.99665e-05
-4.00826e-05
-0.000111096
-0.000170728
-0.00021718
-0.000249248
-0.000266353
-0.000268567
-0.000256616
-0.000231849
-0.00019618
-0.000152003
-0.000102094
-4.9512e-05
2.47691e-06
5.04954e-05
9.11762e-05
0.000121337
0.0001382
0.000139641
0.000124444
9.25201e-05
4.50002e-05
-1.58074e-05
-8.66167e-05
-0.000163484
-0.000242191
-0.000318608
-0.000388987
-0.000450159
-0.000499649
-0.000535727
-0.000557436
-0.000564592
-0.00055776
-0.000538197
-0.000507727
-0.000468574
-0.000423155
-0.000373893
-0.000323069
-0.00027274
-0.000224732
-0.000180669
-0.000142034
-0.000110208
-8.64847e-05
-7.20331e-05
-6.78183e-05
-7.44928e-05
-9.22905e-05
-0.000120949
-0.000159675
-0.000207155
-0.000261592
-0.000320772
-0.000382135
-0.000442887
-0.000500144
-0.000551101
-0.000593224
-0.000624431
-0.000643259
-0.000648979
-0.000641649
-0.000622128
-0.000592017
-0.000553537
-0.000509357
-0.00046241
-0.000415705
-0.000372147
-0.000334383
-0.000304674
-0.000284793
-0.000275962
-0.00027882
-0.000293425
-0.000319283
-0.00035538
-0.000400215
-0.000451789
-0.000507548
-0.000564309
-0.000618234
-0.000664935
-0.000699745
-0.000718129
-0.000716173
-0.000691054
-0.000641425
-0.000567653
-0.000471883
-0.000357892
-0.000230755
-9.63737e-05
3.90403e-05
0.000169431
0.000289253
0.000393714
0.000478937
0.000542045
0.000581208
0.00059565
0.000585642
0.000552472
0.000498399
0.000426566
0.000340866
0.000245755
0.000146044
4.66717e-05
-4.7515e-05
-0.000131962
-0.000202587
-0.00025594
-0.000289352
-0.000301048
-0.000290216
-0.000257025
-0.000202564
-0.00012873
-3.80831e-05
-3.80831e-05
6.63079e-05
0.000180988
0.000302209
0.00042598
0.000548102
0.00066419
0.000769753
0.000860341
0.000931796
0.000980575
0.00100409
0.00100097
0.000971291
0.000916567
0.000839752
0.000745077
0.00063783
0.000524038
0.000410066
0.000302113
0.000205664
0.00012498
6.27111e-05
1.97444e-05
-4.70016e-06
-1.27515e-05
-7.43333e-06
7.82848e-06
2.9643e-05
5.49718e-05
8.13042e-05
0.000106701
0.000129731
0.000149357
0.000164805
0.000175495
0.000181009
0.000181088
0.00017562
0.000164576
0.000147931
0.000125601
9.745e-05
6.33856e-05
2.35226e-05
-2.16258e-05
-7.09959e-05
-0.000122911
-0.000175148
-0.000225138
-0.00027026
-0.000308165
-0.000337047
-0.000355827
-0.00036425
-0.000362938
-0.000353413
-0.000338047
-0.000319922
-0.000302537
-0.000289379
-0.000283413
-0.000286589
-0.000299494
-0.000321249
-0.000349665
-0.000381662
-0.000413804
-0.000442834
-0.000466056
-0.000481518
-0.000487974
-0.000484704
-0.000471301
-0.000447517
-0.00041326
-0.00036873
-0.000314631
-0.000252367
-0.000184112
-0.000112702
-4.13744e-05
2.65978e-05
8.82486e-05
0.000141174
0.00018367
0.000214772
0.000234258
0.000242644
0.000241206
0.000231973
0.000217662
0.000201506
0.000186999
0.000177563
0.000176205
0.000185219
0.00020602
0.000239105
0.000284138
0.000340073
0.000405228
0.000477216
0.000552787
0.000627693
0.000696723
0.000753998
0.000793512
0.00080982
0.000798722
0.000757795
0.000686666
0.000586997
0.000462211
0.000317055
0.000157156
-1.13151e-05
-0.000181841
-0.000347674
-0.000501973
-0.000638045
-0.000749718
-0.000831792
-0.000880504
-0.00089389
-0.000871957
-0.000816638
-0.000731529
-0.000621504
-0.000492296
-0.000350138
-0.000201505
-5.29427e-05
8.90978e-05
0.000218473
0.000329654
0.000418113
0.000480716
0.000516017
0.000524353
0.000507719
0.000469459
0.000413842
0.000345632
0.000269718
0.000190845
0.000113426
4.14191e-05
-2.17583e-05
-7.32988e-05
-0.000111077
-0.000133711
-0.000140596
-0.000131896
-0.00010846
-7.16689e-05
-2.32621e-05
3.4826e-05
0.000100561
0.000171828
0.000246404
0.000321932
0.000395926
0.000465839
0.00052918
0.00058365
0.000627267
0.000658448
0.000676058
0.000679415
0.000668304
0.000642996
0.000604286
0.00055352
0.000492609
0.000423993
0.000350539
0.000275355
0.000201565
0.000132043
6.91957e-05
1.48231e-05
-2.99208e-05
-6.44793e-05
-8.87951e-05
-0.000103203
-0.000108345
-0.000105122
-9.46771e-05
-7.8402e-05
-5.79373e-05
-3.51357e-05
-1.19879e-05
9.48291e-06
2.73396e-05
3.98506e-05
4.55902e-05
4.35093e-05
3.29755e-05
1.3788e-05
-1.3829e-05
-4.92456e-05
-9.14489e-05
-0.000139067
-0.000190411
-0.00024355
-0.000296407
-0.00034688
-0.000392961
-0.00043286
-0.000465104
-0.000488608
-0.000502714
-0.000507201
-0.000502284
-0.000488584
-0.000467083
-0.000439062
-0.000406019
-0.000369561
-0.000331275
-0.000292612
-0.000254804
-0.000218826
-0.000185419
-0.000155136
-0.00012842
-0.000105687
-8.74217e-05
-7.42566e-05
-6.69992e-05
-6.65915e-05
-7.39875e-05
-8.99761e-05
-0.000115001
-0.000149021
-0.000191435
-0.000241081
-0.000296308
-0.000355096
-0.000415203
-0.000474298
-0.000530042
-0.0005801
-0.000622132
-0.000653828
-0.000673004
-0.000677766
-0.000666725
-0.000639201
-0.000595364
-0.000536256
-0.000463713
-0.000380181
-0.00028848
-0.000191579
-9.24281e-05
6.1089e-06
0.000101247
0.00019023
0.000270312
0.000338809
0.000393281
0.000431802
0.000453282
0.000457748
0.000446496
0.000422048
0.000387917
0.000348224
0.00030724
0.000268922
0.00023648
0.000212022
0.000196325
0.000188778
0.00018754
0.000189891
0.000192679
0.000192774
0.000187453
0.000174668
0.000153173
0.000122511
8.28897e-05
3.49972e-05
-2.01862e-05
-8.15008e-05
-0.000147613
-0.000216936
-0.000287527
-0.000357047
-0.000422829
-0.000482071
-0.000532136
-0.000570899
-0.000597053
-0.000610315
-0.000611439
-0.000602021
-0.000584153
-0.00056001
-0.00053149
-0.000500013
-0.000466514
-0.000431583
-0.000395678
-0.000359339
-0.000323337
-0.000288703
-0.000256644
-0.000228382
-0.000204965
-0.000187108
-0.000175107
-0.000168847
-0.000167854
-0.000171373
-0.000178425
-0.000187858
-0.000198376
-0.000208578
-0.000208578
-0.00021703
-0.000222348
-0.000223316
-0.000219001
-0.000208853
-0.000192775
-0.000171137
-0.000144724
-0.000114648
-8.22254e-05
-4.88818e-05
-1.60792e-05
1.4745e-05
4.22811e-05
6.54753e-05
8.36125e-05
9.63312e-05
0.000103621
0.000105849
0.000103793
9.86179e-05
9.1775e-05
8.48321e-05
7.92951e-05
7.64614e-05
7.73194e-05
8.24741e-05
9.20958e-05
0.000105913
0.000123274
0.000143267
0.000164863
0.000187033
0.000208828
0.000229413
0.000248078
0.000264237
0.000277429
0.000287309
0.000293655
0.000296391
0.00029566
0.000291867
0.000285701
0.000278094
0.00027013
0.000262929
0.000257534
0.000254825
0.00025547
0.00025991
0.000268385
0.000280968
0.000297602
0.000318124
0.000342256
0.000369574
0.000399479
0.000431192
0.000463774
0.000496168
0.000527227
0.000555724
0.000580345
0.000599675
0.000612229
0.000616522
0.000611216
0.000595288
0.000568215
0.000530113
0.000481825
0.000424954
0.000361823
0.000295387
0.000229074
0.00016655
0.000111447
6.70546e-05
3.60205e-05
2.00839e-05
1.98811e-05
3.487e-05
6.33963e-05
0.000102892
0.000150174
0.000201784
0.000254298
0.000304554
0.000349797
0.000387734
0.00041654
0.000434851
0.00044179
0.000437026
0.000420836
0.000394149
0.000358521
0.000316049
0.000269194
0.000220562
0.000172675
0.000127754
8.75411e-05
5.31946e-05
2.52548e-05
3.69254e-06
-1.19828e-05
-2.25859e-05
-2.91258e-05
-3.27007e-05
-3.44056e-05
-3.52381e-05
-3.6003e-05
-3.72283e-05
-3.9108e-05
-4.14878e-05
-4.39132e-05
-4.57407e-05
-4.6293e-05
-4.50271e-05
-4.16795e-05
-3.63606e-05
-2.9573e-05
-2.21413e-05
-1.50724e-05
-9.38739e-06
-5.9623e-06
-5.40333e-06
-7.97093e-06
-1.35591e-05
-2.17215e-05
-3.17333e-05
-4.26856e-05
-5.3607e-05
-6.35938e-05
-7.19297e-05
-7.81934e-05
-8.23402e-05
-8.47266e-05
-8.6058e-05
-8.7268e-05
-8.93448e-05
-9.31288e-05
-9.91236e-05
-0.000107363
-0.000117363
-0.000128169
-0.000138514
-0.000147028
-0.000152462
-0.00015385
-0.000150612
-0.000142568
-0.000129884
-0.000112978
-9.24427e-05
-6.89719e-05
-4.333e-05
-1.63552e-05
1.10152e-05
3.77364e-05
6.2684e-05
8.47295e-05
0.000102865
0.000116373
0.000125013
0.000129176
0.000129944
0.000129027
0.000128559
0.000130773
0.000137636
0.000150482
0.000169737
0.000194798
0.000224099
0.000255367
0.00028599
0.000313409
0.000335453
0.00035054
0.000357741
0.000356716
0.000347589
0.000330799
0.000306979
0.00027687
0.000241284
0.000201082
0.000157149
0.000110363
6.15553e-05
1.14942e-05
-3.91076e-05
-8.95507e-05
-0.000139076
-0.000186776
-0.000231525
-0.00027195
-0.000306482
-0.000333497
-0.000351529
-0.000359501
-0.000356887
-0.000343807
-0.000321013
-0.000289813
-0.000251972
-0.000209607
-0.000165113
-0.0001211
-8.03252e-05
-4.55836e-05
-1.95496e-05
-4.5739e-06
-2.47121e-06
-1.43301e-05
-4.03755e-05
-7.98953e-05
-0.00013123
-0.000191824
-0.000258347
-0.000326888
-0.000393214
-0.000453071
-0.000502494
-0.000538099
-0.000557342
-0.000558738
-0.000541987
-0.000507995
-0.000458768
-0.000397186
-0.000326716
-0.000251115
-0.000174172
-9.95104e-05
-3.04525e-05
3.00654e-05
7.95552e-05
0.000116027
0.000138045
0.000144794
0.000136153
0.000112749
7.5972e-05
2.79298e-05
-2.86541e-05
-9.06074e-05
-0.00015451
-0.000216902
-0.00027448
-0.000324266
-0.000363748
-0.000390972
-0.00040461
-0.000404005
-0.000389193
-0.00036089
-0.00032046
-0.000269851
-0.00021149
-0.000148148
-8.27859e-05
-1.83861e-05
4.22248e-05
9.65501e-05
0.00014257
0.00017884
0.000204534
0.000219426
0.000223824
0.000218489
0.000204541
0.000183375
0.000156589
0.000125921
9.31848e-05
6.01866e-05
2.86133e-05
-1.10222e-07
-2.49744e-05
-4.54937e-05
-6.17259e-05
-7.4197e-05
-8.37541e-05
-9.13847e-05
-9.80429e-05
-0.000104521
-0.000111387
-0.000118978
-0.000127441
-0.00013676
-0.000146743
-0.000156944
-0.000166562
-0.000174368
-0.000178758
-0.00017791
-0.000170057
-0.000153792
-0.000128366
-9.39561e-05
-5.185e-05
-4.51893e-06
4.44784e-05
9.07906e-05
0.000129728
0.000156786
0.000168153
0.000161142
0.000134572
8.9101e-05
2.7469e-05
-4.5468e-05
-0.000123012
-0.00019723
-0.000259814
-0.00030301
-0.000320507
-0.0003082
-0.0003082
-0.000264799
-0.00019222
-9.56216e-05
1.70146e-05
0.00013579
0.000250157
0.000350299
0.000428325
0.000479052
0.000500271
0.000492488
0.000458247
0.00040116
0.000324896
0.000232356
0.000125293
4.44783e-06
-0.000129823
-0.000276633
-0.000433571
-0.000595853
-0.000755847
-0.000903177
-0.00102553
-0.00111009
-0.00114536
-0.00112303
-0.00103949
-0.000896763
-0.000702569
-0.000469541
-0.000213707
4.74323e-05
0.000296812
0.000519361
0.000702995
0.000839051
0.000922347
0.000951037
0.000926415
0.000852715
0.000736862
0.000588086
0.000417318
0.000236325
5.66281e-05
-0.000111652
-0.000260762
-0.0003858
-0.000484579
-0.000556915
-0.000603578
-0.000625281
-0.000622063
-0.00059324
-0.000537934
-0.000455986
-0.000348929
-0.000220684
-7.76993e-05
7.15405e-05
0.000217513
0.000350884
0.000463631
0.000549818
0.000605886
0.000630505
0.00062413
0.000588474
0.000526079
0.000440071
0.000334123
0.000212525
8.02633e-05
-5.70068e-05
-0.000193121
-0.000321675
-0.000436369
-0.000531358
-0.0006016
-0.000643136
-0.000653325
-0.000631009
-0.000576604
-0.000492151
-0.000381284
-0.000249125
-0.0001021
5.23109e-05
0.00020592
0.000350274
0.000477183
0.000579305
0.000650734
0.000687521
0.000688055
0.000653217
0.000586258
0.000492422
0.000378376
0.000251556
0.000119541
-1.04634e-05
-0.000131994
-0.000239555
-0.000328714
-0.000396138
-0.000439583
-0.000457883
-0.000450962
-0.000419838
-0.000366575
-0.000294166
-0.000206349
-0.000107388
-1.84576e-06
0.000105623
0.00021043
0.000308183
0.000394805
0.000466651
0.000520651
0.00055446
0.00056662
0.000556696
0.000525336
0.000474254
0.000406104
0.000324288
0.000232731
0.000135655
3.7392e-05
-5.77947e-05
-0.000145857
-0.000223099
-0.0002863
-0.00033283
-0.000360751
-0.000368909
-0.000356999
-0.000325596
-0.000276138
-0.000210864
-0.000132718
-4.52174e-05
4.76998e-05
0.000141851
0.000232985
0.000316968
0.000389966
0.000448628
0.000490245
0.000512896
0.000515555
0.000498155
0.000461605
0.000407754
0.00033931
0.000259721
0.00017301
8.35561e-05
-4.16175e-06
-8.58213e-05
-0.000157509
-0.000215941
-0.00025863
-0.000283989
-0.00029136
-0.000280983
-0.000253917
-0.000211925
-0.000157347
-9.29786e-05
-2.19316e-05
5.24916e-05
0.000126924
0.000198052
0.000262736
0.000318131
0.00036182
0.000391924
0.00040719
0.000407056
0.000391677
0.000361921
0.000319316
0.000265966
0.000204439
0.000137635
6.86261e-05
5.21649e-07
-6.36776e-05
-0.000121211
-0.00016968
-0.00020714
-0.000232175
-0.000243954
-0.000242255
-0.000227473
-0.000200587
-0.000163113
-0.000117018
-6.46243e-05
-8.49251e-06
4.87076e-05
0.000104324
0.000155839
0.000200972
0.000237769
0.00026469
0.000280662
0.000285121
0.000278033
0.000259884
0.00023166
0.000194799
0.00015112
0.000102728
5.19057e-05
9.99501e-07
-4.76877e-05
-9.20042e-05
-0.000130043
-0.000160223
-0.000181352
-0.000192677
-0.000193908
-0.000185221
-0.000167248
-0.000141034
-0.000107988
-6.97992e-05
-2.8362e-05
1.43243e-05
5.62429e-05
9.54515e-05
0.000130172
0.000158865
0.000180294
0.000193571
0.000198198
0.00019408
0.00018152
0.000161198
0.000134142
0.00010167
6.53243e-05
2.6793e-05
-1.2166e-05
-4.98042e-05
-8.44608e-05
-0.00011464
-0.000139077
-0.000156797
-0.000167145
-0.000169819
-0.000164875
-0.000152714
-0.000134058
-0.000109908
-8.14985e-05
-5.02358e-05
-1.76288e-05
1.47821e-05
4.54958e-05
7.31158e-05
9.64085e-05
0.000114359
0.000126217
0.000131528
0.000130146
0.000122228
0.000108232
8.88822e-05
6.51331e-05
3.81255e-05
9.12939e-06
-2.05206e-05
-4.9488e-05
-7.64896e-05
-0.00010035
-0.000120057
-0.000134809
-0.000144048
-0.000147482
-0.000145085
-0.000137091
-0.000123979
-0.000106463
-8.5446e-05
-6.1976e-05
-3.71898e-05
-1.2261e-05
1.16525e-05
3.3461e-05
5.21902e-05
6.70258e-05
7.73473e-05
8.27509e-05
8.30626e-05
7.83448e-05
6.88891e-05
5.51973e-05
3.79561e-05
1.80062e-05
-3.69841e-06
-2.61403e-05
-4.82903e-05
-6.91558e-05
-8.78229e-05
-0.000103496
-0.000115529
-0.000123457
-0.000127003
-0.000126096
-0.000120867
-0.000111639
-9.89149e-05
-8.33464e-05
-6.57058e-05
-4.68467e-05
-2.76621e-05
-2.76621e-05
-9.04179e-06
8.16929e-06
2.32068e-05
3.54195e-05
4.42983e-05
4.9496e-05
4.9496e-05
