7.96194e-13
-3.85533e-10
-7.30557e-09
-6.38648e-08
-3.49989e-07
-1.36555e-06
-4.07497e-06
-9.74879e-06
-1.93525e-05
-3.27569e-05
-4.83633e-05
-6.35262e-05
-7.55829e-05
-8.29018e-05
-8.53937e-05
-8.42651e-05
-8.12285e-05
-7.76482e-05
-7.40275e-05
-6.99569e-05
-6.4435e-05
-5.64173e-05
-4.54049e-05
-3.18361e-05
-1.70851e-05
-3.03581e-06
8.58e-06
1.67622e-05
2.14612e-05
2.3367e-05
2.34253e-05
2.23391e-05
2.02794e-05
1.6893e-05
1.15644e-05
3.79554e-06
-6.45663e-06
-1.86187e-05
-3.15865e-05
-4.40285e-05
-5.47774e-05
-6.31349e-05
-6.89592e-05
-7.2516e-05
-7.41887e-05
-7.42004e-05
-7.24682e-05
-6.86409e-05
-6.22827e-05
-5.31151e-05
-4.12066e-05
-2.70326e-05
-1.13812e-05
4.85172e-06
2.08928e-05
3.62516e-05
5.07501e-05
6.44232e-05
7.73483e-05
8.94904e-05
0.000100634
0.000110423
0.000118492
0.000124608
0.00012879
0.000131329
0.000132717
0.000133515
0.000134222
0.000135183
0.000136576
0.000138456
0.000140828
0.000143705
0.0001471
0.000150982
0.000155192
0.000159389
0.000163036
0.000165475
0.000166042
0.000164191
0.000159567
0.000152014
0.000141503
0.000128028
0.000111512
9.17868e-05
6.8626e-05
4.18583e-05
1.14973e-05
-2.21569e-05
-5.84916e-05
-9.66529e-05
-0.000135696
-0.000174765
-0.000213234
-0.000250759
-0.000287216
-0.000322572
-0.00035672
-0.000389353
-0.000419916
-0.000447653
-0.000471725
-0.000491364
-0.000506001
-0.000515332
-0.000519309
-0.000518078
-0.000511902
-0.00050109
-0.000485955
-0.000466776
-0.000443764
-0.00041702
-0.000386497
-0.000352013
-0.000313323
-0.000270272
-0.00022297
-0.000171935
-0.00011812
-6.27918e-05
-7.28902e-06
4.72691e-05
0.000100229
0.00015153
0.00020168
0.000251624
0.000302547
0.000355685
0.000412149
0.000472793
0.000538107
0.000608143
0.000682485
0.000760255
0.00084015
0.00092049
0.000999248
0.00107403
0.00114205
0.0012001
0.00124461
0.00127184
0.00127821
0.00126067
0.00121707
0.0011465
0.00104928
0.000926757
0.000780668
0.000612306
0.000421878
0.000208404
-2.94757e-05
-0.000291828
-0.000575346
-0.000871667
-0.00116694
-0.00144311
-0.00168085
-0.00186313
-0.00197853
-0.0020229
-0.00199923
-0.0019156
-0.00178241
-0.00160965
-0.00140538
-0.00117559
-0.000925301
-0.000660034
-0.000386973
-0.000115076
0.000145934
0.000387311
0.000603041
0.000790893
0.000952376
0.00109168
0.00121409
0.00132433
0.00142549
0.00151835
0.00160122
0.0016702
0.00171969
0.00174341
0.00173597
0.00169471
0.00162156
0.0015242
0.00141593
0.00131404
0.00123675
0.00119951
0.00121188
0.00127593
0.00138688
0.00153567
0.00171208
0.00190574
0.00210083
0.00226347
0.00233098
0.00222151
0.00187177
0.00128071
0.000522202
-0.000286724
-0.00103962
-0.00168249
-0.00222331
-0.00270805
-0.00318017
-0.00364947
-0.00408423
-0.00442212
-0.00459074
-0.00453342
-0.00423353
-0.00372566
-0.00308633
-0.00240687
-0.00176126
-0.00118455
-0.000672061
-0.000197464
0.000262237
0.00070793
0.00111313
0.00143227
0.00161736
0.00163608
0.00148447
0.00118967
0.000801055
0.000373417
-5.0433e-05
-0.000449434
-0.000822507
-0.00117738
-0.00151663
-0.00182809
-0.00208374
-0.0022469
-0.00228398
-0.00217582
-0.00192423
-0.00155127
-0.00109197
-0.000583326
-5.45584e-05
0.000477625
0.00100703
0.00153104
0.00204271
0.00252574
0.00295462
0.00329962
0.00353406
0.00364104
0.0036169
0.00347048
0.00321885
0.0028814
0.00247491
0.00201131
0.00149874
0.000944522
0.000357875
-0.000249776
-0.000867436
-0.0014883
-0.00211129
-0.00273777
-0.0033633
-0.00396825
-0.00451251
-0.00493857
-0.00518358
-0.00519631
-0.00495285
-0.00446466
-0.00377599
-0.00295169
-0.00206022
-0.0011582
-0.00028189
0.000551999
0.00133771
0.00206878
0.00272881
0.0032889
0.00371256
0.00396568
0.00402714
0.00389584
0.00359142
0.00314873
0.00260799
0.00200384
0.00135694
0.000671409
-5.97885e-05
-0.000842305
-0.00166505
-0.00248892
-0.00324611
-0.00385229
-0.00422851
-0.00432448
-0.0041341
-0.00369685
-0.00308455
-0.00237875
-0.00164759
-0.000931116
-0.000240164
0.00043165
0.00043165
0.00108935
0.00172058
0.00228972
0.00274462
0.00303225
0.00311548
0.00298356
0.0026523
0.00215546
0.0015325
0.000818829
4.32026e-05
-0.000767652
-0.00158029
-0.00234729
-0.00300659
-0.00348937
-0.00373473
-0.00370577
-0.00340088
-0.00285551
-0.00213384
-0.00131308
-0.000466338
0.000350242
0.00110234
0.00177385
0.00235776
0.00284629
0.00322489
0.00347243
0.00356724
0.00349563
0.00325908
0.00287677
0.00238266
0.00181832
0.00122449
0.000634511
7.15886e-05
-0.000449662
-0.000918835
-0.00132492
-0.00165341
-0.00188666
-0.00200719
-0.00200245
-0.00186888
-0.00161367
-0.00125361
-0.000811951
-0.000314931
0.000210487
0.000736898
0.0012355
0.00167561
0.00202635
0.00226095
0.00236239
0.00232799
0.00217061
0.00191554
0.00159399
0.00123557
0.000862661
0.000488548
0.000119625
-0.000239642
-0.000581437
-0.000891426
-0.00114921
-0.00133241
-0.00142294
-0.00141343
-0.00131133
-0.00113919
-0.000930201
-0.000719832
-0.000535974
-0.000390968
-0.00027875
-0.000178439
-6.31076e-05
8.97086e-05
0.000289858
0.000531725
0.000797274
0.00106313
0.00130823
0.00151829
0.00168482
0.00179892
0.00184348
0.00178965
0.00160186
0.00125179
0.000735924
8.8177e-05
-0.000619685
-0.00129182
-0.00183186
-0.00216749
-0.00226688
-0.00214197
-0.00183886
-0.00142063
-0.000949834
-0.000476306
-3.25739e-05
0.000364432
0.000708578
0.000999708
0.00124049
0.00143493
0.00158778
0.00170374
0.0017863
0.00183637
0.00185153
0.00182666
0.0017562
0.00163729
0.00147256
0.00127099
0.0010461
0.000812308
0.000581027
0.000358624
0.000147061
-5.32343e-05
-0.000239938
-0.000406648
-0.000543044
-0.000637299
-0.000679621
-0.00066539
-0.000596583
-0.000480949
-0.000329384
-0.000152716
4.05972e-05
0.000244798
0.000455025
0.000664268
0.000860629
0.00102645
0.00114012
0.00118025
0.00113102
0.000986857
0.000754903
0.000454517
0.000113833
-0.000235501
-0.000563822
-0.000847617
-0.0010713
-0.00122649
-0.00130962
-0.00131911
-0.00125356
-0.00111143
-0.000892332
-0.000599166
-0.000240044
0.000170509
0.000611329
0.00105508
0.00146926
0.00181802
0.00206536
0.00218019
0.00214249
0.00194889
0.00161519
0.00117417
0.000668593
0.000141294
-0.000374182
-0.000859134
-0.00130932
-0.00172892
-0.00212144
-0.00248142
-0.00279073
-0.00302099
-0.00314127
-0.00312793
-0.00297255
-0.00268489
-0.00229005
-0.00182123
-0.0013113
-0.000786324
-0.000263294
0.000247839
0.000739372
0.00120098
0.00161721
0.00196856
0.00223551
0.00240386
0.00246868
0.00243542
0.00231769
0.00213273
0.00189679
0.00162205
0.00131623
0.000984469
0.000632028
0.000265952
-0.000105584
-0.000476067
-0.000843619
-0.00121137
-0.00158344
-0.00195749
-0.00231739
-0.00263065
-0.00285352
-0.00294308
-0.00287213
-0.00264083
-0.00228021
-0.00184544
-0.00140147
-0.0010059
-0.000695634
-0.000481369
-0.000351412
-0.000281984
-0.000249268
-0.00023818
-0.00024486
-0.000272869
-0.000325845
-0.000400623
-0.000484253
-0.000556311
-0.000595381
-0.000586649
-0.000527131
-0.00042618
-0.000301064
-0.000169561
-4.27489e-05
7.89884e-05
0.000205113
0.000349491
0.000522277
0.000722002
0.000930929
0.00111608
0.00123672
0.00125674
0.00115772
0.000947619
0.000660846
0.000348923
6.48216e-05
-0.000153082
-0.000291345
-0.00036235
-0.000395883
-0.000425038
-0.000471999
-0.000538916
-0.00060689
-0.000643032
-0.000612869
-0.000493972
-0.000286645
-1.83909e-05
0.000259714
0.000484624
0.000598219
0.000564338
0.000379798
7.48416e-05
-0.0002975
-0.000679071
-0.00102425
-0.00131086
-0.00154101
-0.00173274
-0.00190729
-0.00207726
-0.00223982
-0.00237648
-0.00245809
-0.00245264
-0.00233291
-0.00208204
-0.00169606
-0.00118377
-0.000564955
0.000131773
0.000871022
0.00161242
0.00231278
0.00292905
0.00342228
0.00376163
0.00392769
0.00391371
0.00372455
0.0033736
0.00287934
0.00226275
0.00154695
0.000758616
-6.98551e-05
-0.000899298
-0.00168504
-0.00238061
-0.00294285
-0.00333669
-0.00353825
-0.00353545
-0.00332662
-0.00291822
-0.00291822
-0.0023234
-0.0015623
-0.000664539
0.00032738
0.00135648
0.00235412
0.00324827
0.00397548
0.00449245
0.00478242
0.00485405
0.00473325
0.00445178
0.00403729
0.00350851
0.00287692
0.00215318
0.00135491
0.000511929
-0.000333823
-0.00113408
-0.00184371
-0.00243022
-0.00287969
-0.00319685
-0.00339949
-0.00350947
-0.00354372
-0.00350834
-0.00339759
-0.00319767
-0.00289331
-0.00247508
-0.00194475
-0.00131771
-0.000621964
0.000105226
0.00082174
0.00148483
0.00205449
0.002496
0.00278212
0.00289539
0.0028306
0.00259678
0.00221773
0.00173014
0.00117894
0.000610585
6.59835e-05
-0.00042458
-0.000842934
-0.00118039
-0.00143223
-0.00159164
-0.00164601
-0.00157742
-0.00136769
-0.00100636
-0.000498709
0.000129505
0.000832452
0.00155023
0.00221865
0.00277992
0.00319104
0.00342802
0.00348501
0.00336982
0.00309765
0.00268562
0.00214977
0.00150528
0.000769285
-3.52263e-05
-0.00087628
-0.0017121
-0.00249329
-0.00316776
-0.00368704
-0.00401245
-0.00411963
-0.00400048
-0.00366265
-0.00312714
-0.0024254
-0.00159663
-0.000686072
0.000256181
0.00117633
0.00201903
0.00273112
0.00326665
0.0035925
0.00369309
0.00357298
0.00325644
0.00278398
0.00220624
0.00157676
0.000944914
0.000350542
-0.000178943
-0.000628571
-0.000993433
-0.00127482
-0.00147612
-0.00159975
-0.00164596
-0.00161381
-0.00150364
-0.00131983
-0.00107267
-0.00077834
-0.000457093
-0.000130332
0.000182169
0.000463952
0.000702097
0.00088643
0.00100861
0.00106189
0.00104193
0.000948256
0.000785627
0.000564312
0.000298905
5.72884e-06
-0.000300324
-0.000608445
-0.000913046
-0.00121291
-0.00150864
-0.00179925
-0.00207929
-0.00233742
-0.00255715
-0.00271945
-0.00280633
-0.00280421
-0.00270604
-0.00251173
-0.00222707
-0.00186205
-0.00142935
-0.000943544
-0.000421174
0.00011903
0.000656315
0.00116904
0.00163671
0.00204244
0.00237467
0.00262773
0.00280062
0.00289483
0.00291208
0.00285304
0.0027179
0.00250968
0.00224213
0.00195259
0.00171163
0.00161138
0.00172259
0.0020412
0.00246632
0.00283265
0.00297819
0.00280779
0.00232226
0.00160361
0.00076863
-8.07079e-05
-0.00088701
-0.0016433
-0.00238001
-0.00313667
-0.00392628
-0.00470902
-0.00539023
-0.00584545
-0.00596129
-0.00567274
-0.00497963
-0.00393729
-0.00262999
-0.00114178
0.000463357
0.0021463
0.00388329
0.00564691
0.0073852
0.00900737
0.0103836
0.0113617
0.0117965
0.0115831
0.0106818
0.00912995
0.00703567
0.00455843
0.00188152
-0.000815699
-0.00337904
-0.00568999
-0.0076654
-0.0092498
-0.010406
-0.0111085
-0.0113423
-0.0111054
-0.0104114
-0.00929202
-0.00779483
-0.00598034
-0.00391818
-0.0016854
0.000632681
0.00293994
0.00512775
0.00707671
0.0086635
0.00977253
0.0103095
0.010213
0.00946101
0.00806968
0.00608715
0.00358499
0.000651899
-0.00260752
-0.00606907
-0.00958339
-0.0129736
-0.0160409
-0.0185796
-0.0204001
-0.0213541
-0.0213534
-0.0203792
-0.018477
-0.0157429
-0.0123057
-0.00831204
-0.00391924
0.000705448
0.00538127
0.00991227
0.0140917
0.0177142
0.020593
0.0225787
0.0235727
0.0235338
0.0224758
0.0204602
0.0175883
0.0139938
0.00983974
0.00531628
0.000635932
-0.00397601
-0.00829738
-0.012129
-0.0153141
-0.0177511
-0.0193967
-0.0202567
-0.020369
-0.0197844
-0.0185525
-0.0167165
-0.0143194
-0.0114153
-0.00808209
-0.00442812
-0.000590614
0.00327439
0.00700694
0.0104581
0.0135006
0.0160325
0.0179752
0.0192681
0.0198637
0.0197273
0.0188399
0.0172061
0.0148597
0.0118685
0.00833418
0.00438814
0.000185877
-0.00409956
-0.00828357
-0.012176
-0.0155889
-0.0183472
-0.0203027
-0.0213494
-0.0214348
-0.0205645
-0.018797
-0.0162326
-0.0129995
-0.00924353
-0.00512169
-0.000801018
0.00354213
0.00772459
0.0115627
0.0148822
0.0175303
0.0193869
0.0203735
0.0204569
0.0196485
0.0179999
0.0155975
0.0125572
0.00902105
0.00902105
0.00515463
0.00114373
-0.00281074
-0.00650186
-0.00973045
-0.012323
-0.0141507
-0.0151449
-0.0153031
-0.0146834
-0.0133869
-0.0115347
-0.00924632
-0.00662607
-0.00376258
-0.000739061
0.00235078
0.00538948
0.00823225
0.0107165
0.0126823
0.0139974
0.0145776
0.0143978
0.013489
0.011926
0.00981
0.00725361
0.00437226
0.00128289
-0.00189243
-0.00502227
-0.00796543
-0.0105764
-0.0127159
-0.0142644
-0.0151333
-0.0152723
-0.0146708
-0.0133546
-0.0113797
-0.00882666
-0.00579642
-0.0024085
0.00119981
0.00487529
0.00845335
0.0117664
0.0146552
0.0169814
0.0186381
0.019557
0.0197095
0.0191045
0.0177829
0.0158119
0.0132803
0.0102959
0.00698284
0.00347959
-6.52977e-05
-0.00349904
-0.00667209
-0.00944599
-0.011701
-0.0133424
-0.014307
-0.0145684
-0.0141438
-0.0130992
-0.0115492
-0.00964843
-0.00757048
-0.00548037
-0.00350727
-0.00172805
-0.000167709
0.00118361
0.00234436
0.00331691
0.00407417
0.00456239
0.00471862
0.00449524
0.00388182
0.00291544
0.00167597
0.000268595
-0.00119881
-0.0026347
-0.00397279
-0.00516948
-0.0061934
-0.00701376
-0.00759402
-0.00789421
-0.0078809
-0.00754
-0.00688599
-0.00596251
-0.00483329
-0.00356646
-0.0022186
-0.000825207
0.000598491
0.00204672
0.00350722
0.00494753
0.0063102
0.00752035
0.00850357
0.00920744
0.00961805
0.00976449
0.00970921
0.00952833
0.00928966
0.00903708
0.00878634
0.00853203
0.00825975
0.00795485
0.00760073
0.00716671
0.00659394
0.00579353
0.00466676
0.00314577
0.00123864
-0.000943679
-0.00319595
-0.0052653
-0.0069211
-0.00802199
-0.00855397
-0.00862398
-0.00841103
-0.00809396
-0.00778477
-0.00749448
-0.00714461
-0.00661778
-0.00582381
-0.00475157
-0.00348419
-0.00217256
-0.000980464
-2.63555e-05
0.000653779
0.00110848
0.0014398
0.00175457
0.00211912
0.00253472
0.00294017
0.00323629
0.0033195
0.00311155
0.00257746
0.00173041
0.000626084
-0.000649368
-0.00199442
-0.00330759
-0.00450066
-0.00550759
-0.00628788
-0.00682481
-0.00712016
-0.00718749
-0.00704601
-0.00671618
-0.00621777
-0.00557017
-0.00479395
-0.00391214
-0.00294991
-0.00193254
-0.000882751
0.000180577
0.00124132
0.00228284
0.00328444
0.00421986
0.00505926
0.0057748
0.00634794
0.00677513
0.00706833
0.00724708
0.0073226
0.00727908
0.00706242
0.00658679
0.00576253
0.00453762
0.00293554
0.00107114
-0.000865552
-0.00265363
-0.00409742
-0.00507315
-0.00554941
-0.00557572
-0.00524646
-0.00465745
-0.00387445
-0.00292756
-0.0018322
-0.000623731
0.000615026
0.00175155
0.00263211
0.00313027
0.00319331
0.00286449
0.00226968
0.0015732
0.000921327
0.000397048
4.01375e-06
-0.000315109
-0.000635505
-0.00100201
-0.00139709
-0.00173875
-0.00190846
-0.00179656
-0.00134529
-0.000571803
0.000436764
0.001552
0.00264304
0.00360934
0.00439569
0.00498657
0.00538624
0.00559622
0.00560203
0.00537486
0.00488616
0.00412644
0.00311844
0.00191839
0.000605918
-0.000731407
-0.00201145
-0.00316373
-0.00412827
-0.00485073
-0.00527916
-0.00536667
-0.00508122
-0.00442007
-0.00342297
-0.00217702
-0.000807898
0.000542506
0.0017454
0.00271093
0.00340043
0.00382047
0.00400191
0.00397352
0.00374169
0.0032849
0.00256484
0.00154946
0.000238052
-0.00132228
-0.0030358
-0.00477387
-0.00640109
-0.00780199
-0.00889825
-0.0096514
-0.0100522
-0.0101034
-0.00980493
-0.00914856
-0.00812314
-0.00672858
-0.00499123
-0.00297469
-0.000781626
0.0014539
0.00358122
0.00545087
0.00693113
0.00792059
0.00835577
0.00821472
0.00751771
0.00632547
0.0047336
0.00286159
0.000836375
-0.00122631
-0.00323655
-0.00513442
-0.00688111
-0.00843988
-0.00975578
-0.0107442
-0.0112956
-0.0112958
-0.0106567
-0.00934447
-0.00739595
-0.00491657
-0.0020613
0.000994443
0.0040832
0.00706355
0.00982351
0.0122712
0.0143208
0.0158835
0.0168689
0.0171995
0.0168301
0.015766
0.015766
0.0140693
0.0118529
0.0092621
0.00645217
0.00356871
0.00073642
-0.00194253
-0.00438324
-0.00651111
-0.00825791
-0.00956339
-0.0103818
-0.0106899
-0.0104928
-0.00982346
-0.00873748
-0.00730434
-0.00560127
-0.00371057
-0.00171825
0.000289755
0.00223252
0.00403552
0.00562725
0.00693547
0.0078881
0.0084206
0.00848754
0.00807358
0.00719813
0.00591185
0.00428805
0.00241298
0.000377441
-0.00172888
-0.00381897
-0.00580666
-0.00760394
-0.00912097
-0.0102711
-0.0109809
-0.0112014
-0.0109172
-0.0101484
-0.00894675
-0.00738801
-0.00556261
-0.0035685
-0.00150614
0.000524424
0.00242584
0.00410639
0.00548459
0.00649569
0.00709859
0.00728104
0.00706083
0.00648182
0.0056059
0.00450331
0.00324444
0.0018953
0.000516923
-0.000832361
-0.00209448
-0.00321124
-0.00412759
-0.00479808
-0.00519453
-0.00531157
-0.00516732
-0.00479838
-0.00425069
-0.00356969
-0.00279333
-0.00195014
-0.00106216
-0.000150799
0.000757548
0.00162871
0.00242199
0.0030952
0.00361146
0.0039454
0.00408649
0.0040388
0.00381738
0.00344336
0.00293931
0.00232654
0.00162471
0.000853317
3.41043e-05
-0.000806884
-0.00163878
-0.00242738
-0.00313842
-0.0037413
-0.00421178
-0.00453254
-0.00469179
-0.00468116
-0.00449466
-0.00412974
-0.0035903
-0.00289037
-0.00205662
-0.00112828
-0.000154007
0.000813798
0.00172543
0.0025394
0.00322554
0.00376516
0.00414891
0.00437355
0.00443922
0.00434793
0.00410456
0.00372038
0.00321801
0.002634
0.00201532
0.0014104
0.000859245
0.000387866
8.87303e-06
-0.000272955
-0.000453848
-0.000527006
-0.000483204
-0.000314906
-2.15227e-05
0.000386232
0.00088468
0.00143951
0.00201185
0.00256608
0.00307654
0.00353064
0.00392772
0.00427456
0.00458
0.00485057
0.00508805
0.00528842
0.00544085
0.00552538
0.00550956
0.00534639
0.0049769
0.00433963
0.00338659
0.00210102
0.000510752
-0.00130823
-0.00323997
-0.00514611
-0.00688769
-0.00834574
-0.009436
-0.0101157
-0.0103818
-0.0102628
-0.00980669
-0.00906825
-0.00809937
-0.00694324
-0.00563336
-0.00419687
-0.00266039
-0.0010567
0.000570147
0.00216323
0.00365529
0.00497481
0.00605379
0.00683489
0.00727655
0.00735568
0.00706845
0.00642991
0.00547283
0.00424583
0.00281068
0.00123858
-0.000394423
-0.00201236
-0.00354404
-0.00492671
-0.00610804
-0.00704615
-0.00770781
-0.00806556
-0.00809516
-0.00777492
-0.00708845
-0.00603128
-0.00462023
-0.00290222
-0.000958546
0.00109899
0.0031408
0.00503787
0.00667987
0.00798675
0.00891052
0.00942866
0.00953446
0.00923049
0.00852873
0.00745661
0.00606449
0.00442903
0.00264854
0.00083049
-0.000925133
-0.00254037
-0.00396634
-0.00518017
-0.00617362
-0.00693831
-0.00745419
-0.00768597
-0.0075894
-0.00712534
-0.00627671
-0.00506243
-0.00354303
-0.00181537
2.50415e-06
0.00179185
0.00345196
0.00491111
0.00612644
0.00707456
0.00773848
0.00809778
0.00812708
0.00780324
0.00711773
0.00608822
0.00476389
0.00322246
0.00155993
-0.000122883
-0.00173241
-0.00318994
-0.00443357
-0.00541616
-0.00610222
-0.00646668
-0.00649704
-0.00619807
-0.00559631
-0.00474109
-0.0037001
-0.0025496
-0.00136199
-0.00019475
0.00091546
0.00195159
0.00290859
0.00378269
0.00456211
0.00522278
0.0057305
0.00604833
0.00614602
0.00600785
0.00563656
0.0050524
0.00428857
0.00338503
0.00238309
0.00132201
0.00023797
-0.000835518
-0.00186662
-0.00282434
-0.00367786
-0.00439616
-0.00494822
-0.00530431
-0.00543868
-0.00533335
-0.00498224
-0.00439431
-0.00359483
-0.00262429
-0.00153514
-0.000386752
0.000760485
0.00185095
0.0028383
0.00368769
0.00437527
0.00488559
0.00520792
0.00533285
0.00524984
0.00494616
0.00440759
0.00362158
0.00258336
0.00130409
-0.000181529
-0.00181183
-0.00350126
-0.0051504
-0.00665989
-0.00794422
-0.00894097
-0.00961325
-0.00994583
-0.00993758
-0.00959412
-0.00892405
-0.00794021
-0.00666452
-0.0051333
-0.0033994
-0.0033994
-0.00152995
0.000398593
0.00230473
0.00410295
0.0057025
0.00700778
0.00792513
0.00837754
0.00832396
0.0077758
0.00680262
0.00552266
0.00407961
0.00261225
0.00122617
-2.4026e-05
-0.00113732
-0.00215332
-0.003128
-0.00410563
-0.00509473
-0.00605516
-0.00689978
-0.0075109
-0.00776731
-0.00757462
-0.00689046
-0.00573715
-0.0041986
-0.00240305
-0.000497957
0.0013752
0.00309924
0.00458959
0.00579293
0.00668003
0.00723714
0.00745976
0.00735066
0.00692138
0.0061954
0.00521045
0.00401837
0.00268245
0.00127274
-0.000139111
-0.00148452
-0.00270128
-0.00373535
-0.00454131
-0.00508238
-0.00533086
-0.00526956
-0.0048942
-0.00421535
-0.00325853
-0.00206194
-0.000673035
0.000853439
0.0024535
0.00404839
0.0055389
0.00680499
0.00771463
0.00814243
0.00799356
0.00722615
0.00586515
0.00400302
0.00178648
-0.000607338
-0.00299921
-0.00523283
-0.00718997
-0.0087931
-0.00999713
-0.0107759
-0.0111106
-0.0109843
-0.0103857
-0.00931812
-0.00780961
-0.00591926
-0.0037359
-0.00136964
0.00106063
0.00343845
0.00565509
0.00760803
0.00919651
0.0103206
0.0108888
0.0108349
0.0101367
0.00882936
0.00700629
0.004805
0.00238428
-9.97576e-05
-0.00251088
-0.00473859
-0.0066932
-0.00829491
-0.0094639
-0.010118
-0.0101812
-0.00960049
-0.00836521
-0.00651908
-0.00416036
-0.00142874
0.00151562
0.00451277
0.00741629
0.0100963
0.0124346
0.0143177
0.0156337
0.0162778
0.0161669
0.0152573
0.0135623
0.011159
0.00818472
0.00482098
0.0012716
-0.00225945
-0.00558499
-0.00854408
-0.0110048
-0.0128635
-0.0140433
-0.0144964
-0.0142087
-0.0132075
-0.0115656
-0.00940062
-0.0068635
-0.00412099
-0.00133469
0.00135634
0.00384459
0.0060536
0.00792972
0.00943087
0.0105172
0.0111476
0.0112826
0.0108941
0.00997615
0.0085547
0.00669112
0.00447875
0.00203313
-0.000521118
-0.00306298
-0.00548396
-0.00769157
-0.00960749
-0.0111627
-0.0122925
-0.012935
-0.0130357
-0.0125566
-0.011489
-0.00986365
-0.00775445
-0.00527374
-0.00255962
0.000240521
0.0029854
0.00555046
0.00783224
0.00974771
0.0112315
0.0122338
0.0127212
0.0126777
0.0121068
0.0110295
0.00948097
0.00750627
0.00515974
0.00250971
-0.000352426
-0.00330335
-0.00618553
-0.00881633
-0.0110087
-0.0125989
-0.0134725
-0.013581
-0.0129439
-0.0116368
-0.00977228
-0.00747963
-0.00489148
-0.00213816
0.000651248
0.0033463
0.00581602
0.00793603
0.0096014
0.0107412
0.0113289
0.0113838
0.0109628
0.0101439
0.00900933
0.00763256
0.00607417
0.00438532
0.00261511
0.000816932
-0.000949815
-0.00262323
-0.00414564
-0.00547014
-0.00656383
-0.00740638
-0.00798495
-0.00828822
-0.00830303
-0.00801592
-0.0074193
-0.00651991
-0.0053456
-0.00394736
-0.00239522
-0.000769221
0.000851311
0.00239624
0.00380795
0.00503868
0.00604409
0.00677718
0.00718698
0.00722413
0.00685238
0.00606216
0.00488106
0.00337724
0.00165387
-0.000164131
-0.00194759
-0.00357994
-0.00496923
-0.00605294
-0.00679603
-0.00718532
-0.0072237
-0.00692663
-0.00632104
-0.00544461
-0.00434362
-0.00306884
-0.00167064
-0.000195562
0.00131401
0.00281704
0.00426935
0.00561952
0.00680754
0.00776729
0.00843325
0.00874997
0.00868209
0.00822208
0.00739354
0.0062494
0.00486571
0.0033327
0.00174505
0.000192918
-0.00124569
-0.00251073
-0.00356424
-0.00439204
-0.00500239
-0.00542084
-0.00568189
-0.00581899
-0.00585591
-0.00580197
-0.00565226
-0.00539222
-0.00500449
-0.00447567
-0.00380162
-0.00299054
-0.00206383
-0.0010549
-6.4299e-06
0.00103341
0.00201461
0.00288814
0.00360745
0.0041294
0.00441566
0.00443562
0.00417095
0.00362112
0.00280821
0.00177922
0.000604226
-0.000630249
-0.00183173
-0.00291381
-0.00380651
-0.0044623
-0.00485682
-0.00498525
-0.00485708
-0.00449167
-0.00391632
-0.00316622
-0.00228512
-0.00132471
-0.000341902
0.000605769
0.00146534
0.00219293
0.00219293
0.00275667
0.00313806
0.00333235
0.00334807
0.0032059
0.00293639
0.00257645
0.00216499
0.00173853
0.00132793
0.000956828
0.000641832
0.000393957
0.000220296
0.000124921
0.000108304
0.000165222
0.000281964
0.000434223
0.000586956
0.000696806
0.000716983
0.000604116
0.000326497
-0.00012719
-0.000740491
-0.00146596
-0.00222878
-0.00293817
-0.00350429
-0.00385588
-0.00395283
-0.00378985
-0.00339064
-0.00279576
-0.00204958
-0.00119147
-0.000254557
0.000729138
0.00172107
0.00267187
0.00352404
0.00422161
0.00472241
0.00500722
0.0050811
0.00496634
0.00469049
0.00427519
0.00373085
0.00305942
0.00226367
0.00135834
0.000377664
-0.000624785
-0.00158457
-0.00244031
-0.00314746
-0.00368659
-0.00406301
-0.00429823
-0.00441719
-0.00443635
-0.00435703
-0.00416593
-0.00384217
-0.00336756
-0.00273647
-0.00196167
-0.00107466
-0.000121102
0.000846005
0.0017724
0.00260591
0.00329743
0.00380159
0.00407922
0.00410253
0.00386134
0.0033679
0.00265762
0.00178495
0.000815458
-0.000183589
-0.00115157
-0.00203975
-0.00281276
-0.00344655
-0.00392461
-0.00423409
-0.00436379
-0.00430437
-0.00405076
-0.00360551
-0.00298211
-0.00220723
-0.00132108
-0.000375189
0.000572626
0.0014657
0.0022568
0.00291506
0.00342936
0.00380698
0.00406815
0.00423833
0.00434078
0.0043917
0.00439851
0.00436112
0.00427464
0.00413203
0.003926
0.00364995
0.00329847
0.00286791
0.00235727
0.00176913
0.00111063
0.000394081
-0.00036279
-0.00113711
-0.00190178
-0.00262706
-0.00328233
-0.00383784
-0.00426594
-0.00454211
-0.00464612
-0.00456375
-0.00428902
-0.00382638
-0.00319197
-0.0024133
-0.00152745
-0.000578332
0.000386154
0.00131627
0.00216198
0.00287438
0.0034078
0.00372298
0.00379112
0.00359769
0.00314488
0.00245182
0.00155248
0.000492139
-0.00067618
-0.00189429
-0.00310018
-0.00422895
-0.00521472
-0.00599445
-0.00651369
-0.00673284
-0.00663221
-0.00621419
-0.00550215
-0.00453665
-0.00337086
-0.00206653
-0.00069137
0.000682631
0.00198128
0.00313175
0.00406828
0.00473899
0.0051125
0.0051818
0.00496416
0.00449643
0.00382711
0.00300728
0.00208329
0.00109306
6.66551e-05
-0.000969667
-0.00198807
-0.00295466
-0.00382798
-0.00456107
-0.00510694
-0.00542556
-0.00549046
-0.00529284
-0.00484232
-0.00416453
-0.00329669
-0.00228297
-0.00117067
-7.83994e-06
0.00115788
0.00228018
0.00331549
0.00422564
0.00498164
0.00556787
0.00598474
0.0062479
0.00638284
0.00641605
0.00636541
0.00623397
0.00600949
0.0056705
0.00519638
0.00457781
0.00382346
0.00296029
0.0020273
0.00106551
0.00010873
-0.00082067
-0.00170919
-0.00254453
-0.00330705
-0.00396495
-0.00447586
-0.00479442
-0.00488315
-0.00472243
-0.00431607
-0.00369103
-0.00289149
-0.00197002
-0.00097896
3.52143e-05
0.00103333
0.00198156
0.00284803
0.00360008
0.00420366
0.00462509
0.00483453
0.00481035
0.00454307
0.00403824
0.00331776
0.00241948
0.00139516
0.000306742
-0.000778843
-0.00179603
-0.00268715
-0.00340799
-0.00393128
-0.00424758
-0.00436345
-0.0042977
-0.00407654
-0.00372865
-0.00328091
-0.00275554
-0.0021687
-0.00153103
-0.000849883
-0.000132941
0.000607397
0.00134996
0.00206226
0.00270055
0.00321333
0.00354809
0.00366011
0.00352151
0.00312809
0.00250247
0.00169248
0.000764965
-0.000203665
-0.00113838
-0.0019755
-0.00266945
-0.00319496
-0.00354452
-0.00372258
-0.00373881
-0.0036029
-0.00332244
-0.00290425
-0.00235797
-0.00169999
-0.000955908
-0.000160241
0.000646623
0.00142321
0.00213185
0.00274216
0.00323227
0.00358811
0.00380157
0.00386889
0.00379005
0.00356946
0.00321736
0.00275107
0.00219514
0.00158012
0.000939857
0.000308409
-0.000282872
-0.000807141
-0.00124278
-0.00157353
-0.00178879
-0.00188463
-0.00186524
-0.00174389
-0.00154253
-0.00128932
-0.00101477
-0.000747256
-0.000509402
-0.000316007
-0.000173541
-8.08354e-05
-3.05011e-05
-1.09784e-05
-9.41261e-06
-1.54919e-05
-2.58288e-05
-2.58288e-05
-4.76596e-05
-0.000100113
-0.000211581
-0.000412881
-0.000727549
-0.00116202
-0.00169907
-0.0022971
-0.00289618
-0.00342903
-0.0038336
-0.00406289
-0.00408967
-0.00390521
-0.00351442
-0.0029305
-0.00217248
-0.00126696
-0.000252867
0.000814145
0.00186164
0.00280713
0.00357102
0.00409191
0.00433855
0.00431379
0.00404857
0.0035884
0.00297759
0.0022476
0.00141395
0.000482832
-0.000535574
-0.0016127
-0.00269258
-0.00369295
-0.00451725
-0.00507442
-0.00529983
-0.00517013
-0.0047069
-0.00396816
-0.00303119
-0.00197336
-0.00085759
0.00027336
0.00139308
0.00248163
0.00351482
0.00445756
0.00526406
0.00588411
0.0062722
0.00639534
0.00623663
0.00579432
0.00507831
0.00410731
0.00290879
0.00152231
3.8395e-06
-0.001572
-0.00311489
-0.00452783
-0.00572048
-0.00662279
-0.00719452
-0.00742738
-0.00733932
-0.00696333
-0.00633526
-0.00548516
-0.00443499
-0.00320289
-0.00181154
-0.000296266
0.00129059
0.00288119
0.00439879
0.00576674
0.00691646
0.00779207
0.00835154
0.00856564
0.00841708
0.00790123
0.00702877
0.00582879
0.0043506
0.00266251
0.000847226
-0.00100549
-0.00280695
-0.00447614
-0.00594317
-0.00714917
-0.00804383
-0.00858313
-0.00872942
-0.00845513
-0.00774918
-0.00662379
-0.00511885
-0.00330197
-0.00126415
0.000887399
0.00303713
0.00506819
0.00686829
0.00833524
0.00938295
0.00994812
0.0099965
0.00952701
0.00857188
0.00719229
0.00547022
0.00349889
0.00137433
-0.000809875
-0.00296436
-0.0050032
-0.00684304
-0.00840398
-0.00961344
-0.0104124
-0.0107626
-0.0106514
-0.0100944
-0.00913259
-0.00782619
-0.00624702
-0.00447106
-0.00257389
-0.000629453
0.00128873
0.00310605
0.00474726
0.00614034
0.00722317
0.0079512
0.00830327
0.00828337
0.00791762
0.00724761
0.00632223
0.00519092
0.00390023
0.00249431
0.0010182
-0.000478056
-0.00193704
-0.00329475
-0.00448465
-0.00544348
-0.00611712
-0.00646469
-0.00646055
-0.00609466
-0.00537224
-0.00431382
-0.00295571
-0.00135076
0.000431494
0.00230641
0.00417828
0.00594705
0.0075169
0.00880463
0.00974617
0.0102995
0.0104443
0.0101786
0.00951525
0.00847896
0.00710504
0.00543943
0.00353924
0.00147265
-0.000682546
-0.00284184
-0.00491791
-0.00682479
-0.00848198
-0.00981821
-0.0107749
-0.0113094
-0.0113975
-0.0110352
-0.0102397
-0.00904836
-0.00751675
-0.00571493
-0.00372264
-0.00162388
0.000498273
0.00256555
0.00450683
0.00625877
0.00776541
0.00897769
0.00985371
0.01036
0.0104738
0.0101847
0.00949684
0.00842941
0.00701715
0.0053104
0.00337463
0.00128885
-0.00085755
-0.00297004
-0.00495549
-0.00672911
-0.00822011
-0.00937469
-0.0101555
-0.0105386
-0.0105087
-0.0100572
-0.00918308
-0.00789798
-0.00623315
-0.00424496
-0.0020161
0.000349008
0.00273357
0.00501996
0.00709984
0.0088806
0.0102871
0.0112603
0.0117551
0.0117399
0.0111994
0.0101391
0.00859077
0.00661466
0.00429808
0.00174883
-0.000914299
-0.00357176
-0.00611162
-0.00843454
-0.0104553
-0.0121026
-0.013318
-0.0140567
-0.0142889
-0.0140021
-0.0132028
-0.0119169
-0.0101886
-0.00807894
-0.00566314
-0.00302827
-0.00027034
0.00250862
0.00520349
0.00770934
0.00992534
0.0117596
0.0131343
0.0139906
0.0142912
0.014022
0.0131909
0.0118285
0.0099873
0.00774363
0.00519705
0.00246775
-0.000310251
-0.0029996
-0.00547203
-0.00762002
-0.0093647
-0.0106582
-0.0114799
-0.0118287
-0.0117134
-0.0111466
-0.0101427
-0.00872235
-0.00692064
-0.00479504
-0.00242963
6.72064e-05
0.00257173
0.00495791
0.00711091
0.0089371
0.0103686
0.0113621
0.0118935
0.0119518
0.0115348
0.010649
0.00931318
0.00756438
0.00546334
0.00309628
0.000571238
-0.00199044
-0.00446552
-0.00673993
-0.00871679
-0.0103202
-0.0114952
-0.0122059
-0.0124335
-0.0121761
-0.0114503
-0.0102928
-0.00876157
-0.00693392
-0.00490096
-0.00276012
-0.000606947
0.00147108
0.0033976
0.0033976
0.00510716
0.00654323
0.0076565
0.00840517
0.00875766
0.00869713
0.00822615
0.00736976
0.00617568
0.00471116
0.00305746
0.00130302
-0.00046293
-0.0021554
-0.00369687
-0.00501932
-0.00606573
-0.00679195
-0.0071692
-0.00718683
-0.00685428
-0.00620128
-0.0052755
-0.00413796
-0.00285704
-0.00150272
-0.000142155
0.00116269
0.00235593
0.0033881
0.00421702
0.00480968
0.00514482
0.0052152
0.00502819
0.00460431
0.00397354
0.00317095
0.00223282
0.0011948
9.24123e-05
-0.00103697
-0.00215196
-0.00320654
-0.00415196
-0.0049408
-0.00553202
-0.00589519
-0.00601263
-0.00587878
-0.00549766
-0.00487944
-0.00403766
-0.00298826
-0.00175096
-0.000353005
0.00116635
0.00275265
0.00433669
0.0058396
0.00718157
0.00829145
0.00911418
0.00961373
0.00977189
0.00958454
0.00905827
0.0082093
0.00706519
0.00566816
0.00407763
0.00236968
0.000632211
-0.00104363
-0.00257395
-0.00389166
-0.00495282
-0.00573841
-0.00625142
-0.00651029
-0.00654073
-0.00636834
-0.0060139
-0.00549234
-0.00481495
-0.00399303
-0.00304163
-0.00198211
-0.000843078
0.000339897
0.00152569
0.00266985
0.00372752
0.0046567
0.00542133
0.0059936
0.0063549
0.00649524
0.00641145
0.00610518
0.00558183
0.0048513
0.00393047
0.00284627
0.00163787
0.000356381
-0.000938406
-0.00218346
-0.00331862
-0.00429162
-0.00506095
-0.00559637
-0.00587812
-0.00589589
-0.00564865
-0.00514553
-0.00440727
-0.00346732
-0.00237156
-0.00117625
5.57515e-05
0.00125977
0.00237429
0.0033451
0.00412811
0.00469067
0.00501168
0.00508112
0.00489958
0.00447818
0.00383875
0.0030138
0.00204574
0.000984564
-0.000115791
-0.00120203
-0.00222601
-0.00314814
-0.00393885
-0.00457818
-0.00505413
-0.00536059
-0.00549594
-0.0054628
-0.00526876
-0.0049273
-0.00445792
-0.00388425
-0.00323014
-0.00251462
-0.00174823
-0.000933121
-6.79666e-05
0.000843647
0.00178501
0.00272216
0.0036064
0.00438285
0.00500207
0.00543022
0.00565382
0.00567788
0.00551833
0.00519277
0.00471368
0.00408747
0.00331961
0.00242331
0.00142734
0.000378801
-0.000660946
-0.00162612
-0.00245846
-0.00311707
-0.00358293
-0.00385732
-0.00395564
-0.0038997
-0.00371173
-0.00341196
-0.00301987
-0.00255734
-0.00205105
-0.00153204
-0.00103195
-0.000577385
-0.000184953
0.000140398
0.000402863
0.000610069
0.000766749
0.000870648
0.00091244
0.000879566
0.000762221
0.000558788
0.000278463
-5.99104e-05
-0.000432109
-0.000813941
-0.00118551
-0.00153266
-0.00184539
-0.00211429
-0.00232717
-0.00246753
-0.00251582
-0.00245298
-0.00226486
-0.00194578
-0.00150034
-0.000943239
-0.000297801
0.000405746
0.00113185
0.00184115
0.00249254
0.00304637
0.00346857
0.00373483
0.00383352
0.00376629
0.00354622
0.00319393
0.00273334
0.00218831
0.00158112
0.000932942
0.000265476
-0.000397571
-0.00103035
-0.00160668
-0.00210329
-0.00250335
-0.0027988
-0.00299047
-0.0030861
-0.00309696
-0.00303433
-0.00290683
-0.00271913
-0.00247212
-0.00216422
-0.00179359
-0.00136064
-0.000870354
-0.0003336
0.000232816
0.00080757
0.00136721
0.00188878
0.00235197
0.00274006
0.00303983
0.00324075
0.00333425
0.00331383
0.00317596
0.00292165
0.0025575
0.00209588
0.00155366
0.000950204
0.000305503
-0.000360771
-0.00102865
-0.00167584
-0.00227496
-0.00279148
-0.00318398
-0.00340792
-0.00342315
-0.00320344
-0.00274557
-0.00207464
-0.00124344
-0.000325397
0.000597308
0.00144717
0.00216266
0.00270462
0.00305682
0.00322192
0.0032152
0.00305886
0.00277815
0.00239978
0.0019517
0.00146307
0.000963795
0.000483215
4.83578e-05
-0.00031772
-0.000597184
-0.000778302
-0.000856371
-0.000835032
-0.000727774
-0.000558697
-0.000361362
-0.000175056
-3.88585e-05
1.50812e-05
-3.26981e-05
-0.000185516
-0.000429919
-0.000737726
-0.00107027
-0.00138416
-0.00163753
-0.00179568
-0.00183481
-0.00174356
-0.00152251
-0.0011829
-0.000745424
-0.000239413
0.000298177
0.000824988
0.00129713
0.00167422
0.00192436
0.00192436
0.00202748
0.00197607
0.00177332
0.00142958
0.000958566
0.000375035
-0.000305283
-0.00106324
-0.00187216
-0.00269376
-0.00347594
-0.00415446
-0.00465912
-0.0049236
-0.00489649
-0.0045503
-0.00388557
-0.00292917
-0.00172766
-0.000338543
0.00117741
0.00276022
0.00435014
0.0058835
0.00728752
0.00847777
0.00936118
0.00984575
0.00985486
0.00934217
0.00830183
0.00677063
0.00482142
0.00255055
6.41331e-05
-0.00253191
-0.00513489
-0.00764174
-0.00994234
-0.0119156
-0.0134334
-0.0143732
-0.0146376
-0.0141736
-0.0129841
-0.0111292
-0.00871478
-0.00587555
-0.00275723
0.000495021
0.00374046
0.00684056
0.00965594
0.0120475
0.013885
0.0150615
0.0155102
0.015217
0.0142243
0.0126237
0.0105407
0.00811494
0.00548334
0.00277007
8.4403e-05
-0.00247539
-0.00481681
-0.0068504
-0.00849183
-0.00966819
-0.0103261
-0.0104387
-0.0100087
-0.00906831
-0.00767427
-0.00590279
-0.00384408
-0.00159874
0.00072447
0.00301022
0.00513941
0.00699425
0.0084659
0.00946395
0.00992575
0.00982335
0.00916638
0.0079998
0.00639754
0.0044535
0.00227233
-3.80863e-05
-0.00237185
-0.00462802
-0.00671257
-0.00854056
-0.0100391
-0.0111512
-0.0118388
-0.0120853
-0.0118949
-0.0112901
-0.0103085
-0.0089991
-0.00742025
-0.00563721
-0.00371894
-0.00173188
0.000265876
0.00222402
0.00409021
0.0057989
0.00727089
0.00842725
0.00920881
0.00958963
0.00957817
0.00920691
0.00851725
0.0075484
0.0063348
0.0049095
0.0033103
0.00158705
-0.000192196
-0.00194007
-0.00355635
-0.0049408
-0.00600803
-0.00669895
-0.00698538
-0.00686809
-0.00637159
-0.0055389
-0.00442766
-0.00310709
-0.00165477
-0.00015268
0.00131752
0.00267956
0.00386764
0.00483064
0.00553419
0.00595986
0.00610156
0.00596096
0.0055443
0.00486212
0.00393218
0.00278394
0.00146226
2.81014e-05
-0.00144478
-0.00287691
-0.00419231
-0.00532713
-0.00623524
-0.00688872
-0.00727333
-0.00738122
-0.00720437
-0.00673221
-0.00595517
-0.00487287
-0.00350391
-0.00189287
-0.000111485
0.00174719
0.0035798
0.00528558
0.00677704
0.00798567
0.00886239
0.00937453
0.00950234
0.00923803
0.00858805
0.00757772
0.00625527
0.00469247
0.00298015
0.00121897
-0.000492041
-0.00206593
-0.00343425
-0.0045483
-0.00537609
-0.00589742
-0.00610001
-0.00597865
-0.00553767
-0.00479543
-0.0037884
-0.00257268
-0.00122174
0.000179068
0.00153968
0.00277245
0.00379789
0.00454878
0.0049729
0.00503516
0.00471961
0.00403178
0.00300128
0.00168386
0.000161583
-0.00146092
-0.00306497
-0.00453059
-0.00575079
-0.00664371
-0.00715932
-0.00727959
-0.00701338
-0.00638892
-0.00544742
-0.00423984
-0.00282684
-0.00128025
0.000316954
0.00187399
0.00329955
0.00451116
0.00544398
0.00605628
0.00633054
0.00627086
0.00589864
0.00524842
0.00436498
0.00330158
0.00211835
0.00088021
-0.000346136
-0.00149576
-0.00250907
-0.00333496
-0.00393342
-0.0042775
-0.00435456
-0.0041668
-0.0037308
-0.00307608
-0.00224274
-0.00127842
-0.000234945
0.000834834
0.00187957
0.00285102
0.00370489
0.00440115
0.00490437
0.00518433
0.00521686
0.00498503
0.00448058
0.00370557
0.00267405
0.00141346
-3.49697e-05
-0.00161721
-0.0032689
-0.00491874
-0.00649214
-0.00791437
-0.00911353
-0.0100235
-0.010588
-0.010765
-0.0105317
-0.00988778
-0.00885655
-0.00748327
-0.00583085
-0.00397448
-0.00199636
1.83962e-05
0.00198457
0.00381888
0.00544232
0.00678351
0.00778338
0.00840022
0.00861391
0.00842771
0.00786701
0.00697535
0.00580881
0.00443061
0.00290713
0.00130611
-0.000303734
-0.00185255
-0.00327024
-0.0044892
-0.00544882
-0.0061011
-0.00641571
-0.00638337
-0.00601639
-0.00534647
-0.00442028
-0.00329405
-0.00202853
-0.000685031
0.000676862
0.00200035
0.0032319
0.00432189
0.00522608
0.0059078
0.00634067
0.00651103
0.00641938
0.00608027
0.00552065
0.0047771
0.00389263
0.00291382
0.0018886
0.000864655
0.000864655
-0.00011193
-0.000998396
-0.0017575
-0.00236003
-0.00278703
-0.00303098
-0.00309565
-0.00299447
-0.00274789
-0.00238063
-0.0019191
-0.00138981
-0.000818549
-0.000230247
0.000350805
0.000900835
0.00139679
0.00181695
0.00214195
0.00235587
0.00244738
0.00241068
0.00224638
0.00196236
0.0015745
0.00110701
0.000591632
6.53822e-05
-0.000433346
-0.000869492
-0.00121574
-0.00145536
-0.00158278
-0.00160187
-0.00152287
-0.00135909
-0.00112456
-0.000833299
-0.000500199
-0.000142559
0.000218794
0.000559919
0.000856011
0.0010849
0.00123056
0.00128548
0.00125108
0.0011364
0.000955612
0.000725272
0.000462128
0.000181754
-0.000101956
-0.000376796
-0.000632185
-0.000859283
-0.00105126
-0.00120349
-0.00131335
-0.00137971
-0.00140229
-0.00138116
-0.00131678
-0.00121048
-0.00106498
-0.000884857
-0.000676479
-0.000447564
-0.000206606
3.75478e-05
0.0002757
0.000497937
0.000693205
0.00084931
0.000953771
0.000995579
0.000967472
0.000867962
0.000702293
0.000481815
0.000221886
-6.09785e-05
-0.000351612
-0.000637368
-0.000907586
-0.00115181
-0.00135789
-0.00151115
-0.00159536
-0.00159533
-0.00150041
-0.00130746
-0.00102248
-0.000660262
-0.000242472
0.000205229
0.000655989
0.00108397
0.00146581
0.00178156
0.00201542
0.00215645
0.00219917
0.00214366
0.00199527
0.0017636
0.00146118
0.0011021
0.000700847
0.000271708
-0.000171283
-0.000613929
-0.00104137
-0.00143779
-0.00178665
-0.00207137
-0.00227639
-0.00238853
-0.0023982
-0.00230068
-0.00209689
-0.00179372
-0.00140362
-0.000943643
-0.000433887
0.000104182
0.000649395
0.00118221
0.00168556
0.00214504
0.00254858
0.0028858
0.00314733
0.00332454
0.00340985
0.00339744
0.00328433
0.00307123
0.00276299
0.00236856
0.0019004
0.00137364
0.000805303
0.000213893
-0.000380732
-0.000957354
-0.00149369
-0.00196735
-0.00235737
-0.00264617
-0.00282099
-0.0028747
-0.00280551
-0.00261618
-0.00231329
-0.00190694
-0.00141109
-0.000844141
-0.000229206
0.000406515
0.00103344
0.00162216
0.0021463
0.0025848
0.00292313
0.00315327
0.00327243
0.00328143
0.00318315
0.00298163
0.00268201
0.00229103
0.00181797
0.00127537
0.000679482
4.99751e-05
-0.000590875
-0.00121951
-0.0018125
-0.00234762
-0.00280436
-0.00316385
-0.00340852
-0.00352242
-0.00349242
-0.00331068
-0.00297707
-0.00250022
-0.00189652
-0.00118807
-0.000401366
0.000432598
0.00127796
0.00209448
0.00283933
0.00346995
0.00394751
0.00424025
0.00432666
0.00419811
0.00386041
0.00333338
0.00264798
0.00184226
0.00095733
3.44883e-05
-0.000886198
-0.00176643
-0.00257001
-0.00326348
-0.00381737
-0.00420797
-0.0044194
-0.0044455
-0.00429093
-0.0039707
-0.00350823
-0.00293211
-0.00227259
-0.00155873
-0.000816914
-7.08208e-05
0.000657243
0.00134449
0.001966
0.00249404
0.00289905
0.00315216
0.00322906
0.00311415
0.00280389
0.00230846
0.00165123
0.000866558
-3.28295e-06
-0.000911148
-0.0018075
-0.00264248
-0.003368
-0.00394042
-0.00432354
-0.00449163
-0.00443152
-0.0041432
-0.00363881
-0.0029405
-0.00207795
-0.0010863
-5.09612e-06
0.00112198
0.00224713
0.00331901
0.00428465
0.00509281
0.00569834
0.00606656
0.00617637
0.00602143
0.00560919
0.00495869
0.0040981
0.0030631
0.00189613
0.000646069
-0.000632556
-0.00188182
-0.00304409
-0.00406658
-0.00490575
-0.00553032
-0.00592225
-0.00607556
-0.0059939
-0.00568782
-0.00517301
-0.00446995
-0.00360508
-0.00261224
-0.0015336
-0.000418721
0.000678112
0.00170201
0.0026019
0.00333417
0.00386506
0.0041716
0.00424162
0.00407337
0.00367514
0.00306513
0.00227139
0.00133145
0.000291422
-0.000795759
-0.00187298
-0.00288233
-0.00376875
-0.00448334
-0.00498582
-0.00524611
-0.0052453
-0.00497657
-0.00444641
-0.00367563
-0.00269953
-0.00156656
-0.000335077
0.000931017
0.00216695
0.00331125
0.00430886
0.00511328
0.00568802
0.00600774
0.00605935
0.00584314
0.00537356
0.0046792
0.0038013
0.00279058
0.00170274
0.000593413
0.000593413
-0.000486456
-0.0014939
-0.00239533
-0.00316613
-0.00378889
-0.0042512
-0.00454404
-0.00466108
-0.00459931
-0.0043602
-0.00395093
-0.00338527
-0.00268366
-0.001873
-0.000985784
-5.90918e-05
0.000866904
0.00175061
0.00255087
0.00322892
0.00375046
0.00408779
0.00422199
0.00414473
0.00385925
0.00338027
0.00273279
0.00194998
0.00107074
0.000137308
-0.000806779
-0.00171848
-0.00255683
-0.00328452
-0.00386961
-0.00428732
-0.00452155
-0.00456602
-0.00442438
-0.00410939
-0.00364098
-0.00304361
-0.00234363
-0.00156732
-0.000740215
0.0001123
0.000963442
0.00178372
0.00254075
0.00320092
0.00373257
0.00411
0.00431682
0.00434762
0.00420739
0.00390913
0.00347075
0.00291254
0.00225606
0.00152466
0.000744828
-5.26051e-05
-0.000832473
-0.00155694
-0.00218862
-0.00269432
-0.00304857
-0.00323605
-0.00325245
-0.00310387
-0.00280514
-0.00237761
-0.00184703
-0.00124192
-0.000592438
7.0238e-05
0.000714439
0.0013087
0.00182289
0.00222994
0.00250792
0.00264215
0.00262665
0.00246434
0.00216591
0.00174755
0.00122821
0.00062745
-3.5497e-05
-0.000741202
-0.00146852
-0.00219295
-0.00288584
-0.00351498
-0.00404669
-0.00444873
-0.00469352
-0.00476079
-0.00463953
-0.00432869
-0.00383695
-0.00318148
-0.00238625
-0.00148026
-0.000496213
0.000530209
0.00156066
0.00255441
0.00346917
0.00426288
0.00489662
0.00533805
0.00556496
0.00556788
0.00535116
0.00493234
0.00434004
0.0036109
0.00278638
0.00190976
0.00102359
0.000167572
-0.000623353
-0.00132049
-0.00190239
-0.00235516
-0.00267195
-0.00285202
-0.00289958
-0.00282299
-0.00263432
-0.00234935
-0.00198749
-0.00157133
-0.00112549
-0.000674956
-0.000243179
0.000149456
0.000486528
0.000755803
0.000949119
0.00106231
0.00109531
0.00105242
0.000942224
0.000777065
0.000571881
0.000342584
0.000104367
-0.00012972
-0.000349552
-0.000547915
-0.000719706
-0.000860649
-0.000965982
-0.00102967
-0.00104448
-0.00100314
-0.000900055
-0.000733309
-0.000506104
-0.000227322
8.89903e-05
0.000425027
0.000761146
0.0010779
0.0013578
0.00158666
0.00175437
0.00185524
0.0018881
0.00185613
0.00176641
0.0016292
0.00145691
0.00126285
0.00105998
0.000860012
0.00067297
0.000507016
0.000368441
0.000261497
0.000188024
0.000147061
0.000134755
0.000144818
0.000169586
0.000201417
0.000234058
0.000263615
0.000288924
0.000311334
0.000333999
0.000360866
0.000395564
0.000440421
0.000495787
0.000559685
0.000627725
0.000693141
0.000746947
0.000778352
0.000775679
0.000727811
0.000625956
0.000465236
0.000245611
-2.81354e-05
-0.000347291
-0.000700596
-0.00107554
-0.00145898
-0.00183688
-0.0021931
-0.00250827
-0.00275958
-0.00292232
-0.00297336
-0.00289554
-0.00268175
-0.00233712
-0.00187891
-0.00133416
-0.000736245
-0.000121121
0.000475778
0.00102186
0.00148896
0.00185446
0.00210216
0.00222296
0.00221519
0.00208444
0.00184275
0.0015073
0.00109875
0.000639702
0.000153536
-0.000336303
-0.000806688
-0.00123509
-0.00160008
-0.00188214
-0.00206494
-0.00213672
-0.00209151
-0.00192985
-0.00165868
-0.00129046
-0.000841755
-0.000331688
0.000219354
0.000790495
0.0013606
0.00190819
0.00241127
0.00284757
0.00319516
0.00343373
0.00354612
0.00351987
0.00334843
0.00303193
0.00257753
0.00199961
0.00131976
0.000566576
-0.000225265
-0.0010168
-0.00176767
-0.00243963
-0.0030002
-0.00342537
-0.00370107
-0.003823
-0.0037951
-0.00362739
-0.00333379
-0.00293039
-0.00243457
-0.00186473
-0.00124054
-0.000583286
8.39467e-05
0.000736376
0.00134809
0.00189307
0.00234656
0.00268677
0.00289675
0.00296605
0.00289221
0.00268132
0.00234792
0.0019137
0.0014055
0.000852797
0.00028526
-0.000269321
-0.000786305
-0.00124472
-0.00162721
-0.00191964
-0.00211094
-0.00219319
-0.0021622
-0.00201831
-0.00176714
-0.00141991
-0.000993155
-0.000507633
1.32305e-05
0.000545219
0.00106508
0.00155185
0.0019875
0.00235684
0.00264694
0.00284622
0.00294401
0.00293067
0.00279871
0.00279871
0.0025444
0.00216959
0.00168304
0.00110106
0.000447215
-0.000248761
-0.000952808
-0.001629
-0.00224241
-0.0027621
-0.00316365
-0.00343088
-0.00355639
-0.00354084
-0.00339139
-0.00311955
-0.00273929
-0.0022658
-0.0017153
-0.00110577
-0.000457935
0.000204106
0.000853307
0.00146129
0.00200081
0.00244846
0.00278668
0.00300456
0.00309731
0.00306467
0.00290903
0.0026343
0.00224602
0.00175285
0.00116881
0.000515007
-0.000180016
-0.00088198
-0.00155432
-0.00216245
-0.00267759
-0.00307904
-0.00335444
-0.00349826
-0.00350951
-0.00338975
-0.00314246
-0.00277391
-0.00229507
-0.00172351
-0.00108413
-0.000408146
0.000269582
0.000914201
0.00149441
0.00198494
0.00236743
0.00263
0.00276596
0.00277265
0.00265109
0.00240638
0.00204883
0.00159478
0.00106673
0.000492277
-9.8111e-05
-0.000673758
-0.00120638
-0.00167188
-0.00205115
-0.00232981
-0.00249757
-0.0025476
-0.00247655
-0.00228512
-0.00197917
-0.00157053
-0.00107728
-0.000522973
6.49134e-05
0.000657013
0.00122406
0.00173847
0.00217551
0.00251403
0.0027371
0.0028327
0.0027945
0.00262248
0.00232342
0.00191068
0.00140346
0.000825476
0.000203264
-0.000435338
-0.00106236
-0.00165037
-0.00217273
-0.00260409
-0.00292126
-0.0031049
-0.00314166
-0.00302629
-0.00276313
-0.00236618
-0.00185787
-0.00126667
-0.000624105
3.79453e-05
0.000689171
0.00130175
0.00185046
0.00231255
0.00266789
0.00289976
0.00299621
0.00295156
0.00276754
0.00245365
0.00202651
0.0015084
0.000925438
0.000305816
-0.000321599
-0.000928208
-0.00148641
-0.00197046
-0.0023576
-0.00262955
-0.00277402
-0.00278593
-0.00266786
-0.00242966
-0.0020872
-0.00166065
-0.00117266
-0.000646869
-0.00010698
0.000423847
0.000923381
0.00137088
0.00174797
0.00203967
0.00223547
0.00232998
0.00232308
0.0022195
0.00202808
0.00176075
0.00143176
0.00105688
0.000652909
0.000237192
-0.000172942
-0.000560834
-0.000911339
-0.00121169
-0.00145221
-0.00162671
-0.00173234
-0.00176906
-0.00173886
-0.00164493
-0.00149131
-0.00128301
-0.00102664
-0.00073146
-0.000410219
-7.9406e-05
0.000241456
0.000531598
0.000771571
0.00094605
0.00104618
0.00107088
0.00102663
0.00092595
0.000784675
0.000618977
0.000442807
0.000266441
9.64045e-05
-6.3444e-05
-0.00021021
-0.000340384
-0.000448997
-0.000529774
-0.000576177
-0.000582858
-0.000546936
-0.000468609
-0.000350947
-0.000199107
-1.94301e-05
0.000181055
0.000394486
0.000611516
0.000820672
0.00100833
0.00115972
0.00126088
0.00130103
0.00127469
0.00118271
0.00103196
0.000833881
0.000602235
0.000350968
9.26327e-05
-0.000162203
-0.00040468
-0.000626895
-0.00082126
-0.000980442
-0.00109801
-0.00116955
-0.00119368
-0.00117238
-0.00111034
-0.00101363
-0.000888015
-0.000737982
-0.000566671
-0.000376854
-0.000172433
4.028e-05
0.000252123
0.000451729
0.000627022
0.00076702
0.000863285
0.000910642
0.000907097
0.000853255
0.000751687
0.000606623
0.000424142
0.000212655
-1.67204e-05
-0.000250369
-0.0004732
-0.000670364
-0.000829228
-0.000940992
-0.00100145
-0.0010107
-0.000972046
-0.000890482
-0.000771444
-0.000620123
-0.000441492
-0.000240773
-2.3932e-05
0.000202165
0.000430081
0.000652473
0.000862767
0.00105554
0.00122648
0.00137199
0.00148872
0.0015734
0.00162298
0.0016352
0.0016092
0.00154594
0.00144798
0.00131893
0.00116264
0.000982679
0.000782379
0.000565438
0.000336727
0.000102879
-0.000127763
-0.00034595
-0.000542909
-0.000711839
-0.000848974
-0.000953769
-0.0010281
-0.00107472
-0.00109569
-0.00109132
-0.00106023
-0.00100047
-0.000911376
-0.000795199
-0.000658131
-0.000510095
-0.000363458
-0.000231025
-0.000123924
-4.99476e-05
-1.26679e-05
-1.13474e-05
-4.14558e-05
-9.55454e-05
-0.000164293
-0.0002376
-0.000305687
-0.000360061
-0.00039421
-0.00040391
-0.000387099
-0.000343418
-0.000273615
-0.000179014
-6.12557e-05
7.76455e-05
0.00023496
0.000406808
0.000587856
0.000771367
0.000949675
0.00111498
0.00126028
0.00138011
0.00147094
0.00153114
0.00156059
0.00156059
0.00156008
0.00153073
0.00147353
0.00138919
0.00127826
0.00114151
0.0009803
0.000797058
0.000595411
0.000380208
0.000157299
-6.68657e-05
-0.0002858
-0.000493657
-0.000685897
-0.000859775
-0.00101443
-0.0011505
-0.00126928
-0.00137168
-0.00145731
-0.00152399
-0.00156799
-0.00158483
-0.0015704
-0.00152208
-0.00143956
-0.00132502
-0.00118281
-0.00101875
-0.000839223
-0.000650364
-0.000457569
-0.000265351
-7.75668e-05
0.000102193
0.000270305
0.00042309
0.000557109
0.000669658
0.000759222
0.000825671
0.000870062
0.000894128
0.000899611
0.00088769
0.000858723
0.000812415
0.000748388
0.000666973
0.00056993
0.000460831
0.000344959
0.000228763
0.000119064
2.22563e-05
-5.63546e-05
-0.000113042
-0.000146005
-0.000155573
-0.000144204
-0.000116215
-7.7219e-05
-3.34029e-05
9.1934e-06
4.51991e-05
7.01713e-05
8.06174e-05
7.38834e-05
4.80306e-05
1.79545e-06
-6.5336e-05
-0.000152968
-0.00025962
-0.000382619
-0.000518064
-0.000660833
-0.000804546
-0.000941471
-0.0010625
-0.00115747
-0.00121597
-0.00122871
-0.00118915
-0.00109487
-0.000948434
-0.00075731
-0.000532962
-0.000289359
-4.12077e-05
0.000197683
0.000415575
0.000603342
0.000754404
0.000864311
0.000930292
0.000951052
0.000926885
0.000859965
0.000754584
0.000617073
0.000455346
0.000278162
9.43281e-05
-8.7911e-05
-0.000261156
-0.000418824
-0.000554948
-0.000664039
-0.00074116
-0.000782262
-0.000784652
-0.00074737
-0.000671295
-0.000558922
-0.000413949
-0.000240897
-4.49812e-05
0.000167657
0.000389454
0.000610877
0.000820193
0.00100385
0.00114764
0.00123849
0.00126651
0.00122661
0.00111919
0.000949825
0.000727967
0.000465258
0.000174083
-0.000133227
-0.000444459
-0.000747118
-0.00102809
-0.00127383
-0.00147123
-0.00160912
-0.00167979
-0.00168008
-0.00161155
-0.00147981
-0.00129312
-0.00106087
-0.000792495
-0.000497033
-0.0001835
0.000138382
0.000457541
0.000761436
0.00103666
0.00127008
0.00145027
0.00156856
0.00161979
0.00160242
0.00151827
0.00137209
0.00117122
0.000925268
0.000645987
0.000347031
4.34757e-05
-0.000249
-0.000515237
-0.000741807
-0.000918045
-0.00103666
-0.00109391
-0.00108932
-0.00102532
-0.000906862
-0.000741069
-0.000537061
-0.00030567
-5.9015e-05
0.000190131
0.000429179
0.000646632
0.000832891
0.000980798
0.00108582
0.00114584
0.00116077
0.00113203
0.00106223
0.000954982
0.00081487
0.000647444
0.000459127
0.000257004
4.8547e-05
-0.000158653
-0.000357092
-0.000539464
-0.000698721
-0.00082813
-0.000921418
-0.000973109
-0.000979059
-0.000937131
-0.000847807
-0.000714546
-0.000543697
-0.000343983
-0.000125697
0.000100126
0.000322327
0.000529954
0.000712388
0.000859508
0.000962079
0.00101247
0.00100558
0.000939649
0.000816715
0.000642507
0.00042575
0.000177133
-9.17625e-05
-0.000369304
-0.000644277
-0.000906034
-0.0011445
-0.00135029
-0.00151503
-0.00163196
-0.00169672
-0.0017079
-0.00166743
-0.00158037
-0.00145428
-0.00129835
-0.00112237
-0.000935996
-0.000748205
-0.000567159
-0.00040018
-0.000253776
-0.000133533
-4.38671e-05
1.2306e-05
3.38519e-05
2.15239e-05
-2.21416e-05
-9.30955e-05
-0.000186108
-0.000295071
-0.000413231
-0.0005334
-0.000648206
-0.000750432
-0.000833448
-0.000891674
-0.000920936
-0.000918633
-0.000883635
-0.000815985
-0.000716532
-0.000586724
-0.00042867
-0.00024552
-4.20018e-05
0.000175126
0.000396946
0.000612787
0.000811179
0.000981175
0.00111373
0.00120277
0.00124572
0.00124331
0.00119895
0.00111786
0.00100625
0.000870826
0.000718555
0.000556704
0.000392906
0.00023512
9.13961e-05
-3.0527e-05
-0.000123728
-0.000182604
-0.000203321
-0.000184185
-0.000125902
-3.16838e-05
9.28855e-05
0.000240267
0.000401622
0.000567595
0.000729076
0.000877799
0.00100672
0.00111014
0.00118374
0.00122449
0.00123059
0.00120156
0.00113831
0.00104333
0.00092073
0.000776237
0.000616987
0.000451176
0.000287564
0.000134888
1.25349e-06
-0.000106408
-0.00018274
-0.00022418
-0.000229002
-0.000197231
-0.0001305
-3.18992e-05
9.4171e-05
0.000242127
0.000405329
0.000576221
0.0007465
0.0007465
0.000907366
0.0010499
0.00116562
0.00124714
0.00128886
0.00128753
0.0012425
0.00115561
0.00103069
0.00087285
0.000687793
0.000481306
0.000259142
2.72463e-05
-0.000207806
-0.000438441
-0.000656011
-0.000851125
-0.00101433
-0.00113702
-0.00121229
-0.00123565
-0.00120549
-0.00112319
-0.000992917
-0.000821277
-0.000616734
-0.000389024
-0.000148568
9.40909e-05
0.000328788
0.00054619
0.000738153
0.000897988
0.0010206
0.00110254
0.00114192
0.00113835
0.00109269
0.00100695
0.000884099
0.00072811
0.00054408
0.00033849
0.000119409
-0.000103535
-0.000319561
-0.000517534
-0.000687032
-0.000819431
-0.000908756
-0.00095208
-0.000949472
-0.000903581
-0.000819118
-0.000702403
-0.000561078
-0.000403914
-0.000240564
-8.11284e-05
6.45037e-05
0.000187441
0.00028054
0.000338954
0.000360343
0.000344738
0.000294122
0.000211897
0.000102397
-2.94002e-05
-0.000177884
-0.000336618
-0.000498093
-0.000653655
-0.000793778
-0.000908782
-0.000989867
-0.00103023
-0.00102595
-0.000976372
-0.000883891
-0.000753334
-0.000591085
-0.000404365
-0.000200867
1.11418e-05
0.000222412
0.000422322
0.000598905
0.000739574
0.000832532
0.000868508
0.000842296
0.000753562
0.00060669
0.000409769
0.00017316
-9.17939e-05
-0.000373455
-0.000659849
-0.000938157
-0.00119428
-0.00141309
-0.00157954
-0.00168064
-0.0017075
-0.001657
-0.00153228
-0.00134211
-0.00109923
-0.000818364
-0.000514361
-0.000201054
0.000109089
0.000404683
0.000674939
0.00090944
0.00109847
0.00123387
0.00131017
0.00132546
0.00128174
0.00118454
0.00104199
0.0008637
0.000659798
0.00044035
0.000215227
-5.80973e-06
-0.000213069
-0.000397177
-0.000549663
-0.000663754
-0.000735073
-0.000762007
-0.000745596
-0.000689033
-0.000596978
-0.000474977
-0.000329169
-0.000166375
5.53826e-06
0.000177236
0.000337746
0.000474829
0.000576019
0.000630228
0.000629562
0.000570832
0.000456318
0.00029347
9.36163e-05
-0.000129993
-0.000364252
-0.00059782
-0.000821936
-0.00103033
-0.00121845
-0.00138235
-0.00151768
-0.00161925
-0.00168105
-0.0016971
-0.00166259
-0.00157518
-0.00143599
-0.00124997
-0.00102556
-0.000773703
-0.000506612
-0.000236495
2.53457e-05
0.00026899
0.000485967
0.0006691
0.000812337
0.000910778
0.000960937
0.000961202
0.000912301
0.000817582
0.000682951
0.000516455
0.000327619
0.000126745
-7.56438e-05
-0.000269096
-0.000443332
-0.000588333
-0.000694643
-0.000754042
-0.00076055
-0.000711564
-0.000608742
-0.000458301
-0.000270485
-5.82535e-05
0.000164485
0.000384629
0.000591129
0.000775479
0.000931462
0.00105452
0.00114112
0.00118858
0.00119533
0.00116149
0.00108953
0.000984434
0.000853426
0.000705133
0.00054855
0.000392056
0.000242749
0.000106199
-1.34452e-05
-0.000113155
-0.000190731
-0.000244652
-0.000274107
-0.000279168
-0.000260988
-0.000221894
-0.000165309
-9.54881e-05
-1.71388e-05
6.5005e-05
0.000146575
0.000223878
0.000294084
0.00035528
0.000406365
0.000446829
0.000476491
0.000495287
0.00050318
0.000500234
0.000486795
0.000463698
0.0004324
0.000394975
0.000353941
0.000311973
0.000271572
0.000234811
0.000203221
0.000177829
0.000159304
0.000148124
0.000144672
0.000149229
0.000161887
0.000182477
0.000210581
0.000245674
0.000287333
0.000335342
0.000389516
0.000449146
0.000512176
0.00057444
0.00062941
0.00066877
0.000683827
0.000667408
0.000615609
0.000528773
0.000411369
0.000270808
0.000115657
-4.61185e-05
-0.000208295
-0.000366619
-0.00051819
-0.00066042
-0.000790065
-0.000902777
-0.000993312
-0.00105626
-0.001087
-0.00108246
-0.00104165
-0.000965649
-0.00085745
-0.000721489
-0.00056323
-0.000388807
-0.000204782
-1.79789e-05
0.000164699
0.000336541
0.000491412
0.000624175
0.000731028
0.000809607
0.00085881
0.000878377
0.000868412
0.000829077
0.000760643
0.00066394
0.000541025
0.000395802
0.000234267
6.42253e-05
-0.000105509
-0.000266191
-0.000410171
-0.000531602
-0.000626646
-0.000693248
-0.000730652
-0.000738923
-0.000718671
-0.000671028
-0.000597812
-0.000501703
-0.000386319
-0.000256108
-0.000116124
2.82424e-05
0.000171465
0.000171465
0.000307969
0.00043214
0.000538344
0.000621091
0.000675414
0.000697469
0.00068522
0.000639014
0.000561814
0.000458996
0.000337699
0.000205902
7.14697e-05
-5.85794e-05
-0.000178445
-0.000283576
-0.000370498
-0.000436659
-0.000480446
-0.00050139
-0.000500427
-0.000479999
-0.000443877
-0.000396683
-0.000343248
-0.000288019
-0.000234706
-0.000186246
-0.000145021
-0.000113171
-9.27724e-05
-8.57427e-05
-9.34028e-05
-0.000115844
-0.000151364
-0.000196274
-0.000245266
-0.000292306
-0.000331785
-0.000359568
-0.000373586
-0.000373829
-0.000361786
-0.000339603
-0.000309275
-0.00027215
-0.00022889
-0.000179812
-0.000125429
-6.6897e-05
-6.19477e-06
5.40612e-05
0.000111049
0.000162241
0.000205772
0.000240571
0.000266247
0.000282835
0.000290534
0.000289581
0.000280286
0.000263202
0.000239325
0.000210213
0.000177925
0.000144792
0.000113054
8.44824e-05
6.00673e-05
3.985e-05
2.29511e-05
7.80316e-06
-7.45396e-06
-2.45157e-05
-4.4529e-05
-6.78935e-05
-9.42991e-05
-0.000122968
-0.000152989
-0.000183617
-0.000214421
-0.000245267
-0.000276153
-0.000306983
-0.000337381
-0.000366632
-0.000393764
-0.000417728
-0.0004376
-0.000452694
-0.000462582
-0.00046701
-0.000465811
-0.000458864
-0.000446156
-0.000427902
-0.000404673
-0.00037747
-0.000347671
-0.000316873
-0.000286639
-0.000258195
-0.000232158
-0.000208339
-0.000185687
-0.000162406
-0.000136218
-0.000104728
-6.57261e-05
-1.73791e-05
4.1728e-05
0.000112579
0.000195628
0.000290532
0.000395784
0.000508416
0.000624005
0.000737067
0.000841808
0.000932988
0.00100662
0.00106025
0.00109281
0.00110413
0.0010944
0.00106382
0.0010126
0.000941221
0.000850832
0.0007436
0.000622803
0.000492655
0.000357869
0.000223129
9.26297e-05
-3.01775e-05
-0.000142584
-0.000242442
-0.000327935
-0.000397439
-0.000449553
-0.000483249
-0.000498013
-0.000493832
-0.000470972
-0.000429649
-0.000369809
-0.000291215
-0.000193942
-7.91263e-05
5.03005e-05
0.000189245
0.000330658
0.000466337
0.000588106
0.000688997
0.000764106
0.000810868
0.000828783
0.000818789
0.000782602
0.000722294
0.000640237
0.000539339
0.000423395
0.000297295
0.000166927
3.87523e-05
-8.08427e-05
-0.000186213
-0.00027294
-0.000338034
-0.000379846
-0.000397845
-0.000392391
-0.000364621
-0.00031648
-0.000250815
-0.000171424
-8.295e-05
9.40143e-06
0.000100284
0.000184666
0.000258203
0.000317443
0.000359869
0.000383831
0.000388468
0.000373726
0.000340491
0.000290784
0.000227875
0.000156194
8.09603e-05
7.58113e-06
-5.90097e-05
-0.0001149
-0.000157479
-0.000185419
-0.000198395
-0.00019673
-0.000181096
-0.000152441
-0.000112134
-6.22567e-05
-5.84218e-06
5.3116e-05
0.000109982
0.000160061
0.000199265
0.000224643
0.000234602
0.000228774
0.000207644
0.000172091
0.000123073
6.15568e-05
-1.13009e-05
-9.38345e-05
-0.000183598
-0.000277295
-0.00037099
-0.000460539
-0.000542107
-0.000612584
-0.000669792
-0.000712411
-0.000739701
-0.000751173
-0.000746347
-0.000724745
-0.00068613
-0.000630907
-0.000560488
-0.00047745
-0.000385356
-0.0002883
-0.000190331
-9.49999e-05
-5.17075e-06
7.68492e-05
0.000149
0.00020917
0.000255111
0.000284641
0.000296098
0.000288842
0.00026362
0.000222619
0.00016918
0.000107274
4.08967e-05
-2.64009e-05
-9.17544e-05
-0.000152968
-0.000208325
-0.00025635
-0.000295686
-0.000325159
-0.000344096
-0.000352789
-0.000352923
-0.000347693
-0.000341388
-0.000338421
-0.000342074
-0.000353431
-0.00037098
-0.000391108
-0.000409344
-0.000421876
-0.000426765
-0.000424416
-0.000417181
-0.000408332
-0.000400838
-0.000396453
-0.000395408
-0.00039677
-0.000399217
-0.000401861
-0.00040473
-0.000408746
-0.00041525
-0.000425324
-0.000439239
-0.000456234
-0.000474675
-0.000492438
-0.000507295
-0.000517126
-0.000519925
-0.000513702
-0.00049646
-0.000466363
-0.000422099
-0.000363314
-0.000290941
-0.000207244
-0.000115563
-1.98312e-05
7.59433e-05
0.000168055
0.000253235
0.00032857
0.000391347
0.000439
0.000469251
0.000480443
0.000471945
0.00044447
0.000400176
0.000342492
0.000275701
0.000204408
0.000133024
6.54292e-05
4.83164e-06
-4.61688e-05
-8.54404e-05
-0.000111218
-0.000122129
-0.000122129
-0.000117367
-9.69435e-05
-6.19203e-05
-1.45195e-05
4.19476e-05
0.000103313
0.000164898
0.0002219
0.000269776
0.000304575
0.000323219
0.000323705
0.000305237
0.000268278
0.00021453
0.000146825
6.89056e-05
-1.49084e-05
-0.000100119
-0.000182457
-0.000258191
-0.000324296
-0.000378454
-0.000418962
-0.00044461
-0.000454599
-0.000448524
-0.000426419
-0.000388804
-0.0003367
-0.000271565
-0.000195152
-0.000109326
-1.58885e-05
8.34949e-05
0.000187237
0.00029364
0.000400655
0.000505682
0.00060548
0.000696218
0.000773665
0.00083349
0.000871669
0.000884969
0.000871441
0.00083081
0.000764648
0.000676265
0.000570332
0.000452334
0.000328006
0.00020287
8.19455e-05
-3.03568e-05
-0.000130224
-0.000214423
-0.000280378
-0.000326368
-0.000351812
-0.000357489
-0.000345563
-0.000319314
-0.00028262
-0.0002393
-0.000192488
-0.000144221
-9.53549e-05
-4.58442e-05
4.69704e-06
5.63419e-05
0.000108348
0.000158996
0.00020583
0.000246208
0.00027793
0.000299726
0.000311415
0.000313717
0.000307814
0.000294844
0.000275552
0.00025023
0.000218961
0.000182048
0.000140409
9.57626e-05
5.05109e-05
7.36518e-06
-3.11195e-05
-6.29292e-05
-8.67601e-05
-0.000101947
-0.000108232
-0.000105521
-9.37582e-05
-7.29863e-05
-4.3579e-05
-6.52766e-06
3.63495e-05
8.23941e-05
0.000128332
0.000170694
0.000206306
0.000232714
0.000248413
0.00025284
0.000246178
0.000229076
0.00020243
0.000167307
0.000125024
7.72999e-05
2.63819e-05
-2.49905e-05
-7.37996e-05
-0.000117102
-0.000152408
-0.000177968
-0.000192876
-0.000196979
-0.000190674
-0.000174687
-0.000149964
-0.000117711
-7.95572e-05
-3.7738e-05
4.8395e-06
4.47588e-05
7.84827e-05
0.000102871
0.000115667
0.000115807
0.000103479
7.99569e-05
4.72968e-05
8.00386e-06
-3.52524e-05
-7.98321e-05
-0.000123219
-0.000163028
-0.000196948
-0.000222672
-0.000237881
-0.000240319
-0.000227995
-0.000199485
-0.000154249
-9.28644e-05
-1.71168e-05
7.00739e-05
0.000164849
0.000262676
0.000358637
0.000447735
0.000525217
0.000586912
0.000629552
0.000651029
0.000650552
0.00062866
0.000587116
0.000528715
0.000457056
0.000376286
0.000290847
0.000205209
0.000123589
4.96869e-05
-1.3549e-05
-6.40506e-05
-0.000100636
-0.000122893
-0.000130988
-0.000125485
-0.00010722
-7.72884e-05
-3.71145e-05
1.14731e-05
6.62352e-05
0.000124638
0.000184084
0.000242172
0.000296905
0.000346745
0.00039053
0.00042729
0.000456047
0.000475701
0.000485032
0.000482846
0.000468227
0.00044082
0.000401061
0.00035028
0.000290631
0.000224865
0.000156028
8.71473e-05
2.09964e-05
-4.00313e-05
-9.39494e-05
-0.000139147
-0.000174349
-0.000198617
-0.000211387
-0.000212555
-0.000202553
-0.00018238
-0.000153567
-0.000118077
-7.81514e-05
-3.6173e-05
5.44062e-06
4.42758e-05
7.79202e-05
0.00010397
0.000120112
0.000124313
0.000115105
9.19002e-05
5.52552e-05
6.96621e-06
-5.00543e-05
-0.000112124
-0.000175284
-0.000235805
-0.000290595
-0.000337382
-0.000374684
-0.000401627
-0.000417746
-0.000422875
-0.000417178
-0.00040129
-0.000376444
-0.000344489
-0.000307716
-0.000268532
-0.00022909
-0.000191027
-0.000155409
-0.000122886
-9.39897e-05
-6.94112e-05
-5.01366e-05
-3.73844e-05
-3.23761e-05
-3.60442e-05
-4.87936e-05
-7.03984e-05
-0.000100051
-0.000136509
-0.00017827
-0.000223682
-0.000270974
-0.000318223
-0.000363314
-0.000403988
-0.000437994
-0.000463337
-0.000478551
-0.000482907
-0.000476502
-0.000460198
-0.000435468
-0.000404208
-0.000368567
-0.000330818
-0.000293265
-0.00025816
-0.000227605
-0.000203439
-0.000187119
-0.000179624
-0.000181413
-0.000192437
-0.000212196
-0.00023983
-0.000274195
-0.000313899
-0.00035728
-0.000402318
-0.000446498
-0.0004867
-0.000519225
-0.000540021
-0.000545159
-0.000531455
-0.00049708
-0.000441985
-0.000367998
-0.000278603
-0.000178464
-7.28404e-05
3.29783e-05
0.000134115
0.000226375
0.000306341
0.00037135
0.000419419
0.000449211
0.000460045
0.000451965
0.000425811
0.000383244
0.000326703
0.000259275
0.000184519
0.000106251
2.83335e-05
-4.54978e-05
-0.00011178
-0.000167428
-0.00020982
-0.000236879
-0.000247156
-0.000239922
-0.000215237
-0.000173965
-0.000117703
-4.8638e-05
-4.8638e-05
3.06657e-05
0.000117468
0.000208997
0.000302483
0.000395114
0.000483926
0.000565725
0.000637096
0.000694553
0.000734836
0.000755312
0.000754389
0.000731818
0.000688806
0.000627907
0.000552743
0.000467662
0.000377421
0.000286951
0.000201147
0.000124608
6.12635e-05
1.38891e-05
-1.63415e-05
-3.00994e-05
-2.97672e-05
-1.8905e-05
-1.45562e-06
1.90593e-05
4.00885e-05
6.01912e-05
7.87863e-05
9.56866e-05
0.000110653
0.000123155
0.000132398
0.000137553
0.000138051
0.000133771
0.00012503
0.000112373
9.62544e-05
7.67754e-05
5.36054e-05
2.61617e-05
-6.00686e-06
-4.27798e-05
-8.31482e-05
-0.000125161
-0.000166169
-0.000203301
-0.000234006
-0.000256507
-0.00027002
-0.000274714
-0.000271494
-0.000261734
-0.000247139
-0.000229748
-0.000212029
-0.000196873
-0.000187339
-0.000186117
-0.000194817
-0.000213362
-0.000239765
-0.000270456
-0.00030109
-0.000327598
-0.000347095
-0.000358318
-0.000361456
-0.000357494
-0.000347389
-0.000331423
-0.000309032
-0.000279148
-0.000240894
-0.000194323
-0.000140874
-8.33549e-05
-2.54404e-05
2.90975e-05
7.71573e-05
0.000116788
0.000147246
0.00016868
0.000181654
0.000186771
0.000184584
0.000175826
0.000161814
0.000144755
0.000127751
0.00011441
0.000108186
0.000111676
0.000126151
0.000151481
0.000186466
0.000229389
0.000278533
0.000332422
0.000389644
0.000448321
0.000505491
0.000556756
0.000596481
0.000618609
0.000617874
0.000590998
0.000537433
0.000459384
0.00036114
0.000248017
0.000125318
-2.3024e-06
-0.000130889
-0.000256746
-0.000375813
-0.000483266
-0.000573618
-0.000641377
-0.000682038
-0.000693037
-0.000674292
-0.000628141
-0.000558727
-0.000471104
-0.000370385
-0.000261244
-0.000147857
-3.4187e-05
7.56267e-05
0.000177043
0.000265257
0.000335713
0.000384834
0.00041072
0.000413551
0.000395538
0.000360412
0.000312661
0.000256746
0.000196569
0.000135307
7.557e-05
1.97187e-05
-2.99001e-05
-7.09326e-05
-0.000101236
-0.000119224
-0.000124179
-0.000116366
-9.6912e-05
-6.74927e-05
-2.99493e-05
1.40249e-05
6.30281e-05
0.000115894
0.000171486
0.000228458
0.000285082
0.000339257
0.000388685
0.000431168
0.000464903
0.000488671
0.000501857
0.000504317
0.000496184
0.000477719
0.000449286
0.000411482
0.000365334
0.000312471
0.000255152
0.000196129
0.000138328
8.44669e-05
3.67077e-05
-3.55597e-06
-3.57246e-05
-5.9841e-05
-7.63341e-05
-8.57643e-05
-8.86636e-05
-8.55143e-05
-7.68501e-05
-6.3413e-05
-4.62803e-05
-2.68973e-05
-6.99163e-06
1.16066e-05
2.71769e-05
3.82825e-05
4.38636e-05
4.32451e-05
3.60857e-05
2.23134e-05
2.08729e-06
-2.41994e-05
-5.58883e-05
-9.20259e-05
-0.000131357
-0.000172361
-0.000213338
-0.000252532
-0.000288271
-0.000319093
-0.000343835
-0.000361686
-0.000372198
-0.000375265
-0.000371088
-0.00036015
-0.000343189
-0.000321176
-0.000295279
-0.000266806
-0.000237111
-0.000207471
-0.000178961
-0.00015235
-0.00012808
-0.000106325
-8.71218e-05
-7.05216e-05
-5.6718e-05
-4.6119e-05
-3.93599e-05
-3.7261e-05
-4.07404e-05
-5.06795e-05
-6.77492e-05
-9.22212e-05
-0.000123818
-0.000161652
-0.000204279
-0.00024986
-0.000296388
-0.000341906
-0.000384656
-0.000423104
-0.000455858
-0.000481507
-0.0004985
-0.000505162
-0.000499896
-0.000481517
-0.000449627
-0.000404866
-0.000348921
-0.00028428
-0.000213802
-0.000140256
-6.59945e-05
7.14675e-06
7.76991e-05
0.000144261
0.000205197
0.000258489
0.000301828
0.000332952
0.000350138
0.0003527
0.000341333
0.000318179
0.000286589
0.00025062
0.000214419
0.000181638
0.00015502
0.000136197
0.000125658
0.000122808
0.000126074
0.000133063
0.000140829
0.000146266
0.000146589
0.000139768
0.000124805
0.000101743
7.14239e-05
3.50896e-05
-6.02471e-06
-5.09566e-05
-9.90566e-05
-0.000149793
-0.000202413
-0.000255606
-0.000307346
-0.000355002
-0.000395715
-0.000426946
-0.000447013
-0.000455461
-0.000453141
-0.000441991
-0.000424559
-0.000403423
-0.000380648
-0.000357437
-0.000334081
-0.000310211
-0.000285252
-0.000258908
-0.000231505
-0.000204066
-0.000178115
-0.000155294
-0.000136944
-0.00012381
-0.000115951
-0.000112854
-0.00011369
-0.00011758
-0.000123766
-0.000131621
-0.000140523
-0.000149693
-0.000149693
-0.000158087
-0.000164424
-0.00016737
-0.000165795
-0.000159015
-0.000146929
-0.00013001
-0.00010917
-8.55578e-05
-6.03686e-05
-3.47143e-05
-9.5858e-06
1.41081e-05
3.54747e-05
5.36206e-05
6.77414e-05
7.72887e-05
8.21188e-05
8.25448e-05
7.92921e-05
7.33981e-05
6.60963e-05
5.87057e-05
5.25221e-05
4.87014e-05
4.81392e-05
5.13739e-05
5.85409e-05
6.93773e-05
8.32691e-05
9.93399e-05
0.00011658
0.000134
0.00015076
0.000166251
0.000180087
0.000192027
0.00020188
0.000209432
0.000214437
0.000216675
0.000216043
0.000212662
0.000206967
0.00019972
0.000191943
0.000184773
0.000179274
0.000176273
0.000176263
0.000179413
0.000185661
0.000194845
0.000206816
0.000221489
0.000238813
0.000258686
0.000280846
0.000304789
0.00032975
0.000354773
0.000378823
0.000400905
0.000420118
0.000435625
0.00044655
0.000451883
0.000450467
0.000441124
0.000422913
0.000395434
0.00035907
0.000315074
0.000265476
0.000212856
0.000160083
0.000110089
6.57059e-05
2.95442e-05
3.85158e-06
-9.68013e-06
-1.01535e-05
2.30989e-06
2.64551e-05
5.99736e-05
9.97992e-05
0.000142561
0.000185074
0.000224717
0.000259595
0.000288457
0.000310469
0.000324955
0.000331249
0.000328745
0.000317112
0.000296584
0.000268169
0.000233671
0.000195483
0.000156224
0.000118321
8.36905e-05
5.35895e-05
2.8639e-05
8.95364e-06
-5.70437e-06
-1.58096e-05
-2.20109e-05
-2.50966e-05
-2.59566e-05
-2.55207e-05
-2.46772e-05
-2.41769e-05
-2.45414e-05
-2.59905e-05
-2.84082e-05
-3.13572e-05
-3.41494e-05
-3.59795e-05
-3.61043e-05
-3.40329e-05
-2.9679e-05
-2.34333e-05
-1.61261e-05
-8.87864e-06
-2.87424e-06
8.87532e-07
1.78053e-06
-3.63711e-07
-5.28532e-06
-1.24098e-05
-2.09927e-05
-3.02406e-05
-3.93826e-05
-4.77065e-05
-5.45945e-05
-5.95827e-05
-6.24489e-05
-6.33115e-05
-6.2694e-05
-6.14976e-05
-6.08544e-05
-6.18846e-05
-6.54155e-05
-7.17416e-05
-8.05015e-05
-9.07155e-05
-0.000100973
-0.000109721
-0.000115575
-0.000117572
-0.000115296
-0.000108851
-9.87152e-05
-8.55388e-05
-6.9956e-05
-5.24815e-05
-3.35175e-05
-1.34421e-05
7.27077e-06
2.79514e-05
4.77047e-05
6.54749e-05
8.01933e-05
9.09702e-05
9.72937e-05
9.92043e-05
9.74064e-05
9.32833e-05
8.87843e-05
8.61708e-05
8.7642e-05
9.49036e-05
0.000108778
0.000128958
0.000153984
0.000181477
0.000208577
0.000232497
0.000251029
0.00026286
0.000267628
0.000265714
0.000257883
0.000244917
0.000227381
0.000205594
0.000179763
0.000150193
0.000117444
8.2345e-05
4.58692e-05
8.91346e-06
-2.78797e-05
-6.41736e-05
-9.98267e-05
-0.000134663
-0.000168217
-0.000199572
-0.000227349
-0.000249877
-0.000265484
-0.000272838
-0.000271235
-0.000260752
-0.000242212
-0.000217007
-0.000186835
-0.000153465
-0.000118612
-8.39548e-05
-5.12409e-05
-2.24065e-05
4.09912e-07
1.50141e-05
1.94518e-05
1.2365e-05
-6.71471e-06
-3.72337e-05
-7.76781e-05
-0.000125781
-0.000178775
-0.000233601
-0.000287047
-0.000335848
-0.000376817
-0.000407038
-0.000424146
-0.00042661
-0.000413972
-0.00038694
-0.000347325
-0.000297797
-0.000241536
-0.00018184
-0.000121806
-6.41383e-05
-1.11078e-05
3.53742e-05
7.36504e-05
0.000102258
0.000119963
0.000125878
0.000119629
0.000101497
7.2493e-05
3.43207e-05
-1.07487e-05
-6.00684e-05
-0.000110827
-0.000160248
-0.000205749
-0.000245054
-0.000276265
-0.000297909
-0.000308979
-0.000308954
-0.00029782
-0.000276088
-0.00024478
-0.000205396
-0.000159843
-0.000110332
-5.9245e-05
-8.98888e-06
3.81573e-05
8.01773e-05
0.000115438
0.000142784
0.000161595
0.000171786
0.000173755
0.000168272
0.000156356
0.00013915
0.000117851
9.36825e-05
6.79088e-05
4.18495e-05
1.6858e-05
-5.76833e-06
-2.49463e-05
-4.00019e-05
-5.08356e-05
-5.79766e-05
-6.24704e-05
-6.56176e-05
-6.86456e-05
-7.24247e-05
-7.73279e-05
-8.32777e-05
-8.99413e-05
-9.69727e-05
-0.000104181
-0.000111537
-0.000118992
-0.000126187
-0.000132184
-0.000135385
-0.000133743
-0.000125213
-0.000108323
-8.26548e-05
-4.90888e-05
-9.77451e-06
3.21213e-05
7.27769e-05
0.000108111
0.00013418
0.000147563
0.000145727
0.000127338
9.24925e-05
4.28964e-05
-1.80355e-05
-8.51893e-05
-0.000151982
-0.000210918
-0.000254478
-0.000276204
-0.00027172
-0.00027172
-0.000239431
-0.000180799
-0.000100195
-4.45591e-06
9.77841e-05
0.000196988
0.000283828
0.00035044
0.00039158
0.000405364
0.000393291
0.000359501
0.000309421
0.000248208
0.000179429
0.000104364
2.21246e-05
-6.94626e-05
-0.000172485
-0.000287486
-0.000412318
-0.000541584
-0.000666734
-0.000776807
-0.000859687
-0.000903757
-0.000899739
-0.000842431
-0.000731997
-0.000574478
-0.000381302
-0.000167803
4.90104e-05
0.000252912
0.000430561
0.000572737
0.00067446
0.000734182
0.000752543
0.000731329
0.000673082
0.000581437
0.000461855
0.000322171
0.000172455
2.39783e-05
-0.000112521
-0.000228725
-0.000320125
-0.00038638
-0.000430461
-0.000456829
-0.000469294
-0.000469327
-0.000455459
-0.000424015
-0.000370904
-0.000293788
-0.000193834
-7.64e-05
4.95936e-05
0.000173376
0.000284536
0.000374983
0.000440071
0.000478635
0.000492097
0.000483111
0.000454319
0.00040767
0.000344447
0.000265851
0.000173784
7.14296e-05
-3.6622e-05
-0.000144755
-0.000247029
-0.000337926
-0.000412855
-0.000468326
-0.000501841
-0.000511704
-0.000496917
-0.000457293
-0.000393721
-0.000308461
-0.000205279
-8.93396e-05
3.31567e-05
0.000155463
0.000270777
0.00037264
0.000455256
0.000513776
0.000544628
0.000545917
0.000517793
0.000462664
0.000385071
0.00029119
0.000188012
8.24205e-05
-1.95732e-05
-0.000113237
-0.000195116
-0.000262729
-0.000314184
-0.000347931
-0.000362763
-0.00035804
-0.000334005
-0.000292023
-0.000234593
-0.000165108
-8.74318e-05
-5.45369e-06
7.72364e-05
0.000157459
0.000232369
0.000299284
0.000355571
0.000398683
0.000426372
0.000437003
0.000429866
0.000405357
0.00036498
0.000311155
0.000246913
0.000175561
0.000100417
2.46632e-05
-4.86901e-05
-0.000116775
-0.000176859
-0.000226404
-0.000263199
-0.000285546
-0.000292413
-0.000283534
-0.000259411
-0.000221245
-0.000170833
-0.000110448
-4.27455e-05
2.93184e-05
0.000102569
0.000173722
0.000239524
0.000296917
0.000343211
0.000376234
0.000394454
0.000397045
0.00038393
0.000355778
0.000313983
0.00026061
0.00019831
0.00013021
5.97617e-05
-9.44084e-06
-7.38807e-05
-0.000130351
-0.000176171
-0.000209351
-0.000228693
-0.000233802
-0.000225031
-0.000203365
-0.000170286
-0.000127655
-7.76016e-05
-2.24544e-05
3.53174e-05
9.31679e-05
0.000148555
0.000199037
0.000242382
0.000276673
0.000300405
0.000312566
0.000312692
0.000300888
0.00027782
0.000244681
0.000203123
0.000155171
0.000103108
4.93599e-05
-3.63417e-06
-5.35386e-05
-9.82227e-05
-0.000135841
-0.000164899
-0.000184307
-0.000193414
-0.000192029
-0.000180437
-0.000159383
-0.000130043
-9.39599e-05
-5.29651e-05
-9.07858e-06
3.55989e-05
7.89909e-05
0.000119142
0.000154301
0.00018298
0.000204002
0.000216534
0.000220124
0.000214716
0.000200663
0.000178715
0.000149988
0.000115906
7.81284e-05
3.84603e-05
-1.24367e-06
-3.91781e-05
-7.36705e-05
-0.000103251
-0.000126708
-0.000143124
-0.000151913
-0.000152835
-0.000146011
-0.00013192
-0.000111373
-8.54773e-05
-5.55694e-05
-2.31447e-05
1.02245e-05
4.29665e-05
7.3581e-05
0.000100698
0.00012313
0.000139914
0.000150356
0.000154055
0.000150922
0.00014119
0.000125392
0.000104336
7.90552e-05
5.07563e-05
2.07602e-05
-9.56429e-06
-3.88607e-05
-6.58425e-05
-8.93464e-05
-0.000108382
-0.000122177
-0.000130212
-0.000132245
-0.000128322
-0.000118764
-0.000104147
-8.52605e-05
-6.30669e-05
-3.86544e-05
-1.31897e-05
1.2132e-05
3.6139e-05
5.77365e-05
7.59581e-05
9.00101e-05
9.93045e-05
0.000103484
0.000102435
9.62877e-05
8.54029e-05
7.03474e-05
5.18657e-05
3.08422e-05
8.26096e-06
-1.48373e-05
-3.74038e-05
-5.84335e-05
-7.70122e-05
-9.23544e-05
-0.000103834
-0.000111011
-0.000113654
-0.000111742
-0.000105468
-9.5215e-05
-8.15362e-05
-6.51243e-05
-4.67869e-05
-2.74109e-05
-7.91939e-06
1.07747e-05
2.78143e-05
4.24401e-05
5.40228e-05
6.20858e-05
6.63202e-05
6.65933e-05
6.29505e-05
5.56111e-05
4.49599e-05
3.153e-05
1.59759e-05
-9.57588e-07
-1.84711e-05
-3.57514e-05
-5.20146e-05
-6.65458e-05
-7.873e-05
-8.80755e-05
-9.42288e-05
-9.69822e-05
-9.62779e-05
-9.2209e-05
-8.50173e-05
-7.50855e-05
-6.29208e-05
-4.91293e-05
-3.43852e-05
-1.93943e-05
-1.93943e-05
-4.85634e-06
8.56892e-06
2.02911e-05
2.98116e-05
3.67399e-05
4.08061e-05
4.08061e-05
