-1.84138e-10
-2.82101e-09
-2.07675e-08
-1.01615e-07
-3.81898e-07
-1.18605e-06
-3.14009e-06
-7.15624e-06
-1.40881e-05
-2.40736e-05
-3.60107e-05
-4.77375e-05
-5.69769e-05
-6.23938e-05
-6.40273e-05
-6.29462e-05
-6.0529e-05
-5.78185e-05
-5.5173e-05
-5.2251e-05
-4.82677e-05
-4.24023e-05
-3.42265e-05
-2.40197e-05
-1.28201e-05
-2.12339e-06
6.6664e-06
1.27505e-05
1.61301e-05
1.74081e-05
1.73612e-05
1.65371e-05
1.50505e-05
1.26103e-05
8.7226e-06
2.97867e-06
-4.6816e-06
-1.38351e-05
-2.36327e-05
-3.30326e-05
-4.11157e-05
-4.73394e-05
-5.16166e-05
-5.41902e-05
-5.53888e-05
-5.53958e-05
-5.41408e-05
-5.13395e-05
-4.66418e-05
-3.9817e-05
-3.09024e-05
-2.02565e-05
-8.48954e-06
3.70083e-06
1.57156e-05
2.7183e-05
3.79819e-05
4.81604e-05
5.77989e-05
6.6883e-05
7.52471e-05
8.26106e-05
8.86806e-05
9.32721e-05
9.63928e-05
9.82638e-05
9.92668e-05
9.98394e-05
0.000100363
0.000101095
0.000102159
0.000103586
0.000105368
0.000107509
0.000110025
0.000112904
0.00011604
0.000119184
0.000121935
0.000123789
0.000124235
0.000122853
0.000119377
0.000113697
0.000105804
9.57053e-05
8.3354e-05
6.86204e-05
5.1328e-05
3.13375e-05
8.64616e-06
-1.65315e-05
-4.37385e-05
-7.2326e-05
-0.00010157
-0.000130814
-0.000159581
-0.000187617
-0.000214844
-0.000241251
-0.000266771
-0.000291181
-0.000314064
-0.000334845
-0.000352883
-0.000367592
-0.000378541
-0.000385504
-0.000388457
-0.00038752
-0.000382891
-0.000374801
-0.000363475
-0.000349118
-0.000331891
-0.000311876
-0.000289049
-0.000263282
-0.000234387
-0.00020223
-0.000166875
-0.000128692
-8.83916e-05
-4.6936e-05
-5.35178e-06
3.55011e-05
7.5124e-05
0.000113476
0.000150953
0.000188278
0.000226345
0.000266076
0.000308298
0.000353648
0.000402496
0.000454882
0.000510494
0.00056867
0.000628429
0.000688507
0.000747383
0.000803278
0.000854123
0.000897535
0.000930854
0.000951282
0.000956117
0.000943058
0.000910482
0.000857663
0.000784825
0.000692975
0.000583467
0.000457389
0.000315015
0.000155672
-2.17116e-05
-0.00021736
-0.00042904
-0.000650693
-0.000872013
-0.00107936
-0.001258
-0.00139488
-0.00148126
-0.00151406
-0.00149568
-0.00143245
-0.00133238
-0.00120311
-0.00105062
-0.000879232
-0.000692466
-0.000494261
-0.000289906
-8.61586e-05
0.000109535
0.000290427
0.000451876
0.000592193
0.000712612
0.000816429
0.000907711
0.000990049
0.00106569
0.00113516
0.00119719
0.0012489
0.00128618
0.00130433
0.00129926
0.00126884
0.00121437
0.00114144
0.00105996
0.000982977
0.000924357
0.000895975
0.000905203
0.000953629
0.00103748
0.00114948
0.00128109
0.00142332
0.00156438
0.00168273
0.00173799
0.0016704
0.00142238
0.000978644
0.000393035
-0.000231188
-0.000798933
-0.00127036
-0.00166247
-0.00201702
-0.00236733
-0.00271977
-0.00304944
-0.00330797
-0.00343996
-0.00340192
-0.00317875
-0.00279389
-0.00230625
-0.00178984
-0.00130508
-0.000878572
-0.000502959
-0.000153973
0.000187823
0.000522706
0.000829429
0.00107254
0.00121485
0.00123082
0.00111646
0.00089222
0.00059665
0.000273209
-4.41822e-05
-0.000339731
-0.000614444
-0.000876461
-0.00112915
-0.00136342
-0.00155739
-0.00168241
-0.0017123
-0.00163195
-0.0014425
-0.00116095
-0.000814615
-0.000432478
-3.71457e-05
0.00035907
0.000752549
0.00114258
0.00152475
0.00188692
0.00220944
0.00246926
0.00264574
0.00272587
0.00270694
0.00259598
0.00240636
0.0021532
0.00184932
0.00150349
0.00112118
0.000707176
0.00026795
-0.000187754
-0.000650859
-0.00111518
-0.00157936
-0.00204494
-0.00251014
-0.0029619
-0.00337091
-0.00369353
-0.0038811
-0.00389355
-0.00371184
-0.00334447
-0.00282549
-0.00220495
-0.00153559
-0.000860708
-0.000207349
0.000412998
0.000997552
0.0015428
0.00203702
0.0024582
0.00277793
0.00296948
0.00301622
0.00291717
0.0026874
0.00235371
0.00194695
0.00149379
0.00101039
0.000500208
-4.25126e-05
-0.000623558
-0.00123674
-0.00185427
-0.00242525
-0.00288477
-0.00317117
-0.00324476
-0.00310029
-0.00276818
-0.00230423
-0.00177182
-0.00122372
-0.000690331
-0.000178611
0.000318584
0.000318584
0.000807488
0.00128017
0.00170946
0.00205439
0.00227296
0.00233597
0.00223539
0.00198434
0.00160983
0.00114276
0.000610112
3.27519e-05
-0.000570721
-0.00117684
-0.00175116
-0.00224718
-0.00261235
-0.00279941
-0.0027793
-0.00255016
-0.00213903
-0.00159518
-0.000977927
-0.000343128
0.000266875
0.000826934
0.00132617
0.00176064
0.00212543
0.00240976
0.00259716
0.00267031
0.002618
0.00244087
0.0021535
0.00178196
0.00135816
0.000913225
0.0004723
5.2503e-05
-0.000335818
-0.000685554
-0.000988948
-0.00123523
-0.00141086
-0.00150221
-0.00149936
-0.00139943
-0.00120789
-0.000937722
-0.000606818
-0.000235121
0.00015725
0.000550235
0.000922894
0.00125267
0.00151634
0.00169327
0.00176996
0.00174393
0.00162488
0.00143229
0.00119024
0.000921494
0.000643012
0.000364505
9.0192e-05
-0.000177262
-0.000432522
-0.000665015
-0.000859234
-0.000997918
-0.001067
-0.00106049
-0.000983694
-0.000853422
-0.000694813
-0.000535153
-0.000396264
-0.000288066
-0.000205997
-0.000133667
-4.981e-05
6.33076e-05
0.000213399
0.000395943
0.00059664
0.000797028
0.00098054
0.00113621
0.0012582
0.00134124
0.00137426
0.00133664
0.00120104
0.000944013
0.000560351
7.40906e-05
-0.000460439
-0.000969383
-0.00137815
-0.00163089
-0.00170352
-0.00160606
-0.00137489
-0.00105892
-0.000705753
-0.000352327
-2.19948e-05
0.000273525
0.000530109
0.000747611
0.000927726
0.00107315
0.00118727
0.00127363
0.00133504
0.00137241
0.00138411
0.00136628
0.00131447
0.0012261
0.00110278
0.000951191
0.000781871
0.000606217
0.000433218
0.000267622
0.000110459
-3.85155e-05
-0.000177937
-0.000303063
-0.000405936
-0.000477323
-0.000509529
-0.000498878
-0.000446868
-0.000359552
-0.000245475
-0.000113096
3.11072e-05
0.000182963
0.000339212
0.000495062
0.000641942
0.000766697
0.000852915
0.000884179
0.000848229
0.000740614
0.000566637
0.000340948
8.49307e-05
-0.000177342
-0.000423365
-0.000635438
-0.000802049
-0.000917262
-0.000978771
-0.000985651
-0.000936873
-0.000831126
-0.000667873
-0.000449056
-0.000180675
0.000126323
0.000455976
0.000787829
0.00109777
0.00135927
0.00154551
0.00163294
0.00160593
0.0014613
0.00121058
0.000878586
0.000498054
0.000101949
-0.00028394
-0.000645432
-0.00097979
-0.00129108
-0.00158298
-0.00185214
-0.00208502
-0.00225969
-0.00235199
-0.00234327
-0.0022268
-0.00201011
-0.0017127
-0.00136028
-0.000978114
-0.000585904
-0.000196048
0.00018467
0.000551207
0.000896307
0.00120843
0.00147256
0.00167348
0.00179999
0.00184817
0.00182228
0.00173298
0.00159374
0.00141706
0.00121207
0.000984209
0.000736815
0.000473358
0.000198936
-8.00295e-05
-0.000357896
-0.000632416
-0.000905656
-0.00118141
-0.00145934
-0.00172864
-0.00196531
-0.00213579
-0.0022064
-0.00215529
-0.00198174
-0.00170913
-0.00137987
-0.0010441
-0.00074633
-0.000514726
-0.000356901
-0.000262931
-0.00021364
-0.000190215
-0.000181152
-0.00018413
-0.00020286
-0.000241102
-0.000297078
-0.000361011
-0.00041694
-0.000447886
-0.000441972
-0.000396691
-0.000319387
-0.000223761
-0.000123971
-2.88764e-05
6.11462e-05
0.000153545
0.000259338
0.000386837
0.000535598
0.000692805
0.000833802
0.000927458
0.000945449
0.0008726
0.000714115
0.000496136
0.000258598
4.28524e-05
-0.000121144
-0.000223048
-0.000272829
-0.000294099
-0.000313017
-0.000347147
-0.000398328
-0.000451911
-0.000482327
-0.00046277
-0.000375684
-0.0002208
-1.84506e-05
0.000192986
0.000365499
0.000454092
0.000430116
0.000290418
5.82423e-05
-0.000224989
-0.000513786
-0.000772768
-0.000985347
-0.00115416
-0.00129423
-0.00142265
-0.0015493
-0.00167184
-0.00177577
-0.00183859
-0.00183583
-0.00174691
-0.00155924
-0.00127013
-0.000886508
-0.000423419
9.77247e-05
0.000650631
0.00120534
0.00172967
0.00219136
0.00256101
0.00281524
0.00293931
0.0029282
0.00278579
0.00252258
0.00215275
0.00169211
0.00115768
0.000568915
-5.04112e-05
-0.000671183
-0.0012598
-0.00178107
-0.00220227
-0.00249695
-0.00264727
-0.00264448
-0.00248772
-0.0021822
-0.0021822
-0.00173797
-0.00116998
-0.000499864
0.000241439
0.00101204
0.00176062
0.00243237
0.00297846
0.00336541
0.00358059
0.00363127
0.00353814
0.00332605
0.00301619
0.00262237
0.00215235
0.00161308
0.00101686
0.000385622
-0.000248964
-0.000849958
-0.00138258
-0.00182177
-0.00215693
-0.00239204
-0.00254122
-0.0026217
-0.00264669
-0.00262086
-0.00253956
-0.00239184
-0.00216573
-0.00185376
-0.00145717
-0.00098763
-0.000466434
7.82059e-05
0.00061459
0.00111076
0.00153696
0.00186743
0.0020819
0.00216724
0.00211931
0.00194454
0.00166051
0.00129465
0.000880887
0.000454486
4.66204e-05
-0.000319767
-0.000631224
-0.000881795
-0.00106867
-0.0011874
-0.00122883
-0.00117937
-0.00102476
-0.000756331
-0.000377331
9.32262e-05
0.000620804
0.00115995
0.00166187
0.00208272
0.00239012
0.00256627
0.0026073
0.00251964
0.00231518
0.00200696
0.00160693
0.00112611
0.000576864
-2.40689e-05
-0.000653036
-0.00127881
-0.00186422
-0.00236994
-0.00275931
-0.00300318
-0.00308326
-0.00299365
-0.00274036
-0.00233938
-0.00181439
-0.00119472
-0.000513997
0.000190569
0.000878997
0.00150999
0.00204365
0.00244531
0.00268985
0.00276536
0.00267516
0.00243747
0.00208279
0.00164931
0.00117739
0.000704229
0.000259695
-0.000135761
-0.000471116
-0.000742951
-0.000952523
-0.00110263
-0.00119521
-0.00123038
-0.00120718
-0.00112549
-0.0009883
-0.000803217
-0.000582492
-0.000341572
-9.67778e-05
0.000136941
0.000347339
0.000525003
0.000662606
0.000754059
0.000794277
0.000779811
0.000710055
0.000588364
0.000422377
0.000223149
3.16036e-06
-0.000226164
-0.000456555
-0.000683825
-0.000907237
-0.00112753
-0.00134428
-0.00155362
-0.0017471
-0.00191219
-0.00203438
-0.00209992
-0.00209848
-0.0020248
-0.00187901
-0.00166569
-0.00139252
-0.001069
-0.000705939
-0.000315479
8.85523e-05
0.000490703
0.000874692
0.00122498
0.00152866
0.00177695
0.00196566
0.00209429
0.00216428
0.00217713
0.00213346
0.00203371
0.0018808
0.00168508
0.0014713
0.00128587
0.00119515
0.0012615
0.00149837
0.00183555
0.00213468
0.00225526
0.00212203
0.00174552
0.00119616
0.000563945
-7.42972e-05
-0.000675241
-0.00123468
-0.0017771
-0.00233423
-0.00291975
-0.00350804
-0.00402798
-0.00438047
-0.00447368
-0.00425625
-0.00373064
-0.00294305
-0.00196
-0.000845362
0.000353353
0.0016076
0.00290074
0.0042142
0.00551144
0.00672615
0.00776112
0.00850047
0.0088327
0.00867687
0.00800273
0.00683876
0.00526715
0.00340861
0.00140177
-0.000617882
-0.00253453
-0.00426025
-0.00573441
-0.00691705
-0.00778106
-0.00830718
-0.00848333
-0.00830698
-0.00778805
-0.00695022
-0.00582972
-0.00447238
-0.00293067
-0.00126215
0.000469895
0.00219438
0.00383077
0.00528995
0.00647929
0.00731138
0.00771465
0.00764259
0.00707869
0.00603591
0.00455144
0.00267982
0.000487706
-0.00194724
-0.00453336
-0.00716042
-0.00969714
-0.0119948
-0.0138986
-0.0152649
-0.015981
-0.0159801
-0.0152484
-0.0138215
-0.0117732
-0.009201
-0.00621508
-0.00293219
0.000523994
0.00401973
0.00740925
0.0105378
0.0132507
0.0154068
0.0168934
0.0176365
0.0176056
0.0168123
0.0153037
0.0131559
0.0104687
0.00736309
0.00398008
0.000477995
-0.00297454
-0.00621044
-0.00907938
-0.0114628
-0.013284
-0.0145109
-0.0151492
-0.0152291
-0.0147901
-0.0138698
-0.0125001
-0.0107114
-0.00854248
-0.00605058
-0.0033166
-0.000443849
0.00244984
0.00524365
0.00782544
0.0100998
0.0119913
0.0134422
0.0144081
0.0148539
0.0147534
0.0140918
0.0128714
0.0111173
0.00888004
0.00623611
0.00328432
0.000141291
-0.00306359
-0.0061927
-0.00910448
-0.0116588
-0.0137245
-0.01519
-0.0159745
-0.016038
-0.0153848
-0.0140598
-0.0121396
-0.00972102
-0.00691286
-0.0038317
-0.000601451
0.00264659
0.00577554
0.00864771
0.0111323
0.0131144
0.0145038
0.0152416
0.0153031
0.0146974
0.0134638
0.011667
0.00939379
0.00675
0.00675
0.00385894
0.000859145
-0.00209953
-0.00486259
-0.00728085
-0.00922361
-0.0105931
-0.0113365
-0.0114518
-0.0109833
-0.0100083
-0.00861955
-0.00690758
-0.00495064
-0.00281398
-0.000557841
0.00174982
0.00402253
0.00615205
0.00801541
0.00949091
0.0104776
0.0109116
0.0107745
0.0100908
0.00891821
0.00733371
0.00542204
0.00326905
0.000961034
-0.00141194
-0.00375244
-0.00595497
-0.00791004
-0.00951262
-0.0106723
-0.0113225
-0.0114256
-0.0109743
-0.00998864
-0.00851099
-0.00660181
-0.00433635
-0.00180351
0.000894655
0.00364397
0.00632139
0.00880121
0.0109637
0.0127049
0.0139443
0.0146308
0.0147436
0.0142899
0.0133007
0.0118266
0.00993367
0.00770219
0.00522465
0.00260438
-4.74862e-05
-0.00261647
-0.00499047
-0.00706584
-0.00875304
-0.00998158
-0.0107044
-0.0109018
-0.0105862
-0.00980535
-0.00864373
-0.00721671
-0.00565593
-0.00408768
-0.00261094
-0.00128379
-0.000123492
0.00088
0.00174325
0.00246979
0.00303947
0.00341067
0.00353384
0.00337089
0.00291248
0.00218643
0.00125408
0.000196526
-0.000903525
-0.00197682
-0.00297448
-0.00386559
-0.00462855
-0.00524161
-0.00567757
-0.00590553
-0.0058988
-0.00564523
-0.00515483
-0.00446067
-0.00361187
-0.00266124
-0.00165252
-0.000612634
0.000447909
0.00152657
0.00261614
0.00369369
0.00471639
0.00562695
0.00636748
0.00689655
0.00720263
0.00730792
0.00726103
0.00712123
0.00694103
0.00675364
0.00656969
0.00638289
0.00618008
0.00594905
0.00567859
0.00534944
0.00492202
0.00433177
0.00350218
0.00237606
0.000952984
-0.000686762
-0.0023872
-0.00395296
-0.0052044
-0.00603057
-0.00641965
-0.00645482
-0.00627681
-0.00602713
-0.00579487
-0.00558859
-0.00534458
-0.00496706
-0.00438134
-0.00357594
-0.00261523
-0.00161823
-0.000714527
2.52201e-06
0.000505281
0.000833285
0.00106831
0.00129543
0.00156695
0.00188307
0.00219471
0.00242385
0.00249065
0.00233633
0.00193582
0.0013001
0.000471458
-0.000485391
-0.00149411
-0.00247821
-0.00337125
-0.0041238
-0.004706
-0.00510593
-0.00532537
-0.00537472
-0.00526844
-0.00502188
-0.0046497
-0.00416605
-0.00358583
-0.002926
-0.00220556
-0.00144401
-0.000658926
0.000135464
0.000927539
0.00170558
0.00245468
0.00315533
0.00378492
0.00432197
0.00475169
0.00507045
0.00528653
0.00541497
0.00546621
0.00543173
0.00527377
0.00492799
0.00432344
0.00341545
0.00221724
0.000814334
-0.000647577
-0.00199771
-0.00308473
-0.00381364
-0.00416177
-0.00416988
-0.00391371
-0.00346945
-0.00288813
-0.00219016
-0.00138168
-0.000483049
0.000447218
0.00130875
0.00198115
0.00236308
0.00241052
0.00215559
0.00169645
0.00116222
0.000667867
0.000278072
-5.72297e-06
-0.00023092
-0.000459562
-0.000729811
-0.00103002
-0.00129652
-0.00143569
-0.00136024
-0.00102381
-0.000439466
0.000324488
0.00116763
0.00198849
0.00271043
0.00329326
0.00372829
0.00402208
0.00417812
0.00418572
0.00402132
0.00366054
0.003094
0.00233828
0.00143692
0.00045177
-0.000549969
-0.00150652
-0.00236611
-0.00308542
-0.00362512
-0.00394704
-0.00401589
-0.00380661
-0.00331535
-0.00256997
-0.00163465
-0.000604169
0.000412777
0.00131677
0.00203861
0.00254946
0.0028564
0.00298561
0.00296128
0.00278936
0.00245303
0.00192143
0.00116779
0.000189269
-0.000979813
-0.00226694
-0.0035735
-0.00479544
-0.00584445
-0.00666176
-0.00722012
-0.00751503
-0.00755068
-0.00732807
-0.00684044
-0.00607797
-0.00503875
-0.00374121
-0.00223254
-0.000590006
0.00108518
0.00267936
0.00408
0.00518834
0.00592874
0.00625427
0.00614888
0.00562752
0.00473488
0.00354178
0.00213779
0.000619171
-0.000925526
-0.00242753
-0.00384207
-0.00514191
-0.00630248
-0.00728521
-0.00802774
-0.00844686
-0.00845464
-0.0079822
-0.00700222
-0.00554183
-0.00368128
-0.00153899
0.000751146
0.00306214
0.00528822
0.00734735
0.00917353
0.0107049
0.0118758
0.0126177
0.0128702
0.0125973
0.0118014
0.0118014
0.0105293
0.00886667
0.00692445
0.00482037
0.00266391
0.000547747
-0.00145304
-0.00327635
-0.00486728
-0.00617488
-0.0071534
-0.00776747
-0.00799871
-0.00785043
-0.00734789
-0.00653392
-0.00546176
-0.00418909
-0.0027758
-0.00128487
0.000218355
0.0016708
0.00301632
0.00420439
0.00518371
0.00589969
0.00630126
0.00635274
0.00604271
0.00538632
0.00442224
0.00320613
0.00180294
0.000280575
-0.00129386
-0.00285541
-0.00434045
-0.00568437
-0.00682055
-0.00768356
-0.00821696
-0.00838302
-0.00816985
-0.00759316
-0.0066927
-0.00552569
-0.00415999
-0.00266872
-0.00112668
0.000391683
0.00181391
0.00307161
0.00410376
0.00486146
0.00531324
0.00544941
0.00528325
0.00484814
0.00419122
0.00336569
0.00242442
0.00141649
0.000386978
-0.000621181
-0.00156508
-0.00240137
-0.00308852
-0.00359176
-0.00388913
-0.00397606
-0.00386626
-0.00358788
-0.00317635
-0.00266639
-0.00208651
-0.00145759
-0.000795338
-0.00011503
0.000564046
0.00121637
0.00181114
0.00231621
0.00270336
0.00295325
0.00305804
0.00302114
0.00285438
0.00257395
0.00219689
0.00173906
0.00121493
0.0006388
2.66463e-05
-0.000602283
-0.00122495
-0.00181558
-0.0023481
-0.0027992
-0.00315062
-0.00338969
-0.00350813
-0.00350015
-0.00336135
-0.00308953
-0.00268711
-0.00216415
-0.00154035
-0.00084513
-0.000115165
0.000609892
0.00129245
0.00190125
0.00241381
0.00281649
0.00310266
0.0032702
0.00331935
0.00325175
0.00307114
0.00278546
0.00241037
0.00197206
0.00150629
0.00105151
0.000639359
0.000288814
7.59958e-06
-0.000201891
-0.000337054
-0.000392608
-0.000361256
-0.000236776
-1.82076e-05
0.000286732
0.000660459
0.00107714
0.00150706
0.00192271
0.00230439
0.0026429
0.00293842
0.00319668
0.00342458
0.00362683
0.00380439
0.00395379
0.00406669
0.00412845
0.0041157
0.00399444
0.00372104
0.00324886
0.00254033
0.00158115
0.000391226
-0.000972296
-0.00242149
-0.00385146
-0.00515726
-0.00624937
-0.00706466
-0.00757136
-0.00776776
-0.00767593
-0.00733246
-0.00677886
-0.00605403
-0.00519012
-0.00421194
-0.00313944
-0.00199206
-0.000793785
0.00042283
0.00161521
0.00273262
0.00372097
0.00452893
0.00511352
0.00544384
0.00550292
0.00528805
0.00481044
0.0040945
0.00317652
0.00210268
0.000926288
-0.000295684
-0.00150626
-0.00265204
-0.00368594
-0.00456882
-0.00526947
-0.00576326
-0.00603006
-0.00605216
-0.00581371
-0.00530246
-0.00451457
-0.00346158
-0.00217744
-0.000722233
0.000820154
0.00235147
0.00377341
0.00500212
0.00597763
0.00666531
0.00705023
0.00712882
0.00690316
0.00638114
0.00558157
0.00454079
0.0033157
0.00198052
0.000617048
-0.000698286
-0.00190612
-0.00296989
-0.00387362
-0.00461279
-0.00518268
-0.00556904
-0.00574524
-0.0056772
-0.00533421
-0.00470214
-0.00379418
-0.00265541
-0.00135902
5.17639e-06
0.00134653
0.00258849
0.00367735
0.00458232
0.00528784
0.00578288
0.0060528
0.0060779
0.00583929
0.005329
0.0045593
0.00356711
0.00241147
0.00116537
-9.48055e-05
-0.00129873
-0.00238779
-0.00331644
-0.00405031
-0.00456348
-0.00483725
-0.00486166
-0.00463929
-0.00418919
-0.00354801
-0.00276683
-0.00190363
-0.00101361
-0.000140501
0.000688167
0.00146027
0.00217314
0.0028251
0.00340796
0.00390356
0.00428557
0.00452541
0.00459972
0.00449645
0.00421785
0.00377955
0.00320699
0.00253051
0.00178111
0.000987951
0.000177724
-0.00062473
-0.0013956
-0.00211158
-0.00274961
-0.00328668
-0.00369983
-0.00396685
-0.00406831
-0.00399044
-0.00372843
-0.00328885
-0.00269058
-0.00196402
-0.00114851
-0.000288604
0.000570306
0.00138635
0.00212467
0.00275919
0.00327235
0.00365298
0.00389331
0.0039863
0.00392402
0.00369707
0.00329518
0.00270915
0.00193503
0.000980214
-0.000130396
-0.00135108
-0.00261741
-0.00385391
-0.00498513
-0.00594638
-0.00669087
-0.00719157
-0.00743803
-0.0074304
-0.00717351
-0.00667371
-0.00593982
-0.00498713
-0.00384205
-0.00254422
-0.00254422
-0.00114492
0.00029752
0.00172182
0.00306501
0.00426094
0.00523936
0.00593001
0.00627354
0.00623686
0.0058267
0.00509483
0.00413098
0.00304484
0.00194239
0.000904046
-2.897e-05
-0.000856528
-0.00160969
-0.0023322
-0.00305894
-0.00379744
-0.00451796
-0.00515481
-0.00561867
-0.00581701
-0.00567723
-0.00516629
-0.00430083
-0.00314486
-0.00179628
-0.00036723
0.00103547
0.00232422
0.00343659
0.00433392
0.0049954
0.00541132
0.00557828
0.00549781
0.00517787
0.00463548
0.0038987
0.00300651
0.00200658
0.000951588
-0.000104719
-0.001111
-0.00202076
-0.0027937
-0.00339611
-0.00380076
-0.00398705
-0.00394191
-0.00366164
-0.00315374
-0.00243734
-0.00154168
-0.000503202
0.000636624
0.00183047
0.00302096
0.00413556
0.00508525
0.00577061
0.00609616
0.00598911
0.00541684
0.00439754
0.0030007
0.00133722
-0.000458735
-0.00225135
-0.00392254
-0.00538395
-0.00657886
-0.00747542
-0.0080557
-0.00830621
-0.00821399
-0.00776939
-0.00697348
-0.00584618
-0.00443133
-0.00279591
-0.00102355
0.000795332
0.00257279
0.004228
0.00568613
0.00687394
0.00771762
0.00814778
0.00811227
0.00759206
0.00661256
0.00524441
0.00359258
0.00177807
-8.09949e-05
-0.00188257
-0.00354496
-0.00500277
-0.00619816
-0.0070728
-0.0075654
-0.00761775
-0.00718796
-0.00626585
-0.00488334
-0.00311489
-0.00106709
0.00113809
0.00337987
0.00554905
0.00754999
0.00929613
0.0107039
0.0116902
0.0121761
0.0120978
0.0114209
0.0101539
0.00835428
0.00612569
0.00360558
0.000947853
-0.00169428
-0.00418099
-0.00639266
-0.00823163
-0.00962113
-0.0105043
-0.0108451
-0.0106323
-0.00988482
-0.00865628
-0.00703415
-0.00513237
-0.00307731
-0.00099132
0.00102097
0.00287955
0.00452828
0.00592828
0.00704915
0.00786166
0.00833485
0.00843866
0.00815092
0.00746623
0.00640334
0.00500813
0.00335103
0.00151939
-0.000392719
-0.00229426
-0.00410403
-0.00575323
-0.00718402
-0.00834562
-0.00919043
-0.00967258
-0.00975081
-0.00939572
-0.00859943
-0.00738396
-0.00580456
-0.00394606
-0.00191298
0.000183326
0.00223669
0.00415419
0.0058592
0.00729049
0.00839977
0.00914987
0.00951502
0.00948264
0.00905483
0.00824783
0.00708894
0.00561293
0.0038607
0.00188247
-0.00025513
-0.00246161
-0.00462001
-0.00659306
-0.00823895
-0.00943288
-0.0100877
-0.0101668
-0.00968592
-0.00870369
-0.00730606
-0.00559074
-0.00365653
-0.00159965
0.000484873
0.00250058
0.00434974
0.00593862
0.00718732
0.00804125
0.00847968
0.00851743
0.00819831
0.00758253
0.0067328
0.00570428
0.00454133
0.00328077
0.00195812
0.000612955
-0.000709847
-0.00196309
-0.00310274
-0.00409319
-0.00490983
-0.00553807
-0.00596926
-0.00619577
-0.00620808
-0.00599562
-0.00555172
-0.00488042
-0.00400199
-0.00295468
-0.00179153
-0.000573375
0.000639544
0.0017943
0.00284802
0.00376597
0.00451628
0.00506483
0.00537359
0.00540483
0.00513011
0.00454106
0.00365767
0.00253098
0.00123879
-0.00012445
-0.00146099
-0.00268287
-0.00372119
-0.00452985
-0.00508371
-0.00537384
-0.00540256
-0.00518089
-0.00472815
-0.00407206
-0.00324752
-0.00229318
-0.00124734
-0.000144967
0.000982546
0.00210508
0.00319014
0.00419967
0.00508896
0.00580846
0.00630875
0.0065477
0.00649821
0.0061543
0.00553375
0.00467654
0.00364003
0.002492
0.00130342
0.000141659
-0.000934988
-0.00188163
-0.00266967
-0.0032882
-0.00374321
-0.00405402
-0.00424706
-0.00434812
-0.0043755
-0.00433612
-0.00422578
-0.00403293
-0.00374416
-0.00334939
-0.00284561
-0.00223901
-0.0015456
-0.000790426
-5.61131e-06
0.000772526
0.0015064
0.00215942
0.00269711
0.0030876
0.00330245
0.00331864
0.00312214
0.00271211
0.00210462
0.0013345
0.0004541
-0.000471494
-0.00137238
-0.00218313
-0.00285093
-0.00334039
-0.00363391
-0.00372869
-0.00363236
-0.00335942
-0.00292985
-0.00236939
-0.00171039
-0.000991481
-0.000255493
0.000454136
0.00109752
0.00164181
0.00164181
0.00206338
0.0023486
0.00249392
0.00250556
0.00239882
0.00219654
0.00192651
0.00161812
0.0012989
0.000991984
0.000714924
0.000479922
0.00029496
0.000165119
9.33306e-05
8.00362e-05
0.000121648
0.000208333
0.000322197
0.000437033
0.00052025
0.000536754
0.00045412
0.000248516
-8.90593e-05
-0.0005472
-0.00109116
-0.00166496
-0.00219966
-0.00262653
-0.00289094
-0.00296248
-0.00283773
-0.00253571
-0.0020882
-0.00152943
-0.000889083
-0.000191058
0.000542257
0.00128354
0.00199637
0.00263692
0.0031616
0.0035373
0.00374904
0.00380125
0.0037121
0.00350375
0.00319328
0.00278838
0.00228947
0.00169718
0.00102122
0.000286608
-0.000466169
-0.00118766
-0.00183038
-0.00235987
-0.0027614
-0.00303975
-0.00321234
-0.00329911
-0.00331303
-0.00325505
-0.00311458
-0.00287508
-0.00252204
-0.00205065
-0.00147042
-0.000805464
-9.08332e-05
0.000633104
0.00132563
0.0019483
0.00246525
0.00284308
0.00305231
0.00307138
0.00289186
0.00252247
0.00198984
0.00133527
0.000608425
-0.000139886
-0.000864084
-0.00152776
-0.00210472
-0.00257746
-0.00293412
-0.0031654
-0.00326287
-0.00321928
-0.00303051
-0.00269828
-0.00223256
-0.00165314
-0.00098988
-0.00028124
0.000429359
0.00109904
0.00169185
0.00218425
0.00256787
0.00284855
0.00304207
0.00316807
0.00324427
0.00328268
0.00328852
0.0032613
0.00319704
0.00309046
0.0029363
0.00272981
0.00246704
0.00214523
0.00176353
0.00132383
0.000831468
0.000295644
-0.000270421
-0.000849674
-0.00142184
-0.00196453
-0.00245474
-0.00287016
-0.00319029
-0.00339698
-0.00347519
-0.00341418
-0.00320922
-0.00286344
-0.0023888
-0.00180602
-0.00114306
-0.000432992
0.000288284
0.000983706
0.00161612
0.0021492
0.0025488
0.00278538
0.00283706
0.00269269
0.0023538
0.00183483
0.00116153
0.000368149
-0.000505498
-0.00141605
-0.00231754
-0.00316186
-0.00389992
-0.00448434
-0.00487391
-0.00503854
-0.00496324
-0.00464991
-0.00411642
-0.00339361
-0.00252152
-0.00154628
-0.000518176
0.000509424
0.0014813
0.00234297
0.00304486
0.0035477
0.00382748
0.00387871
0.00371441
0.00336261
0.00286026
0.00224615
0.00155523
0.000815744
4.97371e-05
-0.000723743
-0.00148441
-0.00220723
-0.00286119
-0.00341089
-0.00382069
-0.00406013
-0.00410906
-0.00396086
-0.00362301
-0.00311509
-0.00246532
-0.00170688
-0.000875085
-5.65186e-06
0.000866058
0.00170562
0.00248056
0.00316225
0.00372868
0.00416762
0.0044788
0.00467378
0.00477219
0.00479489
0.00475625
0.00465892
0.00449336
0.00424259
0.00389016
0.00342829
0.00286311
0.00221518
0.00151469
0.000793688
7.83321e-05
-0.000614741
-0.0012765
-0.00189915
-0.002469
-0.00296238
-0.00334697
-0.00358785
-0.00365604
-0.00353628
-0.00323139
-0.00276199
-0.00216195
-0.00147139
-0.000729898
2.78395e-05
0.000773051
0.00148108
0.00212851
0.00269102
0.003143
0.00345901
0.00361654
0.00359921
0.00339981
0.00302246
0.00248357
0.00181146
0.00104479
0.000229857
-0.00058319
-0.00134506
-0.00201231
-0.00255167
-0.00294275
-0.00317859
-0.0032643
-0.00321413
-0.00304787
-0.00278706
-0.00245191
-0.00205903
-0.00162055
-0.00114442
-0.000636074
-0.000101063
0.000451602
0.00100638
0.00153921
0.00201752
0.00240268
0.00265505
0.00274066
0.00263815
0.00234412
0.00187547
0.00126811
0.000572375
-0.000154144
-0.000854799
-0.0014815
-0.00200001
-0.00239161
-0.00265125
-0.00278291
-0.00279432
-0.00269289
-0.00248409
-0.00217257
-0.00176502
-0.00127331
-0.000716462
-0.000120475
0.000484051
0.00106567
0.00159593
0.00205208
0.00241802
0.00268356
0.00284292
0.0028934
0.00283488
0.00267044
0.00240747
0.00205874
0.00164262
0.00118207
0.000702667
0.00023008
-0.000212148
-0.000604044
-0.00092969
-0.00117716
-0.00133857
-0.0014108
-0.0013966
-0.00130566
-0.00115438
-0.000964094
-0.000757949
-0.000557423
-0.000379482
-0.000235044
-0.00012877
-5.97238e-05
-2.24848e-05
-8.56858e-06
-8.41092e-06
-1.41133e-05
-2.27178e-05
-2.27178e-05
-3.91282e-05
-7.73263e-05
-0.000158638
-0.000306662
-0.000539826
-0.00086374
-0.00126597
-0.00171528
-0.00216613
-0.00256714
-0.00287095
-0.00304214
-0.00306072
-0.00292104
-0.00262773
-0.00219126
-0.00162583
-0.000950611
-0.000193568
0.000604708
0.00139036
0.00210102
0.00267576
0.00306715
0.00325095
0.00322947
0.00302706
0.0026794
0.00222107
0.00167621
0.00105603
0.000363903
-0.000394202
-0.00119837
-0.00200748
-0.00275963
-0.00338123
-0.00380228
-0.0039728
-0.00387467
-0.00352456
-0.00296736
-0.00226269
-0.00146978
-0.000636076
0.000207049
0.00104116
0.00185275
0.00262468
0.00333081
0.00393616
0.00440201
0.00469332
0.00478512
0.00466524
0.00433328
0.00379749
0.00307216
0.0021775
0.00114221
7.17347e-06
-0.00117238
-0.00232879
-0.00338867
-0.00428326
-0.00495914
-0.0053858
-0.0055574
-0.00548838
-0.00520462
-0.00473389
-0.00409896
-0.00331579
-0.00239695
-0.00135828
-0.000225486
0.000962323
0.0021538
0.00329061
0.00431466
0.00517443
0.00582852
0.00624617
0.0064061
0.00629555
0.00591079
0.0052593
0.00436231
0.00325643
0.00199282
0.000633707
-0.000753233
-0.00210114
-0.00334918
-0.00444523
-0.00534585
-0.00601416
-0.00641777
-0.00652851
-0.00632525
-0.00579891
-0.00495799
-0.00383213
-0.00247221
-0.000946901
0.000663108
0.00227127
0.00379049
0.0051372
0.00623523
0.00702008
0.00744396
0.0074807
0.00712916
0.00641347
0.00537983
0.00409022
0.00261496
0.00102613
-0.000606501
-0.00221666
-0.00374074
-0.00511684
-0.00628523
-0.00719126
-0.00779026
-0.00805295
-0.00796974
-0.0075522
-0.0068313
-0.00585271
-0.00467073
-0.00334254
-0.00192455
-0.000471546
0.000962207
0.00232143
0.00354995
0.00459352
0.00540497
0.00595031
0.00621334
0.00619713
0.00592178
0.00541906
0.00472613
0.00388023
0.00291606
0.00186612
0.000763471
-0.000355001
-0.00144653
-0.00246298
-0.00335405
-0.00407194
-0.00457597
-0.00483572
-0.00483234
-0.00455859
-0.00401854
-0.00322746
-0.00221235
-0.00101246
0.000320479
0.00172337
0.00312459
0.004449
0.00562438
0.00658805
0.00729194
0.00770489
0.00781208
0.00761255
0.00711616
0.00634138
0.00531438
0.00406921
0.00264832
0.00110264
-0.000509581
-0.00212495
-0.00367801
-0.00510446
-0.00634417
-0.00734389
-0.00805982
-0.00845993
-0.00852605
-0.00825522
-0.00766018
-0.00676887
-0.00562282
-0.00427449
-0.0027837
-0.00121348
0.000373852
0.00191972
0.00337108
0.00468077
0.00580719
0.00671381
0.00736929
0.00774842
0.00783388
0.00761791
0.00710363
0.00630555
0.00524968
0.00397352
0.00252579
0.000965423
-0.000640739
-0.00222178
-0.00370774
-0.00503481
-0.00614976
-0.00701228
-0.00759483
-0.00788007
-0.00785741
-0.00752073
-0.00686895
-0.00590995
-0.00466616
-0.00317916
-0.00151083
0.000260151
0.00204559
0.00375675
0.00531227
0.0066431
0.0076937
0.00842071
0.00879088
0.00878064
0.00837798
0.00758637
0.00642885
0.00495031
0.00321622
0.00130779
-0.000685468
-0.00267368
-0.00457303
-0.00630953
-0.00782002
-0.00905154
-0.00996064
-0.0105136
-0.0106877
-0.0104734
-0.00987563
-0.00891375
-0.00762105
-0.00604314
-0.0042363
-0.00226564
-0.000202975
0.00187538
0.00389092
0.00576535
0.00742334
0.00879596
0.0098247
0.0104652
0.0106898
0.0104881
0.00986676
0.00884853
0.0074725
0.00579506
0.00389019
0.00184762
-0.000232119
-0.00224573
-0.00409659
-0.0057037
-0.0070078
-0.00797327
-0.00858536
-0.00884408
-0.00875699
-0.00833383
-0.00758517
-0.00652563
-0.0051803
-0.00359129
-0.0018212
4.84968e-05
0.00192436
0.00371116
0.0053223
0.00668761
0.00775668
0.00849777
0.00889365
0.00893669
0.00862555
0.00796479
0.00696775
0.0056613
0.00409022
0.00231885
0.000428396
-0.00148962
-0.00334227
-0.0050438
-0.00652183
-0.00772001
-0.00859789
-0.00912904
-0.00929961
-0.00910798
-0.008566
-0.00770069
-0.00655511
-0.00518705
-0.00366511
-0.00206277
-0.000451991
0.00110168
0.00254146
0.00254146
0.00381896
0.00489243
0.00572527
0.00628612
0.00655099
0.00650683
0.00615517
0.00551456
0.00462077
0.0035244
0.0022866
0.0009738
-0.000347155
-0.0016128
-0.00276542
-0.0037544
-0.00453725
-0.00508094
-0.00536376
-0.0053774
-0.00512867
-0.0046397
-0.00394633
-0.00309455
-0.00213585
-0.00112277
-0.000105495
0.000869916
0.00176202
0.00253406
0.00315448
0.00359834
0.00384941
0.00390197
0.0037615
0.00344352
0.00297087
0.00237016
0.00166875
0.000893223
6.97521e-05
-0.000774171
-0.00160794
-0.00239721
-0.00310529
-0.00369626
-0.00413897
-0.00441047
-0.00449761
-0.00439657
-0.0041107
-0.00364789
-0.00301848
-0.00223447
-0.00131047
-0.000266409
0.000869054
0.00205574
0.00324193
0.00436805
0.00537348
0.00620431
0.00681915
0.00719153
0.00730859
0.00716794
0.00677476
0.00614099
0.00528665
0.00424266
0.00305294
0.00177429
0.000472846
-0.000782596
-0.00192864
-0.00291473
-0.00370792
-0.00429417
-0.00467605
-0.00486785
-0.00488935
-0.00476008
-0.00449557
-0.00410659
-0.00360107
-0.00298711
-0.00227595
-0.00148365
-0.00063173
0.0002532
0.0011404
0.0019966
0.00278817
0.00348355
0.00405562
0.00448348
0.00475323
0.00485755
0.00479439
0.0045653
0.00417448
0.00362914
0.00294146
0.00213113
0.00122719
0.000267903
-0.000701639
-0.00163383
-0.00248331
-0.00321093
-0.00378582
-0.00418573
-0.0043962
-0.00440967
-0.00422528
-0.00384961
-0.00329789
-0.00259494
-0.00177506
-0.00088042
4.17508e-05
0.000942887
0.00177682
0.00250296
0.00308839
0.00350882
0.00374867
0.00380056
0.00366497
0.00335011
0.00287211
0.00225511
0.00153071
0.000736345
-8.74374e-05
-0.000900505
-0.00166663
-0.0023561
-0.00294693
-0.00342446
-0.00377995
-0.00400902
-0.00411046
-0.00408612
-0.00394136
-0.00368597
-0.00333427
-0.00290402
-0.0024135
-0.00187772
-0.00130522
-0.000697616
-5.31342e-05
0.000626761
0.00133053
0.00203296
0.00269697
0.00328041
0.00374518
0.00406533
0.00423087
0.00424631
0.00412475
0.0038804
0.00352307
0.00305711
0.0024855
0.00181686
0.00107189
0.000285866
-0.000494529
-0.00121895
-0.00184288
-0.00233533
-0.00268232
-0.00288556
-0.00295743
-0.00291489
-0.00277471
-0.00255167
-0.00225962
-0.00191424
-0.0015351
-0.00114562
-0.000770138
-0.000429334
-0.000136132
0.000105845
0.000300346
0.000453891
0.000570641
0.000649062
0.000681817
0.000658842
0.000572117
0.000420038
0.000209532
-4.48659e-05
-0.000324422
-0.00061052
-0.000888065
-0.00114667
-0.00137935
-0.00157965
-0.0017388
-0.00184444
-0.00188158
-0.00183553
-0.00169536
-0.00145675
-0.00112331
-0.00070631
-0.00022343
0.000302719
0.000845757
0.00137651
0.00186435
0.00227947
0.00259603
0.00279551
0.00286904
0.00281798
0.00265239
0.00238807
0.00204323
0.00163579
0.00118228
0.000698215
0.000199445
-0.000296549
-0.000770438
-0.00120236
-0.00157452
-0.00187397
-0.0020946
-0.00223719
-0.00230786
-0.00231531
-0.00226814
-0.00217276
-0.00203262
-0.00184831
-0.00161859
-0.00134199
-0.00101867
-0.000652179
-0.000250585
0.000173479
0.000603893
0.00102291
0.00141322
0.00175954
0.00204947
0.0022733
0.00242338
0.00249345
0.00247857
0.0023759
0.00218592
0.00191343
0.00156775
0.00116174
0.00071015
0.000228114
-0.000269625
-0.000768239
-0.00125129
-0.00169871
-0.00208511
-0.0023798
-0.00254935
-0.00256314
-0.00240074
-0.00205905
-0.00155648
-0.000932714
-0.000243291
0.000449423
0.00108664
0.00162195
0.00202626
0.00228805
0.00241005
0.00240418
0.00228709
0.00207743
0.00179483
0.00145993
0.00109445
0.00072083
0.000361146
3.57466e-05
-0.000238097
-0.000447156
-0.00058284
-0.00064172
-0.000626366
-0.000546488
-0.000419746
-0.00027116
-0.000130398
-2.71718e-05
1.40765e-05
-2.13477e-05
-0.000135848
-0.000319234
-0.000550352
-0.000800202
-0.00103611
-0.00122647
-0.00134505
-0.00137411
-0.00130542
-0.00113981
-0.000885863
-0.000558913
-0.000180546
0.000221908
0.000616784
0.00097096
0.00125381
0.00144115
0.00144115
0.00151788
0.00147854
0.00132589
0.00106806
0.000715628
0.000279753
-0.000227907
-0.000793341
-0.00139707
-0.00201095
-0.00259642
-0.0031055
-0.00348527
-0.00368532
-0.00366639
-0.00340744
-0.00290897
-0.00219166
-0.00129118
-0.000251263
0.000882261
0.00206461
0.00325161
0.0043965
0.00544577
0.00633692
0.00700029
0.00736619
0.00737599
0.00699383
0.00621489
0.00506713
0.00360615
0.00190536
4.51338e-05
-0.00189501
-0.00383891
-0.00571089
-0.00743024
-0.00890746
-0.0100464
-0.0107541
-0.0109556
-0.0106098
-0.00971854
-0.00832757
-0.00651785
-0.00439178
-0.00205931
0.000371247
0.00279591
0.00511273
0.00721862
0.00900975
0.0103878
0.0112713
0.011609
0.0113893
0.010644
0.00944292
0.00788124
0.00606482
0.0040967
0.00206928
6.3187e-05
-0.00184938
-0.00360002
-0.00512184
-0.00635118
-0.00723269
-0.00772581
-0.00781013
-0.00748793
-0.00678357
-0.00574011
-0.00441491
-0.00287552
-0.00119691
0.000540022
0.00224945
0.00384256
0.00523119
0.00633361
0.00708168
0.00742802
0.00735142
0.00685908
0.005985
0.00478499
0.0033298
0.00169797
-2.99101e-05
-0.00177493
-0.00346198
-0.00502103
-0.0063886
-0.00751002
-0.00834223
-0.00885661
-0.00904055
-0.00889735
-0.00844432
-0.00770986
-0.00673071
-0.00554999
-0.00421581
-0.00277952
-0.00129215
0.00020052
0.00166037
0.00305194
0.0043311
0.00543869
0.00630988
0.00689528
0.00717624
0.00716322
0.00688301
0.0063666
0.00564281
0.00473693
0.00367307
0.0024791
0.0011919
-0.000138559
-0.00144778
-0.0026602
-0.00369889
-0.00449833
-0.00501425
-0.00522682
-0.00513789
-0.00476618
-0.00414344
-0.00331228
-0.00232433
-0.0012377
-0.000113779
0.000986398
0.00200576
0.00289484
0.003615
0.00414031
0.00445727
0.00456203
0.00445651
0.00414558
0.00363678
0.00294275
0.00208493
0.00109648
2.2931e-05
-0.0010803
-0.00215327
-0.00313845
-0.00398751
-0.00466568
-0.00515236
-0.00543776
-0.00551706
-0.005385
-0.0050337
-0.00445526
-0.00364831
-0.00262577
-0.00142051
-8.63366e-05
0.0013064
0.00267938
0.00395638
0.00507165
0.00597431
0.00662853
0.00701072
0.00710663
0.00691029
0.00642586
0.00567143
0.00468238
0.00351226
0.00222944
0.000910028
-0.000371074
-0.00154836
-0.0025707
-0.00340227
-0.00401991
-0.00440919
-0.00456116
-0.00447168
-0.00414341
-0.0035894
-0.00283651
-0.00192667
-0.000915181
0.000133597
0.00115196
0.00207427
0.00284126
0.00340286
0.00372019
0.00376712
0.00353178
0.00301828
0.00224852
0.00126368
0.000124571
-0.00109077
-0.00229316
-0.00339197
-0.0043062
-0.0049741
-0.0053584
-0.00544638
-0.00524555
-0.00477776
-0.004074
-0.00317199
-0.00211633
-0.000959964
0.000235387
0.0014016
0.00246969
0.00337718
0.00407512
0.00453236
0.00473634
0.00469073
0.00441191
0.00392566
0.00326518
0.00246997
0.00158489
0.000658537
-0.000259048
-0.00111918
-0.00187727
-0.00249516
-0.00294294
-0.00320041
-0.00325808
-0.00311755
-0.00279122
-0.0023012
-0.00167752
-0.000955897
-0.0001752
0.000624948
0.00140613
0.00213238
0.0027707
0.00329124
0.00366755
0.00387696
0.0039014
0.00372824
0.00335133
0.00277217
0.00200111
0.00105851
-2.48875e-05
-0.00120862
-0.00244433
-0.0036785
-0.00485528
-0.00591896
-0.00681602
-0.00749723
-0.00792035
-0.00805367
-0.00787971
-0.00739804
-0.00662618
-0.00559821
-0.00436152
-0.00297263
-0.00149313
1.34665e-05
0.00148371
0.00285564
0.00407034
0.00507435
0.00582316
0.00628518
0.00644505
0.00630517
0.00588479
0.00521687
0.00434377
0.00331296
0.00217404
0.000977359
-0.000226071
-0.00138433
-0.00244512
-0.00335772
-0.00407652
-0.00456522
-0.00480089
-0.00477648
-0.0045013
-0.00399931
-0.0033057
-0.00246281
-0.00151616
-0.000511557
0.00050662
0.00149612
0.00241707
0.00323246
0.00390913
0.00441952
0.0047437
0.00487128
0.00480258
0.00454854
0.00412949
0.00357297
0.00291127
0.00217924
0.00141258
0.000646819
0.000646819
-8.37314e-05
-0.000747096
-0.00131529
-0.00176628
-0.00208571
-0.00226792
-0.00231582
-0.00223959
-0.00205473
-0.00177981
-0.00143462
-0.00103894
-0.000611953
-0.00017222
0.00026217
0.00067348
0.00104446
0.00135884
0.00160207
0.0017622
0.00183079
0.00180353
0.00168093
0.00146883
0.00117898
0.000829268
0.000443318
4.88704e-05
-0.000325095
-0.000652009
-0.000911186
-0.00109007
-0.00118464
-0.00119809
-0.0011384
-0.00101571
-0.000840575
-0.000623352
-0.00037486
-0.000107693
0.000162776
0.000418585
0.000640884
0.000812722
0.000921879
0.000962711
0.000936452
0.00085009
0.000714408
0.000541892
0.000345071
0.000135512
-7.65152e-05
-0.000281993
-0.000473032
-0.000642949
-0.000786528
-0.000900248
-0.000982202
-0.00103166
-0.00104851
-0.00103281
-0.000984864
-0.000905529
-0.000796774
-0.000662004
-0.000506038
-0.000334742
-0.000154548
2.78973e-05
0.000205765
0.000371769
0.00051779
0.000634797
0.000713417
0.000745247
0.000724626
0.000650256
0.000526006
0.000360486
0.000165445
-4.64682e-05
-0.000263722
-0.000476888
-0.000678253
-0.000860364
-0.00101441
-0.00112948
-0.00119323
-0.00119402
-0.00112357
-0.000979376
-0.000765933
-0.00049448
-0.000181457
0.000153751
0.000491014
0.0008111
0.00109667
0.00133287
0.00150788
0.00161344
0.00164536
0.00160369
0.00149247
0.00131893
0.00109253
0.000823869
0.00052382
0.000203054
-0.000127998
-0.000458824
-0.000778388
-0.00107489
-0.00133593
-0.00154905
-0.00170259
-0.00178668
-0.00179412
-0.00172132
-0.00156893
-0.00134207
-0.00105009
-0.0007058
-0.000324283
7.83579e-05
0.00048625
0.00088475
0.00126107
0.00160448
0.00190602
0.00215804
0.0023536
0.00248626
0.00255028
0.00254124
0.0024568
0.00229746
0.00206686
0.00177172
0.00142145
0.00102744
0.00060246
0.000160326
-0.000284228
-0.000715464
-0.00111679
-0.00147139
-0.00176345
-0.00197963
-0.00211032
-0.00215024
-0.00209823
-0.00195654
-0.00173015
-0.00142655
-0.00105601
-0.000632139
-0.000172108
0.000303732
0.000773141
0.00121395
0.00160624
0.00193417
0.00218692
0.00235858
0.00244727
0.00245374
0.0023802
0.00222964
0.00200581
0.00171368
0.0013601
0.000954393
0.000508688
3.77153e-05
-0.0004418
-0.000912135
-0.00135566
-0.00175572
-0.00209704
-0.00236566
-0.00254867
-0.00263426
-0.00261252
-0.00247719
-0.0022277
-0.00187047
-0.00141835
-0.000888568
-0.000300924
0.000322205
0.000954573
0.00156583
0.0021234
0.00259537
0.00295297
0.00317254
0.00323773
0.00314179
0.00288888
0.00249389
0.00198038
0.00137725
0.00071538
2.54581e-05
-0.000662848
-0.00132105
-0.00192207
-0.00244088
-0.00285545
-0.00314802
-0.00330656
-0.00332624
-0.00321041
-0.00297033
-0.00262373
-0.00219224
-0.00169869
-0.00116489
-0.00061051
-5.31434e-05
0.000490712
0.0010042
0.00146885
0.00186403
0.00216759
0.00235777
0.00241614
0.00233076
0.00209884
0.00172799
0.00123591
0.000648579
-2.21556e-06
-0.000681223
-0.00135158
-0.00197619
-0.0025192
-0.00294784
-0.00323484
-0.00336075
-0.00331563
-0.00309956
-0.0027218
-0.00219915
-0.00155395
-0.000812522
-4.31298e-06
0.00083824
0.00167962
0.00248156
0.00320443
0.00380969
0.00426328
0.00453899
0.00462094
0.00450452
0.00419562
0.00370879
0.00306523
0.00229152
0.0014191
0.000484245
-0.000472412
-0.00140747
-0.00227757
-0.00304293
-0.00367077
-0.00413762
-0.00443012
-0.00454404
-0.00448245
-0.00425345
-0.00386882
-0.00334371
-0.00269754
-0.00195533
-0.00114846
-0.000314058
0.000507015
0.00127343
0.0019468
0.00249448
0.00289136
0.0031204
0.00317265
0.00304685
0.00274918
0.00229318
0.00169972
0.000996783
0.000218818
-0.000594592
-0.00140068
-0.00215602
-0.00281927
-0.00335379
-0.00372952
-0.00392416
-0.00392374
-0.00372317
-0.0033271
-0.00275078
-0.0020205
-0.00117254
-0.000250793
0.000696698
0.00162138
0.0024773
0.0032234
0.003825
0.00425492
0.00449423
0.00453313
0.00437171
0.00402061
0.00350104
0.00284383
0.00208706
0.00127263
0.000442382
0.000442382
-0.000365459
-0.00111872
-0.00179236
-0.00236815
-0.00283331
-0.00317878
-0.00339785
-0.00348572
-0.00343991
-0.00326136
-0.00295543
-0.00253244
-0.00200775
-0.00140147
-0.000737892
-4.47277e-05
0.000647952
0.00130901
0.00190768
0.00241501
0.00280539
0.00305804
0.00315872
0.00310106
0.00288744
0.00252893
0.00204433
0.00145857
0.000800797
0.000102609
-0.000603501
-0.00128541
-0.00191252
-0.00245695
-0.0028948
-0.00320744
-0.00338276
-0.00341596
-0.00330974
-0.0030737
-0.00272284
-0.00227564
-0.00175199
-0.00117163
-0.000553602
8.33268e-05
0.000719433
0.0013329
0.00189957
0.00239413
0.00279259
0.0030754
0.00323009
0.00325264
0.003147
0.00292327
0.00259513
0.00217786
0.00168747
0.00114111
0.00055829
-3.81091e-05
-0.000621788
-0.0011643
-0.00163744
-0.00201619
-0.00228138
-0.00242151
-0.00243346
-0.00232192
-0.00209813
-0.00177815
-0.00138129
-0.000928822
-0.000443239
5.22341e-05
0.000533992
0.000978554
0.00136341
0.00166824
0.00187651
0.00197708
0.00196535
0.00184351
0.00161971
0.00130628
0.000917608
0.000468456
-2.68458e-05
-0.000553978
-0.0010974
-0.001639
-0.00215738
-0.00262838
-0.0030266
-0.00332778
-0.00351119
-0.00356167
-0.00347096
-0.00323829
-0.00287021
-0.00237966
-0.0017847
-0.00110712
-0.00037135
0.000396026
0.00116649
0.00190971
0.00259415
0.00318834
0.003663
0.00399379
0.00416388
0.00416609
0.00400371
0.00368999
0.0032465
0.00270077
0.00208384
0.00142803
0.000765112
0.000124726
-0.000466949
-0.000988372
-0.00142346
-0.00176184
-0.0019985
-0.00213299
-0.00216855
-0.00211139
-0.00197049
-0.00175751
-0.00148688
-0.00117544
-0.000841691
-0.000504456
-0.000181404
0.000112194
0.000364137
0.00056541
0.000710001
0.000794776
0.000819595
0.000787548
0.000705008
0.000581233
0.000427469
0.000255707
7.73835e-05
-9.76848e-05
-0.000261903
-0.000409907
-0.000537978
-0.000643052
-0.000721694
-0.000769449
-0.000780888
-0.00075044
-0.000673772
-0.000549312
-0.0003794
-0.000170703
6.61906e-05
0.000317867
0.000569557
0.000806672
0.00101612
0.00118732
0.00131273
0.00138815
0.00141271
0.00138875
0.00132152
0.0012187
0.00108963
0.000944335
0.000792552
0.000643049
0.00050325
0.000379172
0.000275467
0.000195339
0.000140258
0.000109611
0.00010056
0.000108366
0.000127199
0.000151241
0.000175758
0.000197835
0.000216636
0.000233203
0.000249925
0.000269791
0.000295564
0.000329018
0.000370395
0.000418161
0.000468992
0.000517855
0.000558115
0.000581784
0.000580118
0.000544692
0.000468778
0.000348626
0.000184199
-2.08445e-05
-0.000259859
-0.000524276
-0.000804618
-0.00109103
-0.00137311
-0.00163907
-0.00187472
-0.00206318
-0.00218584
-0.00222506
-0.00216761
-0.00200789
-0.00174979
-0.00140642
-0.000998314
-0.000550617
-9.02728e-05
0.000356272
0.000764733
0.00111412
0.00138755
0.0015729
0.00166329
0.00165741
0.00155943
0.00137842
0.0011273
0.000821602
0.000478274
0.000114776
-0.000251427
-0.000603115
-0.00092351
-0.0011966
-0.00140778
-0.00154476
-0.00159865
-0.00156489
-0.00144388
-0.00124082
-0.00096513
-0.000629314
-0.000247745
0.00016431
0.000591277
0.00101743
0.00142679
0.00180298
0.00212936
0.00238954
0.00256823
0.00265251
0.00263301
0.00250486
0.00226821
0.00192848
0.00149641
0.000988077
0.000424727
-0.000167792
-0.000760331
-0.00132257
-0.00182571
-0.00224528
-0.00256324
-0.00276912
-0.00285981
-0.00283845
-0.00271266
-0.00249293
-0.00219128
-0.00182064
-0.0013947
-0.000928091
-0.000436695
6.22494e-05
0.000550222
0.00100784
0.00141563
0.00175507
0.00200984
0.0021672
0.00221928
0.00216416
0.00200636
0.00175674
0.0014316
0.00105111
0.000637427
0.000212803
-0.000201949
-0.000588438
-0.000931058
-0.00121691
-0.00143553
-0.00157866
-0.00164035
-0.00161742
-0.00151
-0.00132223
-0.00106246
-0.000743083
-0.000379677
1.01606e-05
0.000408246
0.000797127
0.00116109
0.00148666
0.00176256
0.00197921
0.0021281
0.00220133
0.00219169
0.00209343
0.00209343
0.00190364
0.00162358
0.00125978
0.000824485
0.000335329
-0.000185455
-0.0007124
-0.0012186
-0.00167784
-0.00206686
-0.0023673
-0.00256705
-0.00266058
-0.00264849
-0.00253627
-0.00233266
-0.00204823
-0.00169436
-0.00128309
-0.000827645
-0.000343337
0.000151921
0.00063786
0.0010931
0.00149707
0.00183208
0.00208492
0.00224747
0.0023163
0.00229145
0.00217494
0.00196979
0.00168005
0.00131194
0.000875595
0.000386599
-0.000133725
-0.000659555
-0.00116324
-0.00161861
-0.00200396
-0.00230381
-0.0025091
-0.00261602
-0.00262411
-0.0025347
-0.0023503
-0.00207536
-0.00171776
-0.00129041
-0.000811878
-0.000305652
0.000201942
0.000684577
0.00111868
0.00148533
0.00177097
0.00196692
0.00206838
0.00207349
0.00198291
0.00180031
0.00153319
0.00119364
0.000798455
0.000368369
-7.3655e-05
-0.00050451
-0.000902937
-0.00125092
-0.00153427
-0.00174238
-0.0018677
-0.00190521
-0.00185236
-0.00170954
-0.00148098
-0.0011754
-0.000806331
-0.000391464
4.85177e-05
0.000491547
0.000915703
0.00130041
0.00162724
0.00188042
0.00204734
0.002119
0.00209057
0.00196201
0.00173832
0.00142947
0.0010499
0.000617398
0.000151919
-0.000325665
-0.000794458
-0.00123403
-0.00162463
-0.00194739
-0.00218498
-0.00232282
-0.00235075
-0.00226469
-0.00206779
-0.00177054
-0.00138986
-0.000947193
-0.000466298
2.89005e-05
0.000515766
0.000973624
0.00138378
0.00172936
0.00199531
0.00216907
0.00224154
0.00220834
0.00207071
0.00183576
0.00151601
0.00112824
0.000692092
0.000228668
-0.000240497
-0.000694111
-0.00111163
-0.00147383
-0.00176365
-0.00196732
-0.00207555
-0.00208447
-0.001996
-0.00181756
-0.00156112
-0.00124188
-0.000876825
-0.000483642
-7.99745e-05
0.000316952
0.000690583
0.00102541
0.00130763
0.00152595
0.00167245
0.00174308
0.00173778
0.00166016
0.00151686
0.00131687
0.00107081
0.000790462
0.000488357
0.000177426
-0.000129384
-0.000419608
-0.000681881
-0.000906596
-0.00108647
-0.00121686
-0.00129567
-0.00132293
-0.00130021
-0.00122996
-0.00111524
-0.000959758
-0.000768373
-0.000547887
-0.000307711
-6.01115e-05
0.000180293
0.000397863
0.000577896
0.000708776
0.000783775
0.000802029
0.000768448
0.000692511
0.00058626
0.000461969
0.000330176
0.00019855
7.18525e-05
-4.72085e-05
-0.000156638
-0.000253915
-0.000335324
-0.000396074
-0.000431123
-0.000436327
-0.000409457
-0.000350689
-0.00026244
-0.000148717
-1.43708e-05
0.000135337
0.000294635
0.000456712
0.000613148
0.000753806
0.000867547
0.000943731
0.000974112
0.000954463
0.000885411
0.00077221
0.000623571
0.00044996
0.00026191
6.88198e-05
-0.000121494
-0.000302551
-0.000468592
-0.000614025
-0.000733336
-0.000821584
-0.000875293
-0.000893298
-0.000877067
-0.00083025
-0.000757572
-0.000663537
-0.000551545
-0.000423848
-0.00028233
-0.000129715
2.93824e-05
0.00018809
0.000337773
0.000469231
0.000574117
0.000646082
0.000681322
0.000678466
0.000638089
0.000562176
0.000453877
0.000317643
0.000159625
-1.19761e-05
-0.000186996
-0.00035406
-0.000501908
-0.000620948
-0.000704516
-0.000749484
-0.000756036
-0.000726786
-0.000665596
-0.000576579
-0.000463576
-0.000330192
-0.00018021
-1.80253e-05
0.000151206
0.000321836
0.000488271
0.000645541
0.000789599
0.000917282
0.00102598
0.00111327
0.00117672
0.00121398
0.00122327
0.00120386
0.00115642
0.00108294
0.000986237
0.000869311
0.000734859
0.000585313
0.00042331
0.000252371
7.73882e-05
-9.5381e-05
-0.000258927
-0.000406552
-0.000533038
-0.000635492
-0.00071353
-0.000768679
-0.000803198
-0.000818784
-0.00081573
-0.000792925
-0.000748749
-0.000682491
-0.000595718
-0.000493033
-0.000381934
-0.000271806
-0.00017237
-9.20488e-05
-3.66904e-05
-8.90939e-06
-8.07492e-06
-3.07507e-05
-7.13602e-05
-0.000122939
-0.000177926
-0.000228977
-0.000269695
-0.00029519
-0.000302316
-0.000289572
-0.000256745
-0.000204441
-0.000133681
-4.56885e-05
5.80614e-05
0.000175584
0.000304039
0.00043948
0.000576868
0.000710417
0.000834227
0.000942999
0.00103262
0.00110046
0.00114534
0.00116722
0.00116722
0.00116672
0.00114469
0.00110192
0.00103891
0.000956062
0.000853885
0.000733388
0.00059636
0.000445527
0.000284522
0.000117721
-5.00587e-05
-0.000213956
-0.00036956
-0.000513422
-0.000643437
-0.000758952
-0.000860479
-0.000949063
-0.00102548
-0.00108949
-0.00113949
-0.00117266
-0.00118553
-0.00117495
-0.0011389
-0.00107714
-0.000991337
-0.000884791
-0.000761907
-0.000627507
-0.000486221
-0.000342088
-0.000198452
-5.81325e-05
7.6255e-05
0.000202033
0.000316427
0.000416804
0.000501073
0.000568059
0.00061766
0.000650705
0.00066855
0.000672555
0.000663643
0.000642088
0.000607647
0.000559976
0.000499245
0.000426711
0.000345038
0.000258222
0.000171155
8.89892e-05
1.65116e-05
-4.23384e-05
-8.47949e-05
-0.000109498
-0.000116657
-0.000108087
-8.70283e-05
-5.77262e-05
-2.48601e-05
7.02238e-06
3.39123e-05
5.25188e-05
6.02623e-05
5.51805e-05
3.58358e-05
1.28309e-06
-4.88769e-05
-0.000114372
-0.000194111
-0.000286088
-0.000387357
-0.000494059
-0.000601431
-0.000703753
-0.000794305
-0.000865533
-0.000909618
-0.000919505
-0.000890167
-0.000819732
-0.000710105
-0.00056691
-0.000398794
-0.000216286
-3.04573e-05
0.000148306
0.000311212
0.000451481
0.000564282
0.000646377
0.000695738
0.000711369
0.000693417
0.000643435
0.00056459
0.000461626
0.000340517
0.000207882
7.03556e-05
-6.58881e-05
-0.000195348
-0.000313157
-0.000414911
-0.000496531
-0.000554309
-0.000585159
-0.000587002
-0.000559085
-0.000502085
-0.000417931
-0.00030946
-0.000180095
-3.37346e-05
0.000125075
0.000290753
0.000456259
0.000612894
0.00075054
0.0008585
0.000926864
0.000948073
0.000918217
0.000837627
0.000710585
0.000544313
0.000347656
0.000129932
-9.96863e-05
-0.000332197
-0.000558408
-0.000768606
-0.000952646
-0.00110064
-0.00120407
-0.00125705
-0.00125716
-0.00120562
-0.00110673
-0.000966821
-0.000793021
-0.000592414
-0.000371708
-0.000137514
0.000103034
0.000341735
0.0005692
0.000775309
0.000950139
0.00108504
0.00117353
0.00121178
0.00119869
0.00113568
0.00102635
0.000876163
0.00069229
0.000483458
0.000259828
3.26626e-05
-0.000186278
-0.00038559
-0.000555161
-0.000686982
-0.000775621
-0.000818323
-0.000814804
-0.000766917
-0.000678342
-0.000554383
-0.00040182
-0.000228728
-4.41655e-05
0.000142301
0.000321221
0.000483953
0.000623283
0.000733849
0.000812278
0.000857039
0.00086811
0.000846589
0.000794417
0.000714256
0.000609497
0.000484278
0.000343411
0.000192219
3.63087e-05
-0.000118636
-0.000267006
-0.000403354
-0.000522426
-0.000619212
-0.000689046
-0.000727834
-0.000732448
-0.000701226
-0.000634474
-0.000534756
-0.000406846
-0.000257331
-9.39774e-05
7.49203e-05
0.00024103
0.000396221
0.000532629
0.00064273
0.000719612
0.000757508
0.000752511
0.000703239
0.000611203
0.000480721
0.000318396
0.0001323
-6.88608e-05
-0.00027639
-0.000481947
-0.000677632
-0.000855968
-0.00100995
-0.00113331
-0.00122093
-0.00126948
-0.00127788
-0.00124754
-0.00118227
-0.00108779
-0.000971026
-0.00083935
-0.000699975
-0.000559597
-0.00042427
-0.000299428
-0.000189916
-9.99225e-05
-3.27852e-05
9.27628e-06
2.53923e-05
1.61336e-05
-1.65749e-05
-6.9675e-05
-0.000139241
-0.000220714
-0.000309066
-0.000398946
-0.000484849
-0.000561365
-0.000623515
-0.000667091
-0.000688949
-0.000687141
-0.00066085
-0.000610159
-0.00053576
-0.000438757
-0.000320708
-0.000183911
-3.18311e-05
0.000130532
0.000296537
0.000458193
0.000606858
0.000734252
0.000833531
0.000900121
0.000932105
0.000930102
0.000896748
0.000836002
0.000752528
0.000651312
0.000537524
0.000416553
0.000294075
0.000176037
6.84812e-05
-2.27774e-05
-9.25467e-05
-0.000136639
-0.000152194
-0.000137939
-9.43789e-05
-2.38896e-05
6.93599e-05
0.00017971
0.000300511
0.000424733
0.000545545
0.000656766
0.000753137
0.000830432
0.000885437
0.000915899
0.000920486
0.000898822
0.000851575
0.000780578
0.0006889
0.000580817
0.000461672
0.000337596
0.00021515
0.000100882
8.77385e-07
-7.96677e-05
-0.000136747
-0.000167708
-0.000171278
-0.000147491
-9.75746e-05
-2.38363e-05
7.04378e-05
0.000181073
0.000303106
0.000430894
0.000558245
0.000558245
0.000678595
0.000785285
0.000871954
0.000933038
0.00096431
0.000963311
0.000929551
0.000864421
0.000770826
0.000652652
0.000514213
0.000359855
0.000193852
2.05881e-05
-0.000155092
-0.00032757
-0.000490377
-0.000636453
-0.000758682
-0.00085058
-0.000906963
-0.000924476
-0.000901912
-0.000840305
-0.000742801
-0.000614352
-0.000461306
-0.000290949
-0.000111068
7.04558e-05
0.000246019
0.000408632
0.000552201
0.000671726
0.000763404
0.000824653
0.000854073
0.000851359
0.000817181
0.000753053
0.000661224
0.000544661
0.00040715
0.000253489
8.966e-05
-7.71621e-05
-0.000238901
-0.000387177
-0.00051413
-0.000613253
-0.000680055
-0.000712368
-0.000710298
-0.000675891
-0.000612705
-0.000525456
-0.000419811
-0.000302278
-0.000180049
-6.06912e-05
4.8359e-05
0.000140408
0.000210084
0.000253746
0.000269653
0.000257858
0.00021989
0.000158333
7.6452e-05
-2.20288e-05
-0.000132945
-0.000251537
-0.000372249
-0.000488647
-0.000593607
-0.000679843
-0.000740695
-0.000771002
-0.000767787
-0.000730571
-0.000661212
-0.000563395
-0.000441969
-0.000302371
-0.000150347
7.98816e-06
0.000165827
0.00031533
0.000447593
0.000553155
0.000623059
0.000650222
0.000630651
0.000564099
0.000453934
0.000306348
0.000129225
-6.88761e-05
-0.000279282
-0.000493172
-0.000701134
-0.000892761
-0.00105674
-0.00118171
-0.00125776
-0.00127808
-0.00124025
-0.00114668
-0.00100402
-0.000821978
-0.000611674
-0.000384281
-0.000150118
8.15879e-05
0.000302458
0.000504529
0.000680042
0.000821667
0.000923193
0.000980409
0.000991831
0.000958972
0.000886043
0.000779226
0.000645788
0.000493323
0.000329322
0.000161083
-4.1724e-06
-0.000159236
-0.000297076
-0.000411291
-0.000496733
-0.000550079
-0.000570122
-0.000557693
-0.000515252
-0.000446346
-0.00035515
-0.000246246
-0.000124694
3.69366e-06
0.000132017
0.000252137
0.000354914
0.000430969
0.000471894
0.000471655
0.000427777
0.000341937
0.000219762
6.98423e-05
-9.77727e-05
-0.00027317
-0.000447828
-0.00061523
-0.000770775
-0.000911159
-0.00103352
-0.00113467
-0.00121073
-0.00125718
-0.00126948
-0.00124394
-0.00117873
-0.00107464
-0.000935365
-0.000767282
-0.000578673
-0.000378741
-0.000176658
1.91304e-05
0.000201246
0.000363411
0.00050031
0.000607453
0.00068117
0.000718818
0.000719133
0.000682614
0.000611745
0.00051096
0.000386323
0.000245013
9.47744e-05
-5.65222e-05
-0.000201103
-0.000331352
-0.000439837
-0.000519508
-0.000564182
-0.000569312
-0.000532851
-0.000455961
-0.000343261
-0.00020246
-4.33608e-05
0.000123506
0.00028825
0.000442594
0.000580242
0.000696667
0.000788568
0.000853367
0.000889025
0.000894272
0.000869112
0.000815309
0.00073659
0.000638405
0.000527293
0.000410051
0.000292976
0.000181366
7.93473e-05
-1.00261e-05
-8.45331e-05
-0.000142547
-0.00018292
-0.000205019
-0.000208864
-0.000195291
-0.000166031
-0.000123655
-7.13688e-05
-1.27104e-05
4.87719e-05
0.000109808
0.000167629
0.000220115
0.00026583
0.000303965
0.000334162
0.000356313
0.00037038
0.000376331
0.000374194
0.000364201
0.000346954
0.000323535
0.000295498
0.000264744
0.000233298
0.000203055
0.000175576
0.000151997
0.000133062
0.000119248
0.000110896
0.000108294
0.00011167
0.000121123
0.000136548
0.000157628
0.000183938
0.000215105
0.000250915
0.000291221
0.00033555
0.00038248
0.00042902
0.000470347
0.000500189
0.000511901
0.000499944
0.00046127
0.000396116
0.000307909
0.000202344
8.59898e-05
-3.50933e-05
-0.000156239
-0.000274349
-0.000387396
-0.000493571
-0.000590514
-0.00067495
-0.000742875
-0.000790153
-0.000813258
-0.000809891
-0.000779317
-0.000722396
-0.00064139
-0.000539646
-0.000421263
-0.000290823
-0.000153211
-1.34989e-05
0.000123169
0.000251766
0.000367673
0.000467007
0.000546894
0.000605567
0.00064223
0.000656747
0.00064926
0.000619924
0.000568924
0.00049681
0.000405032
0.000296445
0.000175521
4.81394e-05
-7.90314e-05
-0.000199369
-0.000307104
-0.000397857
-0.000468803
-0.000518469
-0.000546353
-0.000552532
-0.000537445
-0.000501894
-0.000447192
-0.000375323
-0.000289
-0.000191576
-8.68577e-05
2.11051e-05
0.000128178
0.000128178
0.000230213
0.000323046
0.000402498
0.000464479
0.000505257
0.000521913
0.000512867
0.000478331
0.000420508
0.000343445
0.000252537
0.000153814
5.32048e-05
-4.40315e-05
-0.000133592
-0.00021213
-0.000277103
-0.000326626
-0.000359468
-0.000375219
-0.000374517
-0.000359172
-0.000332031
-0.000296606
-0.000256563
-0.000215257
-0.000175462
-0.000139336
-0.000108604
-8.48145e-05
-6.94925e-05
-6.40821e-05
-6.96255e-05
-8.62755e-05
-0.000112835
-0.000146568
-0.00018346
-0.000218901
-0.0002486
-0.000269406
-0.000279775
-0.00027975
-0.000270525
-0.000253784
-0.000231064
-0.000203374
-0.000171167
-0.000134609
-9.40197e-05
-5.02334e-05
-4.74194e-06
4.04492e-05
8.31729e-05
0.000121501
0.000154034
0.000179993
0.000199121
0.000211478
0.000217238
0.000216574
0.000209692
0.000196972
0.000179134
0.000157332
0.000133115
0.000108249
8.44341e-05
6.30133e-05
4.4736e-05
2.96394e-05
1.70674e-05
5.83539e-06
-5.47901e-06
-1.8181e-05
-3.31498e-05
-5.06803e-05
-7.05166e-05
-9.2044e-05
-0.000114551
-0.000137464
-0.000160468
-0.00018348
-0.000206525
-0.000229551
-0.000252293
-0.000274212
-0.000294557
-0.000312518
-0.000327385
-0.000338649
-0.000346009
-0.000349297
-0.000348404
-0.00034324
-0.000333779
-0.000320158
-0.000302793
-0.000282425
-0.000260091
-0.000236994
-0.000214313
-0.000192979
-0.000173467
-0.000155646
-0.000138736
-0.000121384
-0.000101863
-7.8345e-05
-4.91609e-05
-1.2958e-05
3.12737e-05
8.423e-05
0.000146247
0.000217111
0.000295758
0.000380023
0.000466605
0.000551358
0.000629873
0.000698157
0.000753195
0.000793176
0.000817366
0.000825712
0.000818402
0.000795593
0.000757401
0.000704128
0.000636592
0.000556389
0.000465974
0.000368525
0.000267609
0.000166772
6.91723e-05
-2.26172e-05
-0.000106607
-0.000181231
-0.000245161
-0.000297181
-0.000336214
-0.000361443
-0.000372448
-0.000369223
-0.000352021
-0.000321079
-0.000276403
-0.000217808
-0.000145284
-5.95894e-05
3.716e-05
0.000141182
0.000247172
0.000348916
0.000440199
0.000515741
0.000571855
0.000606665
0.000619877
0.000612275
0.000585189
0.000540164
0.000478924
0.000403581
0.000316917
0.000222567
0.000124953
2.89535e-05
-6.06005e-05
-0.000139448
-0.000204281
-0.000252889
-0.000284086
-0.000297513
-0.000293451
-0.000272735
-0.000236789
-0.000187708
-0.000128316
-6.20884e-05
7.05899e-06
7.50972e-05
0.000138239
0.000193226
0.000237491
0.000269177
0.000287079
0.000290572
0.000279613
0.000254834
0.000217699
0.000170624
0.000116919
6.05176e-05
5.51524e-06
-4.43545e-05
-8.61471e-05
-0.000117922
-0.000138716
-0.00014833
-0.000147043
-0.000135383
-0.000114045
-8.40095e-05
-4.67756e-05
-4.57004e-06
3.96231e-05
8.22975e-05
0.000119881
0.000149265
0.000168221
0.000175571
0.000171085
0.000155177
0.000128548
9.19262e-05
4.60116e-05
-8.37709e-06
-7.00421e-05
-0.000137183
-0.000207334
-0.00027752
-0.000344598
-0.000405657
-0.000458355
-0.00050107
-0.000532843
-0.000553166
-0.000561712
-0.000558141
-0.000542082
-0.000513322
-0.000472106
-0.000419446
-0.000357261
-0.000288252
-0.000215543
-0.000142218
-7.0953e-05
-3.86959e-06
5.73599e-05
0.000111252
0.000156265
0.000190717
0.000212939
0.00022163
0.000216261
0.00019737
0.000166607
0.000126512
8.01024e-05
3.04056e-05
-1.99124e-05
-6.87259e-05
-0.000114426
-0.000155766
-0.000191671
-0.000221142
-0.000243302
-0.000257615
-0.000264233
-0.000264339
-0.000260273
-0.000255268
-0.000252733
-0.000255269
-0.000263793
-0.000277177
-0.000292614
-0.000306605
-0.000316164
-0.000319783
-0.000317799
-0.000312076
-0.000305189
-0.000299462
-0.00029624
-0.000295654
-0.000296909
-0.000298911
-0.000300925
-0.00030297
-0.000305794
-0.000310487
-0.000317931
-0.000328353
-0.000341155
-0.00035505
-0.00036839
-0.000379483
-0.000386768
-0.0003888
-0.000384139
-0.000371306
-0.000348902
-0.000315899
-0.000271985
-0.000217829
-0.000155135
-8.64449e-05
-1.47551e-05
5.69008e-05
0.00012575
0.000189379
0.000245659
0.000292604
0.000328305
0.000351033
0.000359504
0.000353208
0.000332658
0.000299472
0.000256231
0.000206175
0.000152783
9.93794e-05
4.88616e-05
3.60602e-06
-3.44781e-05
-6.38263e-05
-8.31298e-05
-9.13525e-05
-9.13525e-05
-8.78651e-05
-7.26471e-05
-4.64729e-05
-1.10018e-05
3.12757e-05
7.72245e-05
0.000123334
0.000166008
0.00020185
0.000227905
0.000241868
0.000242242
0.000228433
0.000200789
0.000160577
0.000109903
5.15634e-05
-1.11948e-05
-7.49843e-05
-0.000136591
-0.000193221
-0.00024262
-0.000283077
-0.000313338
-0.000332507
-0.000339986
-0.000335461
-0.000318943
-0.000290809
-0.000251817
-0.000203062
-0.000145869
-8.16483e-05
-1.17684e-05
6.25181e-05
0.000140036
0.000219543
0.000299532
0.000378066
0.000452715
0.000520609
0.000578582
0.000623401
0.000652055
0.000662105
0.000652058
0.000621682
0.000572146
0.000505947
0.000426612
0.000338276
0.000245249
0.000151662
6.12569e-05
-2.26908e-05
-9.7361e-05
-0.00016036
-0.000209758
-0.00024424
-0.000263325
-0.000267561
-0.000258558
-0.000238795
-0.000211214
-0.000178709
-0.000143657
-0.000107599
-7.11728e-05
-3.43131e-05
3.32804e-06
4.18677e-05
8.07842e-05
0.000118779
0.000153965
0.000184302
0.000208093
0.00022437
0.000233013
0.000234604
0.00023008
0.000220338
0.000205956
0.000187132
0.000163876
0.000136355
0.000105221
7.17621e-05
3.781e-05
5.44283e-06
-2.33889e-05
-4.71641e-05
-6.49214e-05
-7.61989e-05
-8.08454e-05
-7.88171e-05
-7.00731e-05
-5.46239e-05
-3.27136e-05
-5.04866e-06
2.70313e-05
6.15358e-05
9.59929e-05
0.000127772
0.000154465
0.000174218
0.000185909
0.000189143
0.000184092
0.000171272
0.000151366
0.000125156
9.3595e-05
5.79362e-05
1.98384e-05
-1.86457e-05
-5.52327e-05
-8.76877e-05
-0.000114123
-0.000133222
-0.000144317
-0.000147322
-0.000142566
-0.000130615
-0.000112176
-8.813e-05
-5.96583e-05
-2.83967e-05
3.49867e-06
3.34582e-05
5.87956e-05
7.7118e-05
8.67125e-05
8.67859e-05
7.75015e-05
5.98399e-05
3.53596e-05
5.94275e-06
-2.64146e-05
-5.97411e-05
-9.21585e-05
-0.000121889
-0.000147219
-0.00016644
-0.000177831
-0.000179704
-0.000170558
-0.000149302
-0.000115509
-6.96009e-05
-1.29232e-05
5.23218e-05
0.000123236
0.000196429
0.00026823
0.000334909
0.000392909
0.0004391
0.000471024
0.000487099
0.00048673
0.000470329
0.000439226
0.000395522
0.000341905
0.000281473
0.000217544
0.000153459
9.23798e-05
3.70822e-05
-1.02149e-05
-4.7958e-05
-7.52715e-05
-9.18666e-05
-9.78894e-05
-9.37709e-05
-8.01364e-05
-5.77927e-05
-2.77804e-05
8.5556e-06
4.95468e-05
9.32831e-05
0.000137792
0.000181254
0.000222165
0.000259386
0.00029207
0.000319513
0.000341
0.000355714
0.000362739
0.00036117
0.000350301
0.000329847
0.000300119
0.000262109
0.000217439
0.000168191
0.000116663
6.5129e-05
1.56618e-05
-2.99578e-05
-7.02579e-05
-0.000104046
-0.000130377
-0.000148546
-0.000158123
-0.000159019
-0.000151547
-0.000136451
-0.000114883
-8.83183e-05
-5.84472e-05
-2.70585e-05
4.03991e-06
3.30538e-05
5.8198e-05
7.76928e-05
8.98129e-05
9.30253e-05
8.621e-05
6.89059e-05
4.15078e-05
5.34796e-06
-3.73874e-05
-8.39165e-05
-0.000131242
-0.00017655
-0.000217515
-0.00025245
-0.000280278
-0.000300383
-0.000312438
-0.000316315
-0.000312113
-0.000300268
-0.000281678
-0.00025772
-0.000230132
-0.000200751
-0.000171225
-0.000142794
-0.000116236
-9.20024e-05
-7.04516e-05
-5.2076e-05
-3.76158e-05
-2.80071e-05
-2.41958e-05
-2.69042e-05
-3.64434e-05
-5.26353e-05
-7.48543e-05
-0.00010215
-0.000133383
-0.000167322
-0.000202658
-0.000237973
-0.000271705
-0.000302167
-0.000327661
-0.00034667
-0.000358078
-0.000361333
-0.000356514
-0.000344282
-0.000325758
-0.000302367
-0.000275711
-0.000247481
-0.000219394
-0.000193131
-0.000170264
-0.000152172
-0.000139956
-0.000134354
-0.000135706
-0.000143969
-0.000158763
-0.000179437
-0.000205128
-0.000234792
-0.000267187
-0.000300808
-0.000333797
-0.000363855
-0.000388235
-0.000403905
-0.000407889
-0.000397756
-0.000372099
-0.000330869
-0.00027545
-0.00020848
-0.00013348
-5.44042e-05
2.47796e-05
0.000100423
0.000169395
0.000229159
0.000277747
0.000313692
0.00033599
0.00034412
0.000338101
0.000318551
0.000286711
0.000244406
0.000193954
0.000138021
7.94683e-05
2.1187e-05
-3.40306e-05
-8.35986e-05
-0.000125215
-0.000156922
-0.000177171
-0.000184873
-0.000179476
-0.000161014
-0.000130125
-8.80109e-05
-3.63164e-05
-3.63164e-05
2.30241e-05
8.7947e-05
0.000156374
0.000226245
0.000295474
0.000361861
0.000423034
0.000476445
0.000519487
0.000549705
0.000565103
0.000564461
0.000547579
0.000515366
0.000469758
0.000413494
0.000349841
0.000282353
0.000214689
0.000150478
9.31482e-05
4.56544e-05
1.01217e-05
-1.25172e-05
-2.27327e-05
-2.2322e-05
-1.40072e-05
-8.11573e-07
1.4578e-05
3.02445e-05
4.51469e-05
5.89141e-05
7.14649e-05
8.26472e-05
9.20509e-05
9.90433e-05
0.000102963
0.000103353
0.000100111
9.34895e-05
8.39334e-05
7.18268e-05
5.72741e-05
4.0028e-05
1.96216e-05
-4.33045e-06
-3.17813e-05
-6.19969e-05
-9.35084e-05
-0.000124302
-0.000152186
-0.000175217
-0.000192047
-0.000202101
-0.00020554
-0.000203086
-0.0001958
-0.000184946
-0.000172003
-0.000158758
-0.000147339
-0.000140048
-0.000138953
-0.000145338
-0.000159213
-0.000179106
-0.0002023
-0.000225452
-0.000245425
-0.000260002
-0.000268243
-0.00027036
-0.000267192
-0.000259537
-0.000247642
-0.00023106
-0.000208917
-0.000180471
-0.000145693
-0.000105641
-6.24501e-05
-1.89418e-05
2.19869e-05
5.79672e-05
8.75362e-05
0.000110182
0.000126089
0.000135744
0.000139624
0.000138116
0.000131702
0.000121295
0.000108502
9.56529e-05
8.5506e-05
8.07172e-05
8.32843e-05
9.41732e-05
0.000113258
0.000139577
0.000171772
0.000208511
0.000248683
0.000291276
0.000334975
0.000377665
0.00041611
0.000446072
0.000462922
0.000462602
0.000442566
0.000402385
0.000343765
0.000270021
0.000185238
9.34445e-05
-1.87737e-06
-9.78347e-05
-0.000191769
-0.000280745
-0.000361198
-0.00042899
-0.000479919
-0.000510511
-0.000518777
-0.000504648
-0.000469928
-0.000417806
-0.000352144
-0.000276809
-0.000195285
-0.000110636
-2.57489e-05
5.63397e-05
0.000132258
0.000198391
0.000251268
0.000288143
0.000307543
0.000309588
0.000295957
0.000269505
0.000233661
0.000191807
0.000146861
0.000101159
5.65906e-05
1.48692e-05
-2.22689e-05
-5.30396e-05
-7.57926e-05
-8.92976e-05
-9.29938e-05
-8.70854e-05
-7.24445e-05
-5.03604e-05
-2.22391e-05
1.06401e-05
4.72347e-05
8.66954e-05
0.000128205
0.000170784
0.000213153
0.000253729
0.000290768
0.000322593
0.000347834
0.000365578
0.000375381
0.000377167
0.000371064
0.000357278
0.000336074
0.000307867
0.000273394
0.000233853
0.000190936
0.000146716
0.000103406
6.3066e-05
2.73325e-05
-2.75078e-06
-2.6749e-05
-4.47184e-05
-5.70065e-05
-6.40504e-05
-6.62482e-05
-6.39445e-05
-5.75156e-05
-4.7497e-05
-3.46848e-05
-2.01626e-05
-5.2349e-06
8.71146e-06
2.03739e-05
2.86733e-05
3.28252e-05
3.23378e-05
2.69666e-05
1.66634e-05
1.54623e-06
-1.8098e-05
-4.17863e-05
-6.88103e-05
-9.82324e-05
-0.000128915
-0.000159584
-0.00018892
-0.000215665
-0.000238723
-0.000257226
-0.000270572
-0.000278426
-0.000280712
-0.000277587
-0.00026941
-0.000256728
-0.000240263
-0.000220885
-0.000199573
-0.000177339
-0.000155146
-0.000133808
-0.000113914
-9.57925e-05
-7.95622e-05
-6.52356e-05
-5.28422e-05
-4.25267e-05
-3.45986e-05
-2.95353e-05
-2.79489e-05
-3.05228e-05
-3.79168e-05
-5.0641e-05
-6.89148e-05
-9.25439e-05
-0.000120866
-0.00015279
-0.000186927
-0.000221759
-0.000255809
-0.000287756
-0.000316458
-0.000340896
-0.000360044
-0.000372769
-0.00037782
-0.000373976
-0.000360312
-0.000336496
-0.000302988
-0.000261057
-0.000212601
-0.000159801
-0.000104764
-4.92552e-05
5.36449e-06
5.80312e-05
0.000107739
0.000153299
0.00019321
0.00022573
0.000249136
0.000262099
0.000264074
0.000255561
0.000238167
0.000214421
0.000187398
0.000160234
0.000135679
0.000115778
0.000101721
9.38512e-05
9.1722e-05
9.41786e-05
9.94556e-05
0.000105352
0.000109519
0.000109833
0.000104747
9.35069e-05
7.61618e-05
5.33756e-05
2.61172e-05
-4.66023e-06
-3.82293e-05
-7.41178e-05
-0.00011196
-0.000151235
-0.000191001
-0.000229757
-0.000265516
-0.000296099
-0.000319563
-0.00033462
-0.000340916
-0.000339096
-0.000330633
-0.000317466
-0.000301563
-0.000284495
-0.000267176
-0.000249813
-0.000232091
-0.000213532
-0.000193874
-0.000173351
-0.000152745
-0.000133231
-0.000116076
-0.000102314
-9.251e-05
-8.66911e-05
-8.44443e-05
-8.51189e-05
-8.80367e-05
-9.26273e-05
-9.84409e-05
-0.000105046
-0.000111887
-0.000111887
-0.000118189
-0.000122984
-0.00012525
-0.000124115
-0.00011905
-0.000109984
-9.72852e-05
-8.16535e-05
-6.39639e-05
-4.51176e-05
-2.59459e-05
-7.18121e-06
1.05141e-05
2.64943e-05
4.01024e-05
5.07185e-05
5.78931e-05
6.14976e-05
6.17863e-05
5.93338e-05
5.4922e-05
4.9456e-05
4.3911e-05
3.92629e-05
3.6387e-05
3.59574e-05
3.83769e-05
4.37444e-05
5.18614e-05
6.22703e-05
7.43179e-05
8.72449e-05
0.000100297
0.000112834
0.000124399
0.000134716
0.000143621
0.000150981
0.000156639
0.000160405
0.000162107
0.00016166
0.000159151
0.000154894
0.000149451
0.000143596
0.000138194
0.000134056
0.00013181
0.000131825
0.000134218
0.000138926
0.000145815
0.000154767
0.000165722
0.00017865
0.000193485
0.000210044
0.000227955
0.000246647
0.000265392
0.000283397
0.000299905
0.000314241
0.000325795
0.000333934
0.000337926
0.000336911
0.000329998
0.000316451
0.000295941
0.000268741
0.000235796
0.000198649
0.000159255
0.000119771
8.23824e-05
4.91871e-05
2.21203e-05
2.85871e-06
-7.32188e-06
-7.72889e-06
1.57281e-06
1.96632e-05
4.48131e-05
7.47027e-05
0.000106773
0.00013861
0.000168239
0.000194253
0.000215753
0.000232154
0.000242976
0.000247727
0.000245934
0.000237313
0.000221999
0.000200728
0.000174856
0.000146204
0.000116764
8.83772e-05
6.24849e-05
4.00116e-05
2.13943e-05
6.69849e-06
-4.25778e-06
-1.18208e-05
-1.64636e-05
-1.87688e-05
-1.94019e-05
-1.9062e-05
-1.84157e-05
-1.8026e-05
-1.82865e-05
-1.93664e-05
-2.1182e-05
-2.34073e-05
-2.55282e-05
-2.69398e-05
-2.7076e-05
-2.55557e-05
-2.23048e-05
-1.76133e-05
-1.21063e-05
-6.63184e-06
-2.09151e-06
7.4911e-07
1.41365e-06
-2.16563e-07
-3.9315e-06
-9.28744e-06
-1.57198e-05
-2.26355e-05
-2.94679e-05
-3.56971e-05
-4.08667e-05
-4.46248e-05
-4.67954e-05
-4.74546e-05
-4.69803e-05
-4.60412e-05
-4.5495e-05
-4.6202e-05
-4.88007e-05
-5.3523e-05
-6.01014e-05
-6.77959e-05
-7.55355e-05
-8.21391e-05
-8.65536e-05
-8.80482e-05
-8.63131e-05
-8.14418e-05
-7.38121e-05
-6.3926e-05
-5.22676e-05
-3.92217e-05
-2.50763e-05
-1.00963e-05
5.37537e-06
2.08431e-05
3.56391e-05
4.89695e-05
6.00238e-05
6.81268e-05
7.28923e-05
7.4347e-05
7.30076e-05
6.98977e-05
6.64719e-05
6.44309e-05
6.54391e-05
7.07965e-05
8.11403e-05
9.6254e-05
0.000115047
0.000135721
0.000156109
0.000174086
0.000187972
0.00019678
0.000200257
0.000198725
0.000192796
0.000183078
0.000169997
0.000153764
0.000134501
0.000112407
8.78918e-05
6.15859e-05
3.42447e-05
6.57298e-06
-2.09299e-05
-4.80188e-05
-7.46126e-05
-0.000100608
-0.00012568
-0.000149149
-0.00016998
-0.000186904
-0.000198648
-0.000204198
-0.00020301
-0.000195138
-0.000181214
-0.000162306
-0.00013971
-0.000114762
-8.87399e-05
-6.28772e-05
-3.84524e-05
-1.68885e-05
2.23011e-07
1.1225e-05
1.46236e-05
9.37107e-06
-4.89787e-06
-2.77615e-05
-5.80625e-05
-9.40769e-05
-0.000133719
-0.00017471
-0.00021467
-0.00025118
-0.00028186
-0.000304521
-0.000317373
-0.000319254
-0.000309807
-0.00028956
-0.000259871
-0.000222755
-0.00018061
-0.000135927
-9.10302e-05
-4.79351e-05
-8.32165e-06
2.64039e-05
5.50193e-05
7.64338e-05
8.97137e-05
9.41792e-05
8.95353e-05
7.59845e-05
5.42805e-05
2.57042e-05
-8.0351e-06
-4.49488e-05
-8.29302e-05
-0.000119902
-0.000153933
-0.000183324
-0.000206663
-0.000222851
-0.000231133
-0.000231118
-0.000222796
-0.000206546
-0.000183129
-0.000153666
-0.000119584
-8.25377e-05
-4.43106e-05
-6.70542e-06
2.85705e-05
6.00104e-05
8.63938e-05
0.000106852
0.000120915
0.00012852
0.000129967
0.000125843
0.000116917
0.000104051
8.8136e-05
7.00798e-05
5.08168e-05
3.13243e-05
1.26087e-05
-4.35661e-06
-1.8749e-05
-3.00443e-05
-3.81467e-05
-4.34425e-05
-4.67277e-05
-4.90068e-05
-5.12282e-05
-5.40577e-05
-5.77708e-05
-6.22889e-05
-6.7332e-05
-7.26115e-05
-7.79701e-05
-8.33934e-05
-8.88758e-05
-9.4192e-05
-9.8679e-05
-0.000101156
-0.000100062
-9.38159e-05
-8.1267e-05
-6.20831e-05
-3.6939e-05
-7.47405e-06
2.39181e-05
5.43744e-05
8.08524e-05
0.000100408
0.000110478
0.000109157
9.54453e-05
6.94291e-05
3.23874e-05
-1.31478e-05
-6.33955e-05
-0.000113467
-0.000157748
-0.000190556
-0.000206984
-0.000203712
-0.000203712
-0.000179555
-0.000135647
-7.5288e-05
-3.58729e-06
7.30284e-05
0.000147442
0.000212648
0.000262683
0.000293535
0.000303737
0.00029443
0.000268793
0.000230996
0.000184993
0.000133511
7.75201e-05
1.6313e-05
-5.18223e-05
-0.000128549
-0.000214351
-0.000307649
-0.000404388
-0.000498151
-0.000580728
-0.000643046
-0.000676379
-0.000673714
-0.000631074
-0.000548515
-0.000430523
-0.000285668
-0.000125503
3.71176e-05
0.000189916
0.000322826
0.000428953
0.000504678
0.000549014
0.000562592
0.000546812
0.000503511
0.000435255
0.000345964
0.000241399
0.000129104
1.76192e-05
-8.4859e-05
-0.000171956
-0.00024021
-0.000289379
-0.000321808
-0.000341027
-0.000350077
-0.000350163
-0.000340169
-0.000317207
-0.000278011
-0.000220643
-0.000145877
-5.77394e-05
3.69787e-05
0.000130044
0.000213499
0.000281196
0.000329675
0.000358169
0.000367892
0.000360955
0.0003394
0.000304662
0.000257613
0.000199042
0.000130287
5.37028e-05
-2.72456e-05
-0.000108286
-0.000184899
-0.000252908
-0.000308888
-0.00035028
-0.00037528
-0.000382656
-0.000371664
-0.000342127
-0.000294665
-0.000230927
-0.000153722
-6.69326e-05
2.4762e-05
0.000116284
0.000202542
0.000278733
0.00034055
0.000384381
0.00040755
0.000408605
0.000387614
0.000346338
0.00028817
0.00021777
0.000140432
6.13669e-05
-1.49009e-05
-8.48512e-05
-0.000145954
-0.000196418
-0.000234871
-0.000260157
-0.00027134
-0.000267895
-0.000249963
-0.000218544
-0.000175515
-0.000123448
-6.52793e-05
-3.94986e-06
5.78542e-05
0.000117781
0.000173738
0.000223753
0.000265872
0.000298182
0.00031897
0.000326981
0.000321662
0.000303308
0.000273055
0.000232734
0.000184636
0.000131251
7.50636e-05
1.84418e-05
-3.63839e-05
-8.72892e-05
-0.000132238
-0.000169324
-0.000196878
-0.000213615
-0.000218757
-0.000212105
-0.000194045
-0.000165486
-0.000127775
-8.26149e-05
-3.19874e-05
2.19046e-05
7.6694e-05
0.000129925
0.000179158
0.000222101
0.000256739
0.000281446
0.000295076
0.000297016
0.00028721
0.000266158
0.0002349
0.000194979
0.000148378
9.74346e-05
4.47265e-05
-7.05919e-06
-5.52867e-05
-9.75481e-05
-0.000131831
-0.000156649
-0.000171103
-0.000174904
-0.000168319
-0.000152094
-0.000127344
-9.54588e-05
-5.80296e-05
-1.67924e-05
2.64119e-05
6.9682e-05
0.000111114
0.000148879
0.000181306
0.000206962
0.00022472
0.000233821
0.000233916
0.000225086
0.000207831
0.000183041
0.000151951
0.000116076
7.71263e-05
3.69176e-05
-2.72549e-06
-4.00543e-05
-7.34754e-05
-0.000101612
-0.000123348
-0.000137866
-0.000144679
-0.000143646
-0.000134979
-0.000119231
-9.72816e-05
-7.02863e-05
-3.96171e-05
-6.78515e-06
2.66376e-05
5.9097e-05
8.91296e-05
0.000115425
0.000136873
0.000152597
0.000161974
0.000164664
0.000160622
0.000150112
0.000133695
0.000112206
8.67084e-05
5.84452e-05
2.87678e-05
-9.3555e-07
-2.93121e-05
-5.51112e-05
-7.72359e-05
-9.47806e-05
-0.000107061
-0.000113637
-0.00011433
-0.000109227
-9.86872e-05
-8.33167e-05
-6.39431e-05
-4.15673e-05
-1.73096e-05
7.65254e-06
3.21434e-05
5.50417e-05
7.53245e-05
9.21041e-05
0.000104661
0.000112474
0.000115242
0.000112901
0.00010562
9.38008e-05
7.80486e-05
5.91378e-05
3.79691e-05
1.55292e-05
-7.15506e-06
-2.90681e-05
-4.925e-05
-6.68328e-05
-8.10751e-05
-9.13962e-05
-9.74071e-05
-9.8928e-05
-9.59929e-05
-8.88421e-05
-7.79055e-05
-6.37765e-05
-4.71763e-05
-2.89171e-05
-9.86932e-06
9.07323e-06
2.70327e-05
4.31895e-05
5.68204e-05
6.7332e-05
7.42851e-05
7.74121e-05
7.6627e-05
7.20272e-05
6.3884e-05
5.26225e-05
3.87982e-05
2.3072e-05
6.18051e-06
-1.10984e-05
-2.79807e-05
-4.3713e-05
-5.76096e-05
-6.90846e-05
-7.76727e-05
-8.30443e-05
-8.50217e-05
-8.35898e-05
-7.88939e-05
-7.12238e-05
-6.09933e-05
-4.87194e-05
-3.50029e-05
-2.05063e-05
-5.92308e-06
8.06153e-06
2.08075e-05
3.1748e-05
4.04119e-05
4.64423e-05
4.96091e-05
4.98137e-05
4.70898e-05
4.1601e-05
3.36341e-05
2.35872e-05
1.19514e-05
-7.15652e-07
-1.38174e-05
-2.67462e-05
-3.89138e-05
-4.9783e-05
-5.88951e-05
-6.58844e-05
-7.0487e-05
-7.25468e-05
-7.20206e-05
-6.89785e-05
-6.36006e-05
-5.61718e-05
-4.70708e-05
-3.67526e-05
-2.57222e-05
-1.45073e-05
-1.45073e-05
-3.63149e-06
6.41102e-06
1.51785e-05
2.22989e-05
2.74813e-05
3.05241e-05
3.05241e-05
