-1.82332e-11
-5.49277e-10
-6.96589e-09
-5.2606e-08
-2.73952e-07
-1.06526e-06
-3.24807e-06
-8.02936e-06
-1.65038e-05
-2.88052e-05
-4.35115e-05
-5.79387e-05
-6.92924e-05
-7.59161e-05
-7.78314e-05
-7.63692e-05
-7.32879e-05
-6.99291e-05
-6.67547e-05
-6.33257e-05
-5.86264e-05
-5.15864e-05
-4.16431e-05
-2.91457e-05
-1.54013e-05
-2.28005e-06
8.47362e-06
1.58719e-05
1.99225e-05
2.13868e-05
2.12525e-05
2.02244e-05
1.84536e-05
1.55648e-05
1.0917e-05
3.97572e-06
-5.35127e-06
-1.65435e-05
-2.8542e-05
-4.00472e-05
-4.99171e-05
-5.74853e-05
-6.26557e-05
-6.57458e-05
-6.71803e-05
-6.72004e-05
-6.5724e-05
-6.23909e-05
-5.67511e-05
-4.85027e-05
-3.7683e-05
-2.47345e-05
-1.04153e-05
4.40693e-06
1.89896e-05
3.28776e-05
4.59319e-05
5.82271e-05
6.98762e-05
8.08707e-05
9.10086e-05
9.99393e-05
0.000107293
0.000112831
0.00011656
0.000118754
0.000119886
0.000120501
0.00012107
0.00012191
0.000123169
0.000124876
0.000127021
0.000129607
0.000132659
0.000136168
0.000140014
0.000143895
0.000147316
0.000149659
0.00015029
0.000148694
0.000144548
0.000137726
0.000128227
0.000116071
0.000101202
8.34591e-05
6.26173e-05
3.84914e-05
1.10656e-05
-1.94032e-05
-5.23537e-05
-8.69843e-05
-0.000122399
-0.000157789
-0.000192571
-0.000226444
-0.000259327
-0.000291229
-0.000322084
-0.000351631
-0.000379363
-0.000404571
-0.000426464
-0.000444316
-0.000457596
-0.000466032
-0.000469596
-0.000468442
-0.000462819
-0.000453015
-0.000439312
-0.000421967
-0.000401177
-0.000377046
-0.000349539
-0.000318486
-0.000283637
-0.000244811
-0.000202067
-0.000155853
-0.000107043
-5.68311e-05
-6.49185e-06
4.29039e-05
9.07336e-05
0.000136944
0.000182025
0.000226872
0.000272594
0.000320335
0.00037112
0.000425738
0.000484648
0.000547907
0.000615138
0.000685541
0.000757929
0.000830775
0.000902249
0.000970206
0.00103215
0.00108517
0.00112605
0.00115134
0.00115774
0.0011424
0.00110333
0.00103965
0.000951677
0.000840727
0.000708537
0.000556479
0.000384851
0.000192693
-2.15298e-05
-0.000258357
-0.000515281
-0.000785005
-0.00105489
-0.00130809
-0.00152634
-0.0016935
-0.00179873
-0.00183831
-0.00181533
-0.00173775
-0.00161558
-0.00145824
-0.00127304
-0.00106515
-0.000838643
-0.000598186
-0.000350151
-0.000102809
0.000134659
0.000353907
0.0005492
0.000718483
0.000863346
0.000987949
0.00109741
0.00119627
0.00128739
0.00137145
0.00144693
0.00151024
0.00155621
0.00157892
0.00157313
0.00153603
0.00146902
0.00137891
0.00127793
0.00118224
0.00110909
0.0010732
0.00108369
0.00114241
0.00124452
0.00138101
0.00154187
0.00171769
0.00189602
0.00205062
0.00212854
0.00205168
0.00174825
0.00120327
0.000486407
-0.000276243
-0.000969612
-0.00154319
-0.00201568
-0.00244027
-0.00286216
-0.00329137
-0.00369708
-0.00401855
-0.00418536
-0.00414137
-0.0038673
-0.00339361
-0.0027946
-0.00216224
-0.00157106
-0.00105371
-0.000600519
-0.000180318
0.000232584
0.000639931
0.00101574
0.0013153
0.00149135
0.00151137
0.00137029
0.00109382
0.000730377
0.000334151
-5.29252e-05
-0.000411777
-0.000744396
-0.00106178
-0.00136905
-0.00165566
-0.00189465
-0.00205014
-0.00208909
-0.0019924
-0.00176141
-0.00141745
-0.000994692
-0.000529209
-4.88731e-05
0.000431509
0.00090812
0.00138084
0.00184491
0.00228577
0.0026793
0.00299684
0.00321268
0.00331058
0.00328723
0.00315154
0.00292032
0.00261238
0.00224355
0.00182439
0.00136137
0.000860113
0.000328525
-0.000222591
-0.000782103
-0.00134277
-0.00190366
-0.00246767
-0.00303348
-0.00358555
-0.0040879
-0.00448631
-0.00472008
-0.00473893
-0.00451886
-0.00407029
-0.00343563
-0.00267728
-0.00186084
-0.00103973
-0.000246796
0.000504866
0.00121306
0.00187454
0.00247553
0.00298902
0.00337969
0.00361406
0.00367115
0.00354953
0.00326798
0.00286004
0.00236441
0.00181444
0.00122985
0.000613925
-4.20124e-05
-0.000746762
-0.0014939
-0.0022496
-0.00295076
-0.00351642
-0.00386944
-0.00396002
-0.00378152
-0.00337207
-0.00280161
-0.0021494
-0.00148099
-0.000833432
-0.000213984
0.000387814
0.000387814
0.000981103
0.00155696
0.00208203
0.0025054
0.00277465
0.00285326
0.0027312
0.00242487
0.001968
0.0013989
0.000750529
4.7772e-05
-0.000687634
-0.00142789
-0.00213122
-0.00274042
-0.00319022
-0.00342169
-0.00339836
-0.00311769
-0.00261318
-0.00194615
-0.00119032
-0.000414854
0.000328246
0.00100874
0.00161433
0.00214129
0.00258438
0.00293066
0.00315971
0.00324976
0.00318646
0.00297024
0.0026189
0.00216469
0.00164713
0.00110466
0.000568086
5.80582e-05
-0.000413323
-0.000837966
-0.00120683
-0.0015069
-0.00172152
-0.00183371
-0.00183104
-0.00170975
-0.0014765
-0.00114721
-0.000743811
-0.000290638
0.000187903
0.000667513
0.00112272
0.00152586
0.00184833
0.00206455
0.00215778
0.00212494
0.0019781
0.00174152
0.00144515
0.00111716
0.000778363
0.000440316
0.000107621
-0.000217074
-0.000527681
-0.000811392
-0.00104901
-0.00121892
-0.00130331
-0.0012944
-0.00119856
-0.00103673
-0.000840434
-0.00064389
-0.000474403
-0.000344254
-0.000247519
-0.000163426
-6.50964e-05
6.98904e-05
0.000251314
0.00047352
0.000718553
0.000963333
0.00118742
0.00137776
0.00152797
0.00163227
0.00167719
0.00163669
0.00147599
0.00116492
0.000696126
9.88468e-05
-0.000559686
-0.00118761
-0.00169192
-0.00200301
-0.00209098
-0.00196865
-0.0016817
-0.00129129
-0.000856723
-0.000423751
-2.09402e-05
0.00033782
0.000648134
0.000910423
0.00112718
0.00130196
0.00143904
0.0015429
0.00161703
0.00166257
0.00167738
0.0016565
0.00159416
0.00148701
0.00133695
0.00115229
0.000946112
0.000732509
0.000522517
0.000321832
0.000131483
-4.91133e-05
-0.000218528
-0.000371044
-0.000496826
-0.00058435
-0.000623965
-0.000611053
-0.000547483
-0.000440824
-0.000301718
-0.000140608
3.46543e-05
0.000219222
0.000409465
0.000599853
0.000780081
0.000934011
0.0010413
0.00108144
0.00103903
0.000908314
0.000695717
0.000419326
0.000105625
-0.000215593
-0.000516566
-0.000775607
-0.000978793
-0.00111916
-0.00119421
-0.00120304
-0.00114449
-0.00101686
-0.00081929
-0.000553873
-0.000227643
0.000146314
0.000548748
0.000954818
0.00133503
0.0016567
0.00188659
0.00199535
0.00196346
0.00178687
0.00147987
0.00107333
0.00060802
0.000124885
-0.000344241
-0.000782241
-0.00118648
-0.00156287
-0.00191678
-0.00224457
-0.00252964
-0.00274468
-0.00285941
-0.00285036
-0.00270898
-0.00244455
-0.00208135
-0.00165139
-0.00118599
-0.00070932
-0.000236277
0.000225374
0.000670021
0.00108917
0.00146881
0.00179039
0.00203499
0.00218863
0.00224644
0.00221374
0.00210386
0.00193357
0.00171835
0.00146935
0.00119305
0.000893301
0.000574201
0.000242039
-9.5178e-05
-0.000430529
-0.000761591
-0.00109156
-0.00142587
-0.00176469
-0.00209492
-0.00238679
-0.00259828
-0.00268703
-0.00262529
-0.00241179
-0.00207549
-0.00166927
-0.00125575
-0.000890339
-0.00060793
-0.000417534
-0.000306179
-0.000249397
-0.000223384
-0.000213765
-0.000217935
-0.000241013
-0.000288219
-0.000357735
-0.00043756
-0.00050777
-0.000547068
-0.000540543
-0.000485079
-0.000389985
-0.0002726
-0.000150832
-3.58726e-05
7.18803e-05
0.000182049
0.000308945
0.000463625
0.000646123
0.000840733
0.00101658
0.00113441
0.00115845
0.00106941
0.000873687
0.000603972
0.000310304
4.45006e-05
-0.000155956
-0.000278304
-0.000335418
-0.000357405
-0.000377592
-0.000418414
-0.00048238
-0.00055107
-0.000592098
-0.000571282
-0.000465879
-0.000274862
-2.32859e-05
0.000240841
0.000457228
0.000569374
0.000541404
0.000369499
8.29251e-05
-0.000266344
-0.000621348
-0.000937941
-0.00119569
-0.00139843
-0.00156561
-0.00171932
-0.00187257
-0.00202287
-0.00215234
-0.00223291
-0.002234
-0.00212983
-0.00190469
-0.0015551
-0.00108947
-0.000526221
0.000108499
0.000782557
0.00145933
0.00209941
0.00266327
0.00311481
0.0034254
0.00357707
0.00356383
0.0033907
0.00307068
0.00262117
0.00206129
0.00141152
0.000695227
-5.89024e-05
-0.000815489
-0.0015335
-0.00216985
-0.00268441
-0.00304477
-0.00322923
-0.00322723
-0.00303786
-0.00266751
-0.00266751
-0.00212813
-0.00143744
-0.000621247
0.000283028
0.00122412
0.00213881
0.00295943
0.00362572
0.00409654
0.00435664
0.00441563
0.00429966
0.00403995
0.00366275
0.00318471
0.00261465
0.00196012
0.00123546
0.000467182
-0.000305822
-0.00103785
-0.00168578
-0.00221862
-0.00262348
-0.00290572
-0.00308346
-0.0031786
-0.00320792
-0.0031773
-0.00308081
-0.00290448
-0.00263288
-0.0022562
-0.00177547
-0.00120475
-0.000570065
9.39882e-05
0.000748514
0.00135433
0.00187497
0.00227883
0.002541
0.00264523
0.00258625
0.00237184
0.00202355
0.00157522
0.00106873
0.00054757
5.00347e-05
-0.000395973
-0.000774481
-0.00107891
-0.00130651
-0.00145232
-0.00150517
-0.00144798
-0.00126257
-0.000937496
-0.00047607
9.87129e-05
0.000744437
0.00140499
0.00202005
0.00253549
0.00291148
0.00312644
0.00317613
0.00306902
0.00282015
0.00244572
0.00196021
0.00137667
0.000709554
-2.12577e-05
-0.000787314
-0.00155062
-0.00226568
-0.00288411
-0.00336083
-0.00365989
-0.00375884
-0.00365049
-0.00334226
-0.00285378
-0.002214
-0.00145862
-0.000628518
0.000231071
0.00107142
0.00184205
0.00249399
0.00298459
0.00328284
0.00337396
0.00326197
0.00296932
0.00253368
0.00200219
0.00142464
0.000846768
0.000305155
-0.000175396
-0.000581827
-0.000910504
-0.00116349
-0.00134458
-0.0014563
-0.00149872
-0.00147042
-0.00137096
-0.00120375
-0.000977953
-0.000708546
-0.000414486
-0.000115797
0.00016924
0.000425733
0.000642301
0.000810112
0.00092179
0.0009711
0.000953738
0.00086886
0.000720526
0.000518144
0.000275389
7.71992e-06
-0.000270746
-0.000549884
-0.000824735
-0.00109472
-0.00136115
-0.00162388
-0.00187842
-0.00211449
-0.0023167
-0.00246705
-0.0025485
-0.00254828
-0.00245991
-0.00228356
-0.00202491
-0.00169338
-0.00130057
-0.000859583
-0.000385148
0.000105941
0.000594831
0.00106159
0.00148717
0.00185578
0.00215679
0.00238525
0.00254079
0.00262535
0.00264089
0.00258804
0.00246657
0.00227838
0.00203393
0.00176327
0.00152697
0.00141244
0.00149906
0.00180019
0.00222485
0.00260211
0.0027603
0.0026049
0.00214552
0.00146976
0.000693111
-8.64799e-05
-0.000815285
-0.00148939
-0.00214184
-0.00281572
-0.00353042
-0.00425406
-0.0048975
-0.00533748
-0.00545998
-0.00520086
-0.00456278
-0.00360323
-0.00240563
-0.00105014
0.000404517
0.00192477
0.00349297
0.0050893
0.00667121
0.00815838
0.00943113
0.0103459
0.0107638
0.0105837
0.00976701
0.00834823
0.00642885
0.00415831
0.00170792
-0.000755629
-0.00309064
-0.00519038
-0.00698202
-0.00841813
-0.00946679
-0.0101052
-0.0103189
-0.0101046
-0.00947429
-0.0084565
-0.00709523
-0.00544609
-0.00357253
-0.00154395
0.000563416
0.00266375
0.00465931
0.00644142
0.00789659
0.0089175
0.00941614
0.00933542
0.00865526
0.00739178
0.00559063
0.0033182
0.000655076
-0.0023053
-0.00545265
-0.00865374
-0.0117489
-0.0145564
-0.0168859
-0.0185609
-0.0194425
-0.0194487
-0.0185631
-0.0168298
-0.0143398
-0.0112129
-0.00758316
-0.00359212
0.000610754
0.0048637
0.00898983
0.0128006
0.0161068
0.0187359
0.0205494
0.0214571
0.0214218
0.0204581
0.0186235
0.0160108
0.0127411
0.00896135
0.00484301
0.000578976
-0.00362474
-0.00756361
-0.0110535
-0.0139494
-0.0161584
-0.0176428
-0.0184114
-0.0185028
-0.0179668
-0.0168494
-0.0151885
-0.01302
-0.0103892
-0.00736429
-0.0040431
-0.000551381
0.00296679
0.00636365
0.00950225
0.0122667
0.0145657
0.0163299
0.017506
0.0180518
0.017935
0.0171371
0.01566
0.0135334
0.0108182
0.00760681
0.00401927
0.000197186
-0.00370227
-0.00751174
-0.0110588
-0.0141722
-0.0166916
-0.0184798
-0.0194381
-0.0195175
-0.0187234
-0.0171115
-0.0147754
-0.0118335
-0.00841814
-0.00467094
-0.000742013
0.00320951
0.00701737
0.010514
0.0135396
0.0159539
0.0176466
0.0185457
0.0186214
0.0178849
0.016384
0.0141978
0.0114313
0.00821308
0.00821308
0.00469259
0.00103808
-0.00256793
-0.00593657
-0.00888492
-0.0112524
-0.0129188
-0.0138197
-0.0139535
-0.0133756
-0.0121825
-0.0104886
-0.00840526
-0.00602713
-0.00343198
-0.000690921
0.00211538
0.00488277
0.00747929
0.00975399
0.0115568
0.0127631
0.0132943
0.0131277
0.0122942
0.0108654
0.00893602
0.00660979
0.00399092
0.00118363
-0.0017035
-0.00455266
-0.00723568
-0.00961903
-0.0115742
-0.0129904
-0.013786
-0.0139153
-0.0133694
-0.0121731
-0.0103782
-0.00805822
-0.00530452
-0.0022247
0.00105751
0.0044034
0.00766313
0.0106833
0.0133175
0.0154386
0.0169484
0.0177848
0.0179225
0.0173708
0.016168
0.0143754
0.0120738
0.00936029
0.00634721
0.00315995
-6.64025e-05
-0.00319256
-0.006082
-0.00860832
-0.0106622
-0.0121574
-0.0130357
-0.0132724
-0.0128815
-0.0119213
-0.0104957
-0.00874723
-0.00683845
-0.0049251
-0.00312865
-0.00151928
-0.000116093
0.00109597
0.00213982
0.00302143
0.00371639
0.00417256
0.00432733
0.00413209
0.00357417
0.00268748
0.00154787
0.000255736
-0.00108674
-0.00239455
-0.00360847
-0.00469191
-0.00561984
-0.00636659
-0.00689909
-0.00717902
-0.00717286
-0.00686503
-0.00626765
-0.00542171
-0.00438826
-0.00323285
-0.0020094
-0.000750343
0.000532782
0.00183864
0.00315999
0.00446958
0.00571468
0.00682399
0.00772509
0.00836609
0.00873248
0.00885206
0.00878568
0.00860742
0.00838264
0.00815229
0.00792892
0.00770416
0.00746176
0.00718764
0.00686946
0.00648447
0.00598334
0.0052843
0.00428981
0.00292629
0.00119121
-0.000816721
-0.00290345
-0.00482484
-0.00635596
-0.00735812
-0.00781753
-0.0078402
-0.00760429
-0.00728841
-0.00700425
-0.00676128
-0.00647749
-0.00603027
-0.00532374
-0.00434193
-0.00316483
-0.00194169
-0.000835339
3.69175e-05
0.00064072
0.00102657
0.00129834
0.00156407
0.00189041
0.00227833
0.00266665
0.00295759
0.00305069
0.00287165
0.00238843
0.00161432
0.00060189
-0.000568381
-0.00180189
-0.00300425
-0.00409382
-0.00501023
-0.00571742
-0.00620152
-0.00646555
-0.00652296
-0.0063919
-0.00609126
-0.00563878
-0.00505151
-0.00434745
-0.00354724
-0.00267404
-0.00175152
-0.00080087
0.000160963
0.00112027
0.00206316
0.00297167
0.0038219
0.00458581
0.0052366
0.00575584
0.00613947
0.00639897
0.00655485
0.00662181
0.00659004
0.00641199
0.0060058
0.00528092
0.00417956
0.00271645
0.000996878
-0.000798193
-0.00245604
-0.00378819
-0.00467692
-0.00509552
-0.00509676
-0.00477672
-0.00423079
-0.00352127
-0.00267096
-0.00168436
-0.000584115
0.000558505
0.00161888
0.00244655
0.00291443
0.00296715
0.00264488
0.00207084
0.00140717
0.000797942
0.000323505
-1.5951e-05
-0.000282114
-0.000555132
-0.000884734
-0.00125736
-0.00159335
-0.00177482
-0.00169154
-0.00128454
-0.000569497
0.000368472
0.00140396
0.00241048
0.00329316
0.00400329
0.00453196
0.00488918
0.00508053
0.00509317
0.00489751
0.00446247
0.00377539
0.00285589
0.00175717
0.000555211
-0.000667376
-0.00183493
-0.00288448
-0.00376366
-0.00442493
-0.00482154
-0.00490948
-0.00465668
-0.00405705
-0.00314402
-0.0019966
-0.000732224
0.000514331
0.00162004
0.00249983
0.00311938
0.00348929
0.00364401
0.00361505
0.00341037
0.00300857
0.00236983
0.00145897
0.000270542
-0.00115419
-0.00272597
-0.00432276
-0.00581579
-0.00709617
-0.00809217
-0.00877158
-0.00913051
-0.00917557
-0.00890867
-0.00832123
-0.00739996
-0.0061408
-0.00456457
-0.00272779
-0.000724477
0.00132135
0.00327003
0.00498317
0.00633936
0.00724569
0.00764446
0.00751586
0.00687824
0.00578671
0.00432882
0.00261518
0.000764461
-0.00111485
-0.0029395
-0.00465661
-0.00623543
-0.00764831
-0.00884965
-0.00976339
-0.0102865
-0.0103092
-0.0097449
-0.00855832
-0.0067822
-0.00451543
-0.00190438
0.000885875
0.00369952
0.00640791
0.00891242
0.0111343
0.0129994
0.0144281
0.015336
0.015648
0.0153188
0.0143504
0.0143504
0.0127997
0.0107723
0.00840476
0.00584171
0.0032172
0.000643908
-0.00178755
-0.00400267
-0.00593548
-0.00752432
-0.0087133
-0.00945894
-0.00973849
-0.00955595
-0.00894233
-0.00794997
-0.00664366
-0.00509363
-0.00337327
-0.00155969
0.000267981
0.00203439
0.00367238
0.00512028
0.0063149
0.00718948
0.00768175
0.00774755
0.00737208
0.00657368
0.00539994
0.0039192
0.00221109
0.000358574
-0.00155699
-0.00345738
-0.00526582
-0.00690381
-0.00828995
-0.00934396
-0.00999645
-0.0102009
-0.00994231
-0.00923994
-0.00814245
-0.00672006
-0.00505584
-0.003239
-0.00136055
0.00048907
0.00222172
0.003754
0.0050112
0.00593333
0.00648177
0.00664473
0.00643874
0.00590506
0.00510175
0.00409414
0.00294679
0.00171927
0.000465971
-0.000761363
-0.0019108
-0.00292946
-0.00376635
-0.00437858
-0.00473906
-0.00484226
-0.00470531
-0.00436328
-0.00386004
-0.00323843
-0.00253326
-0.00176956
-0.000965761
-0.000139689
0.000685728
0.00147956
0.00220406
0.00281959
0.00329131
0.00359538
0.00372226
0.00367638
0.00347255
0.00313091
0.00267246
0.00211651
0.00148041
0.000781162
3.78333e-05
-0.000726381
-0.00148345
-0.00220186
-0.00284973
-0.00339863
-0.00382642
-0.00411786
-0.00426302
-0.00425488
-0.00408795
-0.00375923
-0.00327125
-0.00263588
-0.00187696
-0.00103039
-0.000141191
0.000741917
0.00157278
0.00231319
0.00293584
0.00342439
0.00377119
0.00397401
0.00403331
0.00395089
0.00373067
0.0033817
0.00292297
0.00238702
0.00181807
0.00126317
0.000760786
0.000334079
-7.64457e-06
-0.000262027
-0.000426553
-0.000494949
-0.000457987
-0.000307576
-4.20361e-05
0.000329542
0.000785598
0.00129411
0.00181823
0.00232401
0.00278724
0.00319679
0.00355323
0.00386405
0.00413822
0.00438199
0.00459693
0.00477933
0.00491962
0.00500052
0.00499379
0.00485749
0.00453726
0.00397454
0.00312175
0.00196001
0.000512867
-0.00114982
-0.00291979
-0.00466752
-0.00626325
-0.00759648
-0.00858966
-0.00920431
-0.0094393
-0.00932284
-0.00890083
-0.00822492
-0.0073431
-0.00629452
-0.00510882
-0.00380926
-0.00241841
-0.00096455
0.000513247
0.00196327
0.00332357
0.00452785
0.00551314
0.00622665
0.00663046
0.00670371
0.00644305
0.00586218
0.00499085
0.00387332
0.00256594
0.00113375
-0.000353695
-0.0018269
-0.00322081
-0.0044783
-0.00555206
-0.00640463
-0.00700663
-0.00733399
-0.00736528
-0.00708076
-0.00646456
-0.00551073
-0.0042321
-0.00266933
-0.000895694
0.000985777
0.00285416
0.00458857
0.00608627
0.00727434
0.00811121
0.00857945
0.00867521
0.00840105
0.00776606
0.00679253
0.00552426
0.00403071
0.00240304
0.000742022
-0.00085836
-0.00232555
-0.00361567
-0.00471059
-0.00560649
-0.00629898
-0.0067713
-0.00699062
-0.00691404
-0.00650235
-0.00573663
-0.00463204
-0.00324364
-0.00166171
2.7499e-06
0.00163797
0.00315005
0.00447391
0.00557309
0.00643001
0.00703227
0.00736237
0.00739586
0.00710869
0.00648998
0.00555387
0.00434513
0.00293608
0.00141643
-0.000119992
-0.00158706
-0.00291338
-0.00404382
-0.00493696
-0.00556144
-0.00589435
-0.00592321
-0.00565081
-0.00510023
-0.00431642
-0.00336234
-0.00230954
-0.0012261
-0.000165597
0.000838809
0.00177329
0.00263584
0.00342553
0.00413303
0.00473633
0.00520288
0.00549709
0.0055897
0.00546552
0.00512716
0.00459393
0.0038972
0.00307434
0.00216334
0.00119974
0.000215881
-0.000758295
-0.00169422
-0.00256394
-0.0033397
-0.00399362
-0.00449766
-0.00482457
-0.00495032
-0.00485774
-0.00454056
-0.00400648
-0.00327843
-0.00239349
-0.0013999
-0.000352336
0.000693534
0.0016865
0.00258413
0.00335495
0.00397802
0.00444026
0.00473277
0.0048475
0.00477511
0.00450412
0.00402144
0.00331489
0.00237851
0.00122033
-0.000129844
-0.00161629
-0.00315995
-0.00466797
-0.0060475
-0.00721909
-0.00812569
-0.00873487
-0.00903474
-0.00902622
-0.00871553
-0.0081103
-0.00722078
-0.00606507
-0.00467491
-0.00309832
-0.00309832
-0.0013974
0.000357286
0.00209167
0.00372944
0.00518985
0.00638649
0.00723226
0.00765316
0.00760744
0.00710279
0.006203
0.00501935
0.00368814
0.00234116
0.00107813
-5.05131e-05
-0.00104607
-0.00194916
-0.00281642
-0.00369335
-0.00459105
-0.00547363
-0.00625966
-0.0068376
-0.00709152
-0.00693025
-0.00631198
-0.00525683
-0.00384397
-0.00219468
-0.000447664
0.00126528
0.00283671
0.00419079
0.00528131
0.00608403
0.00658805
0.0067897
0.00669092
0.00630111
0.00564065
0.00474339
0.00365668
0.0024386
0.00115347
-0.000133113
-0.0013586
-0.00246652
-0.00340804
-0.00414232
-0.0046363
-0.00486477
-0.00481169
-0.00447247
-0.00385623
-0.00298634
-0.00189828
-0.000635892
0.000751289
0.00220677
0.00366154
0.0050275
0.00619549
0.00704292
0.00745131
0.00732976
0.00663686
0.00539423
0.0036874
0.00165341
-0.000541949
-0.00273123
-0.00476957
-0.00654949
-0.00800298
-0.00909282
-0.00979863
-0.0101048
-0.00999549
-0.00945821
-0.00849314
-0.00712368
-0.00540285
-0.00341244
-0.00125476
0.000959889
0.0031247
0.00514195
0.00692107
0.00837286
0.00940664
0.00993652
0.00989749
0.00926526
0.00807051
0.00639997
0.00438293
0.00216841
-9.86064e-05
-0.00229372
-0.00431839
-0.00609454
-0.00755316
-0.00862373
-0.00923102
-0.00930269
-0.00878607
-0.0076675
-0.00598552
-0.00383133
-0.00133586
0.00135124
0.00408229
0.00672455
0.00916246
0.0112918
0.0130116
0.0142204
0.0148213
0.0147346
0.0139169
0.0123773
0.0101856
0.00746887
0.00439563
0.00115468
-0.00206632
-0.00509666
-0.00779092
-0.0100307
-0.0117232
-0.012799
-0.013214
-0.0129538
-0.012041
-0.0105406
-0.00856007
-0.00623924
-0.00373332
-0.00119233
0.00125594
0.00351456
0.00551642
0.00721583
0.0085772
0.00956576
0.0101438
0.0102739
0.00992793
0.00909813
0.00780657
0.00610902
0.00409163
0.00186151
-0.000466037
-0.00277977
-0.00498099
-0.00698662
-0.00872726
-0.010142
-0.0111734
-0.0117653
-0.0118664
-0.0114398
-0.0104746
-0.00899701
-0.00707434
-0.00481045
-0.00233359
0.000219732
0.00271968
0.00505307
0.00712699
0.0088675
0.0102163
0.0111286
0.0115733
0.0115352
0.0110173
0.0100394
0.00863468
0.00684467
0.00471792
0.00231395
-0.000287532
-0.00297707
-0.00561183
-0.0080232
-0.0100364
-0.0114973
-0.0122983
-0.0123947
-0.0118064
-0.0106061
-0.00890003
-0.00680814
-0.00445101
-0.00194537
0.000593737
0.00304927
0.00530208
0.0072373
0.00875673
0.00979327
0.0103218
0.0103611
0.00996598
0.00921113
0.0081739
0.00692172
0.00550824
0.00397742
0.00237162
0.00073835
-0.000867989
-0.00238982
-0.00377333
-0.00497513
-0.00596565
-0.00672771
-0.00725139
-0.00752772
-0.00754489
-0.00728944
-0.00675242
-0.00593793
-0.00487021
-0.00359588
-0.00218002
-0.000697322
0.000778422
0.00218286
0.00346444
0.00458171
0.00549664
0.00616788
0.00654869
0.00659208
0.00626205
0.00554715
0.004471
0.00309583
0.00151725
-0.000148359
-0.00178068
-0.00327169
-0.00453724
-0.00552146
-0.00619434
-0.00654559
-0.00657858
-0.00630712
-0.00575503
-0.00495631
-0.00395358
-0.00279398
-0.00152401
-0.000185945
0.00118259
0.00254571
0.00386463
0.00509354
0.00617805
0.0070574
0.00767056
0.00796528
0.00790772
0.00749009
0.0067339
0.00568813
0.0044232
0.00302241
0.00157292
0.000157443
-0.00115257
-0.00230214
-0.00325648
-0.00400271
-0.0045489
-0.00491962
-0.00514812
-0.00526668
-0.00529807
-0.00525077
-0.0051193
-0.00488896
-0.00454259
-0.00406709
-0.00345818
-0.00272307
-0.00188119
-0.000963136
-8.18079e-06
0.000939352
0.00183369
0.00263033
0.0032873
0.00376572
0.00403066
0.00405362
0.00381688
0.00331873
0.0025783
0.00163796
0.000561907
-0.000569806
-0.00167114
-0.00266169
-0.00347676
-0.00407326
-0.00443011
-0.00454438
-0.00442575
-0.00409212
-0.00356781
-0.00288411
-0.00208028
-0.00120337
-0.00030567
0.000559699
0.00134393
0.00200683
0.00200683
0.00251947
0.00286519
0.00303974
0.00305087
0.00291745
0.00266764
0.00233561
0.00195744
0.00156684
0.00119202
0.000854254
0.000568168
0.000343263
0.000185623
9.89197e-05
8.39733e-05
0.000136772
0.000245637
0.000388925
0.000534657
0.000642795
0.00066988
0.000575362
0.000329015
-8.10991e-05
-0.00064148
-0.00130942
-0.00201563
-0.00267466
-0.00320127
-0.00352786
-0.00361702
-0.00346507
-0.0030962
-0.00255027
-0.00186964
-0.00109045
-0.000241262
0.000651373
0.00155457
0.00242384
0.00320523
0.00384492
0.00430204
0.00455837
0.00461991
0.00450974
0.00425579
0.00387928
0.00338926
0.00278534
0.00206711
0.00124554
0.000350914
-0.000566879
-0.00144654
-0.00222915
-0.0028721
-0.00335753
-0.003692
-0.003898
-0.004001
-0.00401764
-0.00394918
-0.00378214
-0.00349533
-0.00306995
-0.00249936
-0.00179482
-0.000985756
-0.000115136
0.000767623
0.00161279
0.00237343
0.00300572
0.00346866
0.00372596
0.00375089
0.00353277
0.00308208
0.00243144
0.00163164
0.000743899
-0.00016927
-0.00105197
-0.00185988
-0.00256146
-0.00313597
-0.00356948
-0.00385103
-0.00397048
-0.00391885
-0.00369074
-0.00328774
-0.00272149
-0.00201582
-0.00120718
-0.000342805
0.000523762
0.00133959
0.00206035
0.00265717
0.00312005
0.00345667
0.00368701
0.00383576
0.00392506
0.00396985
0.00397644
0.00394405
0.00386757
0.00374032
0.00355565
0.00330765
0.00299138
0.00260339
0.00214252
0.00161089
0.00101482
0.000365352
-0.000321516
-0.00102504
-0.00172052
-0.00238071
-0.00297757
-0.00348401
-0.00387499
-0.00412832
-0.0042255
-0.00415322
-0.00390553
-0.00348601
-0.00290915
-0.00220013
-0.00139303
-0.000528095
0.000350984
0.00119914
0.00197114
0.00262267
0.00311197
0.00340281
0.00346824
0.00329446
0.00288325
0.00225224
0.00143287
0.000466871
-0.000597324
-0.00170705
-0.00280647
-0.003837
-0.00473866
-0.00545347
-0.00593082
-0.00613369
-0.00604364
-0.005663
-0.00501363
-0.00413327
-0.00307079
-0.00188235
-0.000629125
0.000623894
0.00180934
0.00286052
0.00371664
0.00432936
0.00466919
0.00472952
0.00452665
0.00409547
0.00348171
0.00273323
0.00189278
0.000994526
6.46964e-05
-0.00087433
-0.0017986
-0.00267811
-0.00347515
-0.00414631
-0.00464762
-0.00494144
-0.0050028
-0.00482349
-0.0044127
-0.00379452
-0.00300363
-0.00208065
-0.00106866
-1.11251e-05
0.00104899
0.00206978
0.00301157
0.0038392
0.00452555
0.00505563
0.00542942
0.00566173
0.00577742
0.00580277
0.00575584
0.00563985
0.00544263
0.0051425
0.00471831
0.00415982
0.00347437
0.00268743
0.00183656
0.000961346
9.38042e-05
-0.000746205
-0.00154845
-0.00230427
-0.00299759
-0.00359969
-0.00407071
-0.0043672
-0.00445292
-0.0043086
-0.00393754
-0.00336523
-0.00263356
-0.00179203
-0.000889253
3.2512e-05
0.000938525
0.00179926
0.00258673
0.00327169
0.00382307
0.00420972
0.00440382
0.00438498
0.00414401
0.00368558
0.00302949
0.0022102
0.00127497
0.000280553
-0.000711518
-0.00164075
-0.00245387
-0.00311014
-0.0035847
-0.00386934
-0.00397067
-0.00390662
-0.00370179
-0.0033829
-0.00297482
-0.00249789
-0.00196669
-0.00139048
-0.000775248
-0.000127037
0.000543876
0.00121909
0.00186951
0.00245524
0.00292865
0.00324057
0.0033487
0.00322622
0.00286849
0.00229604
0.00155305
0.00070162
-0.000187123
-0.00104333
-0.00180791
-0.00243909
-0.0029145
-0.00322863
-0.00338709
-0.00339989
-0.00327632
-0.00302296
-0.00264507
-0.0021503
-0.00155271
-0.000875266
-0.000149708
0.000586459
0.00129466
0.00194004
0.00249489
0.00293971
0.00326229
0.00345581
0.00351706
0.00344586
0.00324578
0.00292567
0.00250095
0.00199397
0.00143276
0.000848614
0.000272906
-0.000265645
-0.000742718
-0.00113893
-0.0014397
-0.00163534
-0.00172192
-0.00170274
-0.00158966
-0.00140282
-0.00116847
-0.000915127
-0.000669248
-0.000451699
-0.000275871
-0.000147401
-6.49743e-05
-2.16611e-05
-6.66147e-06
-7.75925e-06
-1.47602e-05
-2.36387e-05
-2.36387e-05
-4.02754e-05
-8.20571e-05
-0.000175754
-0.000351191
-0.00063191
-0.00102553
-0.00151713
-0.00206824
-0.00262249
-0.0031163
-0.00349119
-0.00370359
-0.00372919
-0.00356147
-0.0032064
-0.00267679
-0.00198957
-0.00116749
-0.000244081
0.000731288
0.00169248
0.00256249
0.00326589
0.00374398
0.00396703
0.00393849
0.00368922
0.00326413
0.00270634
0.00204542
0.00129423
0.000455306
-0.000465773
-0.00144597
-0.00243541
-0.00335778
-0.00412174
-0.00464015
-0.00485073
-0.00473095
-0.00430176
-0.00361929
-0.00275781
-0.00179078
-0.000776478
0.00024732
0.00125924
0.00224412
0.00318205
0.0040416
0.00478
0.0053496
0.00570722
0.00582209
0.00567932
0.00527848
0.0046296
0.0037498
0.00266314
0.00140395
2.16039e-05
-0.00141662
-0.00282772
-0.00412138
-0.00521281
-0.00603628
-0.00655457
-0.00676119
-0.0066748
-0.0063281
-0.00575571
-0.00498553
-0.00403647
-0.00292287
-0.00166296
-0.00028726
0.00115695
0.00260702
0.00399154
0.00523937
0.00628751
0.00708552
0.00759603
0.00779319
0.00766139
0.00719584
0.00640526
0.00531517
0.00396994
0.00243198
0.00077736
-0.000911143
-0.00255192
-0.00407098
-0.00540526
-0.00650236
-0.0073178
-0.00781223
-0.00795112
-0.00770813
-0.0070715
-0.00605093
-0.00468211
-0.00302687
-0.0011689
0.000793357
0.00275429
0.00460755
0.00625114
0.00759191
0.00855091
0.00906954
0.00911569
0.00868795
0.00781604
0.00655671
0.00498603
0.00319002
0.00125652
-0.000729772
-0.00268863
-0.00454312
-0.00621818
-0.0076411
-0.00874509
-0.00947527
-0.0097956
-0.00969417
-0.00918522
-0.00830684
-0.00711517
-0.00567667
-0.00406103
-0.00233669
-0.000569866
0.00117383
0.00282739
0.00432241
0.00559248
0.00657974
0.0072424
0.00756065
0.00753851
0.00720098
0.00658742
0.00574355
0.00471488
0.00354334
0.00226792
0.000928135
-0.000431697
-0.00175984
-0.00299775
-0.00408399
-0.00496012
-0.00557636
-0.00589549
-0.00589447
-0.00556442
-0.00491014
-0.00394999
-0.00271648
-0.00125704
0.000365559
0.00207445
0.00378215
0.00539671
0.00682975
0.00800467
0.00886287
0.00936661
0.0094982
0.00925684
0.00865479
0.00771459
0.00646795
0.00495599
0.00323008
0.00135187
-0.000607919
-0.00257224
-0.00446146
-0.00619725
-0.00770634
-0.00892382
-0.00979621
-0.0102844
-0.0103662
-0.0100378
-0.00931467
-0.00823082
-0.00683695
-0.00519712
-0.00338434
-0.00147544
0.000453712
0.00233203
0.00409523
0.00568635
0.00705511
0.00815732
0.00895493
0.00941728
0.00952316
0.00926293
0.00864012
0.00767202
0.00638999
0.00483938
0.00307931
0.0011815
-0.000772561
-0.00269629
-0.00450422
-0.00611853
-0.00747451
-0.00852353
-0.00923262
-0.00958121
-0.0095566
-0.00915109
-0.00836273
-0.00720028
-0.00569021
-0.00388265
-0.00185287
0.000303012
0.00247707
0.0045608
0.00645498
0.0080757
0.00935573
0.0102427
0.0106962
0.0106875
0.0102014
0.00924167
0.00783577
0.00603817
0.00392871
0.00160666
-0.000818568
-0.00323725
-0.00554732
-0.00765895
-0.00949562
-0.0109933
-0.0120994
-0.012773
-0.0129866
-0.0127284
-0.0120041
-0.0108372
-0.009268
-0.00735192
-0.0051573
-0.00276314
-0.000256607
0.0022697
0.00472044
0.00700036
0.0090177
0.0106885
0.0119414
0.0127224
0.0129978
0.0127549
0.0120014
0.0107647
0.00909198
0.00705141
0.00473296
0.00224605
-0.00028644
-0.00273803
-0.00499041
-0.00694462
-0.00852869
-0.00969998
-0.0104416
-0.0107546
-0.0106488
-0.0101363
-0.00922919
-0.0079443
-0.00631102
-0.00437974
-0.00222633
4.97269e-05
0.00233399
0.00450971
0.00647086
0.00813189
0.00943182
0.0103328
0.0108145
0.0108683
0.0104926
0.00969239
0.00848312
0.00689664
0.0049869
0.00283202
0.000531157
-0.00180375
-0.00405901
-0.00612986
-0.00792811
-0.00938543
-0.0104529
-0.0110987
-0.0113061
-0.011073
-0.0104136
-0.00936047
-0.007966
-0.00630071
-0.00444842
-0.00249888
-0.00053982
0.0013491
0.00309912
0.00309912
0.00465185
0.00595691
0.00697
0.00765287
0.007976
0.00792303
0.00749538
0.0067154
0.0056266
0.00429077
0.00278263
0.00118335
-0.000425579
-0.00196688
-0.00337039
-0.00457459
-0.00552778
-0.00618968
-0.00653366
-0.00654948
-0.00624535
-0.00564834
-0.00480232
-0.00376358
-0.00259511
-0.00136098
-0.000122269
0.0010651
0.00215085
0.00309037
0.00384524
0.00438506
0.00468997
0.00475306
0.00458114
0.0041934
0.00361792
0.00288728
0.00203478
0.00109249
9.18939e-05
-0.000933978
-0.00194816
-0.00290893
-0.00377146
-0.00449178
-0.00503176
-0.00536336
-0.00547069
-0.00534934
-0.00500373
-0.00444372
-0.00368188
-0.00273245
-0.00161255
-0.000345665
0.00103388
0.00247735
0.0039216
0.0052936
0.00651901
0.00753176
0.00828135
0.00873567
0.00887936
0.00870975
0.0082332
0.00746393
0.00642587
0.00515615
0.00370805
0.00215085
0.00056556
-0.000963347
-0.00235798
-0.00355631
-0.00451815
-0.00522683
-0.00568627
-0.00591483
-0.00593741
-0.00577826
-0.0054564
-0.00498477
-0.00437254
-0.00362905
-0.00276736
-0.00180661
-0.000772708
0.000302033
0.00138015
0.00242102
0.00338355
0.00422917
0.00492481
0.00544509
0.00577327
0.0059007
0.00582506
0.00554826
0.00507518
0.00441424
0.00357981
0.00259546
0.00149634
0.000329074
-0.000851234
-0.00198633
-0.00302075
-0.00390672
-0.00460672
-0.0050938
-0.00535049
-0.00536762
-0.00514405
-0.00468758
-0.00401653
-0.00316092
-0.00216244
-0.00107254
5.10987e-05
0.00114912
0.00216514
0.00304964
0.00376259
0.00427455
0.00456664
0.00462996
0.00446508
0.00408191
0.00349998
0.00274865
0.00186642
0.000899044
-0.000103882
-0.00109328
-0.0020249
-0.00286264
-0.00357988
-0.00415905
-0.00458982
-0.00486704
-0.00498934
-0.00495887
-0.00478212
-0.004471
-0.00404319
-0.0035207
-0.0029262
-0.00227809
-0.00158644
-0.000852461
-7.30499e-05
0.000750867
0.00160572
0.00246075
0.00327022
0.00398188
0.00454852
0.00493814
0.0051388
0.00515665
0.00500847
0.00471209
0.00427945
0.00371527
0.0030223
0.00221016
0.00130362
0.000345745
-0.000605994
-0.0014894
-0.00224944
-0.00284797
-0.00326809
-0.00351239
-0.00359665
-0.00354208
-0.00336938
-0.00309641
-0.00273979
-0.00231831
-0.00185581
-0.00138098
-0.000923807
-0.000509721
-0.000154467
0.000137859
0.000372368
0.000557597
0.000699027
0.000794858
0.000835861
0.000809251
0.000704729
0.000520016
0.00026353
-4.67684e-05
-0.000387682
-0.00073624
-0.001074
-0.00138852
-0.00167166
-0.00191596
-0.00211097
-0.00224163
-0.00228949
-0.0022363
-0.00206837
-0.00178015
-0.00137588
-0.000869204
-0.00028162
0.000359313
0.00102139
0.00166893
0.00226439
0.00277117
0.00315754
0.00340075
0.00349001
0.00342715
0.00322474
0.00290239
0.0024825
0.00198697
0.00143578
0.000847568
0.000241405
-0.000361549
-0.000937707
-0.00146272
-0.00191468
-0.00227773
-0.00254442
-0.0027159
-0.00279992
-0.00280747
-0.0027493
-0.00263344
-0.0024641
-0.00224181
-0.00196478
-0.00163083
-0.00123981
-0.000795833
-0.000308607
0.000206455
0.000729598
0.00123906
0.00171364
0.00213475
0.00248733
0.00275972
0.00294268
0.00302859
0.00301138
0.00288746
0.00265733
0.0023268
0.00190726
0.0014144
0.000866244
0.000281123
-0.00032326
-0.000929283
-0.00151745
-0.00206371
-0.00253723
-0.00290027
-0.00311133
-0.0031321
-0.00293675
-0.0025208
-0.00190659
-0.0011429
-0.000298368
0.000549906
0.00132936
0.00198293
0.0024751
0.00279223
0.00293822
0.00292821
0.00278295
0.00252541
0.00217952
0.00177031
0.00132413
0.000868233
0.000429472
3.26393e-05
-0.000301191
-0.000555821
-0.000720615
-0.000791159
-0.000770365
-0.000669976
-0.000511622
-0.000326109
-0.000150073
-2.02839e-05
3.29179e-05
-8.8116e-06
-0.000148618
-0.000374008
-0.00065884
-0.000967218
-0.00125875
-0.00149444
-0.00164204
-0.00167977
-0.00159757
-0.00139643
-0.00108681
-0.000687407
-0.00022462
0.000268076
0.000751836
0.00118598
0.0015329
0.00176294
0.00176294
0.00185768
0.00181073
0.00162575
0.001313
0.00088551
0.000356747
-0.00025954
-0.000946966
-0.00168252
-0.00243242
-0.00314978
-0.00377569
-0.00424491
-0.00449509
-0.00447762
-0.00416645
-0.00356225
-0.00269065
-0.00159571
-0.000331161
0.00104709
0.00248497
0.00392954
0.0053248
0.00660625
0.00769774
0.00851376
0.00896822
0.00898844
0.00852978
0.007586
0.00619147
0.00441469
0.00234588
8.32975e-05
-0.00227654
-0.00464187
-0.0069217
-0.00901858
-0.0108235
-0.0122186
-0.0130891
-0.0133422
-0.0129266
-0.0118444
-0.0101518
-0.00794826
-0.00535963
-0.00252023
0.000438236
0.00338986
0.00621127
0.00877738
0.0109615
0.0126429
0.0137214
0.014133
0.0138636
0.0129524
0.0114851
0.00957941
0.00736524
0.00496857
0.00250174
6.20844e-05
-0.00226347
-0.00439249
-0.00624402
-0.00774052
-0.00881421
-0.00941521
-0.00951826
-0.00912604
-0.00826829
-0.0069976
-0.00538389
-0.00350929
-0.0014648
0.000651431
0.00273519
0.00467833
0.00637322
0.00771977
0.00863435
0.0090587
0.00896672
0.00836726
0.00730212
0.00583984
0.00406708
0.00207984
-2.36175e-05
-0.00214735
-0.00420013
-0.00609694
-0.00776062
-0.00912464
-0.0101366
-0.0107616
-0.0109845
-0.0108095
-0.0102578
-0.00936414
-0.00817324
-0.00673772
-0.0051166
-0.00337286
-0.00156832
0.000242776
0.00201594
0.00370846
0.00526524
0.00661289
0.00767258
0.00838461
0.00872566
0.00870791
0.00836488
0.00773586
0.00685651
0.00575712
0.00446612
0.00301613
0.00145077
-0.000169571
-0.00176575
-0.00324486
-0.00451248
-0.00548821
-0.00611766
-0.00637641
-0.00626684
-0.0058122
-0.00505166
-0.00403741
-0.00283237
-0.00150732
-0.000137093
0.00120377
0.00244553
0.00352787
0.00440388
0.00504244
0.00542762
0.00555516
0.00542763
0.00505092
0.00443383
0.00359121
0.00254853
0.00134578
3.84108e-05
-0.00130574
-0.00261305
-0.00381292
-0.00484626
-0.00567099
-0.00626274
-0.00661043
-0.00670886
-0.00655182
-0.00612931
-0.00543086
-0.00445367
-0.0032125
-0.00174686
-0.000122395
0.00157462
0.00324801
0.00480432
0.00616319
0.0072628
0.00805986
0.00852604
0.00864409
0.00840651
0.0078179
0.00689975
0.00569487
0.00426856
0.00270456
0.00109622
-0.000464649
-0.00189798
-0.00314166
-0.00415253
-0.00490304
-0.00537609
-0.005561
-0.00545251
-0.00505337
-0.00437893
-0.00346143
-0.00235175
-0.0011173
0.000163348
0.00140741
0.00253468
0.00347277
0.0041606
0.00455075
0.00461123
0.00432724
0.00370326
0.00276543
0.0015636
0.000171915
-0.001314
-0.00278466
-0.00412867
-0.00524659
-0.00606278
-0.00653197
-0.00663909
-0.00639398
-0.00582371
-0.00496623
-0.00386731
-0.00258094
-0.00117133
0.000286356
0.00170889
0.00301178
0.00411846
0.00496902
0.00552549
0.00577273
0.00571556
0.00537423
0.0047804
0.0039746
0.00300493
0.00192592
0.00079669
-0.00032185
-0.00137039
-0.00229455
-0.00304777
-0.00359357
-0.00390731
-0.00397742
-0.00380588
-0.00340787
-0.00281042
-0.00205023
-0.00117092
-0.0002199
0.000754622
0.00170599
0.00259057
0.0033684
0.00400335
0.00446336
0.00472095
0.00475409
0.00454727
0.00409276
0.00339206
0.00245748
0.00131354
-2.50427e-06
-0.00144149
-0.00294464
-0.00444685
-0.00588016
-0.00717676
-0.00827138
-0.00910385
-0.00962243
-0.00978816
-0.00957945
-0.00899561
-0.00805794
-0.00680807
-0.00530388
-0.00361433
-0.00181441
1.8624e-05
0.00180769
0.00347745
0.00495614
0.00617847
0.00709001
0.00765205
0.00784579
0.00767423
0.00716108
0.00634679
0.00528319
0.00402818
0.00264202
0.0011857
-0.000279029
-0.00168921
-0.00298124
-0.00409324
-0.00496935
-0.00556503
-0.00585208
-0.00582184
-0.00548576
-0.00487329
-0.00402767
-0.00300071
-0.001848
-0.000625286
0.000613564
0.00181734
0.00293773
0.00392978
0.00475313
0.0053741
0.0057683
0.00592298
0.00583849
0.00552823
0.00501708
0.00433872
0.00353254
0.00264099
0.00170752
0.000775306
0.000775306
-0.000113862
-0.00092102
-0.00161202
-0.00215996
-0.00254733
-0.00276732
-0.00282361
-0.00272883
-0.00250205
-0.00216606
-0.00174506
-0.00126309
-0.000743387
-0.00020837
0.000320117
0.000820621
0.00127223
0.00165516
0.00195166
0.00214717
0.00223127
0.00219858
0.00204954
0.00179108
0.00143735
0.00101015
0.000538401
5.61674e-05
-0.000400907
-0.00080015
-0.00111618
-0.00133369
-0.00144798
-0.00146322
-0.00138945
-0.00123922
-0.00102542
-0.000760494
-0.000457404
-0.000131318
0.000199083
0.000511808
0.000783684
0.000993817
0.00112713
0.00117669
0.00114406
0.00103796
0.000871762
0.000660877
0.000420681
0.00016529
-9.28232e-05
-0.000342729
-0.000574877
-0.000781193
-0.000955401
-0.00109329
-0.00119262
-0.00125257
-0.001273
-0.00125403
-0.00119595
-0.00109977
-0.000967825
-0.000804229
-0.000614825
-0.000406739
-0.000187764
3.40826e-05
0.000250591
0.000452974
0.000631368
0.000774703
0.000871399
0.000911017
0.000886476
0.0007961
0.000644642
0.000442749
0.000204934
-5.32512e-05
-0.000317745
-0.000577202
-0.000822455
-0.00104465
-0.0012332
-0.00137476
-0.00145414
-0.00145683
-0.00137248
-0.0011978
-0.0009382
-0.000607443
-0.000225705
0.000183231
0.000594698
0.000985166
0.00133346
0.00162148
0.00183483
0.00196346
0.00200232
0.00195153
0.00181606
0.00160484
0.00132947
0.00100292
0.000638398
0.000248816
-0.000153265
-0.000555191
-0.000943661
-0.0013044
-0.00162235
-0.00188233
-0.00207006
-0.00217338
-0.00218342
-0.00209572
-0.00191098
-0.00163545
-0.00128054
-0.000861912
-0.000398049
9.13634e-05
0.000586951
0.0010709
0.00152773
0.00194451
0.00231051
0.00261653
0.00285422
0.00301578
0.00309419
0.00308396
0.00298217
0.00278934
0.00250984
0.00215186
0.00172683
0.00124858
0.000732596
0.000195575
-0.00034464
-0.000868948
-0.00135714
-0.0017887
-0.0021443
-0.00240764
-0.00256702
-0.00261602
-0.00255328
-0.00238155
-0.00210684
-0.00173819
-0.00128797
-0.000772607
-0.000212973
0.000366119
0.000937464
0.00147392
0.00195111
0.00234972
0.00265664
0.00286487
0.0029723
0.00298003
0.00289086
0.00270845
0.00243729
0.00208327
0.00165454
0.00116231
0.000621247
4.92363e-05
-0.00053336
-0.00110497
-0.00164417
-0.00213077
-0.00254632
-0.00287392
-0.00309784
-0.00320356
-0.0031788
-0.00301575
-0.00271373
-0.00228057
-0.00173181
-0.00108815
-0.000373525
0.000384781
0.00115477
0.00189963
0.00257984
0.00315636
0.00359372
0.00386277
0.00394343
0.00382735
0.00351965
0.00303867
0.0024133
0.00167888
0.000873138
3.3485e-05
-0.000804018
-0.00160485
-0.0023362
-0.00296766
-0.00347236
-0.0038285
-0.0040213
-0.00404481
-0.00390314
-0.00361018
-0.00318771
-0.00266232
-0.00206195
-0.00141318
-0.000739826
-6.29743e-05
0.000597679
0.001222
0.00178774
0.00226983
0.00264116
0.00287492
0.00294824
0.00284625
0.00256528
0.00211454
0.00151559
0.000800123
6.93646e-06
-0.00082099
-0.00163871
-0.002401
-0.00306408
-0.00358793
-0.00393921
-0.00409414
-0.00404061
-0.00377876
-0.00332001
-0.00268491
-0.00190071
-0.000999336
-1.64601e-05
0.00100866
0.00203296
0.00300992
0.00389114
0.00462951
0.00518328
0.00552037
0.00562139
0.00548078
0.00510583
0.00451431
0.00373205
0.0027913
0.00173021
0.000592828
-0.000571413
-0.00170957
-0.00276866
-0.00370006
-0.00446374
-0.00503119
-0.00538631
-0.00552427
-0.00544903
-0.00517059
-0.0047032
-0.00406508
-0.00327957
-0.00237684
-0.00139491
-0.000378979
0.000621102
0.00155484
0.00237533
0.00304276
0.00352649
0.00380587
0.00387006
0.00371753
0.00335577
0.00280116
0.00207895
0.0012231
0.000275463
-0.00071577
-0.00169845
-0.00261961
-0.00342884
-0.00408147
-0.0045409
-0.00477991
-0.00478136
-0.00453888
-0.00405797
-0.00335711
-0.00246825
-0.00143565
-0.000312849
0.000841486
0.00196809
0.00301092
0.00391995
0.00465299
0.00517696
0.00546877
0.0055164
0.00531983
0.00489196
0.00425866
0.00345764
0.0025355
0.00154355
0.00053297
0.00053297
-0.00044955
-0.0013649
-0.00218283
-0.00288151
-0.00344574
-0.00386478
-0.00413064
-0.00423749
-0.00418225
-0.0039659
-0.00359476
-0.00308119
-0.00244375
-0.00170679
-0.00089982
-5.65153e-05
0.000786563
0.00159153
0.00232092
0.00293941
0.00341567
0.0037243
0.0038478
0.00377832
0.00351873
0.00308253
0.00249267
0.00177957
0.000978786
0.000128812
-0.000730796
-0.00156096
-0.00232444
-0.00298729
-0.00352034
-0.00390088
-0.0041141
-0.00415419
-0.00402455
-0.00373701
-0.00331004
-0.00276632
-0.0021301
-0.00142532
-0.000674889
9.86563e-05
0.000871606
0.00161757
0.00230714
0.00290932
0.00339464
0.00373906
0.0039273
0.00395451
0.00382571
0.00355338
0.00315434
0.00264721
0.0020513
0.00138725
0.000678524
-4.71968e-05
-0.000757936
-0.00141894
-0.00199565
-0.00245734
-0.00278047
-0.00295099
-0.00296511
-0.00282868
-0.00255554
-0.00216539
-0.00168179
-0.00113063
-0.000539228
6.42697e-05
0.000651213
0.00119305
0.00166231
0.00203416
0.00228833
0.00241117
0.00239711
0.00224894
0.00197678
0.00159584
0.00112376
0.000578482
-2.27388e-05
-0.000662756
-0.00132297
-0.00198157
-0.00261267
-0.00318682
-0.00367298
-0.00404141
-0.00426664
-0.00433002
-0.0042214
-0.00393987
-0.00349345
-0.00289799
-0.00217549
-0.00135243
-0.000458447
0.000474277
0.0014112
0.00231553
0.00314885
0.00387274
0.00445135
0.00485473
0.0050622
0.00506489
0.0048668
0.00448415
0.00394337
0.00327816
0.00252649
0.00172784
0.000920956
0.000141971
-0.00057726
-0.00121058
-0.00173852
-0.00214861
-0.00243489
-0.00259693
-0.00263875
-0.00256793
-0.00239533
-0.00213513
-0.00180482
-0.00142493
-0.00101803
-0.000607072
-0.00021361
0.000143768
0.000450235
0.000694845
0.000870305
0.000972814
0.00100221
0.00096227
0.000860789
0.000709109
0.000521028
0.000311266
9.38374e-05
-0.000119284
-0.000318922
-0.000498701
-0.000654294
-0.000782159
-0.00087824
-0.000937134
-0.000952142
-0.0009163
-0.000824122
-0.000673503
-0.000467165
-0.000213195
7.54585e-05
0.00038234
0.000689321
0.000978496
0.00123384
0.00144238
0.00159495
0.00168643
0.00171577
0.00168586
0.00160319
0.00147719
0.00131931
0.00114182
0.00095661
0.000774368
0.000604117
0.000453177
0.000327219
0.000230158
0.000163795
0.000127363
0.000117353
0.000127899
0.00015178
0.000181788
0.000212057
0.000238989
0.000261575
0.000281164
0.000300787
0.000324222
0.000354957
0.000395246
0.000445468
0.000503825
0.000566326
0.000626863
0.000677322
0.000707878
0.000707747
0.000666514
0.000575851
0.000431096
0.000232182
-1.63942e-05
-0.00030646
-0.000627533
-0.000968112
-0.00131636
-0.00165984
-0.00198439
-0.00227281
-0.0025044
-0.00265624
-0.00270643
-0.00263848
-0.00244534
-0.00213161
-0.00171333
-0.0012157
-0.000669585
-0.000108032
0.00043659
0.000934625
0.00136049
0.00169362
0.00191925
0.00202905
0.00202146
0.00190162
0.00168067
0.00137442
0.00100183
0.000583545
0.000140786
-0.000305262
-0.000733728
-0.00112424
-0.00145734
-0.00171518
-0.00188273
-0.00194908
-0.00190864
-0.00176186
-0.00151514
-0.00118002
-0.000771786
-0.000307975
0.000192858
0.000711843
0.00122998
0.00172794
0.00218594
0.00258376
0.00290141
0.00312024
0.00322441
0.00320242
0.00304819
0.00276182
0.00234975
0.00182494
0.00120683
0.000521264
-0.000200233
-0.000922026
-0.00160698
-0.00221984
-0.00273063
-0.00311733
-0.00336724
-0.00347677
-0.00344995
-0.0032963
-0.00302872
-0.00266191
-0.00221155
-0.00169417
-0.00112742
-0.000530423
7.59891e-05
0.000669376
0.00122619
0.00172269
0.00213624
0.00244685
0.00263883
0.00270247
0.00263533
0.00244289
0.00213844
0.00174191
0.00127802
0.000773876
0.000256664
-0.000248267
-0.000718588
-0.00113542
-0.00148319
-0.00174926
-0.00192363
-0.00199905
-0.00197154
-0.0018412
-0.00161296
-0.00129697
-0.000908306
-0.000466005
8.42585e-06
0.000492772
0.000965764
0.00140832
0.00180417
0.00213974
0.00240358
0.00258543
0.0026757
0.00266551
0.00254772
0.00254772
0.00231857
0.00197937
0.00153788
0.00100886
0.000413744
-0.000220342
-0.000862258
-0.00147906
-0.00203865
-0.00251255
-0.00287833
-0.00312122
-0.00323464
-0.0032195
-0.00308269
-0.00283502
-0.00248941
-0.00205964
-0.00156017
-0.00100692
-0.000418323
0.000183895
0.000775053
0.00132901
0.0018206
0.00222817
0.00253565
0.00273325
0.00281702
0.00278717
0.00264626
0.00239786
0.00204669
0.0016
0.00106988
0.000475128
-0.000158279
-0.000798724
-0.00141227
-0.00196682
-0.00243582
-0.00280047
-0.00304995
-0.00317988
-0.00318988
-0.00308162
-0.00285806
-0.00252437
-0.00208989
-0.00157015
-0.000987683
-0.000371196
0.000247069
0.000834854
0.00136333
0.00180946
0.00215684
0.00239507
0.00251845
0.00252475
0.00241474
0.00219276
0.00186779
0.00145443
0.000973125
0.000449179
-8.93264e-05
-0.000614136
-0.00109931
-0.00152294
-0.00186784
-0.00212125
-0.00227407
-0.00232022
-0.00225652
-0.00208336
-0.00180573
-0.00143416
-0.000985057
-0.000479981
5.5841e-05
0.000595488
0.00111223
0.00158101
0.00197938
0.00228819
0.00249204
0.00257996
0.00254602
0.00239011
0.00211827
0.00174268
0.00128091
0.000754681
0.00018828
-0.000392921
-0.000963567
-0.00149889
-0.0019749
-0.00236862
-0.00265887
-0.00282772
-0.00286263
-0.00275846
-0.00251899
-0.00215704
-0.00169332
-0.00115412
-0.000568502
3.43563e-05
0.000626932
0.00118416
0.00168341
0.00210422
0.0024283
0.00264028
0.002729
0.00268901
0.00252175
0.00223586
0.00184663
0.00137454
0.000843547
0.000279353
-0.00029185
-0.000844184
-0.00135266
-0.00179386
-0.00214697
-0.00239515
-0.002527
-0.00253777
-0.00242982
-0.00221226
-0.00189976
-0.0015109
-0.00106643
-0.000587859
-9.66385e-05
0.000386323
0.000840916
0.00124828
0.00159159
0.0018571
0.00203513
0.00212074
0.00211392
0.00201909
0.0018444
0.00160081
0.00130128
0.000960144
0.000592611
0.000214399
-0.000158745
-0.000511641
-0.000830438
-0.00110344
-0.0013218
-0.00147992
-0.00157534
-0.0016082
-0.00158045
-0.00149513
-0.00135588
-0.00116708
-0.000934486
-0.000666203
-0.000373583
-7.15575e-05
0.000221961
0.000487722
0.000707576
0.000867155
0.000958131
0.000979464
0.000937285
0.000843395
0.000712737
0.000560489
0.000399598
0.000239382
8.54906e-05
-5.89935e-05
-0.000191852
-0.000310158
-0.000409425
-0.000483764
-0.000526923
-0.000533748
-0.000501458
-0.000430259
-0.000323126
-0.000184964
-2.16679e-05
0.000160428
0.000354406
0.000552072
0.000743203
0.000915397
0.00105494
0.00114867
0.00118638
0.00116279
0.00107867
0.000940539
0.000759168
0.000547486
0.000318433
8.34781e-05
-0.000147924
-0.000367995
-0.000569819
-0.000746632
-0.000891696
-0.000998934
-0.00106406
-0.00108564
-0.00106554
-0.00100833
-0.000919855
-0.00080567
-0.000669884
-0.000515121
-0.0003435
-0.000158179
3.53251e-05
0.000228647
0.000411198
0.000571657
0.000699751
0.000787693
0.000830842
0.000827568
0.000778602
0.000686366
0.000554646
0.00038878
0.000196192
-1.31484e-05
-0.000226813
-0.000430838
-0.000611377
-0.00075663
-0.000858436
-0.000913025
-0.000920732
-0.000884876
-0.000810283
-0.000702022
-0.000564766
-0.000402852
-0.000220819
-2.39704e-05
0.000181442
0.000388538
0.000590503
0.00078129
0.000956009
0.00111086
0.00124274
0.00134871
0.00142582
0.00147118
0.00148258
0.0014591
0.00140159
0.0013125
0.00119531
0.00105366
0.000890806
0.00070962
0.000513213
0.000305789
9.32747e-05
-0.000116667
-0.000315401
-0.000494655
-0.000648002
-0.000771929
-0.00086607
-0.000932445
-0.000973961
-0.000992776
-0.000989231
-0.000961858
-0.000908494
-0.000828075
-0.000722367
-0.000596933
-0.000460974
-0.000326075
-0.000204258
-0.000105946
-3.83654e-05
-4.74397e-06
-4.29293e-06
-3.27524e-05
-8.32234e-05
-0.000147109
-0.000215101
-0.000278177
-0.00032851
-0.000360145
-0.000369284
-0.000354163
-0.000314595
-0.000251374
-0.000165769
-5.92543e-05
6.6427e-05
0.000208925
0.000364838
0.000529384
0.000696414
0.000858843
0.00100943
0.00114167
0.00125053
0.00133284
0.0013872
0.00141362
0.00141362
0.00141295
0.0013863
0.00133461
0.00125851
0.00115841
0.00103489
0.00088911
0.000723193
0.000540415
0.00034519
0.000142861
-6.06604e-05
-0.000259399
-0.000447933
-0.000622036
-0.000779167
-0.000918596
-0.00104106
-0.00114795
-0.00124031
-0.00131794
-0.00137887
-0.00141959
-0.00143576
-0.00142344
-0.00138008
-0.00130533
-0.00120122
-0.00107183
-0.000922585
-0.000759424
-0.000588013
-0.000413256
-0.000239177
-6.91479e-05
9.36928e-05
0.000246109
0.000384721
0.000506299
0.000608273
0.000689206
0.000748998
0.00078871
0.00081006
0.000814761
0.000803958
0.000777964
0.000736404
0.000678765
0.000605161
0.00051706
0.000417682
0.000311909
0.000205739
0.000105505
1.71016e-05
-5.46119e-05
-0.000106219
-0.000136044
-0.000144347
-0.000133368
-0.000107096
-7.07542e-05
-3.00852e-05
9.34154e-06
4.2632e-05
6.57874e-05
7.5692e-05
6.99844e-05
4.69306e-05
5.37842e-06
-5.51735e-05
-0.000134416
-0.00023105
-0.000342668
-0.000465732
-0.000595608
-0.000726562
-0.000851664
-0.000962717
-0.00105045
-0.00110522
-0.00111828
-0.00108338
-0.000998133
-0.000864821
-0.000690335
-0.000485317
-0.000262724
-3.61687e-05
0.000181628
0.000379949
0.000550577
0.000687698
0.000787431
0.000847345
0.000866236
0.000844268
0.000783308
0.000687198
0.000561728
0.000414196
0.000252692
8.53076e-05
-8.04509e-05
-0.000237925
-0.00038124
-0.000505077
-0.000604492
-0.000674965
-0.000712721
-0.000715213
-0.000681522
-0.00061248
-0.000510448
-0.000378876
-0.000221899
-4.41899e-05
0.000148826
0.000350468
0.00055225
0.000743584
0.000912071
0.00104454
0.00112876
0.00115537
0.00111956
0.00102173
0.000867193
0.000664852
0.000425565
0.000160706
-0.000118604
-0.000401491
-0.000676846
-0.000932882
-0.00115722
-0.00133773
-0.00146396
-0.00152864
-0.00152882
-0.00146603
-0.00134564
-0.00117545
-0.000964224
-0.000720572
-0.000452581
-0.000168175
0.000124086
0.0004143
0.000691057
0.000942003
0.00115499
0.0013194
0.0014273
0.00147399
0.00145815
0.00138153
0.00124851
0.00106573
0.000841895
0.000587593
0.000315185
3.84033e-05
-0.000228393
-0.000471263
-0.000677853
-0.000838386
-0.000946255
-0.000998131
-0.000993701
-0.000935247
-0.000827265
-0.000676208
-0.000490321
-0.000279426
-5.4564e-05
0.00017259
0.000390493
0.000588591
0.000758092
0.000892484
0.000987703
0.00104195
0.00105523
0.00102894
0.000965448
0.00086799
0.000740682
0.000588533
0.000417378
0.000233672
4.42204e-05
-0.000144087
-0.000324457
-0.000490295
-0.000635241
-0.000753209
-0.000838504
-0.000886092
-0.000892098
-0.000854433
-0.000773423
-0.000652168
-0.00049649
-0.000314435
-0.000115481
9.02726e-05
0.000292699
0.000481925
0.000648395
0.000782941
0.000877105
0.000923801
0.000918205
0.000858589
0.000746784
0.000588082
0.000390574
0.000164147
-8.0566e-05
-0.000332978
-0.000582964
-0.000820952
-0.00103787
-0.00122521
-0.0013753
-0.00148187
-0.00154083
-0.0015508
-0.00151352
-0.00143366
-0.00131825
-0.00117578
-0.00101526
-0.000845491
-0.000674608
-0.000509946
-0.000358085
-0.000224898
-0.000115475
-3.38858e-05
1.71578e-05
3.65899e-05
2.51047e-05
-1.495e-05
-7.98452e-05
-0.0001648
-0.000264265
-0.000372127
-0.000481874
-0.000586799
-0.000680309
-0.000756324
-0.000809718
-0.000836672
-0.000834842
-0.000803274
-0.000742099
-0.000652163
-0.000534781
-0.000391781
-0.000225876
-4.11976e-05
0.000156225
0.000358311
0.000555272
0.00073649
0.000891781
0.00101272
0.00109371
0.00113243
0.00112967
0.00108873
0.00101449
0.000912658
0.000789315
0.000650721
0.00050339
0.000354192
0.000210341
7.91849e-05
-3.21861e-05
-0.000117424
-0.00017139
-0.00019056
-0.000173347
-0.000120345
-3.44488e-05
7.9247e-05
0.000213818
0.000361127
0.000512577
0.000659824
0.000795337
0.000912729
0.00100688
0.00107391
0.00111109
0.0011168
0.00109058
0.00103322
0.000946907
0.000835362
0.000703772
0.000558637
0.000407435
0.000258177
0.000118867
-3.06744e-06
-0.000101285
-0.000170906
-0.000208706
-0.00021315
-0.00018429
-0.000123629
-3.39718e-05
8.06911e-05
0.000215302
0.000363849
0.000519491
0.000674704
0.000674704
0.000821498
0.000951742
0.00105765
0.0011324
0.00117081
0.00116988
0.00112902
0.00104997
0.000936335
0.000792887
0.000624898
0.000437633
0.000236233
2.59485e-05
-0.000187405
-0.000397045
-0.000595122
-0.000773022
-0.000922034
-0.0010342
-0.00110313
-0.00112471
-0.00109743
-0.00102256
-0.000903944
-0.000747632
-0.000561376
-0.000354069
-0.000135208
8.56067e-05
0.000299119
0.000496831
0.000671341
0.000816582
0.00092795
0.00100233
0.00103805
0.00103476
0.000993304
0.000915507
0.000804077
0.00066257
0.000495523
0.000308714
0.000109384
-9.37376e-05
-0.000290782
-0.000471486
-0.000626203
-0.000746955
-0.000828245
-0.00086744
-0.000864696
-0.000822532
-0.000745301
-0.000638749
-0.000509776
-0.000366297
-0.000217079
-7.13551e-05
6.17869e-05
0.000174157
0.000259183
0.000312432
0.000331806
0.000317416
0.000271169
0.000196248
9.66317e-05
-2.31778e-05
-0.000158169
-0.000302615
-0.000449799
-0.000591898
-0.000720204
-0.000825774
-0.000900416
-0.000937775
-0.000934197
-0.000889107
-0.000804815
-0.000685867
-0.000538202
-0.000368432
-0.000183488
9.28117e-06
0.000201673
0.000384183
0.000545935
0.000675308
0.000761261
0.000795045
0.000771724
0.000690992
0.000557015
0.000377424
0.000161887
-7.91736e-05
-0.000335264
-0.00059575
-0.000849261
-0.00108315
-0.00128358
-0.00143658
-0.00152992
-0.00155517
-0.00150932
-0.00139532
-0.00122139
-0.000999498
-0.000743324
-0.000466536
-0.000181685
0.000100078
0.000368648
0.000614409
0.000827934
0.00100027
0.00112379
0.0011933
0.00120696
0.00116663
0.0010775
0.000947143
0.000784478
0.000598763
0.00039909
0.000194302
-6.8551e-06
-0.000195627
-0.000363443
-0.000502479
-0.000606434
-0.000671246
-0.00069546
-0.000680125
-0.000628283
-0.000544283
-0.000433206
-0.000300579
-0.000152469
4.14569e-06
0.000160935
0.000307995
0.000434127
0.000527771
0.000578527
0.000578898
0.000525783
0.000421236
0.000272212
8.93345e-05
-0.000114985
-0.000328546
-0.000540921
-0.000744215
-0.000932951
-0.00110327
-0.00125184
-0.0013749
-0.00146773
-0.00152481
-0.00154047
-0.00151009
-0.00143132
-0.00130504
-0.00113576
-0.000931277
-0.000701757
-0.000458478
-0.000212658
2.54141e-05
0.00024679
0.000443883
0.000610277
0.000740533
0.000830181
0.000875972
0.000876325
0.000831806
0.000745422
0.000622573
0.000470658
0.000298432
0.000115318
-6.91292e-05
-0.000245484
-0.000404501
-0.000537132
-0.000634748
-0.000689733
-0.000696439
-0.00065228
-0.000558623
-0.000421122
-0.000249256
-5.50928e-05
0.000148422
0.000349165
0.00053705
0.000704463
0.000845979
0.000957658
0.00103641
0.00107974
0.00108607
0.00105534
0.000989674
0.000893599
0.000773795
0.000638285
0.000495407
0.000352871
0.00021713
9.31786e-05
-1.53188e-05
-0.000105708
-0.000176046
-0.00022495
-0.00025164
-0.000256124
-0.0002394
-0.00020357
-0.000151771
-8.79214e-05
-1.63549e-05
5.85808e-05
0.000132884
0.000203181
0.000266899
0.000322323
0.000368502
0.000405037
0.000431822
0.000448821
0.000455992
0.000453347
0.000441143
0.000420094
0.000391506
0.000357278
0.000319742
0.000281383
0.000244525
0.000211068
0.000182387
0.000159369
0.000142574
0.000132404
0.000129205
0.000133257
0.000144676
0.000163324
0.000188802
0.000220579
0.000258213
0.000301498
0.000350347
0.0004043
0.000461719
0.000518989
0.000570186
0.000607542
0.000622794
0.000609033
0.00056245
0.000483329
0.000375934
0.000247352
0.000105732
-4.14507e-05
-0.000188505
-0.000331733
-0.000468785
-0.000597584
-0.00071534
-0.000818095
-0.000900945
-0.000958788
-0.000987252
-0.000983479
-0.000946544
-0.000877498
-0.000779116
-0.000655496
-0.000511641
-0.000353127
-0.000185891
-1.60997e-05
0.000149985
0.000306237
0.000447022
0.000567615
0.000664536
0.000735671
0.000780112
0.000797744
0.000788762
0.000753336
0.00069163
0.00060423
0.000492819
0.000360818
0.000213665
5.85543e-05
-9.63248e-05
-0.000242841
-0.000373924
-0.00048424
-0.000570381
-0.000630612
-0.000664376
-0.000671804
-0.000653443
-0.000610259
-0.000543827
-0.000456534
-0.000351661
-0.000233278
-0.000106008
2.52358e-05
0.000155446
0.000155446
0.000279602
0.000392658
0.000489528
0.000565205
0.000615097
0.000635582
0.000624677
0.000582605
0.000512053
0.000417989
0.000307045
0.00018663
6.40105e-05
-5.43973e-05
-0.000163366
-0.00025885
-0.000337779
-0.000397865
-0.000437603
-0.000456481
-0.000455276
-0.000436202
-0.000402755
-0.000359251
-0.000310191
-0.000259678
-0.000211075
-0.000166975
-0.000129441
-0.000100331
-8.15123e-05
-7.479e-05
-8.15003e-05
-0.000101887
-0.000134513
-0.000176019
-0.000221443
-0.000265077
-0.000301606
-0.000327139
-0.000339793
-0.000339675
-0.000328323
-0.000307868
-0.000280236
-0.000246667
-0.000207676
-0.000163415
-0.000114216
-6.10668e-05
-5.78012e-06
4.91792e-05
0.000101139
0.000147724
0.000187217
0.000218679
0.000241822
0.000256745
0.000263672
0.00026281
0.000254396
0.000238869
0.000217089
0.000190456
0.000160873
0.000130516
0.000101494
7.54744e-05
5.33909e-05
3.52867e-05
2.03355e-05
7.05008e-06
-6.34838e-06
-2.14859e-05
-3.94528e-05
-6.06069e-05
-8.46157e-05
-0.000110698
-0.000137959
-0.000165684
-0.000193488
-0.000221289
-0.000249139
-0.000277
-0.000304557
-0.000331151
-0.00035586
-0.000377686
-0.000395757
-0.000409454
-0.000418412
-0.000422435
-0.00042139
-0.00041516
-0.000403701
-0.000387169
-0.000366055
-0.000341265
-0.000314069
-0.00028596
-0.000258403
-0.000232567
-0.000209054
-0.000187716
-0.000167594
-0.000147019
-0.00012386
-9.58738e-05
-6.10183e-05
-1.76385e-05
3.55123e-05
9.93107e-05
0.000174208
0.000259987
0.000355387
0.000457781
0.00056312
0.000666306
0.000761908
0.000845019
0.000911953
0.00096053
0.000989902
0.00100006
0.000991264
0.000963719
0.000917543
0.000853059
0.000771216
0.000673925
0.000564173
0.000445845
0.000323315
0.000200923
8.25182e-05
-2.87813e-05
-0.000130582
-0.000221013
-0.00029848
-0.000361517
-0.000408815
-0.000439388
-0.000452744
-0.000448906
-0.000428205
-0.000390931
-0.000337057
-0.00026629
-0.000178524
-7.45909e-05
4.29936e-05
0.000169633
0.000298821
0.000422905
0.000534229
0.000626298
0.000694605
0.000736894
0.000752866
0.000743536
0.000710562
0.000655831
0.000581414
0.00048983
0.000384426
0.000269606
0.00015076
3.38595e-05
-7.5178e-05
-0.000171139
-0.000249989
-0.00030905
-0.000346902
-0.000363131
-0.000358087
-0.000332785
-0.000288942
-0.000229094
-0.000156666
-7.58962e-05
8.43311e-06
9.13971e-05
0.00016837
0.000235382
0.000289314
0.000327919
0.00034974
0.000354011
0.000340658
0.000310427
0.000265085
0.00020757
0.000141933
7.30027e-05
5.8107e-06
-5.50608e-05
-0.00010601
-0.000144684
-0.000169942
-0.000181581
-0.00017997
-0.000165751
-0.00013975
-0.000103124
-5.76664e-05
-6.07761e-06
4.79951e-05
0.000100246
0.000146281
0.000182278
0.000205509
0.000214558
0.000209183
0.00018993
0.000157683
0.000113332
5.77077e-05
-8.23038e-06
-8.30623e-05
-0.000164619
-0.000249899
-0.000335257
-0.000416836
-0.000491069
-0.000555095
-0.000606957
-0.000645526
-0.000670221
-0.000680669
-0.000676459
-0.000657115
-0.00062233
-0.000572363
-0.000508425
-0.000432854
-0.000348963
-0.000260584
-0.000171498
-8.49604e-05
-3.52906e-06
7.07992e-05
0.000136256
0.000190984
0.000232924
0.000260008
0.000270607
0.000264041
0.000240947
0.000203349
0.000154376
9.7746e-05
3.71784e-05
-2.40659e-05
-8.34085e-05
-0.00013892
-0.000189112
-0.000232701
-0.000268463
-0.000295291
-0.000312475
-0.000320157
-0.000319774
-0.000314231
-0.000307571
-0.000304062
-0.000306965
-0.000317421
-0.000334009
-0.000353198
-0.000370587
-0.000382422
-0.000386809
-0.00038418
-0.000376893
-0.000368196
-0.000361008
-0.000357006
-0.000356326
-0.000357936
-0.000360427
-0.000362854
-0.000365231
-0.000368503
-0.000374052
-0.000383007
-0.000395676
-0.000411339
-0.000428415
-0.000444878
-0.000458657
-0.000467853
-0.000470704
-0.000465455
-0.000450289
-0.000423472
-0.000383712
-0.000330596
-0.000264927
-0.00018879
-0.000105307
-1.81535e-05
6.89586e-05
0.000152654
0.00023001
0.000298458
0.00035559
0.000399077
0.000426791
0.000437135
0.000429454
0.000404353
0.000363801
0.00031097
0.000249838
0.000184674
0.000119543
5.79744e-05
2.84283e-06
-4.35508e-05
-7.93212e-05
-0.000102881
-0.000112958
-0.000112958
-0.000108762
-9.02402e-05
-5.83131e-05
-1.49891e-05
3.66987e-05
9.29202e-05
0.000149378
0.000201669
0.000245632
0.000277649
0.000294902
0.000295555
0.00027888
0.000245294
0.000196343
0.00013461
6.35214e-05
-1.29442e-05
-9.06413e-05
-0.000165644
-0.000234549
-0.000294626
-0.00034381
-0.000380598
-0.000403919
-0.000413054
-0.000407624
-0.000387641
-0.00035356
-0.000306309
-0.000247227
-0.000177938
-0.000100163
-1.55612e-05
7.43678e-05
0.000168229
0.000264551
0.000361539
0.000456872
0.000547617
0.000630282
0.000701
0.000755797
0.000790956
0.000803457
0.000791444
0.000754609
0.000694376
0.000613804
0.00051722
0.000409694
0.0002965
0.000182675
7.27673e-05
-2.92569e-05
-0.000119979
-0.000196486
-0.000256418
-0.000298153
-0.000321091
-0.000325901
-0.000314566
-0.000290148
-0.000256288
-0.000216567
-0.000173914
-0.000130206
-8.61755e-05
-4.16705e-05
3.80998e-06
5.04679e-05
9.76947e-05
0.000143899
0.000186744
0.000223689
0.000252626
0.000272359
0.000282756
0.000284568
0.000278981
0.000267122
0.000249695
0.000226914
0.000198749
0.000165361
0.000127514
8.67747e-05
4.53925e-05
5.92841e-06
-2.92148e-05
-5.81731e-05
-7.97845e-05
-9.35083e-05
-9.91827e-05
-9.67655e-05
-8.62001e-05
-6.74743e-05
-4.08504e-05
-7.1596e-06
3.19802e-05
7.41363e-05
0.000116271
0.000155142
0.000187786
0.000211929
0.000226207
0.00023016
0.000224021
0.000208436
0.00018424
0.000152376
0.000113981
7.05638e-05
2.41363e-05
-2.27934e-05
-6.74256e-05
-0.000107014
-0.000139241
-0.000162498
-0.000175982
-0.000179607
-0.00017379
-0.000159224
-0.000136759
-0.000107442
-7.26849e-05
-3.44658e-05
4.58358e-06
4.13082e-05
7.23996e-05
9.49056e-05
0.000106712
0.000106841
9.54988e-05
7.39033e-05
4.39803e-05
8.04645e-06
-3.14534e-05
-7.212e-05
-0.000111682
-0.000147998
-0.000179003
-0.000202635
-0.000216796
-0.000219417
-0.000208642
-0.000183111
-0.000142275
-8.66269e-05
-1.7792e-05
6.15523e-05
0.000147872
0.000237028
0.000324534
0.000405829
0.000476564
0.000532908
0.000571853
0.00059146
0.000591006
0.000570994
0.000533054
0.000479751
0.000414376
0.000340711
0.000262807
0.000184748
0.000110392
4.31248e-05
-1.43545e-05
-6.01694e-05
-9.32745e-05
-0.000113341
-0.000120566
-0.000115486
-9.88595e-05
-7.16578e-05
-3.51348e-05
9.07874e-06
5.89494e-05
0.000112144
0.000166251
0.000219051
0.000268718
0.000313884
0.000353546
0.000386874
0.000413022
0.000431001
0.000439687
0.000437952
0.000424906
0.000400172
0.00036411
0.000317925
0.000263601
0.000203691
0.000141011
7.83411e-05
1.82103e-05
-3.722e-05
-8.61698e-05
-0.0001272
-0.000159166
-0.000181211
-0.000192807
-0.000193838
-0.000184678
-0.00016623
-0.000139897
-0.000107478
-7.10304e-05
-3.27283e-05
5.23803e-06
4.06968e-05
7.14831e-05
9.54277e-05
0.000110415
0.000114553
0.000106445
8.54975e-05
5.21747e-05
8.10353e-06
-4.4029e-05
-0.000100799
-0.00015852
-0.000213735
-0.000263605
-0.000306088
-0.000339892
-0.00036429
-0.000378896
-0.000383555
-0.000378376
-0.000363883
-0.000341163
-0.000311907
-0.00027825
-0.000242454
-0.000206539
-0.000172008
-0.000139789
-0.000110397
-8.42343e-05
-6.1881e-05
-4.42346e-05
-3.24474e-05
-2.76942e-05
-3.08775e-05
-4.23908e-05
-6.20209e-05
-8.90011e-05
-0.000122168
-0.000160133
-0.0002014
-0.000244389
-0.000287382
-0.00032848
-0.000365623
-0.000396725
-0.000419925
-0.000433843
-0.000437799
-0.000431887
-0.000416923
-0.000394279
-0.000365701
-0.000333146
-0.000298679
-0.000264389
-0.000232322
-0.000204396
-0.000182295
-0.000167357
-0.000160482
-0.000162083
-0.0001721
-0.000190067
-0.000215188
-0.00024642
-0.000282508
-0.000321967
-0.000362999
-0.000403373
-0.000440296
-0.00047041
-0.00048998
-0.000495328
-0.000483436
-0.000452547
-0.000402576
-0.000335214
-0.000253702
-0.000162368
-6.6073e-05
3.03225e-05
0.000122363
0.000206245
0.000278896
0.00033794
0.000381605
0.000408678
0.000418524
0.000411161
0.00038733
0.000348535
0.000296996
0.000235535
0.000167403
9.6084e-05
2.50986e-05
-4.21577e-05
-0.000102542
-0.000153257
-0.000191925
-0.000216656
-0.000226125
-0.000219653
-0.000197281
-0.000159792
-0.000108655
-4.58832e-05
-4.58832e-05
2.61622e-05
0.000104973
0.000188033
0.00027286
0.000356943
0.000437635
0.000512065
0.000577134
0.000629644
0.000666576
0.000685461
0.000684783
0.000664281
0.000625059
0.000569481
0.000500895
0.000423289
0.000340997
0.000258488
0.0001802
0.00011034
5.25477e-05
9.44562e-06
-1.78191e-05
-2.98404e-05
-2.88594e-05
-1.82615e-05
-1.79659e-06
1.7217e-05
3.64339e-05
5.46114e-05
7.13437e-05
8.65805e-05
0.000100172
0.000111631
0.000120179
0.000124992
0.000125496
0.000121572
0.000113546
0.000101989
8.73881e-05
6.98748e-05
4.91257e-05
2.45319e-05
-4.42318e-06
-3.77205e-05
-7.44816e-05
-0.000112905
-0.000150501
-0.000184554
-0.000212656
-0.000233143
-0.000245313
-0.000249376
-0.000246221
-0.000237141
-0.000223669
-0.000207599
-0.000191114
-0.000176839
-0.00016763
-0.000166076
-0.000173795
-0.000190817
-0.00021532
-0.000243918
-0.000272454
-0.000297024
-0.000314895
-0.00032494
-0.000327479
-0.000323611
-0.000314373
-0.000300088
-0.000280184
-0.000253532
-0.000219153
-0.000176959
-0.000128224
-7.5578e-05
-2.25177e-05
2.7367e-05
7.11501e-05
0.000107045
0.000134454
0.000153641
0.000165227
0.000169797
0.0001678
0.000159785
0.000146832
0.000130894
0.000114832
0.000102055
9.58501e-05
9.86908e-05
0.00011176
0.000134877
0.000166824
0.00020591
0.000250505
0.000299291
0.000351108
0.000404429
0.000456721
0.000504034
0.00054114
0.000562303
0.000562474
0.000538485
0.0004898
0.000418541
0.000328829
0.000225714
0.000114148
-1.64314e-06
-0.000118199
-0.000232359
-0.000340608
-0.000438617
-0.000521311
-0.000583501
-0.000620878
-0.000630971
-0.000613689
-0.000571271
-0.000507666
-0.000427638
-0.00033593
-0.000236774
-0.000133856
-3.06347e-05
6.92386e-05
0.000161669
0.000242224
0.000306626
0.000351471
0.000374928
0.000377142
0.000360198
0.000327636
0.000283691
0.000232519
0.000177684
0.000122004
6.77442e-05
1.69521e-05
-2.82754e-05
-6.57651e-05
-9.34912e-05
-0.000109936
-0.000114407
-0.000107161
-8.9285e-05
-6.23799e-05
-2.8184e-05
1.17354e-05
5.61217e-05
0.00010397
0.000154319
0.000206005
0.000257481
0.000306819
0.000351876
0.000390594
0.000421295
0.000442867
0.000454786
0.000456974
0.0004496
0.000432913
0.000407217
0.000372997
0.000331124
0.000283044
0.00023082
0.000176993
0.000124287
7.52375e-05
3.18497e-05
-4.60678e-06
-3.36206e-05
-5.52885e-05
-7.00604e-05
-7.84847e-05
-8.10487e-05
-7.81617e-05
-7.0263e-05
-5.79849e-05
-4.22848e-05
-2.44802e-05
-6.16759e-06
1.09523e-05
2.52837e-05
3.55077e-05
4.06698e-05
4.01764e-05
3.37375e-05
2.12989e-05
3.00332e-06
-2.08047e-05
-4.95436e-05
-8.23587e-05
-0.000118113
-0.000155421
-0.000192725
-0.000228412
-0.000260947
-0.000288989
-0.000311481
-0.00032769
-0.000337214
-0.000339964
-0.000336131
-0.000326153
-0.000310696
-0.000290638
-0.000267042
-0.000241102
-0.000214061
-0.0001871
-0.000161215
-0.000137116
-0.000115191
-9.55711e-05
-7.82507e-05
-6.32476e-05
-5.07222e-05
-4.1042e-05
-3.47875e-05
-3.27124e-05
-3.56649e-05
-4.44705e-05
-5.97734e-05
-8.18583e-05
-0.000110498
-0.000144887
-0.00018369
-0.000225201
-0.000267558
-0.000308959
-0.000347804
-0.000382726
-0.000412506
-0.000435915
-0.000451572
-0.000457939
-0.000453495
-0.000437082
-0.000408269
-0.000367608
-0.000316664
-0.000257776
-0.000193635
-0.000126822
-5.94913e-05
6.72958e-06
7.05867e-05
0.000130897
0.000186238
0.000234785
0.000274391
0.000302908
0.000318667
0.000320959
0.000310378
0.000288892
0.000259619
0.000226354
0.000192967
0.000162845
0.000138501
0.0001214
0.00011196
0.000109628
0.000112974
0.000119814
0.000127425
0.000132906
0.000133635
0.000127708
0.000114208
9.32189e-05
6.55898e-05
3.25386e-05
-4.74971e-06
-4.53886e-05
-8.88289e-05
-0.000134668
-0.000182315
-0.000230646
-0.000277833
-0.000321427
-0.00035873
-0.000387324
-0.0004056
-0.000413114
-0.00041067
-0.000400106
-0.000383847
-0.000364339
-0.000343532
-0.00032254
-0.000301583
-0.000280229
-0.000257838
-0.000234055
-0.000209143
-0.000184066
-0.000160284
-0.000139379
-0.000122638
-0.000110762
-0.000103776
-0.000101158
-0.000102092
-0.000105739
-0.000111406
-0.000118559
-0.000126689
-0.000135131
-0.000135131
-0.000142945
-0.000148942
-0.000151856
-0.000150605
-0.000144535
-0.000133551
-0.000118111
-9.90841e-05
-7.7551e-05
-5.46191e-05
-3.13007e-05
-8.47966e-06
1.30458e-05
3.24896e-05
4.90415e-05
6.19354e-05
7.06204e-05
7.49384e-05
7.51917e-05
7.20744e-05
6.65458e-05
5.97249e-05
5.28132e-05
4.70058e-05
4.33755e-05
4.27516e-05
4.56295e-05
5.21309e-05
6.20103e-05
7.4701e-05
8.93929e-05
0.000105147
0.000121035
0.000136276
0.000150319
0.000162833
0.000173631
0.000182559
0.000189428
0.000194005
0.00019607
0.000195506
0.000192405
0.000187145
0.000180419
0.000173177
0.000166488
0.000161352
0.000158542
0.000158504
0.00016137
0.000167051
0.000175373
0.000186186
0.000199418
0.000215043
0.000232995
0.000253061
0.000274796
0.000297501
0.000320285
0.000342181
0.00036227
0.000379743
0.000393869
0.000403892
0.00040892
0.000407895
0.000399703
0.000383422
0.000358623
0.000325623
0.000285567
0.00024034
0.000192332
0.000144181
9.85562e-05
5.80236e-05
2.49517e-05
1.3999e-06
-1.10558e-05
-1.15499e-05
-1.49261e-07
2.20195e-05
5.28267e-05
8.94126e-05
0.000128625
0.000167497
0.000203618
0.000235292
0.000261452
0.000281413
0.000294611
0.000300447
0.000298326
0.000287873
0.000269234
0.000243295
0.000211719
0.000176745
0.000140831
0.000106245
7.47534e-05
4.74815e-05
2.49515e-05
7.22746e-06
-5.92864e-06
-1.49508e-05
-2.04226e-05
-2.30572e-05
-2.36677e-05
-2.31099e-05
-2.22031e-05
-2.16425e-05
-2.19147e-05
-2.32295e-05
-2.54837e-05
-2.82724e-05
-3.09539e-05
-3.27694e-05
-3.30077e-05
-3.11874e-05
-2.72086e-05
-2.14259e-05
-1.46141e-05
-7.82916e-06
-2.19297e-06
1.34452e-06
2.19443e-06
2.11628e-07
-4.34125e-06
-1.09122e-05
-1.88024e-05
-2.72825e-05
-3.56562e-05
-4.32835e-05
-4.96005e-05
-5.41697e-05
-5.67661e-05
-5.74758e-05
-5.67634e-05
-5.54602e-05
-5.4636e-05
-5.53659e-05
-5.84539e-05
-6.4199e-05
-7.22758e-05
-8.17667e-05
-9.13407e-05
-9.95286e-05
-0.000105023
-0.00010692
-0.000104847
-9.89299e-05
-8.96471e-05
-7.76292e-05
-6.34754e-05
-4.76522e-05
-3.04999e-05
-1.2327e-05
6.46452e-06
2.5281e-05
4.33073e-05
5.95638e-05
7.30453e-05
8.29066e-05
8.8652e-05
9.02933e-05
8.84535e-05
8.43886e-05
7.98957e-05
7.70846e-05
7.80282e-05
8.43533e-05
9.68652e-05
0.000115307
0.000138331
0.000163707
0.000188739
0.000210796
0.000227802
0.000238553
0.000242762
0.000240856
0.000233615
0.000221806
0.000205952
0.000186303
0.000162987
0.000136233
0.000106531
7.46552e-05
4.15387e-05
8.04729e-06
-2.52136e-05
-5.79598e-05
-9.01182e-05
-0.000121593
-0.000152012
-0.000180559
-0.00020596
-0.000226647
-0.000241039
-0.000247867
-0.000246453
-0.000236862
-0.000219875
-0.000196811
-0.000169261
-0.000138854
-0.000107137
-7.55913e-05
-4.57553e-05
-1.93531e-05
1.66944e-06
1.52727e-05
1.96086e-05
1.3375e-05
-3.89044e-06
-3.16788e-05
-6.85759e-05
-0.000112474
-0.000160828
-0.000210856
-0.000259658
-0.000304282
-0.00034182
-0.000369587
-0.000385383
-0.000387772
-0.000376305
-0.000351628
-0.000315413
-0.000270138
-0.000218754
-0.000164311
-0.000109648
-5.72123e-05
-9.03121e-06
3.32034e-05
6.80188e-05
9.40935e-05
0.000110286
0.000115756
0.000110129
9.36374e-05
6.71931e-05
3.23574e-05
-8.78175e-06
-5.37931e-05
-0.000100102
-0.000145173
-0.000186654
-0.000222479
-0.000250931
-0.000270674
-0.000280793
-0.000280811
-0.000270714
-0.000250959
-0.000222471
-0.000186613
-0.000145125
-0.000100023
-5.34852e-05
-7.7115e-06
3.52147e-05
7.34528e-05
0.000105512
0.000130334
0.000147353
0.000156498
0.000158148
0.000153026
0.000142077
0.000126352
0.000106933
8.49188e-05
6.14397e-05
3.7683e-05
1.48805e-05
-5.76885e-06
-2.32453e-05
-3.68965e-05
-4.66044e-05
-5.28539e-05
-5.66395e-05
-5.92127e-05
-6.17535e-05
-6.50862e-05
-6.95422e-05
-7.5008e-05
-8.11213e-05
-8.7518e-05
-9.40107e-05
-0.000100604
-0.000107325
-0.000113927
-0.000119608
-0.000122911
-0.000121892
-0.000114574
-9.95051e-05
-7.62427e-05
-4.55896e-05
-9.54419e-06
2.89589e-05
6.64e-05
9.9034e-05
0.000123237
0.000135852
0.000134527
0.00011801
8.63634e-05
4.11073e-05
-1.46953e-05
-7.64281e-05
-0.000138088
-0.000192759
-0.000233426
-0.000254026
-0.000250437
-0.000250437
-0.000221165
-0.000167564
-9.36692e-05
-5.75478e-06
8.82612e-05
0.000179595
0.000259589
0.000320883
0.000358536
0.000370779
0.000359085
0.000327465
0.00028116
0.000225127
0.000162767
9.52446e-05
2.15989e-05
-6.04188e-05
-0.000153018
-0.000256953
-0.000370425
-0.000488552
-0.000603494
-0.000705146
-0.000782287
-0.000824088
-0.00082181
-0.000770455
-0.000670003
-0.000525937
-0.000348812
-0.000152887
4.59696e-05
0.000232639
0.000394775
0.000524001
0.000616005
0.000669705
0.000685972
0.000666539
0.000613616
0.000530256
0.000421169
0.000293364
0.000156093
1.98897e-05
-0.000105113
-0.000211041
-0.00029367
-0.000352814
-0.000391526
-0.000414332
-0.00042511
-0.000425397
-0.000413764
-0.000386515
-0.000339441
-0.000269984
-0.000178976
-7.13335e-05
4.45419e-05
0.000158435
0.000260481
0.000343087
0.000402032
0.000436465
0.000447993
0.000439319
0.000413003
0.000370806
0.000313734
0.000242664
0.000159144
6.59949e-05
-3.25676e-05
-0.000131311
-0.000224693
-0.000307601
-0.000375857
-0.000426357
-0.000456923
-0.000466067
-0.000452874
-0.000417105
-0.000359478
-0.000281973
-0.000187992
-8.22636e-05
2.95054e-05
0.000141118
0.000246359
0.00033936
0.000414856
0.000468423
0.000496762
0.000498073
0.000472415
0.00042194
0.000350822
0.000264793
0.000170364
7.39306e-05
-1.89808e-05
-0.0001041
-0.000178389
-0.000239715
-0.000286447
-0.000317194
-0.000330808
-0.000326625
-0.000304793
-0.000266517
-0.000214093
-0.000150673
-7.98537e-05
-5.22668e-06
6.99413e-05
0.000142807
0.000210853
0.000271703
0.000322989
0.000362374
0.000387752
0.000397572
0.00039114
0.000368805
0.000331958
0.000282847
0.000224281
0.000159303
9.094e-05
2.20639e-05
-4.46251e-05
-0.000106555
-0.000161257
-0.000206411
-0.000239982
-0.000260395
-0.000266696
-0.00025864
-0.000236695
-0.000201969
-0.000156104
-0.000101172
-3.95784e-05
2.5999e-05
9.26829e-05
0.000157486
0.000217439
0.000269749
0.000311958
0.000342082
0.000358721
0.000361127
0.000349226
0.000323625
0.000285588
0.000236988
0.000180239
0.000118185
5.39686e-05
-9.12906e-06
-6.789e-05
-0.000119374
-0.000161126
-0.000191329
-0.000208896
-0.000213479
-0.000205418
-0.000185628
-0.000155474
-0.000116651
-7.10929e-05
-2.09082e-05
3.16685e-05
8.43279e-05
0.000134757
0.000180732
0.000220218
0.000251466
0.000273102
0.000284201
0.000284336
0.000273603
0.000252609
0.00022244
0.0001846
0.000140933
9.35251e-05
4.45854e-05
-3.66252e-06
-4.9091e-05
-8.97619e-05
-0.000124
-0.000150447
-0.00016811
-0.000176396
-0.000175132
-0.000164573
-0.000145395
-0.000118667
-8.57951e-05
-4.84509e-05
-8.47581e-06
3.22154e-05
7.17307e-05
0.00010829
0.000140299
0.00016641
0.000185553
0.000196974
0.000200255
0.000195343
0.000182556
0.000162577
0.000136419
0.000105381
7.09741e-05
3.48461e-05
-1.31126e-06
-3.58516e-05
-6.72531e-05
-9.41802e-05
-0.000115532
-0.000130476
-0.000138476
-0.000139314
-0.000133098
-0.00012026
-0.000101541
-7.7947e-05
-5.06993e-05
-2.11617e-05
9.2321e-06
3.90508e-05
6.69299e-05
9.16251e-05
0.000112056
0.000127347
0.000136865
0.000140242
0.000137397
0.00012854
0.000114157
9.49861e-05
7.19688e-05
4.62034e-05
1.88921e-05
-8.717e-06
-3.53885e-05
-5.99531e-05
-8.13538e-05
-9.86879e-05
-0.000111249
-0.000118563
-0.00012041
-0.000116831
-0.00010812
-9.48021e-05
-7.75984e-05
-5.73864e-05
-3.51549e-05
-1.1964e-05
1.10987e-05
3.29654e-05
5.26379e-05
6.92357e-05
8.20362e-05
9.05042e-05
9.43136e-05
9.33605e-05
8.77641e-05
7.78543e-05
6.4148e-05
4.73222e-05
2.81814e-05
7.62172e-06
-1.34099e-05
-3.39583e-05
-5.31066e-05
-7.00213e-05
-8.39885e-05
-9.44403e-05
-0.000100976
-0.000103379
-0.000101634
-9.59148e-05
-8.65755e-05
-7.41192e-05
-5.91747e-05
-4.24739e-05
-2.48241e-05
-7.06875e-06
9.95848e-06
2.54774e-05
3.87973e-05
4.93454e-05
5.66882e-05
6.05453e-05
6.07967e-05
5.74833e-05
5.0804e-05
4.11076e-05
2.8879e-05
1.47152e-05
-7.05058e-07
-1.66546e-05
-3.23924e-05
-4.72024e-05
-6.04318e-05
-7.15219e-05
-8.00276e-05
-8.56281e-05
-8.81344e-05
-8.74936e-05
-8.37903e-05
-7.72432e-05
-6.81988e-05
-5.71186e-05
-4.4556e-05
-3.1126e-05
-1.74718e-05
-1.74718e-05
-4.23156e-06
7.99376e-06
1.86668e-05
2.73349e-05
3.36439e-05
3.73485e-05
3.73485e-05
