-1.8525e-10
-2.83436e-09
-2.08401e-08
-1.01856e-07
-3.82424e-07
-1.18672e-06
-3.14e-06
-7.15334e-06
-1.40796e-05
-2.40574e-05
-3.59866e-05
-4.77078e-05
-5.69449e-05
-6.23618e-05
-6.39961e-05
-6.29153e-05
-6.04971e-05
-5.77846e-05
-5.51371e-05
-5.2215e-05
-4.82348e-05
-4.23761e-05
-3.42096e-05
-2.40122e-05
-1.28197e-05
-2.12647e-06
6.66308e-06
1.27483e-05
1.61283e-05
1.74045e-05
1.73535e-05
1.65246e-05
1.50348e-05
1.25949e-05
8.71167e-06
2.97566e-06
-4.67537e-06
-1.38208e-05
-2.36133e-05
-3.30115e-05
-4.10948e-05
-4.73189e-05
-5.15946e-05
-5.41645e-05
-5.53578e-05
-5.53601e-05
-5.41028e-05
-5.13032e-05
-4.66111e-05
-3.97945e-05
-3.08886e-05
-2.02501e-05
-8.4883e-06
3.69867e-06
1.57104e-05
2.71737e-05
3.79663e-05
4.81364e-05
5.77655e-05
6.68408e-05
7.51987e-05
8.25588e-05
8.86282e-05
9.32203e-05
9.63415e-05
9.82118e-05
9.92125e-05
9.9782e-05
0.000100303
0.000101034
0.000102098
0.000103526
0.00010531
0.000107453
0.000109968
0.000112843
0.000115976
0.000119116
0.000121864
0.000123718
0.000124165
0.000122786
0.000119313
0.000113637
0.000105746
9.56509e-05
8.33043e-05
6.85777e-05
5.12952e-05
3.13173e-05
8.64059e-06
-1.65214e-05
-4.37128e-05
-7.22851e-05
-0.000101514
-0.000130743
-0.000159495
-0.000187515
-0.000214725
-0.000241115
-0.000266619
-0.000291014
-0.000313884
-0.000334654
-0.000352684
-0.000367386
-0.000378328
-0.000385287
-0.000388237
-0.000387299
-0.000382673
-0.000374587
-0.000363268
-0.000348921
-0.000331705
-0.000311701
-0.000288887
-0.000263134
-0.000234255
-0.000202116
-0.000166781
-0.000128621
-8.83438e-05
-4.69118e-05
-5.35032e-06
3.54809e-05
7.5083e-05
0.000113414
0.000150871
0.000188174
0.000226219
0.000265927
0.000308125
0.00035345
0.00040227
0.000454628
0.00051021
0.000568353
0.000628078
0.000688121
0.000746963
0.000802825
0.00085364
0.000897027
0.000930328
0.000950743
0.000955576
0.000942524
0.000909966
0.000857176
0.000784378
0.000692578
0.00058313
0.00045712
0.000314825
0.000155572
-2.17078e-05
-0.00021724
-0.000428792
-0.000650314
-0.000871505
-0.00107874
-0.00125728
-0.00139409
-0.00148044
-0.00151322
-0.00149484
-0.00143163
-0.00133161
-0.0012024
-0.00104999
-0.000878708
-0.000692063
-0.000493985
-0.000289757
-8.61276e-05
0.000109462
0.000290264
0.000451632
0.000591874
0.00071222
0.000815965
0.000907179
0.000989458
0.00106505
0.00113449
0.00119649
0.00124819
0.00128545
0.0013036
0.00129853
0.00126813
0.00121369
0.0011408
0.00105938
0.000982442
0.000923858
0.000895491
0.000904709
0.000953102
0.0010369
0.00114885
0.00128039
0.00142254
0.00156349
0.00168173
0.00173692
0.00166939
0.00142159
0.000978216
0.000392975
-0.000230973
-0.000798545
-0.00126984
-0.00166176
-0.00201607
-0.00236608
-0.00271817
-0.00304752
-0.00330583
-0.00343781
-0.00339997
-0.00317712
-0.0027926
-0.0023052
-0.00178892
-0.0013042
-0.000877752
-0.000502305
-0.000153627
0.000187758
0.000522223
0.000828629
0.00107161
0.00121399
0.00123016
0.00111606
0.000892011
0.000596514
0.000273047
-4.43902e-05
-0.000339907
-0.000614448
-0.000876157
-0.00112847
-0.00136241
-0.00155619
-0.00168121
-0.00171124
-0.00163113
-0.0014419
-0.0011605
-0.000814237
-0.000432126
-3.68525e-05
0.000359204
0.000752396
0.00114204
0.00152381
0.00188564
0.00220795
0.0024677
0.00264422
0.00272444
0.00270557
0.00259462
0.00240499
0.00215182
0.00184802
0.00150236
0.00112035
0.00070671
0.000267859
-0.000187519
-0.000650372
-0.0011145
-0.00157851
-0.00204388
-0.00250879
-0.0029602
-0.00336887
-0.00369123
-0.00387868
-0.00389118
-0.00370969
-0.00334264
-0.002824
-0.00220378
-0.00153472
-0.000860111
-0.000207054
0.00041293
0.00099706
0.00154186
0.00203567
0.00245655
0.00277612
0.00296766
0.0030145
0.0029156
0.00268599
0.00235243
0.00194578
0.00149277
0.0010096
0.000499727
-4.25767e-05
-0.000623141
-0.00123584
-0.00185295
-0.00242363
-0.002883
-0.00316938
-0.00324304
-0.00309869
-0.00276672
-0.0023029
-0.00177065
-0.00122275
-0.000689655
-0.000178314
0.000318439
0.000318439
0.000806894
0.00127919
0.00170822
0.00205304
0.00227163
0.00233473
0.00223427
0.00198332
0.00160891
0.00114196
0.000609507
3.24632e-05
-0.000570579
-0.00117621
-0.00175004
-0.00224569
-0.00261066
-0.00279771
-0.00277775
-0.00254885
-0.00213796
-0.00159434
-0.0009773
-0.000342713
0.00026703
0.000826756
0.00132559
0.00175965
0.00212409
0.00240818
0.00259549
0.0026687
0.00261654
0.0024396
0.00215239
0.00178098
0.0013573
0.000912505
0.000471773
5.22421e-05
-0.000335757
-0.000685161
-0.00098827
-0.00123436
-0.00140991
-0.00150128
-0.00149852
-0.00139869
-0.00120725
-0.000937168
-0.000606362
-0.000234805
0.000157363
0.000550083
0.000922443
0.00125193
0.00151539
0.0016922
0.00176888
0.00174292
0.00162398
0.0014315
0.00118954
0.000920872
0.000642479
0.000364099
8.99646e-05
-0.000177266
-0.000432288
-0.00066457
-0.00085864
-0.000997257
-0.00106634
-0.00105989
-0.00098317
-0.000852957
-0.000694378
-0.000534728
-0.000395848
-0.000287682
-0.000205686
-0.000133475
-4.97652e-05
6.32004e-05
0.00021316
0.000395603
0.000596229
0.000796561
0.000980007
0.00113558
0.00125746
0.00134037
0.0013733
0.00133566
0.00120018
0.000943388
0.000560062
7.41768e-05
-0.000460012
-0.000968706
-0.00137733
-0.00163004
-0.00170268
-0.00160527
-0.00137414
-0.00105822
-0.000705128
-0.000351844
-2.17285e-05
0.00027352
0.000529825
0.000747092
0.000927054
0.00107242
0.00118654
0.00127293
0.00133434
0.00137168
0.0013833
0.0013654
0.00131356
0.00122523
0.00110202
0.000950595
0.000781448
0.000605937
0.000433037
0.000267501
0.000110387
-3.85242e-05
-0.000177853
-0.000302862
-0.000405619
-0.000476922
-0.000509101
-0.000498484
-0.000446554
-0.000359339
-0.000245358
-0.000113055
3.10853e-05
0.000182878
0.000339047
0.000494791
0.000641548
0.000766185
0.000852321
0.000883563
0.000847657
0.000740146
0.000566311
0.000340775
8.49015e-05
-0.000177246
-0.000423158
-0.000635129
-0.000801636
-0.000916748
-0.00097817
-0.000984999
-0.000936221
-0.000830536
-0.000667405
-0.000448755
-0.000180564
0.000126239
0.000455705
0.000787383
0.00109716
0.00135852
0.00154465
0.001632
0.00160499
0.00146042
0.00120983
0.00087802
0.000497702
0.000101818
-0.000283858
-0.000645146
-0.000979304
-0.00129039
-0.00158209
-0.00185105
-0.00208376
-0.00225832
-0.00235058
-0.0023419
-0.00222553
-0.00200898
-0.00171171
-0.00135946
-0.000977465
-0.000585448
-0.000195817
0.000184645
0.00055091
0.000895747
0.00120765
0.00147162
0.00167245
0.00179892
0.00184711
0.00182125
0.00173198
0.00159278
0.00141615
0.00121125
0.00098353
0.000736323
0.000473078
0.000198867
-7.99109e-05
-0.000357625
-0.000632017
-0.00090513
-0.00118073
-0.00145848
-0.00172758
-0.00196407
-0.00213444
-0.00220504
-0.00215402
-0.00198065
-0.00170825
-0.00137918
-0.00104357
-0.000745894
-0.000514358
-0.0003566
-0.00026272
-0.00021354
-0.000190226
-0.000181239
-0.000184227
-0.000202894
-0.000241019
-0.000296866
-0.000360705
-0.000416605
-0.00044759
-0.000441759
-0.000396564
-0.000319312
-0.000223689
-0.000123863
-2.87297e-05
6.12952e-05
0.000153633
0.000259297
0.000386625
0.000535212
0.000692287
0.000833223
0.000926896
0.000944968
0.000872229
0.00071385
0.000495943
0.000258442
4.27098e-05
-0.000121269
-0.000223127
-0.000272824
-0.000293977
-0.000312772
-0.000346804
-0.000397938
-0.000451537
-0.000482022
-0.000462568
-0.000375589
-0.000220797
-1.85133e-05
0.000192886
0.000365387
0.000453988
0.000430037
0.000290377
5.82527e-05
-0.000224911
-0.000513619
-0.000772489
-0.000984934
-0.0011536
-0.00129352
-0.0014218
-0.00154836
-0.00167084
-0.00177475
-0.00183758
-0.00183486
-0.001746
-0.00155841
-0.00126942
-0.000885951
-0.000423083
9.77772e-05
0.000650352
0.00120471
0.00172871
0.00219012
0.00255956
0.00281366
0.00293769
0.00292659
0.00278425
0.00252114
0.00215147
0.00169105
0.00115691
0.000568488
-5.04542e-05
-0.000670835
-0.00125909
-0.00178006
-0.00220104
-0.00249556
-0.00264581
-0.00264302
-0.00248631
-0.00218091
-0.00218091
-0.00173688
-0.00116919
-0.000499458
0.000241394
0.00101152
0.00175964
0.00243101
0.00297682
0.00336358
0.00357865
0.00362929
0.00353615
0.0033241
0.00301434
0.00262069
0.00215094
0.00161202
0.00101621
0.000385392
-0.000248806
-0.000849476
-0.00138184
-0.00182084
-0.00215583
-0.00239077
-0.00253979
-0.00262012
-0.00264501
-0.00261914
-0.00253789
-0.00239032
-0.00216441
-0.00185269
-0.00145635
-0.000987075
-0.000466136
7.82346e-05
0.00061433
0.00111019
0.00153609
0.00186629
0.00208058
0.00216584
0.00211794
0.00194331
0.00165948
0.00129387
0.000880338
0.000454159
4.6495e-05
-0.0003197
-0.000630963
-0.000881338
-0.00106803
-0.00118661
-0.00122796
-0.00117851
-0.00102401
-0.000755789
-0.00037706
9.31966e-05
0.000620478
0.00115935
0.00166103
0.00208168
0.0023889
0.00256489
0.00260582
0.00251812
0.0023137
0.00200563
0.00160583
0.00112533
0.000576443
-2.41058e-05
-0.000652697
-0.00127812
-0.00186322
-0.00236867
-0.00275783
-0.00300152
-0.0030815
-0.00299189
-0.00273868
-0.0023379
-0.0018132
-0.00119389
-0.00051359
0.000190546
0.000878562
0.00150919
0.00204255
0.00244398
0.00268837
0.00276381
0.00267362
0.00243602
0.00208149
0.00164822
0.00117656
0.00070366
0.000259394
-0.000135811
-0.000470943
-0.00074259
-0.000952012
-0.001102
-0.0011945
-0.00122963
-0.00120642
-0.00112475
-0.000987626
-0.000802636
-0.000582028
-0.000341241
-9.65879e-05
0.000136988
0.000347246
0.000524778
0.000662265
0.000753626
0.000793784
0.000779296
0.000709559
0.000587923
0.00042202
0.000222895
3.02073e-06
-0.000226182
-0.000456445
-0.000683576
-0.000906835
-0.00112696
-0.00134354
-0.00155272
-0.00174604
-0.00191102
-0.00203314
-0.00209864
-0.00209719
-0.00202356
-0.00187784
-0.00166462
-0.0013916
-0.00106827
-0.000705432
-0.00031523
8.85281e-05
0.000490408
0.000874147
0.00122422
0.00152772
0.00177587
0.00196447
0.00209302
0.00216294
0.00217577
0.00213212
0.00203244
0.00187966
0.00168411
0.00147054
0.00128527
0.00119458
0.00126079
0.00149738
0.00183431
0.00213336
0.00225407
0.00212113
0.00174494
0.00119587
0.000563862
-7.4255e-05
-0.000675107
-0.00123438
-0.00177647
-0.00233307
-0.00291798
-0.00350571
-0.0040253
-0.00437774
-0.0044712
-0.00425419
-0.00372903
-0.00294182
-0.00195907
-0.000844734
0.000353575
0.00160721
0.0028995
0.00421195
0.00550814
0.00672195
0.00775632
0.00849543
0.00882776
0.00867229
0.00799865
0.00683526
0.00526429
0.00340649
0.00140055
-0.000618059
-0.00253354
-0.00425807
-0.00573115
-0.00691294
-0.0077764
-0.0083023
-0.0084785
-0.00830237
-0.00778378
-0.00694636
-0.00582634
-0.00446959
-0.00292863
-0.00126103
0.000469944
0.0021933
0.00382859
0.00528684
0.00647548
0.00730715
0.00771028
0.00763831
0.0070747
0.0060324
0.00454861
0.0026779
0.00048695
-0.00194659
-0.00453114
-0.00715654
-0.00969167
-0.011988
-0.0138906
-0.0152562
-0.0159719
-0.0159711
-0.0152397
-0.0138135
-0.0117662
-0.00919527
-0.00621095
-0.00292996
0.00052414
0.00401771
0.00740515
0.0105318
0.0132431
0.0153981
0.0168839
0.0176265
0.0175955
0.0168025
0.0152946
0.0131479
0.0104621
0.00735831
0.00397734
0.000477401
-0.00297304
-0.00620703
-0.00907433
-0.0114564
-0.0132765
-0.0145027
-0.0151404
-0.01522
-0.0147811
-0.0138612
-0.0124922
-0.0107046
-0.00853711
-0.00604681
-0.00331452
-0.000443467
0.00244857
0.00524082
0.00782112
0.0100941
0.0119844
0.0134342
0.0143993
0.0148448
0.0147443
0.0140831
0.0128635
0.0111105
0.00887468
0.00623231
0.00328222
0.000141003
-0.003062
-0.00618921
-0.00909917
-0.0116518
-0.0137162
-0.0151808
-0.0159648
-0.0160284
-0.0153755
-0.0140513
-0.0121322
-0.00971507
-0.0069085
-0.00382915
-0.000600851
0.00264518
0.00577215
0.00864251
0.0111256
0.0131065
0.0144951
0.0152325
0.015294
0.0146886
0.0134556
0.0116599
0.00938795
0.00674573
0.00674573
0.00385645
0.000858531
-0.00209828
-0.00485962
-0.00727641
-0.00921804
-0.0105867
-0.0113298
-0.011445
-0.0109766
-0.0100021
-0.00861405
-0.00690302
-0.00494725
-0.00281194
-0.000557299
0.00174882
0.00402005
0.00614824
0.00801052
0.00948521
0.0104714
0.0109052
0.0107681
0.0100847
0.00891265
0.00732896
0.00541837
0.00326669
0.000960166
-0.00141124
-0.00375022
-0.00595135
-0.00790527
-0.00950695
-0.010666
-0.0113158
-0.0114188
-0.0109677
-0.00998251
-0.00850563
-0.00659751
-0.00433343
-0.00180217
0.000894289
0.00364188
0.00631767
0.00879604
0.0109573
0.0126975
0.0139362
0.0146222
0.0147349
0.0142813
0.0132927
0.0118193
0.0099276
0.0076975
0.00522151
0.00260286
-4.7397e-05
-0.00261486
-0.00498749
-0.00706165
-0.00874784
-0.00997563
-0.0106979
-0.0108952
-0.0105798
-0.00979937
-0.00863848
-0.00721234
-0.00565251
-0.00408519
-0.00260932
-0.00128296
-0.000123403
0.000879384
0.00174197
0.00246793
0.00303717
0.00340813
0.00353131
0.00336859
0.0029106
0.00218506
0.00125328
0.000196277
-0.000903219
-0.00197594
-0.00297298
-0.00386343
-0.00462575
-0.00523825
-0.00567382
-0.00590163
-0.00589499
-0.0056417
-0.00515173
-0.00445804
-0.00360971
-0.00265954
-0.00165131
-0.000611987
0.000447875
0.00152574
0.00261447
0.00369121
0.00471323
0.00562329
0.00636353
0.00689248
0.00719852
0.0073038
0.00725688
0.00711704
0.00693682
0.00674949
0.00656573
0.00637923
0.00617674
0.00594601
0.00567576
0.00534673
0.0049194
0.00432933
0.00350016
0.00237477
0.000952673
-0.000685981
-0.00238541
-0.00395042
-0.00520145
-0.0060275
-0.00641661
-0.00645181
-0.00627369
-0.00602377
-0.00579127
-0.00558489
-0.00534108
-0.00496409
-0.00437913
-0.00357453
-0.00261444
-0.00161778
-0.000714122
3.02071e-06
0.000505817
0.000833637
0.00106821
0.0012947
0.0015656
0.00188131
0.00219286
0.00242221
0.00248941
0.0023355
0.00193527
0.0012997
0.000471133
-0.000485567
-0.00149394
-0.00247746
-0.00336975
-0.00412153
-0.0047031
-0.00510268
-0.00532205
-0.00537156
-0.00526555
-0.00501924
-0.00464723
-0.00416367
-0.00358355
-0.00292391
-0.00220383
-0.00144279
-0.000658327
0.000135414
0.000926901
0.00170446
0.00245318
0.00315353
0.00378285
0.00431961
0.00474902
0.00506747
0.00528329
0.00541155
0.00546271
0.00542826
0.00527047
0.00492501
0.00432095
0.00341361
0.00221618
0.000814084
-0.000647054
-0.00199653
-0.00308305
-0.00381161
-0.00415952
-0.00416749
-0.00391126
-0.00346707
-0.00288597
-0.00218844
-0.00138061
-0.000482759
0.00044674
0.00130768
0.00197977
0.00236169
0.00240935
0.0021547
0.00169577
0.00116159
0.000667175
0.000277299
-6.45107e-06
-0.000231385
-0.000459554
-0.000729239
-0.00102897
-0.00129525
-0.00143452
-0.00135945
-0.00102356
-0.000439707
0.000323907
0.00116689
0.0019877
0.00270955
0.00329214
0.00372673
0.00401999
0.00417554
0.00418287
0.00401854
0.00365818
0.00309226
0.00233723
0.00143647
0.000451737
-0.000549722
-0.00150603
-0.00236531
-0.00308418
-0.00362336
-0.00394479
-0.00401333
-0.00380407
-0.00331317
-0.00256842
-0.00163383
-0.000604035
0.000412407
0.00131611
0.00203779
0.00254853
0.00285529
0.00298423
0.00295961
0.00278749
0.00245118
0.0019199
0.00116688
0.000189152
-0.000979087
-0.00226546
-0.00357143
-0.00479293
-0.00584159
-0.00665855
-0.00721653
-0.00751102
-0.00754634
-0.00732357
-0.0068361
-0.00607411
-0.00503565
-0.00373906
-0.00223138
-0.000589782
0.00108459
0.00267807
0.0040781
0.00518586
0.00592576
0.0062509
0.00614532
0.00562407
0.00473184
0.00353945
0.00213634
0.000618655
-0.000925149
-0.00242635
-0.00384017
-0.00513933
-0.00629922
-0.00728128
-0.00802322
-0.00844194
-0.00844963
-0.00797745
-0.00699807
-0.00553859
-0.00367912
-0.00153798
0.000750991
0.00306083
0.00528574
0.00734369
0.00916868
0.010699
0.011869
0.0126103
0.0128626
0.0125899
0.0117946
0.0117946
0.0105232
0.00886156
0.00692032
0.00481725
0.00266187
0.000546855
-0.00145271
-0.00327477
-0.00486455
-0.00617119
-0.00714903
-0.00776274
-0.00799392
-0.0078458
-0.00734357
-0.00652999
-0.00545831
-0.00418622
-0.00277367
-0.00128361
0.000218648
0.00167008
0.00301463
0.00420185
0.00518051
0.00589607
0.00629744
0.00634892
0.00603904
0.00538296
0.00441933
0.00320381
0.00180136
0.00027989
-0.00129354
-0.00285405
-0.00433807
-0.00568106
-0.0068165
-0.00767897
-0.00821207
-0.00837803
-0.00816496
-0.00758854
-0.0066885
-0.00552208
-0.00415712
-0.00266671
-0.00112564
0.000391718
0.00181298
0.00306982
0.0041013
0.00485851
0.00531002
0.00544609
0.00527998
0.00484506
0.00418843
0.00336329
0.00242253
0.00141521
0.000386388
-0.000621055
-0.00156427
-0.00239996
-0.00308664
-0.00358956
-0.00388675
-0.00397362
-0.00386383
-0.00358554
-0.00317415
-0.00266441
-0.00208485
-0.00145633
-0.000794567
-0.000114792
0.000563755
0.00121559
0.00180997
0.00231473
0.00270166
0.0029514
0.00305609
0.00301916
0.00285241
0.00257208
0.00219523
0.00173771
0.00121397
0.000638294
2.66113e-05
-0.000601865
-0.00122412
-0.00181439
-0.0023466
-0.00279743
-0.00314862
-0.0033875
-0.00350583
-0.00349782
-0.0033591
-0.00308749
-0.00268539
-0.00216282
-0.00153948
-0.000844731
-0.000115223
0.000609407
0.00129157
0.00190001
0.00241226
0.00281465
0.00310062
0.00326804
0.00331716
0.00324965
0.00306922
0.00278381
0.00240902
0.00197104
0.00150556
0.00105104
0.000639116
0.000288779
7.75907e-06
-0.000201557
-0.000336589
-0.000392077
-0.000360749
-0.000236394
-1.80396e-05
0.000286625
0.000660055
0.00107645
0.00150612
0.00192156
0.00230303
0.00264134
0.00293665
0.00319471
0.00342241
0.00362452
0.00380198
0.00395135
0.00406426
0.00412605
0.00411336
0.00399219
0.00371894
0.00324704
0.00253894
0.00158036
0.000391182
-0.000971519
-0.00241988
-0.00384909
-0.00515424
-0.00624582
-0.00706073
-0.00756716
-0.00776342
-0.00767159
-0.00732825
-0.00677492
-0.00605051
-0.00518714
-0.0042096
-0.00313778
-0.00199108
-0.000793479
0.000422488
0.00161425
0.00273108
0.0037189
0.0045264
0.00511063
0.00544074
0.00549977
0.00528501
0.00480768
0.00409217
0.00317472
0.0021015
0.00092576
-0.000295545
-0.00150547
-0.00265061
-0.00368392
-0.00456628
-0.00526649
-0.00575997
-0.00602657
-0.00604864
-0.00581032
-0.00529937
-0.00451194
-0.00345958
-0.00217617
-0.000721792
0.000819742
0.00235023
0.0037714
0.00499943
0.00597437
0.00666161
0.00704622
0.00712468
0.00689909
0.00637734
0.00557825
0.0045381
0.00331375
0.00197933
0.000616605
-0.000698041
-0.00190524
-0.00296843
-0.0038716
-0.00461025
-0.00517968
-0.00556569
-0.00574172
-0.00567372
-0.00533099
-0.00469937
-0.003792
-0.00265389
-0.00135818
5.33851e-06
0.00134603
0.00258733
0.00367555
0.00457988
0.00528483
0.00577942
0.00604908
0.00607414
0.00583573
0.00532582
0.00455664
0.00356505
0.00241002
0.00116455
-9.5009e-05
-0.0012983
-0.00238671
-0.00331471
-0.00404801
-0.00456074
-0.00483426
-0.00485863
-0.00463644
-0.00418666
-0.0035459
-0.00276516
-0.00190239
-0.00101279
-0.00014011
0.000688098
0.00145969
0.00217202
0.00282345
0.00340584
0.00390108
0.00428288
0.00452264
0.00459697
0.00449382
0.00421536
0.00377726
0.00320495
0.0025288
0.00177982
0.000987164
0.00017751
-0.000624357
-0.00139468
-0.00211019
-0.00274784
-0.00328463
-0.00369757
-0.00396446
-0.00406584
-0.00398799
-0.0037261
-0.00328675
-0.00268885
-0.00196276
-0.00114779
-0.000288444
0.000569922
0.00138548
0.00212336
0.00275752
0.00327038
0.00365076
0.00389091
0.0039838
0.00392153
0.00369472
0.00329309
0.00270746
0.00193386
0.000979659
-0.000130264
-0.00135023
-0.00261583
-0.00385164
-0.00498224
-0.00594294
-0.00668699
-0.00718736
-0.00743364
-0.00742598
-0.00716921
-0.00666972
-0.0059363
-0.00498423
-0.00383986
-0.00254283
-0.00254283
-0.00114434
0.000297282
0.00172078
0.0030632
0.00425842
0.00523624
0.00592647
0.0062698
0.00623317
0.00582331
0.0050919
0.00412862
0.00304307
0.00194119
0.000903371
-2.9152e-05
-0.000856214
-0.00160885
-0.0023308
-0.00305697
-0.00379494
-0.00451502
-0.00515157
-0.0056153
-0.00581367
-0.00567408
-0.00516348
-0.00429847
-0.00314306
-0.00179514
-0.00036683
0.00103508
0.00232303
0.00343466
0.00433135
0.00499236
0.00540801
0.00557489
0.00549453
0.00517484
0.00463281
0.00389645
0.00300474
0.00200533
0.000950911
-0.000104796
-0.00111046
-0.00201963
-0.00279205
-0.00339405
-0.00379844
-0.00398462
-0.00393953
-0.00365945
-0.00315186
-0.00243585
-0.00154068
-0.000502759
0.000636426
0.00182956
0.0030193
0.00413319
0.00508225
0.00576718
0.00609256
0.00598562
0.00541374
0.00439504
0.00299899
0.00133639
-0.000458654
-0.00225035
-0.00392064
-0.00538119
-0.00657532
-0.00747121
-0.008051
-0.00830127
-0.00820907
-0.00776476
-0.00696938
-0.0058428
-0.00442878
-0.00279425
-0.00102281
0.000795129
0.00257162
0.00422586
0.00568305
0.00687003
0.00771308
0.00814292
0.00810743
0.00758758
0.00660871
0.00524137
0.00359045
0.00177687
-8.12657e-05
-0.0018819
-0.00354334
-0.0050002
-0.00619472
-0.00706866
-0.00756083
-0.00761309
-0.0071836
-0.00626211
-0.00488047
-0.00311303
-0.00106632
0.00113775
0.0033784
0.0055464
0.00754614
0.00929111
0.0106979
0.0116834
0.0121689
0.0120906
0.0114142
0.010148
0.00834944
0.00612207
0.00360328
0.000946901
-0.00169385
-0.00417916
-0.00638948
-0.00822719
-0.00961566
-0.0104981
-0.0108386
-0.0106259
-0.00987893
-0.00865115
-0.00702995
-0.00512919
-0.00307517
-0.000990232
0.00102099
0.00287848
0.00452612
0.0059251
0.00704508
0.00785693
0.00832975
0.00843349
0.00814597
0.00746172
0.00639945
0.00500498
0.00334873
0.00151802
-0.000393059
-0.00229349
-0.00410211
-0.00575018
-0.00717993
-0.00834068
-0.00918489
-0.00966672
-0.00974491
-0.00939004
-0.00859421
-0.00737942
-0.00580087
-0.00394336
-0.0019114
0.000183694
0.00223581
0.00415208
0.00585594
0.00728625
0.00839475
0.00914433
0.00950922
0.00947684
0.00904927
0.0082427
0.00708444
0.00560925
0.00385802
0.00188097
-0.000255289
-0.00246036
-0.00461736
-0.00658916
-0.00823404
-0.00942727
-0.0100817
-0.0101608
-0.00968011
-0.00869834
-0.0073014
-0.00558696
-0.00365384
-0.00159821
0.000484962
0.00249931
0.00434723
0.00593508
0.00718301
0.00803646
0.00847466
0.00851236
0.00819334
0.00757778
0.0067284
0.00570039
0.00453812
0.0032784
0.0019567
0.000612505
-0.000709377
-0.00196181
-0.00310079
-0.00409069
-0.00490687
-0.0055347
-0.00596553
-0.00619179
-0.00620398
-0.00599161
-0.00554803
-0.00487725
-0.0039995
-0.00295295
-0.00179056
-0.000573131
0.000639103
0.0017932
0.00284629
0.00376362
0.00451337
0.00506147
0.00536998
0.00540121
0.00512674
0.00453818
0.00365546
0.00252953
0.00123812
-0.000124346
-0.00146017
-0.00268136
-0.00371906
-0.00452714
-0.00508055
-0.00537037
-0.005399
-0.00517746
-0.00472505
-0.00406946
-0.00324551
-0.0022918
-0.00124659
-0.00014485
0.00098202
0.00210389
0.00318825
0.0041971
0.00508577
0.00580478
0.00630476
0.00654362
0.00649425
0.00615064
0.00553052
0.00467383
0.00363791
0.00249052
0.0013026
0.000141542
-0.000934421
-0.00188043
-0.00266793
-0.00328605
-0.00374078
-0.00405144
-0.00424441
-0.00434546
-0.00437286
-0.00433352
-0.00422326
-0.00403055
-0.003742
-0.00334752
-0.00284411
-0.00223792
-0.00154495
-0.000790215
-5.82719e-06
0.000771902
0.0015054
0.00215806
0.00269545
0.00308572
0.00330045
0.00331667
0.00312033
0.0027106
0.00210353
0.0013339
0.000454022
-0.000471058
-0.00137147
-0.0021818
-0.00284926
-0.00333845
-0.00363178
-0.00372649
-0.00363019
-0.00335742
-0.00292812
-0.00236804
-0.00170948
-0.000991022
-0.000255473
0.000453762
0.00109681
0.00164083
0.00164083
0.00206218
0.00234724
0.00249246
0.00250408
0.00239739
0.00219522
0.00192537
0.00161719
0.00129819
0.000991474
0.000714583
0.000479712
0.000294846
0.00016507
9.33196e-05
8.00341e-05
0.000121623
0.000208254
0.00032204
0.00043679
0.000519939
0.000536419
0.000453828
0.00024835
-8.90152e-05
-0.000546877
-0.00109052
-0.001664
-0.00219843
-0.0026251
-0.00288941
-0.00296091
-0.00283621
-0.0025343
-0.00208696
-0.00152845
-0.000888428
-0.000190811
0.000542037
0.00128283
0.0019952
0.00263538
0.0031598
0.00353535
0.00374702
0.00379921
0.00371006
0.00350174
0.00319135
0.0027866
0.00228797
0.00169606
0.00102057
0.000286464
-0.000465845
-0.00118695
-0.00182937
-0.00235864
-0.00276001
-0.00303817
-0.00321058
-0.00329716
-0.00331096
-0.00325293
-0.00311255
-0.00287326
-0.00252053
-0.0020495
-0.00146964
-0.000805041
-9.07436e-05
0.000632858
0.00132503
0.00194732
0.00246389
0.00284138
0.0030504
0.00306943
0.00289002
0.0025209
0.00198865
0.00133448
0.000608044
-0.00013989
-0.000863737
-0.00152707
-0.00210368
-0.00257609
-0.00293244
-0.00316348
-0.00326083
-0.00321724
-0.00302861
-0.00269663
-0.00223122
-0.00165215
-0.000989261
-0.000280981
0.000429259
0.00109858
0.00169104
0.00218311
0.00256643
0.00284688
0.00304022
0.00316612
0.00324227
0.00328068
0.00328654
0.00325934
0.00319513
0.00308861
0.00293453
0.00272816
0.00246556
0.00214396
0.00176252
0.00132312
0.000831075
0.000295579
-0.000270157
-0.000849083
-0.00142093
-0.00196332
-0.00245325
-0.00286844
-0.00318839
-0.00339496
-0.00347315
-0.0034122
-0.00320739
-0.00286184
-0.0023875
-0.00180506
-0.00114249
-0.000432814
0.000288057
0.000983085
0.00161514
0.0021479
0.00254727
0.00278372
0.00283539
0.00269112
0.00235244
0.00183379
0.00116089
0.00036795
-0.000505207
-0.00141524
-0.00231621
-0.00316005
-0.00389766
-0.00448174
-0.00487109
-0.00503563
-0.00496039
-0.00464725
-0.00411408
-0.00339166
-0.00252006
-0.00154536
-0.000517834
0.000509172
0.00148048
0.00234163
0.0030431
0.00354565
0.00382528
0.00387649
0.00371228
0.00336067
0.00285858
0.00224479
0.00155423
0.00081515
4.95965e-05
-0.000723402
-0.00148358
-0.00220595
-0.00285951
-0.0034089
-0.00381849
-0.00405781
-0.00410673
-0.00395861
-0.00362092
-0.00311324
-0.00246379
-0.00170576
-0.000874444
-5.53777e-06
0.000865631
0.00170467
0.00247915
0.00316044
0.00372656
0.00416526
0.00447627
0.00467112
0.00476943
0.00479206
0.00475339
0.00465609
0.00449064
0.00424006
0.0038879
0.00342635
0.00286154
0.00221397
0.00151386
0.000793219
7.824e-05
-0.000614433
-0.00127577
-0.00189799
-0.00246743
-0.00296049
-0.00334486
-0.00358566
-0.00365389
-0.00353428
-0.00322961
-0.00276048
-0.00216073
-0.0014705
-0.000729389
2.7917e-05
0.000772655
0.0014802
0.00212718
0.00268931
0.00314103
0.0034569
0.0036144
0.00359714
0.00339788
0.00302075
0.00248213
0.00181037
0.00104411
0.00022965
-0.0005829
-0.00134429
-0.00201111
-0.00255014
-0.00294099
-0.00317671
-0.00326239
-0.00321226
-0.00304608
-0.0027854
-0.00245041
-0.00205774
-0.00161951
-0.00114369
-0.000635671
-0.000101014
0.000451296
0.00100573
0.00153826
0.0020163
0.00240126
0.00265349
0.00273906
0.0026366
0.00234273
0.00187434
0.00126732
0.000571977
-0.000154128
-0.000854382
-0.00148072
-0.00199891
-0.00239027
-0.00264973
-0.00278128
-0.00279265
-0.00269125
-0.00248256
-0.00217123
-0.00176393
-0.00127253
-0.000716015
-0.000120373
0.000483815
0.00106511
0.00159507
0.00205096
0.00241667
0.00268202
0.00284125
0.00289166
0.00283316
0.00266882
0.00240602
0.00205751
0.00164165
0.00118137
0.000702229
0.000229903
-0.000212076
-0.000603737
-0.000929169
-0.00117646
-0.00133775
-0.00140991
-0.00139571
-0.00130484
-0.00115366
-0.000963491
-0.000757467
-0.000557051
-0.000379203
-0.000234847
-0.000128644
-5.96644e-05
-2.24835e-05
-8.61456e-06
-8.49071e-06
-1.42125e-05
-2.28224e-05
-2.28224e-05
-3.92229e-05
-7.73904e-05
-0.000158641
-0.00030656
-0.000539566
-0.000863271
-0.00126525
-0.00171429
-0.00216488
-0.00256567
-0.00286932
-0.00304041
-0.00305896
-0.00291933
-0.00262615
-0.00218989
-0.00162477
-0.00094995
-0.000193381
0.000604386
0.00138954
0.00209979
0.00267422
0.00306542
0.00324915
0.00322768
0.00302534
0.0026778
0.00221964
0.00167502
0.00105519
0.000363507
-0.000394066
-0.00119767
-0.00200624
-0.00275794
-0.00337923
-0.00380013
-0.00397064
-0.00387259
-0.00352264
-0.00296565
-0.00226123
-0.00146866
-0.000635384
0.000207222
0.00104074
0.00185174
0.00262311
0.00332879
0.00393381
0.00439946
0.00469068
0.00478247
0.00466262
0.00433076
0.00379516
0.00307016
0.00217598
0.00114132
7.02771e-06
-0.00117175
-0.00232742
-0.00338668
-0.0042808
-0.00495636
-0.00538281
-0.00555431
-0.00548525
-0.00520152
-0.00473094
-0.0040963
-0.00331357
-0.00239533
-0.00135736
-0.000225333
0.000961728
0.00215251
0.00328872
0.00431225
0.00517156
0.00582525
0.00624258
0.00640231
0.00629171
0.00590712
0.005256
0.0043596
0.00325444
0.00199162
0.000633317
-0.000752841
-0.00210002
-0.00334737
-0.00444278
-0.00534282
-0.00601064
-0.00641391
-0.00652451
-0.00632134
-0.00579533
-0.00495495
-0.00382981
-0.00247071
-0.000946277
0.000662837
0.00227011
0.00378846
0.00513437
0.00623169
0.00701599
0.00743953
0.0074762
0.00712484
0.00640958
0.00537655
0.00408769
0.00261327
0.00102533
-0.000606375
-0.0022156
-0.00373876
-0.00511399
-0.00628161
-0.00718704
-0.00778564
-0.00804816
-0.007965
-0.00754771
-0.00682721
-0.00584916
-0.00466782
-0.00334036
-0.00192318
-0.000471049
0.000961802
0.00232015
0.00354787
0.00459077
0.00540173
0.00594675
0.00620963
0.00619343
0.00591821
0.00541572
0.00472314
0.0038777
0.00291409
0.00186481
0.000762891
-0.000354829
-0.00144563
-0.00246145
-0.00335198
-0.00406946
-0.00457321
-0.00483279
-0.00482938
-0.00455574
-0.00401595
-0.0032253
-0.00221078
-0.00101164
0.000320449
0.00172245
0.0031228
0.00444641
0.0056211
0.00658422
0.00728769
0.00770037
0.00780744
0.00760796
0.0071118
0.00633745
0.00531106
0.00406665
0.00264666
0.00110193
-0.000509308
-0.00212372
-0.00367588
-0.00510149
-0.00634047
-0.00733958
-0.00805505
-0.00845488
-0.00852092
-0.00825024
-0.00765556
-0.0067648
-0.00561945
-0.00427194
-0.00278204
-0.00121273
0.000373665
0.00191862
0.0033691
0.00467798
0.0058037
0.00670976
0.00736482
0.00774374
0.00782916
0.00761335
0.0070994
0.00630181
0.00524657
0.00397117
0.00252429
0.000964852
-0.000640349
-0.00222044
-0.0037055
-0.00503178
-0.00614607
-0.00700809
-0.0075903
-0.00787537
-0.00785272
-0.00751623
-0.00686484
-0.00590643
-0.0046634
-0.00317731
-0.00150999
0.000259947
0.00204435
0.00375453
0.00530917
0.00663922
0.0076892
0.00841574
0.00878566
0.0087754
0.00837297
0.00758185
0.00642505
0.00494741
0.00321435
0.00130703
-0.000685101
-0.00267219
-0.00457046
-0.00630595
-0.00781552
-0.00904627
-0.00995478
-0.0105073
-0.0106814
-0.0104673
-0.00986984
-0.00890855
-0.00761661
-0.0060396
-0.00423379
-0.00226425
-0.00020277
0.00187436
0.00388869
0.00576199
0.00741898
0.00879079
0.00981893
0.0104591
0.0106835
0.010482
0.00986099
0.00884332
0.00746807
0.0057916
0.00388784
0.00184649
-0.00023202
-0.00224444
-0.00409422
-0.0057004
-0.00700375
-0.00796864
-0.00858034
-0.00883886
-0.00875176
-0.0083288
-0.00758056
-0.00652166
-0.00517717
-0.00358914
-0.00182013
4.84695e-05
0.00192326
0.00370906
0.0053193
0.00668382
0.00775223
0.00849281
0.00888836
0.0089313
0.00862031
0.00795995
0.00696354
0.00565791
0.0040878
0.00231748
0.00042811
-0.00148883
-0.00334044
-0.005041
-0.00651814
-0.00771556
-0.00859284
-0.00912361
-0.00929402
-0.0091025
-0.00856086
-0.00769611
-0.00655123
-0.00518399
-0.00366292
-0.00206148
-0.000451609
0.00110116
0.00254006
0.00254006
0.00381674
0.0048895
0.00572179
0.00628227
0.00654698
0.00650288
0.00615146
0.00551126
0.004618
0.00352225
0.00228514
0.000973082
-0.000347097
-0.00161197
-0.00276384
-0.00375217
-0.0045345
-0.00507783
-0.00536047
-0.00537413
-0.00512556
-0.00463689
-0.00394392
-0.00309261
-0.00213445
-0.00112195
-0.000105281
0.000869511
0.00176102
0.00253254
0.00315254
0.00359611
0.00384703
0.00389957
0.00375919
0.00344139
0.002969
0.00236861
0.00166759
0.000892519
6.95613e-05
-0.00077381
-0.00160702
-0.00239578
-0.0031034
-0.00369401
-0.00413647
-0.00440782
-0.00449492
-0.00439391
-0.00410818
-0.00364561
-0.00301654
-0.00223299
-0.00130957
-0.000266176
0.000868558
0.0020545
0.00323998
0.00436544
0.00537032
0.00620069
0.00681519
0.00718734
0.00730429
0.00716367
0.0067707
0.00613729
0.00528349
0.00424016
0.0030512
0.00177335
0.000472673
-0.000782059
-0.00192748
-0.00291302
-0.00370577
-0.00429165
-0.00467326
-0.00486489
-0.00488634
-0.00475714
-0.00449281
-0.00410412
-0.00359896
-0.00298543
-0.00227471
-0.00148288
-0.000631434
0.000253
0.00113969
0.00199539
0.00278648
0.00348143
0.00405315
0.00448077
0.00475038
0.00485467
0.00479158
0.00456266
0.00417208
0.00362706
0.00293979
0.00212994
0.00122654
0.000267829
-0.000701138
-0.00163278
-0.00248179
-0.00320901
-0.00378358
-0.00418327
-0.00439363
-0.00440709
-0.0042228
-0.00384735
-0.00329596
-0.00259344
-0.00177405
-0.000879953
4.16787e-05
0.000942302
0.00177577
0.00250151
0.0030866
0.00350678
0.00374647
0.00379832
0.00366279
0.00334811
0.00287039
0.00225377
0.0015298
0.000735908
-8.74025e-05
-0.000900014
-0.00166571
-0.00235479
-0.00294528
-0.0034225
-0.00377776
-0.00400667
-0.00410804
-0.0040837
-0.00393904
-0.00368382
-0.00333234
-0.00290233
-0.00241208
-0.00187659
-0.0013044
-0.000697142
-5.30545e-05
0.000626406
0.00132972
0.00203171
0.00269535
0.00327847
0.00374303
0.00406303
0.0042285
0.00424391
0.00412237
0.0038781
0.00352092
0.00305523
0.00248399
0.0018158
0.00107133
0.000285803
-0.000494148
-0.00121821
-0.00184185
-0.00233406
-0.00268088
-0.00288397
-0.00295572
-0.00291312
-0.00277297
-0.00255005
-0.00225822
-0.00191311
-0.00153426
-0.00114504
-0.00076976
-0.000429102
-0.000136011
0.00010586
0.000300237
0.000453638
0.000570244
0.000648552
0.000681262
0.000658323
0.00057171
0.00041979
0.000209455
-4.47902e-05
-0.000324222
-0.000610213
-0.000887647
-0.00114612
-0.00137863
-0.00157875
-0.00173774
-0.00184326
-0.00188037
-0.00183438
-0.00169435
-0.00145593
-0.0011227
-0.000705935
-0.000223293
0.000302601
0.000845356
0.0013758
0.00186333
0.00227816
0.0025945
0.00279384
0.00286734
0.00281633
0.00265085
0.00238671
0.00204205
0.00163482
0.00118155
0.000697742
0.000199266
-0.000296415
-0.000769994
-0.00120164
-0.00157357
-0.00187286
-0.00209337
-0.0022359
-0.00230653
-0.00231397
-0.0022668
-0.00217145
-0.00203137
-0.00184717
-0.00161761
-0.00134121
-0.00101811
-0.000651851
-0.000250494
0.000173337
0.000603522
0.00102232
0.0014124
0.00175852
0.00204826
0.00227194
0.00242193
0.00249196
0.0024771
0.00237452
0.00218467
0.00191236
0.00156688
0.00116109
0.000709752
0.000227984
-0.000269468
-0.000767783
-0.00125054
-0.00169767
-0.00208383
-0.00237835
-0.00254782
-0.00256163
-0.00239937
-0.0020579
-0.00155564
-0.000932219
-0.00024316
0.000449196
0.00108608
0.0016211
0.00202516
0.00228676
0.00240864
0.00240272
0.00228568
0.00207615
0.00179374
0.00145906
0.00109382
0.000720423
0.000360936
3.57032e-05
-0.000238001
-0.000446945
-0.000582537
-0.000641356
-0.000625979
-0.000546124
-0.000419446
-0.00027095
-0.000130278
-2.71181e-05
1.41079e-05
-2.12868e-05
-0.00013571
-0.000318986
-0.00054998
-0.000799711
-0.00103552
-0.0012258
-0.00134435
-0.0013734
-0.00130474
-0.0011392
-0.000885379
-0.000558606
-0.000180457
0.000221755
0.000616395
0.000970367
0.00125307
0.00144032
0.00144032
0.00151703
0.00147773
0.00132517
0.00106747
0.000715209
0.00027956
-0.000227819
-0.00079292
-0.00139627
-0.00200977
-0.00259489
-0.00310368
-0.00348325
-0.00368323
-0.00366435
-0.00340557
-0.00290737
-0.00219043
-0.00129041
-0.000251028
0.000881883
0.00206355
0.00324985
0.00439402
0.00544264
0.00633325
0.00699624
0.00736197
0.00737181
0.00698991
0.00621142
0.00506427
0.00360405
0.00190415
4.49089e-05
-0.00189416
-0.00383691
-0.00570774
-0.00742601
-0.00890232
-0.0100406
-0.0107479
-0.0109494
-0.0106038
-0.00971307
-0.00832285
-0.00651406
-0.00438908
-0.00205784
0.000371366
0.0027946
0.00510998
0.00721454
0.00900455
0.0103818
0.0112648
0.0116023
0.0113828
0.010638
0.00943749
0.00787657
0.00606105
0.00409395
0.00206768
6.28064e-05
-0.00184853
-0.00359801
-0.00511884
-0.00634743
-0.00722845
-0.00772134
-0.00780563
-0.0074836
-0.00677955
-0.00573657
-0.00441201
-0.00287343
-0.00119579
0.000540062
0.00224839
0.00384046
0.0052282
0.00632994
0.00707758
0.00742373
0.00734716
0.00685504
0.00598136
0.00478192
0.00332746
0.00169651
-3.03623e-05
-0.0017743
-0.00346028
-0.00501832
-0.00638502
-0.00750574
-0.00833746
-0.00885152
-0.0090353
-0.00889211
-0.00843924
-0.00770511
-0.00672645
-0.00554638
-0.00421299
-0.00277759
-0.00129114
0.000200593
0.00165953
0.00305022
0.00432858
0.00543547
0.00630613
0.00689118
0.00717193
0.00715885
0.00687874
0.00636258
0.00563919
0.00473384
0.00367064
0.00247745
0.00119112
-0.000138458
-0.00144685
-0.00265852
-0.00369661
-0.0044956
-0.00501122
-0.00522363
-0.00513469
-0.00476312
-0.00414069
-0.00331
-0.00232266
-0.00123675
-0.000113585
0.000985855
0.00200456
0.00289309
0.00361281
0.00413781
0.00445455
0.00455918
0.00445365
0.00414284
0.00363432
0.00294072
0.00208346
0.00109567
2.28388e-05
-0.00107969
-0.002152
-0.00313662
-0.00398518
-0.00466293
-0.00514928
-0.00543443
-0.0055136
-0.00538155
-0.00503043
-0.00445237
-0.00364597
-0.00262413
-0.00141966
-8.63121e-05
0.00130561
0.00267782
0.00395411
0.00506873
0.00597082
0.00662458
0.00700646
0.00710224
0.00690598
0.00642187
0.00566795
0.00467958
0.00351022
0.00222817
0.000909521
-0.000370868
-0.00154749
-0.00256923
-0.00340025
-0.00401744
-0.00440639
-0.0045582
-0.00446876
-0.00414072
-0.00358712
-0.00283475
-0.00192551
-0.000914636
0.000133542
0.00115133
0.00207312
0.00283963
0.00340084
0.00371789
0.00376471
0.00352945
0.00301624
0.00224696
0.00126275
0.000124359
-0.00109024
-0.00229193
-0.00339013
-0.00430385
-0.00497135
-0.00535538
-0.00544321
-0.0052424
-0.00477477
-0.00407135
-0.00316985
-0.00211484
-0.000959206
0.000235391
0.00140089
0.00246836
0.00337534
0.00407288
0.00452985
0.00473364
0.00468797
0.00440921
0.00392315
0.003263
0.00246825
0.00158372
0.000657962
-0.00025904
-0.00111864
-0.00187629
-0.00249381
-0.00294131
-0.0031986
-0.00325616
-0.00311563
-0.00278941
-0.00229961
-0.00167627
-0.000955061
-0.000174844
0.0006248
0.0014055
0.00213129
0.00276921
0.00328942
0.00366546
0.0038747
0.00389905
0.00372592
0.00334917
0.0027703
0.00199968
0.00105764
-2.51216e-05
-0.00120814
-0.00244312
-0.00367656
-0.00485263
-0.00591565
-0.00681215
-0.0074929
-0.00791571
-0.00804889
-0.00787499
-0.00739357
-0.00662215
-0.00559477
-0.00435879
-0.00297071
-0.00149207
1.36317e-05
0.00148298
0.00285407
0.004068
0.00507136
0.00581968
0.00628139
0.00644114
0.00630133
0.00588117
0.00521363
0.00434102
0.0033108
0.00217255
0.000976595
-0.000226079
-0.00138359
-0.00244369
-0.0033557
-0.00407403
-0.00456243
-0.00479794
-0.00477353
-0.00449849
-0.00399675
-0.00330352
-0.00246111
-0.00151501
-0.000511026
0.000506499
0.00149534
0.00241568
0.00323053
0.00390677
0.00441683
0.0047408
0.00486829
0.00479961
0.00454569
0.00412686
0.00357066
0.00290936
0.00217778
0.00141163
0.000646373
0.000646373
-8.36858e-05
-0.000746606
-0.00131443
-0.00176512
-0.00208434
-0.00226643
-0.00231428
-0.00223807
-0.0020533
-0.00177853
-0.00143356
-0.00103814
-0.00061146
-0.000172046
0.000262028
0.000673045
0.00104377
0.00135794
0.001601
0.00176102
0.00182955
0.00180229
0.00167975
0.00146779
0.00117812
0.00082865
0.000442969
4.87961e-05
-0.00032491
-0.0006516
-0.000910599
-0.00108935
-0.00118384
-0.00119726
-0.00113756
-0.00101492
-0.000839886
-0.000622802
-0.000374488
-0.000107524
0.000162736
0.000418351
0.000640488
0.000812205
0.000921284
0.000962075
0.000935808
0.000849466
0.000713831
0.000541393
0.00034468
0.000135261
-7.66069e-05
-0.000281917
-0.000472795
-0.000642571
-0.000786036
-0.000899668
-0.000981558
-0.00103097
-0.00104778
-0.00103208
-0.000984138
-0.000904842
-0.000796159
-0.000661493
-0.000505652
-0.000334495
-0.000154443
2.78645e-05
0.000205603
0.000371487
0.000517401
0.000634318
0.000712872
0.000744671
0.000724058
0.000649739
0.000525576
0.000360173
0.000165269
-4.64994e-05
-0.000263605
-0.000476622
-0.00067784
-0.000859812
-0.00101374
-0.00112871
-0.0011924
-0.00119319
-0.00112279
-0.0009787
-0.000765401
-0.000494121
-0.000181288
0.000153718
0.000490775
0.000810659
0.00109604
0.00133207
0.00150694
0.00161241
0.0016443
0.00160265
0.0014915
0.00131807
0.00109181
0.000823318
0.000523451
0.000202881
-0.000127963
-0.000458574
-0.000777924
-0.00107423
-0.00133509
-0.00154807
-0.00170152
-0.00178555
-0.001793
-0.00172026
-0.00156796
-0.00134124
-0.00104943
-0.000705346
-0.000324062
7.8328e-05
0.000485964
0.000884212
0.0012603
0.00160349
0.00190486
0.00215672
0.00235217
0.00248476
0.00254876
0.00253973
0.00245536
0.00229612
0.00206566
0.00177072
0.00142066
0.00102688
0.000602163
0.000160292
-0.000284
-0.000714984
-0.00111608
-0.00147048
-0.00176238
-0.00197845
-0.00210908
-0.00214899
-0.00209702
-0.00195541
-0.00172916
-0.00142574
-0.00105543
-0.000631811
-0.000172055
0.000303507
0.000772646
0.00121321
0.00160529
0.00193304
0.00218565
0.00235722
0.00244586
0.00245233
0.00237882
0.00222835
0.00200466
0.00171271
0.00135934
0.000953882
0.000508434
3.7726e-05
-0.000441525
-0.000911603
-0.00135488
-0.00175472
-0.00209584
-0.0023643
-0.0025472
-0.00263273
-0.00261101
-0.00247577
-0.00222644
-0.00186941
-0.00141754
-0.000888056
-0.000300737
0.000322041
0.000954047
0.00156495
0.00212219
0.00259389
0.00295128
0.00317071
0.00323588
0.00314
0.00288723
0.00249245
0.00197922
0.00137641
0.000714906
2.53729e-05
-0.000662533
-0.00132034
-0.001921
-0.00243949
-0.00285381
-0.00314621
-0.00330466
-0.00332434
-0.00320856
-0.00296861
-0.00262218
-0.00219092
-0.00169763
-0.00116413
-0.000610073
-5.30456e-05
0.00049047
0.00100364
0.001468
0.00186294
0.00216632
0.0023564
0.00241473
0.00232939
0.00209759
0.00172693
0.00123512
0.000648107
-2.31897e-06
-0.00068093
-0.00135088
-0.00197512
-0.00251779
-0.00294616
-0.00323298
-0.00335881
-0.00331371
-0.00309774
-0.00272018
-0.0021978
-0.00155295
-0.000811932
-4.18544e-06
0.00083787
0.00167874
0.0024802
0.00320263
0.00380753
0.00426085
0.00453639
0.00461828
0.00450191
0.00419316
0.00370656
0.00306335
0.00229006
0.00141815
0.000483853
-0.000472227
-0.00140673
-0.00227631
-0.00304122
-0.00366868
-0.00413526
-0.00442756
-0.00454139
-0.00447979
-0.00425089
-0.00386645
-0.00334163
-0.00269585
-0.00195411
-0.00114772
-0.000313834
0.000506751
0.00127272
0.00194569
0.00249306
0.00288967
0.00311854
0.00317072
0.00304495
0.00274743
0.00229169
0.00169858
0.000996076
0.000218588
-0.00059433
-0.00139994
-0.00215483
-0.00281769
-0.00335188
-0.00372735
-0.00392184
-0.00392137
-0.00372089
-0.00332502
-0.00274903
-0.00201918
-0.00117172
-0.000250523
0.00069641
0.00162055
0.00247597
0.00322161
0.00382283
0.00425245
0.00449158
0.00453042
0.00436906
0.00401814
0.00349887
0.00284204
0.00208571
0.00127176
0.000441995
0.000441995
-0.000365373
-0.00111818
-0.0017914
-0.00236681
-0.00283165
-0.00317686
-0.00339577
-0.00348356
-0.00343777
-0.00325933
-0.00295359
-0.00253085
-0.00200646
-0.00140054
-0.000737357
-4.46127e-05
0.000647636
0.00130827
0.00190655
0.00241355
0.00280366
0.00305615
0.00315677
0.00309914
0.00288564
0.00252734
0.00204302
0.0014576
0.000800216
0.000102451
-0.000603219
-0.00128469
-0.0019114
-0.00245548
-0.00289305
-0.00320549
-0.0033807
-0.00341387
-0.00330772
-0.0030718
-0.00272114
-0.0022742
-0.00175086
-0.00117086
-0.000553218
8.33016e-05
0.000718997
0.00133207
0.00189839
0.00239265
0.00279088
0.00307352
0.00322813
0.00325067
0.00314509
0.00292147
0.00259352
0.00217651
0.00168643
0.00114042
0.000557984
-3.80283e-05
-0.00062134
-0.00116352
-0.0016364
-0.00201494
-0.00227998
-0.00242004
-0.00243197
-0.00232049
-0.00209682
-0.00177703
-0.00138041
-0.000928238
-0.000442974
5.21756e-05
0.000533625
0.000977913
0.00136254
0.00166719
0.00187535
0.00197587
0.00196413
0.00184236
0.00161868
0.00130543
0.000916991
0.000468117
-2.68723e-05
-0.00055367
-0.00109675
-0.00163801
-0.00215608
-0.0026268
-0.00302479
-0.00332581
-0.00350912
-0.00355957
-0.00346891
-0.00323637
-0.0028685
-0.00237824
-0.00178364
-0.00110646
-0.000371132
0.000395783
0.00116579
0.00190857
0.00259261
0.00318645
0.00366085
0.00399145
0.00416145
0.00416366
0.00400138
0.00368784
0.00324461
0.00269919
0.00208262
0.00142721
0.00076468
0.000124676
-0.000466646
-0.00098776
-0.00142259
-0.00176077
-0.00199729
-0.00213171
-0.00216724
-0.00211012
-0.0019693
-0.00175646
-0.00148599
-0.00117475
-0.000841205
-0.000504176
-0.000181318
0.000112103
0.000363894
0.000565043
0.000709542
0.000794261
0.000819061
0.000787032
0.000704543
0.000580847
0.000427181
0.000255527
7.7314e-05
-9.76459e-05
-0.000261761
-0.00040967
-0.000537653
-0.000642651
-0.000721233
-0.000768949
-0.000780378
-0.00074995
-0.000673335
-0.000548958
-0.000379154
-0.000170583
6.61719e-05
0.000317704
0.00056925
0.000806225
0.00101555
0.00118663
0.00131195
0.00138732
0.00141187
0.00138792
0.00132073
0.00121797
0.00108899
0.000943777
0.000792083
0.000642669
0.000502955
0.000378956
0.000275321
0.00019525
0.00014021
0.000109586
0.000100542
0.000108342
0.000127162
0.000151188
0.00017569
0.000197752
0.000216538
0.00023309
0.000249792
0.000269635
0.000295381
0.000328805
0.000370152
0.000417889
0.000468692
0.00051753
0.000557769
0.000581426
0.000579764
0.000544361
0.000468497
0.00034842
0.000184095
-2.08248e-05
-0.000259699
-0.000523965
-0.000804148
-0.0010904
-0.00137231
-0.00163811
-0.00187363
-0.00206197
-0.00218457
-0.00222377
-0.00216637
-0.00200676
-0.00174881
-0.00140564
-0.000997764
-0.00055031
-9.02168e-05
0.000356079
0.000764303
0.00111348
0.00138674
0.00157197
0.0016623
0.00165643
0.00155852
0.00137762
0.00112665
0.000821124
0.000477986
0.000114689
-0.000251306
-0.000602789
-0.000922989
-0.00119591
-0.00140696
-0.00154385
-0.0015977
-0.00156397
-0.00144303
-0.00124008
-0.000964551
-0.000628918
-0.000247558
0.000164267
0.000590988
0.00101689
0.00142599
0.00180195
0.00212814
0.00238815
0.00256674
0.00265098
0.00263149
0.0025034
0.00226688
0.00192733
0.0014955
0.000987458
0.000424433
-0.000167739
-0.000759928
-0.00132183
-0.00182468
-0.002244
-0.00256178
-0.00276754
-0.00285817
-0.00283679
-0.00271106
-0.00249144
-0.00218995
-0.00181952
-0.00139383
-0.000927509
-0.000436411
6.22338e-05
0.000549917
0.00100727
0.00141482
0.00175406
0.00200867
0.00216593
0.00221797
0.00216286
0.00200514
0.00175567
0.00143072
0.00105045
0.000637007
0.000212633
-0.000201873
-0.000588129
-0.000930538
-0.00121621
-0.00143468
-0.00157771
-0.00163935
-0.00161642
-0.00150906
-0.0013214
-0.00106179
-0.000742593
-0.000379398
1.02137e-05
0.000408066
0.000796715
0.00116045
0.00148582
0.00176153
0.00197804
0.00212683
0.0022
0.00219036
0.00209216
0.00209216
0.00190248
0.00162259
0.00125901
0.000823963
0.000335092
-0.000185387
-0.000712022
-0.00121792
-0.00167688
-0.00206566
-0.00236592
-0.00256553
-0.002659
-0.00264691
-0.00253474
-0.00233125
-0.00204698
-0.00169332
-0.00128229
-0.000827127
-0.000343115
0.00015184
0.000637484
0.00109245
0.00149618
0.001831
0.00208369
0.00224613
0.00231491
0.00229006
0.00217361
0.00196858
0.00167901
0.00131113
0.000875061
0.00038637
-0.000133636
-0.000659156
-0.00116255
-0.00161767
-0.0020028
-0.00230247
-0.00250763
-0.00261446
-0.00262253
-0.00253315
-0.00234887
-0.0020741
-0.00171673
-0.00128966
-0.000811423
-0.000305496
0.00020181
0.000684177
0.00111803
0.00148447
0.00176992
0.00196574
0.00206712
0.0020722
0.00198168
0.0017992
0.00153226
0.00119292
0.000797988
0.000368156
-7.36172e-05
-0.000504231
-0.000902432
-0.00125021
-0.00153337
-0.00174133
-0.00186656
-0.00190404
-0.00185121
-0.00170849
-0.00148007
-0.00117469
-0.000805844
-0.00039122
4.85122e-05
0.000491291
0.000915203
0.00129968
0.0016263
0.00187931
0.00204612
0.00211771
0.0020893
0.00196083
0.00173727
0.00142861
0.00104926
0.000617005
0.000151791
-0.00032552
-0.000794036
-0.00123334
-0.0016237
-0.00194625
-0.00218368
-0.00232143
-0.00234934
-0.00226334
-0.00206656
-0.00176949
-0.00138902
-0.000946602
-0.000465975
2.89409e-05
0.000515518
0.000973094
0.00138299
0.00172834
0.00199412
0.00216777
0.0022402
0.00220703
0.00206948
0.00183467
0.00151509
0.00112754
0.000691634
0.000228475
-0.000240409
-0.000693743
-0.001111
-0.00147296
-0.0017626
-0.00196614
-0.00207431
-0.00208323
-0.00199481
-0.00181647
-0.00156017
-0.0012411
-0.00087625
-0.000483297
-7.98749e-05
0.000316802
0.000690193
0.00102481
0.00130685
0.00152504
0.00167145
0.00174203
0.00173673
0.00165915
0.00151592
0.00131604
0.00107012
0.000789941
0.000488025
0.000177294
-0.000129318
-0.000419357
-0.000681466
-0.000906043
-0.00108581
-0.00121612
-0.00129487
-0.00132211
-0.00129939
-0.00122918
-0.00111453
-0.000959141
-0.000767884
-0.000547547
-0.000307531
-6.00905e-05
0.000180166
0.000397606
0.000577534
0.000708338
0.000783289
0.000801525
0.000767951
0.000692048
0.00058585
0.000461631
0.000329922
0.000198389
7.17854e-05
-4.7184e-05
-0.00015653
-0.000253736
-0.00033509
-0.000395802
-0.00043083
-0.000436031
-0.000409175
-0.000350437
-0.000262235
-0.000148575
-1.43089e-05
0.000135304
0.000294494
0.000456459
0.000612786
0.000753349
0.000867016
0.000943156
0.000973522
0.000953888
0.000884876
0.000771735
0.000623173
0.000449654
0.000261709
6.87355e-05
-0.000121454
-0.000302387
-0.000468311
-0.000613644
-0.000732878
-0.000821074
-0.000874758
-0.000892758
-0.000876539
-0.000829745
-0.000757101
-0.000663112
-0.000551183
-0.000423567
-0.000282147
-0.000129642
2.93423e-05
0.000187943
0.000337536
0.000468923
0.000573756
0.000645688
0.000680908
0.000678049
0.000637686
0.000561809
0.000453571
0.000317424
0.000159515
-1.19667e-05
-0.000186868
-0.000353826
-0.000501589
-0.000620565
-0.000704092
-0.000749036
-0.000755581
-0.000726336
-0.000665169
-0.000576195
-0.000463258
-0.000329963
-0.000180086
-1.8014e-05
0.000151105
0.00032163
0.000487971
0.000645155
0.000789135
0.000916743
0.00102537
0.00111261
0.001176
0.00121324
0.00122253
0.00120315
0.00115575
0.00108232
0.000985685
0.000868827
0.000734451
0.000584989
0.000423081
0.000252246
7.73736e-05
-9.52885e-05
-0.000258738
-0.000406284
-0.000532708
-0.000635117
-0.000713121
-0.000768243
-0.00080274
-0.000818311
-0.000815254
-0.000792465
-0.000748323
-0.000682117
-0.000595409
-0.000492793
-0.000381758
-0.000271683
-0.000172289
-9.19988e-05
-3.66622e-05
-8.89567e-06
-8.06765e-06
-3.07398e-05
-7.13335e-05
-0.000122884
-0.000177836
-0.000228847
-0.000269533
-0.000295007
-0.000302127
-0.000289394
-0.000256592
-0.000204323
-0.000133605
-4.56606e-05
5.80341e-05
0.000175493
0.000303876
0.000439238
0.000576542
0.000710011
0.000833749
0.00094246
0.00103203
0.00109984
0.0011447
0.00116656
0.00116656
0.00116606
0.00114404
0.00110129
0.00103832
0.000955514
0.0008534
0.000732976
0.00059603
0.000445282
0.000284367
0.000117656
-5.00333e-05
-0.000213841
-0.000369358
-0.000513137
-0.000643076
-0.000758524
-0.000859991
-0.000948524
-0.00102489
-0.00108887
-0.00113885
-0.001172
-0.00118486
-0.00117428
-0.00113826
-0.00107654
-0.00099078
-0.000884292
-0.000761475
-0.000627148
-0.00048594
-0.000341889
-0.000198336
-5.8099e-05
7.62088e-05
0.000201913
0.000316242
0.000416563
0.000500788
0.000567739
0.000617313
0.000650337
0.000668169
0.000672168
0.000663257
0.000641715
0.000607296
0.000559657
0.000498966
0.000426478
0.000344852
0.000258084
0.000171063
8.89407e-05
1.65021e-05
-4.23143e-05
-8.47443e-05
-0.00010943
-0.000116582
-0.000108016
-8.69705e-05
-5.76874e-05
-2.4843e-05
7.01889e-06
3.38919e-05
5.24868e-05
6.02252e-05
5.5145e-05
3.58091e-05
1.27319e-06
-4.88611e-05
-0.000114321
-0.000194016
-0.00028594
-0.000387149
-0.000493788
-0.000601096
-0.000703357
-0.000793856
-0.000865041
-0.0009091
-0.000918981
-0.00088966
-0.000819264
-0.000709698
-0.000566581
-0.000398557
-0.000216147
-3.04205e-05
0.000148243
0.000311055
0.000451239
0.000563969
0.00064601
0.000695336
0.000710954
0.000693011
0.000643058
0.000564258
0.000461352
0.00034031
0.000207746
7.02937e-05
-6.58739e-05
-0.000195258
-0.000312994
-0.000414682
-0.000496247
-0.000553986
-0.000584815
-0.000586655
-0.000558754
-0.000501786
-0.000417677
-0.000309264
-0.000179968
-3.36881e-05
0.00012503
0.000290607
0.000456011
0.000612547
0.000750107
0.000858002
0.000926327
0.000947526
0.000917688
0.000837142
0.000710165
0.000543978
0.000347423
0.000129818
-9.9668e-05
-0.000332038
-0.000558106
-0.000768171
-0.000952096
-0.0011
-0.00120337
-0.00125633
-0.00125644
-0.00120492
-0.00110609
-0.000966239
-0.000792526
-0.000592028
-0.00037145
-0.000137402
0.000102993
0.000341543
0.000568867
0.000774854
0.000949586
0.00108442
0.00117285
0.00121107
0.00119798
0.001135
0.00102571
0.000875614
0.000691849
0.000483147
0.000259658
3.26354e-05
-0.000186172
-0.000385366
-0.00055484
-0.000686584
-0.000775169
-0.000817838
-0.000814309
-0.000766436
-0.000677903
-0.000554013
-0.000401543
-0.000228559
-4.41128e-05
0.000142237
0.000321049
0.000483685
0.000622933
0.000733431
0.000811807
0.000856531
0.000867582
0.000846062
0.000793914
0.000713798
0.000609104
0.000483965
0.000343187
0.000192088
3.62726e-05
-0.000118579
-0.000266861
-0.000403123
-0.000522118
-0.000618837
-0.00068862
-0.000727379
-0.000731986
-0.000700783
-0.000634075
-0.000534419
-0.000406588
-0.000257161
-9.39033e-05
7.48951e-05
0.000240905
0.000395998
0.000532317
0.000642343
0.000719171
0.000757039
0.000752043
0.000702802
0.000610822
0.000480418
0.000318186
0.000132196
-6.885e-05
-0.000276259
-0.000481691
-0.000677254
-0.000855476
-0.00100936
-0.00113264
-0.00122021
-0.00126873
-0.00127713
-0.00124681
-0.00118158
-0.00108715
-0.000970449
-0.000838848
-0.000699556
-0.000559265
-0.000424027
-0.00029927
-0.000189832
-9.98975e-05
-3.28019e-05
9.23605e-06
2.53451e-05
1.60936e-05
-1.65959e-05
-6.96666e-05
-0.000139194
-0.000220618
-0.000308915
-0.000398736
-0.000484579
-0.00056104
-0.000623145
-0.000666691
-0.000688533
-0.000686724
-0.000660447
-0.000609783
-0.000535424
-0.000438474
-0.000320493
-0.000183778
-3.17929e-05
0.000130467
0.000296368
0.000457924
0.000606499
0.00073382
0.000833042
0.000899594
0.000931557
0.00092955
0.000896209
0.000835493
0.000752066
0.000650912
0.000537197
0.000416306
0.000293909
0.000175947
6.84583e-05
-2.27457e-05
-9.24744e-05
-0.000136541
-0.000152085
-0.000137834
-9.42941e-05
-2.38421e-05
6.93545e-05
0.000179638
0.000300365
0.000424509
0.000545245
0.000656396
0.000752707
0.000829952
0.000884922
0.000915361
0.000919941
0.000898285
0.000851063
0.000780107
0.000688482
0.000580466
0.000461394
0.000337394
0.000215022
0.000100825
8.81347e-07
-7.96132e-05
-0.000136655
-0.000167592
-0.000171154
-0.000147376
-9.74859e-05
-2.37893e-05
7.0429e-05
0.000180997
0.000302956
0.000430665
0.000557938
0.000557938
0.000678214
0.000784839
0.000871453
0.000932498
0.000963748
0.000962744
0.000928999
0.000863903
0.000770359
0.000652251
0.000513892
0.000359626
0.000193723
2.05644e-05
-0.000155008
-0.000327379
-0.000490087
-0.000636075
-0.000758231
-0.000850075
-0.000906425
-0.000923927
-0.000901374
-0.000839801
-0.000742351
-0.000613977
-0.000461021
-0.000290766
-0.000110994
7.04192e-05
0.000245875
0.00040839
0.000551873
0.000671326
0.000762948
0.000824159
0.00085356
0.000850845
0.000816686
0.000752596
0.000660822
0.000544331
0.000406905
0.000253339
8.96106e-05
-7.71103e-05
-0.000238752
-0.000386941
-0.00051382
-0.000612885
-0.000679647
-0.000711939
-0.000709868
-0.000675479
-0.000612329
-0.000525132
-0.000419552
-0.000302093
-0.000179942
-6.06593e-05
4.83234e-05
0.000140317
0.00020995
0.000253585
0.00026948
0.000257688
0.000219736
0.00015821
7.63752e-05
-2.20475e-05
-0.000132895
-0.000251411
-0.000372046
-0.00048837
-0.000593266
-0.00067945
-0.000740266
-0.000770555
-0.00076734
-0.00073014
-0.000660815
-0.000563048
-0.000441687
-0.000302168
-0.000150235
8.00211e-06
0.00016574
0.000315148
0.00044733
0.000552828
0.000622693
0.000649842
0.000630283
0.000563765
0.000453657
0.000306147
0.000129117
-6.88752e-05
-0.000279159
-0.000492917
-0.000700748
-0.000892253
-0.00105613
-0.00118103
-0.00125703
-0.00127734
-0.00123954
-0.00114602
-0.00100344
-0.000821483
-0.000611287
-0.000384017
-0.000149991
8.15726e-05
0.0003023
0.00050424
0.00067964
0.00082118
0.000922649
0.000979836
0.000991254
0.000958411
0.000885516
0.000778749
0.000645377
0.000492995
0.000329091
0.00016096
-4.18522e-06
-0.000159145
-0.000296895
-0.00041104
-0.000496433
-0.000549749
-0.00056978
-0.000557353
-0.000514926
-0.000446049
-0.000354897
-0.000246056
-0.00012458
3.72112e-06
0.000131955
0.000251992
0.000354701
0.000430709
0.000471611
0.000471374
0.000427518
0.000341721
0.000219605
6.97578e-05
-9.77723e-05
-0.000273074
-0.000447629
-0.000614925
-0.000770365
-0.000910652
-0.00103293
-0.00113401
-0.00121002
-0.00125644
-0.00126874
-0.00124321
-0.00117804
-0.001074
-0.000934796
-0.000766806
-0.000578303
-0.00037849
-0.00017653
1.91363e-05
0.000201137
0.000363198
0.00050001
0.000607085
0.000680755
0.000718377
0.000718689
0.000682189
0.000611359
0.000510632
0.000386067
0.000244842
9.46944e-05
-5.65076e-05
-0.000200996
-0.00033116
-0.000439572
-0.000519189
-0.000563832
-0.000568955
-0.000532515
-0.000455668
-0.000343033
-0.000202311
-4.33011e-05
0.000123471
0.000288119
0.000442369
0.000579928
0.000696273
0.000788107
0.000852856
0.000888486
0.000893728
0.000868583
0.000814814
0.000736142
0.000638015
0.000526965
0.000409788
0.00029278
0.000181239
7.92894e-05
-1.00192e-05
-8.4469e-05
-0.000142437
-0.00018278
-0.000204863
-0.000208708
-0.000195145
-0.000165904
-0.000123553
-7.12968e-05
-1.2672e-05
4.87728e-05
0.000109768
0.000167547
0.00021999
0.000265668
0.00030377
0.000333944
0.000356079
0.000370137
0.000376085
0.000373951
0.000363965
0.00034673
0.000323326
0.00029531
0.00026458
0.00023316
0.000202942
0.000175488
0.000151929
0.000133011
0.000119208
0.000110863
0.000108263
0.000111638
0.000121084
0.000136497
0.000157561
0.000183852
0.000214996
0.00025078
0.000291055
0.000335351
0.000382247
0.000428754
0.000470052
0.000499876
0.000511585
0.000499639
0.000460993
0.000395881
0.000307725
0.00020222
8.59285e-05
-3.50872e-05
-0.000156162
-0.000274198
-0.000387169
-0.000493272
-0.000590151
-0.000674535
-0.000742424
-0.000789682
-0.000812783
-0.000809425
-0.000778872
-0.000721982
-0.00064102
-0.00053933
-0.000421015
-0.000290655
-0.000153129
-1.35055e-05
0.000123078
0.000251599
0.000367442
0.000466724
0.000546572
0.000605215
0.000641857
0.000656364
0.000648878
0.000619558
0.00056859
0.000496524
0.000404807
0.000296291
0.000175441
4.8132e-05
-7.89702e-05
-0.000199245
-0.000306924
-0.000397629
-0.000468533
-0.000518167
-0.00054603
-0.000552202
-0.000537125
-0.000501599
-0.000446936
-0.000375115
-0.000288846
-0.000191478
-8.68167e-05
2.10885e-05
0.000128104
0.000128104
0.00023008
0.000322857
0.00040226
0.000464202
0.000504955
0.000521604
0.000512569
0.000478058
0.000420272
0.000343254
0.000252395
0.000153724
5.3168e-05
-4.40145e-05
-0.000133522
-0.00021201
-0.00027694
-0.00032643
-0.000359252
-0.000374995
-0.000374297
-0.000358965
-0.000331842
-0.000296437
-0.000256412
-0.000215126
-0.000175352
-0.000139247
-0.000108537
-8.47666e-05
-6.94594e-05
-6.40555e-05
-6.95957e-05
-8.62331e-05
-0.000112773
-0.000146485
-0.000183356
-0.000218781
-0.000248469
-0.00026927
-0.000279635
-0.000279607
-0.000270381
-0.000253641
-0.000230926
-0.000203249
-0.00017106
-0.000134528
-9.39671e-05
-5.02092e-05
-4.74335e-06
4.04262e-05
8.31317e-05
0.000121443
0.00015396
0.000179903
0.000199014
0.000211358
0.000217109
0.000216442
0.000209566
0.000196857
0.000179033
0.000157246
0.000133043
0.000108187
8.43817e-05
6.29695e-05
4.47015e-05
2.96156e-05
1.70553e-05
5.83492e-06
-5.46883e-06
-1.81617e-05
-3.31228e-05
-5.0646e-05
-7.04745e-05
-9.19922e-05
-0.000114488
-0.000137387
-0.000160376
-0.000183374
-0.000206405
-0.00022942
-0.000252152
-0.000274061
-0.000294397
-0.00031235
-0.000327208
-0.000338465
-0.000345819
-0.000349104
-0.000348211
-0.000343049
-0.000333593
-0.00031998
-0.000302624
-0.000282267
-0.000259943
-0.000236857
-0.000214186
-0.000192862
-0.00017336
-0.00015555
-0.00013865
-0.000121309
-0.0001018
-7.82968e-05
-4.91297e-05
-1.29474e-05
3.12594e-05
8.41854e-05
0.000146167
0.000216988
0.000295588
0.000379804
0.000466335
0.000551041
0.000629513
0.000697761
0.000752769
0.000792729
0.000816904
0.000825242
0.000817933
0.000795136
0.000756966
0.000703726
0.000636232
0.000556077
0.000465716
0.000368321
0.00026746
0.000166677
6.91303e-05
-2.26074e-05
-0.000106547
-0.000181126
-0.000245015
-0.000297003
-0.000336014
-0.000361231
-0.000372232
-0.000369011
-0.000351819
-0.000320892
-0.000276239
-0.000217676
-0.000145193
-5.95502e-05
3.71395e-05
0.000141098
0.000247025
0.000348711
0.000439945
0.000515448
0.000571533
0.000606324
0.000619525
0.000611921
0.000584844
0.000539841
0.000478637
0.000403341
0.000316733
0.000222443
0.000124887
2.89414e-05
-6.05648e-05
-0.000139371
-0.000204169
-0.000252747
-0.000283921
-0.000297334
-0.000293268
-0.000272561
-0.000236636
-0.000187588
-0.000128235
-6.20487e-05
7.0578e-06
7.50583e-05
0.000138166
0.000193124
0.000237362
0.000269026
0.000286911
0.000290396
0.000279439
0.000254672
0.000217561
0.000170516
0.000116844
6.04764e-05
5.50472e-06
-4.43386e-05
-8.6109e-05
-0.000117865
-0.000138644
-0.000148246
-0.000146954
-0.000135294
-0.000113965
-8.39464e-05
-4.67365e-05
-4.55862e-06
3.96069e-05
8.22568e-05
0.000119821
0.000149191
0.000168137
0.000175482
0.000170994
0.000155088
0.000128466
9.18597e-05
4.5969e-05
-8.38735e-06
-7.00137e-05
-0.000137113
-0.000207221
-0.000277369
-0.00034441
-0.000405437
-0.000458107
-0.000500795
-0.000532545
-0.00055285
-0.000561385
-0.00055781
-0.00054176
-0.000513018
-0.000471829
-0.000419203
-0.000357056
-0.000288085
-0.000215415
-0.000142129
-7.09044e-05
-3.86164e-06
5.73275e-05
0.000111182
0.000156162
0.000190591
0.000212801
0.000221489
0.000216128
0.000197252
0.000166508
0.000126434
8.00486e-05
3.03778e-05
-1.99116e-05
-6.86941e-05
-0.000114363
-0.000155671
-0.000191549
-0.000221
-0.000243147
-0.000257455
-0.000264074
-0.000264183
-0.000260122
-0.000255119
-0.000252581
-0.000255112
-0.00026363
-0.000277009
-0.000292445
-0.000306438
-0.000316001
-0.000319625
-0.000317643
-0.00031192
-0.00030503
-0.000299299
-0.000296074
-0.000295488
-0.000296747
-0.000298753
-0.000300771
-0.000302814
-0.000305631
-0.000310313
-0.000317743
-0.000328151
-0.000340944
-0.000354834
-0.000368172
-0.000379265
-0.000386549
-0.000388579
-0.000383917
-0.000371087
-0.000348693
-0.00031571
-0.000271826
-0.000217708
-0.000155055
-8.64075e-05
-1.47573e-05
5.68622e-05
0.000125677
0.000189273
0.00024552
0.000292436
0.000328112
0.000350824
0.00035929
0.000353001
0.000332469
0.000299306
0.000256093
0.000206065
0.0001527
9.93225e-05
4.88304e-05
3.60019e-06
-3.44597e-05
-6.37868e-05
-8.30753e-05
-9.12915e-05
-9.12915e-05
-8.78073e-05
-7.26016e-05
-4.64469e-05
-1.09994e-05
3.12531e-05
7.71775e-05
0.000123264
0.000165918
0.000201741
0.00022778
0.000241732
0.000242102
0.000228299
0.00020067
0.000160481
0.000109838
5.15338e-05
-1.11877e-05
-7.49415e-05
-0.000136515
-0.000193115
-0.000242487
-0.00028292
-0.000313161
-0.000332317
-0.000339789
-0.000335265
-0.000318756
-0.000290639
-0.000251671
-0.000202945
-0.000145784
-8.15984e-05
-1.17564e-05
6.2489e-05
0.000139963
0.000219423
0.000299363
0.000377849
0.000452453
0.000520307
0.000578248
0.000623043
0.000651682
0.000661727
0.000651686
0.000621326
0.000571818
0.000505655
0.000426365
0.000338079
0.000245106
0.000151574
6.12232e-05
-2.26745e-05
-9.73004e-05
-0.000160262
-0.000209631
-0.000244094
-0.000263168
-0.000267402
-0.000258404
-0.000238652
-0.000211085
-0.000178598
-0.000143566
-0.000107529
-7.11264e-05
-3.42914e-05
3.32379e-06
4.18373e-05
8.07287e-05
0.000118701
0.000153868
0.000184189
0.000207969
0.000224238
0.000232876
0.000234464
0.00022994
0.000220202
0.000205829
0.000187018
0.00016378
0.000136281
0.000105169
7.1731e-05
3.77982e-05
5.44754e-06
-2.33702e-05
-4.71334e-05
-6.48802e-05
-7.61492e-05
-8.079e-05
-7.87606e-05
-7.00211e-05
-5.45829e-05
-3.26891e-05
-5.04485e-06
2.70128e-05
6.14955e-05
9.59334e-05
0.000127696
0.000154376
0.000174119
0.000185803
0.000189032
0.00018398
0.000171165
0.000151269
0.000125075
9.35356e-05
5.79011e-05
1.98283e-05
-1.86323e-05
-5.51991e-05
-8.76375e-05
-0.00011406
-0.000133149
-0.000144236
-0.000147236
-0.00014248
-0.000130532
-0.000112103
-8.80724e-05
-5.962e-05
-2.83798e-05
3.49479e-06
3.34365e-05
5.87608e-05
7.70751e-05
8.66662e-05
8.67401e-05
7.74595e-05
5.98047e-05
3.53348e-05
5.93185e-06
-2.64079e-05
-5.97141e-05
-9.21103e-05
-0.000121821
-0.000147133
-0.000166342
-0.000177726
-0.0001796
-0.00017046
-0.000149217
-0.000115442
-6.95582e-05
-1.29107e-05
5.22987e-05
0.000123173
0.000196323
0.000268082
0.000334721
0.000392686
0.00043885
0.000470756
0.000486821
0.000486452
0.000470059
0.000438972
0.000395291
0.000341703
0.000281305
0.000217413
0.000153366
9.23233e-05
3.70592e-05
-1.02089e-05
-4.79289e-05
-7.52252e-05
-9.18092e-05
-9.78266e-05
-9.37084e-05
-8.00798e-05
-5.77476e-05
-2.77522e-05
8.56259e-06
4.95292e-05
9.32392e-05
0.000137722
0.000181158
0.000222044
0.000259241
0.000291905
0.000319329
0.0003408
0.000355503
0.000362522
0.000360953
0.000350091
0.00032965
0.000299941
0.000261953
0.000217309
0.000168089
0.000116591
6.50875e-05
1.56506e-05
-2.994e-05
-7.02134e-05
-0.000103979
-0.000130293
-0.000148449
-0.000158021
-0.000158917
-0.000151451
-0.000136365
-0.000114809
-8.82604e-05
-5.8407e-05
-2.70374e-05
4.04111e-06
3.30353e-05
5.81617e-05
7.76422e-05
8.97529e-05
9.29624e-05
8.61511e-05
6.88577e-05
4.14762e-05
5.33756e-06
-3.73736e-05
-8.38768e-05
-0.000131176
-0.000176458
-0.000217398
-0.000252311
-0.000280119
-0.000300209
-0.000312254
-0.000316127
-0.000311927
-0.00030009
-0.000281513
-0.00025757
-0.000229997
-0.000200632
-0.000171122
-0.000142707
-0.000116165
-9.19488e-05
-7.04144e-05
-5.20533e-05
-3.76043e-05
-2.8002e-05
-2.4192e-05
-2.68969e-05
-3.64287e-05
-5.26104e-05
-7.48171e-05
-0.000102098
-0.000133315
-0.000167234
-0.000202548
-0.00023784
-0.000271549
-0.000301991
-0.000327468
-0.000346466
-0.000357869
-0.000361124
-0.000356308
-0.000344083
-0.000325569
-0.000302191
-0.000275549
-0.000247336
-0.000219268
-0.000193023
-0.000170172
-0.000152094
-0.000139886
-0.000134287
-0.000135638
-0.000143895
-0.000158681
-0.000179343
-0.000205021
-0.000234669
-0.000267044
-0.000300644
-0.000333611
-0.000363647
-0.000388011
-0.00040367
-0.000407651
-0.000397525
-0.000371883
-0.000330677
-0.000275289
-0.000208355
-0.000133395
-5.4363e-05
2.4776e-05
0.000100374
0.000169304
0.00022903
0.000277586
0.000313508
0.000335792
0.000343917
0.000337901
0.000318363
0.000286541
0.000244259
0.000193834
0.000137933
7.94135e-05
2.11671e-05
-3.40161e-05
-8.35523e-05
-0.000125141
-0.000156828
-0.000177063
-0.00018476
-0.000179366
-0.000160913
-0.000130041
-8.79495e-05
-3.62833e-05
-3.62833e-05
2.30239e-05
8.79094e-05
0.000156296
0.000226124
0.00029531
0.000361656
0.00042279
0.000476169
0.000519185
0.000549385
0.000564774
0.000564133
0.00054726
0.000515065
0.000469482
0.00041325
0.000349634
0.000282186
0.000214563
0.000150393
9.30988e-05
4.56343e-05
1.01231e-05
-1.25025e-05
-2.27119e-05
-2.23004e-05
-1.39885e-05
-7.97828e-07
1.45851e-05
3.02434e-05
4.51356e-05
5.8891e-05
7.14292e-05
8.25996e-05
9.19938e-05
9.89802e-05
0.000102898
0.000103288
0.000100049
9.34305e-05
8.38774e-05
7.17743e-05
5.72271e-05
3.999e-05
1.95971e-05
-4.33675e-06
-3.17662e-05
-6.19595e-05
-9.345e-05
-0.000124225
-0.000152095
-0.000175115
-0.000191937
-0.000201983
-0.000205418
-0.000202961
-0.000195677
-0.000184829
-0.000171896
-0.000158663
-0.000147256
-0.000139972
-0.000138879
-0.00014526
-0.000159124
-0.000179005
-0.000202186
-0.000225329
-0.000245296
-0.000259869
-0.000268108
-0.000270221
-0.000267049
-0.000259391
-0.000247496
-0.00023092
-0.000208791
-0.000180365
-0.000145611
-0.000105585
-6.24173e-05
-1.89291e-05
2.19829e-05
5.79483e-05
8.75024e-05
0.000110132
0.000126023
0.000135665
0.000139537
0.000138026
0.000131619
0.000121222
0.000108441
9.56014e-05
8.54587e-05
8.06678e-05
8.32277e-05
9.41069e-05
0.000113182
0.000139491
0.000171676
0.000208402
0.000248555
0.000291124
0.000334794
0.000377454
0.000415872
0.000445816
0.000462661
0.000462346
0.000442329
0.000402173
0.000343583
0.000269874
0.000185128
9.33777e-05
-1.89472e-06
-9.77963e-05
-0.000191671
-0.000280588
-0.00036099
-0.000428742
-0.000479646
-0.000510227
-0.000518494
-0.000504376
-0.000469672
-0.000417571
-0.000351935
-0.000276634
-0.000195153
-0.000110554
-2.57231e-05
5.63104e-05
0.00013218
0.000198274
0.000251124
0.000287984
0.000307378
0.000309422
0.000295794
0.000269349
0.000233516
0.000191678
0.000146755
0.000101082
5.65464e-05
1.48565e-05
-2.22548e-05
-5.30064e-05
-7.57485e-05
-8.92495e-05
-9.29459e-05
-8.70399e-05
-7.24022e-05
-5.03229e-05
-2.22097e-05
1.0656e-05
4.72306e-05
8.66654e-05
0.000128146
0.000170694
0.000213034
0.000253587
0.000290605
0.000322414
0.000347642
0.000365373
0.000375165
0.000376943
0.000370838
0.000357057
0.000335864
0.000307677
0.000273228
0.000233714
0.000190825
0.00014663
0.000103344
6.30263e-05
2.73136e-05
-2.74982e-06
-2.67295e-05
-4.46827e-05
-5.69587e-05
-6.39956e-05
-6.6192e-05
-6.38922e-05
-5.7471e-05
-4.7462e-05
-3.46599e-05
-2.01472e-05
-5.22819e-06
8.71014e-06
2.03649e-05
2.86569e-05
3.28024e-05
3.23107e-05
2.69386e-05
1.6639e-05
1.53022e-06
-1.81013e-05
-4.17735e-05
-6.87796e-05
-9.8183e-05
-0.000128847
-0.000159498
-0.000188817
-0.000215545
-0.000238587
-0.000257077
-0.000270412
-0.000278259
-0.000280542
-0.000277419
-0.000269248
-0.000256575
-0.00024012
-0.000220755
-0.000199456
-0.000177236
-0.000155056
-0.000133733
-0.000113852
-9.5743e-05
-7.95245e-05
-6.5208e-05
-5.28228e-05
-4.25134e-05
-3.4589e-05
-2.95273e-05
-2.79403e-05
-3.05113e-05
-3.78995e-05
-5.0615e-05
-6.88768e-05
-9.24908e-05
-0.000120795
-0.000152699
-0.000186816
-0.000221627
-0.000255659
-0.000287587
-0.000316274
-0.000340697
-0.000359835
-0.000372553
-0.000377602
-0.000373762
-0.000360108
-0.000336308
-0.000302821
-0.000260915
-0.000212486
-0.000159716
-0.000104707
-4.92295e-05
5.3594e-06
5.79952e-05
0.000107673
0.000153206
0.000193094
0.000225597
0.000248992
0.000261952
0.000263929
0.000255423
0.000238039
0.000214305
0.000187294
0.000160143
0.000135601
0.000115711
0.000101664
9.38008e-05
9.16741e-05
9.41292e-05
9.94019e-05
0.000105293
0.000109456
0.000109769
0.000104686
9.34539e-05
7.61195e-05
5.33461e-05
2.61018e-05
-4.66022e-06
-3.82121e-05
-7.40812e-05
-0.000111901
-0.000151152
-0.000190893
-0.000229625
-0.000265362
-0.00029593
-0.000319383
-0.000334434
-0.000340728
-0.000338909
-0.000330448
-0.000317286
-0.000301388
-0.000284328
-0.000267019
-0.000249668
-0.00023196
-0.000213415
-0.00019377
-0.000173259
-0.000152663
-0.000133157
-0.00011601
-0.000102254
-9.2456e-05
-8.66423e-05
-8.43993e-05
-8.50756e-05
-8.79925e-05
-9.25796e-05
-9.83876e-05
-0.000104986
-0.000111821
-0.000111821
-0.000118118
-0.000122911
-0.000125177
-0.000124044
-0.000118984
-0.000109923
-9.72298e-05
-8.16049e-05
-6.39236e-05
-4.50872e-05
-2.5927e-05
-7.17472e-06
1.05081e-05
2.64771e-05
4.00765e-05
5.06868e-05
5.78584e-05
6.14621e-05
6.17512e-05
5.92997e-05
5.48892e-05
4.94247e-05
4.38817e-05
3.9236e-05
3.63623e-05
3.59346e-05
3.83546e-05
4.37206e-05
5.18339e-05
6.2237e-05
7.42776e-05
8.71971e-05
0.000100242
0.000112773
0.000124333
0.000134644
0.000143544
0.0001509
0.000156553
0.000160316
0.000162016
0.000161569
0.000159062
0.000154807
0.000149368
0.000143516
0.000138115
0.000133979
0.000131733
0.000131747
0.000134139
0.000138846
0.000145732
0.000154681
0.000165631
0.000178551
0.000193378
0.000209926
0.000227827
0.000246509
0.000265244
0.00028324
0.000299739
0.000314068
0.000325613
0.000333747
0.000337734
0.000336719
0.000329809
0.00031627
0.000295773
0.00026859
0.000235664
0.000198537
0.000159164
0.000119701
8.2333e-05
4.91569e-05
2.21068e-05
2.85803e-06
-7.31502e-06
-7.72075e-06
1.57582e-06
1.96555e-05
4.47907e-05
7.46635e-05
0.000106717
0.000138537
0.00016815
0.00019415
0.000215637
0.000232026
0.000242838
0.000247584
0.000245791
0.000237175
0.000221871
0.000200613
0.000174756
0.00014612
0.000116694
8.83207e-05
6.24415e-05
3.9981e-05
2.13762e-05
6.69205e-06
-4.25447e-06
-1.18105e-05
-1.64494e-05
-1.87534e-05
-1.93871e-05
-1.90482e-05
-1.84023e-05
-1.80118e-05
-1.82704e-05
-1.93481e-05
-2.11621e-05
-2.33868e-05
-2.55086e-05
-2.69223e-05
-2.70613e-05
-2.5544e-05
-2.22959e-05
-1.76072e-05
-1.21028e-05
-6.63102e-06
-2.09319e-06
7.45363e-07
1.4087e-06
-2.21423e-07
-3.93469e-06
-9.28733e-06
-1.5715e-05
-2.26254e-05
-2.94522e-05
-3.56764e-05
-4.0842e-05
-4.45976e-05
-4.6767e-05
-4.74258e-05
-4.69518e-05
-4.60129e-05
-4.54664e-05
-4.61721e-05
-4.87687e-05
-5.34882e-05
-6.00635e-05
-6.7755e-05
-7.54922e-05
-8.20939e-05
-8.65075e-05
-8.8002e-05
-8.6268e-05
-8.13987e-05
-7.37723e-05
-6.3891e-05
-5.22387e-05
-3.92003e-05
-2.50633e-05
-1.00924e-05
5.37033e-06
2.08296e-05
3.56182e-05
4.89424e-05
5.99919e-05
6.80914e-05
7.28549e-05
7.43088e-05
7.29698e-05
6.98611e-05
6.64365e-05
6.43959e-05
6.54027e-05
7.07562e-05
8.10933e-05
9.61977e-05
0.000114979
0.000135643
0.000156019
0.000173987
0.000187866
0.000196669
0.000200144
0.000198612
0.000192684
0.000182971
0.000169897
0.000153674
0.000134424
0.000112345
8.7845e-05
6.15545e-05
3.4228e-05
6.57043e-06
-2.09184e-05
-4.79926e-05
-7.45709e-05
-0.00010055
-0.000125605
-0.00014906
-0.000169879
-0.000186794
-0.000198535
-0.000204084
-0.000202898
-0.000195031
-0.000181114
-0.000162215
-0.00013963
-0.000114695
-8.86882e-05
-6.2842e-05
-3.84335e-05
-1.68838e-05
2.17194e-07
1.12137e-05
1.46123e-05
9.36496e-06
-4.89434e-06
-2.77448e-05
-5.80298e-05
-9.40257e-05
-0.000133648
-0.000174616
-0.000214552
-0.00025104
-0.0002817
-0.000304346
-0.00031719
-0.000319071
-0.000309631
-0.000289396
-0.000259724
-0.000222628
-0.000180505
-0.000135845
-9.09725e-05
-4.79021e-05
-8.3129e-06
2.63902e-05
5.49864e-05
7.63868e-05
8.96585e-05
9.4122e-05
8.94818e-05
7.59396e-05
5.42478e-05
2.56866e-05
-8.03545e-06
-4.493e-05
-8.28909e-05
-0.000119841
-0.000153851
-0.000183224
-0.000206547
-0.000222724
-0.000231
-0.000230984
-0.000222667
-0.000206426
-0.000183022
-0.000153575
-0.000119511
-8.24844e-05
-4.42786e-05
-6.69537e-06
2.85591e-05
5.99794e-05
8.63461e-05
0.000106792
0.000120846
0.000128445
0.00012989
0.000125768
0.000116846
0.000103986
8.80792e-05
7.00331e-05
5.07817e-05
3.13014e-05
1.25979e-05
-4.35637e-06
-1.87396e-05
-3.00278e-05
-3.81251e-05
-4.34174e-05
-4.66995e-05
-4.89755e-05
-5.11937e-05
-5.402e-05
-5.77303e-05
-6.22464e-05
-6.72884e-05
-7.25672e-05
-7.79248e-05
-8.33462e-05
-8.88256e-05
-9.4138e-05
-9.86217e-05
-0.000101097
-0.000100005
-9.37654e-05
-8.12267e-05
-6.20563e-05
-3.69274e-05
-7.47827e-06
2.38984e-05
5.43405e-05
8.0806e-05
0.000100352
0.000110416
0.000109095
9.53909e-05
6.93895e-05
3.237e-05
-1.31371e-05
-6.33539e-05
-0.000113396
-0.000157652
-0.000190443
-0.000206865
-0.000203598
-0.000203598
-0.000179457
-0.000135574
-7.52473e-05
-3.58501e-06
7.29894e-05
0.000147363
0.000212531
0.000262538
0.000293371
0.000303566
0.000294263
0.000268638
0.000230859
0.000184879
0.000133424
7.74635e-05
1.62923e-05
-5.18009e-05
-0.000128479
-0.000214227
-0.000307468
-0.000404151
-0.000497861
-0.000580394
-0.000642679
-0.000675996
-0.000673334
-0.000630718
-0.000548204
-0.000430276
-0.000285501
-0.000125423
3.71072e-05
0.00018982
0.000322655
0.000428719
0.000504397
0.000548701
0.000562265
0.000546488
0.00050321
0.000434994
0.000345758
0.000241256
0.000129027
1.76038e-05
-8.48214e-05
-0.000171875
-0.000240094
-0.000289234
-0.000321636
-0.000340832
-0.000349862
-0.000349938
-0.000339946
-0.000317002
-0.000277837
-0.000220514
-0.000145798
-5.77111e-05
3.69596e-05
0.000129982
0.0002134
0.000281063
0.000329509
0.000357974
0.000367675
0.000360728
0.000339176
0.000304457
0.000257442
0.000198915
0.000130208
5.36708e-05
-2.72339e-05
-0.000108234
-0.00018481
-0.000252784
-0.000308728
-0.000350087
-0.000375059
-0.00038242
-0.000371427
-0.000341907
-0.000294476
-0.000230781
-0.000153625
-6.68869e-05
2.47578e-05
0.000116232
0.000202444
0.00027859
0.000340366
0.000384164
0.00040731
0.000408357
0.000387375
0.000346122
0.00028799
0.000217632
0.000140339
6.1317e-05
-1.49101e-05
-8.4822e-05
-0.000145888
-0.000196318
-0.00023474
-0.000260002
-0.000271172
-0.000267725
-0.000249803
-0.000218403
-0.000175401
-0.000123364
-6.52271e-05
-3.92972e-06
5.78412e-05
0.000117733
0.000173654
0.000223633
0.00026572
0.000298004
0.000318775
0.000326779
0.000321465
0.000303123
0.000272887
0.000232588
0.000184514
0.000131157
7.50015e-05
1.84143e-05
-3.63745e-05
-8.72433e-05
-0.000132159
-0.000169217
-0.000196753
-0.000213479
-0.000218618
-0.00021197
-0.00019392
-0.000165375
-0.000127684
-8.25484e-05
-3.19508e-05
2.1907e-05
7.66597e-05
0.000129854
0.000179053
0.000221967
0.000256582
0.000281274
0.000294895
0.000296833
0.000287031
0.000265989
0.000234748
0.00019485
0.000148278
9.7367e-05
4.46938e-05
-7.05728e-06
-5.52528e-05
-9.74866e-05
-0.000131748
-0.000156549
-0.000170994
-0.00017479
-0.000168207
-0.000151989
-0.000127253
-9.53867e-05
-5.79811e-05
-1.67712e-05
2.64041e-05
6.96452e-05
0.00011105
0.00014879
0.000181196
0.000206835
0.000224581
0.000233675
0.000233769
0.000224942
0.000207697
0.000182922
0.000151852
0.000116
7.70763e-05
3.68939e-05
-2.72341e-06
-4.00282e-05
-7.34277e-05
-0.000101546
-0.000123267
-0.000137776
-0.000144583
-0.00014355
-0.000134888
-0.000119151
-9.72152e-05
-7.02379e-05
-3.95889e-05
-6.77844e-06
2.66227e-05
5.90611e-05
8.90742e-05
0.000115352
0.000136786
0.000152499
0.000161871
0.000164558
0.000160518
0.000150015
0.00013361
0.000112135
8.66546e-05
5.84098e-05
2.87515e-05
-9.32691e-07
-2.9291e-05
-5.50734e-05
-7.71837e-05
-9.4717e-05
-0.000106989
-0.000113562
-0.000114254
-0.000109156
-9.86232e-05
-8.32633e-05
-6.39026e-05
-4.15417e-05
-1.72997e-05
7.64627e-06
3.21213e-05
5.50048e-05
7.52744e-05
9.20433e-05
0.000104592
0.0001124
0.000115168
0.000112828
0.000105553
9.37423e-05
7.80007e-05
5.91023e-05
3.79474e-05
1.5522e-05
-7.14769e-06
-2.90467e-05
-4.92158e-05
-6.67876e-05
-8.10212e-05
-9.13364e-05
-9.73442e-05
-9.88649e-05
-9.59325e-05
-8.8787e-05
-7.7858e-05
-6.37384e-05
-4.71491e-05
-2.89018e-05
-9.86632e-06
9.0641e-06
2.70123e-05
4.3159e-05
5.67817e-05
6.72872e-05
7.42366e-05
7.73624e-05
7.65785e-05
7.19822e-05
6.38447e-05
5.25908e-05
3.87756e-05
2.30596e-05
6.17884e-06
-1.10891e-05
-2.79609e-05
-4.36836e-05
-5.7572e-05
-6.90404e-05
-7.76238e-05
-8.29927e-05
-8.49696e-05
-8.35392e-05
-7.88468e-05
-7.11819e-05
-6.09582e-05
-4.86923e-05
-3.49845e-05
-2.0497e-05
-5.92275e-06
8.05344e-06
2.07919e-05
3.17261e-05
4.03852e-05
4.64125e-05
4.95779e-05
4.97829e-05
4.70612e-05
4.15761e-05
3.36145e-05
2.35741e-05
1.19456e-05
-7.13612e-07
-1.38074e-05
-2.67286e-05
-3.88891e-05
-4.97521e-05
-5.88591e-05
-6.58446e-05
-7.04449e-05
-7.25039e-05
-7.19785e-05
-6.89386e-05
-6.35644e-05
-5.61404e-05
-4.70451e-05
-3.67332e-05
-2.57094e-05
-1.4501e-05
-1.4501e-05
-3.63153e-06
6.40527e-06
1.51678e-05
2.22843e-05
2.74639e-05
3.05053e-05
3.05053e-05
