-5.49847e-11
-2.52617e-09
-3.26222e-08
-2.23277e-07
-9.98542e-07
-3.24465e-06
-8.18692e-06
-1.68318e-05
-2.93029e-05
-4.46116e-05
-6.09935e-05
-7.64563e-05
-8.92257e-05
-9.80875e-05
-0.000102653
-0.000103403
-0.000101379
-9.76208e-05
-9.26545e-05
-8.63126e-05
-7.79687e-05
-6.70367e-05
-5.34555e-05
-3.79086e-05
-2.169e-05
-6.32776e-06
6.82903e-06
1.69056e-05
2.36211e-05
2.72201e-05
2.82307e-05
2.71386e-05
2.41348e-05
1.90707e-05
1.16344e-05
1.64352e-06
-1.07017e-05
-2.47273e-05
-3.93887e-05
-5.35102e-05
-6.60533e-05
-7.63059e-05
-8.39347e-05
-8.89067e-05
-9.13288e-05
-9.12714e-05
-8.86541e-05
-8.32516e-05
-7.48179e-05
-6.32612e-05
-4.87769e-05
-3.18769e-05
-1.33081e-05
6.10104e-06
2.56028e-05
4.46443e-05
6.28947e-05
8.01854e-05
9.64045e-05
0.000111401
0.000124939
0.000136726
0.000146491
0.000154097
0.000159617
0.000163348
0.000165748
0.000167347
0.000168651
0.000170065
0.000171866
0.000174218
0.000177206
0.000180856
0.000185129
0.000189883
0.000194829
0.000199508
0.000203315
0.000205565
0.000205585
0.000202799
0.000196782
0.000187262
0.000174071
0.000157078
0.000136136
0.00011107
8.17202e-05
4.80348e-05
1.01719e-05
-3.14343e-05
-7.60758e-05
-0.000122851
-0.000170799
-0.000219037
-0.000266864
-0.000313796
-0.000359523
-0.000403803
-0.000446334
-0.000486655
-0.000524107
-0.000557875
-0.000587095
-0.000610969
-0.000628878
-0.000640441
-0.000645523
-0.00064421
-0.000636751
-0.000623484
-0.000604769
-0.000580923
-0.000552159
-0.000518548
-0.000480016
-0.000436399
-0.000387553
-0.000333509
-0.000274602
-0.000211562
-0.000145476
-7.76604e-05
-9.43599e-06
5.81145e-05
0.000124353
0.000189199
0.000253142
0.000317137
0.000382446
0.000450427
0.000522321
0.000599072
0.000681199
0.000768717
0.000861101
0.000957287
0.0010557
0.00115427
0.00125045
0.00134118
0.0014229
0.00149161
0.00154301
0.00157278
0.00157685
0.00155187
0.00149555
0.00140689
0.00128613
0.00113431
0.000952616
0.000741727
0.000501516
0.000231428
-6.84e-05
-0.000395477
-0.00074329
-0.00110031
-0.00145022
-0.00177357
-0.00205049
-0.00226385
-0.00240182
-0.00245939
-0.00243814
-0.00234481
-0.00218903
-0.00198122
-0.00173117
-0.00144766
-0.00113893
-0.000813555
-0.000480965
-0.000151357
0.000165181
0.000459978
0.000727024
0.000963709
0.00117078
0.00135157
0.00151071
0.00165274
0.00178077
0.0018956
0.00199529
0.00207539
0.00212983
0.00215239
0.00213847
0.00208707
0.00200233
0.00189423
0.00177796
0.00167184
0.0015943
0.00156058
0.00158025
0.00165614
0.00178509
0.00195986
0.00217055
0.00240101
0.00261773
0.00275905
0.0027442
0.00250849
0.00203773
0.00136957
0.000567723
-0.000299582
-0.00116769
-0.00198505
-0.00272673
-0.00339625
-0.00400849
-0.00456486
-0.00503723
-0.00537078
-0.00550444
-0.00539751
-0.00504846
-0.00449658
-0.00380753
-0.00305243
-0.00229084
-0.00156173
-0.000881884
-0.00025177
0.000331956
0.000862586
0.00131601
0.00165461
0.0018404
0.00185021
0.00168537
0.00137175
0.000951238
0.00046944
-3.49147e-05
-0.000535312
-0.00101674
-0.00147024
-0.00188544
-0.00224435
-0.00251991
-0.00268043
-0.00269832
-0.00255889
-0.00226525
-0.00183723
-0.00130542
-0.000703158
-5.98985e-05
0.000601958
0.00126617
0.00191891
0.00254419
0.00312084
0.00362248
0.00402089
0.00429129
0.00441754
0.00439491
0.00422973
0.00393618
0.00353203
0.00303503
0.00246108
0.00182431
0.00113804
0.000415109
-0.000333037
-0.00109802
-0.00187505
-0.00266058
-0.00344687
-0.00421553
-0.00493278
-0.0055493
-0.00600595
-0.00624475
-0.00622214
-0.00592043
-0.00535319
-0.00456259
-0.00360944
-0.00255968
-0.0014722
-0.000391898
0.000650435
0.00163272
0.00253415
0.00332936
0.00398703
0.00447345
0.00475958
0.00482875
0.00468183
0.00433781
0.00382908
0.00319281
0.00246133
0.00165557
0.000784875
-0.000145819
-0.00112428
-0.00211995
-0.00307897
-0.00392811
-0.00458736
-0.00498771
-0.0050882
-0.00488642
-0.00441837
-0.00374735
-0.0029462
-0.00207972
-0.00119391
-0.000315327
0.000540721
0.000540721
0.00135844
0.0021121
0.00276329
0.00326566
0.00357487
0.00365937
0.00350771
0.00312971
0.00255205
0.00181092
0.000946006
-1.53655e-06
-0.000986828
-0.00195712
-0.00284956
-0.00359389
-0.00412096
-0.00437496
-0.00432554
-0.00397548
-0.00336104
-0.00254455
-0.00160162
-0.000607045
0.000376125
0.00130149
0.00213787
0.00286366
0.00346045
0.00390911
0.00419002
0.00428689
0.00419237
0.00391272
0.00346938
0.00289669
0.00223634
0.00153082
0.000817906
0.000128074
-0.000515068
-0.00109217
-0.00158522
-0.00197579
-0.00224553
-0.0023785
-0.00236446
-0.00220171
-0.00189836
-0.00147174
-0.000946497
-0.000352425
0.000277137
0.00090623
0.00149721
0.00201261
0.00241842
0.00268821
0.00280724
0.00277489
0.00260448
0.00232021
0.00195185
0.00152899
0.00107664
0.000613578
0.000153798
-0.000290206
-0.000703954
-0.00106916
-0.00136463
-0.00156981
-0.0016701
-0.0016621
-0.00155662
-0.00137792
-0.00115838
-0.000930492
-0.000718438
-0.000532534
-0.000368084
-0.000208975
-3.46032e-05
0.000172237
0.000419233
0.000702193
0.00100693
0.00131406
0.00160392
0.00185876
0.00206091
0.00218853
0.00221286
0.00210067
0.0018229
0.00136681
0.000747076
1.09313e-05
-0.000765534
-0.00149015
-0.00207336
-0.00244712
-0.00257809
-0.00247123
-0.00216375
-0.00171276
-0.00118105
-0.000625174
-8.81297e-05
0.000402717
0.000833719
0.00120103
0.00150659
0.0017551
0.00195192
0.00210158
0.00220661
0.0022668
0.00227932
0.00224011
0.00214608
0.00199758
0.00179974
0.00156229
0.00129773
0.00101887
0.000736736
0.000459621
0.000193492
-5.64962e-05
-0.000284186
-0.000481257
-0.000637468
-0.000742395
-0.000787959
-0.000770624
-0.000692318
-0.000559736
-0.000382439
-0.000170733
6.56892e-05
0.000317699
0.000575375
0.000826074
0.00105306
0.00123568
0.00135152
0.00138027
0.00130817
0.0011319
0.000860523
0.000514774
0.000123873
-0.000279208
-0.000662647
-0.000999543
-0.00126979
-0.00146001
-0.00156216
-0.0015717
-0.0014863
-0.00130549
-0.00103145
-0.000670392
-0.000234109
0.000258828
0.000782387
0.00130323
0.00178213
0.00217706
0.00244815
0.00256375
0.00250626
0.00227598
0.00189163
0.00138691
0.000803733
0.00018377
-0.000438901
-0.00104175
-0.00161299
-0.00214674
-0.00263635
-0.00306891
-0.00342334
-0.00367285
-0.00379095
-0.00375874
-0.00357059
-0.00323627
-0.00277889
-0.00222952
-0.00162082
-0.000981903
-0.000336113
0.000298175
0.00090478
0.00146687
0.00196566
0.00238143
0.00269644
0.00289846
0.00298343
0.00295602
0.00282793
0.00261477
0.00233273
0.00199618
0.00161704
0.00120541
0.000770608
0.000321314
-0.000135557
-0.000596377
-0.00106088
-0.00152951
-0.00199841
-0.00245415
-0.00287089
-0.00321185
-0.00343591
-0.00350796
-0.00341003
-0.00314903
-0.00275799
-0.00228959
-0.00180417
-0.00135616
-0.000983376
-0.000702413
-0.000510747
-0.000393789
-0.000333504
-0.000315122
-0.000329714
-0.000372509
-0.000438702
-0.000519449
-0.000600371
-0.000663499
-0.000691802
-0.000674199
-0.000608752
-0.000502549
-0.00036826
-0.000218754
-6.20194e-05
0.00010147
0.000277686
0.00047435
0.000694112
0.000928258
0.00115397
0.00133721
0.00144106
0.00143692
0.00131441
0.0010863
0.000786324
0.000460528
0.00015477
-9.73616e-05
-0.000282156
-0.000406306
-0.000490359
-0.000557762
-0.000623716
-0.00068798
-0.000734099
-0.000735265
-0.000664911
-0.000508738
-0.000274182
6.40063e-06
0.000280822
0.000489456
0.000580968
0.000525973
0.000324099
2.42119e-06
-0.00039372
-0.000814165
-0.00121702
-0.00157721
-0.00188807
-0.00215647
-0.00239384
-0.00260677
-0.00279062
-0.00292783
-0.00299109
-0.00294965
-0.00277636
-0.00245344
-0.00197595
-0.00135287
-0.000606414
0.000229709
0.00111281
0.00199422
0.0028228
0.00354895
0.00412884
0.00452816
0.00472478
0.00470948
0.00448494
0.00406355
0.003465
0.00271473
0.00184356
0.000888063
-0.000109
-0.00109925
-0.00203071
-0.00285125
-0.00351289
-0.00397582
-0.00421124
-0.00420246
-0.0039445
-0.00344325
-0.00344325
-0.00271508
-0.00178805
-0.000703977
0.00048027
0.00169451
0.00286106
0.0039039
0.00475873
0.00538106
0.00575021
0.00586799
0.00575284
0.00543156
0.00493188
0.00427842
0.00349328
0.00259997
0.00162825
0.00061692
-0.000387418
-0.00133555
-0.00218315
-0.00289795
-0.00346396
-0.00388124
-0.00416141
-0.00432048
-0.00437171
-0.00432065
-0.004164
-0.00389228
-0.00349529
-0.00296822
-0.0023167
-0.00155936
-0.000727547
0.000137164
0.00098694
0.00177205
0.00244507
0.00296478
0.00329955
0.00343053
0.00335403
0.00308289
0.00264573
0.00208388
0.00144606
0.000781831
0.000135553
-0.000457545
-0.000972253
-0.00139118
-0.00170063
-0.00188654
-0.00193255
-0.00182147
-0.00154007
-0.00108559
-0.000471783
0.000268118
0.00108268
0.00190805
0.00267669
0.00332695
0.00381078
0.00409791
0.00417596
0.00404726
0.00372392
0.00322335
0.00256552
0.00177275
0.000871472
-0.00010509
-0.00111505
-0.00210788
-0.00302696
-0.00381441
-0.00441701
-0.00479212
-0.00491203
-0.00476634
-0.00436206
-0.00372208
-0.00288272
-0.00189116
-0.00080314
0.000319354
0.0014107
0.00240529
0.00324216
0.00387047
0.00425482
0.00437953
0.00425074
0.00389557
0.00335831
0.00269412
0.00196175
0.00121637
0.00050409
-0.000141269
-0.000698506
-0.00115708
-0.00151367
-0.00176853
-0.00192289
-0.00197791
-0.00193536
-0.00179932
-0.001578
-0.00128478
-0.000938038
-0.000559641
-0.000172833
0.000199898
0.000538315
0.000825146
0.00104624
0.00119058
0.00125056
0.00122263
0.00110818
0.00091404
0.000652097
0.000337786
-1.22876e-05
-0.000382958
-0.000762504
-0.00114333
-0.00152108
-0.00189239
-0.0022522
-0.00259149
-0.00289645
-0.00314926
-0.00333035
-0.00342145
-0.00340839
-0.00328312
-0.00304437
-0.00269728
-0.00225242
-0.0017247
-0.00113255
-0.000497295
0.000157397
0.00080651
0.00142522
0.00199085
0.00248476
0.0028935
0.00320885
0.00342691
0.00354659
0.00356813
0.00349253
0.00332284
0.00307
0.00276538
0.00247308
0.00228176
0.0022654
0.00243779
0.0027406
0.00307006
0.00331033
0.00335561
0.00313138
0.00261803
0.00185858
0.000938464
-5.2009e-05
-0.00105092
-0.00203715
-0.00301769
-0.00399906
-0.00495973
-0.00583785
-0.0065394
-0.00696027
-0.00701095
-0.00663609
-0.00582591
-0.00461617
-0.00307528
-0.00128321
0.000687227
0.00277741
0.00493581
0.00710178
0.00918934
0.0110795
0.0126254
0.0136704
0.0140735
0.0137368
0.0126274
0.010788
0.00833341
0.00543226
0.00228127
-0.000921434
-0.00399689
-0.0067971
-0.00920844
-0.0111492
-0.0125641
-0.0134195
-0.0137002
-0.0134085
-0.0125644
-0.0112065
-0.00939037
-0.00718717
-0.0046816
-0.00197117
0.000833558
0.0036086
0.00621797
0.00851848
0.0103685
0.0116395
0.0122285
0.0120678
0.01113
0.00942844
0.00701281
0.00396435
0.000392021
-0.00356839
-0.00775291
-0.0119686
-0.0159967
-0.0196032
-0.0225565
-0.0246496
-0.025722
-0.0256769
-0.0244875
-0.0221953
-0.0188993
-0.0147424
-0.00989907
-0.00456638
0.00104024
0.00668954
0.0121384
0.0171402
0.0214578
0.0248799
0.0272374
0.028416
0.0283626
0.0270863
0.0246542
0.0211852
0.0168438
0.0118337
0.00639055
0.000772094
-0.00475615
-0.00993882
-0.0145503
-0.0184122
-0.0214035
-0.0234617
-0.0245747
-0.0247665
-0.0240819
-0.0225754
-0.0203072
-0.0173458
-0.0137755
-0.00970462
-0.00526893
-0.000629879
0.00403438
0.00854173
0.0127192
0.0164129
0.0194927
0.0218533
0.0234121
0.0241076
0.0239003
0.0227753
0.020747
0.0178642
0.0142129
0.00991663
0.00513355
5.14098e-05
-0.0051192
-0.0101527
-0.0148178
-0.01889
-0.0221654
-0.0244768
-0.0257075
-0.0257995
-0.0247562
-0.022638
-0.019554
-0.0156517
-0.0111069
-0.00611599
-0.000889201
0.00435375
0.00938942
0.0139986
0.0179767
0.0211463
0.0233681
0.0245496
0.0246492
0.0236766
0.0216901
0.0187923
0.015125
0.0108642
0.0108642
0.00621528
0.00140658
-0.00331868
-0.00771536
-0.0115537
-0.0146392
-0.016831
-0.0180541
-0.0183019
-0.017629
-0.0161347
-0.0139437
-0.0111876
-0.0079942
-0.00448611
-0.00078773
0.00296473
0.00661613
0.00999328
0.0129156
0.0152129
0.0167468
0.0174271
0.0172215
0.0161551
0.0143008
0.0117668
0.0086832
0.005193
0.001448
-0.00239209
-0.00616001
-0.00968368
-0.0127927
-0.0153285
-0.0171558
-0.0181734
-0.0183209
-0.0175817
-0.0159811
-0.0135826
-0.0104824
-0.00680525
-0.00270119
0.00165837
0.00608517
0.0103814
0.0143497
0.0178054
0.0205883
0.0225739
0.0236791
0.023866
0.0231397
0.0215448
0.0191604
0.0160949
0.0124818
0.00847498
0.00424423
-3.03886e-05
-0.00416565
-0.00798317
-0.0113182
-0.0140281
-0.016001
-0.0171641
-0.0174921
-0.0170142
-0.0158169
-0.0140379
-0.0118501
-0.00943863
-0.00697526
-0.00459787
-0.00239933
-0.000429178
0.00129315
0.00275869
0.00395085
0.00483588
0.00536573
0.00549165
0.00518289
0.00444245
0.0033142
0.00187862
0.000239629
-0.00149239
-0.0032155
-0.00484464
-0.00631223
-0.00756334
-0.00854962
-0.00922634
-0.00955504
-0.00951043
-0.00908842
-0.00831066
-0.00722277
-0.00588603
-0.00436524
-0.0027174
-0.000985662
0.000799053
0.00260973
0.00441217
0.0061567
0.00777752
0.00920111
0.0103613
0.0112151
0.0117543
0.0120063
0.0120264
0.0118822
0.0116375
0.0113402
0.0110175
0.0106789
0.0103199
0.00992355
0.00945472
0.00885344
0.0080351
0.00690482
0.00538583
0.00345326
0.00116088
-0.00135128
-0.00387528
-0.00617807
-0.00805749
-0.00939247
-0.0101684
-0.0104672
-0.0104259
-0.0101813
-0.00982191
-0.00936611
-0.00877321
-0.00797971
-0.00694415
-0.00568071
-0.00426773
-0.00282845
-0.00149278
-0.000356691
0.000544201
0.00123686
0.00178949
0.00227697
0.00274733
0.0032015
0.00359123
0.00383372
0.00383645
0.00352393
0.00285868
0.00185142
0.000559045
-0.000926902
-0.0024967
-0.00403909
-0.00545496
-0.00666652
-0.00762158
-0.00829329
-0.00867614
-0.00877985
-0.00862314
-0.00822901
-0.00762243
-0.00682987
-0.00587937
-0.0048002
-0.00362165
-0.00237167
-0.00107622
0.000240384
0.00155399
0.00283875
0.00406577
0.00520352
0.0062207
0.00709138
0.00780053
0.00834675
0.00873858
0.00898312
0.00907039
0.00896139
0.00858858
0.00787271
0.00675192
0.00521326
0.00331467
0.00118848
-0.000977083
-0.00297436
-0.00461973
-0.00578951
-0.00643602
-0.00657983
-0.00628425
-0.00562551
-0.004673
-0.0034871
-0.00213216
-0.000693874
0.000712052
0.00194841
0.00288204
0.00341744
0.00352493
0.00325045
0.00270164
0.00201392
0.00130954
0.000665567
0.000103196
-0.000398437
-0.00087155
-0.00132666
-0.00173214
-0.002015
-0.00208218
-0.00185295
-0.00128903
-0.000411062
0.000704341
0.00194434
0.00318789
0.00433082
0.00529944
0.00605
0.0065581
0.00680596
0.00677486
0.0064461
0.00580897
0.0048708
0.00366421
0.0022482
0.000702916
-0.000879547
-0.00240472
-0.00378263
-0.0049309
-0.00577554
-0.00625262
-0.00631382
-0.00593656
-0.00513569
-0.00397117
-0.0025463
-0.000994676
0.000541459
0.00193496
0.00309237
0.00396159
0.00452678
0.00479334
0.00476961
0.00445322
0.00382807
0.00287351
0.00158161
-2.47827e-05
-0.00188147
-0.00388446
-0.00590352
-0.00780287
-0.00946155
-0.0107872
-0.0117197
-0.0122259
-0.0122892
-0.0119005
-0.0110548
-0.00975485
-0.00802045
-0.00589978
-0.00347703
-0.000873522
0.00175917
0.00425288
0.00644002
0.00817069
0.00932705
0.00983388
0.00966503
0.00884529
0.00744686
0.00557948
0.00337526
0.000970708
-0.00150924
-0.00396065
-0.0063005
-0.00845762
-0.0103589
-0.0119171
-0.0130273
-0.0135744
-0.013452
-0.0125867
-0.0109602
-0.00862042
-0.00567955
-0.00229747
0.00134164
0.00505231
0.00866337
0.0120234
0.0149984
0.0174661
0.0193143
0.0204454
0.0207872
0.0203075
0.0190248
0.0190248
0.0170122
0.0143911
0.0113162
0.00795751
0.00448285
0.00104604
-0.00221817
-0.0051938
-0.00778126
-0.00989602
-0.0114703
-0.0124576
-0.0128373
-0.0126174
-0.0118334
-0.0105441
-0.00882771
-0.00677809
-0.00449933
-0.00209711
0.000328092
0.00268025
0.00486284
0.00677805
0.00833227
0.00944332
0.0100463
0.0100997
0.00959097
0.0085413
0.00700431
0.00506043
0.00280782
0.000353486
-0.00219252
-0.00471911
-0.00711408
-0.00926494
-0.0110632
-0.0124116
-0.0132331
-0.0134787
-0.0131333
-0.0122182
-0.0107892
-0.00893048
-0.00674697
-0.00435595
-0.00188035
0.000556436
0.00283502
0.00484512
0.00649187
0.00770281
0.00843388
0.00867282
0.00843865
0.00777741
0.00675508
0.00544944
0.00394281
0.00231714
0.000651914
-0.000975955
-0.00249214
-0.00382657
-0.00491764
-0.00571812
-0.0062008
-0.00636151
-0.00621825
-0.00580628
-0.00517083
-0.00435949
-0.00341667
-0.00238134
-0.00128837
-0.000172078
0.000930137
0.00197612
0.00292039
0.00371836
0.00433181
0.00473384
0.00491158
0.00486623
0.00461065
0.0041656
0.00355585
0.00280746
0.00194679
0.00100132
1.12132e-06
-0.00101993
-0.00202438
-0.00297305
-0.00382772
-0.00455388
-0.00512232
-0.00550967
-0.00569817
-0.00567538
-0.00543459
-0.00497621
-0.00431
-0.00345735
-0.00245252
-0.00134167
-0.00017951
0.000976046
0.00206966
0.00305358
0.0038906
0.00455488
0.00503079
0.00531074
0.00539291
0.00528029
0.00498256
0.00452021
0.003927
0.00324731
0.00252971
0.00182081
0.00116157
0.000584806
0.000113957
-0.000235786
-0.000454214
-0.000533106
-0.000465705
-0.000249172
0.000111364
0.000599532
0.00118731
0.00183816
0.00251285
0.00317569
0.00379939
0.00436732
0.00487328
0.00531899
0.00571008
0.0060519
0.00634586
0.00658637
0.00675763
0.00683033
0.00675963
0.00648691
0.00594708
0.00508112
0.0038513
0.00225539
0.0003357
-0.00181975
-0.00408517
-0.00631276
-0.00835314
-0.0100757
-0.0113841
-0.0122243
-0.0125838
-0.0124847
-0.0119722
-0.0111029
-0.0099346
-0.00851983
-0.00690386
-0.00512742
-0.00323204
-0.00126567
0.00071335
0.00263569
0.00442379
0.00599728
0.00727973
0.00820561
0.0087261
0.00881326
0.00846211
0.00769062
0.0065383
0.00506353
0.00333997
0.00145194
-0.000510759
-0.00245839
-0.00430625
-0.00597841
-0.00740971
-0.00854583
-0.00934175
-0.00975959
-0.00976728
-0.00933971
-0.0084633
-0.00714355
-0.00541347
-0.00333957
-0.00102216
0.00141158
0.00382075
0.00606668
0.00802724
0.00960594
0.0107349
0.011373
0.0115021
0.0111246
0.0102631
0.00896301
0.00729428
0.00534997
0.00323969
0.00107802
-0.00102887
-0.0029941
-0.00475473
-0.00626911
-0.00750845
-0.00844649
-0.00905163
-0.00928538
-0.00910835
-0.00849237
-0.00743454
-0.00596808
-0.00416541
-0.00213172
9.27102e-06
0.00213269
0.00412776
0.0059064
0.00740413
0.00857478
0.00938314
0.00979971
0.00980054
0.00937219
0.00851971
0.00727391
0.00569453
0.00386762
0.00189736
-0.000104959
-0.00203178
-0.0037872
-0.00529096
-0.00647944
-0.00730575
-0.00774051
-0.00777412
-0.00741935
-0.00671265
-0.00571234
-0.00449261
-0.00313419
-0.0017136
-0.000294211
0.00107805
0.00237347
0.00357257
0.00465828
0.00560929
0.00639697
0.006987
0.00734472
0.00744247
0.00726612
0.00681874
0.00612058
0.00520587
0.00411795
0.00290441
0.00161328
0.00029065
-0.00102015
-0.00227826
-0.00344423
-0.00447892
-0.00534328
-0.00599936
-0.00641261
-0.00655518
-0.0064097
-0.00597281
-0.0052579
-0.00429603
-0.0031347
-0.00183427
-0.00046251
0.000911719
0.0022244
0.00342067
0.0044568
0.00529999
0.00592642
0.00631846
0.0064614
0.00634068
0.00594056
0.00524588
0.00424714
0.00294798
0.0013727
-0.00042882
-0.00238082
-0.00438659
-0.00633801
-0.00812771
-0.00966083
-0.0108633
-0.0116849
-0.0120973
-0.0120897
-0.0116635
-0.0108302
-0.00961226
-0.00804479
-0.00617753
-0.00407482
-0.00407482
-0.0018143
0.000514589
0.00281155
0.00496666
0.00686368
0.00838752
0.00943655
0.00993817
0.009864
0.00923976
0.00814543
0.00670384
0.00505905
0.00334961
0.00168368
0.000123312
-0.00131767
-0.00266163
-0.00394504
-0.00519297
-0.00639764
-0.00750731
-0.00842917
-0.00904608
-0.00924254
-0.00893266
-0.00808212
-0.00671872
-0.00492932
-0.00284528
-0.000620733
0.00159013
0.00365143
0.00545622
0.00692903
0.00802247
0.00871133
0.00898727
0.00885585
0.00833598
0.00746078
0.00627821
0.00485055
0.00325192
0.00156408
-0.000128608
-0.00174418
-0.00320688
-0.00444957
-0.0054151
-0.00605746
-0.0063434
-0.00625439
-0.0057882
-0.00495928
-0.00379751
-0.00234623
-0.000661303
0.00118758
0.00311342
0.00500854
0.00674452
0.0081781
0.00916406
0.00957395
0.00931753
0.0083619
0.00674274
0.00456352
0.00198193
-0.000813256
-0.00362852
-0.00628836
-0.00864965
-0.0106061
-0.0120844
-0.0130361
-0.0134299
-0.013248
-0.0124874
-0.0111658
-0.00932805
-0.00704879
-0.00443053
-0.00159624
0.00131986
0.00417972
0.00684548
0.00918121
0.0110559
0.0123503
0.012969
0.0128539
0.0119973
0.0104482
0.00830967
0.00572713
0.00286987
-8.8738e-05
-0.00298655
-0.00567987
-0.00804249
-0.00996028
-0.0113274
-0.0120487
-0.0120487
-0.0112862
-0.00976618
-0.00754727
-0.00473918
-0.00149202
0.00201961
0.00561279
0.00910844
0.0123373
0.0151409
0.0173708
0.018891
0.019586
0.0193742
0.0182233
0.0161626
0.0132872
0.00975243
0.00576038
0.00153993
-0.00267387
-0.00665795
-0.0102138
-0.0131744
-0.0154075
-0.0168182
-0.0173524
-0.0170021
-0.0158095
-0.0138678
-0.0113144
-0.00831864
-0.00506427
-0.00173169
0.0015173
0.0045485
0.00725671
0.00956084
0.0113959
0.0127063
0.0134431
0.0135677
0.0130587
0.0119215
0.010195
0.00795374
0.00530424
0.00237611
-0.00068984
-0.00375326
-0.00668303
-0.00936154
-0.0116846
-0.0135588
-0.0148999
-0.0156338
-0.0157027
-0.0150745
-0.0137526
-0.0117827
-0.00925396
-0.00629358
-0.00305529
0.000295063
0.00359375
0.00669028
0.00945402
0.011777
0.0135743
0.0147838
0.0153665
0.0153053
0.0146041
0.0132851
0.0113863
0.00896164
0.00608367
0.00284926
-0.000613987
-0.0041448
-0.00755247
-0.0106303
-0.0131766
-0.0150195
-0.0160387
-0.0161791
-0.015453
-0.0139323
-0.0117335
-0.00900149
-0.00589585
-0.00258213
0.000772805
0.00400412
0.00695432
0.00948233
0.0114751
0.0128588
0.0136049
0.0137299
0.0132862
0.0123504
0.0110086
0.00934657
0.00744448
0.00537624
0.00321243
0.00102322
-0.00112072
-0.00315018
-0.00500165
-0.00662136
-0.00796724
-0.00900782
-0.00971905
-0.0100813
-0.0100788
-0.0097016
-0.00895098
-0.007845
-0.00642266
-0.00474434
-0.00288762
-0.000939722
0.00101113
0.00288226
0.00459904
0.00609349
0.00730117
0.00815946
0.00860955
0.00860292
0.00811124
0.00713697
0.00572104
0.00394449
0.00192238
-0.000208962
-0.00230824
-0.00424481
-0.00591027
-0.00722445
-0.00813636
-0.00862199
-0.00868072
-0.00833135
-0.00760817
-0.00655696
-0.00523112
-0.00368795
-0.00198562
-0.000181379
0.00166847
0.00350677
0.00527257
0.00689868
0.00831173
0.00943581
0.0101997
0.0105462
0.0104412
0.00988057
0.00889286
0.0075379
0.00590105
0.00408437
0.00219626
0.000341016
-0.00139041
-0.00292788
-0.0042267
-0.00526882
-0.00605996
-0.0066231
-0.00698966
-0.00719047
-0.00724848
-0.0071748
-0.00696836
-0.00661912
-0.00611352
-0.00544113
-0.00460056
-0.00360347
-0.00247582
-0.00125671
4.60817e-06
0.00125219
0.00242682
0.00346875
0.00432024
0.00492813
0.00524717
0.00524415
0.00490281
0.00422896
0.00325424
0.00203697
0.000658658
-0.00078378
-0.00218871
-0.00346094
-0.00452102
-0.00531098
-0.00579622
-0.00596407
-0.00582079
-0.00538821
-0.00470105
-0.00380502
-0.00275517
-0.00161371
-0.000446797
0.000679785
0.00170524
0.00257818
0.00257818
0.00326028
0.00372879
0.00397755
0.00401648
0.00386958
0.00357152
0.00316361
0.00268933
0.00219026
0.00170293
0.00125704
0.00087508
0.000573044
0.000361255
0.00024451
0.00022106
0.000280731
0.000403099
0.000556666
0.000699666
0.000782952
0.000755345
0.000571586
0.000202079
-0.000357702
-0.00108112
-0.00191025
-0.00276268
-0.00354414
-0.00416402
-0.00455007
-0.0046585
-0.00447714
-0.00402144
-0.00332572
-0.00243361
-0.00139162
-0.000247455
0.000948162
0.00213925
0.00326505
0.00426449
0.0050834
0.00568218
0.00604055
0.00615746
0.00604609
0.00572603
0.00521616
0.00453155
0.00368557
0.00269624
0.00159316
0.000421357
-0.000760731
-0.00188893
-0.00290422
-0.00376276
-0.00444162
-0.00493817
-0.00526382
-0.00543445
-0.00546131
-0.00534551
-0.00507807
-0.00464524
-0.00403676
-0.00325379
-0.00231379
-0.00125124
-0.000114938
0.00103653
0.00213939
0.00312881
0.00394275
0.00452615
0.00483572
0.0048448
0.00454775
0.0039623
0.00312903
0.00210726
0.000968027
-0.000214577
-0.00137134
-0.00244342
-0.00338443
-0.00415959
-0.00474327
-0.0051164
-0.00526498
-0.00518011
-0.00485961
-0.0043108
-0.00355364
-0.00262269
-0.00156676
-0.0004455
0.000676787
0.001739
0.00269096
0.00349919
0.00414929
0.00464451
0.00500107
0.00524171
0.00538922
0.00546156
0.00546941
0.00541603
0.00529865
0.00511068
0.00484393
0.00449046
0.00404402
0.00350104
0.00286149
0.0021298
0.00131573
0.000435148
-0.000489804
-0.00143124
-0.00235681
-0.00323133
-0.00401852
-0.00468257
-0.0051898
-0.00551047
-0.00562101
-0.00550629
-0.00516174
-0.00459496
-0.00382637
-0.00288861
-0.00182503
-0.000687287
0.000467105
0.00157733
0.00258184
0.00342123
0.00404166
0.00439868
0.00446114
0.00421444
0.00366226
0.00282658
0.00174595
0.000472725
-0.000929743
-0.00238983
-0.00383017
-0.00517068
-0.00633251
-0.00724316
-0.00784215
-0.00808664
-0.00795544
-0.00745091
-0.00659821
-0.00544265
-0.00404607
-0.00248299
-0.000836963
0.000803242
0.00234794
0.00371194
0.00482096
0.00561834
0.00607057
0.00617006
0.00593404
0.00539976
0.00461719
0.00364104
0.00252427
0.00131455
5.41914e-05
-0.00121714
-0.00245855
-0.0036248
-0.00466562
-0.00552811
-0.00616176
-0.0065247
-0.00658944
-0.00634657
-0.00580574
-0.00499403
-0.00395254
-0.00273212
-0.00138939
1.65621e-05
0.00142663
0.00278397
0.0040366
0.00514098
0.00606603
0.00679645
0.00733339
0.00769147
0.00789245
0.0079573
0.00789933
0.00772029
0.00741105
0.00695671
0.00634471
0.00557285
0.00465399
0.00361551
0.00249415
0.00132888
0.00015523
-0.000996789
-0.00210087
-0.00313001
-0.00405207
-0.00482763
-0.00541204
-0.00576164
-0.00584231
-0.0056375
-0.00515285
-0.00441595
-0.00347169
-0.0023752
-0.00118469
4.37117e-05
0.00125848
0.00241269
0.00346261
0.0043661
0.00508228
0.00557295
0.00580581
0.00575864
0.00542328
0.00480864
0.00394222
0.00286966
0.00165222
0.000362148
-0.00092367
-0.00213075
-0.00319373
-0.0040619
-0.0047027
-0.00510269
-0.0052661
-0.00521106
-0.00496475
-0.00455811
-0.00402127
-0.00338021
-0.0026554
-0.00186238
-0.00101433
-0.000125998
0.000781991
0.00167941
0.00252465
0.00326591
0.00384578
0.00420859
0.00430926
0.00412188
0.00364599
0.00290928
0.00196558
0.000888321
-0.000239342
-0.0013355
-0.00232921
-0.00316696
-0.00381482
-0.00425676
-0.00449007
-0.00452013
-0.00435601
-0.0040085
-0.00349055
-0.00281947
-0.00201945
-0.00112299
-0.00017021
0.000793883
0.00172339
0.00257563
0.00331435
0.00391134
0.00434666
0.00460793
0.00468952
0.00459219
0.00432337
0.00389779
0.00333789
0.00267336
0.00193959
0.00117528
0.000419536
-0.000290659
-0.000922499
-0.0014488
-0.00184922
-0.00211152
-0.00223276
-0.00222001
-0.00209012
-0.0018683
-0.0015854
-0.00127426
-0.000965851
-0.000685856
-0.000452153
-0.000273599
-0.000150189
-7.46235e-05
-3.52258e-05
-1.99709e-05
-2.11154e-05
-3.94358e-05
-3.94358e-05
-8.67163e-05
-0.000185201
-0.00036339
-0.000648613
-0.00105799
-0.00159025
-0.00222115
-0.00290417
-0.00357668
-0.00416968
-0.00461831
-0.00487029
-0.00489062
-0.00466229
-0.00418429
-0.00346921
-0.00254244
-0.0014435
-0.000228154
0.00103134
0.00225005
0.0033391
0.00421772
0.00482538
0.00513017
0.00513054
0.00484971
0.00432504
0.00359622
0.0026969
0.00165299
0.000488071
-0.000766453
-0.00206137
-0.00332479
-0.0044657
-0.00538604
-0.00599795
-0.00624077
-0.00609255
-0.00557232
-0.00473304
-0.0036479
-0.00239484
-0.00104432
0.000346462
0.0017324
0.00307449
0.00433288
0.00546251
0.00641309
0.00713317
0.00757617
0.00770595
0.0075004
0.00695263
0.00607067
0.00487727
0.0034108
0.00172717
-9.89255e-05
-0.00197533
-0.00379806
-0.00546101
-0.00686812
-0.00794463
-0.0086446
-0.00895216
-0.00887689
-0.00844494
-0.00768965
-0.00664471
-0.00534217
-0.00381502
-0.00210264
-0.000256013
0.00165979
0.00356709
0.00538067
0.00701463
0.00838909
0.00943531
0.0100989
0.0103415
0.0101421
0.00949796
0.0084271
0.00696918
0.00518585
0.0031582
0.000981725
-0.00124076
-0.00340646
-0.00541858
-0.00718969
-0.00864282
-0.00971125
-0.0103388
-0.0104821
-0.0101144
-0.00923064
-0.00785286
-0.00603238
-0.00384968
-0.00141063
0.00115955
0.00372401
0.00614249
0.00827985
0.0100144
0.011246
0.0119034
0.0119498
0.0113856
0.0102474
0.00860303
0.00654401
0.00417686
0.00161531
-0.00102542
-0.00363195
-0.00609456
-0.00830885
-0.0101785
-0.0116199
-0.0125678
-0.0129816
-0.0128491
-0.0121881
-0.0110433
-0.00948125
-0.00758288
-0.00543752
-0.00313825
-0.000779642
0.00154337
0.00373665
0.00570949
0.00737935
0.00867801
0.00955768
0.00999528
0.00999328
0.00957695
0.00878868
0.0076812
0.00631177
0.00473894
0.00302213
0.00122331
-0.000590949
-0.00234874
-0.00397416
-0.00539085
-0.00652679
-0.0073194
-0.00771992
-0.00769652
-0.00723618
-0.00634543
-0.00505083
-0.00339924
-0.00145783
0.000687025
0.00293285
0.00516672
0.00727296
0.00914175
0.0106772
0.0118032
0.012467
0.0126396
0.012314
0.0115028
0.0102354
0.00855665
0.00652521
0.00421321
0.00170503
-0.000904841
-0.0035148
-0.00602017
-0.00831775
-0.0103108
-0.011914
-0.0130577
-0.0136916
-0.013788
-0.0133433
-0.0123787
-0.0109393
-0.00909102
-0.00691672
-0.0045102
-0.00197071
0.000602407
0.00311393
0.00547552
0.00760719
0.00943792
0.0109062
0.011961
0.012563
0.0126862
0.0123202
0.0114709
0.0101632
0.00844079
0.00636688
0.00402255
0.00150398
-0.00108212
-0.00362461
-0.00601496
-0.00815409
-0.00995759
-0.0113582
-0.0123057
-0.0127641
-0.0127105
-0.0121345
-0.0110404
-0.00945184
-0.00741609
-0.00500705
-0.00232444
0.000511187
0.00336711
0.00610855
0.00860799
0.0107518
0.0124439
0.013607
0.0141832
0.0141356
0.013451
0.0121436
0.0102576
0.00786818
0.00507833
0.0020124
-0.00119291
-0.00439801
-0.00746884
-0.0102828
-0.0127322
-0.0147263
-0.0161921
-0.0170755
-0.0173424
-0.0169796
-0.0159962
-0.0144238
-0.0123161
-0.00974725
-0.00680907
-0.00360777
-0.000260619
0.00310761
0.00636844
0.00939435
0.0120641
0.0142688
0.0159167
0.0169384
0.0172887
0.0169492
0.0159295
0.0142679
0.0120327
0.00932052
0.00625481
0.00297974
-0.000348098
-0.00357098
-0.00654244
-0.00913827
-0.0112638
-0.0128558
-0.0138795
-0.0143221
-0.0141858
-0.0134833
-0.0122369
-0.0104827
-0.00827559
-0.00569458
-0.00284424
0.000148851
0.00314475
0.00600193
0.00858934
0.010796
0.012536
0.013749
0.014397
0.0144604
0.0139356
0.0128346
0.0111887
0.00905208
0.00650468
0.00365194
0.000620144
-0.00245188
-0.00542315
-0.00816083
-0.0105484
-0.0124909
-0.0139168
-0.0147785
-0.015052
-0.014737
-0.0138571
-0.0124609
-0.0106198
-0.00842559
-0.00598376
-0.0034066
-0.000805927
0.00171267
0.00405332
0.00405332
0.00613123
0.00787289
0.00921618
0.0101117
0.0105252
0.0104419
0.0098694
0.00884041
0.00741191
0.00566219
0.00368532
0.00158464
-0.000533925
-0.00256757
-0.00442124
-0.00601113
-0.00726771
-0.00813856
-0.00859115
-0.00861521
-0.00822373
-0.00745212
-0.00635531
-0.00500297
-0.00347389
-0.00185045
-0.000213927
0.00135881
0.00279769
0.00404131
0.00503887
0.0057523
0.0061582
0.00624905
0.00603297
0.00553178
0.00477776
0.00380996
0.00267122
0.0014066
6.32687e-05
-0.00130877
-0.00265611
-0.00392264
-0.00505181
-0.0059904
-0.00669258
-0.00712331
-0.00726017
-0.00709327
-0.00662352
-0.00586012
-0.00481839
-0.0035195
-0.0019923
-0.000276778
0.00157286
0.00348727
0.00538448
0.00717562
0.00877263
0.0100961
0.0110814
0.0116822
0.0118709
0.0116377
0.010989
0.00994718
0.00855134
0.00685864
0.00494443
0.0028997
0.000825144
-0.00117736
-0.00301455
-0.00461071
-0.00591383
-0.00689754
-0.00755851
-0.00791036
-0.00797615
-0.00778177
-0.00735156
-0.00670672
-0.00586603
-0.00484835
-0.00367571
-0.00237617
-0.0009854
0.000453313
0.00189067
0.00327408
0.00455103
0.00567262
0.00659663
0.00728974
0.00772828
0.00789771
0.00779143
0.00740975
0.00675988
0.00585711
0.00472676
0.00340604
0.00194467
0.000403606
-0.0011484
-0.00263974
-0.00400134
-0.0051714
-0.00609862
-0.00674398
-0.00708123
-0.00709705
-0.00679124
-0.00617734
-0.00528322
-0.00415121
-0.002837
-0.00140715
6.49667e-05
0.00150408
0.0028381
0.00400256
0.00494392
0.00562146
0.00600815
0.00609087
0.00587033
0.00536094
0.00459054
0.00359954
0.00243908
0.00116796
-0.000151427
-0.00145776
-0.00269505
-0.0038158
-0.0047827
-0.00556878
-0.00615644
-0.00653617
-0.00670553
-0.00666876
-0.00643691
-0.00602769
-0.00546418
-0.00477183
-0.00397432
-0.00308992
-0.00213038
-0.00110315
-1.66569e-05
0.00111342
0.0022593
0.00337971
0.00442313
0.00533499
0.00606666
0.00658304
0.00686617
0.00691375
0.00673394
0.00633925
0.0057427
0.0049578
0.00400238
0.00290392
0.00170379
0.000457643
-0.000768806
-0.00190785
-0.00289933
-0.00369864
-0.00428092
-0.00464065
-0.00478761
-0.00474126
-0.00452607
-0.00416882
-0.00369827
-0.00314576
-0.00254525
-0.00193165
-0.00133754
-0.000789369
-0.000304757
0.000107873
0.000447008
0.000713998
0.000908882
0.00102785
0.00106343
0.00100728
0.000854364
0.000606711
0.000275145
-0.000121595
-0.000559916
-0.00101522
-0.00146495
-0.00188974
-0.00227263
-0.00259714
-0.00284545
-0.00299786
-0.00303402
-0.00293553
-0.00268938
-0.00229093
-0.0017459
-0.001071
-0.000293355
0.000550789
0.00141814
0.00226114
0.00303148
0.00368419
0.00418188
0.00449817
0.00461996
0.00454756
0.00429303
0.003877
0.00332516
0.00266532
0.00192589
0.00113555
0.00032382
-0.000478833
-0.00124171
-0.00193585
-0.00253666
-0.00302641
-0.00339573
-0.00364359
-0.0037757
-0.00380187
-0.00373291
-0.00357796
-0.00334287
-0.00303015
-0.0026402
-0.00217366
-0.00163394
-0.00102924
-0.000373586
0.000313317
0.00100746
0.00168265
0.00231278
0.00287378
0.00334464
0.00370772
0.00394871
0.00405666
0.00402449
0.00384976
0.00353548
0.0030905
0.0025291
0.00187001
0.00113499
0.00034769
-0.000466823
-0.00128124
-0.00206417
-0.00277815
-0.00337905
-0.00381815
-0.00404764
-0.00402859
-0.00373978
-0.00318513
-0.00239718
-0.00143525
-0.000378064
0.000687425
0.00167833
0.00252621
0.00318344
0.00362516
0.00384718
0.00386159
0.00369164
0.00336727
0.00292206
0.00239143
0.00181161
0.00121868
0.00064731
0.000129308
-0.000307957
-0.000643051
-0.000862106
-0.000960643
-0.000945277
-0.000834611
-0.000658546
-0.000455587
-0.000268294
-0.000137503
-9.6217e-05
-0.000164221
-0.000344426
-0.000621814
-0.000965409
-0.00133298
-0.00167734
-0.0019529
-0.00212109
-0.00215417
-0.0020374
-0.00176979
-0.00136395
-0.000845246
-0.000249992
0.00037723
0.000987323
0.00153118
0.00196444
0.0022517
0.0022517
0.00236931
0.00230604
0.00206172
0.00164464
0.00106868
0.000351826
-0.000483637
-0.00140878
-0.00238469
-0.00335966
-0.00426887
-0.00503781
-0.00558955
-0.00585442
-0.00577979
-0.00533759
-0.00452765
-0.00337641
-0.00193172
-0.000255984
0.00158019
0.00350151
0.00542805
0.00727291
0.00893998
0.0103249
0.0113208
0.0118291
0.0117727
0.0111078
0.00983184
0.00798483
0.00564364
0.00291217
-8.96385e-05
-0.00323378
-0.00638736
-0.00941186
-0.0121618
-0.0144868
-0.0162396
-0.0172897
-0.0175399
-0.0169409
-0.0155003
-0.0132823
-0.0103992
-0.00699812
-0.00324652
0.000678492
0.0045969
0.00832917
0.0116994
0.0145414
0.0167089
0.0180887
0.0186147
0.0182767
0.0171219
0.0152481
0.0127893
0.00989954
0.00673724
0.00345516
0.000195345
-0.00291149
-0.00574484
-0.00819417
-0.0101612
-0.0115646
-0.0123468
-0.0124789
-0.0119647
-0.0108398
-0.00916892
-0.00704145
-0.00456629
-0.00186753
0.000919564
0.00365253
0.00618696
0.00838351
0.0101167
0.0112847
0.0118183
0.0116872
0.0109021
0.00951294
0.00760222
0.00527697
0.00265948
-0.000120953
-0.00293474
-0.00565714
-0.00817231
-0.010377
-0.0121844
-0.0135276
-0.014362
-0.0146672
-0.0144459
-0.0137224
-0.0125397
-0.0109567
-0.00904491
-0.00688374
-0.0045534
-0.00212828
0.00032261
0.00272658
0.00499967
0.00705098
0.00879541
0.0101631
0.0111026
0.0115843
0.0116041
0.0111827
0.0103586
0.00917753
0.00768664
0.00593457
0.00397735
0.0018857
-0.000251295
-0.00232903
-0.00423621
-0.0058663
-0.00712815
-0.0079543
-0.00830685
-0.00817993
-0.00759815
-0.00661172
-0.00529033
-0.00371763
-0.00198657
-0.00019473
0.00156112
0.00319121
0.00461843
0.00578213
0.00663917
0.00716257
0.0073388
0.00716528
0.00664889
0.00580627
0.00466558
0.00326913
0.00167523
-4.25123e-05
-0.00179923
-0.003506
-0.00507846
-0.00644432
-0.00754764
-0.00834878
-0.00882097
-0.00894537
-0.00870758
-0.00809742
-0.00711259
-0.00576516
-0.00408851
-0.00214178
-9.53306e-06
0.00220404
0.00438494
0.00642042
0.00820855
0.00966434
0.0107223
0.0113366
0.0114804
0.0111465
0.010349
0.00912594
0.00754027
0.00567823
0.00364363
0.00154902
-0.000494566
-0.00238675
-0.00404397
-0.00540171
-0.00641365
-0.00704913
-0.00729112
-0.00713587
-0.0065946
-0.00569618
-0.00448932
-0.00304268
-0.0014424
0.000212892
0.00181869
0.00327188
0.00447749
0.00535433
0.00583932
0.00589083
0.00549162
0.00465189
0.00341198
0.0018434
4.66489e-05
-0.00185536
-0.00372794
-0.00543787
-0.00686653
-0.00792072
-0.00853903
-0.00869318
-0.0083852
-0.00764237
-0.0065122
-0.00505887
-0.00336119
-0.00151076
0.000390986
0.00223806
0.00392725
0.00536637
0.00648166
0.00722287
0.00756519
0.00750852
0.00707476
0.00630403
0.00525094
0.00398109
0.00256789
0.0010895
-0.000374536
-0.00174701
-0.00295689
-0.00394314
-0.00465798
-0.00506936
-0.00516241
-0.00493978
-0.00442102
-0.00364077
-0.00264612
-0.00149306
-0.00024289
0.00104117
0.00229669
0.00346411
0.00448817
0.00531894
0.00591263
0.00623238
0.00624927
0.00594369
0.0053072
0.00434451
0.00307524
0.00153488
-0.00022547
-0.00214051
-0.00413338
-0.0061189
-0.00800719
-0.00970756
-0.0111329
-0.0122043
-0.0128566
-0.0130431
-0.0127402
-0.0119495
-0.0106991
-0.00904135
-0.00704885
-0.00480977
-0.00242236
9.71875e-06
0.00238153
0.00459075
0.00654172
0.00815023
0.00934851
0.01009
0.0103525
0.0101396
0.00947893
0.00841874
0.00702279
0.00536549
0.00352789
0.00159481
-0.00034685
-0.00220984
-0.00390887
-0.00536423
-0.00650659
-0.00728232
-0.00765804
-0.00762361
-0.00719251
-0.00639975
-0.0052977
-0.00395089
-0.00243082
-0.000811668
0.000832955
0.00243213
0.00391921
0.00523342
0.0063218
0.00714168
0.00766318
0.00787136
0.00776725
0.00736757
0.00670308
0.00581598
0.00475687
0.00358163
0.0023487
0.00111656
0.00111656
-5.87092e-05
-0.00112592
-0.00204142
-0.00277152
-0.00329434
-0.00360067
-0.00369366
-0.00358725
-0.0033038
-0.00287135
-0.00232103
-0.00168514
-0.000995907
-0.000284909
0.000417131
0.00108052
0.00167701
0.00218052
0.0025681
0.00282115
0.00292659
0.00287816
0.00267763
0.00233591
0.00187369
0.00132103
0.000715682
9.9899e-05
-0.000483745
-0.000996857
-0.00140911
-0.00170069
-0.00186296
-0.00189717
-0.00181213
-0.00162146
-0.00134165
-0.000991256
-0.000591087
-0.000164703
0.000261674
0.000660342
0.00100438
0.00127054
0.00144197
0.00151019
0.00147561
0.0013467
0.00113799
0.000867571
0.000554795
0.000218609
-0.00012348
-0.000455972
-0.000765703
-0.00104201
-0.00127673
-0.00146403
-0.00160001
-0.00168242
-0.00171018
-0.00168334
-0.00160304
-0.00147173
-0.0012935
-0.00107412
-0.000821083
-0.000543313
-0.000250849
4.53189e-05
0.000333209
0.000599712
0.000830662
0.00101146
0.00112835
0.00117031
0.00113095
0.00100999
0.000813716
0.000554101
0.000246959
-9.03005e-05
-0.000440471
-0.000787314
-0.00111527
-0.00140855
-0.00165039
-0.0018231
-0.00190928
-0.00189414
-0.00176828
-0.00153012
-0.00118722
-0.00075604
-0.000260398
0.00027092
0.000806854
0.00131663
0.00177191
0.00214848
0.00242742
0.00259587
0.00264737
0.00258183
0.00240495
0.0021273
0.00176295
0.00132819
0.000840354
0.000317256
-0.000223002
-0.000761897
-0.00128031
-0.00175854
-0.00217657
-0.00251485
-0.00275535
-0.00288305
-0.00288739
-0.00276357
-0.00251331
-0.00214504
-0.00167338
-0.00111807
-0.00050237
0.000148707
0.000810233
0.00145878
0.00207333
0.00263549
0.00312935
0.00354101
0.00385826
0.00407051
0.00416912
0.00414809
0.00400484
0.00374097
0.00336261
0.0028804
0.002309
0.00166641
0.000973425
0.000253152
-0.000469321
-0.00116746
-0.00181416
-0.0023831
-0.00285034
-0.00319588
-0.00340484
-0.00346813
-0.00338248
-0.00315032
-0.00277947
-0.00228302
-0.00167942
-0.000992396
-0.000250608
0.000513545
0.00126587
0.00197291
0.00260455
0.00313614
0.00354962
0.0038336
0.00398259
0.00399571
0.0038754
0.00362659
0.00325637
0.00277432
0.00219311
0.00152912
0.00080262
3.74549e-05
-0.000739911
-0.00150163
-0.00221974
-0.00286709
-0.00341786
-0.00384783
-0.00413486
-0.00426008
-0.00420977
-0.00397755
-0.00356543
-0.00298348
-0.0022493
-0.00138817
-0.000433468
0.000574411
0.00159014
0.00256532
0.00344989
0.00419443
0.00475381
0.00509175
0.00518476
0.00502462
0.0046189
0.00398963
0.00317079
0.00220507
0.00114048
2.72803e-05
-0.00108458
-0.00214725
-0.00311602
-0.00395028
-0.00461503
-0.00508297
-0.00533668
-0.00537024
-0.00518957
-0.00481157
-0.00426199
-0.00357246
-0.00277736
-0.00191111
-0.00100663
-9.50571e-05
0.000793352
0.00162782
0.00237592
0.00300351
0.00347617
0.00376209
0.00383589
0.00368241
0.00329973
0.00270049
0.00191166
0.000972744
-6.68107e-05
-0.00115065
-0.00221871
-0.00321054
-0.0040686
-0.00474176
-0.0051884
-0.00537921
-0.00529886
-0.0049465
-0.004335
-0.00348919
-0.00244379
-0.00124159
6.79612e-05
0.00142972
0.00278389
0.00406778
0.00521853
0.006177
0.006892
0.0073243
0.00744934
0.0072584
0.00675825
0.00596975
0.00492622
0.00367174
0.00225965
0.000750956
-0.000787968
-0.00228848
-0.00368371
-0.00491294
-0.00592563
-0.00668418
-0.00716498
-0.00735771
-0.0072636
-0.0068935
-0.00626656
-0.00540986
-0.00435877
-0.00315739
-0.00185821
-0.000520609
0.000792061
0.00201629
0.00309257
0.00396919
0.00460505
0.0049714
0.00505252
0.00484589
0.0043619
0.00362355
0.00266597
0.00153554
0.000288434
-0.0010117
-0.00229695
-0.00349893
-0.0045526
-0.00539972
-0.00599167
-0.00629176
-0.00627724
-0.00594104
-0.00529301
-0.00436019
-0.00318597
-0.00182783
-0.000353995
0.00116089
0.0026405
0.0040114
0.00520702
0.00617072
0.00685806
0.00723859
0.00729738
0.00703612
0.00647351
0.00564437
0.00459731
0.00339096
0.0020893
0.000756494
0.000756494
-0.000547715
-0.00177146
-0.00287242
-0.00381777
-0.00458299
-0.00515036
-0.00550765
-0.00564759
-0.00556799
-0.00527238
-0.00477091
-0.00408113
-0.00322844
-0.00224583
-0.00117303
-5.50505e-05
0.00105958
0.00212078
0.0030791
0.00388819
0.00450747
0.00490481
0.00505885
0.00496072
0.00461476
0.00403832
0.00326048
0.00232011
0.00126328
0.000140675
-0.00099504
-0.00209159
-0.00309934
-0.00397344
-0.00467594
-0.00517775
-0.00546024
-0.0055161
-0.00534931
-0.00497388
-0.0044119
-0.00369084
-0.00284122
-0.0018949
-0.000884507
0.000156203
0.00119163
0.00218404
0.00309427
0.00388378
0.00451775
0.00496842
0.00521776
0.00525879
0.00509512
0.00473925
0.00421034
0.00353226
0.00273263
0.00184259
0.000897247
-6.42308e-05
-0.000999313
-0.00186403
-0.00261598
-0.00321789
-0.00364102
-0.0038675
-0.00389151
-0.00371889
-0.00336576
-0.00285642
-0.00222128
-0.00149486
-0.00071434
8.16263e-05
0.000853951
0.0015643
0.00217673
0.00265972
0.00298843
0.0031465
0.00312717
0.00293311
0.00257522
0.00207054
0.00144002
0.000706796
-0.000104551
-0.000967766
-0.00185407
-0.00273134
-0.003564
-0.00431384
-0.00494207
-0.00541204
-0.00569246
-0.00576032
-0.00560297
-0.00521905
-0.00461827
-0.00382026
-0.00285302
-0.00175131
-0.000555317
0.000690412
0.00193782
0.00313641
0.00423489
0.00518363
0.00593788
0.00646144
0.00672996
0.00673332
0.00647669
0.00597986
0.00527537
0.00440549
0.00341884
0.00236687
0.00130057
0.000267583
-0.000690144
-0.00153802
-0.00224975
-0.00280753
-0.00320168
-0.00342996
-0.00349661
-0.00341169
-0.00319042
-0.00285276
-0.00242282
-0.00192782
-0.00139675
-0.000858655
-0.000340946
0.000131982
0.000539816
0.000866988
0.00110309
0.00124309
0.00128736
0.00124151
0.00111591
0.000924824
0.000685171
0.00041488
0.00013124
-0.000150478
-0.000417744
-0.000660715
-0.00087149
-0.00104304
-0.00116822
-0.00123934
-0.00124847
-0.00118855
-0.00105502
-0.00084744
-0.000570743
-0.000235688
0.000141607
0.000540992
0.000940189
0.00131691
0.00165083
0.00192513
0.00212758
0.00225119
0.00229441
0.00226088
0.00215883
0.00200003
0.00179861
0.00156979
0.00132867
0.00108934
0.000864261
0.000663718
0.000495487
0.000364443
0.00027228
0.00021745
0.000195452
0.000199522
0.000221704
0.000254112
0.000290158
0.000325505
0.000358524
0.000390167
0.000423273
0.000461503
0.000508211
0.000565448
0.000633215
0.000708944
0.000787172
0.000859488
0.000914888
0.000940656
0.000923708
0.000852216
0.000717225
0.000513965
0.000242581
-9.1858e-05
-0.000480056
-0.000909548
-0.00136562
-0.00183162
-0.00228856
-0.00271444
-0.00308408
-0.00337009
-0.00354524
-0.00358592
-0.00347589
-0.00320953
-0.0027936
-0.00224728
-0.00160044
-0.00089059
-0.000159195
0.000551956
0.00120378
0.00176221
0.00219995
0.00249757
0.00264429
0.00263809
0.00248528
0.00219957
0.00180062
0.00131252
0.000762234
0.000178265
-0.000410345
-0.000974802
-0.00148728
-0.00192175
-0.00225517
-0.00246874
-0.00254934
-0.00249055
-0.00229319
-0.00196511
-0.00152036
-0.000977887
-0.000360116
0.000308339
0.00100156
0.00169287
0.00235501
0.00296046
0.00348191
0.00389322
0.00417073
0.00429486
0.00425153
0.00403348
0.00364135
0.00308435
0.00238069
0.00155745
0.000649889
-0.000300183
-0.00124694
-0.00214383
-0.00294727
-0.00362008
-0.00413422
-0.00447214
-0.00462691
-0.00460095
-0.00440425
-0.00405223
-0.00356397
-0.00296104
-0.00226683
-0.0015065
-0.0007071
0.000102441
0.000891563
0.00162882
0.00228309
0.00282524
0.00323007
0.00347841
0.003559
0.00346982
0.00321861
0.00282247
0.00230646
0.00170141
0.00104139
0.000361137
-0.000306112
-0.000930136
-0.00148456
-0.00194717
-0.0022999
-0.00252895
-0.00262502
-0.0025839
-0.00240707
-0.0021022
-0.00168325
-0.00116991
-0.000586505
3.9736e-05
0.000680533
0.00130838
0.00189788
0.00242647
0.0028744
0.00322439
0.00346112
0.00357118
0.00354361
0.00337099
0.00337099
0.00305091
0.00258751
0.00199273
0.0012869
0.000498545
-0.000336903
-0.00117933
-0.0019869
-0.00271928
-0.00334084
-0.00382322
-0.00414708
-0.0043026
-0.00428892
-0.00411259
-0.00378571
-0.00332417
-0.00274667
-0.00207439
-0.00133132
-0.000544525
0.000255877
0.00103763
0.00176801
0.00241617
0.00295544
0.00336507
0.00363101
0.00374545
0.00370571
0.00351308
0.00317229
0.00269197
0.00208581
0.00137401
0.000584051
-0.000249754
-0.00108824
-0.00189065
-0.00261846
-0.00323872
-0.00372615
-0.00406362
-0.00424135
-0.00425546
-0.00410679
-0.00380063
-0.00334728
-0.00276316
-0.00207175
-0.00130357
-0.000494881
0.000314895
0.00108644
0.00178373
0.00237639
0.00284096
0.00316095
0.00332644
0.00333346
0.00318382
0.00288537
0.0024524
0.00190595
0.00127331
0.000586699
-0.000118827
-0.000807966
-0.00144758
-0.00200851
-0.0024666
-0.00280295
-0.00300381
-0.00306045
-0.00296939
-0.00273289
-0.0023596
-0.00186497
-0.00127107
-0.000605753
9.88783e-05
0.000808351
0.00148785
0.00210409
0.00262689
0.00303039
0.00329415
0.00340405
0.00335308
0.00314191
0.00277913
0.00228082
0.00166965
0.000973479
0.00022373
-0.000546102
-0.0013017
-0.00200889
-0.00263452
-0.00314763
-0.00352092
-0.00373269
-0.00376897
-0.00362525
-0.00330756
-0.00283236
-0.00222516
-0.00151823
-0.000747841
4.84359e-05
0.000833721
0.0015732
0.00223489
0.00279024
0.00321481
0.00348924
0.0036005
0.00354307
0.00331985
0.00294226
0.00242959
0.00180768
0.0011072
0.000361896
-0.000393065
-0.00112252
-0.00179266
-0.00237241
-0.00283497
-0.00315931
-0.00333167
-0.00334651
-0.00320687
-0.00292383
-0.00251536
-0.00200463
-0.00141827
-0.000784832
-0.000133442
0.000507183
0.00110968
0.00164898
0.00210331
0.00245526
0.00269259
0.00280889
0.00280364
0.00268194
0.00245379
0.0021332
0.00173723
0.00128511
0.000797424
0.000295388
-0.000199978
-0.000668721
-0.0010929
-0.00145745
-0.00175083
-0.00196527
-0.00209664
-0.00214397
-0.00210877
-0.00199447
-0.00180618
-0.0015509
-0.00123817
-0.000880825
-0.000495457
-0.000102238
0.000276186
0.000616688
0.000898249
0.00110465
0.00122666
0.0012631
0.00122058
0.00111183
0.000953127
0.000761552
0.00055262
0.000338902
0.000129763
-6.79025e-05
-0.000248425
-0.00040618
-0.000534944
-0.000628019
-0.000679008
-0.0006829
-0.000637011
-0.000541474
-0.000399197
-0.000215457
2.55565e-06
0.000245945
0.000504011
0.000764011
0.00101117
0.00122929
0.00140201
0.00151477
0.00155678
0.00152275
0.0014137
0.00123668
0.00100346
0.000728643
0.000427725
0.000115602
-0.00019418
-0.000489533
-0.000759596
-0.000994585
-0.00118599
-0.00132713
-0.00141393
-0.00144534
-0.00142335
-0.00135222
-0.00123748
-0.00108488
-0.000899747
-0.000687103
-0.000452318
-0.000202066
5.49288e-05
0.000307739
0.00054384
0.000750311
0.000915281
0.00102916
0.00108544
0.00108088
0.00101541
0.000891778
0.000715491
0.000494854
0.000241095
-3.17888e-05
-0.000307696
-0.00056965
-0.000801445
-0.000989361
-0.00112351
-0.00119849
-0.00121318
-0.00116991
-0.00107334
-0.000929366
-0.000744493
-0.00052559
-0.000279943
-1.53636e-05
0.000259859
0.00053722
0.000808421
0.00106578
0.00130251
0.00151271
0.00169126
0.00183359
0.00193573
0.0019945
0.00200793
0.00197557
0.00189858
0.00177948
0.00162176
0.00142946
0.00120696
0.000959153
0.000691744
0.000411743
0.00012763
-0.000150932
-0.000413943
-0.000652287
-0.000858919
-0.00102961
-0.00116291
-0.00125939
-0.00132045
-0.00134716
-0.00133969
-0.00129755
-0.00122048
-0.00110987
-0.000970002
-0.000808682
-0.000637001
-0.000468143
-0.000315592
-0.000191201
-0.000103567
-5.69755e-05
-5.10483e-05
-8.10521e-05
-0.000138763
-0.000213679
-0.000294369
-0.000369732
-0.00043002
-0.000467528
-0.000476894
-0.000455032
-0.000400774
-0.000314396
-0.000197186
-5.12283e-05
0.000120553
0.000314156
0.000524242
0.000744043
0.000965565
0.00118011
0.00137901
0.00155446
0.00170017
0.00181173
0.00188668
0.00192418
0.00192418
0.00192452
0.00188854
0.00181722
0.00171158
0.00157271
0.00140211
0.001202
0.000975707
0.000727808
0.000464181
0.000191757
-8.19682e-05
-0.000349619
-0.000604682
-0.00084214
-0.00105881
-0.00125329
-0.00142546
-0.00157569
-0.00170394
-0.00180898
-0.00188818
-0.00193773
-0.00195337
-0.00193135
-0.00186943
-0.00176759
-0.00162826
-0.0014561
-0.00125738
-0.0010391
-0.000808299
-0.000571515
-0.000334652
-0.000103051
0.000118337
0.000324853
0.000512202
0.000676694
0.000815568
0.000927259
0.00101147
0.00106894
0.00110104
0.00110922
0.00109455
0.00105757
0.000998528
0.000917911
0.000817077
0.000698822
0.000567617
0.000429497
0.000291609
0.000161542
4.65419e-05
-4.72905e-05
-0.000115688
-0.000156691
-0.000170825
-0.000160971
-0.000131963
-8.99957e-05
-4.19481e-05
5.2679e-06
4.52445e-05
7.24359e-05
8.23184e-05
7.1401e-05
3.71849e-05
-2.18363e-05
-0.000106105
-0.000214883
-0.000346141
-0.000496473
-0.000661012
-0.00083332
-0.00100526
-0.00116698
-0.00130721
-0.00141396
-0.00147568
-0.00148268
-0.0014286
-0.00131159
-0.00113502
-0.000907358
-0.000641333
-0.000352431
-5.7134e-05
0.000228725
0.000491168
0.00071873
0.000902636
0.0010367
0.00111715
0.00114249
0.00111353
0.00103341
0.000907562
0.000743482
0.000550245
0.00033786
0.000116591
-0.000103608
-0.000313426
-0.000504332
-0.000668597
-0.000799358
-0.0008908
-0.000938449
-0.000939484
-0.000892931
-0.000799683
-0.00066236
-0.000485078
-0.000273278
-3.37242e-05
0.000225272
0.000493479
0.000758461
0.0010057
0.00121934
0.00138361
0.00148458
0.00151202
0.00146067
0.00133087
0.00112819
0.000862458
0.000546445
0.00019462
-0.000177645
-0.000554451
-0.000919505
-0.00125634
-0.00154886
-0.00178239
-0.00194486
-0.00202815
-0.00202875
-0.00194799
-0.0017913
-0.00156718
-0.00128597
-0.000958888
-0.000597639
-0.000214504
0.000177367
0.000563743
0.000929462
0.00125905
0.00153775
0.00175264
0.00189379
0.00195494
0.00193388
0.00183242
0.00165607
0.00141375
0.00111742
0.00078169
0.000423271
6.02401e-05
-0.000289003
-0.000606908
-0.000877941
-0.00108957
-0.0012329
-0.00130299
-0.00129879
-0.00122291
-0.00108123
-0.000882524
-0.000638025
-0.000360925
-6.57647e-05
0.000232364
0.000518738
0.000779943
0.00100466
0.00118423
0.00131278
0.00138722
0.00140682
0.00137295
0.00128869
0.00115858
0.000988437
0.000785159
0.000556578
0.000311255
5.82349e-05
-0.000193207
-0.000433793
-0.000654413
-0.000846264
-0.00100102
-0.00111112
-0.0011703
-0.00117416
-0.00112084
-0.00101151
-0.000850551
-0.000645399
-0.000406074
-0.000144476
0.000126329
0.000392731
0.000641077
0.000858115
0.0010315
0.00115043
0.00120646
0.00119429
0.00111244
0.000963482
0.00075392
0.000493503
0.000194348
-0.000130052
-0.000465681
-0.000798621
-0.00111546
-0.00140358
-0.00165155
-0.00184953
-0.00199
-0.00206831
-0.00208322
-0.00203709
-0.00193563
-0.0017873
-0.00160246
-0.00139243
-0.00116871
-0.000942353
-0.000723623
-0.000521774
-0.000344888
-0.00019968
-9.126e-05
-2.28825e-05
4.2297e-06
-9.05205e-06
-5.98437e-05
-0.000143455
-0.000253672
-0.000383082
-0.000523406
-0.000665863
-0.000801562
-0.000921944
-0.00101925
-0.00108698
-0.00112015
-0.00111545
-0.00107113
-0.00098679
-0.000863153
-0.000702048
-0.000506543
-0.000281273
-3.28211e-05
0.00023003
0.000496398
0.000753893
0.000989651
0.00119163
0.00134988
0.00145755
0.00151132
0.00151141
0.00146105
0.00136582
0.00123289
0.0010704
0.000887172
0.000692463
0.000495868
0.000307147
0.000135935
-8.65757e-06
-0.000118548
-0.000187239
-0.000210363
-0.000186149
-0.000115694
-2.98326e-06
0.000145362
0.000320593
0.000512526
0.000710332
0.000903314
0.00108157
0.00123645
0.00136082
0.00144917
0.00149763
0.00150401
0.00146785
0.00139051
0.00127525
0.00112728
0.000953582
0.000762767
0.000564583
0.000369365
0.000187363
2.80852e-05
-0.000100282
-0.000191317
-0.000240632
-0.000245983
-0.000207251
-0.00012633
-6.95633e-06
0.000145473
0.000324077
0.000520664
0.000725916
0.000929652
0.000929652
0.00112121
0.00128997
0.00142607
0.00152109
0.00156873
0.00156535
0.00151008
0.00140474
0.00125333
0.0010614
0.000835442
0.000582501
0.000310042
2.60815e-05
-0.00026059
-0.000540263
-0.000802389
-0.00103595
-0.00123015
-0.00137523
-0.00146343
-0.0014897
-0.00145224
-0.00135265
-0.00119576
-0.000989271
-0.000743131
-0.000468903
-0.000179042
0.000113797
0.000397387
0.000660464
0.000893146
0.00108724
0.00123643
0.00133634
0.00138453
0.00138031
0.00132458
0.00121969
0.00106932
0.00087862
0.000654303
0.000404834
0.000140434
-0.00012716
-0.000385275
-0.000621176
-0.000823125
-0.000981403
-0.00108911
-0.00114258
-0.00114144
-0.00108841
-0.000988832
-0.000850341
-0.000682376
-0.000495764
-0.000302201
-0.000113631
5.84701e-05
0.000203882
0.000314362
0.000384174
0.000410298
0.00039233
0.000332135
0.000233382
0.000101133
-5.84127e-05
-0.00023797
-0.000429103
-0.000622178
-0.000806526
-0.000970929
-0.00110444
-0.00119739
-0.00124242
-0.00123521
-0.00117483
-0.00106358
-0.000906491
-0.000710645
-0.000484594
-0.000238058
1.80629e-05
0.000271545
0.000508859
0.000715626
0.000877614
0.000982148
0.00101962
0.000984718
0.000877056
0.000701046
0.000465118
0.000180625
-0.000139161
-0.000479645
-0.000825093
-0.00115865
-0.00146259
-0.00171906
-0.00191143
-0.00202605
-0.00205398
-0.00199225
-0.00184426
-0.00161921
-0.00133069
-0.000994913
-0.000629026
-0.000249896
0.000126476
0.000485108
0.000812026
0.00109441
0.00132108
0.00148322
0.00157521
0.00159524
0.00154553
0.00143199
0.00126345
0.00105078
0.00080595
0.000541437
0.000269806
3.46786e-06
-0.000245605
-0.000466304
-0.000648984
-0.000786097
-0.000872722
-0.000906814
-0.000889128
-0.000822848
-0.000713077
-0.000566373
-0.000390504
-0.000194475
1.12563e-05
0.00021461
0.000402039
0.000559233
0.000672367
0.000729738
0.000723436
0.000650631
0.00051412
0.000321925
8.60265e-05
-0.000179449
-0.000460119
-0.000742879
-0.00101676
-0.00127303
-0.00150463
-0.00170536
-0.00186906
-0.0019892
-0.00205905
-0.00207248
-0.00202505
-0.00191515
-0.00174482
-0.00152004
-0.00125033
-0.000947963
-0.00062674
-0.000300839
1.61641e-05
0.000311921
0.000575597
0.000797942
0.000971328
0.0010899
0.00114984
0.00114976
0.00109104
0.000977904
0.000817364
0.000618759
0.000393191
0.00015289
-8.93105e-05
-0.000320375
-0.000527407
-0.000698061
-0.000821158
-0.000887543
-0.000891123
-0.000829866
-0.000706453
-0.000528309
-0.000306904
-5.64392e-05
0.000207796
0.000470997
0.000720012
0.00094393
0.00113414
0.00128409
0.001389
0.00144579
0.00145327
0.00141246
0.00132689
0.00120259
0.00104772
0.00087186
0.000685073
0.00049702
0.000316263
0.000149897
3.48973e-06
-0.000118783
-0.00021396
-0.000280166
-0.000316611
-0.000323666
-0.000302953
-0.000257356
-0.000190895
-0.000108477
-1.5513e-05
8.25167e-05
0.000180503
0.000274064
0.000359752
0.000435089
0.000498456
0.000548897
0.000585905
0.000609265
0.000618996
0.0006154
0.000599183
0.000571592
0.000534492
0.000490319
0.000441902
0.000392195
0.000343997
0.000299737
0.000261361
0.000230333
0.000207709
0.000194228
0.000190373
0.00019638
0.000212235
0.000237693
0.000272375
0.000315898
0.000367955
0.000428197
0.000495834
0.000568986
0.000644013
0.000715116
0.000774515
0.000813302
0.000822855
0.00079645
0.000730643
0.000625976
0.000486805
0.000320309
0.000135027
-6.05922e-05
-0.000259168
-0.000454695
-0.000642233
-0.000817246
-0.000974983
-0.00111015
-0.00121702
-0.00128998
-0.00132424
-0.00131658
-0.00126588
-0.00117327
-0.00104201
-0.000877169
-0.000685185
-0.000473484
-0.000250138
-2.3553e-05
0.000197879
0.000406172
0.000594158
0.000755857
0.000886714
0.000983623
0.00104473
0.00106911
0.00105643
0.00100684
0.000921175
0.000801306
0.000650667
0.00047461
0.000280459
7.71406e-05
-0.000125565
-0.000317976
-0.000491426
-0.000638918
-0.000755407
-0.000837733
-0.000884336
-0.000894929
-0.000870246
-0.000811938
-0.000722561
-0.000605615
-0.000465548
-0.000307673
-0.000138001
3.6963e-05
0.0002104
0.0002104
0.000375302
0.000524593
0.000651317
0.000748965
0.000811983
0.000836396
0.000820424
0.000764921
0.000673488
0.000552199
0.000408946
0.000252585
9.20536e-05
-6.43393e-05
-0.000209367
-0.000337087
-0.000442897
-0.000523571
-0.000577344
-0.000604019
-0.000605014
-0.000583278
-0.000543023
-0.000489279
-0.000427353
-0.000362337
-0.000298798
-0.000240675
-0.00019137
-0.000153868
-0.000130742
-0.000123934
-0.000134321
-0.000161227
-0.000202107
-0.000252608
-0.00030705
-0.000359258
-0.000403541
-0.000435555
-0.000452808
-0.000454686
-0.00044205
-0.000416569
-0.000380073
-0.000334129
-0.00027996
-0.000218639
-0.000151428
-8.00687e-05
-6.88165e-06
6.53676e-05
0.000133772
0.000195652
0.000248868
0.000291962
0.00032413
0.00034508
0.000354868
0.000353816
0.000342523
0.000321958
0.000293558
0.000259261
0.000221404
0.000182496
0.000144884
0.000110396
8.00384e-05
5.38424e-05
3.09219e-05
9.7437e-06
-1.14769e-05
-3.4368e-05
-6.00782e-05
-8.91098e-05
-0.000121341
-0.000156206
-0.000192943
-0.000230834
-0.000269339
-0.000308102
-0.00034684
-0.00038518
-0.000422543
-0.000458103
-0.000490862
-0.000519764
-0.000543821
-0.000562203
-0.000574273
-0.000579579
-0.000577843
-0.000568965
-0.000553084
-0.000530648
-0.000502488
-0.000469836
-0.000434255
-0.000397467
-0.000361082
-0.000326301
-0.000293636
-0.000262739
-0.000232376
-0.000200576
-0.000164906
-0.000122766
-7.16366e-05
-9.26415e-06
6.61729e-05
0.000155861
0.000260088
0.000377949
0.000507098
0.000643672
0.000782483
0.000917498
0.00104252
0.00115189
0.00124107
0.00130686
0.00134733
0.00136157
0.00134935
0.00131084
0.00124663
0.00115784
0.00104639
0.000915183
0.000768185
0.000610203
0.000446506
0.00028238
0.000122732
-2.81396e-05
-0.000166616
-0.000289696
-0.000394897
-0.000480194
-0.000544031
-0.000585358
-0.000603594
-0.000598498
-0.000569971
-0.000517907
-0.000442219
-0.000343121
-0.000221621
-8.01263e-05
7.70777e-05
0.000243681
0.000411683
0.000572173
0.000716379
0.000836689
0.000927405
0.000985047
0.00100824
0.000997319
0.000953872
0.000880394
0.000780161
0.000657307
0.000516938
0.000365174
0.000208954
5.5622e-05
-8.7642e-05
-0.000214398
-0.000319391
-0.000398797
-0.000450262
-0.000472826
-0.000466793
-0.000433637
-0.000375955
-0.000297441
-0.000202802
-9.75726e-05
1.21984e-05
0.000120358
0.000221065
0.000309147
0.000380337
0.00043139
0.000460119
0.000465433
0.000447419
0.000407461
0.000348317
0.000274084
0.00018996
0.00010181
1.56071e-05
-6.31657e-05
-0.000129998
-0.000181637
-0.000216114
-0.000232574
-0.000231034
-0.000212192
-0.000177396
-0.000128742
-6.92157e-05
-2.73938e-06
6.59732e-05
0.000131776
0.000189608
0.000235046
0.000264726
0.000276551
0.000269624
0.000243983
0.000200297
0.000139638
6.34243e-05
-2.64839e-05
-0.000127604
-0.000236705
-0.00034984
-0.000462568
-0.000570321
-0.000668839
-0.00075452
-0.000824591
-0.00087708
-0.000910635
-0.000924306
-0.000917421
-0.000889634
-0.000841138
-0.000772953
-0.000687134
-0.00058679
-0.000475873
-0.000358806
-0.000240053
-0.000123782
-1.37095e-05
8.68763e-05
0.000174972
0.000247743
0.00030256
0.000337218
0.000350287
0.00034148
0.000311893
0.000263992
0.000201365
0.000128261
4.90861e-05
-3.20316e-05
-0.000111501
-0.000186337
-0.000254082
-0.000312685
-0.000360469
-0.000396287
-0.000419857
-0.000432146
-0.000435582
-0.000433871
-0.000431354
-0.000432029
-0.000438546
-0.000451535
-0.000469489
-0.000489293
-0.000507232
-0.000520145
-0.000526351
-0.000526018
-0.000520897
-0.000513565
-0.000506516
-0.00050145
-0.000499008
-0.000498962
-0.000500725
-0.000503886
-0.000508544
-0.000515308
-0.000525004
-0.000538237
-0.000555007
-0.000574515
-0.000595191
-0.00061489
-0.000631113
-0.000641197
-0.000642452
-0.000632273
-0.000608298
-0.000568644
-0.000512228
-0.000439074
-0.000350505
-0.000249113
-0.000138526
-2.30255e-05
9.28598e-05
0.000204673
0.000308209
0.000399578
0.00047524
0.000532098
0.000567686
0.000580445
0.000570028
0.000537523
0.000485498
0.000417807
0.000339196
0.00025481
0.000169737
8.86568e-05
1.56628e-05
-4.57919e-05
-9.28758e-05
-0.000123376
-0.000135765
-0.000135765
-0.000129352
-0.000104472
-6.26403e-05
-6.6099e-06
5.97103e-05
0.000131477
0.000203264
0.00026948
0.000324814
0.000364639
0.000385351
0.00038461
0.000361503
0.000316618
0.000252009
0.000171027
7.80218e-05
-2.20437e-05
-0.000124016
-0.00022294
-0.000314357
-0.000394492
-0.000460324
-0.000509562
-0.000540584
-0.000552368
-0.000544469
-0.000517011
-0.000470691
-0.000406745
-0.000326852
-0.000232993
-0.000127284
-1.18573e-05
0.000111162
0.000239572
0.000370935
0.000502411
0.000630599
0.000751471
0.000860413
0.000952435
0.00102254
0.00106622
0.00108001
0.00106201
0.00101214
0.000932348
0.000826381
0.000699479
0.00055785
0.000408126
0.000256874
0.000110255
-2.61735e-05
-0.000147572
-0.00024993
-0.000330236
-0.000386697
-0.000418928
-0.00042803
-0.000416489
-0.000387851
-0.000346206
-0.000295573
-0.000239329
-0.000179843
-0.000118438
-5.56868e-05
8.08726e-06
7.2291e-05
0.000135701
0.00019638
0.000251884
0.000299695
0.000337701
0.000364581
0.000379935
0.000384156
0.000378094
0.000362687
0.000338728
0.00030684
0.000267655
0.000222096
0.000171615
0.000118285
6.46896e-05
1.36497e-05
-3.21368e-05
-7.03954e-05
-9.94322e-05
-0.000118131
-0.000125839
-0.000122243
-0.000107315
-8.13782e-05
-4.52758e-05
-5.58178e-07
5.04093e-05
0.000104503
0.000158088
0.000207407
0.000249021
0.000280175
0.000299017
0.00030462
0.000296867
0.000276278
0.000243861
0.000201043
0.00014969
9.21571e-05
3.12859e-05
-2.9704e-05
-8.74389e-05
-0.000138702
-0.00018075
-0.000211556
-0.000229905
-0.000235356
-0.000228125
-0.000208955
-0.000179058
-0.000140152
-9.45449e-05
-4.51946e-05
4.36762e-06
5.02777e-05
8.87227e-05
0.000116387
0.000130864
0.000130935
0.000116665
8.9305e-05
5.10428e-05
4.68727e-06
-4.66424e-05
-9.97519e-05
-0.000151501
-0.000198835
-0.00023876
-0.000268326
-0.000284679
-0.000285199
-0.000267736
-0.000230905
-0.000174352
-9.89528e-05
-6.89095e-06
9.83828e-05
0.00021232
0.000329549
0.000444225
0.000550434
0.0006426
0.000715877
0.000766499
0.00079204
0.000791564
0.000765651
0.000716309
0.000646792
0.000561347
0.000464904
0.000362746
0.000260169
0.000162146
7.30292e-05
-3.67775e-06
-6.54251e-05
-0.000110615
-0.000138511
-0.00014909
-0.000142901
-0.000120966
-8.47499e-05
-3.61665e-05
2.24357e-05
8.83469e-05
0.000158649
0.000230419
0.000300924
0.000367766
0.00042893
0.000482737
0.00052772
0.000562484
0.000585625
0.000595762
0.000591683
0.000572589
0.000538341
0.000489653
0.000428155
0.000356312
0.000277214
0.000194309
0.0001111
3.09066e-05
-4.33045e-05
-0.000109
-0.000164103
-0.000207003
-0.00023657
-0.000252203
-0.00025388
-0.000242209
-0.000218424
-0.000184339
-0.000142248
-9.4787e-05
-4.48139e-05
4.6916e-06
5.06881e-05
9.01272e-05
0.000120049
0.000137746
0.000140997
0.000128352
9.94256e-05
5.50981e-05
-2.45256e-06
-6.99295e-05
-0.000143277
-0.00021815
-0.000290384
-0.000356368
-0.00041324
-0.000458923
-0.000492054
-0.000511885
-0.000518235
-0.000511494
-0.000492667
-0.000463382
-0.000425806
-0.000382437
-0.000335826
-0.000288306
-0.00024181
-0.000197838
-0.000157568
-0.00012204
-9.23317e-05
-6.96372e-05
-5.52173e-05
-5.02357e-05
-5.5544e-05
-7.14952e-05
-9.78441e-05
-0.000133755
-0.000177887
-0.000228506
-0.000283582
-0.000340835
-0.000397778
-0.000451766
-0.000500121
-0.000540306
-0.000570161
-0.000588129
-0.000593435
-0.000586156
-0.000567194
-0.000538173
-0.000501273
-0.000459051
-0.000414262
-0.00036971
-0.000328118
-0.000291995
-0.000263498
-0.000244328
-0.000235641
-0.000238014
-0.000251447
-0.000275414
-0.000308932
-0.000350617
-0.00039871
-0.000451031
-0.000504881
-0.000556936
-0.00060323
-0.000639314
-0.000660606
-0.000662913
-0.000643019
-0.000599208
-0.000531624
-0.000442355
-0.00033525
-0.000215484
-8.89896e-05
3.81303e-05
0.000160097
0.000271778
0.00036886
0.000447906
0.000506369
0.000542593
0.000555818
0.000546211
0.000514885
0.000463899
0.000396189
0.000315431
0.000225851
0.000131996
3.85032e-05
-5.01066e-05
-0.000129614
-0.000196246
-0.000246806
-0.000278787
-0.000290487
-0.000281097
-0.000250743
-0.000200462
-0.000132108
-4.8189e-05
-4.8189e-05
4.83285e-05
0.000154194
0.000265995
0.000380197
0.000493137
0.000600973
0.000699671
0.000785079
0.000853141
0.000900233
0.000923565
0.000921556
0.000894087
0.000842592
0.000769968
0.00068035
0.000578821
0.000471083
0.000363129
0.000260857
0.000169645
9.38557e-05
3.63672e-05
-1.75602e-06
-2.13316e-05
-2.4804e-05
-1.57076e-05
2.02206e-06
2.47088e-05
4.93965e-05
7.40118e-05
9.72487e-05
0.000118286
0.000136486
0.000151188
0.000161681
0.00016731
0.00016764
0.000162559
0.000152237
0.000136962
0.000116933
9.21132e-05
6.22502e-05
2.7059e-05
-1.34645e-05
-5.87217e-05
-0.000107306
-0.000157004
-0.000205036
-0.000248464
-0.000284672
-0.000311748
-0.0003287
-0.000335478
-0.00033287
-0.000322382
-0.000306164
-0.00028694
-0.000267906
-0.000252494
-0.000243954
-0.000244793
-0.000256192
-0.000277626
-0.000306842
-0.000340258
-0.000373697
-0.00040325
-0.000425961
-0.000440156
-0.000445317
-0.000441632
-0.000429424
-0.000408722
-0.00037916
-0.000340234
-0.000291806
-0.000234613
-0.00017055
-0.000102614
-3.44842e-05
3.00828e-05
8.7862e-05
0.000136551
0.000174864
0.000202377
0.000219269
0.00022612
0.000223879
0.000213995
0.0001986
0.000180583
0.000163449
0.000150938
0.000146485
0.00015269
0.000170965
0.000201488
0.000243428
0.000295321
0.000355395
0.000421673
0.000491767
0.000562491
0.000629533
0.000687421
0.000729941
0.000750945
0.000745372
0.000710178
0.000644871
0.000551516
0.000434225
0.000298347
0.000149663
-6.1367e-06
-0.000163573
-0.000317179
-0.000461224
-0.000589625
-0.000696204
-0.000775285
-0.000822469
-0.00083534
-0.000813854
-0.000760286
-0.000678751
-0.000574518
-0.000453325
-0.000320919
-0.000182893
-4.47526e-05
8.79398e-05
0.000209551
0.000314611
0.000398292
0.000457018
0.000489005
0.000494538
0.000475872
0.000436782
0.000381928
0.000316202
0.00024425
0.000170244
9.78733e-05
3.04512e-05
-2.90009e-05
-7.77766e-05
-0.000113633
-0.00013501
-0.000141212
-0.00013247
-0.000109844
-7.49666e-05
-2.97451e-05
2.39034e-05
8.41791e-05
0.000149378
0.00021776
0.000287392
0.000356066
0.000421334
0.000480668
0.000531691
0.000572407
0.000601345
0.000617586
0.000620704
0.000610651
0.000587697
0.000552436
0.000505881
0.000449566
0.000385628
0.000316773
0.000246106
0.000176838
0.000111937
5.38238e-05
4.17518e-06
-3.61028e-05
-6.67626e-05
-8.80214e-05
-0.000100365
-0.000104417
-0.000100901
-9.06889e-05
-7.48912e-05
-5.49274e-05
-3.25327e-05
-9.6699e-06
1.16254e-05
2.94208e-05
4.20406e-05
4.81709e-05
4.69033e-05
3.77275e-05
2.05021e-05
-4.56979e-06
-3.69498e-05
-7.57622e-05
-0.000119789
-0.000167485
-0.000217027
-0.00026642
-0.000313626
-0.000356703
-0.000393928
-0.00042391
-0.000445651
-0.000458573
-0.000462506
-0.000457668
-0.000444642
-0.000424338
-0.000397947
-0.000366878
-0.000332675
-0.000296901
-0.000261004
-0.000226193
-0.000193374
-0.000163156
-0.000135904
-0.000111855
-9.1231e-05
-7.43685e-05
-6.17995e-05
-5.42818e-05
-5.27574e-05
-5.82403e-05
-7.16442e-05
-9.35827e-05
-0.000124193
-0.000163018
-0.000208978
-0.000260435
-0.000315344
-0.00037146
-0.000426524
-0.000478393
-0.000525055
-0.000564568
-0.000594968
-0.00061427
-0.000620569
-0.000612261
-0.000588339
-0.000548667
-0.000494139
-0.000426629
-0.000348756
-0.000263533
-0.000173992
-8.29193e-05
7.23493e-06
9.42638e-05
0.000176008
0.000250174
0.000314278
0.000365789
0.00040245
0.000422726
0.000426233
0.000414004
0.000388515
0.000353423
0.000313089
0.000272
0.000234213
0.00020291
0.000180101
0.000166472
0.000161371
0.000162952
0.000168449
0.000174585
0.00017803
0.000175852
0.000165892
0.000146975
0.000118909
8.22785e-05
3.8131e-05
-1.23484e-05
-6.80467e-05
-0.000127947
-0.000190972
-0.000255731
-0.000320311
-0.000382227
-0.000438585
-0.000486449
-0.000523312
-0.000547563
-0.000558802
-0.000557894
-0.000546755
-0.000527896
-0.000503878
-0.000476818
-0.000448095
-0.000418318
-0.000387553
-0.000355695
-0.000322838
-0.000289541
-0.000256889
-0.000226346
-0.000199446
-0.000177472
-0.000161207
-0.000150841
-0.00014603
-0.000146076
-0.000150115
-0.000157233
-0.000166497
-0.000176898
-0.000187291
-0.000187291
-0.000196362
-0.000202701
-0.000204951
-0.000202013
-0.000193226
-0.000178479
-0.000158219
-0.00013335
-0.000105077
-7.47331e-05
-4.36584e-05
-1.3139e-05
1.55885e-05
4.13449e-05
6.30825e-05
8.00026e-05
9.1646e-05
9.79351e-05
9.92049e-05
9.62255e-05
9.01659e-05
8.24708e-05
7.46889e-05
6.83091e-05
6.46292e-05
6.46473e-05
6.8974e-05
7.77752e-05
9.07638e-05
0.000107256
0.000126285
0.000146761
0.000167615
0.000187908
0.000206887
0.000223976
0.000238743
0.000250847
0.00026
0.000265955
0.000268546
0.000267773
0.000263907
0.000257539
0.000249574
0.000241132
0.000233415
0.000227544
0.00022442
0.000224652
0.000228556
0.000236217
0.000247581
0.000262534
0.000280946
0.000302652
0.000327388
0.000354709
0.000383938
0.000414179
0.000444372
0.000473376
0.000500034
0.000523194
0.00054168
0.000554248
0.000559568
0.000556302
0.000543262
0.000519653
0.000485306
0.000440855
0.000387792
0.000328401
0.0002656
0.000202716
0.000143247
9.06306e-05
4.8007e-05
1.79868e-05
2.40605e-06
2.08981e-06
1.66858e-05
4.46393e-05
8.3347e-05
0.00012948
0.00017941
0.000229636
0.000277112
0.000319398
0.000354643
0.000381462
0.000398789
0.000405805
0.000402003
0.000387343
0.000362432
0.000328624
0.000287982
0.000243083
0.000196703
0.000151469
0.000109576
7.26188e-05
4.15358e-05
1.66637e-05
-2.15906e-06
-1.54661e-05
-2.40495e-05
-2.88677e-05
-3.09726e-05
-3.14367e-05
-3.12643e-05
-3.12872e-05
-3.20669e-05
-3.38249e-05
-3.64157e-05
-3.93555e-05
-4.19177e-05
-4.32915e-05
-4.27731e-05
-3.99475e-05
-3.4819e-05
-2.78626e-05
-1.99694e-05
-1.22881e-05
-6.00361e-06
-2.11911e-06
-1.29349e-06
-3.75799e-06
-9.31844e-06
-1.74299e-05
-2.73086e-05
-3.80446e-05
-4.87021e-05
-5.84114e-05
-6.64555e-05
-7.23553e-05
-7.59605e-05
-7.7523e-05
-7.77082e-05
-7.75092e-05
-7.80723e-05
-8.04604e-05
-8.54001e-05
-9.30782e-05
-0.000103047
-0.000114272
-0.000125309
-0.000134585
-0.000140688
-0.00014259
-0.000139765
-0.000132182
-0.000120198
-0.00010439
-8.54111e-05
-6.38984e-05
-4.04621e-05
-1.57311e-05
9.56539e-06
3.45306e-05
5.8096e-05
7.90976e-05
9.64197e-05
0.000109185
0.000116962
0.000119954
0.000119099
0.00011605
0.000112998
0.000112368
0.000116408
0.000126767
0.000144135
0.00016803
0.000196828
0.000228026
0.000258682
0.000285938
0.000307461
0.000321722
0.000328059
0.000326522
0.000317603
0.000301965
0.000280249
0.000253019
0.000220808
0.000184225
0.000144032
0.00010113
5.64663e-05
1.09078e-05
-3.48453e-05
-8.02643e-05
-0.000124896
-0.000168193
-0.000209335
-0.000247123
-0.000279993
-0.000306183
-0.000324005
-0.000332157
-0.00032998
-0.000317574
-0.000295778
-0.000266021
-0.00023013
-0.000190151
-0.00014824
-0.000106642
-6.77268e-05
-3.3993e-05
-7.99441e-06
7.85224e-06
1.15396e-05
1.75938e-06
-2.18689e-05
-5.869e-05
-0.000107042
-0.00016439
-0.000227518
-0.000292739
-0.000356105
-0.000413631
-0.000461523
-0.000496442
-0.000515783
-0.000517935
-0.000502488
-0.000470302
-0.000423409
-0.000364763
-0.000297894
-0.000226537
-0.000154326
-8.45922e-05
-2.02721e-05
3.60924e-05
8.23278e-05
0.000116622
0.000137568
0.000144261
0.000136426
0.00011453
7.98307e-05
3.43338e-05
-1.93241e-05
-7.80655e-05
-0.000138594
-0.000197615
-0.000252024
-0.000299049
-0.000336366
-0.000362174
-0.000375247
-0.000374962
-0.000361327
-0.000334988
-0.000297201
-0.000249783
-0.000195019
-0.000135542
-7.41735e-05
-1.37594e-05
4.30008e-05
9.37181e-05
0.000136462
0.000169865
0.000193175
0.00020624
0.000209445
0.000203608
0.000189859
0.000169539
0.000144117
0.000115149
8.42567e-05
5.30919e-05
2.32688e-05
-3.75916e-06
-2.68699e-05
-4.54467e-05
-5.94823e-05
-6.95587e-05
-7.66995e-05
-8.21336e-05
-8.70279e-05
-9.22667e-05
-9.83422e-05
-0.000105382
-0.000113277
-0.000121839
-0.000130883
-0.000140184
-0.000149322
-0.000157469
-0.000163267
-0.000164876
-0.000160241
-0.000147502
-0.000125446
-9.39038e-05
-5.39804e-05
-8.09227e-06
4.02023e-05
8.6547e-05
0.000126252
0.000154801
0.000168334
0.000164056
0.000140586
9.8256e-05
3.93523e-05
-3.17771e-05
-0.000108856
-0.000184136
-0.000249172
-0.000295814
-0.000317249
-0.000308922
-0.000308922
-0.00026923
-0.00019989
-0.000105927
4.7621e-06
0.00012225
0.000235763
0.000335045
0.000411695
0.000460202
0.000478465
0.000467656
0.000431448
0.000374772
0.000302421
0.000217877
0.000122712
1.67285e-05
-0.00010121
-0.000231936
-0.000374659
-0.000525888
-0.000678845
-0.00082353
-0.000947519
-0.00103742
-0.00108078
-0.00106808
-0.000994493
-0.000861105
-0.000675218
-0.000449681
-0.00020125
5.1659e-05
0.000291339
0.000502747
0.00067467
0.00079998
0.000875191
0.000899705
0.000875154
0.00080511
0.000695143
0.000553023
0.0003887
0.000213781
4.03997e-05
-0.000120335
-0.000259896
-0.00037337
-0.000459575
-0.000520181
-0.000558146
-0.000575986
-0.000574521
-0.000552529
-0.000507448
-0.00043684
-0.000340112
-0.000219854
-8.23026e-05
6.3259e-05
0.00020598
0.000335304
0.000442647
0.000522407
0.000572142
0.000591991
0.000583691
0.000549616
0.000492161
0.000413635
0.000316558
0.000204133
8.06166e-05
-4.86178e-05
-0.000177365
-0.000299114
-0.000407623
-0.000497374
-0.000563851
-0.000603636
-0.000614432
-0.000595094
-0.00054573
-0.000467869
-0.000364597
-0.000240585
-0.000101925
4.4186e-05
0.000189873
0.000327069
0.000448007
0.00054571
0.000614451
0.000650221
0.000651141
0.000617762
0.000553102
0.000462382
0.000352432
0.000230907
0.000105462
-1.69274e-05
-0.00013037
-0.00023017
-0.000312711
-0.000375266
-0.000415857
-0.000433245
-0.000427053
-0.000397936
-0.000347703
-0.000279256
-0.000196358
-0.000103295
-4.51764e-06
9.56348e-05
0.000193081
0.000284022
0.000364909
0.000432436
0.000483643
0.0005161
0.000528163
0.000519212
0.00048979
0.000441595
0.000377313
0.000300345
0.000214512
0.000123787
3.21251e-05
-5.66463e-05
-0.000138891
-0.000211229
-0.000270635
-0.000314561
-0.000341089
-0.000349062
-0.00033817
-0.000308974
-0.000262861
-0.000201956
-0.000129005
-4.72572e-05
3.96538e-05
0.000127853
0.000213373
0.000292326
0.000361077
0.000416439
0.000455836
0.000477439
0.000480265
0.000464233
0.000430168
0.000379777
0.000315573
0.000240768
0.00015913
7.47964e-05
-7.96403e-06
-8.50119e-05
-0.000152588
-0.00020754
-0.000247507
-0.000271025
-0.00027755
-0.000267404
-0.000241674
-0.000202078
-0.000150833
-9.05339e-05
-2.4044e-05
4.55998e-05
0.000115289
0.000181945
0.000242632
0.000294676
0.000335786
0.000364176
0.000378652
0.000378671
0.000364366
0.000336543
0.000296638
0.000246635
0.000188952
0.000126324
6.1649e-05
-2.14872e-06
-6.226e-05
-0.000116107
-0.000161452
-0.000196486
-0.000219889
-0.00023088
-0.000229241
-0.000215328
-0.000190051
-0.000154829
-0.000111511
-6.22875e-05
-9.57154e-06
4.41205e-05
9.62965e-05
0.000144603
0.000186916
0.000221424
0.000246692
0.000261719
0.000265968
0.000259393
0.000242433
0.000216001
0.000181442
0.000140466
9.50585e-05
4.73751e-05
-3.70411e-07
-4.60137e-05
-8.75387e-05
-0.000123166
-0.000151424
-0.000171203
-0.000181795
-0.000182922
-0.000174741
-0.000157834
-0.000133183
-0.000102112
-6.62175e-05
-2.7285e-05
1.28023e-05
5.21549e-05
8.89588e-05
0.000121553
0.000148502
0.000168649
0.000181159
0.000185556
0.000181745
0.000170008
0.000150985
0.00012564
9.52136e-05
6.11557e-05
2.50525e-05
-1.14503e-05
-4.67178e-05
-7.91958e-05
-0.000107481
-0.000130384
-0.000146987
-0.000156671
-0.000159147
-0.000154469
-0.000143019
-0.000125481
-0.000102798
-7.61266e-05
-4.67818e-05
-1.61745e-05
1.42536e-05
4.30946e-05
6.90369e-05
9.09215e-05
0.000107793
0.000118946
0.000123953
0.000122678
0.000115273
0.000102168
8.40421e-05
6.17928e-05
3.64864e-05
9.31038e-06
-1.84819e-05
-4.56334e-05
-7.09409e-05
-9.3304e-05
-0.000111773
-0.000125592
-0.000134239
-0.000137437
-0.000135164
-0.000127644
-0.00011533
-9.8886e-05
-7.91556e-05
-5.71198e-05
-3.38444e-05
-1.04322e-05
1.20259e-05
3.25028e-05
5.00846e-05
6.40104e-05
7.37027e-05
7.87862e-05
7.90991e-05
7.46967e-05
6.58488e-05
5.30237e-05
3.68634e-05
1.81541e-05
-2.20845e-06
-2.32644e-05
-4.4042e-05
-6.36063e-05
-8.11e-05
-9.57795e-05
-0.000107045
-0.000114464
-0.000117783
-0.000116934
-0.000112033
-0.000103379
-9.14379e-05
-7.68211e-05
-6.02541e-05
-4.25424e-05
-2.45292e-05
-2.45292e-05
-7.0527e-06
9.09439e-06
2.3199e-05
3.46551e-05
4.29873e-05
4.78707e-05
4.78707e-05
