-1.35145e-09
-2.30611e-08
-1.80988e-07
-8.7825e-07
-2.99446e-06
-7.74858e-06
-1.60892e-05
-2.80369e-05
-4.25853e-05
-5.82209e-05
-7.35647e-05
-8.76741e-05
-9.99417e-05
-0.000109835
-0.000116788
-0.000120341
-0.000120347
-0.000116981
-0.000110544
-0.000101283
-8.94219e-05
-7.53338e-05
-5.96569e-05
-4.32291e-05
-2.69197e-05
-1.15091e-05
2.32175e-06
1.39573e-05
2.28588e-05
2.86288e-05
3.10694e-05
3.01782e-05
2.60831e-05
1.89828e-05
9.14989e-06
-3.01704e-06
-1.69558e-05
-3.19628e-05
-4.72666e-05
-6.21028e-05
-7.57533e-05
-8.75588e-05
-9.6937e-05
-0.000103415
-0.000106652
-0.00010644
-0.000102681
-9.53844e-05
-8.4662e-05
-7.07518e-05
-5.40243e-05
-3.49669e-05
-1.4149e-05
7.82283e-06
3.03434e-05
5.28358e-05
7.47682e-05
9.56695e-05
0.000115141
0.000132862
0.000148589
0.000162161
0.00017351
0.000182679
0.000189819
0.000195186
0.000199122
0.000202037
0.000204368
0.000206544
0.000208952
0.000211897
0.000215563
0.00021999
0.000225051
0.000230446
0.000235726
0.000240328
0.000243635
0.000245016
0.00024387
0.000239648
0.000231861
0.00022008
0.000203933
0.00018311
0.00015737
0.000126568
9.06967e-05
4.9927e-05
4.63794e-06
-4.45886e-05
-9.70128e-05
-0.000151806
-0.000208121
-0.00026515
-0.000322159
-0.000378493
-0.000433557
-0.000486771
-0.000537531
-0.000585169
-0.000628945
-0.000668078
-0.000701789
-0.000729357
-0.000750178
-0.00076381
-0.000770011
-0.00076876
-0.000760221
-0.000744696
-0.000722527
-0.00069401
-0.000659315
-0.000618476
-0.000571436
-0.000518157
-0.000458742
-0.00039355
-0.000323238
-0.000248738
-0.000171164
-9.16829e-05
-1.13641e-05
6.89521e-05
0.000148771
0.000228024
0.000307107
0.000386847
0.000468388
0.000553007
0.000641891
0.000735942
0.000835624
0.000940867
0.00105102
0.00116485
0.00128051
0.00139554
0.0015068
0.00161055
0.00170248
0.00177791
0.00183202
0.00186015
0.00185816
0.00182276
0.00175176
0.00164408
0.00149949
0.0013181
0.00109987
0.000844516
0.000551864
0.000222818
-0.000139353
-0.000527856
-0.00093178
-0.00133637
-0.00172416
-0.00207673
-0.00237664
-0.00260922
-0.0027639
-0.00283482
-0.00282098
-0.00272571
-0.00255585
-0.0023208
-0.00203162
-0.00170029
-0.00133917
-0.000960507
-0.000576061
-0.000196568
0.000168707
0.000512384
0.000829252
0.00111641
0.00137322
0.00160099
0.00180238
0.0019804
0.00213722
0.00227313
0.00238599
0.00247159
0.00252473
0.00254099
0.0025185
0.00245959
0.00237152
0.00226626
0.00215914
0.00206672
0.0020045
0.00198495
0.00201643
0.00210297
0.00224478
0.00243809
0.00267065
0.00290962
0.00309024
0.00312775
0.0029584
0.00257378
0.00201232
0.00132174
0.000533131
-0.000337672
-0.0012732
-0.00223914
-0.0031843
-0.00405645
-0.00481721
-0.00544047
-0.00590071
-0.00616885
-0.0062218
-0.00605528
-0.00568679
-0.00514747
-0.00447218
-0.00369561
-0.00285428
-0.00198857
-0.00114042
-0.000347885
0.00035874
0.00095599
0.00142383
0.00174438
0.00190481
0.00190181
0.00174342
0.00144701
0.00103547
0.000534931
-2.55431e-05
-0.000614007
-0.00119698
-0.00174181
-0.00221866
-0.00260113
-0.00286631
-0.0029955
-0.00297596
-0.00280306
-0.00248115
-0.00202271
-0.00144647
-0.00077552
-3.61582e-05
0.00074312
0.00153268
0.00230298
0.00302558
0.00367371
0.00422269
0.00465068
0.00493993
0.00507826
0.00506004
0.00488642
0.00456472
0.00410751
0.0035316
0.00285676
0.00210406
0.00129327
0.000440085
-0.000445632
-0.00135877
-0.00229442
-0.00324125
-0.00417588
-0.0050608
-0.00584707
-0.00648071
-0.00691073
-0.00709661
-0.00701404
-0.00665798
-0.00604299
-0.00520077
-0.00417562
-0.00301901
-0.00178479
-0.000525624
0.000708857
0.00187298
0.00292543
0.00382961
0.00455436
0.00507509
0.00537533
0.0054485
0.00529893
0.00494136
0.00439791
0.00369332
0.00285054
0.00188973
0.000831811
-0.000294807
-0.0014485
-0.00257308
-0.00360225
-0.00446829
-0.00511201
-0.00549121
-0.00558574
-0.00539864
-0.0049534
-0.0042885
-0.00345091
-0.0024907
-0.00145808
-0.000402443
0.000627861
0.000627861
0.0015864
0.00243021
0.00312144
0.00362832
0.00392553
0.0039948
0.00382627
0.00342045
0.00279037
0.00196311
0.000980359
-0.000102295
-0.00121751
-0.00229027
-0.00324378
-0.00400684
-0.00452132
-0.00474845
-0.00467284
-0.00430343
-0.00367154
-0.00282629
-0.00182833
-0.000743197
0.000364602
0.00143586
0.00241913
0.00327181
0.00396052
0.00446106
0.0047585
0.00484725
0.0047312
0.00442365
0.00394689
0.00333091
0.00261143
0.00182726
0.00101781
0.000220994
-0.000528161
-0.00119834
-0.00176248
-0.00219828
-0.00248863
-0.00262225
-0.00259413
-0.002406
-0.00206675
-0.00159275
-0.00100817
-0.000344971
0.000357827
0.00105637
0.00170569
0.00226444
0.00269935
0.00298833
0.00312156
0.00310079
0.00293736
0.00264967
0.00226064
0.00179541
0.00127972
0.000738933
0.000197751
-0.000319734
-0.000790191
-0.00119172
-0.00150534
-0.00171729
-0.00182176
-0.0018229
-0.00173486
-0.00157919
-0.0013799
-0.00115826
-0.000928835
-0.000698179
-0.000465784
-0.000226579
2.6125e-05
0.00029796
0.000591494
0.000905112
0.00123273
0.00156376
0.00188239
0.00216585
0.00238296
0.00249569
0.00246526
0.00226201
0.00187517
0.00131892
0.000632284
-0.000126117
-0.000886606
-0.00157776
-0.00213516
-0.00250888
-0.00266915
-0.00260974
-0.0023481
-0.001922
-0.00138265
-0.000785498
-0.000181228
0.000390993
0.000906309
0.00135313
0.00172948
0.00203855
0.0022848
0.00247143
0.00259921
0.00266682
0.00267223
0.00261452
0.00249553
0.00232033
0.00209657
0.00183319
0.00153941
0.00122448
0.000898057
0.000570629
0.000253498
-4.16961e-05
-0.000303665
-0.000522124
-0.000688343
-0.000795655
-0.000839918
-0.000819797
-0.000736754
-0.000594778
-0.000400102
-0.000161147
0.00011121
0.000403204
0.000697907
0.000975473
0.00121414
0.00139198
0.00148925
0.00149098
0.00138945
0.00118596
0.000891342
0.00052512
0.000113336
-0.000314358
-0.000727716
-0.00109845
-0.00140206
-0.00161892
-0.00173476
-0.00174067
-0.00163295
-0.00141282
-0.00108637
-0.000664766
-0.000164881
0.000389646
0.000967606
0.00153052
0.00203496
0.00243724
0.00269941
0.00279512
0.00271333
0.00245915
0.00205157
0.00151922
0.000895291
0.000212993
-0.000497318
-0.00120904
-0.00189848
-0.00254323
-0.00312076
-0.00360816
-0.00398307
-0.00422564
-0.00432077
-0.00426018
-0.00404377
-0.00368006
-0.00318555
-0.0025832
-0.00190039
-0.0011668
-0.000412641
0.000332683
0.00104157
0.00168904
0.00225353
0.00271762
0.00306871
0.00329932
0.00340716
0.00339484
0.00326943
0.0030417
0.00272541
0.00233631
0.00189105
0.00140574
0.000894052
0.000365312
-0.000176379
-0.000730552
-0.00129611
-0.00186589
-0.00242264
-0.00293856
-0.00337884
-0.00370804
-0.00389725
-0.00393006
-0.00380605
-0.0035413
-0.00316593
-0.00271936
-0.00224441
-0.00178148
-0.00136397
-0.00101542
-0.000748675
-0.000566532
-0.000463584
-0.00042847
-0.000446091
-0.000499484
-0.000571303
-0.000645066
-0.000706289
-0.000743493
-0.000748893
-0.000718585
-0.0006521
-0.000551406
-0.000419581
-0.000259517
-7.31027e-05
0.000138643
0.000374097
0.000628279
0.000889758
0.00113903
0.00135001
0.00149507
0.00155183
0.00150935
0.00137096
0.00115327
0.000881897
0.000585836
0.000291948
2.08657e-05
-0.000215075
-0.000411527
-0.000569634
-0.000692141
-0.000779447
-0.00082706
-0.000825649
-0.000764214
-0.000635923
-0.000444711
-0.000209664
3.55216e-05
0.000248667
0.000388696
0.000424901
0.000342591
0.000143948
-0.000154913
-0.000528731
-0.000948079
-0.00138376
-0.00181038
-0.00220873
-0.00256623
-0.00287523
-0.00312939
-0.00331963
-0.00343157
-0.0034454
-0.00333842
-0.00308943
-0.00268351
-0.00211627
-0.00139669
-0.000548099
0.000392734
0.00137838
0.00235493
0.00326691
0.00406201
0.00469518
0.00513128
0.00534644
0.00532823
0.00507528
0.00459677
0.00391221
0.00305125
0.00205299
0.000964633
-0.000160795
-0.00126713
-0.00229792
-0.00319919
-0.00392193
-0.00442441
-0.00467416
-0.00464974
-0.00434214
-0.00375636
-0.00375636
-0.00291331
-0.00185139
-0.000626583
0.000690648
0.00202173
0.00328821
0.00441958
0.00535863
0.00606408
0.00651083
0.0066889
0.00660161
0.0062635
0.00569807
0.00493589
0.00401336
0.00297182
0.00185654
0.000714978
-0.000405892
-0.00146278
-0.00241916
-0.00324756
-0.00393038
-0.00445924
-0.00483296
-0.00505464
-0.00512864
-0.00505819
-0.00484445
-0.00448726
-0.00398751
-0.00335033
-0.00258828
-0.00172366
-0.000789316
0.000172231
0.00111136
0.00197526
0.00271273
0.00327934
0.00364219
0.00378358
0.00370302
0.003417
0.00295655
0.00236299
0.00168281
0.000962889
0.000247065
-0.000425609
-0.001021
-0.00150906
-0.00186295
-0.00205898
-0.00207796
-0.00190768
-0.0015462
-0.00100471
-0.000309171
0.000499964
0.00137027
0.00224175
0.00305254
0.00374482
0.00426998
0.00459216
0.00468976
0.00455507
0.00419271
0.00361757
0.00285314
0.00193064
0.000888637
-0.000227055
-0.00136398
-0.00246461
-0.00346919
-0.00431947
-0.00496312
-0.00535795
-0.00547555
-0.00530375
-0.00484785
-0.00413063
-0.00319115
-0.00208268
-0.000869698
0.000375991
0.00157995
0.00267038
0.00358356
0.00426889
0.00469309
0.00484294
0.00472603
0.00436931
0.00381537
0.00311717
0.00233191
0.00151511
0.000715848
-2.6294e-05
-0.000682182
-0.00123239
-0.00166537
-0.00197553
-0.0021617
-0.00222643
-0.0021758
-0.00201951
-0.00177086
-0.00144642
-0.00106564
-0.00065016
-0.000223114
0.000191707
0.000570991
0.000893275
0.00114042
0.00129893
0.00136094
0.00132456
0.00119366
0.000977
0.000686834
0.000337309
-5.71579e-05
-0.000483137
-0.000928819
-0.0013839
-0.0018388
-0.0022835
-0.00270648
-0.003094
-0.0034302
-0.00369783
-0.00387958
-0.00395965
-0.00392535
-0.00376849
-0.00348647
-0.00308299
-0.00256828
-0.00195878
-0.00127628
-0.000546529
0.000202628
0.000943195
0.00164892
0.00229671
0.00286734
0.00334557
0.00371987
0.003982
0.00412684
0.00415247
0.00406108
0.00386347
0.00359071
0.00330676
0.0030995
0.00303794
0.00312769
0.00330961
0.00349918
0.00362401
0.00363514
0.00349907
0.00318647
0.00267113
0.00194295
0.00102088
-5.15005e-05
-0.00122397
-0.00245164
-0.00369051
-0.00488547
-0.00596591
-0.00685368
-0.00747555
-0.00777073
-0.00769211
-0.00720626
-0.00629682
-0.00497047
-0.00326037
-0.0012232
0.00106815
0.00352993
0.006067
0.00856819
0.0109036
0.0129286
0.0144945
0.0154636
0.0157253
0.0152115
0.0139091
0.0118659
0.00918881
0.00603212
0.00258078
-0.000968403
-0.00442354
-0.00761095
-0.0103844
-0.0126308
-0.0142718
-0.0152619
-0.0155845
-0.0152467
-0.0142758
-0.0127169
-0.0106325
-0.00810326
-0.00522875
-0.00212798
0.00106193
0.00418922
0.00709382
0.00961591
0.0116059
0.0129339
0.013498
0.0132298
0.0120979
0.0101095
0.00731192
0.00379309
-0.000317894
-0.00485163
-0.00960186
-0.014333
-0.0187921
-0.0227252
-0.0258947
-0.0280972
-0.0291773
-0.0290374
-0.0276428
-0.0250225
-0.0212665
-0.0165207
-0.0109795
-0.00487669
0.0015252
0.00794636
0.0141024
0.0197173
0.0245368
0.0283402
0.0309511
0.0322466
0.032164
0.0307049
0.0279372
0.0239928
0.0190623
0.0133848
0.00723389
0.000900911
-0.00532401
-0.0111702
-0.0164021
-0.0208304
-0.0243166
-0.0267724
-0.0281545
-0.0284584
-0.0277118
-0.0259696
-0.0233112
-0.0198382
-0.015674
-0.0109626
-0.00586754
-0.000567854
0.00474703
0.00988468
0.0146573
0.0188891
0.0224225
0.0251232
0.0268848
0.0276321
0.0273232
0.0259516
0.0235474
0.0201782
0.0159499
0.0110069
0.00553097
-0.000262785
-0.00613207
-0.0118177
-0.0170576
-0.0216031
-0.0252364
-0.0277845
-0.029129
-0.0292095
-0.0280248
-0.0256304
-0.0221358
-0.0176991
-0.0125197
-0.00682785
-0.000873934
0.00508278
0.0107845
0.0159851
0.0204606
0.0240196
0.0265116
0.0278351
0.027941
0.026836
0.0245818
0.0212938
0.017136
0.012315
0.012315
0.00707177
0.00167129
-0.00361123
-0.00850757
-0.0127758
-0.0162184
-0.0186951
-0.0201286
-0.0205028
-0.0198548
-0.018264
-0.0158411
-0.0127193
-0.00904791
-0.0049905
-0.000723358
0.00356607
0.00768349
0.0114353
0.0146385
0.0171326
0.0187898
0.0195243
0.019298
0.0181227
0.0160581
0.0132074
0.00970966
0.00573177
0.00146037
-0.00290636
-0.00716643
-0.0111216
-0.014585
-0.0173891
-0.0193933
-0.0204907
-0.0206145
-0.0197412
-0.0178928
-0.0151358
-0.011579
-0.0073687
-0.00268303
0.00227541
0.00728871
0.012134
0.0165947
0.0204717
0.0235931
0.025823
0.0270676
0.0272784
0.0264539
0.0246384
0.0219189
0.0184198
0.0142972
0.00973132
0.00491933
6.72967e-05
-0.00461765
-0.00893576
-0.0127036
-0.0157634
-0.0179942
-0.0193221
-0.0197307
-0.0192658
-0.0180308
-0.0161728
-0.0138621
-0.0112715
-0.00855932
-0.00586056
-0.00328427
-0.000916129
0.00117648
0.00293874
0.00432413
0.00529301
0.00581483
0.00587291
0.00546965
0.00463019
0.00340319
0.00185871
8.39041e-05
-0.00182271
-0.00375752
-0.00561799
-0.00730816
-0.00874334
-0.00985394
-0.0105887
-0.0109168
-0.0108292
-0.0103368
-0.00946811
-0.00826373
-0.00677143
-0.00504167
-0.00312543
-0.0010743
0.0010575
0.0032107
0.00532002
0.0073164
0.00913236
0.0107095
0.0120054
0.0129987
0.0136894
0.0140971
0.0142562
0.0142103
0.0140069
0.0136923
0.0133071
0.0128795
0.0124162
0.0118925
0.0112471
0.0103893
0.00922104
0.00766833
0.00570966
0.00339107
0.000822979
-0.00183877
-0.00442102
-0.00676315
-0.00874187
-0.0102854
-0.0113743
-0.0120294
-0.0122932
-0.012212
-0.0118259
-0.0111667
-0.010264
-0.00915118
-0.00787063
-0.00647445
-0.0050219
-0.00357421
-0.00218793
-0.000908257
0.000235634
0.00123186
0.00208278
0.00279809
0.00338529
0.00383968
0.00413715
0.00423365
0.00407377
0.00360687
0.00280534
0.00167783
0.000272801
-0.00132804
-0.00302275
-0.00470366
-0.00626992
-0.00763657
-0.00873996
-0.00953967
-0.0100172
-0.0101723
-0.0100185
-0.00957912
-0.00888389
-0.00796661
-0.00686261
-0.00560635
-0.00423002
-0.00276373
-0.00123717
0.000318293
0.00186845
0.00337663
0.0048057
0.00612118
0.00729503
0.00830879
0.00915428
0.00982957
0.0103292
0.0106322
0.010694
0.0104509
0.00983643
0.00880571
0.00735592
0.0055367
0.00344726
0.00122345
-0.000980497
-0.00301119
-0.00473322
-0.00604169
-0.00686852
-0.00718274
-0.00698794
-0.00632041
-0.00524944
-0.00387746
-0.00233517
-0.000768984
0.000678071
0.00188652
0.0027755
0.00330897
0.00349298
0.00336648
0.002989
0.00242815
0.00174942
0.00101039
0.000259948
-0.000458193
-0.00110064
-0.00162117
-0.00197136
-0.00210497
-0.00198453
-0.00158837
-0.000916319
6.8892e-06
0.00113143
0.00238583
0.00368361
0.00493176
0.00603937
0.00692516
0.00752364
0.00778944
0.00769931
0.00725145
0.00646265
0.00536486
0.00400311
0.00243576
0.000735815
-0.00100879
-0.00269796
-0.00422543
-0.00548712
-0.0063905
-0.00686429
-0.0068682
-0.00640099
-0.00550406
-0.00425794
-0.00277151
-0.0011668
0.000436073
0.00193013
0.00322707
0.00425805
0.0049714
0.00532942
0.00530572
0.00488451
0.00406241
0.0028526
0.00128949
-0.000568241
-0.00263834
-0.00481943
-0.00699831
-0.00905828
-0.0108869
-0.0123826
-0.0134593
-0.0140505
-0.0141109
-0.0136182
-0.0125732
-0.0110013
-0.00895355
-0.00650907
-0.00377579
-0.000889285
0.00199274
0.00470008
0.00706317
0.00892791
0.0101708
0.0107119
0.0105241
0.00963451
0.00811881
0.0060872
0.00366766
0.000990899
-0.00181838
-0.00464263
-0.00736718
-0.0098748
-0.0120431
-0.0137472
-0.014867
-0.0152985
-0.0149661
-0.0138335
-0.011911
-0.00925875
-0.0059824
-0.00222577
0.00183976
0.00602597
0.0101376
0.0139816
0.017376
0.020159
0.0221984
0.0233988
0.023707
0.0231153
0.0216613
0.0216613
0.0194249
0.016524
0.0131063
0.00934048
0.00540492
0.00147748
-0.00227427
-0.00570052
-0.00867464
-0.0110967
-0.0128951
-0.0140273
-0.0144783
-0.0142587
-0.0134033
-0.0119708
-0.010046
-0.00773513
-0.00515588
-0.00242612
0.000338222
0.00301933
0.00549626
0.00765006
0.00937297
0.010578
0.011205
0.0112219
0.0106244
0.00943583
0.00770855
0.00552218
0.0029785
0.0001953
-0.00269858
-0.00556709
-0.00827177
-0.0106788
-0.0126676
-0.0141385
-0.0150183
-0.015264
-0.014864
-0.0138405
-0.0122484
-0.0101739
-0.00772893
-0.00504413
-0.0022604
0.00047913
0.00303721
0.00529054
0.00713737
0.00850353
0.00934573
0.00965195
0.00943911
0.00874937
0.0076455
0.00620613
0.00452084
0.00268565
0.000798677
-0.00104403
-0.00275283
-0.00424924
-0.00547056
-0.00637335
-0.00693477
-0.00715168
-0.00703791
-0.00662084
-0.00593787
-0.00503326
-0.00395544
-0.00275487
-0.00148272
-0.000190148
0.00107213
0.00225462
0.00331056
0.00419802
0.00488231
0.00533798
0.00555026
0.00551563
0.00524136
0.00474419
0.00404834
0.0031836
0.00218379
0.00108609
-6.95817e-05
-0.00124124
-0.00238621
-0.00346269
-0.00443097
-0.00525412
-0.00589846
-0.00633432
-0.00653769
-0.0064924
-0.0061923
-0.00564295
-0.00486246
-0.00388127
-0.00274101
-0.00149216
-0.000190886
0.00110472
0.00233845
0.0034593
0.00442398
0.00519856
0.00575913
0.00609145
0.0061905
0.00606179
0.00572421
0.00521083
0.00456462
0.00383154
0.00305594
0.00227957
0.00154226
0.000882079
0.000333794
-7.40482e-05
-0.000321587
-0.000398119
-0.000301349
-3.71309e-05
0.000380035
0.000927037
0.00157392
0.00228714
0.00303305
0.00378063
0.00450341
0.00518088
0.00579929
0.00635161
0.00683612
0.00725324
0.00760082
0.00786832
0.00803125
0.00804823
0.00786276
0.0074108
0.00663277
0.0054868
0.00395979
0.00207411
-0.000110418
-0.00249922
-0.00497001
-0.00738417
-0.0096014
-0.0114952
-0.012966
-0.013949
-0.0144164
-0.0143734
-0.0138514
-0.0128988
-0.0115726
-0.00993235
-0.00803747
-0.0059477
-0.00372552
-0.00143867
0.000838639
0.00302644
0.00504132
0.00680001
0.00822408
0.00924553
0.0098126
0.00989496
0.009487
0.00860873
0.00730444
0.00563941
0.00369542
0.00156551
-0.00065161
-0.00285689
-0.00495551
-0.00686018
-0.00849287
-0.00978521
-0.010678
-0.0111212
-0.0110756
-0.0105167
-0.00944117
-0.00787323
-0.0058691
-0.0035168
-0.000930611
0.00175822
0.00441205
0.0068961
0.00908545
0.0108705
0.0121621
0.0128972
0.0130438
0.0126039
0.0116134
0.0101379
0.00826671
0.00610437
0.00376172
0.00134811
-0.00103474
-0.00329607
-0.00535699
-0.00714931
-0.00861349
-0.00969694
-0.0103538
-0.0105469
-0.010253
-0.00946869
-0.0082171
-0.00655061
-0.00454923
-0.0023142
4.11282e-05
0.00240047
0.00465182
0.00669222
0.00843085
0.00979156
0.0107153
0.0111625
0.0111149
0.0105763
0.00957299
0.00815321
0.00638624
0.00436001
0.00217713
-5.07532e-05
-0.00220974
-0.00419075
-0.00589615
-0.00724577
-0.00818195
-0.0086731
-0.00871526
-0.00833104
-0.00756589
-0.00648233
-0.00515284
-0.0036526
-0.0020535
-0.00042013
0.00119163
0.00273396
0.00416531
0.00544836
0.0065485
0.00743319
0.00807255
0.00844105
0.00852025
0.00830179
0.00778981
0.00700212
0.0059697
0.0047348
0.00334767
0.00186284
0.000335527
-0.00118071
-0.00263467
-0.00397695
-0.00515941
-0.00613559
-0.00686255
-0.00730396
-0.0074335
-0.00723798
-0.00671975
-0.00589812
-0.00480946
-0.00350553
-0.00204996
-0.0005132
0.00103297
0.00252027
0.0038873
0.00508133
0.00605877
0.00678474
0.00723147
0.00737592
0.00719769
0.00667919
0.00580901
0.00458813
0.00303648
0.00119721
-0.000863143
-0.00305822
-0.00528817
-0.00744714
-0.00943086
-0.0111434
-0.0125025
-0.0134434
-0.0139204
-0.0139079
-0.0134009
-0.0124144
-0.0109826
-0.0091559
-0.00699808
-0.00458441
-0.00458441
-0.00200243
0.000645367
0.00323997
0.00564918
0.00773757
0.00938177
0.0104871
0.0110004
0.0109169
0.0102788
0.00916787
0.00769246
0.00597209
0.00412064
0.002232
0.000371554
-0.00142429
-0.00314024
-0.00476831
-0.00629215
-0.00767445
-0.00885198
-0.00974017
-0.0102464
-0.0102883
-0.00981113
-0.00880107
-0.00729104
-0.00535907
-0.00312019
-0.000713831
0.00171114
0.00401116
0.00606017
0.00775769
0.00903252
0.00984262
0.0101726
0.0100302
0.00944256
0.00845362
0.00712177
0.00551814
0.00372441
0.00182972
-7.32954e-05
-0.00189276
-0.00354148
-0.00494027
-0.00602113
-0.00673022
-0.00703067
-0.00690435
-0.00635175
-0.00539034
-0.00405274
-0.0023868
-0.000458533
0.00164327
0.00380418
0.00588613
0.00773562
0.00919715
0.0101293
0.0104209
0.0100058
0.00887308
0.00707112
0.004704
0.00191995
-0.00110509
-0.00418528
-0.00714038
-0.00980745
-0.0120483
-0.0137538
-0.0148451
-0.0152745
-0.0150236
-0.0141035
-0.0125529
-0.0104374
-0.00784674
-0.00489137
-0.00169916
0.00158683
0.00481015
0.00780469
0.010403
0.0124498
0.0138174
0.0144194
0.0142191
0.0132308
0.0115167
0.0091807
0.00635997
0.00321612
-7.50128e-05
-0.00333275
-0.00637946
-0.00904674
-0.0111813
-0.0126523
-0.0133595
-0.0132414
-0.0122813
-0.0105082
-0.00799544
-0.00485598
-0.0012367
0.00268795
0.00672339
0.0106636
0.0143004
0.0174336
0.0198808
0.0214885
0.0221425
0.021778
0.0203871
0.0180216
0.0147915
0.0108597
0.00643179
0.00174291
-0.0029577
-0.00742312
-0.0114239
-0.0147608
-0.0172751
-0.0188568
-0.019451
-0.0190606
-0.0177449
-0.0156128
-0.0128114
-0.00951301
-0.0059021
-0.00216355
0.00152714
0.00501096
0.00814947
0.0108261
0.0129456
0.0144332
0.0152345
0.0153181
0.014679
0.0133412
0.0113602
0.00882168
0.00583833
0.00254339
-0.000916809
-0.00439086
-0.00772907
-0.0107885
-0.013436
-0.0155513
-0.0170309
-0.0177935
-0.0177871
-0.0169954
-0.0154415
-0.0131888
-0.0103383
-0.00702275
-0.00339875
0.000362375
0.00408491
0.00759879
0.0107488
0.0134023
0.0154544
0.0168305
0.0174853
0.0173995
0.016575
0.015033
0.0128147
0.00998612
0.00664416
0.00292173
-0.00101261
-0.00496149
-0.00871168
-0.012051
-0.0147862
-0.0167587
-0.0178566
-0.0180224
-0.0172557
-0.0156119
-0.0131967
-0.0101578
-0.00667361
-0.00294079
0.000838248
0.00446818
0.00777258
0.0106043
0.012853
0.0144486
0.0153615
0.015598
0.0151953
0.0142152
0.0127379
0.0108562
0.00866908
0.00627589
0.00377212
0.00124649
-0.00122005
-0.00355439
-0.00569092
-0.007571
-0.00914248
-0.0103597
-0.0111843
-0.0115874
-0.0115523
-0.0110774
-0.0101786
-0.00889002
-0.00726326
-0.00536522
-0.00327464
-0.0010781
0.00113353
0.00326748
0.00523069
0.00693161
0.00828341
0.00920898
0.00964724
0.00955978
0.00893678
0.00780131
0.00621093
0.0042556
0.00205154
-0.00026829
-0.00256525
-0.00470599
-0.00657187
-0.00806645
-0.00912106
-0.00969768
-0.00978853
-0.00941203
-0.0086061
-0.0074211
-0.00591431
-0.00414703
-0.0021838
-9.27031e-05
0.00205413
0.00418021
0.00620476
0.00804389
0.00961346
0.010834
0.0116373
0.0119734
0.0118166
0.0111699
0.0100666
0.00856892
0.00676416
0.00475686
0.00265945
0.00058156
-0.00138024
-0.00315056
-0.00467965
-0.00594337
-0.00693905
-0.00767879
-0.00818223
-0.00847028
-0.00856076
-0.00846574
-0.00819047
-0.00773438
-0.00709413
-0.00626838
-0.00526295
-0.00409485
-0.00279408
-0.00140303
2.54189e-05
0.00143049
0.00274609
0.00390384
0.00483705
0.00548551
0.00580086
0.00575205
0.0053301
0.00455151
0.00345935
0.00212106
0.000623111
-0.000936736
-0.00245809
-0.00384594
-0.0050172
-0.00590567
-0.00646561
-0.00667389
-0.00653053
-0.00605736
-0.00529488
-0.00429803
-0.00313156
-0.00186566
-0.000572109
0.000679161
0.00182359
0.00280583
0.00280583
0.00358375
0.00413166
0.00444187
0.00452406
0.00440263
0.00411272
0.00369598
0.00319669
0.00265849
0.00212181
0.00162199
0.00118806
0.000841868
0.000597217
0.000458684
0.00042037
0.00046512
0.000564596
0.000680361
0.000766061
0.000771262
0.000647625
0.000357444
-0.000117054
-0.000766621
-0.00155299
-0.00241305
-0.003268
-0.00403452
-0.00463549
-0.00500809
-0.00510896
-0.00491628
-0.00442948
-0.00366758
-0.00266704
-0.00147964
-0.000169509
0.0011914
0.00252947
0.00377615
0.00487325
0.00577563
0.00645119
0.00687919
0.00704835
0.00695557
0.00660548
0.00601065
0.00519234
0.00418123
0.00301771
0.00175088
0.000435779
-0.000870728
-0.00211473
-0.00324942
-0.00423782
-0.00505381
-0.00568154
-0.0061134
-0.00634715
-0.00638273
-0.0062202
-0.00585934
-0.00530135
-0.00455196
-0.0036246
-0.00254299
-0.00134278
-7.21563e-05
0.00120869
0.00243013
0.00351815
0.00440169
0.00502052
0.00533193
0.00531478
0.00497074
0.00432328
0.00341514
0.00230454
0.00106013
-0.000244724
-0.00153769
-0.00275206
-0.00382979
-0.00472294
-0.00539413
-0.00581635
-0.00597256
-0.00585562
-0.00546898
-0.00482805
-0.00396183
-0.00291321
-0.00173709
-0.000495858
0.000746944
0.00193322
0.00301569
0.00396103
0.00475073
0.00537994
0.0058549
0.00618937
0.00640067
0.00650584
0.00651831
0.00644581
0.00628971
0.00604603
0.00570755
0.00526647
0.00471673
0.00405567
0.00328519
0.00241254
0.00145107
0.000420673
-0.0006523
-0.0017359
-0.00279386
-0.00378699
-0.00467464
-0.00541629
-0.00597384
-0.00631439
-0.00641324
-0.00625652
-0.00584282
-0.00518385
-0.0043042
-0.0032406
-0.00204085
-0.000762388
0.000529696
0.00176561
0.00287472
0.00379013
0.00445332
0.00481836
0.00485504
0.00455074
0.00391107
0.00295973
0.00173772
0.000302218
-0.00127519
-0.00291137
-0.00451598
-0.00599707
-0.00726729
-0.00824986
-0.00888362
-0.00912663
-0.00895848
-0.00838138
-0.00742038
-0.00612262
-0.00455547
-0.00280324
-0.000962168
0.000865771
0.00258006
0.00408891
0.00531587
0.00620504
0.006724
0.0068642
0.0066389
0.00607921
0.00522917
0.00414081
0.00287009
0.0014742
1.02937e-05
-0.00146451
-0.00289269
-0.00421621
-0.0053776
-0.00632231
-0.00700216
-0.00737909
-0.00742855
-0.00714203
-0.00652824
-0.00561293
-0.00443736
-0.00305547
-0.00153029
7.02268e-05
0.00167734
0.00322584
0.00465849
0.00593025
0.00701139
0.00788809
0.00855983
0.00903439
0.00932222
0.0094319
0.00936792
0.0091307
0.00871854
0.00813071
0.00737083
0.00644912
0.00538302
0.00419599
0.00291593
0.00157424
0.00020593
-0.00114982
-0.00244975
-0.00364753
-0.00469581
-0.00554861
-0.00616428
-0.00650885
-0.00655962
-0.00630839
-0.00576333
-0.00494904
-0.00390482
-0.00268171
-0.00133879
6.06906e-05
0.00145291
0.00277636
0.00397357
0.00499202
0.00578487
0.00631218
0.00654312
0.00645893
0.00605608
0.00534885
0.00437063
0.00317315
0.00182341
0.000398364
-0.00102155
-0.00235924
-0.00354698
-0.00453116
-0.00527524
-0.00576079
-0.00598649
-0.00596533
-0.00572049
-0.00528072
-0.00467605
-0.00393469
-0.00308182
-0.00214028
-0.00113294
-8.60703e-05
0.000967374
0.00198567
0.00291846
0.00370956
0.00430224
0.00464607
0.00470407
0.00445903
0.00391775
0.00311217
0.00209686
0.000943009
-0.00026972
-0.00146195
-0.00256203
-0.00351105
-0.00426518
-0.00479574
-0.00508781
-0.00513808
-0.00495281
-0.00454619
-0.00393942
-0.00316017
-0.0022423
-0.00122513
-0.000152269
0.000930113
0.00197548
0.00293919
0.00378082
0.00446609
0.00496859
0.00527086
0.00536503
0.0052529
0.00494564
0.00446311
0.00383279
0.00308839
0.00226819
0.00141319
0.000565265
-0.000234841
-0.000949701
-0.00154772
-0.00200572
-0.00231109
-0.00246272
-0.00247061
-0.00235411
-0.00213941
-0.0018568
-0.00153791
-0.00121302
-0.000908322
-0.000643353
-0.000429236
-0.000268387
-0.00015623
-8.47961e-05
-4.74535e-05
-4.34152e-05
-8.05032e-05
-8.05032e-05
-0.0001751
-0.00034905
-0.000624139
-0.00101545
-0.0015253
-0.00213935
-0.00282595
-0.00353857
-0.00422063
-0.00481127
-0.00525115
-0.00548766
-0.00547925
-0.00519908
-0.00463805
-0.00380741
-0.0027404
-0.00149198
-0.000135885
0.0012417
0.00255083
0.00370729
0.00464085
0.00530058
0.00565656
0.00569855
0.00543243
0.00487613
0.00405611
0.00300578
0.00176608
0.00038779
-0.00106598
-0.00251916
-0.00388562
-0.00507583
-0.00600618
-0.00660871
-0.00683893
-0.0066801
-0.00614345
-0.00526477
-0.00409854
-0.00271112
-0.00117424
0.000439974
0.00206214
0.00362707
0.00507422
0.00634756
0.00739541
0.00817046
0.00863041
0.0087397
0.00847258
0.00781711
0.00677951
0.00538772
0.00369325
0.00177037
-0.000287774
-0.00237574
-0.00438425
-0.00620922
-0.00775978
-0.00896421
-0.00977301
-0.0101591
-0.0101156
-0.00965287
-0.00879483
-0.00757639
-0.00604193
-0.00424461
-0.00224619
-0.000116686
0.00206642
0.0042195
0.00625476
0.00808314
0.00961835
0.010782
0.011509
0.0117532
0.0114909
0.0107238
0.00947857
0.00780651
0.00578014
0.00348942
0.00103664
-0.00146888
-0.00391569
-0.0061943
-0.00820055
-0.0098389
-0.0110262
-0.0116957
-0.0118019
-0.0113239
-0.0102681
-0.00866951
-0.00659181
-0.00412603
-0.00138826
0.00148457
0.00434141
0.00702613
0.00938832
0.0112943
0.012637
0.0133428
0.0133756
0.0127372
0.0114648
0.00962653
0.00731572
0.00464527
0.00174151
-0.0012615
-0.00422761
-0.00702426
-0.00952798
-0.0116298
-0.0132402
-0.0142937
-0.0147516
-0.014604
-0.0138692
-0.0125913
-0.0108367
-0.00868996
-0.00624974
-0.00362478
-0.000929688
0.00171966
0.00421143
0.00644333
0.00832782
0.0097964
0.0108025
0.0113225
0.0113554
0.0109209
0.0100558
0.00881127
0.00724928
0.00544
0.00346003
0.00139073
-0.000683327
-0.00267625
-0.00450288
-0.0060811
-0.00733469
-0.00819681
-0.00861398
-0.00855025
-0.00799068
-0.00694385
-0.00544309
-0.00354646
-0.00133527
0.00108924
0.00361119
0.00610704
0.00845315
0.0105332
0.0122442
0.0135016
0.0142426
0.0144283
0.0140444
0.013101
0.0116308
0.00968714
0.00734154
0.00468069
0.00180395
-0.00117959
-0.00415426
-0.00700176
-0.00960591
-0.0118581
-0.0136629
-0.014943
-0.0156438
-0.0157357
-0.0152167
-0.0141118
-0.0124717
-0.0103694
-0.00789586
-0.00515395
-0.00225362
0.000693213
0.00357668
0.00629231
0.00874373
0.010845
0.0125228
0.0137179
0.0143865
0.0145015
0.0140536
0.013053
0.0115313
0.0095421
0.00716089
0.00448251
0.0016168
-0.00131726
-0.00419804
-0.0069078
-0.00933806
-0.0113932
-0.0129923
-0.0140697
-0.0145758
-0.0144795
-0.0137706
-0.0124634
-0.0105981
-0.00824201
-0.00548698
-0.00244636
0.00075029
0.00396318
0.00704885
0.00986678
0.0122857
0.0141897
0.0154837
0.0160982
0.0159937
0.0151628
0.0136317
0.0114588
0.00873248
0.00556653
0.00209426
-0.00153806
-0.00517832
-0.00867572
-0.0118875
-0.0146851
-0.0169591
-0.0186226
-0.0196131
-0.0198931
-0.01945
-0.0182963
-0.0164698
-0.0140327
-0.0110705
-0.00768911
-0.00401144
-0.000173557
0.0036798
0.00740036
0.0108425
0.0138696
0.0163605
0.0182139
0.019352
0.019724
0.019309
0.0181194
0.0162034
0.0136444
0.010559
0.00709006
0.00339901
-0.000344694
-0.00397415
-0.00733507
-0.0102938
-0.0127421
-0.0145989
-0.0158093
-0.0163421
-0.0161879
-0.0153588
-0.0138885
-0.0118342
-0.00927634
-0.00631844
-0.00308367
0.000290015
0.00365674
0.00687055
0.00979339
0.0123021
0.0142933
0.015687
0.0164273
0.0164832
0.0158495
0.014547
0.0126238
0.0101548
0.00724027
0.00400175
0.000577103
-0.00288638
-0.0062393
-0.00933774
-0.0120505
-0.0142655
-0.0158952
-0.01688
-0.0171906
-0.0168291
-0.0158273
-0.0142449
-0.0121647
-0.00968805
-0.00692868
-0.00400741
-0.00104714
0.00183151
0.00451426
0.00451426
0.00689688
0.00888861
0.0104153
0.0114222
0.0118762
0.011768
0.0111133
0.0099527
0.00835043
0.00639144
0.00417705
0.00181966
-0.000563194
-0.002855
-0.00494623
-0.00673994
-0.00815664
-0.00913828
-0.00965102
-0.00968639
-0.0092607
-0.00841291
-0.00720126
-0.00569924
-0.00399114
-0.00216759
-0.000321031
0.00145878
0.00308913
0.00449829
0.00562874
0.00643919
0.00690538
0.00701964
0.00678931
0.00623476
0.00538726
0.00428714
0.00298241
0.00152758
-1.75022e-05
-0.00158925
-0.00312235
-0.00455223
-0.00581771
-0.00686347
-0.00764214
-0.00811598
-0.00825804
-0.00805267
-0.00749536
-0.00659221
-0.00535992
-0.00382676
-0.00203434
-3.90975e-05
0.00208808
0.00426442
0.00639983
0.00840221
0.0101825
0.0116588
0.0127605
0.0134319
0.0136351
0.0133533
0.0125927
0.0113827
0.00977575
0.00784488
0.00567992
0.00338209
0.00105749
-0.00119019
-0.00326688
-0.00509453
-0.00661556
-0.00779433
-0.00861573
-0.00908141
-0.00920525
-0.00900902
-0.00851881
-0.00776258
-0.00676895
-0.00556754
-0.00419051
-0.00267476
-0.00106359
0.000593009
0.00223978
0.0038189
0.00527335
0.00655021
0.0076032
0.0083943
0.00889432
0.00908303
0.00894939
0.00849237
0.00772219
0.00666163
0.00534665
0.00382591
0.00215912
0.000414494
-0.00133443
-0.00301225
-0.00454535
-0.00586549
-0.00691334
-0.00764166
-0.00801788
-0.00802593
-0.00766715
-0.00696036
-0.00594111
-0.00466018
-0.00318131
-0.00157812
6.97449e-05
0.00168093
0.00317687
0.00448593
0.00554698
0.00631208
0.00674857
0.00684025
0.00658802
0.00600961
0.00513847
0.0040216
0.00271647
0.00128721
-0.000199457
-0.00167809
-0.00308784
-0.00437497
-0.00549463
-0.00641194
-0.00710246
-0.00755223
-0.0077576
-0.00772461
-0.00746789
-0.00700842
-0.00637028
-0.00557678
-0.00464781
-0.00359949
-0.00244675
-0.00120737
9.4213e-05
0.00142501
0.00274407
0.00400498
0.00515963
0.00616212
0.00697219
0.00755758
0.00789506
0.00797041
0.00777816
0.00732174
0.00661436
0.0056801
0.00455451
0.003284
0.00192391
0.000535383
-0.000818494
-0.00207696
-0.00318588
-0.00410159
-0.00479366
-0.00524638
-0.00545875
-0.00544325
-0.00522389
-0.00483358
-0.00431104
-0.00369743
-0.00303279
-0.00235305
-0.00168819
-0.00106183
-0.000491954
7.62028e-06
0.000425934
0.000753952
0.000984242
0.00111118
0.0011315
0.00104501
0.00085529
0.000570134
0.000201651
-0.000234072
-0.000717611
-0.00122694
-0.00173812
-0.00222593
-0.0026646
-0.00302861
-0.00329368
-0.00343771
-0.00344182
-0.00329144
-0.00297778
-0.00249944
-0.00186428
-0.00109093
-0.000209431
0.000739534
0.00170727
0.00264114
0.00348937
0.0042056
0.00475252
0.005104
0.00524595
0.00517604
0.00490259
0.00444299
0.00382193
0.00306967
0.00222051
0.00131127
0.000379717
-0.000537355
-0.00140599
-0.00219684
-0.00288634
-0.00345745
-0.0038997
-0.00420891
-0.00438641
-0.00443761
-0.00437017
-0.00419198
-0.00390976
-0.00352872
-0.00305346
-0.00248967
-0.00184594
-0.00113497
-0.000374106
0.000415049
0.00120761
0.00197674
0.00269495
0.00333545
0.0038732
0.00428603
0.00455585
0.00466974
0.0046208
0.00440853
0.00403845
0.00352146
0.00287301
0.00211254
0.00126319
0.000351903
-0.000590031
-0.00152598
-0.00241312
-0.0032027
-0.00384234
-0.00428075
-0.00447428
-0.00439388
-0.00403107
-0.00340131
-0.002544
-0.00151905
-0.000400491
0.000731498
0.00179879
0.00273265
0.00347944
0.00400424
0.00429214
0.00434725
0.00418956
0.00385066
0.00336931
0.00278757
0.00214804
0.00149205
0.000858405
0.000282336
-0.000205828
-0.000582602
-0.000833839
-0.000957177
-0.000963432
-0.000876084
-0.000728674
-0.00056066
-0.000412597
-0.000321296
-0.000315263
-0.000410632
-0.000608228
-0.000892682
-0.00123421
-0.0015928
-0.00192367
-0.00218278
-0.0023315
-0.00234044
-0.00219252
-0.00188537
-0.00143252
-0.000862659
-0.000216824
0.000456045
0.00110415
0.00167756
0.00213194
0.00243124
0.00243124
0.00254917
0.00246974
0.00218707
0.00170472
0.00103518
0.00019982
-0.000770227
-0.00183268
-0.00293299
-0.00400483
-0.00497299
-0.0057589
-0.00628782
-0.00649615
-0.00633773
-0.00578792
-0.00484545
-0.00353217
-0.0018911
1.63148e-05
0.00211296
0.00430813
0.00649894
0.00857218
0.0104081
0.0118868
0.0128971
0.0133462
0.0131684
0.012331
0.0108373
0.00872656
0.00607133
0.00297316
-0.00044154
-0.00402542
-0.00761398
-0.0110309
-0.0140958
-0.0166352
-0.018495
-0.019552
-0.019724
-0.0189754
-0.01732
-0.0148199
-0.0115824
-0.00775426
-0.00351487
0.000932581
0.00537134
0.00958286
0.0133592
0.0165157
0.0189023
0.0204128
0.0209918
0.0206359
0.0193924
0.0173532
0.0146461
0.0114251
0.00786048
0.00412884
0.000404633
-0.0031473
-0.00637732
-0.00915498
-0.0113719
-0.0129445
-0.0138161
-0.0139601
-0.0133815
-0.0121177
-0.0102379
-0.00784047
-0.00504954
-0.00200975
0.00112009
0.00417431
0.00698893
0.00941075
0.0113066
0.012572
0.0131377
0.0129742
0.0120923
0.0105419
0.00840708
0.00579986
0.0028528
-0.000289339
-0.00347773
-0.0065672
-0.00942314
-0.0119272
-0.0139817
-0.0155123
-0.0164695
-0.0168289
-0.0165902
-0.0157775
-0.0144367
-0.0126341
-0.0104508
-0.00797381
-0.00528768
-0.00247445
0.000376019
0.00315864
0.005761
0.00808037
0.0100353
0.0115667
0.0126328
0.0132048
0.0132674
0.012824
0.0119001
0.0105413
0.00880691
0.006767
0.00450394
0.00211435
-0.000292951
-0.00260366
-0.00470588
-0.00649653
-0.0078865
-0.00880602
-0.00921092
-0.00908829
-0.00845881
-0.00737428
-0.0059114
-0.00416428
-0.00223749
-0.000239666
0.00172283
0.00355203
0.00516321
0.0064873
0.00747111
0.00807653
0.00828017
0.00807379
0.00746514
0.00647874
0.00515599
0.00355451
0.00174639
-0.000184997
-0.00214979
-0.00405746
-0.0058225
-0.00736849
-0.00862995
-0.00955233
-0.0100915
-0.0102139
-0.00989805
-0.0091374
-0.00794314
-0.00634697
-0.0044024
-0.00218419
0.000214447
0.00268658
0.00511757
0.00739171
0.00939863
0.0110395
0.0122327
0.0129185
0.0130636
0.0126632
0.0117418
0.0103519
0.00857078
0.00649473
0.00423307
0.00190103
-0.000386905
-0.00252292
-0.00441073
-0.00596931
-0.00713558
-0.00786625
-0.008139
-0.00795311
-0.00732952
-0.0063103
-0.00495737
-0.00335059
-0.00158497
0.000233129
0.00199113
0.00357665
0.00488451
0.00582369
0.00632345
0.00633854
0.00585366
0.00488693
0.00349146
0.00175368
-0.000212465
-0.00227492
-0.00429489
-0.0061382
-0.00768503
-0.00883749
-0.00952476
-0.00970621
-0.00937266
-0.00854587
-0.00727648
-0.00564033
-0.00373323
-0.0016645
0.000450144
0.00249577
0.00436471
0.00596204
0.00721018
0.00805266
0.00845721
0.00841739
0.00795241
0.00710464
0.00593546
0.00452016
0.00294295
0.00129257
-0.000341638
-0.0018735
-0.00322395
-0.00432509
-0.00512383
-0.00558458
-0.0056908
-0.00544532
-0.00486936
-0.00400055
-0.00288998
-0.00159888
-0.000195084
0.00125012
0.00266493
0.00397958
0.00512863
0.00605278
0.00670043
0.00702886
0.0070056
0.00661012
0.00583589
0.00469231
0.00320593
0.00142065
-0.000603302
-0.0027912
-0.00505616
-0.00730191
-0.00942643
-0.0113267
-0.0129046
-0.0140734
-0.0147637
-0.0149285
-0.0145462
-0.0136218
-0.012187
-0.0102981
-0.00803361
-0.00549008
-0.00277784
-1.57029e-05
0.00267484
0.00517578
0.00737896
0.00919186
0.0105425
0.0113829
0.0116905
0.0114682
0.0107431
0.0095639
0.00799775
0.00612678
0.00404435
0.00185117
-0.000348758
-0.00245239
-0.00436211
-0.00599028
-0.00726374
-0.00812775
-0.00854908
-0.00851772
-0.00804692
-0.00717158
-0.00594525
-0.00443614
-0.00272267
-0.000889042
0.000978863
0.00279718
0.0044873
0.00597883
0.00721221
0.00814113
0.00873435
0.00897693
0.00887051
0.00843281
0.00769632
0.00670628
0.00551825
0.00419509
0.00280363
0.00141112
0.00141112
8.14977e-05
-0.00112796
-0.00216944
-0.00300657
-0.00361553
-0.00398534
-0.0041173
-0.00402384
-0.00372675
-0.00325506
-0.00264282
-0.00192704
-0.00114595
-0.00033776
0.000460332
0.00121288
0.00188694
0.00245284
0.0028851
0.00316353
0.00327457
0.00321278
0.00298237
0.00259819
0.00208577
0.00147981
0.000821381
0.000154256
-0.000478994
-0.00104039
-0.00149912
-0.00183315
-0.00202986
-0.00208577
-0.00200568
-0.00180164
-0.00149178
-0.00109944
-0.000652008
-0.000179482
0.000287369
0.000719004
0.001089
0.00137565
0.00156331
0.00164331
0.00161452
0.00148316
0.00126184
0.000967981
0.00062193
0.00024502
-0.000142157
-0.000521092
-0.000876163
-0.00119484
-0.0014674
-0.00168644
-0.00184644
-0.00194363
-0.00197603
-0.00194366
-0.00184853
-0.00169455
-0.00148729
-0.00123383
-0.000942618
-0.000623554
-0.000288132
5.03939e-05
0.000377012
0.000675347
0.000928568
0.00112078
0.0012387
0.00127316
0.00122019
0.00108138
0.000863467
0.000577445
0.000237533
-0.000139677
-0.000535694
-0.0009304
-0.0013024
-0.0016297
-0.00189074
-0.00206576
-0.00213823
-0.00209642
-0.00193469
-0.00165456
-0.00126531
-0.000783901
-0.000234307
0.000353954
0.00094796
0.00151403
0.00202045
0.00243988
0.00275102
0.00293944
0.00299775
0.00292525
0.00272722
0.00241404
0.00200013
0.00150294
0.000942147
0.000338995
-0.000284118
-0.000904042
-0.00149724
-0.0020402
-0.00250998
-0.00288495
-0.00314591
-0.00327746
-0.00326935
-0.0031176
-0.00282507
-0.00240146
-0.00186272
-0.00122997
-0.000528059
0.000216089
0.000975109
0.0017225
0.00243348
0.00308545
0.00365814
0.00413371
0.00449695
0.00473552
0.00484034
0.00480599
0.00463108
0.00431859
0.00387604
0.00331546
0.00265321
0.00190976
0.00110939
0.00027967
-0.000549384
-0.00134657
-0.00208108
-0.00272406
-0.00325001
-0.00363766
-0.00387065
-0.00393808
-0.00383515
-0.00356378
-0.00313302
-0.00255916
-0.0018653
-0.0010804
-0.000237842
0.000626352
0.00147559
0.00227474
0.00299198
0.00360024
0.00407805
0.00441004
0.00458679
0.00460449
0.00446428
0.00417165
0.00373595
0.00317028
0.00249146
0.00172012
0.000880515
-2.63917e-08
-0.000891846
-0.00176386
-0.00258436
-0.00332162
-0.00394462
-0.00442409
-0.00473427
-0.00485518
-0.00477469
-0.00448914
-0.00400245
-0.00332558
-0.00247786
-0.00148877
-0.000397977
0.000746663
0.00189201
0.00298239
0.00396211
0.00477807
0.00538317
0.00574062
0.00582765
0.00563726
0.00517784
0.00447161
0.00355283
0.00246594
0.00126314
1.3239e-06
-0.00126129
-0.00246811
-0.00356652
-0.00450994
-0.0052597
-0.00578707
-0.00607479
-0.00611777
-0.00592265
-0.00550649
-0.0048948
-0.00411941
-0.00321634
-0.00222386
-0.00118122
-0.000127962
0.000896117
0.00185082
0.00269574
0.00339128
0.00390068
0.00419272
0.00424469
0.004045
0.00359507
0.00291021
0.00201979
0.000966388
-0.000195842
-0.00140405
-0.0025905
-0.00368709
-0.00462992
-0.0053633
-0.0058428
-0.0060373
-0.00593003
-0.00551886
-0.00481603
-0.00384732
-0.002651
-0.00127646
0.000217529
0.00176493
0.00329512
0.00473621
0.00601873
0.00707952
0.00786513
0.00833453
0.00846105
0.00823356
0.00765717
0.00675327
0.00555904
0.00412588
0.00251693
0.000803599
-0.000938356
-0.00263298
-0.00420808
-0.00559872
-0.00675008
-0.0076194
-0.00817704
-0.00840679
-0.00830568
-0.00788364
-0.00716306
-0.00617817
-0.00497407
-0.00360529
-0.00213377
-0.000626469
0.000847374
0.0022193
0.00342486
0.00440694
0.00511884
0.00552681
0.00561183
0.00537055
0.00481537
0.00397393
0.00288802
0.00161199
0.000210383
-0.001245
-0.00267866
-0.00401508
-0.00518232
-0.00611537
-0.00675938
-0.00707304
-0.0070316
-0.00662921
-0.00587976
-0.00481618
-0.00348832
-0.00196011
-0.000306079
0.00139247
0.00305172
0.00458988
0.00593168
0.00701244
0.00778143
0.00820465
0.00826657
0.00797104
0.00734057
0.0064145
0.00524574
0.00389678
0.00243529
0.000929693
0.000929693
-0.000554726
-0.00195885
-0.00323158
-0.00433071
-0.00522305
-0.00588418
-0.00629802
-0.00645637
-0.00635847
-0.00601085
-0.0054276
-0.00463083
-0.00365102
-0.00252681
-0.0013041
-3.44927e-05
0.00122667
0.00242259
0.00349759
0.00440011
0.00508581
0.00552039
0.0056818
0.0055616
0.00516532
0.00451209
0.00363356
0.00257221
0.00137909
0.000111088
-0.00117201
-0.00241059
-0.0035482
-0.00453431
-0.00532675
-0.0058937
-0.00621497
-0.00628238
-0.00609931
-0.00567934
-0.00504437
-0.00422272
-0.00324754
-0.00215579
-0.000987742
0.000213556
0.00140304
0.00253502
0.00356516
0.00445271
0.00516281
0.00566831
0.00595101
0.00600223
0.00582279
0.00542273
0.00482068
0.00404323
0.00312398
0.0021025
0.00102295
-6.74226e-05
-0.00112013
-0.00208759
-0.00292566
-0.00359618
-0.00406959
-0.0043268
-0.00436043
-0.00417495
-0.00378601
-0.00321902
-0.00250733
-0.00169024
-0.000811019
8.49563e-05
0.000952045
0.00174636
0.00242792
0.00296285
0.00332518
0.00349807
0.00347405
0.00325459
0.00284897
0.00227304
0.00154817
0.00070038
-0.000240075
-0.00123912
-0.00225929
-0.00326034
-0.00420019
-0.00503619
-0.00572679
-0.00623389
-0.00652532
-0.0065775
-0.00637728
-0.005923
-0.00522459
-0.00430286
-0.00318856
-0.00192116
-0.000547595
0.000879215
0.00230215
0.00366213
0.00490085
0.0059639
0.0068041
0.00738461
0.00768143
0.00768513
0.00740149
0.00685112
0.00606805
0.00509721
0.0039913
0.00280698
0.00160107
0.000427023
-0.000667754
-0.00164363
-0.00246963
-0.00312375
-0.00359283
-0.00387233
-0.00396589
-0.00388479
-0.0036471
-0.00327659
-0.0028013
-0.00225202
-0.00166063
-0.00105877
-0.000476574
5.85136e-05
0.000522924
0.000898177
0.00117187
0.00133818
0.00139782
0.00135739
0.00122833
0.00102581
0.000767273
0.000471145
0.000155493
-0.00016293
-0.00046917
-0.000750046
-0.000993777
-0.00118953
-0.00132722
-0.00139765
-0.00139314
-0.0013084
-0.00114151
-0.000894887
-0.000575859
-0.000196873
0.000224913
0.000668655
0.00111136
0.00152977
0.00190218
0.00221023
0.00244026
0.00258425
0.00264013
0.00261154
0.00250696
0.00233863
0.00212124
0.00187085
0.0016039
0.00133625
0.00108233
0.000854221
0.000660802
0.000507272
0.000395069
0.000322266
0.000284295
0.000274863
0.000286889
0.000313422
0.000348502
0.000387888
0.000429468
0.000473207
0.000520637
0.00057403
0.000635471
0.000705956
0.000784562
0.000867711
0.000948675
0.00101759
0.00106217
0.00106896
0.001025
0.000919294
0.000744045
0.000495416
0.000173904
-0.000215644
-0.000664262
-0.00115911
-0.00168353
-0.00221686
-0.00273432
-0.0032076
-0.00360635
-0.00390061
-0.00406379
-0.00407541
-0.00392341
-0.00360574
-0.00313125
-0.00251988
-0.00180178
-0.00101535
-0.000204207
0.000586344
0.00131292
0.00193718
0.00242825
0.00276424
0.00293291
0.00293162
0.00276666
0.00245222
0.00200913
0.0014636
0.000845815
0.000188558
-0.000474129
-0.00110831
-0.00168149
-0.00216404
-0.00253049
-0.00276094
-0.00284196
-0.00276732
-0.00253809
-0.00216245
-0.00165494
-0.00103568
-0.000329295
0.000436135
0.00123002
0.00202019
0.00277368
0.00345768
0.00404057
0.00449309
0.00478966
0.00490962
0.00483859
0.00456973
0.00410506
0.00345648
0.00264625
0.00170661
0.000678319
-0.000391746
-0.00145374
-0.00245825
-0.00335954
-0.00411841
-0.00470425
-0.00509628
-0.00528399
-0.00526664
-0.00505226
-0.00465611
-0.00409917
-0.00340664
-0.00260696
-0.00173109
-0.000812095
0.000115237
0.001015
0.00185114
0.00258881
0.00319624
0.00364679
0.00392096
0.00400807
0.00390732
0.00362796
0.00318861
0.00261588
0.00194238
0.00120446
0.00043996
-0.000313829
-0.00102185
-0.00165255
-0.0021788
-0.00257858
-0.00283557
-0.0029396
-0.00288709
-0.00268126
-0.00233212
-0.00185607
-0.00127513
-0.000615787
9.25692e-05
0.000819216
0.00153363
0.00220662
0.00281105
0.00332215
0.00371771
0.00397846
0.00408866
0.00403701
0.00381758
0.00381758
0.00343085
0.00288465
0.002195
0.00138643
0.000491583
-0.000450186
-0.00139526
-0.00229881
-0.00311803
-0.0038151
-0.00435944
-0.00472921
-0.00491178
-0.00490344
-0.00470841
-0.00433775
-0.00380834
-0.00314218
-0.00236582
-0.00150977
-0.000607671
0.000304885
0.00119176
0.00201792
0.00275101
0.00336283
0.00383025
0.00413577
0.0042675
0.00421922
0.00399058
0.00358754
0.00302305
0.0023174
0.00149806
0.00059889
-0.000341496
-0.00128182
-0.0021806
-0.00299854
-0.00370065
-0.00425766
-0.00464699
-0.00485325
-0.00486851
-0.00469256
-0.00433305
-0.00380551
-0.00313294
-0.00234511
-0.00147735
-0.000568854
0.000339259
0.00120614
0.00199333
0.00266659
0.00319751
0.00356459
0.00375412
0.00376061
0.00358697
0.0032443
0.00275138
0.0021338
0.00142268
0.000653172
-0.000137335
-0.000911113
-0.00163187
-0.00226635
-0.00278561
-0.00316606
-0.00339036
-0.00344803
-0.00333598
-0.00305874
-0.00262835
-0.00206396
-0.00139111
-0.000640805
0.000151792
0.000948841
0.00171164
0.00240258
0.00298717
0.00343581
0.0037254
0.00384049
0.00377405
0.00352781
0.003112
0.00254477
0.00185115
0.00106183
0.000211849
-0.000660644
-0.00151571
-0.00231312
-0.00301407
-0.00358328
-0.00399106
-0.0042154
-0.0042435
-0.00407282
-0.00371133
-0.00317698
-0.00249644
-0.00170341
-0.000836465
6.29323e-05
0.000952526
0.00179115
0.00254047
0.00316667
0.0036418
0.00394497
0.00406327
0.00399236
0.00373664
0.00330907
0.00273061
0.00202927
0.00123877
0.000397034
-0.000455668
-0.00127873
-0.0020333
-0.0026843
-0.00320227
-0.00356484
-0.0037578
-0.00377566
-0.00362164
-0.00330712
-0.00285077
-0.00227725
-0.00161582
-0.000898808
-0.000159934
0.000567282
0.00125111
0.00186301
0.00237875
0.00277925
0.0030512
0.00318734
0.0031866
0.00305388
0.00279962
0.00243907
0.0019914
0.00147861
0.000924501
0.00035351
-0.000210379
-0.000744726
-0.00122958
-0.00164817
-0.00198736
-0.0022377
-0.00239337
-0.00245181
-0.00241354
-0.00228196
-0.00206347
-0.00176776
-0.00140813
-0.00100166
-0.000568849
-0.000132763
0.000282534
0.000653916
0.000961375
0.00119002
0.0013315
0.00138455
0.00135451
0.00125204
0.00109125
0.000887834
0.000657438
0.000414576
0.000172098
-5.88484e-05
-0.00026859
-0.000448624
-0.000591445
-0.000690577
-0.000740778
-0.000738317
-0.000681266
-0.000569751
-0.000406212
-0.000195665
5.40091e-05
0.000331887
0.000624101
0.000914378
0.00118504
0.0014184
0.00159824
0.00171131
0.00174855
0.00170583
0.00158429
0.00139011
0.0011337
0.000828687
0.00049068
0.000136165
-0.000218438
-0.00055755
-0.000867126
-0.00113528
-0.00135281
-0.00151351
-0.00161411
-0.00165397
-0.00163449
-0.00155853
-0.00143013
-0.00125436
-0.00103746
-0.000786938
-0.000511733
-0.00022213
7.04145e-05
0.000353604
0.000614775
0.000841477
0.00102215
0.00114686
0.00120806
0.00120119
0.00112525
0.000983095
0.000781636
0.000531613
0.000247062
-5.56103e-05
-0.00035884
-0.000645231
-0.00089883
-0.00110617
-0.00125698
-0.00134461
-0.001366
-0.00132148
-0.00121434
-0.00105028
-0.000836892
-0.000583
-0.000298107
8.09531e-06
0.000326061
0.000646546
0.000960647
0.00125981
0.0015359
0.00178129
0.00198912
0.00215355
0.00227009
0.00233581
0.00234936
0.0023108
0.00222133
0.00208306
0.00189901
0.00167323
0.00141106
0.00111928
0.00080612
0.000480999
0.000154101
-0.000164289
-0.000464527
-0.000738308
-0.000979122
-0.00118235
-0.00134498
-0.00146515
-0.00154176
-0.00157425
-0.00156277
-0.00150855
-0.00141433
-0.00128491
-0.00112735
-0.000951084
-0.000767403
-0.000588704
-0.000427324
-0.000294228
-0.000197692
-0.000142229
-0.000127973
-0.000150696
-0.000202487
-0.000272917
-0.000350418
-0.000423549
-0.000481984
-0.000517142
-0.000522492
-0.000493607
-0.000428059
-0.000325236
-0.000186163
-1.34061e-05
0.000188948
0.000415322
0.000658751
0.000911133
0.00116363
0.00140715
0.00163293
0.00183298
0.00200057
0.00213051
0.00221925
0.00226477
0.00226477
0.00226628
0.00222394
0.00213856
0.00201152
0.00184473
0.00164079
0.00140314
0.00113626
0.000845784
0.000538474
0.000221944
-9.5875e-05
-0.000407419
-0.00070613
-0.000986873
-0.00124602
-0.0014812
-0.00169077
-0.00187329
-0.00202698
-0.00214944
-0.00223773
-0.00228858
-0.00229886
-0.00226616
-0.00218937
-0.00206909
-0.0019079
-0.00171024
-0.00148206
-0.00123029
-0.000962364
-0.00068582
-0.000408044
-0.000136051
0.000123711
0.000365574
0.000584818
0.000777797
0.00094196
0.00107579
0.00117865
0.0012506
0.00129211
0.00130388
0.00128668
0.00124141
0.00116938
0.00107256
0.000953944
0.000817675
0.00066911
0.000514693
0.000361699
0.000217776
9.02562e-05
-1.46571e-05
-9.2664e-05
-0.000141877
-0.000162953
-0.000158865
-0.00013445
-9.58782e-05
-5.01282e-05
-4.48017e-06
3.39692e-05
5.87325e-05
6.42641e-05
4.61862e-05
1.4273e-06
-7.16959e-05
-0.000173433
-0.000302575
-0.000456428
-0.000630735
-0.000819497
-0.00101475
-0.00120648
-0.00138286
-0.00153103
-0.00163821
-0.00169302
-0.00168679
-0.00161458
-0.0014759
-0.00127502
-0.0010208
-0.00072595
-0.000405857
-7.72316e-05
0.000243233
0.000539966
0.000799349
0.00101032
0.00116477
0.00125781
0.00128776
0.00125599
0.00116663
0.00102611
0.000842726
0.000626166
0.000387097
0.000136737
-0.000113552
-0.000352648
-0.000570059
-0.000756308
-0.000903289
-0.00100456
-0.00105553
-0.00105343
-0.000997339
-0.00088807
-0.000728191
-0.000522108
-0.000276211
9.26729e-07
0.000298381
0.000602847
0.000898927
0.00116986
0.00139871
0.00156976
0.00167001
0.00169021
0.00162569
0.00147652
0.00124749
0.000947639
0.000589749
0.000189634
-0.000234599
-0.000663412
-0.0010768
-0.00145534
-0.00178125
-0.0020394
-0.00221805
-0.00230946
-0.00231007
-0.00222042
-0.00204488
-0.00179105
-0.00146931
-0.0010923
-0.000674506
-0.000231837
0.000218799
0.000660001
0.00107442
0.00144538
0.0017575
0.00199747
0.00215479
0.00222255
0.00219792
0.00208248
0.00188228
0.00160758
0.00127242
0.000893871
0.000491129
8.44122e-05
-0.000306184
-0.000661776
-0.000965643
-0.00120403
-0.00136676
-0.00144773
-0.00144512
-0.00136142
-0.00120314
-0.000980364
-0.000706059
-0.000395301
-6.43939e-05
0.000270045
0.000591999
0.000886875
0.00114216
0.00134788
0.00149678
0.00158447
0.00160932
0.0015723
0.00147674
0.00132795
0.00113285
0.000899579
0.000637268
0.000355785
6.55642e-05
-0.000222598
-0.000497765
-0.000749097
-0.000966136
-0.00113919
-0.00125986
-0.00132165
-0.00132055
-0.00125552
-0.00112868
-0.000945285
-0.000713522
-0.000444135
-0.000150031
0.00015422
0.000452968
0.000730217
0.000970491
0.00115978
0.00128644
0.00134199
0.00132162
0.00122445
0.00105359
0.000815782
0.000521065
0.000182118
-0.000186415
-0.000568685
-0.000948409
-0.00130963
-0.00163747
-0.00191882
-0.00214299
-0.00230223
-0.0023922
-0.00241205
-0.00236448
-0.00225536
-0.00209331
-0.00188905
-0.00165468
-0.001403
-0.00114683
-0.000898368
-0.000668673
-0.000467259
-0.000301768
-0.000177773
-9.86857e-05
-6.57238e-05
-7.79262e-05
-0.000132203
-0.000223438
-0.000344687
-0.000487502
-0.000642373
-0.000799248
-0.00094809
-0.00107941
-0.00118473
-0.00125689
-0.00129025
-0.0012807
-0.00122567
-0.00112411
-0.000976586
-0.000785464
-0.000555109
-0.000292069
-5.1351e-06
0.000294848
0.00059546
0.000883471
0.0011458
0.00137051
0.00154775
0.00167039
0.00173446
0.00173924
0.00168721
0.0015836
0.00143599
0.00125367
0.00104716
0.000827636
0.000606581
0.000395353
0.000204856
4.51462e-05
-7.504e-05
-0.00014884
-0.000171837
-0.000142508
-6.2435e-05
6.37852e-05
0.000228895
0.000423518
0.000636815
0.000857179
0.00107293
0.00127297
0.00144728
0.00158736
0.00168655
0.00174016
0.00174565
0.0017027
0.00161322
0.00148136
0.00131333
0.00111729
0.000902973
0.000681212
0.000463336
0.000260517
8.31318e-05
-5.97974e-05
-0.000161053
-0.000215547
-0.000220525
-0.00017565
-8.29505e-05
5.33268e-05
0.000226911
0.000429724
0.000652128
0.000883213
0.0011112
0.0011112
0.00132399
0.00150989
0.00165828
0.00176038
0.00180969
0.00180238
0.00173731
0.00161589
0.00144172
0.00122022
0.000958305
0.000664187
0.000347199
1.77057e-05
-0.000313059
-0.000633219
-0.000930572
-0.00119303
-0.00140918
-0.001569
-0.00166463
-0.00169099
-0.00164632
-0.0015324
-0.00135441
-0.00112068
-0.000842099
-0.00053144
-0.000202594
0.000130224
0.000453189
0.000753475
0.00101972
0.00124241
0.00141405
0.00152935
0.00158515
0.00158031
0.00151563
0.00139375
0.00121917
0.000998412
0.000740043
0.000454627
0.000154422
-0.000147163
-0.000436303
-0.000699613
-0.000925003
-0.00110244
-0.00122456
-0.00128708
-0.00128904
-0.00123287
-0.00112426
-0.000971778
-0.000786314
-0.000580333
-0.000367057
-0.00015966
2.94976e-05
0.000189548
0.000311672
0.00038949
0.00041925
0.000399827
0.00033255
0.000220979
7.06845e-05
-0.000110933
-0.00031479
-0.000530323
-0.00074582
-0.000948959
-0.00112752
-0.00127022
-0.00136749
-0.00141217
-0.00139995
-0.00132957
-0.00120282
-0.00102434
-0.000801393
-0.000543602
-0.000262774
2.7322e-05
0.000311376
0.000573242
0.000796957
0.000967915
0.001074
0.0011065
0.00106072
0.00093626
0.000736944
0.000470588
0.000148632
-0.00021425
-0.000600609
-0.000990858
-0.00136419
-0.00169982
-0.00197831
-0.00218307
-0.00230147
-0.00232582
-0.00225389
-0.00208899
-0.0018396
-0.00151855
-0.001142
-0.000728226
-0.000296581
0.000133502
0.000543357
0.000915866
0.00123617
0.00149227
0.00167545
0.00178062
0.00180634
0.00175488
0.0016319
0.00144615
0.00120892
0.000933494
0.0006344
0.000326722
2.53259e-05
-0.000255864
-0.000504513
-0.00071038
-0.000865656
-0.000965159
-0.0010064
-0.00098956
-0.000917369
-0.000794957
-0.00062968
-0.000430996
-0.000210372
1.88588e-05
0.000241871
0.00044306
0.000607127
0.000720397
0.000772174
0.000755877
0.000669728
0.000516851
0.000304795
4.45684e-05
-0.000250595
-0.000566525
-0.000889233
-0.00120569
-0.00150418
-0.00177432
-0.00200679
-0.00219307
-0.00232537
-0.00239688
-0.00240238
-0.00233893
-0.00220654
-0.00200858
-0.00175186
-0.00144633
-0.00110455
-0.000740858
-0.000370492
-8.71945e-06
0.00032994
0.000632321
0.000887095
0.00108515
0.00121993
0.00128764
0.0012875
0.00122169
0.00109533
0.000916211
0.000694512
0.000442382
0.000173544
-9.71714e-05
-0.000354395
-0.000582927
-0.000768607
-0.000899301
-0.000965902
-0.000963215
-0.000890523
-0.000751718
-0.000554933
-0.000311749
-3.61293e-05
0.000256723
0.000551427
0.000833315
0.00108915
0.00130769
0.00148009
0.00160019
0.00166469
0.0016731
0.00162765
0.00153305
0.0013961
0.00122532
0.00103043
0.000821731
0.000609506
0.00040341
0.000211997
4.23842e-05
-9.99149e-05
-0.000211031
-0.000288715
-0.000332272
-0.00034248
-0.000321476
-0.000272632
-0.000200377
-0.000109951
-7.08068e-06
0.000102412
0.000213019
0.000319881
0.000418971
0.000507141
0.000582065
0.000642127
0.00068633
0.000714243
0.000725978
0.000722194
0.000704103
0.000673469
0.000632553
0.000584016
0.000530762
0.000475768
0.000421925
0.000371906
0.000328069
0.000292383
0.000266384
0.000251135
0.000247235
0.000254871
0.000273937
0.0003042
0.000345448
0.000397531
0.000460164
0.000532489
0.000612465
0.000696326
0.000778361
0.000851178
0.000906448
0.000935953
0.00093268
0.000891748
0.000810988
0.000691134
0.00053562
0.000350064
0.000141592
-8.18513e-05
-0.000312085
-0.000541093
-0.000761254
-0.000965428
-0.00114695
-0.00129958
-0.00141755
-0.00149568
-0.00152977
-0.00151699
-0.00145634
-0.00134892
-0.00119803
-0.001009
-0.000788904
-0.000546185
-0.000290173
-3.05737e-05
0.000223062
0.000461834
0.000677877
0.000864595
0.00101672
0.00113022
0.00120218
0.00123067
0.0012148
0.00115488
0.00105265
0.000911565
0.000736859
0.000535488
0.000315865
8.74192e-05
-0.000139954
-0.000356497
-0.00055317
-0.000722132
-0.000857097
-0.000953542
-0.00100879
-0.00102195
-0.00099377
-0.000926417
-0.000823245
-0.000688617
-0.000527792
-0.000346841
-0.000152584
4.74922e-05
0.000245353
0.000245353
0.000432625
0.000600899
0.000742159
0.000849325
0.000916845
0.000941227
0.000921423
0.000858995
0.000758015
0.000624721
0.000466998
0.000293774
0.000114386
-6.20044e-05
-0.000226941
-0.000373137
-0.00049489
-0.000588378
-0.000651793
-0.000685277
-0.000690688
-0.000671277
-0.000631321
-0.000575774
-0.000509961
-0.000439315
-0.000369157
-0.000304516
-0.00024995
-0.000209329
-0.000185542
-0.000180149
-0.000193082
-0.000222533
-0.000265092
-0.000316122
-0.000370302
-0.000422232
-0.000466988
-0.000500558
-0.000520126
-0.000524143
-0.000512227
-0.000484933
-0.000443486
-0.000389551
-0.000325077
-0.000252221
-0.000173307
-9.08037e-05
-7.29664e-06
7.45544e-05
0.000152097
0.000222806
0.000284428
0.000335112
0.000373512
0.000398854
0.000410958
0.000410235
0.000397663
0.000374739
0.000343397
0.000305895
0.000264656
0.00022207
0.000180245
0.000140758
0.000104447
7.13512e-05
4.08095e-05
1.16929e-05
-1.73141e-05
-4.74463e-05
-7.96679e-05
-0.000114578
-0.000152396
-0.000193001
-0.000236013
-0.000280889
-0.000327001
-0.000373672
-0.000420178
-0.000465742
-0.000509525
-0.000550645
-0.000588179
-0.000621175
-0.000648672
-0.000669733
-0.000683509
-0.000689339
-0.000686839
-0.000675982
-0.000657135
-0.000631059
-0.000598879
-0.000562018
-0.000522081
-0.000480668
-0.000439148
-0.000398416
-0.000358682
-0.000319381
-0.000279205
-0.000236254
-0.00018821
-0.000132498
-6.64549e-05
1.24358e-05
0.000106206
0.000215979
0.000341571
0.000481235
0.000631658
0.000788195
0.000945291
0.00109697
0.00123729
0.00136074
0.00146247
0.00153849
0.0015858
0.00160242
0.00158742
0.00154092
0.00146399
0.00135867
0.00122786
0.00107534
0.000905613
0.000723765
0.000535222
0.000345508
0.00016002
-1.61644e-05
-0.000178455
-0.00032289
-0.000446244
-0.000546087
-0.000620736
-0.000669089
-0.000690372
-0.000683919
-0.000649112
-0.000585532
-0.000493316
-0.000373607
-0.000228957
-6.35765e-05
0.000116649
0.000304397
0.000491366
0.000668882
0.00082855
0.000962864
0.00106568
0.00113255
0.00116087
0.00114996
0.00110094
0.00101659
0.000901174
0.000760208
0.000600207
0.000428416
0.000252497
8.01836e-05
-8.10793e-05
-0.000224485
-0.000344189
-0.000435598
-0.00049559
-0.000522665
-0.00051699
-0.000480344
-0.000415976
-0.000328392
-0.000223082
-0.000106225
1.56368e-05
0.000135915
0.000248285
0.000346976
0.000427017
0.000484471
0.000516648
0.000522313
0.000501827
0.000457183
0.00039189
0.0003107
0.000219219
0.000123463
2.94216e-05
-5.73409e-05
-0.000132011
-0.000190744
-0.00023079
-0.000250531
-0.00024949
-0.000228353
-0.000188974
-0.000134337
-6.84227e-05
4.04197e-06
7.79132e-05
0.000147992
0.000209365
0.000257691
0.000289419
0.00030192
0.000293533
0.000263558
0.000212229
0.000140664
5.08234e-05
-5.45396e-05
-0.000171965
-0.000297418
-0.000426459
-0.000554453
-0.000676803
-0.000789164
-0.000887619
-0.000968787
-0.00102988
-0.0010687
-0.00108372
-0.00107408
-0.00103977
-0.000981706
-0.000901759
-0.000802694
-0.000688005
-0.000561715
-0.000428193
-0.000292002
-0.000157774
-3.0098e-05
8.66092e-05
0.000188262
0.000271301
0.000332898
0.000371147
0.000385218
0.000375447
0.000343327
0.000291418
0.000223159
0.000142617
5.4191e-05
-3.76719e-05
-0.000128731
-0.000215136
-0.000293559
-0.00036131
-0.000416517
-0.000458378
-0.000487404
-0.000505505
-0.000515751
-0.000521802
-0.000527133
-0.000534338
-0.000544726
-0.000558271
-0.000573887
-0.000589864
-0.00060435
-0.00061578
-0.000623185
-0.000626339
-0.000625725
-0.000622358
-0.000617528
-0.000612557
-0.000608619
-0.000606652
-0.000607328
-0.000611076
-0.000618118
-0.000628505
-0.00064214
-0.00065876
-0.000677863
-0.000698594
-0.000719596
-0.000738895
-0.000753892
-0.000761506
-0.000758471
-0.000741703
-0.000708688
-0.000657799
-0.000588495
-0.000501394
-0.000398237
-0.000281767
-0.000155577
-2.39335e-05
0.000108409
0.00023641
0.000354982
0.000459275
0.000544992
0.000608665
0.000647892
0.000661512
0.000649711
0.000614052
0.000557384
0.00048366
0.000397649
0.000304618
0.000209997
0.000119094
3.68393e-05
-3.24368e-05
-8.51854e-05
-0.000118794
-0.000131716
-0.000131716
-0.000123568
-9.51847e-05
-4.86282e-05
1.28417e-05
8.48766e-05
0.000162246
0.000239144
0.000309594
0.000367898
0.000409079
0.000429248
0.000425898
0.000398099
0.000346569
0.000273595
0.000182798
7.88024e-05
-3.31651e-05
-0.00014765
-0.000259287
-0.000363065
-0.000454531
-0.000529938
-0.000586342
-0.000621637
-0.000634546
-0.000624578
-0.000591959
-0.000537544
-0.000462712
-0.000369245
-0.000259201
-0.000134839
1.40004e-06
0.000146838
0.000298495
0.000453009
0.000606563
0.000754843
0.000893018
0.00101583
0.00111785
0.00119385
0.00123939
0.00125128
0.00122797
0.0011698
0.00107897
0.000959404
0.000816482
0.000656639
0.000486955
0.000314727
0.000147082
-9.36519e-06
-0.000148835
-0.000266688
-0.000359687
-0.000426164
-0.000466037
-0.000480673
-0.000472619
-0.000445231
-0.000402242
-0.000347313
-0.000283679
-0.000213963
-0.000140213
-6.40997e-05
1.28236e-05
8.89085e-05
0.000162314
0.000231036
0.000293021
0.000346336
0.000389344
0.000420844
0.000440129
0.000446963
0.000441506
0.00042425
0.000395992
0.000357843
0.00031126
0.00025804
0.000200294
0.000140391
8.08682e-05
2.43295e-05
-2.66783e-05
-6.97858e-05
-0.000102922
-0.000124419
-0.000133108
-0.000128392
-0.000110327
-7.96768e-05
-3.79557e-05
1.25868e-05
6.90453e-05
0.000128023
0.000185865
0.000238936
0.000283891
0.0003179
0.000338812
0.000345239
0.000336609
0.000313172
0.00027598
0.000226845
0.00016825
0.000103211
3.50942e-05
-3.25811e-05
-9.63595e-05
-0.00015305
-0.000199894
-0.000234697
-0.000255916
-0.00026272
-0.000255026
-0.000233537
-0.00019977
-0.000156057
-0.000105474
-5.16685e-05
1.39433e-06
4.9739e-05
8.96884e-05
0.00011815
0.000132861
0.000132577
0.000117186
8.77098e-05
4.61845e-05
-4.56706e-06
-6.11999e-05
-0.000120087
-0.000177482
-0.000229619
-0.000272779
-0.000303391
-0.000318174
-0.000314356
-0.00028991
-0.000243759
-0.000175953
-8.77817e-05
1.81657e-05
0.000138017
0.000266747
0.000398442
0.000526684
0.000645007
0.000747375
0.000828598
0.000884672
0.000913013
0.000912597
0.000883995
0.000829323
0.000752088
0.000656923
0.000549252
0.0004349
0.000319691
0.000209075
0.000107843
1.99495e-05
-5.15765e-05
-0.000104641
-0.000138051
-0.000151455
-0.000145295
-0.000120757
-7.96898e-05
-2.45062e-05
4.19721e-05
0.000116687
0.000196511
0.000278372
0.000359332
0.000436645
0.000507774
0.000570402
0.000622418
0.000661906
0.000687165
0.000696777
0.000689737
0.000665613
0.000624694
0.000568066
0.000497618
0.000415963
0.000326295
0.000232196
0.00013742
4.56746e-05
-3.95761e-05
-0.00011527
-0.000178865
-0.000228421
-0.00026266
-0.000280998
-0.000283549
-0.000271116
-0.000245144
-0.000207654
-0.000161163
-0.000108598
-5.32133e-05
1.48868e-06
5.18696e-05
9.43141e-05
0.000125444
0.000142368
0.000142945
0.000126039
9.16953e-05
4.11952e-05
-2.30246e-05
-9.75848e-05
-0.000178476
-0.000261408
-0.000342139
-0.000416741
-0.000481805
-0.000534594
-0.000573163
-0.000596429
-0.000604199
-0.000597136
-0.000576647
-0.000544695
-0.000503593
-0.000455799
-0.000403755
-0.000349793
-0.0002961
-0.00024471
-0.000197508
-0.000156223
-0.000122422
-9.74843e-05
-8.2575e-05
-7.85983e-05
-8.61355e-05
-0.000105372
-0.000136025
-0.000177294
-0.000227832
-0.000285756
-0.000348691
-0.000413871
-0.000478277
-0.000538826
-0.000592574
-0.000636906
-0.000669716
-0.000689539
-0.000695639
-0.000688074
-0.000667708
-0.000636183
-0.000595806
-0.00054938
-0.000500011
-0.000450891
-0.000405099
-0.000365427
-0.000334254
-0.000313444
-0.000304287
-0.000307471
-0.000323087
-0.000350637
-0.000389062
-0.000436755
-0.000491538
-0.000550595
-0.000610412
-0.000666792
-0.000715021
-0.000750197
-0.000767678
-0.000763565
-0.000735134
-0.000681168
-0.000602154
-0.00050033
-0.000379558
-0.000245022
-0.000102787
4.06993e-05
0.000179066
0.000306401
0.000417548
0.000508302
0.000575547
0.000617311
0.000632785
0.000622293
0.000587245
0.000530064
0.00045409
0.000363437
0.000262808
0.000157288
5.21103e-05
-4.75759e-05
-0.00013692
-0.000211569
-0.000267851
-0.000302938
-0.000314967
-0.000303099
-0.000267525
-0.000209388
-0.000130665
-3.40172e-05
-3.40172e-05
7.73383e-05
0.00019974
0.000329162
0.000461274
0.000591491
0.000715041
0.000827078
0.00092288
0.000998116
0.00104918
0.00107349
0.00106975
0.0010381
0.000980175
0.000899032
0.000799087
0.000685887
0.000565795
0.000445536
0.000331623
0.00022975
0.000144254
7.77646e-05
3.11245e-05
3.56119e-06
-6.96322e-06
-3.32356e-06
1.11853e-05
3.31978e-05
5.95424e-05
8.74305e-05
0.000114572
0.000139211
0.000160089
0.000176353
0.00018746
0.000193082
0.00019303
0.000187183
0.000175417
0.000157564
0.000133411
0.00010278
6.56567e-05
2.23504e-05
-2.63697e-05
-7.91924e-05
-0.000134267
-0.0001893
-0.000241744
-0.000289045
-0.000328907
-0.000359518
-0.000379727
-0.000389182
-0.000388461
-0.000379145
-0.000363786
-0.000345718
-0.000328671
-0.000316246
-0.000311352
-0.000315736
-0.000329734
-0.000352285
-0.000381179
-0.000413481
-0.000445996
-0.000475663
-0.000499817
-0.000516313
-0.000523523
-0.00052029
-0.000505859
-0.000479853
-0.000442309
-0.000393756
-0.000335313
-0.000268732
-0.000196377
-0.000121102
-4.60369e-05
2.56626e-05
9.10539e-05
0.00014761
0.000193383
0.000227137
0.000248466
0.000257883
0.000256857
0.000247744
0.000233603
0.000217916
0.000204274
0.000196059
0.000196172
0.000206846
0.000229544
0.00026493
0.00031288
0.000372506
0.000442096
0.000518983
0.000599408
0.0006785
0.000750486
0.000809133
0.000848359
0.000862883
0.000848771
0.000803805
0.000727652
0.00062184
0.000489581
0.000335499
0.000165334
-1.43203e-05
-0.000196261
-0.000372943
-0.000536809
-0.000680686
-0.000798214
-0.000884253
-0.000935212
-0.000949264
-0.000926441
-0.000868575
-0.000779137
-0.00066298
-0.000526016
-0.0003749
-0.00021672
-5.86988e-05
9.21043e-05
0.000229125
0.000346639
0.000440117
0.00050653
0.000544536
0.0005545
0.000538355
0.000499347
0.0004417
0.00037027
0.000290214
0.000206685
0.000124563
4.82195e-05
-1.86381e-05
-7.3066e-05
-0.00011292
-0.000136849
-0.000144268
-0.00013531
-0.000110753
-7.19063e-05
-2.04883e-05
4.14948e-05
0.000111833
0.000188153
0.000267941
0.000348569
0.000427349
0.000501608
0.000568793
0.000626565
0.000672882
0.00070606
0.000724826
0.000728367
0.000716388
0.000689176
0.000647644
0.000593337
0.000528395
0.000455474
0.000377596
0.000297972
0.000219776
0.000145931
7.89118e-05
2.06336e-05
-2.75978e-05
-6.50656e-05
-9.15846e-05
-0.000107431
-0.000113277
-0.000110131
-9.92946e-05
-8.2335e-05
-6.10447e-05
-3.73888e-05
-1.34337e-05
8.73745e-06
2.71244e-05
3.99166e-05
4.55943e-05
4.30132e-05
3.14677e-05
1.0725e-05
-1.89737e-05
-5.69375e-05
-0.000102058
-0.00015285
-0.000207506
-0.000263984
-0.000320107
-0.000373674
-0.000422588
-0.00046497
-0.000499267
-0.000524319
-0.000539411
-0.000544295
-0.000539189
-0.000524752
-0.000502028
-0.00047238
-0.000437391
-0.000398743
-0.000358083
-0.000316911
-0.000276506
-0.000237911
-0.000201954
-0.000169294
-0.000140484
-0.000116045
-9.65522e-05
-8.27061e-05
-7.53643e-05
-7.54959e-05
-8.4051e-05
-0.000101779
-0.000129056
-0.000165755
-0.000211189
-0.000264123
-0.000322849
-0.000385295
-0.000449152
-0.000511981
-0.000571273
-0.000624463
-0.000668957
-0.000702215
-0.000721895
-0.000726056
-0.000713369
-0.000683285
-0.000636115
-0.000573002
-0.000495816
-0.000407
-0.000309373
-0.000205971
-9.99154e-05
5.64367e-06
0.000107564
0.000202727
0.000288089
0.000360797
0.00041838
0.000459008
0.00048177
0.000486887
0.000475815
0.000451172
0.00041651
0.000375962
0.000333828
0.000294134
0.000260194
0.000234216
0.000217036
0.000208044
0.000205358
0.000206208
0.000207418
0.000205858
0.00019882
0.000184242
0.000160803
0.000127906
8.55876e-05
3.43895e-05
-2.47721e-05
-9.06754e-05
-0.000161793
-0.000236248
-0.000311782
-0.000385787
-0.000455432
-0.000517877
-0.000570546
-0.000611425
-0.000639311
-0.000653968
-0.000656113
-0.000647239
-0.000629303
-0.00060436
-0.000574266
-0.000540509
-0.000504211
-0.000466225
-0.000427287
-0.000388162
-0.000349745
-0.000313076
-0.000279283
-0.00024948
-0.00022464
-0.000205467
-0.000192314
-0.000185166
-0.000183636
-0.000186993
-0.000194196
-0.000203959
-0.000214813
-0.000225204
-0.000225204
-0.000233596
-0.000238577
-0.000238957
-0.000233847
-0.000222733
-0.000205521
-0.000182557
-0.000154598
-0.000122746
-8.83518e-05
-5.29234e-05
-1.80509e-05
1.46941e-05
4.39099e-05
6.85118e-05
8.77962e-05
0.000101428
0.000109429
0.000112197
0.00011054
0.000105659
9.9048e-05
9.23274e-05
8.70542e-05
8.45667e-05
8.5879e-05
9.16102e-05
0.000101935
0.000116582
0.000134898
0.00015597
0.00017877
0.000202255
0.00022544
0.000247424
0.000267411
0.000284727
0.000298841
0.000309373
0.000316101
0.000318996
0.00031827
0.000314406
0.000308159
0.000300499
0.000292524
0.000285353
0.000280024
0.000277438
0.00027831
0.000283156
0.000292294
0.000305856
0.000323812
0.000345977
0.000372011
0.000401402
0.000433461
0.000467338
0.000502046
0.000536493
0.00056949
0.000599733
0.000625788
0.000646087
0.000658988
0.000662894
0.000656431
0.000638626
0.000609067
0.000568002
0.000516402
0.000455972
0.000389129
0.000318944
0.000248996
0.000183139
0.000125201
7.86348e-05
4.61813e-05
2.95833e-05
2.94087e-05
4.50146e-05
7.4655e-05
0.000115704
0.000164953
0.000218918
0.000274099
0.000327181
0.000375176
0.000415516
0.000446116
0.000465434
0.000472541
0.00046718
0.000449781
0.000421446
0.000383875
0.000339239
0.000290021
0.000238834
0.000188228
0.000140502
9.75198e-05
6.05725e-05
3.03108e-05
6.7678e-06
-1.0538e-05
-2.24528e-05
-3.0038e-05
-3.44463e-05
-3.68154e-05
-3.81683e-05
-3.93208e-05
-4.08013e-05
-4.27966e-05
-4.51458e-05
-4.73977e-05
-4.89315e-05
-4.91152e-05
-4.74657e-05
-4.37826e-05
-3.8229e-05
-3.13339e-05
-2.39133e-05
-1.69367e-05
-1.13791e-05
-8.08372e-06
-7.64899e-06
-1.03551e-05
-1.61323e-05
-2.45649e-05
-3.49333e-05
-4.63042e-05
-5.76657e-05
-6.80745e-05
-7.6796e-05
-8.34258e-05
-8.79681e-05
-9.08353e-05
-9.27685e-05
-9.46984e-05
-9.75664e-05
-0.000102132
-0.000108808
-0.000117561
-0.000127872
-0.000138799
-0.000149118
-0.00015752
-0.000162789
-0.000163961
-0.000160412
-0.000151888
-0.000138468
-0.000120515
-9.86078e-05
-7.34888e-05
-4.60167e-05
-1.71545e-05
1.20348e-05
4.04055e-05
6.6773e-05
8.99908e-05
0.000109073
0.000123358
0.000132694
0.000137574
0.00013918
0.000139298
0.000140091
0.000143767
0.000152212
0.00016665
0.000187397
0.000213773
0.000244201
0.00027645
0.000307985
0.000336313
0.000359268
0.000375195
0.000383009
0.000382179
0.000372662
0.000354807
0.00032926
0.000296866
0.000258585
0.000215419
0.000168337
0.000118232
6.59145e-05
1.21354e-05
-4.23588e-05
-9.6764e-05
-0.000150152
-0.000201421
-0.000249268
-0.000292196
-0.000328586
-0.00035683
-0.000375527
-0.000383667
-0.000380773
-0.000366975
-0.000343009
-0.00031017
-0.000270253
-0.000225478
-0.000178426
-0.000131958
-8.90923e-05
-5.2845e-05
-2.60243e-05
-1.10215e-05
-9.61828e-06
-2.28365e-05
-5.08362e-05
-9.28543e-05
-0.000147175
-0.00021115
-0.000281288
-0.000353456
-0.000423165
-0.000485911
-0.00053753
-0.000574517
-0.000594283
-0.000595351
-0.000577464
-0.000541577
-0.000489742
-0.000424888
-0.00035056
-0.000270643
-0.000189116
-0.000109851
-3.64532e-05
2.78676e-05
8.04012e-05
0.000119014
0.000142209
0.00014919
0.000139902
0.000115068
7.61825e-05
2.54679e-05
-3.42264e-05
-9.95855e-05
-0.000167026
-0.000232905
-0.000293724
-0.00034632
-0.000388014
-0.000416722
-0.000431028
-0.00043024
-0.000414406
-0.000384296
-0.000341369
-0.000287693
-0.000225837
-0.000158722
-8.94663e-05
-2.12068e-05
4.30849e-05
0.000100787
0.000149776
0.000188526
0.000216151
0.000232377
0.000237488
0.000232239
0.000217781
0.00019558
0.000167342
0.000134946
0.000100348
6.54812e-05
3.21154e-05
1.70202e-06
-2.4773e-05
-4.68673e-05
-6.46653e-05
-7.86781e-05
-8.9694e-05
-9.86177e-05
-0.000106335
-0.000113623
-0.000121101
-0.000129216
-0.000138234
-0.000148215
-0.000158952
-0.000169877
-0.000179983
-0.000187824
-0.000191639
-0.000189567
-0.000179925
-0.000161473
-0.000133658
-9.68261e-05
-5.23988e-05
-2.95729e-06
4.78288e-05
9.54826e-05
0.000135181
0.000162297
0.000172929
0.000164366
0.000135495
8.71616e-05
2.24122e-05
-5.35118e-05
-0.000133524
-0.000209384
-0.000272608
-0.000315398
-0.000331486
-0.000316858
-0.000316858
-0.000270348
-0.000194037
-9.33088e-05
2.35829e-05
0.000146478
0.000264645
0.000368192
0.000449229
0.000502556
0.000525825
0.000519235
0.000484858
0.000425792
0.000345281
0.000246044
0.000129977
-1.70012e-06
-0.000147903
-0.000306895
-0.000475408
-0.000647882
-0.000816032
-0.00096899
-0.00109414
-0.00117858
-0.00121095
-0.00118326
-0.0010924
-0.000940893
-0.000736873
-0.00049324
-0.000226148
4.68047e-05
0.000308337
0.000542898
0.000737616
0.00088285
0.00097248
0.00100404
0.0009787
0.000901143
0.000779112
0.000622778
0.00044384
0.000254486
6.63015e-05
-0.000110743
-0.000268997
-0.000403389
-0.00051117
-0.000591263
-0.000643432
-0.000667581
-0.000663399
-0.000630449
-0.000568626
-0.000478831
-0.000363639
-0.000227711
-7.77873e-05
7.77595e-05
0.000229733
0.000369076
0.000487782
0.000579578
0.000640283
0.000667847
0.000662147
0.000624644
0.000558019
0.000465868
0.000352504
0.000222852
8.23941e-05
-6.28999e-05
-0.00020668
-0.000342382
-0.000463473
-0.000563781
-0.00063787
-0.000681424
-0.000691573
-0.00066712
-0.00060864
-0.000518472
-0.000400611
-0.000260548
-0.000105068
5.79776e-05
0.000219997
0.000372097
0.000505644
0.000612914
0.000687747
0.000726114
0.000726482
0.000689907
0.000619838
0.000521683
0.000402228
0.000269037
0.000129891
-7.67149e-06
-0.00013672
-0.000251213
-0.000346209
-0.000417989
-0.000464114
-0.000483414
-0.000475948
-0.000442929
-0.0003866
-0.000310089
-0.00021724
-0.000112444
-4.6197e-07
0.000113755
0.000225238
0.000329187
0.000421154
0.000497228
0.000554192
0.000589668
0.000602242
0.000591548
0.000558305
0.000504285
0.000432213
0.000345595
0.000248529
0.000145487
4.11089e-05
-6.00067e-05
-0.000153498
-0.000235409
-0.000302329
-0.000351505
-0.00038093
-0.000389415
-0.000376646
-0.000343227
-0.000290666
-0.000221325
-0.000138334
-4.54463e-05
5.31393e-05
0.000152968
0.000249524
0.000338433
0.000415651
0.000477647
0.000521568
0.00054539
0.000548037
0.00052945
0.000490604
0.000433472
0.00036094
0.000276673
0.000184936
9.03512e-05
-2.36703e-06
-8.868e-05
-0.000164483
-0.000226331
-0.0002716
-0.000298595
-0.000306585
-0.000295779
-0.000267254
-0.000222848
-0.000165033
-9.67835e-05
-2.14223e-05
5.75228e-05
0.00013646
0.000211863
0.000280398
0.000339056
0.000385285
0.000417103
0.000433195
0.000432972
0.000416607
0.000385022
0.000339835
0.000283273
0.000218053
0.000147237
7.40758e-05
1.86091e-06
-6.62253e-05
-0.000127253
-0.000178673
-0.000218418
-0.000244985
-0.000257492
-0.000255713
-0.000240068
-0.000211602
-0.000171922
-0.00012311
-6.76234e-05
-8.16804e-06
5.2432e-05
0.000111368
0.000165969
0.000213806
0.000252804
0.000281323
0.000298227
0.000302921
0.000295373
0.000276109
0.000246177
0.000207105
0.000160817
0.00010954
5.56841e-05
1.73172e-06
-4.98789e-05
-9.68667e-05
-0.000137206
-0.000169216
-0.00019163
-0.000203652
-0.000204974
-0.00019579
-0.00017677
-0.000149025
-0.000114042
-7.36101e-05
-2.97297e-05
1.5483e-05
5.9889e-05
0.000101427
0.000138209
0.000168602
0.00019129
0.000205337
0.000210217
0.000205832
0.000192503
0.000170951
0.000142265
0.00010784
6.93072e-05
2.84558e-05
-1.28502e-05
-5.27552e-05
-8.94976e-05
-0.000121493
-0.000147404
-0.000166194
-0.000177176
-0.000180031
-0.000174816
-0.000161954
-0.000142205
-0.000116631
-8.65398e-05
-5.34229e-05
-1.88812e-05
1.54513e-05
4.79841e-05
7.72371e-05
0.000101904
0.000120911
0.000133465
0.000139084
0.000137609
0.00012921
0.000114368
9.38512e-05
6.86712e-05
4.00383e-05
9.29972e-06
-2.21317e-05
-5.28405e-05
-8.14657e-05
-0.000106761
-0.000127655
-0.000143299
-0.000153102
-0.000156755
-0.000154228
-0.000145766
-0.00013188
-0.000113325
-9.1061e-05
-6.61987e-05
-3.99432e-05
-1.35378e-05
1.17929e-05
3.48958e-05
5.47386e-05
7.04568e-05
8.1391e-05
8.71108e-05
8.74317e-05
8.24214e-05
7.23902e-05
5.78704e-05
3.95917e-05
1.84463e-05
-4.55583e-06
-2.83392e-05
-5.18159e-05
-7.39355e-05
-9.37289e-05
-0.000110351
-0.000123118
-0.000131529
-0.000135293
-0.000134332
-0.000128789
-0.00011901
-0.000105528
-8.90339e-05
-7.03466e-05
-5.03682e-05
-3.00427e-05
-3.00427e-05
-1.03114e-05
7.93003e-06
2.38694e-05
3.68145e-05
4.62249e-05
5.17321e-05
5.17321e-05
