-2.70292e-09
-4.35982e-08
-3.17587e-07
-1.41229e-06
-4.38983e-06
-1.03747e-05
-1.98243e-05
-3.21513e-05
-4.60367e-05
-6.00957e-05
-7.33852e-05
-8.5513e-05
-9.63804e-05
-0.000105781
-0.000113165
-0.000117747
-0.000118819
-0.000116031
-0.00010946
-9.95409e-05
-8.69757e-05
-7.26444e-05
-5.74668e-05
-4.22232e-05
-2.74468e-05
-1.34793e-05
-6.37956e-07
1.06375e-05
1.97518e-05
2.60501e-05
2.89925e-05
2.83076e-05
2.40527e-05
1.65814e-05
6.45767e-06
-5.64311e-06
-1.90276e-05
-3.30598e-05
-4.71954e-05
-6.09515e-05
-7.38296e-05
-8.52536e-05
-9.45774e-05
-0.00010116
-0.000104466
-0.000104158
-0.000100131
-9.25102e-05
-8.15859e-05
-6.77472e-05
-5.14185e-05
-3.30242e-05
-1.29846e-05
8.26638e-06
3.02538e-05
5.24415e-05
7.4246e-05
9.50886e-05
0.000114463
0.000131989
0.000147439
0.000160735
0.000171922
0.000181133
0.000188542
0.00019436
0.000198839
0.000202284
0.000205049
0.000207531
0.000210129
0.000213181
0.000216899
0.000221319
0.000226277
0.000231424
0.000236278
0.000240287
0.000242892
0.000243553
0.000241762
0.000237035
0.000228888
0.00021685
0.00020048
0.000179404
0.000153361
0.000122245
8.61384e-05
4.53195e-05
2.49144e-07
-4.8476e-05
-0.000100183
-0.000154168
-0.000209731
-0.000266178
-0.000322823
-0.000378978
-0.000433941
-0.000487002
-0.000537441
-0.000584538
-0.000627583
-0.00066589
-0.000698803
-0.000725717
-0.000746098
-0.000759523
-0.000765727
-0.000764629
-0.000756327
-0.000741051
-0.000719082
-0.000690653
-0.000655891
-0.000614819
-0.000567422
-0.000513767
-0.000454106
-0.00038895
-0.000319059
-0.000245363
-0.000168861
-9.05061e-05
-1.1115e-05
6.86961e-05
0.000148571
0.000228468
0.000308702
0.000389942
0.000473127
0.000559323
0.000649532
0.000744516
0.000844644
0.000949796
0.00105931
0.00117197
0.00128594
0.00139875
0.00150724
0.00160764
0.00169569
0.0017668
0.00181637
0.00184009
0.00183419
0.00179581
0.001723
0.00161468
0.00147026
0.0012892
0.00107078
0.000814336
0.000519927
0.000189493
-0.000172028
-0.000556029
-0.000950332
-0.00134009
-0.00170919
-0.00204184
-0.00232378
-0.00254321
-0.00269126
-0.00276222
-0.00275377
-0.00266704
-0.00250662
-0.00228039
-0.00199891
-0.00167461
-0.00132075
-0.000950306
-0.000575071
-0.000205018
0.000151898
0.000489651
0.000803916
0.0010919
0.00135227
0.00158509
0.00179155
0.00197331
0.00213154
0.00226604
0.00237479
0.00245434
0.00250085
0.00251169
0.002487
0.00243088
0.00235154
0.00226062
0.00217165
0.00209825
0.00205257
0.0020443
0.00208038
0.0021653
0.00230113
0.00248574
0.00270398
0.00291196
0.00303347
0.00299117
0.00275204
0.00233835
0.00179631
0.00116152
0.000446628
-0.00035194
-0.00123489
-0.00217868
-0.00312958
-0.0040189
-0.00478461
-0.00538322
-0.00578966
-0.00599353
-0.00599818
-0.00581984
-0.00548122
-0.00500271
-0.00439918
-0.00368549
-0.00288525
-0.00203578
-0.00118575
-0.000386895
0.000315919
0.000891117
0.00132145
0.00160132
0.00173339
0.00172554
0.0015879
0.00133067
0.000964514
0.000503747
-2.95176e-05
-0.000603588
-0.00117943
-0.00171606
-0.00217658
-0.00253235
-0.00276446
-0.00286278
-0.0028239
-0.00264907
-0.00234272
-0.00191199
-0.00136755
-0.000725135
-7.07469e-06
0.00075775
0.00153588
0.00229274
0.00299617
0.00361887
0.00413917
0.00454062
0.00481097
0.00494143
0.00492651
0.00476453
0.00445851
0.00401708
0.00345489
0.00279162
0.00204938
0.00124868
0.000404568
-0.000474704
-0.00138495
-0.00231957
-0.00326237
-0.00418318
-0.00503866
-0.00577821
-0.00635235
-0.00672058
-0.00685618
-0.00674746
-0.00639644
-0.00581643
-0.00503008
-0.00406819
-0.00296927
-0.00177911
-0.000549355
0.000665357
0.00181147
0.00284096
0.00371483
0.0044049
0.0048936
0.00517269
0.00524163
0.00510625
0.00477727
0.00426848
0.00359476
0.00277171
0.00181823
0.000761409
-0.000358855
-0.0014889
-0.00256547
-0.00352412
-0.00430848
-0.00487727
-0.00520683
-0.00528964
-0.00513062
-0.00474363
-0.00414962
-0.003377
-0.00246339
-0.00145676
-0.000413875
0.000604585
0.000604585
0.00154126
0.00234874
0.00299294
0.00345204
0.00371243
0.00376435
0.00360019
0.00321647
0.00261883
0.00182776
0.000882351
-0.000159677
-0.00122634
-0.00223925
-0.00312311
-0.00381435
-0.0042671
-0.00445566
-0.00437387
-0.00403265
-0.00345713
-0.00268404
-0.00175963
-0.000737582
0.00032353
0.00136376
0.00232613
0.0031612
0.00383088
0.0043105
0.00458876
0.00466598
0.00455138
0.00426067
0.00381445
0.00323755
0.00255897
0.0018117
0.00103203
0.000258029
-0.000472707
-0.00112563
-0.00167157
-0.00208825
-0.00236082
-0.0024814
-0.00244819
-0.00226464
-0.0019394
-0.00148709
-0.000929689
-0.000297512
0.000371319
0.00103363
0.00164592
0.00216971
0.00257589
0.00284675
0.00297562
0.00296476
0.00282291
0.00256335
0.00220304
0.0017623
0.00126478
0.000736935
0.000206798
-0.000297743
-0.00075101
-0.00113147
-0.00142346
-0.00161856
-0.0017166
-0.00172542
-0.00165913
-0.00153472
-0.00136838
-0.0011727
-0.000955753
-0.000721906
-0.000473503
-0.000212248
6.02797e-05
0.000342863
0.000634928
0.00093619
0.00124521
0.00155663
0.00185741
0.00212342
0.0023193
0.00240346
0.00233826
0.0021015
0.00169462
0.00114429
0.00049703
-0.000190142
-0.000859139
-0.00145726
-0.00194014
-0.00227279
-0.00243087
-0.0024034
-0.00219585
-0.00183145
-0.00134877
-0.000795359
-0.000219351
0.00033844
0.0008494
0.00129797
0.00167906
0.00199372
0.00224488
0.00243442
0.00256226
0.002627
0.00262772
0.00256571
0.00244531
0.00227337
0.00205771
0.00180576
0.00152427
0.00122008
0.000901573
0.000579472
0.000266638
-2.32516e-05
-0.000277481
-0.000485778
-0.000641021
-0.000739119
-0.000778353
-0.000758621
-0.000680952
-0.000547556
-0.000362451
-0.000132492
0.000131614
0.000414811
0.000698094
0.000959907
0.00117825
0.00133301
0.00140816
0.00139338
0.0012852
0.00108736
0.00081056
0.000471524
9.17275e-05
-0.000304181
-0.000690009
-0.00103967
-0.00132885
-0.00153658
-0.0016467
-0.0016488
-0.00153874
-0.00131846
-0.000995524
-0.000582799
-9.86201e-05
0.000432479
0.000979196
0.00150414
0.00196664
0.00232755
0.00255489
0.00262841
0.00254169
0.00230126
0.00192352
0.00143072
0.000847574
0.000199393
-0.000488181
-0.0011885
-0.00187338
-0.00251355
-0.00308028
-0.0035478
-0.00389557
-0.0041095
-0.00418206
-0.00411142
-0.00390046
-0.00355625
-0.00309025
-0.00251887
-0.00186397
-0.0011525
-0.000415238
0.000315643
0.00100935
0.00163913
0.00218404
0.00262951
0.00296665
0.00319103
0.00330139
0.00329902
0.00318788
0.00297524
0.00267226
0.00229377
0.00185706
0.00137939
0.000874876
0.000351895
-0.00018701
-0.000741863
-0.00130951
-0.00187812
-0.0024248
-0.00291776
-0.00332247
-0.00360922
-0.00375942
-0.00376849
-0.00364514
-0.00340813
-0.0030824
-0.00269579
-0.00227712
-0.00185504
-0.00145708
-0.00110795
-0.000827225
-0.000626643
-0.000508182
-0.000463764
-0.000476991
-0.000526618
-0.000590793
-0.00065089
-0.000693872
-0.000712688
-0.000704929
-0.000670525
-0.000609539
-0.000520857
-0.000402123
-0.000250711
-6.52334e-05
0.000152809
0.000397401
0.000656627
0.000912208
0.00114099
0.00131873
0.00142538
0.00144974
0.00139168
0.00126097
0.00107356
0.00084725
0.000598501
0.000341207
8.70947e-05
-0.000153276
-0.000369793
-0.0005527
-0.000692941
-0.000782587
-0.00081521
-0.000786527
-0.000695953
-0.000549155
-0.000360531
-0.000153704
4.13076e-05
0.000193723
0.000278149
0.000278651
0.000189456
1.2986e-05
-0.000242853
-0.000566317
-0.000941976
-0.00135042
-0.00176901
-0.00217416
-0.0025443
-0.00286185
-0.00311325
-0.00328705
-0.00337144
-0.0033527
-0.0032153
-0.00294418
-0.00252835
-0.00196497
-0.00126265
-0.000443184
0.000458854
0.00139874
0.00232581
0.00318841
0.00393843
0.00453478
0.00494529
0.00514728
0.00512767
0.004883
0.00442008
0.00375674
0.00292215
0.00195601
0.000906269
-0.000174065
-0.00123042
-0.00220958
-0.00306184
-0.00374241
-0.00421266
-0.00444156
-0.00440746
-0.0041005
-0.00352536
-0.00352536
-0.00270406
-0.00167734
-0.000503035
0.000749138
0.00200539
0.00319583
0.00426023
0.00515048
0.00583043
0.00627462
0.0064676
0.00640436
0.00609147
0.00554782
0.00480402
0.00390043
0.00288367
0.00180258
0.000704284
-0.000368885
-0.00138115
-0.00230366
-0.00311398
-0.0037951
-0.00433464
-0.00472432
-0.00495965
-0.00503942
-0.00496507
-0.00474
-0.00436936
-0.00386044
-0.00322387
-0.00247539
-0.0016376
-0.000741209
0.00017498
0.00106562
0.00188208
0.00257699
0.00310942
0.0034497
0.00358289
0.00351024
0.00324817
0.0028252
0.00227776
0.00164594
0.000970331
0.000290301
-0.000356515
-0.000934121
-0.00140834
-0.00174788
-0.00192655
-0.001926
-0.00173853
-0.00136891
-0.000834985
-0.000166739
0.000595704
0.00140493
0.00220945
0.00295707
0.00359828
0.00408934
0.00439513
0.00449121
0.00436509
0.00401664
0.00345775
0.0027115
0.00181088
0.000797341
-0.000280868
-0.00137073
-0.00241674
-0.00336357
-0.00415892
-0.00475648
-0.00511891
-0.00522059
-0.00504991
-0.00461096
-0.00392431
-0.00302666
-0.00196912
-0.000814216
0.000368585
0.00150808
0.0025369
0.00339671
0.00404252
0.0044458
0.00459605
0.00450075
0.0041836
0.00368141
0.0030399
0.00230906
0.00153853
0.000773823
5.37286e-05
-0.000590921
-0.00113737
-0.00157035
-0.00188137
-0.00206798
-0.0021332
-0.00208481
-0.00193456
-0.00169708
-0.00138907
-0.00102871
-0.00063553
-0.000230486
0.00016425
0.000526153
0.000833886
0.00106924
0.00121891
0.00127572
0.00123874
0.00111256
0.000905807
0.000629467
0.000295397
-8.46692e-05
-0.000499509
-0.00093826
-0.00138992
-0.00184278
-0.00228399
-0.00269951
-0.00307438
-0.00339322
-0.00364086
-0.00380302
-0.0038669
-0.00382201
-0.00366111
-0.0033814
-0.00298562
-0.00248297
-0.00188906
-0.00122522
-0.000516739
0.000209303
0.000926314
0.00160996
0.00223909
0.00279585
0.0032653
0.00363508
0.00389543
0.00403968
0.00406505
0.0039747
0.00378485
0.00353937
0.00331551
0.00319482
0.00321121
0.003329
0.00347193
0.00356668
0.0035669
0.00345569
0.00323258
0.00289207
0.00241213
0.00176375
0.000930782
-7.7678e-05
-0.00122715
-0.00246308
-0.00371435
-0.00489694
-0.00592406
-0.00672076
-0.00723325
-0.00742731
-0.00727988
-0.00677187
-0.00588753
-0.00462058
-0.0029832
-0.00101292
0.00122574
0.00364344
0.00612927
0.00855452
0.0107788
0.0126597
0.0140642
0.0148801
0.0150256
0.0144571
0.0131749
0.0112258
0.00870073
0.00572931
0.00246975
-0.000903017
-0.00421036
-0.0072829
-0.00997214
-0.0121595
-0.0137611
-0.0147285
-0.0150442
-0.0147163
-0.0137726
-0.0122577
-0.0102327
-0.00777655
-0.0049882
-0.0019873
0.00108795
0.00408613
0.00685081
0.00922998
0.0110853
0.0122996
0.0127817
0.0124696
0.011333
0.00937594
0.0066409
0.0032121
-0.000782003
-0.00516994
-0.00974318
-0.0142675
-0.0184983
-0.0221978
-0.0251504
-0.0271758
-0.0281368
-0.0279455
-0.0265666
-0.0240198
-0.0203822
-0.0157871
-0.0104204
-0.00451185
0.00167732
0.00786975
0.0137877
0.0191673
0.0237703
0.0273928
0.0298722
0.0310939
0.0309968
0.0295796
0.0269048
0.0230986
0.0183465
0.0128816
0.00696933
0.000888204
-0.00508872
-0.0107104
-0.0157594
-0.0200585
-0.023472
-0.0259049
-0.0273003
-0.0276379
-0.0269333
-0.0252364
-0.0226288
-0.0192204
-0.0151433
-0.0105476
-0.00559589
-0.000459906
0.00468318
0.00965405
0.0142753
0.0183768
0.0218015
0.0244136
0.0261046
0.0267992
0.0264587
0.0250818
0.0227041
0.0193973
0.0152689
0.0104615
0.00515255
-0.000448381
-0.00610597
-0.0115696
-0.0165879
-0.0209263
-0.0243824
-0.0267978
-0.0280643
-0.0281258
-0.0269783
-0.0246698
-0.0212999
-0.0170171
-0.012013
-0.00651287
-0.000762944
0.00498209
0.0104714
0.015469
0.0197628
0.023173
0.0255585
0.026823
0.0269188
0.0258506
0.0236767
0.0205081
0.0165046
0.0118688
0.0118688
0.00683705
0.00166698
-0.00337768
-0.00804506
-0.0121128
-0.0154026
-0.0177883
-0.0191977
-0.0196093
-0.0190454
-0.0175659
-0.0152626
-0.0122566
-0.00869498
-0.00474799
-0.000602959
0.00354363
0.00749608
0.0110695
0.0140984
0.0164434
0.0179956
0.0186804
0.0184609
0.0173411
0.0153681
0.0126318
0.00926212
0.0054218
0.00129712
-0.0029131
-0.00700839
-0.0107961
-0.0140989
-0.0167609
-0.0186526
-0.0196754
-0.0197656
-0.0188994
-0.017095
-0.0144146
-0.010963
-0.00688357
-0.00235193
0.00243302
0.0072595
0.0119138
0.016191
0.0199042
0.0228926
0.025028
0.0262199
0.0264195
0.025622
0.0238671
0.0212371
0.0178528
0.0138666
0.00945481
0.00480978
0.000131295
-0.00438114
-0.00853617
-0.0121589
-0.0151003
-0.0172477
-0.0185363
-0.0189578
-0.018562
-0.0174486
-0.0157515
-0.0136192
-0.0111988
-0.00862611
-0.00602252
-0.00349672
-0.00114664
0.000940403
0.00268991
0.0040437
0.00496301
0.00543005
0.00544721
0.00503458
0.00422664
0.00306995
0.0016224
-4.60298e-05
-0.00185267
-0.00370344
-0.00549724
-0.00713326
-0.00852008
-0.00958423
-0.0102762
-0.0105721
-0.0104713
-0.00999109
-0.00915939
-0.00800952
-0.00657716
-0.00490066
-0.00302367
-0.000998261
0.0011134
0.00324034
0.00530758
0.0072435
0.00898761
0.0104961
0.0117438
0.0127219
0.0134344
0.013894
0.0141203
0.0141398
0.0139863
0.0137007
0.0133251
0.0128925
0.0124114
0.0118527
0.0111477
0.0102035
0.00893287
0.00728784
0.00528178
0.00299208
0.000543134
-0.00192215
-0.00427094
-0.00639964
-0.00823949
-0.00975041
-0.0109091
-0.0116986
-0.012105
-0.0121224
-0.0117625
-0.0110631
-0.0100884
-0.0089192
-0.00763646
-0.00630631
-0.00497222
-0.00365755
-0.00237543
-0.0011403
2.50732e-05
0.00108982
0.00202142
0.00279359
0.00338994
0.00380078
0.00401514
0.00401384
0.00376921
0.00325304
0.00244956
0.00136727
4.46818e-05
-0.00145208
-0.00303776
-0.00461904
-0.0061052
-0.00741636
-0.00848915
-0.00927951
-0.00976302
-0.00993324
-0.00979889
-0.0093806
-0.00870752
-0.00781368
-0.00673429
-0.00550296
-0.00415054
-0.00270621
-0.00119979
0.000335959
0.00186469
0.00334792
0.00474833
0.00603395
0.00718178
0.00817924
0.00902169
0.00970459
0.0102121
0.0105075
0.0105328
0.0102216
0.00952105
0.00841402
0.00693113
0.00514866
0.00317457
0.00113009
-0.00086573
-0.00270431
-0.00428951
-0.00553676
-0.00637364
-0.00674504
-0.00662365
-0.006023
-0.0050073
-0.00369098
-0.002224
-0.000765485
0.000546036
0.00161476
0.00239488
0.00288249
0.00309858
0.00307199
0.0028298
0.00239706
0.00180353
0.00109178
0.000321417
-0.000433622
-0.00109458
-0.00159071
-0.00187039
-0.00190648
-0.00169449
-0.0012458
-0.000580482
0.00027636
0.00129311
0.00242664
0.00361739
0.00478821
0.00584934
0.00670928
0.00728879
0.00753325
0.00741906
0.00695223
0.00616075
0.00508549
0.00377404
0.00228025
0.000667931
-0.000984925
-0.00258539
-0.00403034
-0.00521614
-0.00605129
-0.00646952
-0.00644049
-0.00597535
-0.00512498
-0.00397074
-0.00261085
-0.0011469
0.000325487
0.00172001
0.00295859
0.00396915
0.00468556
0.00505093
0.00502337
0.00458205
0.0037314
0.00250194
0.000947576
-0.00085987
-0.00283704
-0.00489433
-0.00693884
-0.00887538
-0.010607
-0.0120374
-0.013076
-0.0136457
-0.0136912
-0.0131852
-0.0121321
-0.0105666
-0.00855188
-0.00617651
-0.00355136
-0.000806649
0.00191246
0.00445253
0.00666129
0.00839971
0.00955566
0.0100566
0.0098783
0.00904572
0.00762625
0.00571622
0.00342624
0.000870378
-0.00183764
-0.00458189
-0.00723957
-0.00967915
-0.0117644
-0.0133639
-0.0143633
-0.0146763
-0.0142522
-0.0130787
-0.011181
-0.00861942
-0.00548565
-0.00190058
0.0019881
0.00600916
0.00997403
0.0136873
0.0169607
0.0196292
0.0215635
0.0226791
0.0229379
0.0223453
0.0209446
0.0209446
0.0188116
0.0160507
0.0127914
0.0091846
0.00539616
0.00159829
-0.00204122
-0.00536976
-0.00825878
-0.0106096
-0.012355
-0.0134577
-0.0139064
-0.0137115
-0.0129043
-0.0115397
-0.00969867
-0.00748213
-0.00500001
-0.00236483
0.00030729
0.00289574
0.00527876
0.00733997
0.00897681
0.0101091
0.0106844
0.0106774
0.0100884
0.00894079
0.00728198
0.00518301
0.00273701
5.58689e-05
-0.00273371
-0.00549548
-0.00809126
-0.0103903
-0.0122785
-0.013665
-0.0144856
-0.0147042
-0.0143128
-0.0133322
-0.0118123
-0.00983171
-0.00749456
-0.00492492
-0.00225876
0.000364992
0.00281381
0.00497042
0.00674005
0.00805504
0.00887638
0.00919263
0.00901732
0.00838596
0.00735328
0.00599044
0.00438197
0.0026217
0.000807792
-0.00096327
-0.00260299
-0.00403663
-0.00520736
-0.00607784
-0.00662918
-0.00685829
-0.00677487
-0.00639911
-0.00576056
-0.00489738
-0.00385534
-0.00268601
-0.00144425
-0.000185302
0.00103782
0.00217648
0.00318777
0.00403532
0.00468973
0.00512887
0.00533849
0.00531296
0.00505586
0.00457997
0.00390664
0.00306456
0.00208829
0.00101668
-0.000108879
-0.00124621
-0.00235409
-0.00339332
-0.00432696
-0.00512004
-0.00573956
-0.00615563
-0.00634378
-0.00628801
-0.00598349
-0.00543819
-0.0046729
-0.00371983
-0.00262025
-0.00142178
-0.000175603
0.00106606
0.00225222
0.00333524
0.00427292
0.00503039
0.00558158
0.0059098
0.00600893
0.00588628
0.00556481
0.0050803
0.0044742
0.00378753
0.00305865
0.00232404
0.00161993
0.000983397
0.000450903
5.42983e-05
-0.000183531
-0.000251085
-0.000148316
0.000114745
0.000519865
0.00104285
0.00165624
0.00233186
0.00304247
0.00376246
0.00446836
0.00513971
0.0057603
0.00631908
0.00681001
0.00722978
0.00757302
0.00782589
0.00796036
0.00793251
0.00768656
0.00716448
0.00631838
0.00512185
0.00357728
0.00171818
-0.000392344
-0.00266589
-0.00499493
-0.00726098
-0.0093445
-0.0111357
-0.0125441
-0.0135061
-0.0139874
-0.0139828
-0.0135114
-0.0126111
-0.0113319
-0.00973112
-0.00787027
-0.00581442
-0.00363219
-0.00139601
0.000818349
0.0029329
0.0048692
0.00655072
0.00790609
0.00887345
0.00940551
0.00947438
0.00907502
0.00822655
0.00697113
0.0053709
0.00350351
0.00145708
-0.000674965
-0.00279853
-0.00482266
-0.00666226
-0.00823952
-0.0094846
-0.010336
-0.0107422
-0.0106644
-0.0100825
-0.00900061
-0.00745186
-0.00549982
-0.0032346
-0.000765345
0.00178873
0.00430579
0.00666617
0.00875535
0.0104676
0.0117124
0.0124224
0.0125628
0.0121353
0.0111783
0.00976082
0.00797204
0.00591099
0.00367765
0.00136778
-0.000928639
-0.00312685
-0.0051463
-0.00691063
-0.00834937
-0.00940097
-0.0100166
-0.0101644
-0.00983263
-0.00903291
-0.00780058
-0.00619313
-0.00428606
-0.00216758
6.63497e-05
0.00231554
0.00447805
0.00645286
0.00814425
0.00946817
0.0103594
0.0107771
0.0107078
0.0101638
0.00917961
0.00780819
0.0061173
0.00418759
0.00211082
-1.23724e-05
-0.00207644
-0.00397666
-0.00561659
-0.00691596
-0.00781768
-0.00829237
-0.00833913
-0.00798274
-0.0072679
-0.00625212
-0.0049989
-0.00357262
-0.0020356
-0.000447129
0.00113644
0.00266173
0.00407903
0.00534359
0.0064168
0.007267
0.00786943
0.00820603
0.00826543
0.00804368
0.00754555
0.00678611
0.00579168
0.00459956
0.00325612
0.00181348
0.000326045
-0.00115224
-0.00256905
-0.00387385
-0.00501802
-0.00595575
-0.00664612
-0.00705597
-0.00716285
-0.00695749
-0.00644538
-0.00564736
-0.00459912
-0.00334939
-0.00195675
-0.000485551
0.000998408
0.00243143
0.00375451
0.00491497
0.00586746
0.00657416
0.00700392
0.00713068
0.00693258
0.0063933
0.00550608
0.00427923
0.0027407
0.000939723
-0.00105529
-0.00316163
-0.00528826
-0.00734139
-0.00922891
-0.010864
-0.0121683
-0.0130757
-0.0135359
-0.0135183
-0.0130151
-0.0120417
-0.0106346
-0.0088468
-0.00674297
-0.00439763
-0.00439763
-0.00189694
0.000657655
0.00314803
0.00544434
0.00741722
0.00895451
0.00997699
0.0104481
0.0103751
0.00980318
0.00880478
0.00746797
0.00588529
0.00414442
0.00232133
0.000476953
-0.00134221
-0.00309952
-0.00476082
-0.00628639
-0.00762526
-0.00871448
-0.0094842
-0.0098671
-0.00980946
-0.00928084
-0.00828087
-0.00684215
-0.00502979
-0.00293776
-0.00068238
0.00160679
0.00379795
0.00576847
0.00741495
0.00866029
0.00945692
0.00978628
0.00965554
0.00909306
0.00814391
0.00686647
0.00532991
0.0036121
0.00179735
-2.65583e-05
-0.00177159
-0.00335302
-0.00469309
-0.00572488
-0.00639603
-0.00667165
-0.00653548
-0.00598889
-0.00504869
-0.00374592
-0.00212743
-0.000260372
0.00176299
0.0038241
0.00578322
0.00749084
0.00880279
0.00959594
0.00978138
0.00931375
0.00819577
0.00647779
0.00425265
0.00164696
-0.00118957
-0.00409489
-0.00690481
-0.00946222
-0.0116258
-0.0132781
-0.0143321
-0.0147352
-0.0144706
-0.0135549
-0.0120342
-0.00997858
-0.00747671
-0.00463281
-0.00156588
0.00158881
0.00467917
0.00754069
0.0100078
0.0119307
0.0131925
0.0137213
0.0134948
0.0125361
0.0109076
0.0087025
0.00604041
0.00306284
-7.05728e-05
-0.00318727
-0.00610911
-0.00866209
-0.010688
-0.0120568
-0.0126767
-0.0125004
-0.0115253
-0.00978974
-0.00736721
-0.00436135
-0.000903658
0.00284788
0.00671139
0.0104871
0.0139677
0.0169515
0.0192572
0.0207382
0.0212938
0.0208755
0.0194893
0.0171938
0.0140964
0.0103475
0.00613391
0.00167027
-0.00281255
-0.00708071
-0.0109121
-0.0141108
-0.0165206
-0.0180351
-0.0186048
-0.0182381
-0.0169962
-0.0149839
-0.0123372
-0.00921201
-0.00577453
-0.00219365
0.00136509
0.0047449
0.00780279
0.010414
0.0124758
0.0139099
0.0146644
0.0147155
0.0140675
0.0127527
0.0108302
0.00838348
0.00551714
0.00235312
-0.000973999
-0.00432193
-0.00754569
-0.0105024
-0.0130563
-0.0150845
-0.0164841
-0.0171791
-0.0171269
-0.0163216
-0.0147949
-0.0126133
-0.00987366
-0.00669843
-0.00323022
0.000374021
0.00395006
0.00733488
0.0103762
0.0129417
0.0149264
0.0162555
0.0168836
0.0167903
0.0159758
0.0144589
0.0122804
0.00950863
0.00624671
0.00263486
-0.00115349
-0.00492279
-0.00847107
-0.0116062
-0.0141599
-0.015997
-0.0170216
-0.017181
-0.0164683
-0.0149248
-0.01264
-0.00974772
-0.00641757
-0.002842
0.000779222
0.00425514
0.00741763
0.0101312
0.0122973
0.0138541
0.0147725
0.0150521
0.0147176
0.0138168
0.0124188
0.0106103
0.00848979
0.0061598
0.00371937
0.00125881
-0.00114253
-0.00341564
-0.00549924
-0.00733706
-0.00887623
-0.010068
-0.0108706
-0.0112537
-0.0112025
-0.0107206
-0.00983004
-0.00857006
-0.00699376
-0.00516487
-0.00315499
-0.00104207
0.00108998
0.00315148
0.00504824
0.00668531
0.00797329
0.00883604
0.0092184
0.00909194
0.00845831
0.00734972
0.00582703
0.00397574
0.00190042
-0.000281847
-0.00244847
-0.00447853
-0.0062603
-0.00769895
-0.0087238
-0.00929321
-0.00939558
-0.00904574
-0.00827815
-0.0071396
-0.00568372
-0.00396857
-0.00205665
-1.59177e-05
0.00207954
0.00414994
0.00611154
0.00787972
0.00937322
0.0105193
0.011259
0.011552
0.0113802
0.0107508
0.00969633
0.00827446
0.00656407
0.00465971
0.00266349
0.000675579
-0.0012152
-0.00293867
-0.00444698
-0.00571394
-0.00673104
-0.00750188
-0.00803676
-0.00834872
-0.00845078
-0.00835409
-0.00806671
-0.00759356
-0.00693799
-0.00610488
-0.00510449
-0.00395573
-0.00268796
-0.00134113
3.52217e-05
0.0013836
0.00264072
0.00374059
0.00461893
0.00521853
0.00549508
0.00542262
0.00499767
0.0042413
0.00319835
0.0019339
0.000527577
-0.000933045
-0.00235887
-0.00366476
-0.00477416
-0.00562332
-0.0061655
-0.00637461
-0.00624735
-0.00580295
-0.00508029
-0.00413307
-0.00302429
-0.00182123
-0.000591617
0.000599291
0.00169148
0.00263345
0.00263345
0.00338573
0.00392396
0.00424031
0.00434286
0.00425308
0.00400221
0.00362756
0.00316922
0.00266749
0.00216081
0.00168405
0.00126685
0.00093195
0.000693415
0.000554894
0.000508575
0.000535184
0.00060504
0.00067994
0.000715945
0.000667648
0.00049445
0.00016838
-0.000318486
-0.000949738
-0.00168538
-0.0024675
-0.0032289
-0.0039018
-0.00442459
-0.00474595
-0.00482707
-0.00464313
-0.00418515
-0.00346231
-0.002504
-0.00135972
-9.54229e-05
0.001214
0.00249432
0.00368048
0.00472153
0.00558059
0.00623149
0.0066544
0.00683356
0.00675789
0.00642424
0.00584121
0.00503161
0.00403242
0.00289173
0.00166361
0.000402424
-0.000841904
-0.00202635
-0.00311496
-0.00407764
-0.00488881
-0.00552686
-0.00597457
-0.00621987
-0.00625633
-0.00608324
-0.00570517
-0.00513165
-0.0043769
-0.00346015
-0.00240676
-0.00125019
-3.43252e-05
0.00118535
0.00234329
0.00336914
0.00419558
0.00476692
0.00504559
0.00501537
0.00468123
0.00406696
0.00321194
0.00216773
0.000994498
-0.000242549
-0.00147695
-0.00264455
-0.00368673
-0.00455316
-0.00520366
-0.00560941
-0.00575321
-0.00562953
-0.00524475
-0.00461767
-0.00377971
-0.00277406
-0.00165295
-0.000473128
0.000709512
0.00184487
0.00289205
0.0038209
0.00461217
0.00525673
0.00575438
0.00611216
0.00634216
0.00645856
0.00647438
0.00639867
0.00623495
0.00598146
0.00563285
0.00518274
0.00462612
0.00396131
0.00319121
0.0023241
0.00137421
0.000361853
-0.000686941
-0.00174123
-0.00276621
-0.00372434
-0.00457654
-0.00528387
-0.00580998
-0.00612404
-0.00620366
-0.00603731
-0.00562548
-0.00498093
-0.00412812
-0.0031025
-0.0019498
-0.000725094
0.000508891
0.00168471
0.00273437
0.00359413
0.00420928
0.00453794
0.00455348
0.00424557
0.00362033
0.00270017
0.00152368
0.000145308
-0.00136583
-0.00292887
-0.00445605
-0.00585891
-0.00705486
-0.0079729
-0.00855769
-0.00877196
-0.00859777
-0.00803723
-0.00711316
-0.00586934
-0.00436956
-0.0026947
-0.000937687
0.000803389
0.00243303
0.00386573
0.00503193
0.00588178
0.0063864
0.00653705
0.0063429
0.00582805
0.00502853
0.00398953
0.00276303
0.0014058
-2.23437e-05
-0.00146015
-0.00284646
-0.00412189
-0.00523078
-0.0061233
-0.00675754
-0.00710155
-0.00713512
-0.00685132
-0.00625773
-0.00537698
-0.00424625
-0.00291557
-0.00144479
0.000100491
0.00165358
0.00315175
0.00454113
0.00578081
0.00684468
0.00772026
0.00840486
0.00890048
0.00920964
0.00933332
0.00927122
0.00902354
0.00859326
0.00798784
0.00721945
0.00630399
0.00525935
0.00410451
0.00286025
0.00155163
0.000210768
-0.00112176
-0.00239809
-0.0035667
-0.00457724
-0.00538501
-0.00595424
-0.00625967
-0.00628724
-0.00603431
-0.00550979
-0.00473431
-0.00374032
-0.00257159
-0.00128164
6.90429e-05
0.00141669
0.00269816
0.00385415
0.00483145
0.00558439
0.00607611
0.00627995
0.00618142
0.00578044
0.00509329
0.00415353
0.00301093
0.00172837
0.000376943
-0.00096979
-0.00224159
-0.00337659
-0.00432514
-0.00505221
-0.00553826
-0.00577868
-0.00578169
-0.00556529
-0.00515348
-0.00457278
-0.00384971
-0.00300983
-0.00207832
-0.00108195
-5.15709e-05
0.000975719
0.00195578
0.00283872
0.00357224
0.00410662
0.00440031
0.00442533
0.00417167
0.00364977
0.00289059
0.001943
0.000868885
-0.000263007
-0.0013834
-0.00242777
-0.00334018
-0.00407558
-0.00460103
-0.00489615
-0.00495304
-0.00477556
-0.00437816
-0.00378431
-0.00302453
-0.00213454
-0.00115351
-0.000122717
0.000915548
0.00191895
0.00284625
0.00365888
0.00432291
0.00481125
0.00510557
0.0051976
0.00508947
0.00479315
0.00432915
0.00372484
0.00301269
0.00222873
0.00141121
0.000599357
-0.000168173
-0.00085545
-0.00143208
-0.00187612
-0.0021762
-0.00233222
-0.00235434
-0.00226087
-0.00207555
-0.00182514
-0.00153734
-0.00123881
-0.000953048
-0.00069816
-0.000485229
-0.000318015
-0.000194609
-0.00011091
-6.49306e-05
-6.04001e-05
-0.000108185
-0.000108185
-0.00022486
-0.000428747
-0.000734546
-0.00114811
-0.00166286
-0.00225875
-0.00290363
-0.00355618
-0.00416916
-0.00469247
-0.00507595
-0.0052724
-0.00524152
-0.00495463
-0.00440016
-0.00358838
-0.00255385
-0.00135415
-6.42733e-05
0.00123221
0.00245309
0.00352602
0.00439359
0.00501454
0.00536218
0.00542185
0.0051891
0.00466959
0.00388044
0.00285222
0.00163066
0.00027679
-0.00113519
-0.00252265
-0.00380125
-0.00489229
-0.00572925
-0.00626225
-0.00646002
-0.00631013
-0.00581816
-0.00500679
-0.00391472
-0.00259511
-0.00111286
0.000459368
0.00204626
0.00357508
0.00497997
0.00620405
0.00719925
0.00792438
0.00834324
0.00842433
0.00814339
0.00748826
0.00646487
0.00510214
0.00345385
0.00159637
-0.000377396
-0.00236646
-0.00427059
-0.00599772
-0.007469
-0.00862124
-0.00940751
-0.00979683
-0.00977397
-0.00933944
-0.0085097
-0.00731694
-0.00580786
-0.00404127
-0.00208493
-1.23746e-05
0.00209951
0.00417156
0.00612275
0.00787091
0.00933515
0.0104404
0.0111233
0.0113388
0.0110649
0.0103051
0.00908842
0.00746682
0.00551127
0.00330732
0.000950664
-0.00145665
-0.00380931
-0.00600151
-0.00793028
-0.00949977
-0.0106267
-0.0112461
-0.0113163
-0.0108218
-0.00977467
-0.00821376
-0.00620325
-0.00383146
-0.00120898
0.00153444
0.00425565
0.00680661
0.00904501
0.0108453
0.0121078
0.0127655
0.0127859
0.0121707
0.0109532
0.00919458
0.00697979
0.00441389
0.00161746
-0.00127872
-0.00414006
-0.00683515
-0.00924284
-0.0112583
-0.0127981
-0.0138027
-0.0142386
-0.0140979
-0.0133969
-0.012175
-0.0104918
-0.0084255
-0.00607027
-0.00353248
-0.000925999
0.00163395
0.00403759
0.00618688
0.0080004
0.00941616
0.0103925
0.0109076
0.0109584
0.0105591
0.00974006
0.00854642
0.00703652
0.00528006
0.00335541
0.00134646
-0.000660786
-0.00258119
-0.00433266
-0.00583781
-0.00702562
-0.00783381
-0.00821228
-0.0081271
-0.00756443
-0.00653359
-0.0050686
-0.00322806
-0.00109284
0.00123814
0.00365385
0.00603786
0.00827499
0.0102571
0.0118878
0.0130863
0.0137908
0.013961
0.0135802
0.0126559
0.0112194
0.00932325
0.00703853
0.00445136
0.00165958
-0.00123031
-0.00410627
-0.00685432
-0.00936301
-0.0115285
-0.0132597
-0.0144834
-0.0151479
-0.0152263
-0.0147173
-0.0136457
-0.0120599
-0.0100293
-0.00763964
-0.00498836
-0.0021802
0.000677109
0.00347649
0.0061149
0.00849649
0.0105357
0.0121598
0.013311
0.0139472
0.0140433
0.013592
0.0126052
0.0111156
0.00917753
0.00686577
0.004273
0.00150514
-0.00132438
-0.00410072
-0.00671298
-0.0090582
-0.0110437
-0.0125885
-0.0136249
-0.0141013
-0.0139858
-0.0132705
-0.0119738
-0.0101416
-0.00784494
-0.0051762
-0.00224477
0.000827666
0.00391126
0.00687201
0.00957637
0.0118969
0.0137191
0.0149482
0.0155163
0.0153864
0.0145553
0.0130528
0.0109392
0.00830085
0.00524601
0.00189958
-0.00160151
-0.00511354
-0.00849185
-0.0115973
-0.0143031
-0.0165007
-0.018104
-0.019052
-0.0193084
-0.0188623
-0.0177269
-0.0159399
-0.0135624
-0.0106777
-0.00738903
-0.0038164
-9.27869e-05
0.00364048
0.00723926
0.0105629
0.0134804
0.015876
0.0176528
0.0187366
0.0190787
0.0186598
0.0174938
0.0156297
0.0131515
0.0101739
0.00683599
0.0032913
-0.00030133
-0.00378723
-0.00702351
-0.0098845
-0.0122649
-0.0140814
-0.0152727
-0.0158005
-0.0156504
-0.0148332
-0.0133862
-0.0113725
-0.00887884
-0.00601143
-0.0028913
0.000351232
0.00358165
0.00666627
0.00947709
0.0118967
0.0138227
0.0151723
0.0158854
0.0159282
0.0152954
0.0140108
0.012127
0.00972289
0.00689948
0.00377501
0.000479774
-0.00284899
-0.00607223
-0.00905458
-0.0116703
-0.0138098
-0.0153858
-0.0163384
-0.0166388
-0.0162897
-0.015324
-0.0138008
-0.0118005
-0.00941918
-0.00676366
-0.00394758
-0.00108796
0.00169827
0.00429823
0.00429823
0.00660766
0.00853568
0.0100091
0.0109758
0.0114067
0.0112964
0.0106636
0.00954922
0.00801506
0.00614123
0.00402282
0.00176579
-0.000518031
-0.00271666
-0.00472407
-0.00644624
-0.00780652
-0.00874982
-0.00924496
-0.00928505
-0.00888624
-0.00808516
-0.00693582
-0.00550631
-0.00387544
-0.00212921
-0.000356673
0.00135467
0.00292385
0.00428094
0.00537052
0.00615348
0.00660713
0.00672397
0.00650985
0.00598213
0.00516848
0.00410614
0.00284142
0.00142875
-7.10951e-05
-0.00159356
-0.0030735
-0.00444827
-0.0056602
-0.00665815
-0.00739843
-0.00784548
-0.00797258
-0.00776251
-0.00720827
-0.00631381
-0.0050953
-0.00358281
-0.00182149
0.000128587
0.00219471
0.00429557
0.00634608
0.00826163
0.00996121
0.0113697
0.0124203
0.0130582
0.0132446
0.0129613
0.0122138
0.0110329
0.00947271
0.00760722
0.00552462
0.00332108
0.00109455
-0.00106104
-0.00306098
-0.00483405
-0.00632534
-0.00749733
-0.00832924
-0.00881534
-0.00896257
-0.00878784
-0.00831524
-0.00757338
-0.00659341
-0.00540827
-0.00405321
-0.00256706
-0.000993519
0.000618604
0.00221644
0.00374534
0.00515175
0.00638594
0.00740396
0.00816882
0.008651
0.00882915
0.00869114
0.00823577
0.00747439
0.00643189
0.00514651
0.00366818
0.00205594
0.000375118
-0.00130544
-0.00291572
-0.00438695
-0.00565438
-0.00666055
-0.00735885
-0.00771685
-0.00771879
-0.00736677
-0.00668054
-0.00569619
-0.00446397
-0.00304554
-0.00151093
6.48937e-05
0.0016056
0.00303714
0.00429129
0.00530903
0.00604347
0.00646222
0.00654918
0.00630528
0.00574825
0.00491103
0.00383925
0.00258772
0.00121676
-0.000211393
-0.00163566
-0.00299857
-0.00424829
-0.00534029
-0.00623882
-0.00691811
-0.00736314
-0.00756985
-0.00754449
-0.00730178
-0.00686175
-0.00624581
-0.00547328
-0.00456019
-0.00352089
-0.00237192
-0.00113598
0.000155837
0.00146476
0.00274735
0.00395956
0.00506009
0.00601221
0.00678398
0.00734759
0.0076791
0.0077594
0.00757667
0.00712977
0.00643132
0.00550895
0.00440406
0.00316816
0.00185814
0.000531771
-0.000755599
-0.00195296
-0.00301485
-0.0039026
-0.00458608
-0.00504586
-0.00527538
-0.00528207
-0.00508706
-0.00472278
-0.00422881
-0.00364677
-0.00301551
-0.00236785
-0.0017298
-0.00112178
-0.000560887
-6.28471e-05
0.000357313
0.000686035
0.000912823
0.00103177
0.00104218
0.000948178
0.000757493
0.000480227
0.000128061
-0.000285755
-0.000745713
-0.0012331
-0.00172546
-0.00219692
-0.00261969
-0.00296613
-0.00321103
-0.0033332
-0.00331634
-0.0031494
-0.00282688
-0.00234968
-0.00172658
-0.000975925
-0.000126649
0.000782369
0.0017049
0.00259153
0.00339442
0.00407147
0.00458917
0.00492396
0.00506245
0.00500091
0.0047447
0.00430767
0.00371151
0.00298475
0.00216142
0.00127892
0.000375472
-0.00051259
-0.00135305
-0.00211917
-0.00279011
-0.00335063
-0.00379055
-0.00410434
-0.00429068
-0.00435186
-0.00429273
-0.0041194
-0.00383829
-0.00345575
-0.0029786
-0.00241514
-0.00177622
-0.00107592
-0.000331725
0.000435889
0.00120404
0.00194819
0.00264283
0.00326232
0.003782
0.00417961
0.00443702
0.00454169
0.00448756
0.00427507
0.00391036
0.00340419
0.00277116
0.00202936
0.00120068
0.0003116
-0.000605828
-0.00151303
-0.00236493
-0.00311162
-0.0037022
-0.0040902
-0.00423974
-0.004131
-0.00376373
-0.00315811
-0.00235295
-0.00140177
-0.000367874
0.000680938
0.00167754
0.00256047
0.00327866
0.00379563
0.00409224
0.0041675
0.00403691
0.00372901
0.0032808
0.00273338
0.00212852
0.00150639
0.00090436
0.000356118
-0.000109558
-0.000470835
-0.000715411
-0.00084276
-0.000864924
-0.000805221
-0.000695074
-0.000569778
-0.000464184
-0.000408787
-0.000426297
-0.000528693
-0.000715203
-0.000971869
-0.00127309
-0.00158487
-0.00186892
-0.00208699
-0.00220466
-0.00219502
-0.002042
-0.00174327
-0.00131166
-0.000774463
-0.000170442
0.000454809
0.00105381
0.00158144
0.00199787
0.00227018
0.00227018
0.00237316
0.00228979
0.00201163
0.00153943
0.000883856
6.64322e-05
-0.000879453
-0.00190789
-0.00296098
-0.00397122
-0.00486592
-0.00557308
-0.00602743
-0.0061756
-0.00597977
-0.00541973
-0.0044938
-0.00321927
-0.0016324
0.000211755
0.00223986
0.00436138
0.00647081
0.00845202
0.010185
0.0115546
0.0124596
0.0128205
0.0125845
0.0117283
0.0102581
0.00820882
0.00564366
0.00265335
-0.000644016
-0.00410456
-0.00756284
-0.0108402
-0.013757
-0.0161462
-0.0178664
-0.0188116
-0.0189156
-0.0181537
-0.0165415
-0.0141344
-0.0110267
-0.00735115
-0.00327583
0.00100261
0.00527031
0.00931088
0.0129213
0.0159263
0.0181893
0.0196187
0.0201697
0.0198428
0.0186798
0.0167597
0.014194
0.0111213
0.00770061
0.00410353
0.00050395
-0.00293165
-0.00605271
-0.0087305
-0.0108614
-0.0123683
-0.0132008
-0.0133362
-0.0127803
-0.0115681
-0.00976462
-0.00746385
-0.00478582
-0.00187173
0.00112301
0.00403723
0.00671332
0.00900656
0.0107936
0.0119794
0.0125019
0.012335
0.0114885
0.0100068
0.00796639
0.00547039
0.00264321
-0.000376962
-0.00344625
-0.00642333
-0.0091771
-0.0115929
-0.0135765
-0.0150568
-0.015986
-0.0163394
-0.0161157
-0.0153361
-0.0140442
-0.0123032
-0.0101899
-0.00778489
-0.00516609
-0.00241578
0.000368482
0.00307507
0.00559338
0.00782874
0.00970853
0.0111814
0.0122118
0.0127739
0.0128504
0.0124376
0.011552
0.0102326
0.00853857
0.00654555
0.00434355
0.00203394
-0.000275711
-0.0024784
-0.00447319
-0.00616848
-0.00748481
-0.00835891
-0.00874925
-0.00864169
-0.00805275
-0.00702886
-0.00564164
-0.00398075
-0.00214626
-0.000241604
0.00163272
0.00338445
0.00493295
0.00621077
0.00716381
0.00775146
0.00794755
0.00774205
0.00714282
0.00617636
0.00488714
0.00333527
0.00159302
-0.00025953
-0.00213917
-0.00396385
-0.00565592
-0.00714393
-0.00836305
-0.00925558
-0.00977236
-0.00987571
-0.00954326
-0.00877165
-0.00757877
-0.00600403
-0.00410656
-0.00196208
0.000340864
0.00270452
0.00502536
0.00719759
0.00911758
0.0106894
0.0118316
0.0124839
0.0126133
0.0122169
0.0113222
0.00998388
0.00827845
0.00629763
0.00414241
0.0019179
-0.000270935
-0.00232296
-0.00414467
-0.00565436
-0.00678642
-0.00749525
-0.007758
-0.00757563
-0.00697216
-0.00599248
-0.00469953
-0.00317144
-0.00149883
0.000218226
0.00187424
0.00336357
0.00458671
0.00545709
0.0059075
0.00589596
0.00541052
0.00447251
0.00313694
0.00148919
-0.000362074
-0.00229442
-0.00418182
-0.0059036
-0.00735154
-0.00843509
-0.00908563
-0.00926027
-0.008945
-0.00815662
-0.00694225
-0.00537594
-0.00355231
-0.0015785
0.000434305
0.00237812
0.00415358
0.00567361
0.00686627
0.00767771
0.00807528
0.0080501
0.0076179
0.00681754
0.00570725
0.0043595
0.00285569
0.00128141
-0.000277501
-0.00173866
-0.00302675
-0.00407726
-0.0048397
-0.00528023
-0.00538306
-0.00515069
-0.00460298
-0.00377513
-0.00271511
-0.00148066
-0.000136397
0.00124912
0.00260609
0.00386613
0.00496471
0.00584327
0.00645094
0.00674598
0.00669733
0.00628633
0.00550859
0.00437553
0.00291511
0.00117155
-0.000795882
-0.00291455
-0.00510049
-0.00726081
-0.00929713
-0.0111105
-0.0126073
-0.0137058
-0.014342
-0.0144736
-0.0140821
-0.0131741
-0.0117799
-0.00995261
-0.007766
-0.00531174
-0.00269561
-3.25201e-05
0.00255957
0.00496646
0.00708444
0.00882607
0.0101244
0.0109351
0.0112376
0.011034
0.0103482
0.00922432
0.00772464
0.00592734
0.00392315
0.00181122
-0.000305699
-0.0023265
-0.00415681
-0.00571365
-0.00692921
-0.00775376
-0.00815754
-0.00813162
-0.0076877
-0.006857
-0.00568815
-0.00424432
-0.00259962
-0.000835111
0.000965373
0.00271939
0.00434975
0.00578785
0.00697654
0.00787215
0.00844579
0.00868395
0.00858837
0.00817552
0.00747554
0.00653082
0.00539397
0.00412523
0.00278909
0.00145053
0.00145053
0.000171101
-0.000994485
-0.00200093
-0.00281392
-0.00341083
-0.00378061
-0.00392329
-0.00384906
-0.00357707
-0.0031338
-0.00255136
-0.00186551
-0.00111397
-0.0003348
0.000434876
0.00115989
0.00180792
0.00235022
0.00276249
0.00302579
0.00312787
0.00306464
0.00284154
0.00247432
0.00198847
0.00141739
0.000799381
0.000174193
-0.000420131
-0.000949742
-0.00138666
-0.00170982
-0.00190563
-0.00196833
-0.00190004
-0.00171068
-0.00141752
-0.00104408
-0.000618391
-0.000170674
0.000269172
0.000673694
0.00101937
0.00128747
0.00146452
0.00154275
0.00152035
0.0014017
0.00119697
0.000921275
0.000593229
0.000233089
-0.000139127
-0.000505212
-0.000849704
-0.00116011
-0.0014266
-0.00164146
-0.00179877
-0.00189437
-0.00192606
-0.00189388
-0.0018001
-0.00164892
-0.00144618
-0.00119894
-0.000915454
-0.000605342
-0.000279921
4.74935e-05
0.000361695
0.000646263
0.000884816
0.00106263
0.0011682
0.00119444
0.00113906
0.00100435
0.000796483
0.000524743
0.000201106
-0.000159753
-0.000540287
-0.000920169
-0.00127704
-0.0015879
-0.001831
-0.00198758
-0.00204335
-0.00198949
-0.00182304
-0.00154716
-0.00117125
-0.000710985
-0.000188072
0.000370612
0.000934683
0.00147261
0.00195435
0.00235381
0.00265053
0.00283056
0.0028866
0.00281753
0.00262779
0.0023265
0.00192678
0.00144499
0.00090013
0.000313299
-0.000292934
-0.000895139
-0.00146965
-0.00199314
-0.0024433
-0.00279956
-0.00304413
-0.0031631
-0.00314762
-0.00299465
-0.00270741
-0.0022953
-0.00177335
-0.00116123
-0.000482066
0.00023899
0.000976027
0.00170347
0.00239688
0.00303345
0.00359246
0.00405564
0.00440764
0.00463639
0.00473347
0.00469433
0.00451838
0.00420915
0.0037742
0.00322522
0.00257801
0.00185251
0.0010726
0.000265586
-0.000538877
-0.0013103
-0.00201906
-0.00263788
-0.00314286
-0.00351404
-0.00373584
-0.00379756
-0.00369424
-0.00342755
-0.00300648
-0.00244749
-0.00177385
-0.00101435
-0.000201491
0.000630469
0.00144737
0.00221671
0.0029089
0.00349819
0.00396339
0.00428839
0.00446253
0.0044807
0.00434312
0.00405495
0.00362587
0.00306966
0.00240387
0.00164953
0.000830706
-2.59954e-05
-0.000892067
-0.00173764
-0.00253194
-0.00324376
-0.00384231
-0.00429867
-0.00458807
-0.00469239
-0.0046017
-0.00431369
-0.00383242
-0.00316866
-0.00234189
-0.00138156
-0.000326582
0.000776456
0.00187575
0.00291724
0.00384759
0.00461714
0.00518305
0.00551266
0.0055861
0.00539747
0.00495438
0.00427683
0.00339597
0.00235289
0.00119669
-1.81512e-05
-0.00123502
-0.00239832
-0.0034564
-0.00436406
-0.00508466
-0.00559171
-0.00586975
-0.00591449
-0.00573205
-0.00533763
-0.00475395
-0.00400968
-0.00313811
-0.00217585
-0.00116182
-0.000136447
0.000858936
0.00178276
0.00259422
0.00325483
0.00373049
0.00399376
0.00402597
0.00381885
0.0033757
0.00271197
0.00185563
0.000846914
-0.000262892
-0.00141393
-0.00254152
-0.00358076
-0.00447104
-0.00515995
-0.005606
-0.00578008
-0.00566627
-0.00526194
-0.00457783
-0.0036378
-0.00247839
-0.00114774
0.000296152
0.00178798
0.00325848
0.00463817
0.0058612
0.00686868
0.00761128
0.00805111
0.00816302
0.00793587
0.00737361
0.00649607
0.00533896
0.00395245
0.00239838
0.000746346
-0.00093067
-0.0025605
-0.00407531
-0.00541435
-0.00652584
-0.00736835
-0.00791186
-0.00813853
-0.00804349
-0.00763531
-0.00693602
-0.00598039
-0.00481427
-0.00349233
-0.00207545
-0.000628079
0.00078421
0.00209708
0.00324993
0.00418863
0.00486834
0.00525621
0.00533349
0.00509677
0.00455833
0.00374561
0.00269987
0.00147436
0.000131659
-0.00125929
-0.00262654
-0.00389832
-0.00500615
-0.00588794
-0.00649125
-0.00677684
-0.00672185
-0.00632189
-0.00559163
-0.00456364
-0.00328615
-0.00182005
-0.000235836
0.00138975
0.00297738
0.00444922
0.0057331
0.00676669
0.00750119
0.00790422
0.00796165
0.00767802
0.00707549
0.00619152
0.00507574
0.00378615
0.00238542
0.000937243
0.000937243
-0.00049667
-0.00185909
-0.00309908
-0.00417332
-0.005047
-0.00569433
-0.00609855
-0.00625156
-0.00615331
-0.0058114
-0.00524086
-0.00446443
-0.00351259
-0.00242337
-0.00124152
-1.71074e-05
0.00119634
0.00234408
0.00337278
0.00423348
0.00488448
0.00529397
0.00544183
0.00532071
0.00493623
0.00430658
0.00346168
0.00244168
0.00129515
7.65345e-05
-0.00115664
-0.00234691
-0.0034399
-0.00438715
-0.00514853
-0.00569394
-0.00600427
-0.00607156
-0.00589829
-0.00549618
-0.00488469
-0.00408972
-0.00314269
-0.00207992
-0.000942052
0.000226977
0.00138148
0.00247615
0.00346839
0.00432043
0.00500086
0.0054855
0.00575778
0.00580893
0.00563825
0.00525358
0.00467159
0.00391778
0.0030257
0.00203545
0.000991653
-5.88105e-05
-0.00106909
-0.00199446
-0.0027943
-0.00343398
-0.0038866
-0.00413446
-0.00417013
-0.00399691
-0.00362856
-0.00308843
-0.00240804
-0.00162525
-0.00078228
7.63919e-05
0.000906185
0.00166469
0.00231391
0.00282216
0.00316552
0.00332842
0.00330361
0.00309151
0.00269949
0.0021412
0.00143619
0.000609657
-0.000307917
-0.00128148
-0.00227251
-0.0032403
-0.00414334
-0.00494074
-0.00559368
-0.0060672
-0.0063322
-0.00636737
-0.00616078
-0.00571083
-0.00502655
-0.00412738
-0.00304257
-0.00181035
-0.000476742
0.000906003
0.00228158
0.00359225
0.00478195
0.00579936
0.00660094
0.00715336
0.00743538
0.00743893
0.00716964
0.0066465
0.00590082
0.00497432
0.00391631
0.00278027
0.00162016
0.000487079
-0.000573311
-0.00152244
-0.0023297
-0.0029728
-0.00343793
-0.0037197
-0.00382103
-0.0037527
-0.00353242
-0.00318353
-0.00273329
-0.0022112
-0.00164759
-0.0010724
-0.000514308
3.40884e-07
0.000448679
0.000812642
0.00108006
0.00124525
0.00130887
0.00127718
0.00116094
0.000974111
0.000732607
0.000453173
0.000152455
-0.000153615
-0.000450128
-0.000723231
-0.000960039
-0.00114864
-0.00127835
-0.00134014
-0.00132735
-0.00123631
-0.00106686
-0.000822855
-0.000512294
-0.000147374
0.000255903
0.000678491
0.00109948
0.00149758
0.00185272
0.00214771
0.00236961
0.00251069
0.00256877
0.00254696
0.00245289
0.00229762
0.00209462
0.00185878
0.00160555
0.00135016
0.00110655
0.000886411
0.000698265
0.000546981
0.000433838
0.000357069
0.000312705
0.000295463
0.000299533
0.000319245
0.000349673
0.000387132
0.000429466
0.000476023
0.000527325
0.000584496
0.000648568
0.000719706
0.00079639
0.000874654
0.000947642
0.00100574
0.00103739
0.00103037
0.000973291
0.000856861
0.000674732
0.000423976
0.000105254
-0.000277162
-0.000715305
-0.00119726
-0.0017067
-0.00222259
-0.00271939
-0.00316833
-0.00353968
-0.00380556
-0.00394272
-0.00393465
-0.00377282
-0.00345745
-0.00299783
-0.0024125
-0.00172878
-0.000981493
-0.00021073
0.000541262
0.00123348
0.00182934
0.00229925
0.00262213
0.00278608
0.00278823
0.00263406
0.00233651
0.00191494
0.00139406
0.000802796
0.00017296
-0.000462112
-0.00106911
-0.00161631
-0.0020751
-0.00242139
-0.00263663
-0.00270863
-0.00263183
-0.00240733
-0.0020426
-0.00155104
-0.000951389
-0.000267024
0.000474836
0.00124407
0.00200865
0.00273575
0.00339293
0.00394938
0.00437711
0.00465205
0.00475512
0.00467333
0.00440102
0.00394109
0.00330599
0.00251814
0.00160934
0.00061909
-0.000407967
-0.00142508
-0.00238645
-0.00324992
-0.00397916
-0.00454524
-0.00492769
-0.00511501
-0.0051047
-0.00490275
-0.00452266
-0.00398417
-0.00331193
-0.00253434
-0.00168256
-0.000789845
0.000109136
0.000979043
0.00178487
0.00249333
0.00307459
0.00350409
0.00376432
0.00384615
0.00374957
0.00348367
0.00306597
0.0025211
0.00187922
0.00117418
0.000441632
-0.000282703
-0.000964644
-0.00157294
-0.00208048
-0.00246528
-0.00271127
-0.00280883
-0.0027551
-0.00255395
-0.00221564
-0.00175626
-0.00119687
-0.000562415
0.000119529
0.000820025
0.00150994
0.00216083
0.00274565
0.00323918
0.00361873
0.00386481
0.00396209
0.00390032
0.00367511
0.00367511
0.00328863
0.00275015
0.00207658
0.00129247
0.000429513
-0.000474912
-0.00137992
-0.00224384
-0.00302707
-0.00369452
-0.00421751
-0.004575
-0.00475397
-0.00474932
-0.00456347
-0.00420574
-0.00369193
-0.00304374
-0.00228806
-0.00145592
-0.000581125
0.000301338
0.00115687
0.00195263
0.00265869
0.00324872
0.00370053
0.00399635
0.00412324
0.00407378
0.00384697
0.00344912
0.00289441
0.00220477
0.00140883
0.000540416
-0.00036349
-0.00126467
-0.00212544
-0.00291001
-0.00358574
-0.00412409
-0.0045018
-0.00470202
-0.00471558
-0.00454183
-0.00418902
-0.00367391
-0.00302075
-0.00225966
-0.00142501
-0.000553667
0.000316442
0.00114772
0.00190421
0.00255309
0.00306617
0.00342151
0.00360481
0.00361037
0.00344136
0.00310951
0.00263407
0.00204045
0.00135872
0.000622089
-0.000134546
-0.000875896
-0.00156758
-0.00217744
-0.00267685
-0.00304211
-0.00325574
-0.00330742
-0.00319463
-0.00292266
-0.00250415
-0.00195836
-0.0013102
-0.000589343
0.00017084
0.000934459
0.00166464
0.00232534
0.00288329
0.00330996
0.00358321
0.00368845
0.0036194
0.00337812
0.0029747
0.00242657
0.0017575
0.000996708
0.000177776
-0.000662337
-0.00148459
-0.00224954
-0.00291938
-0.0034602
-0.00384422
-0.00405158
-0.00407148
-0.00390273
-0.0035535
-0.00304071
-0.00238896
-0.00162923
-0.000797533
6.67739e-05
0.000922786
0.00173008
0.00245084
0.00305182
0.003506
0.00379378
0.00390358
0.00383209
0.00358409
0.00317215
0.00261607
0.00194227
0.0011828
0.000374028
-0.000445141
-0.00123534
-0.00195902
-0.00258256
-0.00307806
-0.00342469
-0.00360943
-0.00362729
-0.00348122
-0.00318158
-0.00274553
-0.00219604
-0.00156084
-0.000871011
-0.000159308
0.00054159
0.00120083
0.00179083
0.00228841
0.00267546
0.00293933
0.00307303
0.00307526
0.00295035
0.0027079
0.00236228
0.00193183
0.00143782
0.00090336
0.000352172
-0.000192591
-0.0007094
-0.00117918
-0.00158586
-0.00191664
-0.00216201
-0.0023157
-0.00237453
-0.00233841
-0.00221046
-0.0019973
-0.00170925
-0.00136049
-0.000968735
-0.000554548
-0.0001401
0.000252367
0.000602274
0.000892387
0.00111018
0.00124868
0.0013066
0.00128788
0.00120073
0.00105647
0.000868327
0.000650376
0.000416732
0.000180896
-4.47231e-05
-0.000249162
-0.000423134
-0.000559124
-0.000651374
-0.000695745
-0.000689544
-0.000631454
-0.000521659
-0.000362231
-0.00015773
8.41976e-05
0.000352514
0.000633038
0.000909342
0.00116415
0.00138093
0.00154532
0.0016462
0.00167636
0.00163273
0.00151639
0.00133239
0.0010893
0.000798789
0.000474908
0.0001333
-0.000209754
-0.000538418
-0.000838409
-0.00109795
-0.00130838
-0.00146424
-0.00156291
-0.00160381
-0.00158776
-0.00151661
-0.00139326
-0.00122208
-0.00100926
-0.000763011
-0.000493275
-0.000211245
7.12926e-05
0.000342504
0.000590868
0.00080539
0.000975838
0.00109315
0.00115009
0.00114196
0.00106751
0.000929472
0.000734862
0.000494623
0.000222791
-6.4719e-05
-0.000351444
-0.000621596
-0.000860984
-0.00105761
-0.00120202
-0.00128749
-0.00131022
-0.0012694
-0.00116722
-0.00100869
-0.000801118
-0.000553422
-0.000275276
2.35984e-05
0.00033387
0.000646701
0.000953627
0.00124639
0.00151688
0.00175732
0.00196063
0.00212091
0.00223389
0.00229701
0.0023093
0.002271
0.00218315
0.00204747
0.00186653
0.00164413
0.00138571
0.00109844
0.000791067
0.000473324
0.000155221
-0.000153714
-0.000445033
-0.000711686
-0.000948027
-0.00114956
-0.0013126
-0.00143411
-0.00151175
-0.00154424
-0.0015318
-0.00147655
-0.00138267
-0.00125632
-0.00110546
-0.00093942
-0.00076846
-0.000603238
-0.000454125
-0.000330346
-0.000238994
-0.000184097
-0.00016599
-0.000181205
-0.000222965
-0.000282142
-0.00034843
-0.000411457
-0.000461651
-0.000490803
-0.000492364
-0.000461586
-0.000395566
-0.000293249
-0.000155416
1.53361e-05
0.000214674
0.000436712
0.000674313
0.000919487
0.00116385
0.00139903
0.00161706
0.00181068
0.00197361
0.00210073
0.00218823
0.00223358
0.00223358
0.00223545
0.00219355
0.00210851
0.00198176
0.00181551
0.00161274
0.00137727
0.00111382
0.000828095
0.000526692
0.000216784
-9.43418e-05
-0.000399859
-0.000693876
-0.00097167
-0.00122964
-0.00146497
-0.00167527
-0.00185812
-0.00201094
-0.00213096
-0.00221538
-0.0022616
-0.00226748
-0.00223164
-0.00215377
-0.00203482
-0.00187723
-0.00168485
-0.00146283
-0.00121734
-0.000955278
-0.000683994
-0.00041094
-0.000143327
0.000112251
0.000350149
0.000565873
0.000756116
0.000918637
0.00105203
0.00115551
0.0012287
0.00127153
0.00128421
0.0012673
0.00122189
0.00114977
0.00105361
0.000937023
0.000804495
0.000661351
0.000513647
0.000368012
0.000231304
0.000110054
9.75499e-06
-6.58077e-05
-0.000114999
-0.000138433
-0.000138752
-0.000120247
-8.84234e-05
-4.95974e-05
-1.04917e-05
2.21697e-05
4.20697e-05
4.36817e-05
2.25904e-05
-2.42795e-05
-9.85408e-05
-0.000200314
-0.000328252
-0.000479537
-0.000649797
-0.000832891
-0.00102069
-0.00120311
-0.0013685
-0.0015046
-0.00159966
-0.00164374
-0.00162969
-0.00155391
-0.00141675
-0.00122259
-0.000979569
-0.000699014
-0.000394602
-8.13785e-05
0.000225241
0.000510422
0.000760777
0.000965148
0.00111524
0.00120603
0.00123584
0.00120616
0.00112115
0.000987086
0.000811839
0.000604495
0.000375044
0.000134135
-0.000107223
-0.000338035
-0.000547816
-0.000727109
-0.000867962
-0.000964221
-0.00101161
-0.00100765
-0.000951462
-0.000843772
-0.000686931
-0.000485166
-0.000244868
2.51428e-05
0.000313512
0.000606551
0.000888831
0.00114418
0.00135694
0.00151318
0.00160175
0.00161493
0.00154878
0.00140328
0.0011823
0.000893608
0.000548738
0.000162674
-0.000246843
-0.000660341
-0.00105792
-0.00142059
-0.0017315
-0.0019768
-0.00214607
-0.00223249
-0.00223276
-0.00214696
-0.00197837
-0.0017334
-0.00142144
-0.0010547
-0.000647716
-0.00021679
0.000220841
0.000647792
0.00104724
0.00140345
0.00170224
0.00193141
0.00208133
0.00214547
0.00212105
0.00200946
0.00181643
0.00155196
0.00122978
0.000866518
0.000480725
9.16833e-05
-0.00028165
-0.000621571
-0.000912391
-0.00114108
-0.00129782
-0.00137652
-0.00137517
-0.00129593
-0.00114498
-0.00093203
-0.000669646
-0.00037235
-5.57216e-05
0.000264501
0.000573228
0.000856694
0.00110297
0.00130233
0.00144748
0.00153373
0.0015591
0.00152424
0.00143223
0.00128821
0.00109897
0.000872534
0.00061785
0.000344577
6.29198e-05
-0.000216529
-0.000482983
-0.000725712
-0.000934399
-0.00109962
-0.00121343
-0.00126994
-0.00126584
-0.00120063
-0.00107676
-0.000899435
-0.000676425
-0.00041785
-0.000135917
0.000155413
0.000440962
0.000705133
0.000932898
0.00111085
0.00122813
0.0012771
0.0012537
0.00115747
0.000991423
0.000761804
0.000477787
0.000151097
-0.000204471
-0.000573684
-0.000940643
-0.00128966
-0.00160616
-0.00187748
-0.00209355
-0.00224732
-0.00233499
-0.00235602
-0.00231298
-0.00221122
-0.00205855
-0.00186479
-0.00164123
-0.00140008
-0.00115378
-0.000914316
-0.000692626
-0.000498041
-0.000337962
-0.000217699
-0.00014044
-0.000107294
-0.00011734
-0.000167655
-0.000253377
-0.000367852
-0.000502937
-0.00064944
-0.000797667
-0.000937996
-0.0010614
-0.00115985
-0.00122652
-0.0012559
-0.00124385
-0.00118759
-0.00108585
-0.000939132
-0.000749936
-0.000522973
-0.000265241
1.41278e-05
0.000304272
0.000593238
0.000868744
0.00111898
0.00133333
0.00150301
0.00162149
0.00168483
0.00169194
0.00164458
0.00154728
0.00140701
0.00123274
0.00103479
0.00082429
0.000612573
0.000410769
0.000229404
7.8044e-05
-3.5133e-05
-0.00010383
-0.000124124
-9.48295e-05
-1.76326e-05
0.000103035
0.000260343
0.000445557
0.0006486
0.000858637
0.00106466
0.00125602
0.00142301
0.00155724
0.00165207
0.00170285
0.0017071
0.00166463
0.00157746
0.00144978
0.00128781
0.0010995
0.000894232
0.000682299
0.000474404
0.000281067
0.000112071
-2.40288e-05
-0.000120319
-0.000171852
-0.000175887
-0.000132002
-4.20902e-05
8.97513e-05
0.00025739
0.000452884
0.000666742
0.000888261
0.00110599
0.00110599
0.00130832
0.00148418
0.0016237
0.00171878
0.00176348
0.00175425
0.00168987
0.00157131
0.00140159
0.00118551
0.000929584
0.000641864
0.000331826
1.01082e-05
-0.000311831
-0.000622104
-0.000908809
-0.00116048
-0.00136654
-0.00151791
-0.00160751
-0.00163085
-0.00158643
-0.00147593
-0.00130424
-0.00107916
-0.000810955
-0.000511735
-0.000194732
0.000126451
0.000438514
0.000729057
0.000987039
0.00120313
0.00136996
0.0014822
0.00153657
0.00153178
0.00146847
0.00134923
0.00117864
0.000963387
0.000712267
0.000435942
0.000146529
-0.000143045
-0.000419768
-0.000671292
-0.000886584
-0.00105647
-0.0011741
-0.00123532
-0.00123898
-0.00118718
-0.00108519
-0.000941224
-0.000765774
-0.000570862
-0.00036915
-0.000173116
5.66238e-06
0.000157066
0.000272847
0.000346908
0.000375458
0.000357063
0.000292615
0.000185264
4.0324e-05
-0.000134851
-0.000331075
-0.000537674
-0.000743009
-0.000935149
-0.00110263
-0.00123517
-0.00132426
-0.00136358
-0.00134924
-0.00127995
-0.00115704
-0.00098452
-0.000769048
-0.000519944
-0.00024904
2.96951e-05
0.000300855
0.00054861
0.000757872
0.000915402
0.00101065
0.00103626
0.000988358
0.000866552
0.000674005
0.000417478
0.000107405
-0.000242166
-0.000613958
-0.000988318
-0.00134453
-0.00166239
-0.00192372
-0.00211366
-0.00222144
-0.00224083
-0.0021702
-0.00201249
-0.0017749
-0.00146855
-0.00110787
-0.000709906
-0.000293361
0.000122466
0.000518843
0.000878713
0.00118762
0.00143428
0.00161089
0.00171305
0.00173967
0.00169279
0.00157742
0.00140137
0.0011751
0.000911207
0.000623865
0.000327943
3.80921e-05
-0.000232142
-0.00047099
-0.000668874
-0.000818569
-0.000915226
-0.000956348
-0.000941792
-0.000873801
-0.000757043
-0.000598622
-0.000408037
-0.000197014
2.08566e-05
0.000230783
0.00041772
0.000567522
0.000668123
0.000710574
0.000689744
0.000604599
0.000458067
0.000256582
9.41424e-06
-0.000272117
-0.000575456
-0.000887573
-0.00119561
-0.00148737
-0.00175158
-0.00197806
-0.00215776
-0.00228297
-0.0023476
-0.00234752
-0.00228099
-0.00214898
-0.00195528
-0.00170649
-0.00141182
-0.00108269
-0.000732275
-0.000374829
-2.49657e-05
0.000303092
0.000596251
0.000843197
0.00103494
0.00116518
0.00123056
0.00123065
0.00116786
0.00104728
0.000876359
0.000664744
0.000423989
0.000167302
-9.08658e-05
-0.000335443
-0.00055158
-0.000725667
-0.000846394
-0.00090571
-0.000899497
-0.000827833
-0.000694821
-0.000508069
-0.000277961
-1.68572e-05
0.000261647
0.000543415
0.000814447
0.00106161
0.0012734
0.00144067
0.00155715
0.00161969
0.00162819
0.00158524
0.00149565
0.00136595
0.00120401
0.00101863
0.000819218
0.000615321
0.000416197
0.000230312
6.49075e-05
-7.43072e-05
-0.000183329
-0.000259897
-0.000303409
-0.000314753
-0.000296122
-0.000250811
-0.000183025
-9.76525e-05
5.48174e-09
0.000104563
0.000210879
0.000314322
0.000410926
0.000497457
0.000571396
0.000630907
0.000674819
0.000702626
0.000714479
0.000711167
0.000694059
0.000665019
0.000626296
0.000580398
0.000529975
0.000477722
0.000426296
0.000378244
0.000335909
0.000301337
0.000276159
0.000261509
0.000258002
0.000265812
0.000284843
0.000314936
0.000356012
0.000408015
0.000470585
0.000542498
0.000621076
0.000701824
0.000778515
0.000843773
0.000889984
0.000910281
0.000899318
0.000853724
0.000772226
0.000655556
0.00050627
0.000328551
0.000128028
-8.84384e-05
-0.000313064
-0.000537564
-0.000753644
-0.000953454
-0.00112991
-0.00127683
-0.00138892
-0.00146177
-0.00149191
-0.00147711
-0.00141661
-0.00131144
-0.00116461
-0.00098105
-0.000767479
-0.000532014
-0.0002837
-3.19333e-05
0.000214096
0.000445891
0.000655971
0.000838008
0.0009868
0.00109816
0.00116883
0.00119655
0.00118028
0.00112044
0.00101919
0.000880511
0.000710102
0.000515079
0.000303582
8.43594e-05
-0.000133631
-0.000341575
-0.000531143
-0.000694834
-0.000826334
-0.00092085
-0.000975362
-0.000988722
-0.000961565
-0.000896067
-0.000795652
-0.000664724
-0.000508492
-0.000332885
-0.000144539
4.92195e-05
0.000240469
0.000240469
0.000420929
0.000582336
0.000716961
0.000818201
0.000881132
0.000902916
0.000883025
0.000823239
0.000727442
0.000601298
0.000451868
0.000287199
0.000115886
-5.33966e-05
-0.00021241
-0.000353925
-0.000472265
-0.000563683
-0.000626497
-0.000660945
-0.000668868
-0.000653296
-0.000618089
-0.00056767
-0.000506854
-0.000440729
-0.000374502
-0.000313279
-0.000261763
-0.000223867
-0.000202295
-0.000198181
-0.000210937
-0.000238362
-0.000276993
-0.000322585
-0.00037061
-0.000416664
-0.000456745
-0.000487433
-0.00050602
-0.000510598
-0.000500133
-0.000474501
-0.000434454
-0.000381521
-0.000317835
-0.000245906
-0.00016839
-8.7905e-05
-6.94692e-06
7.21183e-05
0.00014702
0.000215565
0.000275672
0.00032548
0.000363504
0.000388803
0.000401094
0.000400795
0.000388981
0.00036727
0.000337656
0.00030233
0.000263506
0.000223247
0.000183293
0.000144892
0.000108697
7.47653e-05
4.26708e-05
1.16611e-05
-1.91567e-05
-5.06607e-05
-8.36143e-05
-0.000118611
-0.00015603
-0.000196005
-0.000238406
-0.000282848
-0.000328724
-0.00037525
-0.000421538
-0.00046667
-0.000509754
-0.000549955
-0.000586468
-0.000618476
-0.000645118
-0.000665497
-0.000678757
-0.000684216
-0.000681494
-0.000670615
-0.000652031
-0.000626589
-0.000595455
-0.000560003
-0.000521676
-0.000481819
-0.000441494
-0.000401302
-0.000361248
-0.000320707
-0.000278486
-0.000232935
-0.000182027
-0.000123452
-5.47476e-05
2.64363e-05
0.000121946
0.000232652
0.000358058
0.000496124
0.000643389
0.000795317
0.000946771
0.00109243
0.0012271
0.00134586
0.00144416
0.001518
0.0015641
0.00158013
0.00156489
0.00151844
0.00144202
0.0013379
0.00120927
0.00105998
0.000894403
0.000717275
0.000533573
0.000348418
0.000166947
-5.84587e-06
-0.000165309
-0.000307365
-0.000428713
-0.000526923
-0.000600352
-0.00064789
-0.000668656
-0.000661795
-0.000626513
-0.000562371
-0.000469739
-0.000350255
-0.000207113
-4.50954e-05
0.000129657
0.000310043
0.000488469
0.000657285
0.000809165
0.00093742
0.0010363
0.00110129
0.00112943
0.00111955
0.00107242
0.00099068
0.000878681
0.000742103
0.000587551
0.000422151
0.000253194
8.78624e-05
-6.69869e-05
-0.000205024
-0.000320682
-0.000409438
-0.000468097
-0.000495036
-0.000490332
-0.000455738
-0.000394502
-0.000311092
-0.000210856
-9.96901e-05
1.62468e-05
0.000130784
0.000237968
0.000332279
0.000408874
0.00046386
0.000494585
0.000499894
0.00048028
0.000437856
0.000376147
0.000299732
0.000213831
0.000123914
3.53678e-05
-4.67639e-05
-0.000117986
-0.000174519
-0.000213464
-0.000232958
-0.000232325
-0.000212198
-0.000174531
-0.000122476
-6.01175e-05
7.90015e-06
7.67491e-05
0.000141734
0.000198505
0.000243192
0.000272491
0.000283743
0.000275042
0.000245376
0.000194728
0.000124136
3.56619e-05
-6.77428e-05
-0.000182451
-0.000304407
-0.000429349
-0.000552998
-0.000671187
-0.000779947
-0.000875565
-0.000954655
-0.00101425
-0.00105195
-0.00106603
-0.00105569
-0.00102112
-0.000963521
-0.000885036
-0.000788508
-0.000677276
-0.000555008
-0.000425643
-0.000293378
-0.000162662
-3.81021e-05
7.57296e-05
0.000174603
0.000254954
0.000314146
0.000350632
0.000363984
0.000354825
0.000324708
0.000275981
0.000211657
0.000135289
5.08279e-05
-3.75662e-05
-0.000125737
-0.000209759
-0.000286171
-0.00035223
-0.000406193
-0.000447584
-0.000477323
-0.000497598
-0.000511396
-0.000521819
-0.000531398
-0.000541674
-0.00055315
-0.000565549
-0.000578208
-0.000590395
-0.000601468
-0.000610883
-0.00061816
-0.000622895
-0.00062485
-0.000624099
-0.000621151
-0.000616973
-0.000612884
-0.000610315
-0.000610519
-0.000614319
-0.000621992
-0.000633314
-0.000647734
-0.000664558
-0.000683044
-0.000702335
-0.000721252
-0.000738054
-0.000750341
-0.000755161
-0.000749335
-0.00072991
-0.000694603
-0.000642111
-0.000572235
-0.000485833
-0.000384679
-0.000271323
-0.000148998
-2.15586e-05
0.000106576
0.000230552
0.000345345
0.000446122
0.000528648
0.000589627
0.000626942
0.000639761
0.000628542
0.00059494
0.000541665
0.000472316
0.000391187
0.000303073
0.000213043
0.000126205
4.74325e-05
-1.89206e-05
-6.92873e-05
-0.000101111
-0.000112998
-0.000112998
-0.000104772
-7.74515e-05
-3.32011e-05
2.47559e-05
9.2262e-05
0.000164406
0.000235785
0.000300854
0.000354327
0.000391574
0.000408973
0.000404204
0.000376442
0.0003264
0.000256233
0.000169312
6.98994e-05
-3.71877e-05
-0.000146886
-0.000254148
-0.000354161
-0.000442553
-0.000515558
-0.000570164
-0.000604202
-0.000616365
-0.000606164
-0.000573837
-0.00052022
-0.000446621
-0.000354685
-0.000246313
-0.000123636
1.09366e-05
0.000154653
0.000304373
0.000456531
0.00060713
0.000751746
0.000885562
0.00100349
0.00110043
0.00117166
0.00121327
0.00122259
0.00119848
0.00114144
0.0010536
0.000938572
0.000801251
0.00064754
0.000484032
0.000317675
0.000155388
3.67754e-06
-0.000131777
-0.000246493
-0.000337452
-0.000403205
-0.000443802
-0.000460559
-0.000455749
-0.000432239
-0.000393143
-0.000341529
-0.000280221
-0.000211753
-0.00013842
-6.23831e-05
1.42539e-05
8.94205e-05
0.000161128
0.000227538
0.00028701
0.000338116
0.00037964
0.000410565
0.000430086
0.000437646
0.000433028
0.000416449
0.000388648
0.000350902
0.000304957
0.000252894
0.000196961
0.000139458
8.2658e-05
2.8806e-05
-1.98734e-05
-6.11956e-05
-9.31053e-05
-0.000113826
-0.000122048
-0.000117106
-9.91115e-05
-6.90021e-05
-2.85029e-05
1.99887e-05
7.35789e-05
0.000129079
0.000183208
0.000232771
0.000274817
0.000306764
0.000326516
0.00033259
0.000324236
0.000301546
0.000265499
0.000217933
0.000161395
9.89321e-05
3.38403e-05
-3.05647e-05
-9.11329e-05
-0.000145002
-0.000189673
-0.000223081
-0.000243664
-0.000250476
-0.000243305
-0.000222784
-0.000190466
-0.000148786
-0.000100905
-5.04451e-05
-1.17063e-06
4.33056e-05
7.97615e-05
0.000105544
0.000118708
0.000118143
0.000103669
7.60854e-05
3.71201e-05
-1.07081e-05
-6.42926e-05
-0.00012014
-0.000174539
-0.000223694
-0.000263858
-0.00029148
-0.000303404
-0.000297084
-0.000270785
-0.000223726
-0.000156191
-6.95911e-05
3.34921e-05
0.000149321
0.000273115
0.000399284
0.000521785
0.000634551
0.000731941
0.000809125
0.000862385
0.00088932
0.000888965
0.000861835
0.000809894
0.000736417
0.000645755
0.000543023
0.00043372
0.000323338
0.000217026
0.00011934
3.41019e-05
-3.56786e-05
-8.78283e-05
-0.000121011
-0.000134729
-0.000129327
-0.000105957
-6.64827e-05
-1.33269e-05
5.0736e-05
0.00012278
0.00019987
0.000279136
0.000357801
0.000433179
0.00050269
0.000563889
0.000614514
0.000652551
0.000676308
0.000684502
0.000676362
0.000651726
0.000611101
0.000555673
0.000487286
0.000408374
0.000321865
0.000231051
0.000139437
5.05581e-05
-3.22091e-05
-0.000105827
-0.000167757
-0.000216076
-0.000249551
-0.000267658
-0.000270571
-0.000259117
-0.000234706
-0.000199274
-0.000155219
-0.000105344
-5.28125e-05
-1.07076e-06
4.62871e-05
8.57232e-05
0.000114001
0.000128452
0.00012723
0.000109512
7.55811e-05
2.67985e-05
-3.45242e-05
-0.000105332
-0.00018207
-0.000260931
-0.000338061
-0.000409758
-0.000472669
-0.000523993
-0.000561678
-0.000584578
-0.00059251
-0.000586195
-0.000567072
-0.000537051
-0.000498268
-0.000452906
-0.000403122
-0.000351043
-0.000298799
-0.000248522
-0.00020229
-0.000162031
-0.000129416
-0.000105797
-9.21816e-05
-8.92514e-05
-9.73822e-05
-0.000116637
-0.000146722
-0.00018691
-0.000235963
-0.000292087
-0.00035296
-0.000415837
-0.000477736
-0.00053567
-0.000586862
-0.000628927
-0.000660002
-0.000678817
-0.000684737
-0.000677815
-0.000658825
-0.000629257
-0.000591242
-0.000547419
-0.000500752
-0.000454305
-0.000411026
-0.000373582
-0.000344232
-0.000324748
-0.000316367
-0.000319777
-0.000335106
-0.000361916
-0.000399206
-0.000445389
-0.000498238
-0.000554828
-0.000611522
-0.000664069
-0.000707858
-0.000738297
-0.000751241
-0.000743388
-0.000712588
-0.000658038
-0.000580384
-0.000481731
-0.000365556
-0.000236496
-0.000100033
3.78799e-05
0.000171217
0.000294253
0.000401899
0.00048996
0.000555315
0.00059601
0.000611273
0.000601472
0.000568032
0.000513338
0.000440618
0.000353813
0.000257418
0.0001563
5.54874e-05
-4.00469e-05
-0.000125596
-0.000196932
-0.000250503
-0.000283594
-0.00029444
-0.000282268
-0.000247268
-0.00019051
-0.000113828
-1.97014e-05
-1.97014e-05
8.8826e-05
0.000208213
0.000334481
0.000463274
0.000589943
0.000709674
0.00081767
0.000909388
0.000980817
0.00102875
0.00105101
0.00104661
0.00101581
0.000960202
0.000882659
0.00078732
0.000679428
0.00056503
0.000450498
0.000341936
0.000244557
0.000162205
9.71262e-05
5.00214e-05
2.02983e-05
6.41006e-06
6.16724e-06
1.69673e-05
3.59537e-05
6.01655e-05
8.6726e-05
0.000113061
0.000137087
0.000157316
0.00017284
0.000183221
0.000188303
0.00018802
0.000182236
0.000170676
0.000152949
0.000128677
9.766e-05
6.00507e-05
1.64717e-05
-3.19576e-05
-8.36732e-05
-0.000136777
-0.000189175
-0.000238716
-0.000283328
-0.000321134
-0.000350573
-0.000370545
-0.000380618
-0.000381247
-0.000373924
-0.000361154
-0.000346199
-0.000332601
-0.000323581
-0.000321485
-0.000327452
-0.000341357
-0.000362018
-0.000387547
-0.000415712
-0.000444191
-0.000470681
-0.000492922
-0.000508714
-0.000515996
-0.000513015
-0.00049853
-0.000472
-0.000433684
-0.000384617
-0.00032647
-0.000261361
-0.000191663
-0.000119864
-4.84874e-05
1.99456e-05
8.29362e-05
0.000138102
0.000183364
0.00021722
0.000239033
0.000249259
0.000249499
0.00024232
0.000230913
0.000218679
0.000208866
0.000204313
0.000207355
0.000219825
0.000243077
0.000277962
0.000324733
0.000382855
0.000450751
0.000525578
0.000603178
0.000678283
0.000744987
0.000797366
0.000830102
0.000838951
0.000820984
0.000774638
0.000699693
0.000597241
0.000469705
0.000320875
0.000155921
-1.87204e-05
-0.000195651
-0.000367002
-0.00052504
-0.000662769
-0.000774389
-0.000855554
-0.000903447
-0.000916729
-0.000895459
-0.000841062
-0.000756333
-0.000645426
-0.000513759
-0.0003678
-0.000214717
-6.19099e-05
8.34918e-05
0.000215101
0.000327646
0.000417221
0.000481392
0.00051917
0.000530897
0.000518124
0.000483471
0.000430497
0.000363543
0.000287511
0.000207538
0.000128621
5.52507e-05
-8.86388e-06
-6.09191e-05
-9.89986e-05
-0.000121965
-0.000129329
-0.000121152
-9.79769e-05
-6.08089e-05
-1.10928e-05
4.93148e-05
0.000118194
0.000193038
0.00027116
0.000349817
0.000426324
0.000498149
0.00056297
0.000618685
0.000663418
0.000695536
0.000713707
0.000717009
0.000705068
0.000678175
0.000637329
0.000584206
0.000521054
0.000450531
0.000375517
0.000298948
0.000223653
0.000152226
8.6927e-05
2.96133e-05
-1.83153e-05
-5.59524e-05
-8.29079e-05
-9.93133e-05
-0.000105793
-0.000103403
-9.35445e-05
-7.78755e-05
-5.82127e-05
-3.64527e-05
-1.45186e-05
5.68312e-06
2.23156e-05
3.3682e-05
3.83119e-05
3.50578e-05
2.31879e-05
2.4458e-06
-2.69347e-05
-6.42528e-05
-0.000108384
-0.000157844
-0.000210868
-0.000265502
-0.000319688
-0.000371365
-0.000418564
-0.000459518
-0.000492745
-0.000517114
-0.000531911
-0.000536871
-0.000532191
-0.000518498
-0.0004968
-0.00046841
-0.000434834
-0.000397645
-0.000358357
-0.000318349
-0.00027882
-0.0002408
-0.000205173
-0.0001727
-0.000144068
-0.000119925
-0.000100942
-8.78592e-05
-8.15065e-05
-8.27524e-05
-9.23813e-05
-0.000110944
-0.000138628
-0.000175165
-0.000219809
-0.000271371
-0.000328279
-0.000388654
-0.000450383
-0.000511161
-0.000568506
-0.000619789
-0.000662325
-0.000693537
-0.000711157
-0.000713453
-0.000699398
-0.000668748
-0.000622007
-0.000560323
-0.000485368
-0.000399239
-0.000304376
-0.000203524
-9.96953e-05
3.88205e-06
0.000103862
0.000196917
0.000279909
0.000350085
0.000405285
0.00044413
0.000466165
0.00047194
0.000462989
0.000441731
0.000411272
0.000375174
0.000337168
0.000300805
0.000269071
0.000244002
0.000226397
0.000215749
0.000210421
0.00020801
0.000205784
0.000201084
0.000191607
0.000175541
0.0001516
0.000119016
7.75118e-05
2.72922e-05
-3.09612e-05
-9.60749e-05
-0.000166377
-0.000239731
-0.000313635
-0.00038538
-0.000452256
-0.000511761
-0.0005618
-0.00060085
-0.000628067
-0.00064333
-0.000647179
-0.000640688
-0.000625267
-0.000602454
-0.000573761
-0.000540606
-0.000504302
-0.000466067
-0.000427039
-0.000388288
-0.000350811
-0.000315521
-0.000283256
-0.000254794
-0.000230829
-0.000211938
-0.000198524
-0.000190737
-0.000188382
-0.000190863
-0.00019718
-0.000205992
-0.000215747
-0.000224845
-0.000224845
-0.000231798
-0.000235338
-0.000234481
-0.000228537
-0.000217125
-0.000200178
-0.000177959
-0.00015107
-0.000120445
-8.73002e-05
-5.30847e-05
-1.93901e-05
1.2215e-05
4.03889e-05
6.41481e-05
8.2886e-05
9.63431e-05
0.000104593
0.000108055
0.000107494
0.000104005
9.89323e-05
9.37378e-05
8.98372e-05
8.84501e-05
9.04961e-05
9.65287e-05
0.000106704
0.000120793
0.000138247
0.000158301
0.000180073
0.000202641
0.000225083
0.000246505
0.000266072
0.000283054
0.000296874
0.000307135
0.000313653
0.000316486
0.000315949
0.000312595
0.000307182
0.000300612
0.000293846
0.000287837
0.000283483
0.000281592
0.000282868
0.000287883
0.000297048
0.000310583
0.000328507
0.000350622
0.000376524
0.000405614
0.000437142
0.000470248
0.000503996
0.000537371
0.000569256
0.000598374
0.000623264
0.000642304
0.000653822
0.00065627
0.000648424
0.000629548
0.000599486
0.000558693
0.000508232
0.000449771
0.000385583
0.000318528
0.000251955
0.00018949
0.00013474
9.09304e-05
6.05502e-05
4.50905e-05
4.4923e-05
5.93355e-05
8.66884e-05
0.000124644
0.000170409
0.000220936
0.000273074
0.000323688
0.000369796
0.000408703
0.000438161
0.000456542
0.000462963
0.000457321
0.000440245
0.000412976
0.000377215
0.000334965
0.000288404
0.000239795
0.000191385
0.000145279
0.000103277
6.67095e-05
3.63319e-05
1.22969e-05
-5.7671e-06
-1.86191e-05
-2.72505e-05
-3.27428e-05
-3.6145e-05
-3.83774e-05
-4.01558e-05
-4.19293e-05
-4.38446e-05
-4.57569e-05
-4.72995e-05
-4.80012e-05
-4.7419e-05
-4.52599e-05
-4.14751e-05
-3.62999e-05
-3.02278e-05
-2.39311e-05
-1.81657e-05
-1.3682e-05
-1.11404e-05
-1.10369e-05
-1.36418e-05
-1.89527e-05
-2.66607e-05
-3.61583e-05
-4.6615e-05
-5.71082e-05
-6.67754e-05
-7.49691e-05
-8.1384e-05
-8.61086e-05
-8.95816e-05
-9.24829e-05
-9.55868e-05
-9.95986e-05
-0.000105012
-0.00011202
-0.000120462
-0.000129839
-0.000139368
-0.000148097
-0.000155008
-0.000159132
-0.000159644
-0.000155936
-0.000147655
-0.000134718
-0.000117333
-9.59815e-05
-7.13791e-05
-4.44339e-05
-1.61981e-05
1.2189e-05
3.95632e-05
6.47992e-05
8.6885e-05
0.000105026
0.000118781
0.000128194
0.000133887
0.000137049
0.00013933
0.000142605
0.000148686
0.000159021
0.000174441
0.000195012
0.000220028
0.000248128
0.000277505
0.000306137
0.000332007
0.000353269
0.000368362
0.000376077
0.000375621
0.000366662
0.000349338
0.000324218
0.000292192
0.000254337
0.000211745
0.000165394
0.000116093
6.45223e-05
1.13276e-05
-4.2767e-05
-9.68686e-05
-0.000149874
-0.000200488
-0.000247271
-0.000288717
-0.000323347
-0.000349822
-0.000367056
-0.000374314
-0.000371277
-0.00035808
-0.000335332
-0.000304139
-0.00026611
-0.000223352
-0.000178423
-0.000134225
-9.38098e-05
-6.01408e-05
-3.58594e-05
-2.30879e-05
-2.33013e-05
-3.7262e-05
-6.49875e-05
-0.000105712
-0.000157834
-0.000218882
-0.000285567
-0.000353955
-0.000419753
-0.000478677
-0.000526817
-0.000560947
-0.000578765
-0.000579022
-0.000561569
-0.000527304
-0.000478061
-0.000416442
-0.000345627
-0.000269183
-0.000190873
-0.000114471
-4.35818e-05
1.85521e-05
6.92012e-05
0.000106266
0.000128349
0.000134789
0.000125661
0.000101759
6.45632e-05
1.61988e-05
-4.06576e-05
-0.000102904
-0.00016717
-0.000229998
-0.00028804
-0.000338247
-0.000378018
-0.000405321
-0.000418785
-0.000417748
-0.000402272
-0.000373122
-0.000331717
-0.000280053
-0.000220587
-0.000156099
-8.95473e-05
-2.39038e-05
3.80262e-05
9.3769e-05
0.000141314
0.000179198
0.000206539
0.000223012
0.000228801
0.000224551
0.000211305
0.00019045
0.000163651
0.000132768
9.97366e-05
6.64319e-05
3.45111e-05
5.25543e-06
-2.0531e-05
-4.25304e-05
-6.08392e-05
-7.58496e-05
-8.81204e-05
-9.82802e-05
-0.000106974
-0.000114847
-0.000122525
-0.000130578
-0.000139433
-0.000149255
-0.000159815
-0.000170391
-0.000179755
-0.000186301
-0.000188272
-0.000184032
-0.000172299
-0.000152313
-0.000123955
-8.78555e-05
-4.55135e-05
6.22841e-07
4.71987e-05
9.01759e-05
0.000125223
0.000148197
0.000155628
0.000145182
0.000116078
6.94397e-05
8.46993e-06
-6.16492e-05
-0.000134197
-0.000201632
-0.000256425
-0.00029184
-0.000302604
-0.000285479
-0.000285479
-0.000239756
-0.000167585
-7.4006e-05
3.34785e-05
0.00014581
0.00025359
0.000348288
0.000423145
0.000473617
0.000497364
0.000493906
0.000464118
0.000409666
0.000332542
0.000234745
0.000118198
-1.51309e-05
-0.000162921
-0.000322045
-0.00048804
-0.000654614
-0.000813405
-0.000954206
-0.00106575
-0.00113696
-0.00115853
-0.00112436
-0.0010327
-0.000886646
-0.000693877
-0.000465841
-0.000216538
3.88227e-05
0.000285027
0.000507842
0.000694797
0.000835885
0.000924229
0.000956654
0.000934003
0.000861019
0.000745732
0.000598431
0.000430435
0.000252906
7.58886e-05
-9.22768e-05
-0.000245126
-0.000377886
-0.000487081
-0.000570109
-0.00062494
-0.000650057
-0.000644621
-0.000608746
-0.000543758
-0.000452361
-0.000338645
-0.000207947
-6.65936e-05
7.84163e-05
0.000219756
0.000350143
0.000462739
0.000551575
0.000611973
0.000640912
0.000637254
0.000601779
0.000537001
0.000446804
0.000336011
0.000209993
7.43722e-05
-6.51074e-05
-0.000202594
-0.000332106
-0.000447603
-0.000543205
-0.000613582
-0.000654431
-0.000662906
-0.000637919
-0.000580235
-0.000492379
-0.000378429
-0.000243777
-9.49362e-05
6.06451e-05
0.000214844
0.000359247
0.00048569
0.00058691
0.000657216
0.000693029
0.000693164
0.000658804
0.000593215
0.000501289
0.00038906
0.000263258
0.000130953
-7.67777e-07
-0.000125114
-0.000235941
-0.0003281
-0.000397708
-0.000442298
-0.000460825
-0.00045355
-0.000421833
-0.000367913
-0.000294725
-0.000205789
-0.000105137
2.7601e-06
0.000113107
0.000220956
0.00032146
0.000410146
0.000483172
0.000537503
0.000571023
0.00058258
0.000571983
0.000539978
0.000488207
0.000419141
0.000335997
0.000242609
0.00014327
4.25199e-05
-5.50994e-05
-0.000145276
-0.000224134
-0.00028839
-0.000335444
-0.000363433
-0.00037127
-0.000358687
-0.000326258
-0.000275417
-0.000208428
-0.000128318
-3.87287e-05
5.62601e-05
0.000152327
0.000245114
0.000330423
0.000404393
0.000463661
0.000505522
0.000528061
0.000530269
0.000512115
0.000474561
0.000419529
0.000349819
0.000268977
0.000181093
9.05741e-05
1.8896e-06
-8.0673e-05
-0.000153245
-0.000212573
-0.000256155
-0.000282339
-0.000290357
-0.000280329
-0.000253211
-0.000210715
-0.000155202
-8.95461e-05
-1.69837e-05
5.90454e-05
0.000135042
0.000207584
0.000273453
0.000329763
0.00037408
0.000404518
0.000419831
0.00041947
0.000403615
0.000373159
0.000329652
0.000275231
0.000212495
0.000144373
7.39783e-05
4.47319e-06
-6.10801e-05
-0.000119859
-0.000169401
-0.000207707
-0.000233325
-0.000245411
-0.000243754
-0.000228769
-0.000201466
-0.00016339
-0.000116542
-6.32741e-05
-6.17829e-06
5.20421e-05
0.000108689
0.000161182
0.000207176
0.000244663
0.000272059
0.000288266
0.000292719
0.000285399
0.000266822
0.000238007
0.000200429
0.000155933
0.000106646
5.48765e-05
3.00257e-06
-4.66368e-05
-9.18468e-05
-0.000130672
-0.00016149
-0.00018308
-0.000194674
-0.000195981
-0.000187194
-0.000168963
-0.000142355
-0.000108796
-6.99991e-05
-2.78772e-05
1.55373e-05
5.81853e-05
9.80832e-05
0.000133412
0.000162592
0.000184356
0.000197809
0.00020245
0.000198186
0.000185326
0.000164569
0.000136958
0.000103832
6.67549e-05
2.74452e-05
-1.23015e-05
-5.06969e-05
-8.6047e-05
-0.000116831
-0.000141763
-0.000159851
-0.000170436
-0.000173216
-0.000168244
-0.00015592
-0.000136973
-0.000112422
-8.35234e-05
-5.17142e-05
-1.85354e-05
1.44412e-05
4.56851e-05
7.37724e-05
9.7449e-05
0.000115688
0.000127728
0.000133105
0.000131664
0.000123567
0.000109277
8.95291e-05
6.52977e-05
3.77493e-05
8.17803e-06
-2.20606e-05
-5.16039e-05
-7.91411e-05
-0.000103476
-0.00012358
-0.000138638
-0.000148086
-0.000151623
-0.000149216
-0.000141099
-0.000127768
-0.00010995
-8.85687e-05
-6.469e-05
-3.94742e-05
-1.41155e-05
1.02117e-05
3.24008e-05
5.14607e-05
6.65593e-05
7.70583e-05
8.25406e-05
8.28299e-05
7.79939e-05
6.83311e-05
5.43553e-05
3.67718e-05
1.64401e-05
-5.67145e-06
-2.85342e-05
-5.11075e-05
-7.23823e-05
-9.14262e-05
-0.000107426
-0.000119719
-0.000127821
-0.000131447
-0.000130527
-0.000125198
-0.000115799
-0.000102844
-8.70011e-05
-6.90532e-05
-4.98652e-05
-3.03405e-05
-3.03405e-05
-1.13806e-05
6.1521e-06
2.14735e-05
3.39168e-05
4.29603e-05
4.8249e-05
4.8249e-05
