-1.25018e-08
-1.55368e-07
-8.71134e-07
-3.02534e-06
-7.51261e-06
-1.45872e-05
-2.3605e-05
-3.3387e-05
-4.28142e-05
-5.12626e-05
-5.87064e-05
-6.55234e-05
-7.21516e-05
-7.87344e-05
-8.48774e-05
-8.96363e-05
-9.17963e-05
-9.03653e-05
-8.50472e-05
-7.64184e-05
-6.5703e-05
-5.42809e-05
-4.31998e-05
-3.29292e-05
-2.34311e-05
-1.44346e-05
-5.74884e-06
2.50037e-06
9.78896e-06
1.53064e-05
1.82116e-05
1.7937e-05
1.44166e-05
8.11915e-06
-1.29346e-07
-9.43056e-06
-1.90769e-05
-2.86805e-05
-3.81225e-05
-4.73796e-05
-5.63295e-05
-6.46266e-05
-7.16934e-05
-7.68215e-05
-7.93477e-05
-7.88388e-05
-7.52031e-05
-6.86811e-05
-5.97288e-05
-4.88448e-05
-3.64279e-05
-2.27251e-05
-7.86618e-06
8.03684e-06
2.47738e-05
4.19733e-05
5.91162e-05
7.56155e-05
9.0937e-05
0.000104705
0.00011676
0.00012715
0.000136058
0.000143691
0.000150219
0.000155755
0.000160373
0.000164164
0.000167294
0.000170016
0.000172631
0.00017542
0.000178562
0.00018206
0.000185732
0.000189247
0.000192209
0.000194224
0.000194945
0.000194078
0.000191347
0.000186435
0.000178964
0.0001685
0.000154601
0.000136901
0.000115186
8.94517e-05
5.99073e-05
2.6935e-05
-8.99734e-06
-4.74214e-05
-8.79193e-05
-0.000130128
-0.0001737
-0.000218243
-0.000263265
-0.00030815
-0.000352173
-0.000394559
-0.000434561
-0.000471525
-0.000504925
-0.000534351
-0.000559463
-0.000579953
-0.00059552
-0.000605878
-0.000610797
-0.000610128
-0.000603822
-0.000591917
-0.000574482
-0.000551572
-0.00052322
-0.000489465
-0.000450431
-0.000406398
-0.000357844
-0.000305416
-0.000249836
-0.000191797
-0.000131865
-7.04379e-05
-7.7602e-06
5.60394e-05
0.000120916
0.000186905
0.000254151
0.000322919
0.00039358
0.000466571
0.00054232
0.000621133
0.000703099
0.000788012
0.000875303
0.000963969
0.00105251
0.00113888
0.0012205
0.00129435
0.00135711
0.0014054
0.00143601
0.00144609
0.0014334
0.00139627
0.00133349
0.00124395
0.00112636
0.00097913
0.000800755
0.000590519
0.00034954
8.16837e-05
-0.000206049
-0.000503939
-0.000800701
-0.00108499
-0.00134674
-0.00157783
-0.00177203
-0.00192434
-0.00203031
-0.00208565
-0.00208659
-0.00203084
-0.00191874
-0.00175408
-0.00154425
-0.00129937
-0.00103086
-0.000749707
-0.000465116
-0.000183874
8.94735e-05
0.000351917
0.000601156
0.000835045
0.00105146
0.00124847
0.0014245
0.00157828
0.00170868
0.00181448
0.00189436
0.00194726
0.00197301
0.00197323
0.00195182
0.00191497
0.00187043
0.00182626
0.00178964
0.00176623
0.00176022
0.00177509
0.00181455
0.00188304
0.0019846
0.00211547
0.00224748
0.00232179
0.00227874
0.00210057
0.00181499
0.00146309
0.00107267
0.000648951
0.00017687
-0.000366309
-0.000994004
-0.00169679
-0.00243494
-0.00314144
-0.00373978
-0.0041704
-0.00441148
-0.0044814
-0.00442172
-0.00427226
-0.00405344
-0.00376341
-0.00338787
-0.00291488
-0.00234776
-0.00171144
-0.001051
-0.00042271
0.000120115
0.000541276
0.000829603
0.000996633
0.00106551
0.00105727
0.00098167
0.000836462
0.000614066
0.000311286
-6.2792e-05
-0.000483811
-0.000914935
-0.0013143
-0.00164441
-0.00188004
-0.00201146
-0.00204198
-0.00198129
-0.00183808
-0.00161567
-0.00131238
-0.000925941
-0.000459288
7.51012e-05
0.000654233
0.00124733
0.00182111
0.00234567
0.00279877
0.00316717
0.0034449
0.00362965
0.00371914
0.00370939
0.00359543
0.00337396
0.0030466
0.00262166
0.00211352
0.00153918
0.000913699
0.000247074
-0.000455059
-0.00118673
-0.00193536
-0.0026773
-0.00337791
-0.00399663
-0.00449509
-0.00484498
-0.00503247
-0.00505753
-0.00492886
-0.0046571
-0.00424993
-0.0037115
-0.00304657
-0.00226703
-0.00139742
-0.00047651
0.000446339
0.00131878
0.00209427
0.00273895
0.00323446
0.0035763
0.00376904
0.00382044
0.00373656
0.00351902
0.00316523
0.00267218
0.00204311
0.00129467
0.000461224
-0.000406672
-0.00124974
-0.00201116
-0.00264729
-0.00313409
-0.00346673
-0.00365297
-0.00370328
-0.00362216
-0.00340519
-0.0030435
-0.00253387
-0.00188939
-0.00114508
-0.000355202
0.000417197
0.000417197
0.00111378
0.00169199
0.0021295
0.00242103
0.00257005
0.00257986
0.00244855
0.0021704
0.00174281
0.00117547
0.000496864
-0.000245212
-0.000990066
-0.00167504
-0.00224688
-0.00266946
-0.00292575
-0.00301422
-0.00294224
-0.00271986
-0.0023567
-0.00186293
-0.00125351
-0.00055304
0.000201789
0.000963872
0.00168168
0.0023075
0.00280505
0.00315381
0.00334913
0.0033984
0.00331552
0.00311573
0.0028128
0.00241918
0.00194846
0.00141847
0.000853221
0.0002825
-0.000261011
-0.000746026
-0.00114681
-0.00144583
-0.00163418
-0.00171002
-0.0016761
-0.00153764
-0.00130178
-0.000978746
-0.000583964
-0.000139525
0.000326422
0.000782687
0.00119954
0.00155297
0.00182709
0.00201408
0.00211202
0.00212197
0.0020459
0.00188637
0.00164812
0.00134051
0.000979463
0.000587392
0.000190962
-0.000182834
-0.000510923
-0.000777508
-0.000975767
-0.00110759
-0.00118129
-0.00120779
-0.00119639
-0.00115178
-0.00107359
-0.000958429
-0.00080357
-0.000610355
-0.000385847
-0.000141894
0.000108067
0.000353115
0.000588018
0.000813774
0.00103449
0.00125113
0.00145471
0.00162296
0.00172359
0.00172378
0.00160213
0.00135747
0.00101085
0.000599782
0.00016753
-0.000248042
-0.000621404
-0.000939721
-0.00119746
-0.00138911
-0.00150462
-0.00153024
-0.00145385
-0.00127166
-0.000992598
-0.000638352
-0.000239085
0.000173098
0.000570369
0.000932901
0.00124933
0.00151459
0.00172674
0.00188462
0.00198715
0.00203418
0.00202781
0.00197304
0.00187689
0.00174664
0.00158797
0.00140437
0.00119806
0.000971929
0.000731467
0.000485734
0.000246765
2.75922e-05
-0.000160338
-0.000309257
-0.000415792
-0.000480084
-0.00050386
-0.000488528
-0.000434262
-0.000340566
-0.000208056
-4.06624e-05
0.000152748
0.000358149
0.000557791
0.000732897
0.000866719
0.000947055
0.000967536
0.000927515
0.000830829
0.000684094
0.000495273
0.000273054
2.71481e-05
-0.000230852
-0.000486715
-0.00072357
-0.000922959
-0.00106682
-0.00113993
-0.00113201
-0.00103904
-0.000863387
-0.000613193
-0.000301533
5.40535e-05
0.0004318
0.000806343
0.00115048
0.00143816
0.00164799
0.00176594
0.00178632
0.00171054
0.00154431
0.00129459
0.00096777
0.000570019
0.000109881
-0.000398388
-0.000932655
-0.00146351
-0.00195795
-0.00238493
-0.00272082
-0.00295255
-0.00307745
-0.0031002
-0.00302829
-0.00286812
-0.00262336
-0.00229621
-0.00189068
-0.00141625
-0.000890092
-0.000336609
0.000215701
0.000738842
0.00120972
0.00161279
0.00194009
0.00218924
0.00236034
0.00245343
0.00246761
0.00240195
0.00225756
0.00203967
0.00175833
0.00142709
0.00105967
0.000666274
0.000251902
-0.000181903
-0.000632299
-0.00108997
-0.00153643
-0.00194563
-0.00228941
-0.00254493
-0.00270086
-0.00275971
-0.00273526
-0.00264627
-0.00250955
-0.0023355
-0.00212825
-0.00188968
-0.00162503
-0.00134698
-0.00107589
-0.000835915
-0.000648443
-0.000525597
-0.000466525
-0.000457988
-0.000479011
-0.000507692
-0.000527426
-0.000530246
-0.000516315
-0.000490249
-0.000456236
-0.000414165
-0.000358388
-0.000279456
-0.000167972
-1.8997e-05
0.000164452
0.00036995
0.000577003
0.000761296
0.000900867
0.000982105
0.00100317
0.000973247
0.000907897
0.000822417
0.000726059
0.000619489
0.000496516
0.00034931
0.000174815
-2.05078e-05
-0.000219768
-0.000399067
-0.000533824
-0.000605472
-0.000606244
-0.00054106
-0.000426557
-0.000287676
-0.000152285
-4.48079e-05
1.92775e-05
3.58771e-05
1.04824e-05
-4.71562e-05
-0.000129507
-0.000235924
-0.000373301
-0.000552323
-0.000780987
-0.00105837
-0.0013715
-0.00169663
-0.0020043
-0.00226571
-0.00245808
-0.00256698
-0.00258553
-0.00251149
-0.00234412
-0.00208255
-0.00172632
-0.0012777
-0.000744523
-0.00014224
0.000505737
0.0011696
0.0018161
0.00241192
0.00292658
0.00333397
0.00361286
0.00374672
0.00372399
0.00353922
0.00319502
0.00270372
0.00208802
0.00137979
0.000617183
-0.000158979
-0.000908656
-0.00159486
-0.00218454
-0.00264838
-0.00296056
-0.00309907
-0.00304758
-0.00279861
-0.00235748
-0.00235748
-0.00174503
-0.000997225
-0.000160859
0.000713344
0.00157769
0.00239203
0.00312463
0.00375008
0.00424592
0.00459046
0.00476329
0.00474874
0.00454099
0.00414841
0.00359491
0.00291712
0.00215823
0.00136067
0.000560154
-0.000217122
-0.000953656
-0.00163718
-0.0022564
-0.00279784
-0.00324519
-0.00358103
-0.00379018
-0.00386302
-0.00379764
-0.00359997
-0.00328225
-0.00286062
-0.00235297
-0.00177799
-0.0011554
-0.000507148
0.000141506
0.00076195
0.00132367
0.00179716
0.00215756
0.00238805
0.00248185
0.00244224
0.00228074
0.00201422
0.00166232
0.00124601
0.000787697
0.000312331
-0.000151561
-0.00057201
-0.000915713
-0.001152
-0.00125763
-0.0012209
-0.00104355
-0.000740056
-0.0003344
0.000144204
0.000665327
0.00119988
0.00172076
0.00220209
0.00261799
0.00294204
0.00314826
0.00321352
0.00312098
0.00286347
0.0024458
0.00188536
0.00121078
0.000459041
-0.000328268
-0.00110865
-0.00184164
-0.00249069
-0.003024
-0.00341487
-0.00364197
-0.00369026
-0.00355237
-0.00323053
-0.0027382
-0.00210083
-0.00135508
-0.000546178
0.000276139
0.00106235
0.00176769
0.00235567
0.00280027
0.00308664
0.00321055
0.00317704
0.00299882
0.00269471
0.00228827
0.00180643
0.00127828
0.000733711
0.000202121
-0.000289128
-0.000716339
-0.00106118
-0.00131206
-0.00146475
-0.00152202
-0.00149227
-0.00138742
-0.00122085
-0.00100587
-0.000755294
-0.000481924
-0.000199464
7.69553e-05
0.000331136
0.000547163
0.000711341
0.000814027
0.000850652
0.00082153
0.000730598
0.000583639
0.000386718
0.00014539
-0.000135099
-0.000448858
-0.00078817
-0.00114269
-0.00149944
-0.00184369
-0.00216048
-0.00243611
-0.00265921
-0.00282099
-0.00291471
-0.00293496
-0.00287707
-0.00273732
-0.0025139
-0.00220829
-0.00182653
-0.00137976
-0.000883594
-0.000356599
0.000181856
0.000713448
0.00122194
0.00169319
0.00211452
0.00247403
0.00276044
0.00296386
0.00307702
0.0030972
0.00303181
0.00291233
0.00280173
0.0027659
0.00282363
0.00293277
0.00302366
0.00303661
0.0029412
0.0027416
0.00246745
0.0021543
0.00182352
0.00146737
0.00104596
0.000503104
-0.000203021
-0.00107054
-0.00204324
-0.00302518
-0.00391124
-0.00461639
-0.005091
-0.00531983
-0.0053096
-0.00507288
-0.00461465
-0.00392608
-0.00298819
-0.00178465
-0.000319501
0.0013681
0.00319915
0.00506232
0.00683056
0.00838003
0.00960555
0.0104297
0.0108056
0.0107151
0.0101632
0.0091723
0.00777781
0.00602736
0.0039838
0.00172887
-0.000635904
-0.0029934
-0.00522017
-0.00719833
-0.0088272
-0.0100316
-0.0107654
-0.0110099
-0.0107694
-0.0100654
-0.00893314
-0.00742089
-0.00559191
-0.00352647
-0.00132187
0.000911081
0.00305483
0.00499372
0.0066219
0.00784886
0.00860154
0.00882413
0.00847754
0.00754075
0.00601495
0.00393004
0.00135099
-0.00161877
-0.00483987
-0.00814604
-0.0113585
-0.0143016
-0.0168166
-0.0187695
-0.0200538
-0.0205897
-0.0203224
-0.0192245
-0.0173003
-0.0145931
-0.011191
-0.0072277
-0.00287668
0.00166127
0.00617446
0.0104565
0.0143187
0.0175974
0.0201568
0.0218896
0.0227189
0.0226022
0.0215371
0.0195675
0.0167855
0.0133277
0.00936575
0.00509103
0.000699076
-0.00362461
-0.00771333
-0.0114222
-0.0146268
-0.0172209
-0.0191161
-0.0202451
-0.0205679
-0.0200787
-0.0188091
-0.0168272
-0.0142307
-0.0111375
-0.00767491
-0.00397169
-0.000153983
0.00365449
0.00733003
0.0107471
0.0137798
0.0163065
0.0182188
0.0194295
0.0198802
0.0195449
0.0184302
0.0165732
0.0140382
0.0109145
0.0073155
0.00337796
-0.00073973
-0.00486271
-0.00880894
-0.0124015
-0.0154808
-0.0179135
-0.0195973
-0.0204615
-0.0204669
-0.0196069
-0.0179094
-0.0154395
-0.0123006
-0.00863138
-0.00459974
-0.000391823
0.00380016
0.00779003
0.0114071
0.0145022
0.0169514
0.0186576
0.0195538
0.0196059
0.0188164
0.0172271
0.0149203
0.0120161
0.0086683
0.0086683
0.00505449
0.00136385
-0.00221776
-0.00552158
-0.00840592
-0.0107605
-0.0125058
-0.0135896
-0.0139825
-0.0136768
-0.0126888
-0.0110633
-0.00887925
-0.00625111
-0.0033238
-0.000261071
0.00277024
0.00561553
0.00814338
0.0102497
0.011856
0.0129045
0.0133535
0.0131773
0.0123693
0.0109495
0.00897013
0.00651927
0.00371729
0.000708271
-0.00235226
-0.00530988
-0.00802142
-0.0103611
-0.0122229
-0.0135213
-0.0141911
-0.0141888
-0.0134963
-0.0121246
-0.0101175
-0.00755218
-0.00453736
-0.00120658
0.00229044
0.00579766
0.00916195
0.0122402
0.0149042
0.0170441
0.0185707
0.0194187
0.0195496
0.0189556
0.0176615
0.0157252
0.0132353
0.0103057
0.00706883
0.00366859
0.000252951
-0.0030323
-0.00604942
-0.00867495
-0.0108073
-0.0123754
-0.0133464
-0.0137278
-0.0135621
-0.0129156
-0.0118651
-0.0104885
-0.00886023
-0.00705447
-0.00515048
-0.00323732
-0.00141298
0.000223333
0.00158417
0.00260726
0.00326377
0.00355807
0.0035191
0.00318742
0.00260339
0.00180119
0.000810277
-0.00033742
-0.00159877
-0.00291388
-0.00420712
-0.00539509
-0.00639927
-0.0071585
-0.00763688
-0.00782425
-0.00772985
-0.00737222
-0.00676996
-0.00593704
-0.00488449
-0.00362706
-0.00219143
-0.000622033
0.00101924
0.00266008
0.00422973
0.00567137
0.0069502
0.00805401
0.00898672
0.00975805
0.0103743
0.0108343
0.011132
0.0112638
0.0112373
0.0110744
0.0108058
0.0104556
0.0100236
0.00947672
0.00875623
0.00780172
0.00658021
0.00510715
0.0034491
0.00170663
-1.57039e-05
-0.00163969
-0.00313088
-0.00449487
-0.00575377
-0.00691457
-0.00794562
-0.00877424
-0.00930796
-0.0094704
-0.00923541
-0.0086436
-0.00779354
-0.00681091
-0.00580883
-0.00485586
-0.00396438
-0.00310282
-0.00222489
-0.00130176
-0.000343087
0.000601612
0.00145941
0.00215853
0.00264875
0.00290989
0.00294776
0.0027828
0.00243811
0.00193206
0.00127732
0.00048502
-0.000428906
-0.00143857
-0.00250626
-0.00358436
-0.00461976
-0.0055591
-0.00635348
-0.00696229
-0.00735615
-0.00751896
-0.00744868
-0.00715613
-0.00666179
-0.00599125
-0.00517113
-0.00422662
-0.00318136
-0.00205909
-0.000885698
0.000309563
0.00149473
0.0026378
0.00371088
0.00469418
0.00557788
0.00635949
0.00703597
0.00759246
0.00799369
0.00818519
0.00810685
0.00771458
0.00700011
0.00599985
0.00478843
0.00345963
0.00210268
0.000784062
-0.000457773
-0.00160291
-0.00263102
-0.00350355
-0.00415803
-0.00452027
-0.00453091
-0.00417453
-0.00349704
-0.00260143
-0.0016222
-0.000688339
0.000109625
0.000735366
0.00120006
0.00153808
0.00177755
0.00191992
0.00193801
0.00179293
0.00146123
0.000958687
0.000348758
-0.000269105
-0.000786557
-0.00111728
-0.00121883
-0.00109711
-0.00079349
-0.000361648
0.000154797
0.000734397
0.00137548
0.00208167
0.00284312
0.00362302
0.00435656
0.0049631
0.00536628
0.00551296
0.00538343
0.00498984
0.0043658
0.00355351
0.00259466
0.00152846
0.000395985
-0.00075311
-0.00185631
-0.00284009
-0.00362875
-0.00415807
-0.00438912
-0.00431655
-0.0039677
-0.00339286
-0.00265102
-0.00179742
-0.00087779
6.92033e-05
0.00100377
0.00187615
0.00262267
0.00316991
0.00344677
0.00340029
0.00300927
0.00229002
0.00129186
8.43165e-05
-0.00125874
-0.00267147
-0.00410065
-0.00550166
-0.00682935
-0.00802915
-0.0090337
-0.00976729
-0.0101572
-0.0101481
-0.00971328
-0.00886113
-0.00763298
-0.0060963
-0.00433535
-0.00244278
-0.000513952
0.00135573
0.00307208
0.00454455
0.00569128
0.00644671
0.00676918
0.00664519
0.00608829
0.00513316
0.0038281
0.00222983
0.000403256
-0.00157428
-0.00360792
-0.00558415
-0.00737682
-0.0088603
-0.00992602
-0.0104969
-0.0105345
-0.0100373
-0.00903099
-0.00755649
-0.00566126
-0.00339758
-0.000828401
0.0019631
0.00486645
0.00774448
0.0104437
0.0128121
0.0147192
0.0160709
0.0168169
0.0169471
0.0164823
0.0154632
0.0154632
0.0139425
0.0119833
0.0096613
0.00706943
0.00431852
0.00153346
-0.00115611
-0.00362807
-0.00577937
-0.00753342
-0.00884158
-0.00967932
-0.01004
-0.00993088
-0.00937453
-0.00841218
-0.00710081
-0.0055064
-0.00370279
-0.00177493
0.000182058
0.0020688
0.00378898
0.0052567
0.00640208
0.00717418
0.00754214
0.00749463
0.0070374
0.00618984
0.0049832
0.00346187
0.00168689
-0.000261827
-0.0022876
-0.00428414
-0.00614558
-0.00777626
-0.00909763
-0.0100515
-0.0106004
-0.0107258
-0.0104266
-0.00971851
-0.00863443
-0.00722555
-0.00556174
-0.00372936
-0.00182595
4.78387e-05
0.00179718
0.00334068
0.00461507
0.00557648
0.00619925
0.00647363
0.00640382
0.00600722
0.00531472
0.00437132
0.00323579
0.00197818
0.000674565
-0.000600106
-0.00177952
-0.00281148
-0.00365991
-0.00430321
-0.00473042
-0.00493729
-0.00492409
-0.00469586
-0.00426456
-0.00365159
-0.00288921
-0.00201947
-0.0010906
-0.000151799
0.000751911
0.00158326
0.00231374
0.00292236
0.00339335
0.00371408
0.00387426
0.00386669
0.0036889
0.00334512
0.00284775
0.00221767
0.00148303
0.000676853
-0.000166229
-0.00101281
-0.00183233
-0.00259702
-0.00328079
-0.00385808
-0.00430377
-0.00459463
-0.00471206
-0.0046452
-0.00439332
-0.00396673
-0.00338563
-0.00267741
-0.00187342
-0.00100635
-0.000108753
0.000787077
0.00164883
0.00244417
0.00314173
0.00371285
0.00413351
0.00438708
0.00446902
0.00439011
0.00417355
0.0038476
0.00343978
0.00297477
0.00247508
0.00196325
0.00146423
0.00100608
0.000618572
0.000329646
0.000160507
0.000121277
0.000209355
0.000411515
0.000708762
0.0010815
0.00151279
0.00198879
0.00249738
0.0030261
0.00356091
0.00408609
0.00458548
0.00504422
0.0054499
0.0057915
0.00605579
0.00622263
0.0062623
0.00613731
0.00580908
0.00524719
0.0044376
0.00338702
0.00212248
0.000687307
-0.000864629
-0.00247429
-0.00408118
-0.00562504
-0.00704642
-0.00828726
-0.00929286
-0.0100153
-0.0104177
-0.0104775
-0.010189
-0.00956309
-0.00862689
-0.00742151
-0.0059996
-0.00442191
-0.00275347
-0.00105984
0.000595727
0.00215385
0.00355963
0.0047629
0.00571888
0.00638976
0.00674699
0.00677405
0.00646892
0.00584545
0.00493311
0.00377511
0.00242529
0.000944716
-0.000601557
-0.00214695
-0.00362517
-0.00497142
-0.00612333
-0.00702228
-0.00761575
-0.00786134
-0.00773204
-0.00722161
-0.00634798
-0.00515284
-0.00369684
-0.00205191
-0.000293459
0.0015044
0.00326936
0.00492856
0.00640661
0.00762726
0.00852002
0.00903012
0.00912832
0.00881649
0.00812666
0.00711336
0.00584239
0.00438029
0.00278844
0.00112324
-0.000559483
-0.0021991
-0.00372761
-0.00507183
-0.00616014
-0.0069317
-0.00734528
-0.00738494
-0.00706089
-0.00640528
-0.00546444
-0.00429026
-0.00293412
-0.00144516
0.00012675
0.00172566
0.00328528
0.00472903
0.00597582
0.00695034
0.00759441
0.00787538
0.00778891
0.00735554
0.00661337
0.00561007
0.00439724
0.00302858
0.00156127
5.8492e-05
-0.00140983
-0.00276975
-0.00394978
-0.00488936
-0.00554634
-0.00590118
-0.00595643
-0.00573219
-0.00525927
-0.00457259
-0.00370701
-0.00269672
-0.00157742
-0.000389453
0.000820717
0.00200189
0.00310241
0.00407573
0.0048852
0.00550647
0.00592699
0.00614318
0.00615672
0.00597178
0.00559423
0.00503305
0.00430275
0.00342533
0.00243066
0.0013553
0.000240409
-0.000870482
-0.00193338
-0.00290561
-0.00374747
-0.00442398
-0.00490666
-0.00517523
-0.00521893
-0.00503725
-0.0046399
-0.00404601
-0.00328264
-0.00238305
-0.00138482
-0.000328426
0.000743908
0.00178896
0.00276351
0.00362564
0.00433617
0.00485959
0.00516456
0.00522474
0.00502085
0.00454404
0.00379927
0.00280736
0.00160435
0.000238432
-0.00123486
-0.00275742
-0.00427197
-0.00572314
-0.00705652
-0.00821716
-0.00914951
-0.00980033
-0.0101245
-0.010092
-0.0096932
-0.0089401
-0.00786319
-0.0065061
-0.00492129
-0.00316925
-0.00316925
-0.00132043
0.00054291
0.0023285
0.00394152
0.0052964
0.00632913
0.00700554
0.00732218
0.0073001
0.00697414
0.00638222
0.00555849
0.00453198
0.00333037
0.00198622
0.000542359
-0.000945987
-0.00241289
-0.00378653
-0.00499591
-0.0059783
-0.00668576
-0.00708914
-0.00717828
-0.00695868
-0.00644635
-0.00566333
-0.00463589
-0.00339594
-0.00198486
-0.000457388
0.00111665
0.00265493
0.0040696
0.00527729
0.00620922
0.00681873
0.00708431
0.0070083
0.00661271
0.00593379
0.00501741
0.00391557
0.00268456
0.0013839
7.57297e-05
-0.00117638
-0.00230962
-0.00326546
-0.00399371
-0.00445614
-0.00462836
-0.00449958
-0.00407087
-0.00335401
-0.00237273
-0.00116649
0.000205053
0.00166038
0.00309956
0.00441323
0.00549516
0.00625518
0.00662935
0.00658495
0.00611978
0.00525683
0.00403722
0.00251469
0.000753532
-0.00117021
-0.00316668
-0.00513219
-0.00695344
-0.00851629
-0.0097176
-0.0104772
-0.0107471
-0.0105145
-0.00979952
-0.00864688
-0.00711682
-0.00527779
-0.00320462
-0.000981907
0.00129119
0.00349968
0.00551893
0.00722768
0.00852375
0.00933674
0.00963362
0.00941606
0.00871233
0.00756818
0.00604084
0.00419848
0.00212405
-7.97843e-05
-0.00228912
-0.0043644
-0.00616332
-0.0075581
-0.00845138
-0.00878581
-0.00854479
-0.00774571
-0.00642994
-0.00465428
-0.00248771
-1.35474e-05
0.00266554
0.00542393
0.00811471
0.0105786
0.0126591
0.01422
0.0151604
0.0154233
0.0149955
0.013902
0.0121988
0.00996567
0.00730287
0.00432927
0.00118171
-0.00198761
-0.00501734
-0.00774731
-0.0100322
-0.011756
-0.0128429
-0.0132625
-0.0130273
-0.0121846
-0.0108062
-0.0089788
-0.00679871
-0.00436879
-0.00179862
0.000795545
0.00329293
0.00557361
0.0075267
0.00905946
0.0101048
0.0106254
0.0106134
0.0100867
0.00908313
0.00765488
0.0058645
0.00378292
0.00148955
-0.000926757
-0.00336709
-0.00572365
-0.00788367
-0.00973655
-0.0111832
-0.0121457
-0.0125744
-0.0124513
-0.0117884
-0.0106226
-0.00901019
-0.00702094
-0.0047359
-0.00224657
0.000345093
0.00292795
0.00538607
0.00760621
0.0094866
0.0109442
0.0119179
0.0123683
0.0122746
0.0116325
0.0104559
0.00878087
0.00667148
0.00422287
0.00155824
-0.00118055
-0.00384698
-0.00630417
-0.00843507
-0.0101465
-0.0113679
-0.0120478
-0.0121526
-0.011669
-0.0106105
-0.00902383
-0.0069926
-0.00463388
-0.00208809
0.000496598
0.00298089
0.00524741
0.00720689
0.00879729
0.00997822
0.0107248
0.0110244
0.0108775
0.0103012
0.00933316
0.00803151
0.00647081
0.00473401
0.00290333
0.00105265
-0.00075588
-0.00247082
-0.00404708
-0.00544129
-0.00660966
-0.00750974
-0.00810537
-0.00837268
-0.00830452
-0.00791177
-0.00722108
-0.00627006
-0.00510199
-0.00376211
-0.00229693
-0.000756709
0.000800711
0.0023076
0.0036879
0.00486328
0.00576216
0.00632923
0.0065325
0.00636631
0.00584983
0.00502198
0.00393488
0.00264807
0.00122524
-0.000266388
-0.00175549
-0.00316703
-0.00442551
-0.00546117
-0.00621723
-0.00665575
-0.0067599
-0.00653244
-0.00599167
-0.00516666
-0.00409382
-0.00281535
-0.00137963
0.000157739
0.00173376
0.00327967
0.00472481
0.00600201
0.00705284
0.00783164
0.00830745
0.00846443
0.00830134
0.00783073
0.00707816
0.00608138
0.00488903
0.0035582
0.00215062
0.000727469
-0.00065561
-0.00195219
-0.00312631
-0.00415152
-0.00500889
-0.00568528
-0.00617268
-0.00646814
-0.00657383
-0.00649662
-0.00624703
-0.00583807
-0.00528426
-0.00460126
-0.00380616
-0.00291845
-0.00196135
-0.000963133
4.17824e-05
0.00101283
0.00190459
0.00266966
0.00326275
0.00364559
0.0037918
0.00369082
0.00334972
0.00279233
0.00205584
0.00118625
0.000234004
-0.000748926
-0.00171048
-0.00259915
-0.0033652
-0.00396328
-0.00435648
-0.0045209
-0.00444917
-0.00415163
-0.00365464
-0.00299659
-0.00222284
-0.00138123
-0.000518901
0.000319832
0.00109505
0.00177293
0.00177293
0.00232753
0.00274222
0.00301033
0.0031347
0.00312632
0.00300248
0.00278492
0.00249832
0.00216912
0.0018245
0.001491
0.00119254
0.000947727
0.000767158
0.000651599
0.000591703
0.000569179
0.00055892
0.000531774
0.000458093
0.000312283
7.78647e-05
-0.000248412
-0.000655117
-0.00111817
-0.0016056
-0.00208329
-0.00251947
-0.00288662
-0.00316064
-0.00331847
-0.00333632
-0.00319076
-0.00286359
-0.00234928
-0.0016616
-0.000835577
7.69314e-05
0.00101678
0.00192837
0.00276768
0.00350451
0.00411932
0.0045969
0.00492081
0.00507174
0.0050308
0.00478645
0.00434163
0.00371758
0.00295208
0.00209254
0.00118666
0.00027438
-0.000615862
-0.0014656
-0.00226111
-0.0029873
-0.00362377
-0.00414466
-0.00452219
-0.00473241
-0.00476074
-0.00460532
-0.00427681
-0.00379511
-0.00318451
-0.00246989
-0.00167548
-0.000826853
4.57033e-05
0.000904679
0.00170589
0.00240241
0.00295069
0.00331667
0.00347998
0.00343507
0.00318967
0.00276171
0.0021761
0.00146265
0.000655428
-0.000207041
-0.00108174
-0.00192243
-0.00268251
-0.00331885
-0.00379558
-0.00408689
-0.00417869
-0.00406911
-0.00376816
-0.00329639
-0.00268263
-0.00196091
-0.00116699
-0.000335246
0.000503519
0.00132282
0.00210012
0.00281593
0.00345315
0.00399738
0.00443796
0.00476938
0.00499188
0.00511071
0.00513391
0.00506966
0.00492397
0.00469968
0.00439677
0.0040137
0.00354929
0.00300446
0.00238364
0.00169551
0.00095307
0.000173277
-0.000623636
-0.00141465
-0.00217433
-0.0028753
-0.00348919
-0.00398821
-0.0043473
-0.00454641
-0.00457243
-0.00442041
-0.00409389
-0.00360455
-0.00297167
-0.0022218
-0.00138856
-0.000512251
0.000361351
0.00118348
0.00190585
0.00248449
0.00288321
0.00307576
0.00304669
0.00279129
0.00231526
0.00163496
0.000778146
-0.000215509
-0.00129512
-0.0024012
-0.0034701
-0.00443935
-0.00525273
-0.00586396
-0.0062385
-0.006354
-0.00620016
-0.00577914
-0.00510657
-0.00421273
-0.00314259
-0.00195391
-0.000713076
0.000510846
0.00165255
0.00265596
0.00347752
0.0040869
0.00446565
0.00460523
0.00450527
0.00417315
0.00362453
0.00288449
0.00198811
0.000979811
-8.88717e-05
-0.00116299
-0.00218854
-0.00311652
-0.00390577
-0.0045242
-0.00494847
-0.00516291
-0.00515861
-0.00493324
-0.00449181
-0.00384794
-0.00302496
-0.00205596
-0.000982449
0.000148679
0.00128946
0.00239583
0.00343191
0.00437212
0.00520024
0.00590593
0.0064806
0.00691455
0.0071966
0.00731621
0.00726704
0.00705042
0.00667698
0.00616527
0.00553733
0.00481334
0.00400779
0.00312975
0.00218707
0.00119255
0.00016909
-0.000848722
-0.00181727
-0.00268995
-0.0034244
-0.00398847
-0.00436305
-0.00454114
-0.00452433
-0.00431889
-0.00393332
-0.00337871
-0.00267109
-0.00183442
-0.00090231
8.24531e-05
0.00107061
0.00201059
0.00285302
0.00355468
0.00408111
0.00440782
0.0045206
0.00441553
0.00409909
0.00358836
0.00291048
0.00210127
0.00120283
0.000260643
-0.000679409
-0.0015738
-0.00238361
-0.00307615
-0.00362601
-0.00401555
-0.00423504
-0.0042823
-0.00416196
-0.00388422
-0.00346372
-0.00291873
-0.00227083
-0.0015451
-0.000770657
1.91394e-05
0.000787286
0.00149492
0.00210415
0.0025813
0.00289991
0.00304299
0.00300421
0.00278804
0.0024088
0.00188889
0.00125673
0.000545005
-0.000210655
-0.000972441
-0.00170114
-0.00235735
-0.00290359
-0.00330721
-0.00354365
-0.00359934
-0.00347326
-0.00317666
-0.00273083
-0.00216363
-0.00150576
-0.000787954
-3.95639e-05
0.000711404
0.00143751
0.00211124
0.0027053
0.00319406
0.00355584
0.00377541
0.00384587
0.00376922
0.00355566
0.00322183
0.00278874
0.00227994
0.00172054
0.00113674
0.000555578
4.05691e-06
-0.000492647
-0.000913575
-0.00124424
-0.00147794
-0.00161563
-0.00166464
-0.00163665
-0.00154577
-0.00140721
-0.00123638
-0.00104822
-0.000856336
-0.000672148
-0.000504199
-0.000358341
-0.000239031
-0.000151414
-0.000103225
-0.000105382
-0.000170622
-0.000170622
-0.000310403
-0.000531029
-0.000830471
-0.00119722
-0.00161177
-0.00204997
-0.00248669
-0.00289808
-0.00326156
-0.00355416
-0.00375061
-0.00382302
-0.00374346
-0.00348946
-0.00305124
-0.00243773
-0.00167875
-0.000821859
7.5417e-05
0.00095539
0.00176844
0.00247704
0.00305477
0.00348174
0.00373952
0.00380844
0.00366937
0.00330957
0.00273037
0.00195372
0.00102431
5.95528e-06
-0.00102734
-0.00200282
-0.00285935
-0.00355342
-0.00405951
-0.00436551
-0.00446602
-0.00435699
-0.0040341
-0.0034958
-0.00274927
-0.00181666
-0.000738232
0.000429311
0.00161936
0.00276455
0.00380514
0.0046938
0.00539572
0.00588529
0.00614179
0.00614703
0.00588651
0.00535391
0.00455713
0.00352283
0.00229719
0.000941944
-0.000472946
-0.00187771
-0.00320926
-0.00441421
-0.00544817
-0.00627307
-0.00685454
-0.00716163
-0.00716948
-0.00686428
-0.00624842
-0.00534346
-0.00418946
-0.00284068
-0.00135906
0.000192071
0.00175193
0.00326309
0.0046701
0.00591778
0.00695115
0.00771795
0.00817348
0.00828627
0.00804272
0.00744915
0.00653098
0.00532937
0.00389689
0.00229374
0.000585426
-0.0011579
-0.0028615
-0.00444691
-0.00583487
-0.00695054
-0.00772992
-0.00812606
-0.00811322
-0.00768814
-0.00686875
-0.00569147
-0.00420875
-0.00248736
-0.000607332
0.00133985
0.00325471
0.00503558
0.00658598
0.00782219
0.00867918
0.0091138
0.00910529
0.00865376
0.00777838
0.00651615
0.00492135
0.00306511
0.00103365
-0.00107556
-0.00315986
-0.0051188
-0.00686148
-0.00831234
-0.0094145
-0.0101303
-0.0104402
-0.01034
-0.0098396
-0.00896233
-0.00774571
-0.00624238
-0.00451996
-0.00265858
-0.000745877
0.00112981
0.00288651
0.0044543
0.00577821
0.00681842
0.00754836
0.00795236
0.00802406
0.00776653
0.00719379
0.00633278
0.0052246
0.00392354
0.00249401
0.00100573
-0.000471253
-0.00187037
-0.0031306
-0.00419713
-0.00502147
-0.005562
-0.00578562
-0.00567041
-0.00520895
-0.00441123
-0.00330624
-0.00194127
-0.000379002
0.00130722
0.00303853
0.0047352
0.00631997
0.00772034
0.00887028
0.0097121
0.0101989
0.0102974
0.00999121
0.00928276
0.00819386
0.00676444
0.00504971
0.00311668
0.00104071
-0.00109744
-0.00321432
-0.00522654
-0.00705378
-0.0086221
-0.00986743
-0.0107388
-0.0112012
-0.0112371
-0.0108477
-0.0100513
-0.00888253
-0.00738942
-0.00563136
-0.00367653
-0.00159963
0.000520415
0.00260292
0.00456838
0.00634176
0.00785588
0.00905414
0.00989231
0.0103396
0.0103791
0.0100091
0.00924275
0.0081094
0.00665356
0.00493362
0.00301903
0.000986534
-0.00108388
-0.0031125
-0.00502214
-0.00673897
-0.00819302
-0.00931956
-0.0100624
-0.0103788
-0.0102448
-0.009659
-0.00864394
-0.00724384
-0.00552014
-0.00354596
-0.00140142
0.000828955
0.00305687
0.00519032
0.0071347
0.00879644
0.0100891
0.010941
0.0113021
0.0111487
0.0104842
0.00933715
0.00775659
0.00580732
0.00356595
0.00111858
-0.00144057
-0.00401082
-0.00648784
-0.00876834
-0.010756
-0.0123669
-0.0135344
-0.0142112
-0.0143701
-0.0140043
-0.0131259
-0.011765
-0.00996893
-0.00780106
-0.00533945
-0.00267498
9.1625e-05
0.00285405
0.0055053
0.0079426
0.0100714
0.0118084
0.013084
0.013845
0.0140578
0.0137117
0.0128218
0.0114299
0.00960259
0.00742704
0.00500429
0.00244173
-0.000153446
-0.00267885
-0.00503909
-0.00714632
-0.00892053
-0.0102908
-0.0111989
-0.0116038
-0.0114872
-0.0108574
-0.00974972
-0.00822332
-0.00635539
-0.00423366
-0.00194982
0.00040484
0.0027411
0.00497168
0.00701071
0.00877437
0.0101837
0.0111697
0.0116799
0.0116841
0.0111788
0.010188
0.00875988
0.00696197
0.00487467
0.00258578
0.000186841
-0.0022288
-0.00456699
-0.00673422
-0.00864063
-0.0102049
-0.0113603
-0.0120605
-0.0122832
-0.0120315
-0.0113313
-0.0102273
-0.00877737
-0.00704881
-0.00511562
-0.00305733
-0.000958102
0.001095
0.00301526
0.00301526
0.00472107
0.00614134
0.00722043
0.00792149
0.0082275
0.00814042
0.00767898
0.00687617
0.00577724
0.00443819
0.00292458
0.00130989
-0.000327027
-0.0019058
-0.0033494
-0.00458942
-0.00557076
-0.0062549
-0.00662103
-0.00666543
-0.00639959
-0.00584803
-0.00504636
-0.00403989
-0.00288237
-0.0016343
-0.000360121
0.000875621
0.00201275
0.00299955
0.00379557
0.00437259
0.00471393
0.00481274
0.00467043
0.00429589
0.00370585
0.00292576
0.00199024
0.000942377
-0.000168564
-0.00129071
-0.00237343
-0.00337035
-0.00424094
-0.00495055
-0.00546964
-0.0057731
-0.00584005
-0.00565464
-0.00520797
-0.00450092
-0.00354705
-0.00237444
-0.00102513
0.000447833
0.00198509
0.00352576
0.00501091
0.00638502
0.00759579
0.00859367
0.00933238
0.00977151
0.00988097
0.00964626
0.00907247
0.00818564
0.00703042
0.005665
0.00415475
0.00256638
0.000963658
-0.000595048
-0.00205774
-0.00337872
-0.0045183
-0.00544301
-0.00612674
-0.00655255
-0.00671418
-0.00661646
-0.0062743
-0.00571058
-0.0049538
-0.00403592
-0.00299094
-0.00185412
-0.000661867
0.000548428
0.00173871
0.00287113
0.00390911
0.0048184
0.00556757
0.00612852
0.00647721
0.00659534
0.00647256
0.00610879
0.00551573
0.00471683
0.0037457
0.00264328
0.0014548
0.000227289
-0.000991775
-0.002155
-0.00321548
-0.00412785
-0.00485053
-0.00534884
-0.00559844
-0.00558798
-0.0053204
-0.00481252
-0.00409327
-0.00320107
-0.00218111
-0.00108284
4.20303e-05
0.00114124
0.00216364
0.00306106
0.0037907
0.00431763
0.00461731
0.00467748
0.00449904
0.00409561
0.00349182
0.00272058
0.00182022
0.000831804
-0.000202772
-0.00124197
-0.00224548
-0.00317514
-0.00399626
-0.00467937
-0.0052022
-0.00555123
-0.0057224
-0.00572011
-0.00555464
-0.00523833
-0.00478226
-0.00419515
-0.00348512
-0.00266356
-0.00174892
-0.000768608
0.00024239
0.00124569
0.00220489
0.00308996
0.00387886
0.00455564
0.00510632
0.00551464
0.00576062
0.00582296
0.00568481
0.00534063
0.00480091
0.00409292
0.00325689
0.00233934
0.00138589
0.000436211
-0.00047756
-0.00132929
-0.0020957
-0.00275391
-0.00328128
-0.003658
-0.00387147
-0.00392031
-0.00381619
-0.00358235
-0.003249
-0.00284749
-0.00240532
-0.00194379
-0.00147869
-0.00102329
-0.000591414
-0.000199264
0.000135307
0.000395577
0.000569537
0.000652521
0.000647661
0.00056401
0.000413228
0.000206382
-4.77649e-05
-0.000342266
-0.000669706
-0.00101935
-0.00137524
-0.00171623
-0.00201803
-0.00225651
-0.00241092
-0.00246604
-0.00241276
-0.00224751
-0.00197122
-0.00158897
-0.00111042
-0.000550895
6.7927e-05
0.000718532
0.00136953
0.00198857
0.00254539
0.00301407
0.00337414
0.00361057
0.00371326
0.00367684
0.00350094
0.00319122
0.0027603
0.00222807
0.00162051
0.000967288
0.000298422
-0.000358771
-0.000981679
-0.00155287
-0.00205934
-0.0024911
-0.0028401
-0.00309959
-0.00326426
-0.00333072
-0.00329791
-0.00316753
-0.00294405
-0.00263461
-0.00224866
-0.00179751
-0.00129385
-0.000751316
-0.0001841
0.000393177
0.000965355
0.00151635
0.00202884
0.0024844
0.00286446
0.00315191
0.003333
0.00339878
0.00334569
0.00317508
0.00289218
0.00250504
0.00202399
0.0014619
0.000835158
0.000165258
-0.000519931
-0.001186
-0.00179381
-0.00230338
-0.00267887
-0.00289365
-0.0029338
-0.00279947
-0.00250364
-0.00206893
-0.00152371
-0.000899037
-0.000227138
0.000458548
0.001123
0.00173016
0.00224522
0.00263826
0.00288824
0.00298609
0.00293582
0.00275327
0.00246316
0.00209519
0.00168051
0.00124922
0.000828994
0.000444181
0.000114586
-0.000146217
-0.000332576
-0.000447547
-0.000502182
-0.00051339
-0.000500993
-0.000484766
-0.000482035
-0.000505927
-0.000564273
-0.000659147
-0.000787039
-0.000939451
-0.00110365
-0.00126344
-0.00140008
-0.00149351
-0.00152438
-0.00147675
-0.00134106
-0.00111665
-0.00081277
-0.000447905
-4.73914e-05
0.000359811
0.000744326
0.00107867
0.00133831
0.00150178
0.00150178
0.00155056
0.00146955
0.00124854
0.000884451
0.000383923
-0.000234615
-0.000940079
-0.00168988
-0.00243323
-0.00311619
-0.00368707
-0.00410101
-0.00432253
-0.00432597
-0.00409456
-0.00361922
-0.00289839
-0.00193951
-0.000762026
0.000598995
0.00209002
0.00363887
0.00515837
0.00655388
0.00773303
0.00861516
0.00913799
0.00926024
0.00896055
0.00823419
0.00709011
0.00555017
0.00365162
0.00145218
-0.000965087
-0.00349063
-0.00599347
-0.00833248
-0.0103713
-0.0119925
-0.0131069
-0.0136574
-0.0136155
-0.0129769
-0.011757
-0.00999022
-0.00773431
-0.00507483
-0.00212795
0.000962971
0.00403748
0.00693313
0.00950172
0.0116225
0.0132093
0.0142111
0.014607
0.0144009
0.0136163
0.0122958
0.0105025
0.00832232
0.00586311
0.00325039
0.000618344
-0.00190099
-0.00418808
-0.0061434
-0.00769099
-0.00877839
-0.0093745
-0.00946745
-0.00906377
-0.00818919
-0.00689022
-0.00523505
-0.00331243
-0.00122791
0.000902512
0.00296042
0.00483328
0.00642175
0.00764489
0.00844302
0.00877857
0.00863594
0.00802096
0.00696059
0.00550254
0.00371418
0.00168011
-0.000502203
-0.00272846
-0.00489456
-0.00690342
-0.00867026
-0.0101258
-0.0112172
-0.0119084
-0.0121794
-0.0120269
-0.0114644
-0.0105224
-0.00924471
-0.00768078
-0.00588079
-0.00390268
-0.00182244
0.000269567
0.00228358
0.00414176
0.00578241
0.00716009
0.00824249
0.00900602
0.00943256
0.00950779
0.00922265
0.00857916
0.00759852
0.0063263
0.00483087
0.00319501
0.00150497
-0.000157976
-0.00172127
-0.00312133
-0.00430267
-0.00521773
-0.00582841
-0.00610861
-0.00604751
-0.00565252
-0.00495102
-0.00398944
-0.00282923
-0.0015405
-0.000195452
0.0011365
0.00239124
0.00351052
0.00444222
0.00514124
0.00557148
0.00570869
0.00554336
0.00508277
0.00435127
0.00338836
0.00224457
0.000976194
-0.000359542
-0.00170772
-0.00301648
-0.00423571
-0.00531507
-0.00620319
-0.00684934
-0.00720797
-0.00724484
-0.00694291
-0.00630607
-0.00535927
-0.00414515
-0.00271829
-0.00113934
0.000528952
0.00222292
0.00387704
0.00542283
0.00678951
0.00790775
0.00871615
0.00916885
0.009242
0.00893684
0.00827857
0.00731166
0.00609324
0.00468711
0.00315972
0.00157869
1.28303e-05
-0.00146804
-0.00279476
-0.00390277
-0.00473771
-0.00526114
-0.00545476
-0.00532169
-0.00488487
-0.00418332
-0.00326799
-0.0021982
-0.00103927
0.000139257
0.00126538
0.00226722
0.00307669
0.00363429
0.00389459
0.00383172
0.00344348
0.00275282
0.00180569
0.000665871
-0.00059195
-0.001889
-0.00314766
-0.00429468
-0.00526284
-0.00599238
-0.00643342
-0.00655002
-0.00632528
-0.00576567
-0.0049026
-0.00378995
-0.00249794
-0.00110499
0.000310006
0.00167328
0.00291894
0.0039898
0.00483779
0.00542516
0.00572676
0.0057326
0.00544981
0.00490267
0.0041308
0.00318558
0.00212593
0.00101421
-8.74248e-05
-0.00112003
-0.00203041
-0.00277334
-0.00331356
-0.00362728
-0.00370319
-0.00354249
-0.00315821
-0.00257387
-0.00182201
-0.000942601
1.84976e-05
0.00101134
0.0019839
0.00288427
0.00366281
0.00427418
0.00467912
0.00484622
0.00475351
0.00438989
0.00375613
0.00286515
0.00174179
0.000421837
-0.00104891
-0.00261572
-0.00421611
-0.00578161
-0.00724068
-0.00852265
-0.00956246
-0.0103051
-0.0107092
-0.0107491
-0.0104157
-0.00971581
-0.00867185
-0.00732097
-0.00571467
-0.00391787
-0.00200682
-6.53931e-05
0.00182013
0.00356698
0.00510142
0.00636287
0.00730612
0.00790172
0.00813539
0.00800716
0.00753098
0.00673481
0.00566077
0.00436461
0.00291362
0.0013831
-0.000148643
-0.00160563
-0.00291911
-0.00403113
-0.00489665
-0.00548412
-0.0057753
-0.00576468
-0.00545899
-0.004877
-0.00404928
-0.00301755
-0.0018332
-0.000554815
0.000755185
0.00203444
0.00322457
0.00427447
0.00514273
0.00579881
0.00622324
0.0064073
0.00635234
0.00606939
0.00557869
0.00490929
0.00409807
0.00318805
0.00222576
0.00125814
0.00125814
0.000329376
-0.000521668
-0.0012631
-0.00187071
-0.00232793
-0.00262553
-0.00276115
-0.0027391
-0.00257009
-0.00227083
-0.00186331
-0.00137367
-0.000830735
-0.000264379
0.000296039
0.000822944
0.00129151
0.00168032
0.00197196
0.00215376
0.00221871
0.00216646
0.00200395
0.0017451
0.00140962
0.00102091
0.0006038
0.000182585
-0.000220226
-0.000584436
-0.000892263
-0.00112846
-0.00128085
-0.00134147
-0.00130809
-0.00118547
-0.000985756
-0.000727327
-0.000432503
-0.000124572
0.000174869
0.000447635
0.000679551
0.000860167
0.000982111
0.00104059
0.00103335
0.000961067
0.000827951
0.000642025
0.000414702
0.000159635
-0.000108817
-0.000376982
-0.000632754
-0.000865898
-0.00106794
-0.00123194
-0.00135247
-0.00142571
-0.00144973
-0.00142463
-0.0013525
-0.001237
-0.00108301
-0.000896223
-0.000683129
-0.000451339
-0.000210014
2.99452e-05
0.000256257
0.000456261
0.000618329
0.00073327
0.000795241
0.000801892
0.000753802
0.000653502
0.000504673
0.00031202
8.19527e-05
-0.000176314
-0.000449917
-0.000722426
-0.000975075
-0.00118887
-0.00134696
-0.00143663
-0.00145029
-0.00138545
-0.00124388
-0.00103069
-0.000753815
-0.000423993
-5.50661e-05
0.000336011
0.000729752
0.0011054
0.00144265
0.00172332
0.00193271
0.00206042
0.00210043
0.00205087
0.00191358
0.00169369
0.00139948
0.00104223
0.000636094
0.000197583
-0.000255091
-0.000702869
-0.0011267
-0.00150832
-0.00183102
-0.00208031
-0.00224456
-0.00231549
-0.00228851
-0.00216291
-0.00194191
-0.00163243
-0.00124475
-0.000791994
-0.000289495
0.000245741
0.000795537
0.00134103
0.00186322
0.00234358
0.00276488
0.00311194
0.00337234
0.00353695
0.00360007
0.00355942
0.00341583
0.00317296
0.00283709
0.00241725
0.00192548
0.00137712
0.000790724
0.000187474
-0.000410012
-0.00097911
-0.00149851
-0.00194907
-0.0023142
-0.00257991
-0.00273506
-0.0027718
-0.00268648
-0.00248063
-0.00216165
-0.00174287
-0.00124275
-0.000683339
-8.84902e-05
0.000517758
0.0011123
0.00167347
0.00218119
0.00261701
0.00296448
0.00320977
0.00334247
0.00335644
0.00325027
0.00302748
0.00269614
0.00226831
0.00175914
0.00118607
0.000568097
-7.46563e-05
-0.000721083
-0.001349
-0.00193507
-0.00245519
-0.00288556
-0.00320461
-0.0033954
-0.00344723
-0.003355
-0.00311787
-0.00273959
-0.00223014
-0.00160645
-0.000892041
-0.000116484
0.00068555
0.00147578
0.00221461
0.00286414
0.00339117
0.00376941
0.00398024
0.00401282
0.00386393
0.00353802
0.00304734
0.00241193
0.00165908
0.000822513
-5.90718e-05
-0.000944049
-0.00179064
-0.00255997
-0.00321889
-0.00374172
-0.00411096
-0.00431698
-0.00435718
-0.004235
-0.00395912
-0.0035429
-0.00300412
-0.00236498
-0.00165207
-0.000896041
-0.000130658
0.000608619
0.00128658
0.00187045
0.0023319
0.00264867
0.00280551
0.00279439
0.00261435
0.00227138
0.00177857
0.00115663
0.000434125
-0.000352881
-0.00116246
-0.00194945
-0.00266877
-0.00327871
-0.00374345
-0.00403473
-0.00413257
-0.00402548
-0.00371071
-0.00319477
-0.00249401
-0.00163502
-0.000654116
0.000404204
0.00149
0.00255137
0.00353793
0.00440373
0.00510907
0.00562132
0.00591527
0.00597367
0.00578824
0.00536119
0.00470649
0.00385034
0.00283009
0.00169174
0.000486407
-0.000733425
-0.00191709
-0.00301781
-0.00399376
-0.00480837
-0.00543073
-0.00583648
-0.00600931
-0.00594287
-0.00564231
-0.00512469
-0.00441818
-0.0035598
-0.00259262
-0.00156285
-0.000517574
0.000496871
0.00143593
0.00225782
0.00292485
0.00340518
0.00367496
0.00372032
0.00353884
0.00314016
0.0025456
0.00178687
0.000904091
-5.66595e-05
-0.00104569
-0.00201186
-0.00290438
-0.00367472
-0.0042789
-0.00468022
-0.0048521
-0.00478032
-0.00446414
-0.00391618
-0.00316116
-0.00223406
-0.00117805
-4.23452e-05
0.00111975
0.00225301
0.0033027
0.00421752
0.0049528
0.00547379
0.00575805
0.00579665
0.00559396
0.00516615
0.0045391
0.00374597
0.00282488
0.00181698
0.000765049
0.000765049
-0.000287734
-0.00129893
-0.00222831
-0.00303972
-0.00370293
-0.00419506
-0.00450134
-0.00461503
-0.00453693
-0.00427469
-0.00384214
-0.00325877
-0.00254934
-0.00174338
-0.000874768
1.92216e-05
0.000899156
0.00172526
0.00245957
0.00306807
0.00352258
0.00380226
0.00389446
0.00379512
0.00350883
0.00304856
0.00243524
0.00169698
0.00086808
-1.25898e-05
-0.000903611
-0.00176342
-0.0025528
-0.00323711
-0.00378796
-0.00418423
-0.00441227
-0.00446563
-0.00434432
-0.00405424
-0.00360674
-0.00301872
-0.00231279
-0.00151717
-0.000664877
0.000208009
0.00106475
0.0018706
0.00259498
0.00321269
0.003704
0.00405399
0.00425179
0.00429036
0.00416722
0.00388578
0.00345675
0.0028989
0.00223855
0.00150787
0.0007424
-2.17879e-05
-0.000750414
-0.00141266
-0.00198203
-0.00243675
-0.00275999
-0.0029402
-0.00297173
-0.00285545
-0.00259934
-0.00221851
-0.00173478
-0.00117556
-0.000572317
4.15176e-05
0.000632743
0.00117057
0.00162835
0.00198463
0.00222352
0.00233437
0.00231128
0.00215264
0.00186122
0.00144459
0.000915855
0.000294069
-0.000396038
-0.00112519
-0.00186132
-0.00257152
-0.00322381
-0.00378852
-0.00423926
-0.00455364
-0.00471382
-0.00470701
-0.00452604
-0.00417003
-0.00364496
-0.00296427
-0.0021491
-0.00122798
-0.000236072
0.000786463
0.0017967
0.00275167
0.00361113
0.00433998
0.00490989
0.00530036
0.00549905
0.00550194
0.00531332
0.00494572
0.00441953
0.00376221
0.00300672
0.00218942
0.00134777
0.000518028
-0.000266478
-0.000976654
-0.00158849
-0.00208365
-0.00244997
-0.00268185
-0.00278041
-0.00275317
-0.00261326
-0.00237795
-0.00206717
-0.00170211
-0.00130427
-0.000894907
-0.000494481
-0.000122016
0.000205826
0.000475755
0.000678715
0.000810292
0.000870584
0.000863562
0.000796128
0.000677092
0.000516359
0.000324449
0.000112351
-0.000108441
-0.000325931
-0.000527816
-0.000701988
-0.000837303
-0.000924476
-0.000956875
-0.000931026
-0.00084672
-0.000706779
-0.000516625
-0.000283832
-1.77582e-05
0.000270735
0.000569548
0.000865678
0.00114578
0.00139703
0.00160814
0.00177034
0.00187811
0.00192944
0.00192566
0.00187104
0.00177221
0.00163766
0.00147721
0.00130148
0.00112123
0.000946406
0.000785339
0.000644021
0.000525887
0.000432017
0.000361714
0.000313189
0.000284146
0.000272181
0.000274984
0.000290429
0.000316558
0.000351576
0.000393862
0.000442008
0.000494801
0.000551038
0.000609091
0.000666317
0.000718579
0.000760127
0.000783963
0.000782564
0.000748758
0.000676488
0.000561308
0.000400575
0.000193409
-5.93789e-05
-0.00035512
-0.000688659
-0.00105136
-0.00143019
-0.00180754
-0.00216218
-0.00247144
-0.00271385
-0.00287165
-0.00293236
-0.00288934
-0.00274151
-0.00249272
-0.00215137
-0.00173027
-0.00124674
-0.000722501
-0.000182994
0.000344137
0.000831197
0.00125281
0.00158796
0.0018213
0.00194366
0.00195205
0.00184924
0.00164329
0.0013471
0.000977858
0.000556393
0.000106269
-0.000347435
-0.000779587
-0.00116655
-0.00148755
-0.00172575
-0.00186873
-0.00190864
-0.00184209
-0.00166987
-0.00139681
-0.00103172
-0.000587421
-8.05871e-05
0.000468521
0.00103672
0.00159892
0.00212937
0.00260308
0.00299702
0.00329103
0.00346852
0.00351705
0.00342899
0.0032023
0.00284138
0.0023576
0.0017692
0.00110045
0.000380035
-0.000360949
-0.00109107
-0.00178026
-0.00240104
-0.00292927
-0.00334473
-0.00363164
-0.00377937
-0.00378303
-0.00364396
-0.00336975
-0.00297383
-0.00247465
-0.00189461
-0.00125891
-0.000594431
7.12954e-05
0.000710997
0.00129867
0.00181066
0.00222679
0.00253141
0.0027142
0.00277061
0.00270197
0.0025151
0.00222186
0.0018384
0.00138447
0.000882671
0.000357601
-0.000165077
-0.000659809
-0.00110247
-0.00147175
-0.00175038
-0.0019261
-0.0019922
-0.00194747
-0.00179588
-0.00154586
-0.00120955
-0.00080197
-0.000340361
0.00015639
0.000668169
0.00117397
0.00165226
0.00208148
0.00244094
0.00271192
0.0028789
0.00293064
0.00286094
0.00266899
0.00266899
0.00235947
0.00194247
0.00143318
0.000851341
0.000220492
-0.000433206
-0.00108228
-0.00169939
-0.00225873
-0.00273718
-0.00311514
-0.00337707
-0.00351182
-0.00351304
-0.00337966
-0.00311647
-0.00273439
-0.00225022
-0.00168571
-0.00106603
-0.000417903
0.00023216
0.000859231
0.00144069
0.00195632
0.00238789
0.00271895
0.00293498
0.00302434
0.00297982
0.00280029
0.00249185
0.00206791
0.00154817
0.000956731
0.000319798
-0.000336252
-0.000986051
-0.00160554
-0.00217164
-0.00266199
-0.00305523
-0.00333221
-0.00347798
-0.00348385
-0.00334902
-0.00308095
-0.00269459
-0.00221052
-0.00165273
-0.00104665
-0.000417817
0.000208549
0.000807566
0.00135471
0.00182636
0.00220104
0.00246121
0.00259511
0.0025981
0.0024731
0.00222999
0.00188431
0.00145557
0.00096565
0.00043774
-0.000104312
-0.000636285
-0.00113392
-0.00157357
-0.00193338
-0.00219479
-0.00234411
-0.00237367
-0.0022824
-0.00207553
-0.00176381
-0.0013625
-0.00089035
-0.000368891
0.000178142
0.000725413
0.00124681
0.00171659
0.00211087
0.00240915
0.00259573
0.00266061
0.00259992
0.00241576
0.00211573
0.00171234
0.00122252
0.000667188
7.086e-05
-0.000538961
-0.00113291
-0.00168138
-0.00215657
-0.00253447
-0.00279656
-0.00293076
-0.00293174
-0.00280051
-0.00254371
-0.00217297
-0.00170442
-0.00115843
-0.000559415
6.48646e-05
0.000684454
0.00126899
0.00178977
0.00222181
0.00254537
0.00274694
0.00281932
0.00276135
0.00257736
0.00227667
0.00187332
0.00138591
0.000837207
0.000253395
-0.000337226
-0.000905964
-0.00142563
-0.00187228
-0.00222653
-0.00247432
-0.00260706
-0.00262148
-0.00251934
-0.00230719
-0.0019962
-0.00160192
-0.00114375
-0.000644105
-0.000127029
0.000383297
0.000864076
0.00129512
0.00165965
0.00194468
0.00214112
0.00224375
0.00225122
0.00216601
0.00199444
0.0017464
0.00143497
0.00107567
0.00068549
0.000281875
-0.0001183
-0.000499461
-0.000847811
-0.00115153
-0.00140082
-0.00158782
-0.00170672
-0.00175399
-0.00172878
-0.00163339
-0.00147369
-0.00125917
-0.00100251
-0.000718674
-0.000423718
-0.0001334
0.000138021
0.000378713
0.000579731
0.000735041
0.0008412
0.000896926
0.000902798
0.000861179
0.000776359
0.000654746
0.000504916
0.00033732
0.000163568
-4.62895e-06
-0.000156622
-0.00028379
-0.000380032
-0.00044167
-0.000466876
-0.000454952
-0.000405806
-0.000319901
-0.000198765
-4.58412e-05
0.000132748
0.000327942
0.000528249
0.000720945
0.000893596
0.00103544
0.00113827
0.0011967
0.00120785
0.00117086
0.00108641
0.000956716
0.000785757
0.000579702
0.00034718
9.90729e-05
-0.000152281
-0.000394351
-0.000615824
-0.00080774
-0.000964007
-0.00108114
-0.00115747
-0.0011922
-0.00118492
-0.00113556
-0.00104508
-0.000916233
-0.000754163
-0.000566414
-0.000362292
-0.000151829
5.52777e-05
0.000250351
0.000425869
0.000575203
0.000692262
0.000771373
0.000807594
0.000797483
0.000740075
0.000637651
0.000495944
0.000323675
0.000131516
-6.91641e-05
-0.000267428
-0.000453458
-0.000618761
-0.000756026
-0.000858911
-0.000922023
-0.000941224
-0.000914213
-0.000841083
-0.000724568
-0.000569806
-0.000383641
-0.000173716
5.23336e-05
0.000287341
0.000524674
0.000758
0.000980993
0.00118721
0.00137032
0.00152457
0.00164538
0.00172971
0.001776
0.00178381
0.00175331
0.00168502
0.00157984
0.00143944
0.00126682
0.00106664
0.000845247
0.000610193
0.000369395
0.000130241
-0.000101063
-0.000319671
-0.000521764
-0.000703897
-0.000862391
-0.000993131
-0.0010919
-0.0011552
-0.0011812
-0.00117045
-0.00112617
-0.00105385
-0.000960444
-0.000853465
-0.000740108
-0.000626838
-0.000519329
-0.000422551
-0.00034078
-0.000277394
-0.000234486
-0.000212479
-0.00020992
-0.000223542
-0.000248578
-0.000279244
-0.000309278
-0.000332416
-0.000342756
-0.000335065
-0.000305053
-0.000249669
-0.000167407
-5.85466e-05
7.47888e-05
0.000228804
0.000398428
0.000577844
0.000761008
0.00094205
0.00111548
0.00127625
0.00141969
0.00154151
0.00163776
0.00170497
0.00174031
0.00174031
0.00174177
0.0017084
0.00164035
0.00153888
0.00140619
0.00124533
0.00106
0.000854473
0.000633459
0.000401879
0.000164626
-7.36987e-05
-0.000308967
-0.000537564
-0.000756272
-0.000962022
-0.00115165
-0.00132178
-0.00146892
-0.00158977
-0.00168157
-0.00174243
-0.00177138
-0.00176836
-0.00173397
-0.0016693
-0.00157578
-0.00145517
-0.00130967
-0.00114213
-0.000956236
-0.000756642
-0.00054881
-0.000338678
-0.000132153
6.54142e-05
0.000249625
0.00041721
0.000565936
0.000694306
0.000801212
0.000885653
0.000946623
0.000983218
0.00099494
0.000982041
0.000945778
0.000888479
0.00081338
0.000724315
0.000625408
0.000520893
0.00041503
0.000312047
0.000216005
0.000130569
5.87023e-05
2.39555e-06
-3.75067e-05
-6.13377e-05
-7.05355e-05
-6.75148e-05
-5.55111e-05
-3.84173e-05
-2.06138e-05
-6.75202e-06
-1.46146e-06
-8.98666e-06
-3.28064e-05
-7.53272e-05
-0.000137721
-0.000219901
-0.000320562
-0.000437179
-0.000565888
-0.000701322
-0.000836598
-0.000963627
-0.00107375
-0.00115861
-0.00121103
-0.00122571
-0.00119963
-0.0011322
-0.00102505
-0.000881759
-0.000707576
-0.000509163
-0.000294482
-7.26638e-05
0.000146273
0.000351932
0.000534301
0.000684615
0.000796144
0.000864736
0.000888973
0.000869944
0.000810744
0.00071592
0.000591009
0.000442293
0.000276734
0.000101964
-7.38275e-05
-0.000242203
-0.000394992
-0.000524872
-0.000625827
-0.000693364
-0.000724468
-0.000717409
-0.000671563
-0.000587396
-0.000466647
-0.000312682
-0.000130885
7.10987e-05
0.00028348
0.000494893
0.000693356
0.000867391
0.00100697
0.00110412
0.00115302
0.00114991
0.00109284
0.000981637
0.000818128
0.000606687
0.000354708
7.2741e-05
-0.00022595
-0.00052644
-0.000813577
-0.0010734
-0.0012942
-0.00146696
-0.0015853
-0.00164507
-0.00164392
-0.00158109
-0.00145765
-0.00127695
-0.0010451
-0.000771106
-0.000466522
-0.000144667
0.000180471
0.000495255
0.000787146
0.00104508
0.0012596
0.00142283
0.00152855
0.0015725
0.00155279
0.00147044
0.00132966
0.0011379
0.000905378
0.00064436
0.000368214
9.05299e-05
-0.000175585
-0.000418008
-0.000625955
-0.0007903
-0.000903951
-0.000962262
-0.000963421
-0.000908664
-0.000802255
-0.000651158
-0.00046444
-0.000252515
-2.63934e-05
0.000202966
0.00042513
0.000630501
0.000810504
0.000957789
0.00106648
0.00113245
0.00115356
0.00112974
0.00106294
0.000956828
0.000816486
0.000648038
0.000458362
0.000254883
4.54537e-05
-0.000161738
-0.000358299
-0.000535893
-0.000686649
-0.000803684
-0.000881606
-0.000916894
-0.000908074
-0.000855687
-0.000762115
-0.000631395
-0.000469123
-0.000282441
-8.00469e-05
0.000127927
0.00033033
0.000515702
0.000673172
0.000793367
0.000869102
0.00089572
0.000871089
0.000795388
0.000670852
0.000501607
0.000293634
5.47614e-05
-0.000205436
-0.000475966
-0.00074503
-0.00100086
-0.0012326
-0.00143109
-0.00158938
-0.00170295
-0.00176961
-0.00178929
-0.00176371
-0.00169627
-0.00159186
-0.00145681
-0.00129874
-0.00112625
-0.000948478
-0.000774452
-0.000612487
-0.00046966
-0.000351498
-0.000261875
-0.000203059
-0.000175807
-0.000179432
-0.000211826
-0.000269484
-0.000347596
-0.000440256
-0.000540802
-0.000642254
-0.00073776
-0.00082094
-0.000886097
-0.000928273
-0.000943242
-0.000927565
-0.000878776
-0.000795702
-0.000678805
-0.000530473
-0.000355131
-0.000159077
4.99827e-05
0.000263583
0.000473174
0.000670696
0.000848923
0.0010016
0.00112349
0.00121041
0.00125941
0.00126906
0.00123975
0.00117391
0.00107609
0.000952669
0.000811428
0.000660921
0.000509891
0.000366777
0.000239339
0.000134349
5.72976e-05
1.21271e-05
1.02479e-06
2.4326e-05
8.05428e-05
0.000166501
0.000277574
0.000407958
0.000550962
0.000699293
0.000845349
0.000981543
0.00110068
0.00119639
0.00126352
0.00129847
0.00129941
0.00126635
0.0012011
0.00110708
0.000989159
0.000853326
0.000706369
0.000555543
0.000408243
0.000271684
0.000152606
5.69899e-05
-1.02272e-05
-4.54146e-05
-4.64629e-05
-1.29261e-05
5.39037e-05
0.000151006
0.00027373
0.00041597
0.00057043
0.000728993
0.000883208
0.000883208
0.0010248
0.00114616
0.00124073
0.00130326
0.0013299
0.00131819
0.00126694
0.00117625
0.00104754
0.000883737
0.000689441
0.000470917
0.00023592
-6.70719e-06
-0.000247561
-0.000477228
-0.000686764
-0.00086808
-0.0010142
-0.00111948
-0.00117974
-0.00119249
-0.00115704
-0.00107471
-0.000948852
-0.000784794
-0.000589585
-0.000371631
-0.000140235
9.48979e-05
0.000324133
0.000538345
0.000729281
0.000889841
0.00101426
0.0010982
0.0011388
0.00113476
0.00108639
0.000995758
0.000866777
0.000705179
0.00051832
0.000314774
0.000103794
-0.000105289
-0.000303592
-0.000483055
-0.000636647
-0.000758501
-0.000844077
-0.000890422
-0.000896508
-0.000863551
-0.000795124
-0.000696983
-0.000576613
-0.000442581
-0.000303808
-0.000168929
-4.58092e-05
5.87269e-05
0.00013903
0.000190693
0.00021063
0.000197226
0.00015053
7.24504e-05
-3.31292e-05
-0.00016041
-0.000301967
-0.000449273
-0.00059339
-0.00072569
-0.000838449
-0.000925206
-0.000980895
-0.00100182
-0.000985587
-0.000931135
-0.000838915
-0.000711237
-0.000552665
-0.000370266
-0.000173488
2.64201e-05
0.000217417
0.00038785
0.000527486
0.000628171
0.000684039
0.000691347
0.000648191
0.000554341
0.000411428
0.000223461
-2.56135e-06
-0.000256332
-0.000524546
-0.000791931
-0.00104277
-0.00126252
-0.00143912
-0.00156366
-0.00163048
-0.00163677
-0.00158213
-0.00146826
-0.00129894
-0.00108029
-0.000821109
-0.000532825
-0.00022902
7.55632e-05
0.00036633
0.000630142
0.000856274
0.00103687
0.00116693
0.0012439
0.00126728
0.00123836
0.00116011
0.00103746
0.000877363
0.000688736
0.000482022
0.000268409
5.88923e-05
-0.000136543
-0.000309476
-0.00045325
-0.000562901
-0.000634987
-0.00066748
-0.000659823
-0.00061315
-0.000530599
-0.000417571
-0.000281774
-0.000132928
1.79259e-05
0.000159396
0.000280811
0.000373157
0.00042972
0.000446331
0.000421215
0.000354611
0.000248368
0.000105676
-6.89901e-05
-0.00026978
-0.000489372
-0.00071903
-0.000948897
-0.00116852
-0.00136755
-0.00153646
-0.00166728
-0.00175404
-0.00179305
-0.00178288
-0.00172414
-0.00161915
-0.00147163
-0.00128656
-0.00107007
-0.000829505
-0.000573436
-0.000311523
-5.41984e-05
0.000187904
0.000404686
0.00058735
0.00072904
0.00082523
0.000873825
0.000875019
0.000831014
0.000745727
0.000624598
0.000474526
0.000303867
0.000122356
-5.91956e-05
-0.000229502
-0.00037766
-0.000494111
-0.000571543
-0.000605472
-0.000594388
-0.000539487
-0.00044414
-0.000313322
-0.000153201
2.90213e-05
0.000225119
0.00042588
0.000621383
0.000801604
0.000957303
0.00108096
0.00116752
0.00121467
0.00122272
0.00119402
0.00113234
0.00104234
0.000929187
0.000798487
0.000656252
0.000508889
0.000363004
0.000225052
0.000100885
-4.70624e-06
-8.83205e-05
-0.000148075
-0.000183525
-0.000195453
-0.000185604
-0.000156427
-0.000110875
-5.22353e-05
1.60235e-05
9.0386e-05
0.000167394
0.000243736
0.000316339
0.000382448
0.000439716
0.000486318
0.000521047
0.000543384
0.000553503
0.000552211
0.000540805
0.000520885
0.000494181
0.000462431
0.000427349
0.000390652
0.000354104
0.000319527
0.000288743
0.000263448
0.00024505
0.000234547
0.000232499
0.000239128
0.000254504
0.000278717
0.000311885
0.000353922
0.000404072
0.000460406
0.000519527
0.000576698
0.000626416
0.000663268
0.000682763
0.000681853
0.000658999
0.000613823
0.000546587
0.000457782
0.000348068
0.000218611
7.16409e-05
-8.90499e-05
-0.000257984
-0.000428341
-0.00059268
-0.000743795
-0.000875422
-0.000982614
-0.00106178
-0.00111051
-0.00112727
-0.00111129
-0.00106252
-0.000981832
-0.000871253
-0.000734139
-0.000575191
-0.000400244
-0.000215865
-2.88666e-05
0.000154143
0.000327091
0.000484582
0.000621878
0.000734788
0.00081961
0.000873245
0.000893499
0.000879468
0.000831864
0.000753129
0.000647259
0.000519402
0.000375337
0.000221014
6.22762e-05
-9.52192e-05
-0.000245929
-0.000384361
-0.00050516
-0.000603385
-0.000674923
-0.000716908
-0.000727997
-0.000708406
-0.000659744
-0.000584731
-0.000486889
-0.000370316
-0.000239611
-9.98955e-05
4.31649e-05
0.000183433
0.000183433
0.000314544
0.000430319
0.00052529
0.000595171
0.000637178
0.000650158
0.00063449
0.00059184
0.000524902
0.000437199
0.000332994
0.000217248
9.55532e-05
-2.60821e-05
-0.000141658
-0.000245752
-0.000334065
-0.000403785
-0.000453677
-0.000483906
-0.000495691
-0.000490936
-0.000471987
-0.000441535
-0.000402664
-0.000358908
-0.000314195
-0.000272606
-0.000237935
-0.000213148
-0.000199909
-0.000198377
-0.000207338
-0.000224612
-0.000247599
-0.000273748
-0.000300827
-0.000326923
-0.000350281
-0.000369088
-0.000381365
-0.000385084
-0.000378471
-0.000360412
-0.000330767
-0.000290481
-0.00024142
-0.000186001
-0.000126748
-6.59519e-05
-5.49336e-06
5.31232e-05
0.000108606
0.000159679
0.000204971
0.000243055
0.00027263
0.000292768
0.000303126
0.000304039
0.000296462
0.000281792
0.000261624
0.00023753
0.000210885
0.000182774
0.000153947
0.000124851
9.57322e-05
6.67258e-05
3.7922e-05
9.38456e-06
-1.88818e-05
-4.6994e-05
-7.52369e-05
-0.000104053
-0.000133965
-0.000165445
-0.000198761
-0.000233849
-0.000270274
-0.000307284
-0.000343961
-0.000379393
-0.000412795
-0.000443546
-0.000471141
-0.000495092
-0.000514848
-0.000529784
-0.000539276
-0.000542825
-0.0005402
-0.00053152
-0.000517265
-0.000498209
-0.000475296
-0.000449482
-0.000421599
-0.000392244
-0.000361704
-0.000329936
-0.000296601
-0.000261139
-0.000222815
-0.000180708
-0.000133652
-8.02373e-05
-1.89163e-05
5.17334e-05
0.000132632
0.00022384
0.000324347
0.0004321
0.000544266
0.000657611
0.000768858
0.000874869
0.000972615
0.00105906
0.00113106
0.00118546
0.00121933
0.00123038
0.00121735
0.00118015
0.00111996
0.00103893
0.000939907
0.000826048
0.000700597
0.000566807
0.000427996
0.000287649
0.000149454
1.7222e-05
-0.000105328
-0.000214857
-0.000308654
-0.000384717
-0.000441619
-0.000478255
-0.000493609
-0.000486698
-0.000456789
-0.000403779
-0.000328619
-0.000233589
-0.000122295
6.46578e-07
0.000130104
0.000260926
0.000388278
0.000507714
0.00061507
0.000706323
0.00077758
0.000825297
0.000846689
0.000840219
0.000805979
0.000745823
0.0006632
0.000562724
0.000449639
0.000329327
0.000206979
8.74706e-05
-2.46282e-05
-0.000125034
-0.000209819
-0.000275604
-0.000319855
-0.000341181
-0.000339523
-0.000316175
-0.000273619
-0.000215224
-0.000144912
-6.68726e-05
1.46205e-05
9.53232e-05
0.000171084
0.000237948
0.000292343
0.000331369
0.000353105
0.000356856
0.00034323
0.000314018
0.000271897
0.000220075
0.000161975
0.00010101
4.04886e-05
-1.63999e-05
-6.65868e-05
-0.000107207
-0.000135791
-0.000150565
-0.000150781
-0.000136906
-0.000110619
-7.45814e-05
-3.20417e-05
1.35915e-05
5.90719e-05
0.000101476
0.000138206
0.000166875
0.000185215
0.000191091
0.000182691
0.000158801
0.000119087
6.42754e-05
-3.87784e-06
-8.28089e-05
-0.000169474
-0.000260687
-0.000353376
-0.000444682
-0.000531919
-0.000612455
-0.000683624
-0.000742728
-0.000787184
-0.000814795
-0.000824071
-0.000814476
-0.0007865
-0.000741526
-0.000681553
-0.000608872
-0.000525855
-0.000434913
-0.000338601
-0.000239786
-0.000141763
-4.81927e-05
3.71742e-05
0.000110898
0.000170256
0.000213513
0.000239984
0.000249887
0.000244092
0.000223866
0.000190724
0.000146407
9.29588e-05
3.28077e-05
-3.12244e-05
-9.60284e-05
-0.000158448
-0.000215637
-0.000265475
-0.000306924
-0.000340199
-0.000366611
-0.000388087
-0.000406501
-0.000423098
-0.000438234
-0.000451528
-0.000462334
-0.000470293
-0.00047571
-0.000479558
-0.000483124
-0.00048746
-0.000492898
-0.000498896
-0.000504284
-0.000507813
-0.000508767
-0.000507354
-0.000504718
-0.000502572
-0.000502625
-0.000506036
-0.000513125
-0.000523403
-0.000535868
-0.00054939
-0.000562985
-0.000575828
-0.000587062
-0.000595534
-0.000599635
-0.00059734
-0.000586482
-0.000565147
-0.000532041
-0.000486691
-0.000429432
-0.000361236
-0.000283509
-0.000197977
-0.000106694
-1.21512e-05
8.26232e-05
0.000174118
0.000258571
0.000332335
0.000392295
0.000436198
0.000462837
0.000472049
0.000464564
0.000441786
0.000405609
0.00035832
0.000302582
0.000241453
0.000178369
0.000117014
6.10782e-05
1.39594e-05
-2.1572e-05
-4.36389e-05
-5.13852e-05
-5.13852e-05
-4.49713e-05
-2.54831e-05
5.21312e-06
4.46236e-05
8.97551e-05
0.000137243
0.000183509
0.000224945
0.000258118
0.000280014
0.000288292
0.000281492
0.00025915
0.000221799
0.000170876
0.000108549
3.75358e-05
-3.90524e-05
-0.000117853
-0.000195379
-0.00026815
-0.000332845
-0.000386478
-0.000426571
-0.000451294
-0.000459525
-0.000450822
-0.000425324
-0.000383605
-0.000326538
-0.000255199
-0.000170876
-7.5145e-05
3.0045e-05
0.000142317
0.000258856
0.000376455
0.000491596
0.000600538
0.000699449
0.000784602
0.000852596
0.000900589
0.000926506
0.000929161
0.000908307
0.000864622
0.000799655
0.00071576
0.000616044
0.000504316
0.000385003
0.000262994
0.000143359
3.09552e-05
-7.00043e-05
-0.000156302
-0.000225903
-0.000277937
-0.000312518
-0.00033046
-0.000332979
-0.00032146
-0.000297319
-0.000262029
-0.000217236
-0.000164892
-0.000107291
-4.69648e-05
1.35376e-05
7.19358e-05
0.00012644
0.00017584
0.000219429
0.000256801
0.000287586
0.000311236
0.00032697
0.000333921
0.000331414
0.00031928
0.000298058
0.000268994
0.00023386
0.000194663
0.000153354
0.000111644
7.09794e-05
3.26608e-05
-1.99119e-06
-3.15276e-05
-5.43935e-05
-6.91016e-05
-7.4503e-05
-7.00495e-05
-5.59603e-05
-3.32425e-05
-3.55146e-06
3.10513e-05
6.83563e-05
0.00010621
0.000142615
0.000175737
0.000203844
0.000225281
0.000238513
0.000242274
0.000235768
0.000218881
0.000192299
0.00015747
0.000116435
7.15615e-05
2.52734e-05
-2.01615e-05
-6.27203e-05
-0.000100618
-0.000132258
-0.000156197
-0.000171211
-0.000176441
-0.000171603
-0.000157168
-0.000134448
-0.00010549
-7.28309e-05
-3.91768e-05
-7.09847e-06
2.1166e-05
4.37949e-05
5.93804e-05
6.69016e-05
6.57251e-05
5.5648e-05
3.69714e-05
1.05702e-05
-2.20827e-05
-5.89425e-05
-9.74759e-05
-0.000134805
-0.000167888
-0.000193726
-0.000209593
-0.000213251
-0.000203098
-0.000178262
-0.000138625
-8.48179e-05
-1.82066e-05
5.91157e-05
0.000144366
0.000234154
0.00032463
0.000411707
0.000491338
0.000559783
0.000613858
0.000651112
0.000669958
0.000669748
0.000650817
0.000614463
0.000562873
0.000498982
0.000426252
0.000348418
0.000269228
0.000192248
0.000120728
5.75155e-05
4.99984e-06
-3.49403e-05
-6.10153e-05
-7.26166e-05
-6.98669e-05
-5.36056e-05
-2.52809e-05
1.32487e-05
5.99311e-05
0.000112678
0.000169443
0.000228219
0.000286987
0.000343666
0.000396114
0.000442183
0.000479853
0.000507392
0.000523495
0.000527387
0.000518862
0.000498232
0.000466246
0.000424012
0.000372929
0.000314651
0.000251086
0.000184386
0.000116915
5.11707e-05
-1.03518e-05
-6.53286e-05
-0.000111787
-0.000148243
-0.000173784
-0.000188078
-0.000191331
-0.00018421
-0.000167779
-0.000143447
-0.000112949
-7.83551e-05
-4.206e-05
-6.70255e-06
2.499e-05
5.041e-05
6.73075e-05
7.40193e-05
6.96255e-05
5.39913e-05
2.76994e-05
-8.09072e-06
-5.18058e-05
-0.000101595
-0.000155402
-0.000210978
-0.000265895
-0.000317608
-0.000363607
-0.00040165
-0.000430028
-0.000447772
-0.000454725
-0.000451456
-0.000439037
-0.000418779
-0.000392036
-0.00036012
-0.000324352
-0.000286177
-0.000247245
-0.000209403
-0.000174565
-0.00014452
-0.000120736
-0.000104246
-9.56423e-05
-9.51597e-05
-0.000102795
-0.000118394
-0.000141648
-0.000172023
-0.000208638
-0.000250176
-0.000294879
-0.000340662
-0.000385303
-0.000426655
-0.000462833
-0.000492332
-0.000514053
-0.000527283
-0.000531693
-0.000527353
-0.000514763
-0.000494866
-0.000469061
-0.000439144
-0.000407172
-0.000375299
-0.000345619
-0.000320027
-0.00030012
-0.000287165
-0.000282077
-0.000285398
-0.000297282
-0.000317464
-0.000345201
-0.000379194
-0.000417517
-0.000457611
-0.000496382
-0.000530441
-0.000556427
-0.000571341
-0.000572815
-0.000559263
-0.000529935
-0.000484875
-0.000424868
-0.000351392
-0.000266585
-0.000173217
-7.46502e-05
2.52639e-05
0.000122383
0.000212553
0.000291919
0.000357214
0.000405972
0.000436655
0.000448678
0.000442363
0.000418839
0.000379918
0.000327984
0.000265889
0.000196866
0.000124415
5.21783e-05
-1.61976e-05
-7.72426e-05
-0.00012784
-0.000165394
-0.000187951
-0.000194265
-0.000183797
-0.000156662
-0.000113552
-5.56744e-05
1.52778e-05
1.52778e-05
9.71264e-05
0.00018721
0.000282401
0.00037917
0.000473718
0.000562186
0.000640892
0.000706594
0.000756687
0.000789319
0.000803424
0.00079871
0.000775635
0.00073543
0.000680138
0.000612642
0.000536579
0.000456107
0.000375514
0.000298744
0.000228985
0.000168448
0.000118391
7.93087e-05
5.11897e-05
3.37047e-05
2.62401e-05
2.78093e-05
3.69371e-05
5.16458e-05
6.96081e-05
8.84378e-05
0.000106033
0.000120854
0.000132023
0.000139231
0.000142483
0.000141801
0.000136997
0.000127629
0.000113127
9.30376e-05
6.72824e-05
3.63179e-05
1.14422e-06
-3.6833e-05
-7.60317e-05
-0.000114925
-0.000152196
-0.000186774
-0.000217765
-0.00024434
-0.000265693
-0.000281136
-0.000290348
-0.000293632
-0.000292082
-0.000287525
-0.00028223
-0.000278413
-0.000277756
-0.000281089
-0.000288366
-0.0002989
-0.000311767
-0.000326144
-0.000341432
-0.000357119
-0.000372478
-0.000386278
-0.000396695
-0.000401512
-0.000398551
-0.000386211
-0.000363891
-0.000332135
-0.000292456
-0.00024692
-0.000197668
-0.000146547
-9.49771e-05
-4.40834e-05
5.03574e-06
5.1059e-05
9.23771e-05
0.000127277
0.000154331
0.000172846
0.000183174
0.000186719
0.000185678
0.000182586
0.000179844
0.000179401
0.000182685
0.000190749
0.000204497
0.000224857
0.00025275
0.000288821
0.000332994
0.000384022
0.00043927
0.000494868
0.000546219
0.000588713
0.000618402
0.000632422
0.000629046
0.000607437
0.000567295
0.000508596
0.000431593
0.000337114
0.000227032
0.000104654
-2.51887e-05
-0.000156489
-0.000282751
-0.000397827
-0.000496608
-0.000575407
-0.000631944
-0.000665067
-0.000674365
-0.000659914
-0.000622277
-0.000562729
-0.000483569
-0.00038835
-0.000281851
-0.000169726
-5.79289e-05
4.79525e-05
0.000143247
0.000224526
0.000289636
0.000337482
0.000367724
0.000380543
0.000376548
0.000356866
0.000323314
0.000278533
0.00022593
0.000169415
0.000112987
6.02759e-05
1.41967e-05
-2.31855e-05
-5.05944e-05
-6.7347e-05
-7.31268e-05
-6.78304e-05
-5.1542e-05
-2.4616e-05
1.21921e-05
5.76196e-05
0.00010989
0.000166834
0.000226092
0.000285337
0.00034246
0.000395656
0.000443389
0.000484309
0.000517148
0.000540689
0.000553826
0.000555745
0.00054611
0.000525199
0.000493943
0.000453848
0.000406798
0.000354842
0.000300001
0.000244149
0.000188981
0.000136056
8.68409e-05
4.27188e-05
4.93898e-06
-2.55005e-05
-4.79903e-05
-6.24112e-05
-6.91664e-05
-6.91349e-05
-6.35486e-05
-5.38282e-05
-4.14323e-05
-2.77662e-05
-1.41534e-05
-1.84767e-06
7.94571e-06
1.40709e-05
1.54692e-05
1.12684e-05
8.80706e-07
-1.59216e-05
-3.89682e-05
-6.76965e-05
-0.000101204
-0.000138337
-0.000177778
-0.000218125
-0.000257943
-0.000295826
-0.000330438
-0.000360564
-0.00038515
-0.000403366
-0.000414662
-0.000418813
-0.00041593
-0.000406452
-0.000391103
-0.000370807
-0.000346594
-0.000319497
-0.000290497
-0.000260502
-0.00023037
-0.000200931
-0.000172996
-0.000147363
-0.000124814
-0.000106098
-9.19364e-05
-8.30074e-05
-7.99193e-05
-8.31526e-05
-9.30036e-05
-0.00010954
-0.000132567
-0.000161631
-0.000196057
-0.00023498
-0.00027737
-0.000322035
-0.00036758
-0.000412336
-0.000454338
-0.00049141
-0.000521335
-0.00054209
-0.000552088
-0.000550354
-0.000536568
-0.000510974
-0.000474211
-0.000427149
-0.000370786
-0.000306263
-0.000234972
-0.000158695
-7.96856e-05
-6.26994e-07
7.5543e-05
0.000145916
0.000207926
0.000259624
0.000299846
0.000328239
0.000345177
0.000351599
0.00034882
0.000338392
0.000322042
0.000301646
0.000279173
0.000256557
0.000235487
0.000217149
0.000202064
0.000190061
0.000180384
0.00017189
0.000163286
0.000153304
0.000140773
0.00012462
0.000103858
7.75909e-05
4.51223e-05
6.11962e-06
-3.91997e-05
-8.99424e-05
-0.000144547
-0.000200946
-0.000256841
-0.000310005
-0.000358551
-0.000401081
-0.000436715
-0.00046503
-0.000485911
-0.000499404
-0.000505614
-0.000504674
-0.000496784
-0.000482319
-0.000461955
-0.000436727
-0.000407987
-0.000377276
-0.000346127
-0.000315853
-0.000287407
-0.000261348
-0.000237937
-0.000217292
-0.000199543
-0.000184938
-0.000173827
-0.000166514
-0.000163082
-0.00016324
-0.000166263
-0.000171059
-0.000176344
-0.000180856
-0.000180856
-0.000183531
-0.000183598
-0.000180574
-0.000174206
-0.000164389
-0.000151115
-0.000134488
-0.000114768
-9.24346e-05
-6.82514e-05
-4.32631e-05
-1.86629e-05
4.42e-06
2.50768e-05
4.26706e-05
5.68375e-05
6.74781e-05
7.47421e-05
7.90004e-05
8.08033e-05
8.08408e-05
7.99083e-05
7.88573e-05
7.85282e-05
7.96636e-05
8.28213e-05
8.83274e-05
9.62823e-05
0.000106599
0.000119049
0.000133289
0.000148875
0.000165262
0.000181815
0.000197835
0.000212616
0.000225513
0.000236004
0.000243766
0.000248731
0.000251088
0.000251235
0.000249708
0.000247095
0.000243972
0.000240872
0.000238295
0.000236733
0.000236698
0.000238729
0.000243353
0.000251022
0.000262035
0.00027647
0.000294147
0.000314648
0.000337383
0.00036168
0.000386848
0.000412202
0.00043702
0.000460465
0.000481515
0.000498954
0.000511444
0.00051769
0.000516635
0.000507621
0.000490469
0.00046546
0.000433273
0.000394911
0.000351679
0.000305208
0.000257458
0.000210689
0.000167327
0.000129749
0.000100001
7.95483e-05
6.91297e-05
6.87591e-05
7.78368e-05
9.53244e-05
0.000119903
0.00015005
0.000184033
0.000219886
0.000255417
0.000288296
0.000316242
0.000337308
0.000350137
0.000354109
0.000349357
0.00033662
0.000317023
0.00029185
0.000262396
0.000229921
0.000195685
0.000160985
0.000127138
9.54043e-05
6.6846e-05
4.22008e-05
2.18086e-05
5.6103e-06
-6.78831e-06
-1.59986e-05
-2.2712e-05
-2.7586e-05
-3.11665e-05
-3.38433e-05
-3.58349e-05
-3.72002e-05
-3.78831e-05
-3.77827e-05
-3.68208e-05
-3.49961e-05
-3.24179e-05
-2.93058e-05
-2.59477e-05
-2.26445e-05
-1.96708e-05
-1.72693e-05
-1.56615e-05
-1.50624e-05
-1.56817e-05
-1.76929e-05
-2.11668e-05
-2.60066e-05
-3.19273e-05
-3.8486e-05
-4.51584e-05
-5.1463e-05
-5.70943e-05
-6.19948e-05
-6.63409e-05
-7.04659e-05
-7.47453e-05
-7.94708e-05
-8.47691e-05
-9.05866e-05
-9.67118e-05
-0.000102827
-0.000108585
-0.00011366
-0.000117739
-0.000120504
-0.000121595
-0.000120603
-0.00011708
-0.000110605
-0.000100888
-8.78651e-05
-7.17538e-05
-5.3075e-05
-3.26134e-05
-1.13195e-05
9.80749e-06
2.98321e-05
4.79733e-05
6.36721e-05
7.66544e-05
8.69775e-05
9.50383e-05
0.000101541
0.000107409
0.000113642
0.000121158
0.000130649
0.000142468
0.000156595
0.00017269
0.000190203
0.000208475
0.000226807
0.000244459
0.000260612
0.000274318
0.000284496
0.000290022
0.000289896
0.000283436
0.000270421
0.000251139
0.000226304
0.000196851
0.000163715
0.000127658
8.92311e-05
4.88508e-05
6.95427e-06
-3.58409e-05
-7.86446e-05
-0.000120306
-0.000159515
-0.000194945
-0.000225415
-0.000250007
-0.000268103
-0.000279357
-0.000283626
-0.000280912
-0.000271349
-0.000255263
-0.000233278
-0.000206428
-0.000176238
-0.000144695
-0.000114103
-8.68368e-05
-6.50772e-05
-5.05889e-05
-4.46054e-05
-4.78196e-05
-6.04405e-05
-8.22433e-05
-0.000112561
-0.000150227
-0.000193519
-0.000240152
-0.000287394
-0.000332281
-0.000371889
-0.000403625
-0.000425453
-0.000436026
-0.000434712
-0.000421532
-0.000397071
-0.000362402
-0.000319037
-0.0002689
-0.000214299
-0.000157854
-0.000102373
-5.06558e-05
-5.28377e-06
3.15779e-05
5.83305e-05
7.40159e-05
7.83082e-05
7.14517e-05
5.41856e-05
2.76745e-05
-6.55243e-06
-4.66517e-05
-9.05115e-05
-0.00013582
-0.000180172
-0.000221192
-0.000256673
-0.000284699
-0.000303766
-0.000312865
-0.000311521
-0.0002998
-0.00027829
-0.000248047
-0.000210517
-0.000167447
-0.000120798
-7.2637e-05
-2.50147e-05
2.01448e-05
6.11404e-05
9.65696e-05
0.000125368
0.000146817
0.000160549
0.000166544
0.000165123
0.00015694
0.000142972
0.00012446
0.000102817
7.94986e-05
5.58464e-05
3.29293e-05
1.14608e-05
-8.19037e-06
-2.59147e-05
-4.17405e-05
-5.57278e-05
-6.79255e-05
-7.8398e-05
-8.72989e-05
-9.49476e-05
-0.000101844
-0.000108582
-0.000115674
-0.000123321
-0.000131233
-0.000138569
-0.000144072
-0.000146334
-0.000144108
-0.00013655
-0.000123328
-0.000104618
-8.10427e-05
-5.36162e-05
-2.37394e-05
6.80409e-06
3.58765e-05
6.1079e-05
7.99217e-05
9.00626e-05
8.96232e-05
7.75503e-05
5.39505e-05
2.02948e-05
-2.0602e-05
-6.48572e-05
-0.000107984
-0.000145411
-0.000172942
-0.000187117
-0.000185513
-0.000166995
-0.000166995
-0.000131915
-8.2199e-05
-2.1223e-05
4.65553e-05
0.000116162
0.000182721
0.000241941
0.000290349
0.000325273
0.000344643
0.000346764
0.000330212
0.000293915
0.000237414
0.000161194
6.69149e-05
-4.25375e-05
-0.000163163
-0.000290016
-0.000417356
-0.00053878
-0.000647464
-0.000736537
-0.000799605
-0.000831373
-0.000828271
-0.000788942
-0.000714423
-0.000607995
-0.000474765
-0.000321156
-0.000154507
1.71462e-05
0.000185156
0.000340429
0.000473891
0.000577316
0.000644397
0.000671769
0.000659614
0.00061158
0.000534005
0.00043467
0.000321446
0.000201231
7.94779e-05
-3.96165e-05
-0.000152478
-0.000255447
-0.000344354
-0.000414616
-0.000461867
-0.000482863
-0.000476316
-0.000443316
-0.000387195
-0.000312855
-0.000225801
-0.000131222
-3.34477e-05
6.40869e-05
0.000158437
0.000246572
0.00032494
0.000389423
0.000435734
0.000460148
0.000460292
0.000435707
0.000387977
0.000320423
0.000237472
0.000143946
4.45248e-05
-5.64707e-05
-0.000155008
-0.000247125
-0.000328767
-0.000395828
-0.000444446
-0.000471435
-0.000474735
-0.00045372
-0.000409262
-0.000343571
-0.000259937
-0.000162481
-5.59831e-05
5.42525e-05
0.00016255
0.000263113
0.000350412
0.000419673
0.000467347
0.000491415
0.000491459
0.000468485
0.000424606
0.000362734
0.000286371
0.000199521
0.000106665
1.26952e-05
-7.73009e-05
-0.000158409
-0.000226328
-0.000277775
-0.000310736
-0.000324497
-0.000319452
-0.000296789
-0.000258204
-0.000205729
-0.000141696
-6.88042e-05
9.80742e-06
9.0574e-05
0.000169662
0.000243241
0.000307809
0.000360474
0.000399125
0.000422471
0.000429977
0.000421739
0.000398385
0.000361021
0.000311234
0.000251133
0.000183354
0.000110989
3.74231e-05
-3.38857e-05
-9.96453e-05
-0.000156938
-0.000203351
-0.000237039
-0.000256736
-0.000261746
-0.000251935
-0.000227747
-0.000190231
-0.000141047
-8.24191e-05
-1.70334e-05
5.20914e-05
0.000121773
0.000188831
0.000250234
0.000303221
0.00034542
0.000374941
0.000390472
0.000391352
0.000377618
0.00035002
0.000310008
0.000259658
0.000201551
0.000138612
7.39465e-05
1.0664e-05
-4.82817e-05
-0.00010023
-0.00014292
-0.000174569
-0.000193934
-0.000200348
-0.000193756
-0.000174711
-0.000144357
-0.000104369
-5.68414e-05
-4.1754e-06
5.10557e-05
0.000106234
0.000158816
0.000206444
0.000247035
0.000278853
0.00030057
0.000311323
0.000310756
0.000299023
0.000276777
0.000245143
0.000205652
0.000160155
0.000110747
5.96692e-05
9.20322e-06
-3.84339e-05
-8.11873e-05
-0.000117254
-0.000145171
-0.000163883
-0.00017278
-0.000171719
-0.000161014
-0.000141405
-0.000114011
-8.02737e-05
-4.18818e-05
-6.88988e-07
4.13599e-05
8.23067e-05
0.00012027
0.000153535
0.00018063
0.000200394
0.000212032
0.000215142
0.000209725
0.000196174
0.000175249
0.00014802
0.000115813
8.01523e-05
4.26903e-05
5.13281e-06
-3.08334e-05
-6.36148e-05
-9.17905e-05
-0.00011418
-0.000129892
-0.000138369
-0.00013941
-0.000133159
-0.000120091
-0.000100979
-7.68471e-05
-4.89193e-05
-1.85736e-05
1.27202e-05
4.34767e-05
7.22573e-05
9.77323e-05
0.000118751
0.000134398
0.000144028
0.000147279
0.000144088
0.000134686
0.00011958
9.95236e-05
7.54789e-05
4.85734e-05
2.00523e-05
-8.77968e-06
-3.66276e-05
-6.22673e-05
-8.45982e-05
-0.000102693
-0.00011584
-0.000123568
-0.000125657
-0.000122143
-0.000113311
-9.96841e-05
-8.19964e-05
-6.11595e-05
-3.82137e-05
-1.42744e-05
9.51889e-06
3.20538e-05
5.22991e-05
6.93534e-05
8.2479e-05
9.11263e-05
9.49574e-05
9.38609e-05
8.79509e-05
7.75586e-05
6.32171e-05
4.56363e-05
2.56581e-05
4.21251e-06
-1.77161e-05
-3.91362e-05
-5.9101e-05
-7.67466e-05
-9.13325e-05
-0.000102276
-0.000109165
-0.000111775
-0.000110077
-0.000104246
-9.46445e-05
-8.18016e-05
-6.63826e-05
-4.91591e-05
-3.09682e-05
-1.26722e-05
4.87952e-06
2.08885e-05
3.46405e-05
4.55307e-05
5.30913e-05
5.70202e-05
5.71914e-05
5.36519e-05
4.66206e-05
3.64762e-05
2.37328e-05
9.0124e-06
-6.98935e-06
-2.35378e-05
-3.98841e-05
-5.5299e-05
-6.91096e-05
-8.0723e-05
-8.96519e-05
-9.55417e-05
-9.81854e-05
-9.75318e-05
-9.36859e-05
-8.68968e-05
-7.75421e-05
-6.61056e-05
-5.31523e-05
-3.93025e-05
-2.52033e-05
-2.52033e-05
-1.15051e-05
1.16567e-06
1.22416e-05
2.1237e-05
2.77706e-05
3.15863e-05
3.15863e-05
