-3.01497e-09
-4.68608e-08
-3.30415e-07
-1.42857e-06
-4.33275e-06
-1.0022e-05
-1.87976e-05
-3.00145e-05
-4.24389e-05
-5.48598e-05
-6.65113e-05
-7.71347e-05
-8.67227e-05
-9.51403e-05
-0.000101897
-0.000106227
-0.000107392
-0.000104974
-9.89974e-05
-8.98894e-05
-7.83779e-05
-6.53557e-05
-5.17057e-05
-3.81198e-05
-2.50176e-05
-1.26302e-05
-1.18159e-06
8.96114e-06
1.72501e-05
2.30475e-05
2.5803e-05
2.52208e-05
2.13382e-05
1.4503e-05
5.28045e-06
-5.666e-06
-1.76845e-05
-3.02125e-05
-4.27994e-05
-5.50589e-05
-6.65781e-05
-7.68501e-05
-8.52789e-05
-9.12537e-05
-9.42552e-05
-9.39518e-05
-9.02491e-05
-8.32795e-05
-7.33395e-05
-6.08093e-05
-4.6083e-05
-2.95333e-05
-1.15135e-05
7.61504e-06
2.74458e-05
4.75001e-05
6.72403e-05
8.61228e-05
0.000103669
0.000119524
0.000133484
0.000145494
0.000155615
0.000163983
0.000170761
0.000176131
0.000180307
0.000183544
0.000186146
0.000188468
0.000190871
0.000193668
0.000197052
0.000201057
0.000205526
0.000210135
0.00021444
0.000217948
0.000220161
0.000220607
0.000218844
0.000214444
0.00020697
0.000195986
0.000181079
0.000161901
0.000138211
0.000109921
7.71246e-05
4.00943e-05
-7.37135e-07
-4.48274e-05
-9.15799e-05
-0.000140383
-0.000190626
-0.000241705
-0.000293006
-0.000343896
-0.000393721
-0.000441808
-0.000487484
-0.000530087
-0.000568977
-0.00060355
-0.000633238
-0.000657511
-0.000675901
-0.000688031
-0.000693654
-0.000692687
-0.000685204
-0.0006714
-0.000651512
-0.00062574
-0.000594189
-0.000556879
-0.00051381
-0.000465064
-0.000410903
-0.000351818
-0.000288517
-0.00022184
-0.000152669
-8.18238e-05
-9.99534e-06
6.2302e-05
0.000134773
0.000207388
0.000280416
0.000354432
0.000430246
0.000508777
0.000590894
0.000677259
0.000768183
0.000863546
0.000962749
0.00106468
0.00116769
0.00126952
0.00136731
0.00145763
0.00153663
0.00160017
0.00164415
0.0016647
0.00165851
0.00162304
0.00155659
0.00145818
0.00132716
0.00116293
0.000964713
0.000731827
0.000464419
0.000164481
-0.000163161
-0.000510347
-0.000865809
-0.0012161
-0.00154691
-0.00184444
-0.00209641
-0.00229268
-0.00242552
-0.0024898
-0.00248315
-0.00240619
-0.00226266
-0.00205937
-0.00180581
-0.0015133
-0.00119402
-0.000859861
-0.000521493
-0.000187816
0.000134202
0.000439347
0.000723862
0.000985231
0.00122211
0.00143432
0.00162264
0.00178828
0.0019321
0.00205378
0.00215154
0.00222242
0.00226323
0.00227199
0.00224925
0.00219907
0.00212908
0.00204972
0.00197288
0.0019103
0.00187233
0.0018672
0.00190097
0.00197778
0.00209988
0.00226546
0.00245975
0.00264041
0.00273672
0.00268148
0.00245158
0.0020723
0.00158561
0.00102082
0.000386078
-0.000324893
-0.0011154
-0.00196583
-0.00282747
-0.0036357
-0.00433007
-0.00486767
-0.00522564
-0.00539816
-0.00539345
-0.00523002
-0.00492917
-0.00450709
-0.0039736
-0.00333869
-0.00262154
-0.00185538
-0.0010854
-0.000360793
0.000275132
0.000792188
0.00117516
0.00142125
0.00153577
0.00152796
0.00140731
0.00118171
0.00085853
0.000448661
-2.90801e-05
-0.000546039
-0.0010659
-0.00155009
-0.00196388
-0.00228094
-0.00248482
-0.00256793
-0.00252892
-0.00237
-0.00209519
-0.00170998
-0.00122251
-0.00064573
8.61875e-07
0.000691034
0.0013938
0.00207694
0.00271063
0.00327003
0.00373605
0.00409477
0.0043361
0.00445272
0.0044397
0.00429499
0.00402053
0.00362342
0.00311653
0.00251762
0.00184683
0.00112278
0.000358954
-0.000437437
-0.00126258
-0.00210995
-0.00296374
-0.00379526
-0.00456425
-0.00522472
-0.00573291
-0.00605422
-0.00616712
-0.0060634
-0.00574617
-0.00522721
-0.00452529
-0.00366576
-0.00268107
-0.00161119
-0.000502687
0.000594004
0.00162892
0.00255732
0.00334342
0.00396223
0.00439911
0.00464813
0.00470993
0.00459004
0.0042974
0.00384282
0.00323789
0.0024954
0.00163241
0.000674828
-0.000338861
-0.00135775
-0.00232335
-0.00317781
-0.00387242
-0.00437327
-0.00466239
-0.00473529
-0.00459671
-0.00425729
-0.00373267
-0.00304513
-0.00222647
-0.00131975
-0.00037777
0.000542262
0.000542262
0.00138642
0.00211098
0.00268572
0.00309263
0.00332146
0.00336494
0.00321662
0.00287274
0.00233718
0.00162739
0.000778361
-0.000157227
-0.00111339
-0.00201865
-0.00280523
-0.00341712
-0.00381515
-0.0039785
-0.00390328
-0.00359971
-0.00308932
-0.00240302
-0.00157993
-0.000666419
0.000285599
0.00122172
0.00208934
0.00284239
0.00344548
0.00387617
0.00412485
0.00419285
0.00408952
0.00382951
0.00343117
0.00291605
0.00230915
0.00163928
0.000938728
0.000241992
-0.000416405
-0.00100457
-0.00149567
-0.00186953
-0.0021131
-0.00221987
-0.00218879
-0.0020233
-0.00173124
-0.00132558
-0.000825883
-0.000259331
0.000339725
0.000932379
0.0014796
0.00194719
0.00230958
0.00255158
0.00266765
0.00265988
0.00253564
0.00230598
0.00198512
0.00159059
0.00114343
0.000667803
0.000189755
-0.00026475
-0.000672022
-0.00101265
-0.00127309
-0.00144678
-0.00153464
-0.00154448
-0.00148898
-0.00138257
-0.00123836
-0.00106604
-0.000871724
-0.000659008
-0.000430609
-0.000189395
6.16256e-05
0.000320046
0.00058474
0.000855666
0.00113234
0.00141081
0.00167964
0.00191666
0.00208906
0.00215873
0.00209208
0.0018707
0.00149833
0.00100144
0.000423384
-0.000184707
-0.000772557
-0.00129603
-0.00171875
-0.00201186
-0.00215441
-0.00213563
-0.00195825
-0.00164052
-0.00121482
-0.000722535
-0.000206598
0.000295815
0.000758058
0.00116518
0.00151185
0.00179847
0.00202731
0.00219981
0.00231573
0.00237385
0.00237359
0.0023166
0.00220728
0.00205213
0.00185823
0.00163203
0.00137918
0.00110549
0.000818329
0.000527494
0.000244907
-1.66891e-05
-0.000245531
-0.000432327
-0.000570922
-0.00065808
-0.000692685
-0.000674863
-0.000605466
-0.000486171
-0.00032023
-0.000113595
0.000124033
0.000378751
0.000632954
0.000866816
0.0010604
0.00119588
0.00125946
0.00124272
0.00114334
0.000965188
0.000717911
0.00041612
7.83739e-05
-0.00027397
-0.000617975
-0.000930443
-0.00118939
-0.00137559
-0.00147405
-0.00147505
-0.00137475
-0.00117502
-0.000883023
-0.000510744
-7.51232e-05
0.000401381
0.000890353
0.00135815
0.00176851
0.002087
0.00228588
0.00234804
0.00226851
0.00205343
0.00171704
0.00127821
0.000757673
0.000176861
-0.000441843
-0.00107423
-0.00169387
-0.00227293
-0.00278424
-0.00320393
-0.00351376
-0.00370206
-0.00376344
-0.00369744
-0.00350723
-0.00319895
-0.00278204
-0.00227017
-0.00168209
-0.00104172
-0.000376994
0.000282422
0.000908065
0.00147539
0.00196553
0.00236579
0.00266881
0.0028711
0.00297169
0.00297149
0.00287354
0.00268379
0.00241184
0.00207097
0.00167689
0.00124542
0.000789341
0.000316053
-0.000172363
-0.000675858
-0.00119099
-0.00170603
-0.00219914
-0.00264092
-0.00300032
-0.00325168
-0.00338022
-0.00338405
-0.00327273
-0.00306369
-0.00277846
-0.00244001
-0.00207177
-0.00169747
-0.0013409
-0.00102465
-0.000767676
-0.000582283
-0.000471663
-0.000429152
-0.000439724
-0.0004834
-0.00053961
-0.000591119
-0.000626399
-0.000639868
-0.000630305
-0.000598317
-0.000544017
-0.0004658
-0.000360511
-0.00022475
-5.66758e-05
0.000142212
0.000365572
0.000601232
0.000831319
0.00103422
0.00118844
0.00127742
0.00129321
0.00123778
0.00112111
0.000957398
0.000761203
0.000545008
0.00031894
9.1961e-05
-0.000126668
-0.000326665
-0.000497094
-0.000627484
-0.000709054
-0.000735609
-0.000704269
-0.000616577
-0.000480162
-0.000310142
-0.000128763
3.76071e-05
0.00016343
0.000228828
0.000222214
0.000140007
-1.56444e-05
-0.000239201
-0.000522603
-0.000854518
-0.00121922
-0.00159677
-0.00196501
-0.00230272
-0.00259207
-0.0028193
-0.00297348
-0.00304436
-0.00302062
-0.00288964
-0.00263902
-0.00225969
-0.00174944
-0.0011161
-0.000379141
0.000430553
0.00127304
0.00210313
0.00287482
0.00354537
0.00407835
0.00444512
0.00462538
0.0046071
0.00438679
0.00397018
0.00337315
0.00262208
0.00175301
0.000809534
-0.000160389
-0.00110763
-0.00198461
-0.00274707
-0.00335523
-0.00377469
-0.00397761
-0.00394438
-0.00366597
-0.00314666
-0.00314666
-0.00240671
-0.0014835
-0.000429735
0.000691697
0.00181502
0.00287866
0.00383002
0.00462721
0.00523837
0.0056403
0.00581796
0.00576524
0.00548661
0.00499831
0.00432808
0.0035132
0.00259685
0.00162394
0.000637054
-0.00032636
-0.00123529
-0.00206504
-0.00279619
-0.00341339
-0.00390462
-0.00426102
-0.00447704
-0.0045505
-0.00448233
-0.00427604
-0.00393733
-0.00347407
-0.00289703
-0.00222113
-0.001467
-0.000662091
0.000159142
0.000956465
0.00168668
0.00230771
0.00278322
0.00308704
0.0032062
0.00314215
0.00290969
0.00253412
0.0020474
0.00148459
0.000881252
0.000272225
-0.00030861
-0.000828238
-0.00125488
-0.00155936
-0.0017175
-0.00171293
-0.00153956
-0.00120306
-0.000720865
-0.000120906
0.000560555
0.00128155
0.00199709
0.0026618
0.00323241
0.0036703
0.00394379
0.0040302
0.0039173
0.00360407
0.0031007
0.002428
0.00161621
0.000703467
-0.00026606
-0.00124422
-0.00218112
-0.00302749
-0.00373711
-0.00426921
-0.00459094
-0.00467964
-0.00452496
-0.0041304
-0.00351421
-0.00270918
-0.00176121
-0.00072651
0.000332472
0.00135192
0.00227173
0.00304013
0.00361748
0.00397887
0.00411531
0.00403352
0.00375431
0.00330985
0.0027401
0.00208889
0.00140001
0.000713998
6.58439e-05
-0.000516158
-0.00101071
-0.00140323
-0.00168542
-0.00185482
-0.00191423
-0.00187104
-0.00173624
-0.00152337
-0.00124756
-0.000925059
-0.000573194
-0.000210556
0.00014307
0.000467442
0.000743284
0.000954115
0.00108796
0.00113842
0.00110484
0.000991478
0.000806092
0.000558354
0.000258554
-8.3191e-05
-0.00045712
-0.000853548
-0.00126234
-0.00167245
-0.00207167
-0.00244679
-0.00278401
-0.00306949
-0.00328989
-0.00343285
-0.00348735
-0.00344434
-0.00329746
-0.00304414
-0.00268675
-0.00223342
-0.00169817
-0.00110017
-0.000462257
0.000191238
0.000836508
0.00145187
0.00201853
0.00252052
0.00294435
0.00327865
0.00351426
0.00364487
0.00366784
0.00358633
0.00341652
0.00320109
0.00301221
0.00292099
0.00295015
0.00305998
0.00317965
0.00324589
0.00322174
0.00309755
0.00287842
0.00256343
0.00213371
0.00156012
0.0008217
-8.00142e-05
-0.00111702
-0.00223803
-0.00337329
-0.00444123
-0.0053605
-0.00606411
-0.00650701
-0.00666297
-0.00651537
-0.00604957
-0.00525164
-0.0041137
-0.00264301
-0.000869981
0.00114855
0.00333054
0.00557242
0.00775415
0.00974662
0.0114214
0.0126611
0.0133692
0.0134773
0.0129505
0.0117921
0.010044
0.00778573
0.00512978
0.00221424
-0.000806741
-0.00377402
-0.00653509
-0.00895508
-0.0109255
-0.0123693
-0.0132418
-0.0135269
-0.0132317
-0.0123817
-0.0110173
-0.00919346
-0.0069817
-0.0044717
-0.00177209
0.000991659
0.00368249
0.00615942
0.00828634
0.00994015
0.0110171
0.0114366
0.0111437
0.0101113
0.00834258
0.00587516
0.00278491
-0.000811785
-0.00475906
-0.00886759
-0.0129256
-0.0167132
-0.0200182
-0.0226498
-0.0244489
-0.0252949
-0.0251099
-0.0238618
-0.021567
-0.0182927
-0.0141575
-0.00932819
-0.00401218
0.00155428
0.00712047
0.0124361
0.0172645
0.0213927
0.0246393
0.0268597
0.0279514
0.0278597
0.0265831
0.0241771
0.0207552
0.0164843
0.0115744
0.00626404
0.000803119
-0.00456448
-0.00961511
-0.0141553
-0.0180265
-0.0211063
-0.0233071
-0.0245744
-0.0248872
-0.0242569
-0.0227279
-0.0203746
-0.0172981
-0.0136199
-0.00947703
-0.00501689
-0.000393678
0.00423428
0.00870693
0.0128655
0.0165567
0.0196388
0.021988
0.0235059
0.0241244
0.0238089
0.0225592
0.0204086
0.0174232
0.0137004
0.00936956
0.00459079
-0.000447109
-0.0055322
-0.0104391
-0.0149425
-0.0188325
-0.021929
-0.0240913
-0.0252232
-0.0252745
-0.0242413
-0.0221657
-0.0191359
-0.0152849
-0.0107847
-0.00583829
-0.000667994
0.00449636
0.00942892
0.0139177
0.0177729
0.0208337
0.0229742
0.024108
0.0241925
0.0232315
0.0212773
0.0184295
0.0148322
0.0106684
0.0106684
0.00615107
0.00151226
-0.00301151
-0.00719539
-0.0108419
-0.0137932
-0.0159375
-0.0172105
-0.0175913
-0.0170971
-0.0157784
-0.0137147
-0.0110136
-0.00780797
-0.0042534
-0.000521787
0.00320718
0.00675596
0.00995876
0.012669
0.0147644
0.01615
0.0167603
0.0165621
0.0155577
0.0137873
0.0113301
0.00830192
0.00484931
0.00114095
-0.00264301
-0.00632123
-0.00972021
-0.0126811
-0.015065
-0.0167565
-0.0176677
-0.017742
-0.0169575
-0.0153302
-0.0129157
-0.00980814
-0.00613693
-0.00206066
0.0022412
0.00657802
0.010758
0.0145977
0.0179301
0.0206117
0.0225278
0.0235972
0.0237754
0.0230576
0.021479
0.0191132
0.0160688
0.0124832
0.00851555
0.00433903
0.000133512
-0.00392168
-0.00765479
-0.0109091
-0.0135512
-0.0154809
-0.0166416
-0.0170274
-0.0166839
-0.0157007
-0.0141959
-0.0122997
-0.0101403
-0.00783639
-0.00549562
-0.00321662
-0.00109056
0.000799564
0.0023825
0.00360332
0.00442709
0.00484011
0.00484817
0.00447278
0.00374695
0.00271248
0.0014196
-7.14568e-05
-0.00168876
-0.0033489
-0.00496061
-0.00643178
-0.00767842
-0.00863335
-0.00925201
-0.00951406
-0.00942051
-0.00898783
-0.00824122
-0.00720937
-0.00592235
-0.00441269
-0.00271869
-0.000887757
0.00102221
0.00294468
0.00480998
0.00655288
0.00812002
0.00947457
0.0105968
0.0114813
0.0121322
0.0125596
0.0127784
0.0128094
0.0126809
0.0124285
0.0120906
0.0116977
0.0112572
0.0107418
0.0100879
0.00921186
0.00803761
0.00652738
0.00470021
0.00263188
0.0004371
-0.00175785
-0.0038408
-0.00572894
-0.0073702
-0.00873395
-0.00979796
-0.0105395
-0.0109352
-0.0109699
-0.0106492
-0.0100086
-0.00911268
-0.00804337
-0.00688112
-0.0056883
-0.00450135
-0.00333448
-0.00219164
-0.00108025
-1.97668e-05
0.000958356
0.00181819
0.00252912
0.00307162
0.00343569
0.00361365
0.0035928
0.00335357
0.00287509
0.00214572
0.00117338
-8.97741e-06
-0.00134458
-0.00275961
-0.00417248
-0.00550306
-0.00668004
-0.00764605
-0.00836047
-0.00879995
-0.00895738
-0.00883965
-0.00846491
-0.00785939
-0.00705389
-0.00608025
-0.00496874
-0.00374712
-0.00244175
-0.0010798
0.000308715
0.00169043
0.00303018
0.00429421
0.0054541
0.00649001
0.00739164
0.00815525
0.00877592
0.00923691
0.00950179
0.00951565
0.00921836
0.00856535
0.00754686
0.00619709
0.00458997
0.00282455
0.00100753
-0.000760081
-0.00238844
-0.00379784
-0.00491543
-0.0056748
-0.00602161
-0.00592552
-0.00539482
-0.00448688
-0.00330747
-0.00199564
-0.000697247
0.00046361
0.00140487
0.00209149
0.00252562
0.00272861
0.00272438
0.00253123
0.00216393
0.00164288
0.00100396
0.000303297
-0.0003865
-0.000987569
-0.00143136
-0.00167063
-0.00168441
-0.00147474
-0.00105807
-0.000456365
0.000307488
0.00120814
0.00221175
0.00326937
0.00431417
0.00526522
0.00603797
0.00655829
0.00677506
0.00666682
0.00624029
0.00552276
0.00455277
0.00337399
0.00203452
0.000590657
-0.000888693
-0.00232072
-0.00361272
-0.00467114
-0.00541355
-0.00578111
-0.00574841
-0.00532797
-0.00456752
-0.00354066
-0.00233405
-0.0010356
0.000272734
0.00151659
0.002627
0.00353793
0.00418671
0.00451821
0.00449164
0.00408728
0.00331068
0.00219281
0.000786182
-0.000841708
-0.00261518
-0.00445529
-0.0062817
-0.00801215
-0.00956176
-0.0108442
-0.0117768
-0.0122876
-0.0123249
-0.0118632
-0.0109069
-0.00948935
-0.00767014
-0.0055313
-0.00317393
-0.000715069
0.00171618
0.00398409
0.00595416
0.00750356
0.00853312
0.00897879
0.00881914
0.00807634
0.00680953
0.00510301
0.00305344
0.000760958
-0.00167328
-0.00414423
-0.00653884
-0.00873511
-0.010607
-0.0120346
-0.0129153
-0.0131747
-0.0127716
-0.0116994
-0.0099839
-0.00767958
-0.00486698
-0.00165132
0.00183802
0.00544911
0.00901242
0.0123506
0.0152922
0.017687
0.0194189
0.0204132
0.0206382
0.0201012
0.0188424
0.0188424
0.0169297
0.0144551
0.0115326
0.0082954
0.00489146
0.00147557
-0.00180031
-0.00479745
-0.00739907
-0.0095159
-0.0110878
-0.012082
-0.0124886
-0.012317
-0.0115951
-0.0103721
-0.0087206
-0.00673078
-0.00450061
-0.00213116
0.000272081
0.00259917
0.00473967
0.00658878
0.00805471
0.00906629
0.00957726
0.00956611
0.00903366
0.0080014
0.00651134
0.00462626
0.00242887
1.9455e-05
-0.00248756
-0.00496873
-0.00729899
-0.00936063
-0.0110516
-0.0122911
-0.0130229
-0.0132155
-0.0128624
-0.0119821
-0.010619
-0.0088428
-0.00674648
-0.00444106
-0.0020487
0.000305624
0.00250285
0.00443796
0.00602645
0.00720829
0.00794886
0.00823784
0.00808676
0.0075265
0.0066051
0.00538562
0.00394365
0.00236378
0.00073491
-0.000855532
-0.00232765
-0.00361449
-0.00466569
-0.00544853
-0.00594656
-0.0061569
-0.00608747
-0.0057552
-0.00518538
-0.00441143
-0.00347431
-0.00242097
-0.00130178
-0.000167592
0.000933138
0.00195648
0.00286428
0.00362463
0.00421186
0.00460657
0.00479596
0.00477453
0.00454483
0.00411768
0.00351186
0.00275315
0.00187301
0.000906956
-0.000107219
-0.00113127
-0.00212812
-0.00306272
-0.00390207
-0.0046148
-0.00517115
-0.00554402
-0.00571121
-0.00565831
-0.00538128
-0.0048878
-0.00419722
-0.00333904
-0.00235056
-0.00127435
-0.000155819
0.000958841
0.00202444
0.00299846
0.00384289
0.00452598
0.00502364
0.00532031
0.00541029
0.00530067
0.00501303
0.00458015
0.00403912
0.0034261
0.00277479
0.00211732
0.00148595
0.00091409
0.000435012
7.8098e-05
-0.000135389
-0.000194861
-0.000100663
0.000137345
0.000501953
0.000971079
0.00152037
0.00212535
0.00276256
0.0034098
0.00404637
0.00465378
0.00521687
0.00572486
0.0061714
0.00655263
0.00686287
0.00708875
0.00720408
0.00716858
0.00693205
0.00644337
0.0056617
0.00456628
0.00316233
0.00148237
-0.000415833
-0.00245341
-0.00453586
-0.00655981
-0.00842112
-0.0100236
-0.0112874
-0.0121549
-0.0125939
-0.0125973
-0.0121803
-0.0113748
-0.0102248
-0.00878161
-0.00710162
-0.00524482
-0.00327467
-0.00125775
0.000736909
0.00263899
0.00437835
0.00588693
0.00710145
0.00796713
0.00844206
0.00850154
0.00814116
0.00737806
0.00625003
0.0048127
0.00313561
0.00129761
-0.000617703
-0.00252601
-0.00434563
-0.00599981
-0.00741805
-0.00853669
-0.00929957
-0.0096596
-0.00958205
-0.00904951
-0.00806732
-0.00666744
-0.00490881
-0.00287338
-0.000658924
0.00162894
0.00388287
0.00599726
0.00787029
0.00940698
0.010525
0.0111631
0.0112889
0.0109042
0.0100442
0.00877167
0.00716731
0.00531964
0.00331711
0.00124395
-0.000820471
-0.00280035
-0.00462228
-0.00621547
-0.00751397
-0.00846033
-0.00900985
-0.00913458
-0.0088264
-0.00809863
-0.00698571
-0.00554067
-0.00383098
-0.00193401
6.66121e-05
0.00208315
0.00402512
0.00580134
0.00732421
0.00851618
0.00931704
0.00968976
0.00962284
0.00912895
0.00824103
0.00700783
0.00549051
0.00376079
0.00189981
-3.36518e-06
-0.00185472
-0.00356031
-0.00503309
-0.00620042
-0.0070108
-0.00743801
-0.0074818
-0.00716491
-0.00652753
-0.00562067
-0.00450009
-0.00322203
-0.00184114
-0.000410223
0.00101952
0.0023986
0.00368041
0.00482294
0.00579045
0.00655435
0.00709319
0.00739199
0.00744183
0.00724
0.00679101
0.00610805
0.00521409
0.004142
0.00293298
0.00163379
0.000293499
-0.0010389
-0.0023157
-0.00349085
-0.00452016
-0.00536225
-0.00598049
-0.00634546
-0.00643764
-0.00624943
-0.00578641
-0.0050678
-0.00412581
-0.00300397
-0.00175437
-0.000434072
0.000898477
0.00218645
0.00337681
0.00442181
0.00527999
0.00591647
0.00630228
0.00641315
0.006229
0.00573537
0.00492719
0.00381356
0.00242148
0.000796708
-0.000998452
-0.00288983
-0.0047967
-0.00663641
-0.00832783
-0.00979402
-0.0109648
-0.0117799
-0.0121931
-0.0121757
-0.01172
-0.0108403
-0.00956978
-0.00795695
-0.00606058
-0.00394817
-0.00394817
-0.00169775
0.000598743
0.0028344
0.00489219
0.00665642
0.00802797
0.0089383
0.00935745
0.00929425
0.00878992
0.00790809
0.00672441
0.00531743
0.00376144
0.0021218
0.000452917
-0.00120096
-0.00280229
-0.0043148
-0.00569779
-0.00690231
-0.00787145
-0.00854492
-0.00886684
-0.00879427
-0.00830449
-0.00739984
-0.00610984
-0.00449099
-0.00262436
-0.000610784
0.00143621
0.00339963
0.00516919
0.00665074
0.00777332
0.00849271
0.00879137
0.00867559
0.00817118
0.00731918
0.00617248
0.0047934
0.00325181
0.00162318
-1.38618e-05
-0.00158029
-0.00299982
-0.00420229
-0.0051273
-0.00572773
-0.00597237
-0.0058468
-0.00535236
-0.00450413
-0.00333
-0.00187241
-0.000192662
0.00162476
0.00347163
0.00522114
0.00673885
0.00789663
0.00858665
0.00873282
0.00829814
0.00728773
0.00574754
0.00375941
0.00143375
-0.00109895
-0.00369655
-0.00621341
-0.00850835
-0.0104528
-0.0119389
-0.0128861
-0.013246
-0.0130034
-0.0121745
-0.0108023
-0.00895107
-0.00670104
-0.00414551
-0.00139077
0.00144189
0.00421539
0.00678108
0.00898959
0.0107066
0.0118285
0.0122932
0.0120829
0.0112203
0.00976147
0.00778915
0.00540821
0.00274309
-6.46051e-05
-0.00286007
-0.00548187
-0.00777138
-0.0095845
-0.0108037
-0.0113475
-0.0111759
-0.010289
-0.00872341
-0.00654549
-0.00384748
-0.000745732
0.00261964
0.00608619
0.00947423
0.0125961
0.0152689
0.017329
0.018645
0.0191283
0.0187381
0.0174825
0.0154159
0.0126351
0.00927393
0.00549823
0.00149832
-0.00252021
-0.0063481
-0.0097857
-0.0126564
-0.014819
-0.0161782
-0.0166901
-0.0163631
-0.0152532
-0.013454
-0.0110867
-0.00828914
-0.00520848
-0.00199469
0.00120412
0.00424629
0.00700133
0.00935464
0.0112116
0.0125006
0.0131751
0.013215
0.0126259
0.0114388
0.00970797
0.00750852
0.00493378
0.00209207
-0.000896922
-0.00390599
-0.00680463
-0.00946338
-0.0117587
-0.0135789
-0.0148308
-0.0154468
-0.01539
-0.0146573
-0.013279
-0.0113157
-0.0088547
-0.00600477
-0.00289249
0.000342692
0.00355422
0.00659582
0.00933016
0.0116376
0.0134227
0.0146179
0.0151818
0.0150955
0.0143586
0.012988
0.0110207
0.00851949
0.00557915
0.00232825
-0.00107519
-0.00445459
-0.00762934
-0.0104294
-0.0127072
-0.0143448
-0.0152583
-0.015401
-0.0147654
-0.0133863
-0.0113419
-0.00875059
-0.0057642
-0.00255611
0.000693423
0.0038124
0.0066502
0.00908629
0.0110336
0.0124374
0.0132713
0.0135336
0.0132442
0.0124439
0.011193
0.00956897
0.0076608
0.00556183
0.00336249
0.00114494
-0.00101916
-0.00306787
-0.00494638
-0.00660401
-0.00799268
-0.00906763
-0.00979048
-0.0101336
-0.010084
-0.00964577
-0.00884033
-0.00770405
-0.00628531
-0.00464125
-0.00283541
-0.000936837
0.000979677
0.00283337
0.00453867
0.00600896
0.00716284
0.00793169
0.00826675
0.00814429
0.00756801
0.00656887
0.00520262
0.00354583
0.00169095
-0.000259047
-0.00219621
-0.00401344
-0.00561092
-0.00690315
-0.00782577
-0.00834041
-0.00843571
-0.00812425
-0.0074364
-0.00641376
-0.00510422
-0.00355982
-0.00183693
2.80751e-06
0.00189181
0.0037571
0.00552221
0.00711034
0.00844849
0.00947209
0.0101296
0.0103863
0.0102276
0.00966048
0.00871465
0.00744128
0.00591022
0.00420513
0.00241638
0.000632763
-0.00106686
-0.00261997
-0.00398349
-0.00513319
-0.00606006
-0.00676555
-0.00725714
-0.00754504
-0.00764011
-0.00755224
-0.00728927
-0.00685675
-0.00625909
-0.00550203
-0.00459583
-0.00355807
-0.00241529
-0.00120323
3.38549e-05
0.00124449
0.00237186
0.00335669
0.00414127
0.00467443
0.00491694
0.00484633
0.00446059
0.0037797
0.00284463
0.00171379
0.000457931
-0.000845641
-0.00211842
-0.0032852
-0.00427788
-0.00503923
-0.00552677
-0.00571635
-0.00560434
-0.00520762
-0.00456103
-0.0037129
-0.00271988
-0.00164236
-0.000540929
0.000526186
0.0015055
0.00235112
0.00235112
0.00302788
0.00351397
0.00380226
0.00389971
0.00382514
0.00360603
0.0032753
0.00286845
0.00242134
0.00196842
0.00154118
0.00116658
0.000865388
0.000650339
0.000524532
0.000480501
0.000500378
0.000557028
0.000615904
0.00063771
0.000582381
0.000414791
0.000111673
-0.000332108
-0.000900272
-0.00155635
-0.00224905
-0.00291989
-0.00351058
-0.00396831
-0.00424881
-0.00431777
-0.00415214
-0.00374225
-0.00309461
-0.00223454
-0.00120644
-7.03182e-05
0.00110562
0.00225416
0.00331715
0.00424975
0.00502001
0.00560516
0.00598733
0.00615134
0.00608573
0.00578627
0.00526006
0.00452815
0.00362521
0.00259619
0.00149096
0.000358542
-0.000757177
-0.00181926
-0.00279716
-0.00366483
-0.00439914
-0.00497941
-0.0053882
-0.00561269
-0.00564583
-0.0054868
-0.00514067
-0.00461767
-0.00393234
-0.00310328
-0.00215386
-0.00111409
-2.3005e-05
0.00106996
0.00210627
0.003023
0.0037601
0.00426808
0.00451398
0.00448402
0.00418328
0.00363333
0.00286916
0.00193616
0.000887219
-0.000220199
-0.00132702
-0.00237563
-0.00331282
-0.00409251
-0.00467778
-0.00504213
-0.00516992
-0.00505646
-0.00470811
-0.0041426
-0.00338891
-0.0024862
-0.00148123
-0.000424241
0.000635681
0.00165472
0.00259706
0.00343597
0.0041538
0.00474143
0.0051974
0.00552676
0.00573938
0.00584749
0.00586274
0.00579352
0.00564346
0.00541142
0.00509298
0.0046827
0.00417629
0.00357246
0.00287405
0.00208879
0.00122976
0.000315471
-0.000630541
-0.00158043
-0.00250294
-0.00336434
-0.00412953
-0.00476356
-0.00523386
-0.00551294
-0.00558103
-0.00542813
-0.00505509
-0.00447366
-0.003706
-0.00278399
-0.00174872
-0.000649661
0.000456807
0.00151006
0.00244905
0.00321671
0.00376425
0.00405452
0.0040641
0.00378406
0.00322005
0.00239215
0.00133491
9.71926e-05
-0.00125884
-0.0026604
-0.00402851
-0.00528379
-0.00635241
-0.00717118
-0.00769108
-0.00787925
-0.0077199
-0.00721496
-0.00638473
-0.00526826
-0.00392267
-0.00242058
-0.000845452
0.000714691
0.00217439
0.00345745
0.00450223
0.0052647
0.00571933
0.0058581
0.00568845
0.00523085
0.00451635
0.00358457
0.00248185
0.00125957
-2.75296e-05
-0.00132314
-0.00257111
-0.00371737
-0.00471182
-0.00551022
-0.00607583
-0.00638089
-0.00640793
-0.00615102
-0.00561685
-0.00482533
-0.00380938
-0.00261358
-0.00129148
9.79706e-05
0.00149481
0.00284273
0.00409366
0.00521133
0.00617274
0.00696674
0.00759031
0.00804401
0.00832854
0.00844335
0.00838729
0.00816056
0.00776684
0.00721446
0.0065161
0.00568722
0.0047441
0.0037031
0.00258177
0.00140173
0.000191617
-0.00101149
-0.0021634
-0.00321651
-0.00412469
-0.00484777
-0.00535443
-0.00562346
-0.0056438
-0.0054141
-0.0049426
-0.00424728
-0.00335625
-0.00230779
-0.00114931
6.49257e-05
0.00127721
0.00243003
0.00346931
0.00434667
0.00502096
0.00545933
0.00563848
0.00554615
0.00518299
0.00456421
0.00372026
0.00269586
0.00154712
0.00033725
-0.000868492
-0.00200785
-0.00302594
-0.00387855
-0.00453423
-0.00497504
-0.0051961
-0.00520388
-0.00501361
-0.00464606
-0.00412453
-0.00347271
-0.00271388
-0.00187139
-0.000970353
-3.97046e-05
0.000886065
0.00176647
0.00255641
0.00320935
0.00368166
0.00393753
0.00395345
0.00372178
0.00325272
0.00257413
0.0017291
0.000771849
-0.000237562
-0.00123837
-0.00217352
-0.00299291
-0.00365547
-0.00413051
-0.00439851
-0.00445139
-0.00429217
-0.00393397
-0.00339847
-0.00271385
-0.00191282
-0.00103087
-0.000104958
0.000827325
0.0017284
0.00256156
0.0032922
0.0038897
0.0043294
0.00459455
0.00467759
0.00458049
0.00431425
0.00389754
0.00335514
0.00271622
0.00201299
0.0012796
0.000551093
-0.000137924
-0.000755218
-0.00127354
-0.00167328
-0.00194441
-0.002087
-0.00211025
-0.00203048
-0.00186871
-0.00164847
-0.00139409
-0.001129
-0.000873925
-0.000644974
-0.000452166
-0.000299202
-0.000184959
-0.000106585
-6.32887e-05
-5.93784e-05
-0.000105271
-0.000105271
-0.000215934
-0.000407157
-0.000690754
-0.00107014
-0.00153761
-0.00207389
-0.00264981
-0.00322897
-0.0037704
-0.00423079
-0.00456646
-0.00473575
-0.00470245
-0.00444038
-0.00393869
-0.00320661
-0.00227577
-0.00119875
-4.35883e-05
0.00111468
0.00220322
0.00315886
0.003932
0.00448703
0.00480029
0.00485755
0.00465281
0.00418889
0.00347956
0.0025521
0.00144892
0.000227337
-0.00104334
-0.00228706
-0.00342786
-0.00439663
-0.00513645
-0.00560559
-0.00577826
-0.00564395
-0.00520666
-0.0044844
-0.00350924
-0.00232678
-0.000994508
0.000421706
0.00185254
0.0032307
0.00449548
0.00559512
0.00648665
0.00713381
0.0075049
0.00757219
0.0073141
0.00671973
0.00579457
0.00456514
0.00308061
0.00141052
-0.000361126
-0.00214382
-0.00384858
-0.00539436
-0.00671201
-0.00774586
-0.0084538
-0.00880701
-0.00879004
-0.00840148
-0.00765485
-0.0065788
-0.00521609
-0.00362107
-0.00185629
1.09653e-05
0.00191107
0.00377307
0.00552477
0.00709298
0.00840549
0.00939496
0.0100045
0.0101937
0.00994274
0.00925541
0.0081583
0.00669861
0.00494032
0.00296006
0.00084327
-0.00131894
-0.00343228
-0.00540156
-0.00713369
-0.00854181
-0.00955054
-0.0101014
-0.0101574
-0.00970563
-0.00875814
-0.00735077
-0.0055419
-0.00341106
-0.0010575
0.00140262
0.00384115
0.00612565
0.00812888
0.00973874
0.0108666
0.0114528
0.0114686
0.0109155
0.00982298
0.00824488
0.00625671
0.00395214
0.00143931
-0.00116393
-0.00373596
-0.00615801
-0.00832077
-0.0101302
-0.0115116
-0.0124124
-0.0128031
-0.0126769
-0.0120483
-0.0109519
-0.0094405
-0.00758383
-0.00546626
-0.00318377
-0.000839336
0.00146282
0.00362367
0.00555526
0.00718498
0.00845788
0.0093371
0.00980316
0.00985281
0.00949798
0.00876485
0.00769316
0.00633515
0.00475385
0.00302066
0.00121205
-0.000593767
-0.00231975
-0.00389207
-0.00524146
-0.00630453
-0.00702579
-0.00736053
-0.00727849
-0.00676742
-0.00583596
-0.00451515
-0.00285819
-0.000938269
0.00115548
0.00332343
0.00546152
0.00746706
0.00924364
0.0107052
0.0117793
0.01241
0.0125606
0.0122157
0.0113815
0.0100859
0.00837656
0.00631772
0.00398731
0.00147373
-0.00112699
-0.00371398
-0.00618479
-0.00843936
-0.0103845
-0.0119387
-0.0130363
-0.0136312
-0.0136993
-0.0132399
-0.0122752
-0.0108487
-0.00902241
-0.00687309
-0.004488
-0.00196102
0.000611024
0.00313163
0.00550766
0.00765236
0.00948825
0.0109496
0.0119841
0.0125542
0.0126372
0.0122271
0.0113351
0.00999117
0.00824457
0.00616301
0.00383005
0.00134087
-0.00120287
-0.00369843
-0.00604666
-0.00815526
-0.00994074
-0.0113297
-0.0122604
-0.0126857
-0.0125767
-0.0119266
-0.0107533
-0.00909913
-0.00702926
-0.00462755
-0.00199231
0.000767694
0.00353666
0.00619496
0.00862292
0.0107059
0.0123404
0.0134408
0.0139458
0.0138226
0.013069
0.0117128
0.00980876
0.00743487
0.00468806
0.00167994
-0.0014672
-0.00462474
-0.00766278
-0.010456
-0.0128899
-0.0148662
-0.0163073
-0.0171578
-0.0173853
-0.01698
-0.0159542
-0.014342
-0.0121985
-0.00959891
-0.0066363
-0.00341885
-6.65067e-05
0.00329332
0.00653084
0.00951956
0.0121419
0.014294
0.0158889
0.01686
0.0171636
0.0167828
0.0157305
0.0140513
0.0118213
0.00914442
0.00614543
0.00296208
-0.000263883
-0.00339473
-0.00630317
-0.00887684
-0.0110208
-0.0126591
-0.0137348
-0.0142119
-0.0140765
-0.0133381
-0.0120313
-0.0102143
-0.00796705
-0.00538624
-0.00258111
0.000331711
0.00323251
0.00600249
0.00852761
0.0107026
0.0124348
0.0136488
0.0142892
0.014325
0.0137514
0.0125905
0.010891
0.00872495
0.00618409
0.00337488
0.000413971
-0.00257622
-0.00547169
-0.0081514
-0.0105026
-0.0124263
-0.0138438
-0.0147008
-0.014971
-0.0146573
-0.0137895
-0.012421
-0.0106241
-0.0084848
-0.00609864
-0.00356722
-0.000995476
0.00151132
0.00385115
0.00385115
0.00592956
0.00766423
0.00898905
0.00985726
0.0102433
0.0101431
0.0095741
0.00857344
0.00719672
0.00551557
0.00361498
0.00158969
-0.000460097
-0.00243383
-0.00423615
-0.00578248
-0.00700397
-0.0078513
-0.00829669
-0.0083342
-0.00797836
-0.0072619
-0.00623289
-0.004952
-0.00348959
-0.00192267
-0.000331254
0.00120585
0.00261564
0.00383514
0.00481455
0.00551881
0.0059276
0.00603412
0.00584331
0.00537034
0.00463958
0.00368423
0.00254596
0.00127407
-7.61602e-05
-0.00144609
-0.00277673
-0.00401171
-0.00509941
-0.00599427
-0.00665739
-0.00705694
-0.00716874
-0.00697691
-0.00647463
-0.0056651
-0.00456294
-0.00319584
-0.00160544
0.00015311
0.00201359
0.00390267
0.00574424
0.00746307
0.00898727
0.01025
0.0111916
0.0117626
0.0119277
0.0116702
0.0109953
0.00993077
0.00852618
0.00684865
0.00497769
0.00299941
0.00100094
-0.000934525
-0.00273207
-0.00432847
-0.00567449
-0.00673569
-0.00749212
-0.00793708
-0.00807546
-0.0079216
-0.00749692
-0.0068274
-0.00594177
-0.00487059
-0.00364644
-0.00230499
-0.000885963
0.000566602
0.00200526
0.00338114
0.00464639
0.00575656
0.00667229
0.0073602
0.00779348
0.00795257
0.00782632
0.00741364
0.00672509
0.00578369
0.00462451
0.00329301
0.00184258
0.000331824
-0.00117775
-0.00262371
-0.00394469
-0.0050827
-0.00598606
-0.00661273
-0.00693338
-0.00693383
-0.00661612
-0.00599833
-0.00511325
-0.00400628
-0.00273291
-0.00135588
5.781e-05
0.00143996
0.00272435
0.00384986
0.00476343
0.00542278
0.00579866
0.0058765
0.00565716
0.00515667
0.00440479
0.00344252
0.00231901
0.00108814
-0.000194597
-0.00147467
-0.00270067
-0.00382596
-0.00481026
-0.00562101
-0.0062346
-0.00663721
-0.00682507
-0.00680386
-0.00658685
-0.00619194
-0.00563791
-0.00494148
-0.00411648
-0.00317569
-0.00213458
-0.00101476
0.00015429
0.00133637
0.00249171
0.00358091
0.00456787
0.00542105
0.00611303
0.00661941
0.00691838
0.00699173
0.00682759
0.00642417
0.00579285
0.00495938
0.00396233
0.00284929
0.00167202
0.000482192
-0.00067152
-0.00174474
-0.00269793
-0.00349701
-0.00411476
-0.00453292
-0.00474451
-0.00475532
-0.0045839
-0.00425946
-0.00381795
-0.00329706
-0.0027317
-0.00215102
-0.00157788
-0.00103026
-0.000523575
-7.24775e-05
0.00030864
0.000606656
0.000811513
0.000917818
0.000925436
0.000838889
0.000665956
0.000416219
0.00010019
-0.000270634
-0.000682907
-0.00112027
-0.00156262
-0.00198642
-0.0023661
-0.00267629
-0.00289396
-0.00300008
-0.00298039
-0.00282553
-0.00253117
-0.00209861
-0.00153605
-0.000860116
-9.68472e-05
0.000718894
0.00154575
0.00233967
0.00305812
0.00366381
0.00412711
0.00442718
0.00455194
0.00449776
0.00426893
0.0038773
0.00334194
0.0026884
0.00194744
0.00115301
0.000339803
-0.000459365
-0.00121565
-0.00190531
-0.00250997
-0.00301611
-0.00341455
-0.00370001
-0.00387077
-0.00392827
-0.00387635
-0.00372018
-0.0034655
-0.0031183
-0.00268523
-0.00217436
-0.00159599
-0.000963166
-0.000291758
0.000399877
0.00109139
0.00176098
0.00238591
0.00294316
0.00341047
0.00376769
0.0039984
0.00409133
0.00404116
0.00384844
0.00351882
0.00306203
0.00249113
0.00182228
0.00107513
0.000273629
-0.000552951
-0.00136923
-0.00213392
-0.00280162
-0.00332657
-0.00366772
-0.00379421
-0.00368992
-0.00335626
-0.00281241
-0.00209335
-0.00124628
-0.000326432
0.000607213
0.001496
0.00228571
0.00293064
0.00339747
0.00366808
0.00374054
0.00362798
0.00335556
0.0029564
0.0024675
0.00192651
0.00136964
0.000830489
0.000339296
-7.81846e-05
-0.000402538
-0.000623039
-0.0007396
-0.00076336
-0.00071536
-0.000623576
-0.000519108
-0.000432364
-0.000389705
-0.000410533
-0.000504847
-0.000671608
-0.000898458
-0.00116306
-0.00143583
-0.00168344
-0.00187237
-0.00197231
-0.00195943
-0.00181944
-0.00155028
-0.00116345
-0.000683395
-0.000144692
0.000412073
0.000944783
0.00141352
0.00178304
0.00202412
0.00202412
0.00211412
0.00203739
0.00178582
0.00135955
0.000767958
3.06267e-05
-0.000821692
-0.00174665
-0.00269113
-0.00359376
-0.00438926
-0.00501375
-0.00540999
-0.00553163
-0.00534604
-0.00483574
-0.00399918
-0.00285115
-0.00142327
0.000235756
0.00206015
0.00396784
0.00586271
0.00763901
0.00918808
0.0104066
0.011205
0.0115136
0.0112874
0.0105069
0.00917821
0.00733231
0.00502467
0.00233554
-0.000629574
-0.00374087
-0.0068483
-0.00978969
-0.0124025
-0.0145368
-0.0160673
-0.016901
-0.0169812
-0.0162874
-0.0148342
-0.0126704
-0.00987928
-0.00657839
-0.00291795
0.000925195
0.00475798
0.00838498
0.0116233
0.0143162
0.0163426
0.017622
0.0181161
0.0178258
0.0167879
0.0150716
0.0127746
0.0100196
0.00694861
0.00371591
0.000478913
-0.00261128
-0.00541807
-0.00782513
-0.00973939
-0.0110921
-0.0118389
-0.0119599
-0.0114605
-0.0103721
-0.0087529
-0.00668722
-0.00428305
-0.00166767
0.00101882
0.00363132
0.00602834
0.00808046
0.00967785
0.0107362
0.0112009
0.0110488
0.0102884
0.0089593
0.00712888
0.00488907
0.00235093
-0.000361672
-0.00311937
-0.00579492
-0.00827024
-0.0104421
-0.0122259
-0.0135576
-0.0143942
-0.0147135
-0.0145137
-0.0138137
-0.0126526
-0.0110869
-0.00918539
-0.00701936
-0.00465853
-0.00217798
0.000332163
0.00276975
0.00503539
0.00704503
0.00873445
0.0100583
0.0109854
0.0114927
0.0115644
0.0111959
0.0104008
0.00921283
0.00768558
0.0058888
0.00390554
0.00182856
-0.000245031
-0.00221973
-0.00400616
-0.00552348
-0.00670156
-0.00748438
-0.007835
-0.00774049
-0.00721501
-0.00629956
-0.00505793
-0.00357038
-0.00192665
-0.000219411
0.00146146
0.00303344
0.00442425
0.005573
0.00643041
0.00695921
0.00713516
0.0069489
0.0064076
0.00553569
0.00437404
0.00297757
0.00141177
-0.000251473
-0.00193807
-0.00357531
-0.00509434
-0.00643126
-0.00752742
-0.00832988
-0.00879318
-0.00888242
-0.00857728
-0.00787541
-0.00679434
-0.00537126
-0.00366083
-0.00173182
0.00033644
0.00245712
0.00453851
0.00648666
0.008209
0.00961925
0.0106437
0.0112279
0.0113418
0.0109834
0.0101781
0.00897583
0.00744557
0.00566951
0.00373756
0.00174299
-0.000220885
-0.0020637
-0.00370129
-0.0050595
-0.00607846
-0.00671645
-0.00695269
-0.00678835
-0.00624576
-0.00536613
-0.00420665
-0.00283784
-0.00134098
0.000194454
0.00167426
0.00300404
0.00409485
0.00486917
0.00526688
0.00525066
0.00481044
0.00396622
0.00276823
0.00129353
-0.000360561
-0.00208512
-0.00376851
-0.00530407
-0.00659598
-0.00756363
-0.00814531
-0.00830176
-0.00801943
-0.00731261
-0.00622333
-0.00481823
-0.00318274
-0.00141336
0.0003901
0.00213117
0.00372141
0.00508341
0.00615305
0.0068821
0.00724095
0.00722111
0.00683618
0.00612063
0.00512655
0.00391899
0.00257113
0.0011599
-0.000237588
-0.00154742
-0.00270211
-0.00364386
-0.00432748
-0.00472262
-0.00481513
-0.00460722
-0.00411656
-0.00337459
-0.00242412
-0.0013168
-0.000110546
0.00113303
0.00235107
0.00348186
0.00446711
0.00525388
0.00579619
0.00605642
0.00600671
0.00563053
0.00492439
0.00389905
0.00258016
0.00100786
-0.000764281
-0.00267085
-0.00463628
-0.00657701
-0.00840463
-0.0100303
-0.0113702
-0.0123513
-0.0129166
-0.0130288
-0.0126718
-0.0118517
-0.0105959
-0.00895181
-0.0069854
-0.0047788
-0.00242697
-3.32674e-05
0.00229617
0.00445867
0.00636117
0.00792543
0.00909173
0.00982075
0.010094
0.00991329
0.00929964
0.00829213
0.00694634
0.00533232
0.00353176
0.0016342
-0.00026754
-0.00208224
-0.00372506
-0.00512171
-0.0062118
-0.00695122
-0.0073137
-0.00729132
-0.00689441
-0.00615052
-0.00510275
-0.00380734
-0.00233061
-0.000745375
0.000872821
0.00244957
0.0039152
0.00520791
0.00627639
0.00708155
0.00759767
0.00781276
0.00772843
0.00735934
0.00673236
0.00588534
0.00486539
0.00372656
0.00252681
0.00132454
0.00132454
0.000175028
-0.000872656
-0.00177795
-0.00251015
-0.00304895
-0.00338431
-0.00351599
-0.00345279
-0.00321151
-0.00281565
-0.00229392
-0.00167847
-0.00100337
-0.000303093
0.000388728
0.00104027
0.00162233
0.00210906
0.00247865
0.00271419
0.00280488
0.00274729
0.00254665
0.00221739
0.0017826
0.00127226
0.000720464
0.00016242
-0.000368304
-0.000841842
-0.00123338
-0.00152402
-0.00170126
-0.00175943
-0.00169994
-0.0015314
-0.00126925
-0.000934835
-0.000553657
-0.000153091
0.000239967
0.000601056
0.000909422
0.00114865
0.00130696
0.00137747
0.00135844
0.00125346
0.00107129
0.000825151
0.00053155
0.000208602
-0.000125689
-0.000454895
-0.000765028
-0.00104476
-0.00128511
-0.00147904
-0.00162109
-0.00170741
-0.00173599
-0.00170686
-0.00162212
-0.00148564
-0.00130274
-0.00107984
-0.000824382
-0.000545052
-0.000252097
4.23908e-05
0.000324593
0.000579637
0.000792794
0.000950974
0.00104414
0.00106625
0.00101556
0.000894271
0.00070784
0.000464349
0.000174235
-0.000149549
-0.000491259
-0.000832432
-0.00115263
-0.00143087
-0.0016474
-0.00178546
-0.00183255
-0.00178123
-0.00162934
-0.00138007
-0.00104197
-0.000629021
-0.00016046
0.000339878
0.00084498
0.00132673
0.00175827
0.00211621
0.00238218
0.00254364
0.00259395
0.00253202
0.00236167
0.00209094
0.00173145
0.0012978
0.000807118
0.000278479
-0.000267622
-0.000809891
-0.00132685
-0.00179739
-0.00220141
-0.00252048
-0.00273876
-0.00284397
-0.00282835
-0.00268935
-0.00242997
-0.00205867
-0.00158887
-0.00103812
-0.00042701
0.000222002
0.000885723
0.00154116
0.0021662
0.00274015
0.00324411
0.00366147
0.00397826
0.00418361
0.00427001
0.0042335
0.00407371
0.00379394
0.00340107
0.00290563
0.00232186
0.00166773
0.000964843
0.000237881
-0.000486364
-0.00118042
-0.00181768
-0.00237374
-0.00282722
-0.0031603
-0.00335899
-0.00341366
-0.00331981
-0.00307891
-0.00269915
-0.00219545
-0.00158894
-0.000905647
-0.000174842
0.000572789
0.00130677
0.00199815
0.00262055
0.00315088
0.00356998
0.00386311
0.00402038
0.00403689
0.00391264
0.00365227
0.00326458
0.00276221
0.00216122
0.00148074
0.000742589
-2.92827e-05
-0.00080924
-0.00157043
-0.00228512
-0.00292513
-0.00346258
-0.00387139
-0.00412934
-0.00422043
-0.00413603
-0.0038743
-0.00343891
-0.00283966
-0.00209431
-0.00122961
-0.000280635
0.000710659
0.00169762
0.00263158
0.00346469
0.00415263
0.00465747
0.00495045
0.00501417
0.00484346
0.00444504
0.00383659
0.00304578
0.00210917
0.00107066
-2.08925e-05
-0.00111452
-0.00216006
-0.0031109
-0.00392638
-0.00457368
-0.00502924
-0.00527939
-0.00532038
-0.00515763
-0.00480451
-0.00428107
-0.00361269
-0.002829
-0.00196285
-0.00104949
-0.000125733
0.000770632
0.00160165
0.00233028
0.00292186
0.00334605
0.00357873
0.0036038
0.00341444
0.003014
0.00241655
0.00164721
0.000742004
-0.000253154
-0.00128463
-0.00229447
-0.00322451
-0.00402054
-0.00463574
-0.00503303
-0.00518646
-0.00508173
-0.00471638
-0.00409985
-0.00325343
-0.0022099
-0.00101266
0.00028588
0.00162671
0.00294735
0.00418535
0.00528175
0.00618402
0.00684827
0.00724075
0.00733899
0.0071329
0.00662588
0.00583565
0.00479428
0.00354698
0.00214951
0.000664531
-0.000842401
-0.00230664
-0.00366756
-0.00487091
-0.00587034
-0.00662856
-0.00711827
-0.00732301
-0.00723802
-0.00687081
-0.00624132
-0.00538111
-0.00433189
-0.00314322
-0.00187005
-0.000570279
0.000697346
0.00187532
0.00290949
0.00375138
0.00436078
0.00470812
0.00477647
0.00456276
0.00407809
0.00334728
0.00240763
0.00130717
0.000102217
-0.00114533
-0.00237096
-0.00351037
-0.00450219
-0.00529073
-0.005829
-0.00608188
-0.00602906
-0.00566689
-0.0050088
-0.00408422
-0.00293649
-0.00162021
-0.000198465
0.00126009
0.00268447
0.00400493
0.00515672
0.00608385
0.0067425
0.00710368
0.00715486
0.00690028
0.0063599
0.00556729
0.00456672
0.00340987
0.0021525
0.000851436
0.000851436
-0.000438122
-0.00166466
-0.00278205
-0.00375078
-0.00453901
-0.00512306
-0.00548759
-0.00562526
-0.00553617
-0.00522737
-0.00471272
-0.00401297
-0.00315578
-0.00217551
-0.00111251
-1.18407e-05
0.00107833
0.00210881
0.00303174
0.00380328
0.00438622
0.0047522
0.0048834
0.00477335
0.00442718
0.00386119
0.00310214
0.00218599
0.00115624
6.1748e-05
-0.00104582
-0.00211483
-0.00309642
-0.00394712
-0.00463095
-0.00512097
-0.00540006
-0.00546104
-0.00530595
-0.00494502
-0.0043954
-0.00368009
-0.00282727
-0.00186974
-0.000844422
0.000208687
0.00124808
0.00223279
0.00312458
0.0038898
0.00450064
0.00493576
0.00518043
0.00522669
0.00507363
0.00472795
0.00420441
0.00352592
0.00272287
0.00183169
0.000892891
-5.11403e-05
-0.000958265
-0.00178851
-0.00250577
-0.00307933
-0.00348536
-0.00370811
-0.00374085
-0.00358633
-0.00325665
-0.00277258
-0.00216232
-0.00145987
-0.000703284
6.73177e-05
0.000811756
0.00149191
0.00207373
0.00252896
0.0028363
0.00298189
0.00295915
0.00276827
0.00241553
0.00191289
0.00127772
0.000532741
-0.000294382
-0.00117169
-0.00206405
-0.0029345
-0.00374553
-0.00446041
-0.00504449
-0.00546673
-0.00570136
-0.00572954
-0.00554073
-0.00513348
-0.00451583
-0.00370512
-0.00272759
-0.00161764
-0.000416847
0.000827601
0.00206484
0.00324284
0.00431123
0.00522417
0.00594291
0.00643795
0.00669059
0.00669379
0.00645262
0.00598398
0.00531573
0.004485
0.00353579
0.00251592
0.00147367
0.000454892
-0.000499388
-0.0013544
-0.00208247
-0.00266332
-0.00308428
-0.00334034
-0.00343397
-0.00337484
-0.00317892
-0.00286726
-0.00246437
-0.00199676
-0.00149159
-0.000975691
-0.000474749
-1.24402e-05
0.000390668
0.000718305
0.0009595
0.00110911
0.00116772
0.00114091
0.00103827
0.000872203
0.000656823
0.00040697
0.000137456
-0.000137435
-0.000404187
-0.000650098
-0.000863266
-0.00103269
-0.00114855
-0.00120273
-0.0011894
-0.00110555
-0.000951404
-0.000730718
-0.000450901
-0.000122955
0.000238839
0.00061758
0.000994739
0.00135142
0.00166979
0.0019345
0.00213399
0.00226131
0.00231447
0.00229617
0.00221312
0.00207513
0.00189413
0.00168338
0.00145671
0.00122777
0.00100909
0.000811172
0.000641658
0.000504901
0.000402045
0.000331541
0.000289928
0.000272631
0.000274639
0.000291072
0.000317674
0.000351221
0.000389749
0.000432542
0.00047986
0.000532486
0.000591132
0.000655766
0.00072487
0.000794756
0.000859176
0.000909478
0.000935345
0.000925979
0.00087139
0.000763491
0.000596821
0.000368904
8.03699e-05
-0.00026501
-0.000660196
-0.00109454
-0.00155328
-0.00201726
-0.00246319
-0.00286494
-0.00319574
-0.00343078
-0.00354968
-0.00353825
-0.00338946
-0.00310395
-0.00269026
-0.00216492
-0.00155215
-0.000882805
-0.000192488
0.000481156
0.00110147
0.00163571
0.00205728
0.00234727
0.00249494
0.00249761
0.0023601
0.00209386
0.00171616
0.0012491
0.000718628
0.000153403
-0.000416517
-0.000961075
-0.00145168
-0.00186263
-0.00217233
-0.00236428
-0.00242763
-0.0023575
-0.00215487
-0.00182638
-0.00138394
-0.00084428
-0.00022835
0.000439349
0.00113161
0.00181943
0.00247308
0.00306325
0.00356218
0.00394473
0.0041894
0.00427921
0.00420269
0.00395495
0.00353883
0.00296576
0.00225611
0.00143859
0.000548728
-0.000373485
-0.00128632
-0.00214899
-0.00292401
-0.00357902
-0.00408813
-0.00443284
-0.00460254
-0.00459461
-0.00441407
-0.0040728
-0.00358844
-0.00298319
-0.0022828
-0.00151556
-0.000711662
9.74909e-05
0.000879967
0.00160425
0.00224049
0.00276203
0.00314707
0.00338013
0.00345325
0.00336659
0.00312835
0.00275416
0.00226598
0.00169063
0.00105828
0.000400823
-0.00024969
-0.000862455
-0.00140922
-0.00186541
-0.00221112
-0.00243183
-0.00251894
-0.00246999
-0.00228861
-0.00198415
-0.00157112
-0.00106842
-0.000498345
0.000114469
0.000744147
0.00136455
0.00195004
0.0024761
0.00291981
0.00326047
0.0034804
0.00356582
0.00350763
0.00330218
0.00330218
0.00295177
0.00246512
0.00185773
0.00115189
0.00037612
-0.000436096
-0.00124827
-0.00202329
-0.00272591
-0.00332487
-0.00379458
-0.00411609
-0.00427753
-0.00427401
-0.00410732
-0.00378563
-0.00332301
-0.00273909
-0.00205831
-0.00130887
-0.000521448
0.000272395
0.00104159
0.00175683
0.0023914
0.00292184
0.00332817
0.00359424
0.00370814
0.00366292
0.00345758
0.00309793
0.0025971
0.00197524
0.00125853
0.000477595
-0.00033439
-0.00114339
-0.00191597
-0.0026204
-0.00322752
-0.00371162
-0.00405149
-0.00423162
-0.00424348
-0.00408639
-0.00376797
-0.00330364
-0.00271557
-0.00203114
-0.00128128
-0.000498952
0.000282082
0.00102837
0.00170783
0.00229098
0.00275234
0.00307197
0.00323682
0.00324167
0.00308947
0.00279094
0.0023636
0.00183044
0.00121849
0.00055746
-0.000121497
-0.000786873
-0.00140788
-0.00195559
-0.00240413
-0.00273203
-0.00292342
-0.002969
-0.00286659
-0.00262114
-0.00224421
-0.00175326
-0.00117075
-0.000523313
0.000159137
0.000844462
0.00149961
0.00209223
0.00259245
0.00297463
0.00321889
0.00331222
0.00324904
0.0030313
0.0026681
0.00217507
0.00157356
0.000889714
0.000153722
-0.00060115
-0.00133971
-0.00202636
-0.00262707
-0.00311141
-0.0034546
-0.00363905
-0.0036554
-0.00350281
-0.00318872
-0.00272826
-0.00214329
-0.0014614
-0.000714703
6.15447e-05
0.000830547
0.00155584
0.00220326
0.00274281
0.0031502
0.00340791
0.0035057
0.00344077
0.00321753
0.00284728
0.00234775
0.00174258
0.00106051
0.000334168
-0.000401457
-0.00111096
-0.00176058
-0.00232015
-0.00276471
-0.00307568
-0.00324146
-0.00325766
-0.00312687
-0.0028583
-0.00246716
-0.00197399
-0.00140359
-0.000783874
-0.000144329
0.000485611
0.00107816
0.00160854
0.00205591
0.00240405
0.00264163
0.00276235
0.002765
0.00265337
0.00243603
0.00212581
0.00173915
0.0012952
0.000814745
0.000319141
-0.000170798
-0.000635742
-0.00105857
-0.00142485
-0.00172302
-0.00194446
-0.00208338
-0.00213678
-0.00210446
-0.00198921
-0.00179708
-0.00153758
-0.00122372
-0.000871689
-0.000500113
-0.000128899
0.000222177
0.000534983
0.000794457
0.000989724
0.00111472
0.00116828
0.00115366
0.00107783
0.000950478
0.000783099
0.000588144
0.000378321
0.000165988
-3.73632e-05
-0.000221548
-0.000377992
-0.000499878
-0.000582116
-0.000621159
-0.00061476
-0.000561843
-0.000462595
-0.000318846
-0.000134664
8.30485e-05
0.000324255
0.000576053
0.000823547
0.00105119
0.00124425
0.00139007
0.00147901
0.00150488
0.00146512
0.00136068
0.00119591
0.000978231
0.000717832
0.00042714
0.000120159
-0.000188397
-0.000484143
-0.000754106
-0.00098764
-0.001177
-0.00131738
-0.00140648
-0.00144378
-0.00142991
-0.00136633
-0.00125549
-0.00110122
-0.000909142
-0.000686817
-0.00044346
-0.000189377
6.46923e-05
0.000308113
0.000530656
0.000722632
0.000875023
0.000979798
0.00103046
0.00102277
0.00095554
0.000831254
0.000656286
0.000440583
0.000196845
-6.06207e-05
-0.000317127
-0.000558687
-0.000772781
-0.000948818
-0.00107838
-0.00115537
-0.00117619
-0.00113989
-0.00104826
-0.000905668
-0.000718701
-0.000495431
-0.000244646
2.48412e-05
0.00030461
0.000586717
0.00086356
0.0011277
0.0013718
0.00158876
0.00177216
0.00191663
0.00201835
0.00207506
0.00208596
0.00205128
0.00197191
0.00184936
0.00168587
0.00148488
0.00125133
0.000991815
0.000714332
0.000427761
0.000141129
-0.000137086
-0.000399458
-0.000639834
-0.000853252
-0.00103565
-0.00118354
-0.00129395
-0.00136452
-0.00139397
-0.00138253
-0.0013323
-0.00124734
-0.00113351
-0.000998172
-0.000849772
-0.000697409
-0.000550397
-0.000417744
-0.000307457
-0.000225714
-0.000176055
-0.000158815
-0.000171005
-0.00020672
-0.000257961
-0.000315656
-0.000370624
-0.000414342
-0.000439444
-0.000439989
-0.000411609
-0.00035158
-0.00025886
-0.000134111
2.03059e-05
0.000200416
0.000400829
0.000615045
0.000835853
0.00105574
0.00126727
0.00146337
0.00163761
0.00178436
0.00189902
0.00197808
0.00201914
0.00201914
0.00202088
0.00198296
0.00190589
0.001791
0.00164035
0.00145671
0.00124362
0.00100542
0.000747297
0.000475191
0.000195515
-8.52608e-05
-0.0003611
-0.000626794
-0.000878138
-0.00111186
-0.00132532
-0.00151616
-0.00168203
-0.00182042
-0.00192874
-0.0020045
-0.00204547
-0.0020499
-0.00201675
-0.0019459
-0.0018383
-0.0016961
-0.00152271
-0.00132264
-0.00110131
-0.000864898
-0.000620002
-0.000373394
-0.000131644
9.92483e-05
0.000314175
0.000509102
0.000681093
0.000828167
0.000949067
0.00104304
0.00110966
0.00114876
0.00116044
0.00114517
0.00110398
0.0010386
0.000951577
0.000846309
0.000726935
0.000598277
0.00046575
0.000335235
0.00021279
0.000104164
1.41831e-05
-5.3833e-05
-9.84544e-05
-0.000120223
-0.000121465
-0.000105952
-7.85449e-05
-4.48336e-05
-1.07998e-05
1.75396e-05
3.44975e-05
3.50734e-05
1.52616e-05
-2.77246e-05
-9.53332e-05
-0.00018765
-0.000303424
-0.000440076
-0.00059361
-0.000758419
-0.000927097
-0.00109048
-0.00123806
-0.00135887
-0.00144248
-0.00148018
-0.00146579
-0.00139633
-0.00127228
-0.00109762
-0.000879585
-0.00062817
-0.000355424
-7.46491e-05
0.000200442
0.000456556
0.000681615
0.000865498
0.00100066
0.00108251
0.00110954
0.00108311
0.00100697
0.000886781
0.000729592
0.000543519
0.00033749
0.000121049
-9.58916e-05
-0.000303399
-0.000491973
-0.000653056
-0.000779471
-0.000865696
-0.000907914
-0.000903908
-0.000852914
-0.000755557
-0.00061394
-0.000431874
-0.000215166
2.81308e-05
0.000287634
0.000550864
0.000803846
0.00103206
0.00122157
0.00136012
0.00143798
0.00144843
0.00138807
0.00125684
0.00105808
0.00079859
0.000488603
0.000141529
-0.000226634
-0.000598269
-0.000955374
-0.00128085
-0.00155963
-0.00177937
-0.0019309
-0.00200821
-0.00200835
-0.0019313
-0.00177982
-0.0015595
-0.00127867
-0.000948302
-0.000581591
-0.000193371
0.000200677
0.000584804
0.000943861
0.00126377
0.00153191
0.00173744
0.0018718
0.00192917
0.00190705
0.00180665
0.00163315
0.00139553
0.00110616
0.000780035
0.00043382
8.47969e-05
-0.00025008
-0.000554997
-0.000815938
-0.00102124
-0.00116207
-0.00123294
-0.00123197
-0.00116107
-0.00102576
-0.000834782
-0.000599412
-0.000332704
-4.86269e-05
0.000238734
0.000515885
0.000770514
0.000991923
0.00117134
0.00130214
0.00138003
0.00140313
0.00137198
0.00128931
0.00115973
0.000989383
0.000785499
0.000556163
0.000310095
5.65032e-05
-0.000195047
-0.000434804
-0.000653063
-0.000840506
-0.000988651
-0.00109039
-0.00114053
-0.00113618
-0.00107703
-0.000965337
-0.000805815
-0.000605434
-0.000373245
-0.000120182
0.000141219
0.000397301
0.000634018
0.000837851
0.000996782
0.00110113
0.00114415
0.00112229
0.00103521
0.000885636
0.000679117
0.000423806
0.000130145
-0.00018953
-0.00052154
-0.000851557
-0.00116543
-0.00145001
-0.00169393
-0.00188816
-0.00202647
-0.00210552
-0.00212486
-0.0020868
-0.00199608
-0.00185963
-0.00168616
-0.00148575
-0.00126934
-0.00104812
-0.000832915
-0.000633604
-0.000458607
-0.000314588
-0.00020631
-0.000136625
-0.000106517
-0.000115159
-0.000159933
-0.000236478
-0.000338819
-0.00045964
-0.000590678
-0.000723222
-0.000848639
-0.000958844
-0.00104663
-0.00110589
-0.00113166
-0.00112015
-0.00106881
-0.000976464
-0.000843557
-0.000672391
-0.000467309
-0.000234743
1.6962e-05
0.000277969
0.000537543
0.000784747
0.00100913
0.00120134
0.00135362
0.00146016
0.00151743
0.00152434
0.00148237
0.00139548
0.00126987
0.00111358
0.000935948
0.000747016
0.000557047
0.000376075
0.000213568
7.80995e-05
-2.30322e-05
-8.42391e-05
-0.000102069
-7.55184e-05
-6.13446e-06
0.000102102
0.000243092
0.000409046
0.000590987
0.000779248
0.000963982
0.00113565
0.00128549
0.00140594
0.00149098
0.00153641
0.00154001
0.00150159
0.00142305
0.00130817
0.0011626
0.000993494
0.000809284
0.000619199
0.000432807
0.000259511
0.000108059
-1.38905e-05
-0.000100133
-0.000146215
-0.000149657
-0.000110062
-2.91179e-05
8.94906e-05
0.000240232
0.000415933
0.00060802
0.000806834
0.00100206
0.00100206
0.00118329
0.00134062
0.00146524
0.00154996
0.00158951
0.0015807
0.00152242
0.00141548
0.00126247
0.00106764
0.000836805
0.000577255
0.000297602
7.53881e-06
-0.000282506
-0.000561755
-0.000819484
-0.00104542
-0.00123015
-0.00136562
-0.00144559
-0.00146611
-0.00142586
-0.00132638
-0.00117201
-0.00096973
-0.000728717
-0.000459812
-0.000174867
0.000113909
0.000394573
0.000655967
0.000888148
0.0010827
0.00123295
0.00133407
0.00138305
0.00137871
0.00132158
0.001214
0.00106016
0.000866158
0.000640004
0.000391387
0.000131251
-0.000128785
-0.000377097
-0.000602699
-0.0007958
-0.00094826
-0.00105397
-0.00110919
-0.00111286
-0.00106682
-0.000975769
-0.000847063
-0.000690135
-0.000515778
-0.000335348
-0.000160011
-1.0624e-07
0.000135345
0.000238977
0.000305318
0.000330925
0.000314436
0.000256575
0.00016012
2.98399e-05
-0.000127607
-0.000303874
-0.00048927
-0.000673268
-0.00084514
-0.000994654
-0.00111269
-0.00119175
-0.00122625
-0.00121277
-0.00115013
-0.00103945
-0.000884236
-0.000690426
-0.000466412
-0.000222924
2.73417e-05
0.000270418
0.000492037
0.000678714
0.000818723
0.00090281
0.000924582
0.000880664
0.000770717
0.000597484
0.000366898
8.82337e-05
-0.00022589
-0.000559851
-0.000895844
-0.00121514
-0.00149956
-0.00173289
-0.00190202
-0.00199754
-0.00201408
-0.00195029
-0.00180874
-0.00159573
-0.00132099
-0.000997275
-0.000639774
-0.00026531
0.00010867
0.000465189
0.000788814
0.00106652
0.00128824
0.00144704
0.00153907
0.00156341
0.00152186
0.00141883
0.00126124
0.00105839
0.000821572
0.00056355
0.00029775
3.73936e-05
-0.000205323
-0.000419844
-0.000597612
-0.000732187
-0.000819233
-0.000856482
-0.000843747
-0.00078297
-0.000678298
-0.00053613
-0.000365086
-0.000175848
1.92222e-05
0.000206735
0.000373182
0.000505984
0.000594538
0.000631082
0.00061125
0.000534246
0.000402677
0.00022215
7.19016e-07
-0.000251736
-0.000524157
-0.000804925
-0.00108243
-0.0013455
-0.00158377
-0.00178781
-0.00194934
-0.00206139
-0.00211855
-0.00211732
-0.00205637
-0.00193675
-0.00176199
-0.00153804
-0.00127309
-0.000977276
-0.000662314
-0.00034092
-2.62084e-05
0.000268997
0.000532848
0.000755102
0.000927634
0.0010448
0.00110362
0.00110377
0.0010475
0.000939395
0.000786154
0.000596409
0.000380527
0.000150384
-8.10006e-05
-0.000300032
-0.000493335
-0.000648699
-0.00075605
-0.000808308
-0.000801958
-0.000737218
-0.00061784
-0.000450606
-0.000244683
-1.09584e-05
0.000238563
0.000491312
0.000734736
0.000956963
0.00114753
0.00129809
0.00140295
0.00145928
0.00146705
0.00142868
0.00134852
0.00123245
0.00108746
0.000921361
0.000742492
0.000559371
0.000380302
0.000212937
6.38587e-05
-6.17208e-05
-0.000160146
-0.000229363
-0.000268837
-0.000279393
-0.000263022
-0.000222698
-0.000162185
-8.5844e-05
1.6063e-06
9.53731e-05
0.000190872
0.000283948
0.000371019
0.000449132
0.000515966
0.000569811
0.000609571
0.000634774
0.000645565
0.000642682
0.000627395
0.000601413
0.00056677
0.000525708
0.000480579
0.000433773
0.000387654
0.000344504
0.000306445
0.000275343
0.000252694
0.000239539
0.000236441
0.000243559
0.000260814
0.000288082
0.000325317
0.000372479
0.000429209
0.000494309
0.000565215
0.000637705
0.000706046
0.000763575
0.000803554
0.000820033
0.000808498
0.000766186
0.00069211
0.000586931
0.000452793
0.000293211
0.000113
-8.18309e-05
-0.000284309
-0.000486879
-0.000681901
-0.000862129
-0.00102106
-0.00115309
-0.00125352
-0.00131847
-0.00134497
-0.00133111
-0.00127625
-0.00118134
-0.00104902
-0.000883718
-0.000691428
-0.000479447
-0.000255909
-2.92648e-05
0.000192233
0.000400964
0.000590219
0.00075431
0.000888525
0.000989031
0.00105281
0.00107776
0.00106291
0.00100867
0.000917092
0.000791883
0.000638292
0.000462797
0.00027272
7.58546e-05
-0.000119861
-0.000306622
-0.000477017
-0.000624317
-0.000742798
-0.000828068
-0.000877327
-0.000889483
-0.000865081
-0.000806093
-0.000715629
-0.000597688
-0.000456983
-0.000298866
-0.000129324
4.50296e-05
0.000217036
0.000217036
0.00037921
0.000524096
0.000644755
0.000735307
0.000791415
0.000810639
0.000792603
0.000738957
0.000653181
0.000540294
0.000406533
0.000259016
0.000105386
-4.6593e-05
-0.000189506
-0.000316822
-0.000423408
-0.000505887
-0.00056275
-0.000594227
-0.00060197
-0.000588679
-0.000557764
-0.000513134
-0.000459056
-0.000400076
-0.00034089
-0.000286138
-0.000240102
-0.000206331
-0.000187228
-0.000183735
-0.000195219
-0.000219619
-0.000253794
-0.000293984
-0.000336246
-0.000376783
-0.000412146
-0.000439351
-0.000455964
-0.000460188
-0.000450961
-0.00042804
-0.000392014
-0.000344241
-0.000286682
-0.000221678
-0.000151696
-7.91373e-05
-6.24788e-06
6.48807e-05
0.000132261
0.000193967
0.000248147
0.000293116
0.000327505
0.000350432
0.000361622
0.000361454
0.000350921
0.000331509
0.000305032
0.000273463
0.000238763
0.000202737
0.000166888
0.000132283
9.9473e-05
6.85208e-05
3.90873e-05
1.05681e-05
-1.77612e-05
-4.66256e-05
-7.6678e-05
-0.000108454
-0.000142329
-0.000178471
-0.00021681
-0.000257028
-0.00029858
-0.000340737
-0.000382663
-0.000423498
-0.000462427
-0.000498699
-0.000531606
-0.000560431
-0.00058441
-0.000602742
-0.000614651
-0.000619518
-0.000617003
-0.000607139
-0.000590352
-0.000567423
-0.000539416
-0.000507564
-0.000473142
-0.000437314
-0.00040098
-0.000364625
-0.000328211
-0.000291161
-0.00025242
-0.000210538
-0.000163738
-0.000109976
-4.70626e-05
2.70914e-05
0.000114111
0.000214725
0.000328415
0.000453277
0.00058615
0.000722956
0.000859126
0.000989971
0.00111092
0.00121762
0.00130602
0.00137249
0.001414
0.00142838
0.00141449
0.00137239
0.00130319
0.00120904
0.00109286
0.000958155
0.000808863
0.000649207
0.000483618
0.00031666
0.000152938
-3.03718e-06
-0.00014704
-0.000275358
-0.000384984
-0.000473714
-0.000540056
-0.000582994
-0.0006017
-0.000595362
-0.000563233
-0.000504924
-0.000420832
-0.000312548
-0.000183094
-3.69136e-05
0.000120383
0.00028241
0.000442427
0.0005937
0.000729797
0.000844816
0.000933621
0.000992119
0.00101756
0.0010088
0.000966448
0.000892898
0.000792089
0.000669197
0.00053022
0.000381591
0.000229844
8.13848e-05
-5.7685e-05
-0.00018172
-0.000285732
-0.00036564
-0.000418537
-0.000442935
-0.000438886
-0.00040797
-0.000353128
-0.000278397
-0.00018859
-8.8997e-05
1.48768e-05
0.00011752
0.000213606
0.000298185
0.000366894
0.000416218
0.000443767
0.000448515
0.000430934
0.00039296
0.000337785
0.000269517
0.000192807
0.000112503
3.33701e-05
-4.0123e-05
-0.000103963
-0.00015474
-0.0001898
-0.000207408
-0.000206919
-0.000188898
-0.000155134
-0.000108514
-5.27512e-05
7.96667e-06
6.93302e-05
0.000127182
0.000177689
0.000217432
0.000243463
0.000253368
0.000245376
0.000218509
0.000172709
0.000108902
2.89731e-05
-6.43659e-05
-0.0001678
-0.000277652
-0.000390095
-0.000501318
-0.000607628
-0.000705496
-0.000791595
-0.000862857
-0.000916562
-0.000950481
-0.000963045
-0.00095352
-0.000922121
-0.000870006
-0.000799154
-0.000712156
-0.000612003
-0.000501956
-0.000385505
-0.000266389
-0.000148604
-3.63322e-05
6.62595e-05
0.000155315
0.000227608
0.00028079
0.000313527
0.000325505
0.000317344
0.00029046
0.000246939
0.000189428
0.000121052
4.53002e-05
-3.41118e-05
-0.000113436
-0.000189105
-0.000257958
-0.000317504
-0.000366196
-0.000403671
-0.000430841
-0.000449732
-0.00046302
-0.00047339
-0.000482942
-0.000492868
-0.000503478
-0.000514485
-0.000525378
-0.000535686
-0.000545059
-0.000553197
-0.000559761
-0.00056435
-0.000566615
-0.000566447
-0.000564158
-0.000560557
-0.00055686
-0.000554453
-0.000554575
-0.000558045
-0.000565124
-0.000575562
-0.000588778
-0.000604063
-0.000620696
-0.000637894
-0.000654612
-0.000669313
-0.000679858
-0.000683601
-0.000677691
-0.000659486
-0.000626969
-0.000579024
-0.000515537
-0.000437326
-0.000346005
-0.000243847
-0.000133714
-1.90238e-05
9.62808e-05
0.000207841
0.000311117
0.000401743
0.000475897
0.000530631
0.000564081
0.000575558
0.000565526
0.000535501
0.000487912
0.000425949
0.000353414
0.000274558
0.000193905
0.000116043
4.53747e-05
-1.41537e-05
-5.93092e-05
-8.77884e-05
-9.83584e-05
-9.83584e-05
-9.08977e-05
-6.63666e-05
-2.67453e-05
2.50515e-05
8.52926e-05
0.000149591
0.00021313
0.000270975
0.000318422
0.000351346
0.00036652
0.000361884
0.000336711
0.000291646
0.000228613
0.000150613
6.14337e-05
-3.46417e-05
-0.000133102
-0.000229434
-0.000319318
-0.000398806
-0.000464483
-0.000513607
-0.000544199
-0.000555066
-0.000545763
-0.000516504
-0.000468043
-0.000401546
-0.00031848
-0.000220535
-0.000109624
1.20728e-05
0.000142043
0.000277404
0.000414884
0.000550821
0.00068118
0.000801598
0.000907498
0.000994328
0.0010579
0.0010948
0.00110272
0.00108068
0.00102919
0.000950159
0.000846796
0.000723445
0.000585348
0.000438387
0.000288784
0.00014277
6.21201e-06
-0.000115766
-0.000219138
-0.000301211
-0.000360712
-0.000397704
-0.000413367
-0.000409696
-0.000389191
-0.00035455
-0.000308435
-0.000253327
-0.00019151
-0.000125117
-5.62046e-05
1.32109e-05
8.11717e-05
0.000145847
0.000205604
0.000259033
0.000304936
0.000342289
0.000370207
0.000387939
0.000394924
0.000390893
0.000375995
0.000350888
0.000316763
0.000275257
0.000228304
0.00017797
0.000126323
7.53765e-05
2.70981e-05
-1.65559e-05
-5.36412e-05
-8.23004e-05
-0.000100907
-0.000108249
-0.000103717
-8.74234e-05
-6.02515e-05
-2.38045e-05
1.97187e-05
6.77008e-05
0.000117295
0.000165599
0.000209807
0.000247319
0.000275844
0.000293494
0.000298908
0.000291378
0.000270956
0.000238519
0.000195733
0.000144917
8.88348e-05
3.04552e-05
-2.72576e-05
-8.15081e-05
-0.000129765
-0.000169813
-0.000199804
-0.000218323
-0.000224492
-0.000218096
-0.000199702
-0.000170723
-0.000133385
-9.05656e-05
-4.55362e-05
-1.665e-06
3.78472e-05
7.01696e-05
9.29835e-05
0.00010459
0.000104009
9.1068e-05
6.64479e-05
3.16544e-05
-1.10918e-05
-5.90238e-05
-0.000109003
-0.000157672
-0.000201586
-0.000237344
-0.000261733
-0.00027192
-0.000265646
-0.000241396
-0.000198524
-0.000137333
-5.91291e-05
3.37469e-05
0.000137932
0.000249141
0.000362375
0.000472234
0.000573306
0.000660559
0.000729689
0.000777385
0.000801508
0.000801195
0.000776904
0.000730383
0.000664554
0.000583303
0.000491199
0.000393158
0.000294089
0.000198597
0.000110767
3.40371e-05
-2.88654e-05
-7.59546e-05
-0.000105991
-0.000118495
-0.000113762
-9.28271e-05
-5.73809e-05
-9.61744e-06
4.79614e-05
0.000112731
0.000182067
0.000253406
0.000324258
0.000392199
0.000454881
0.000510062
0.000555663
0.00058984
0.000611062
0.000618193
0.000610584
0.000588141
0.000551366
0.000501354
0.000439767
0.000368779
0.00029099
0.000209328
0.000126919
4.69315e-05
-2.75921e-05
-9.39061e-05
-0.000149711
-0.000193269
-0.00022347
-0.00023985
-0.000242579
-0.000232407
-0.000210609
-0.000178921
-0.000139493
-9.48463e-05
-4.78299e-05
-1.55697e-06
4.0726e-05
7.58309e-05
0.000100856
0.000113432
0.000111946
9.57152e-05
6.50412e-05
2.11723e-05
-3.38243e-05
-9.72454e-05
-0.000165962
-0.000236616
-0.000305793
-0.000370183
-0.000426759
-0.000472974
-0.000506952
-0.000527644
-0.000534885
-0.000529334
-0.000512296
-0.000485489
-0.000450808
-0.00041018
-0.000365507
-0.00031868
-0.000271622
-0.000226283
-0.000184585
-0.000148308
-0.000118989
-9.78476e-05
-8.57674e-05
-8.33255e-05
-9.08233e-05
-0.000108293
-0.000135464
-0.000171687
-0.000215858
-0.000266369
-0.000321124
-0.000377641
-0.00043323
-0.000485206
-0.000531086
-0.000568754
-0.000596571
-0.000613421
-0.000618751
-0.000612607
-0.000595677
-0.000569282
-0.000535316
-0.000496139
-0.000454406
-0.000412865
-0.000374161
-0.000340685
-0.000314463
-0.000297081
-0.000289652
-0.0002928
-0.000306647
-0.000330806
-0.000364382
-0.000405935
-0.000453434
-0.000504204
-0.000554922
-0.000601728
-0.000640468
-0.000667049
-0.000677818
-0.000669903
-0.000641469
-0.000591872
-0.000521729
-0.000432923
-0.00032853
-0.000212642
-9.01132e-05
3.37655e-05
0.000153602
0.000264248
0.000361108
0.000440384
0.000499246
0.000535926
0.00054973
0.000540998
0.000511025
0.000461962
0.000396715
0.000318821
0.000232314
0.000141562
5.10802e-05
-3.46586e-05
-0.000111418
-0.000175393
-0.000223386
-0.000252964
-0.000262544
-0.000251437
-0.000219813
-0.000168627
-9.95116e-05
-1.46787e-05
-1.46787e-05
8.31451e-05
0.000190772
0.000304602
0.00042068
0.000534781
0.000642534
0.000739601
0.000821904
0.000885873
0.000928686
0.000948447
0.000944316
0.000916568
0.000866628
0.000797074
0.000711601
0.000614901
0.000512387
0.000409756
0.000312448
0.000225085
0.000151051
9.23103e-05
4.94785e-05
2.20626e-05
8.76265e-06
7.73027e-06
1.67413e-05
3.33056e-05
5.47822e-05
7.85508e-05
0.000102228
0.000123864
0.000142063
0.000155992
0.000165266
0.000169771
0.000169465
0.000164222
0.000153761
0.00013769
0.000115637
8.7423e-05
5.32224e-05
1.36615e-05
-3.01782e-05
-7.68322e-05
-0.000124573
-0.000171543
-0.000215871
-0.000255772
-0.000289629
-0.000316075
-0.00033413
-0.000343391
-0.000344255
-0.000338059
-0.00032706
-0.000314192
-0.000302614
-0.000295158
-0.000293834
-0.000299554
-0.000312122
-0.000330453
-0.000352905
-0.000377598
-0.000402596
-0.000425954
-0.000445701
-0.000459831
-0.000466396
-0.000463698
-0.000450523
-0.000426353
-0.000391466
-0.000346893
-0.000294254
-0.000235531
-0.000172877
-0.000108477
-4.45008e-05
1.68845e-05
7.34999e-05
0.000123216
0.000164131
0.000194837
0.000214721
0.00022419
0.000224717
0.000218661
0.000208931
0.000198587
0.0001905
0.00018714
0.000190517
0.000202218
0.000223448
0.000255014
0.000297213
0.000349621
0.000410823
0.000478204
0.000547918
0.000615123
0.000674451
0.000720609
0.000748931
0.000755775
0.000738677
0.000696346
0.000628601
0.000536353
0.000421648
0.000287766
0.000139288
-1.79863e-05
-0.000177319
-0.000331526
-0.000473576
-0.000597171
-0.000697164
-0.000769768
-0.000812575
-0.00082446
-0.000805483
-0.000756859
-0.000680995
-0.000581523
-0.000463259
-0.000332027
-0.000194331
-5.69048e-05
7.37839e-05
0.000191986
0.000293013
0.000373445
0.00043119
0.000465414
0.000476422
0.000465541
0.000435026
0.000387975
0.000328223
0.000260157
0.000188427
0.000117575
5.16908e-05
-5.86497e-06
-5.25756e-05
-8.67433e-05
-0.000107373
-0.000114038
-0.000106777
-8.60381e-05
-5.26739e-05
-7.94221e-06
4.65024e-05
0.000108646
0.000176191
0.000246671
0.000317577
0.000386478
0.000451107
0.000509399
0.000559494
0.000599723
0.000628614
0.000644953
0.000647884
0.000637057
0.00061274
0.000575855
0.000527944
0.000471065
0.000407622
0.000340198
0.000271398
0.000203719
0.000139448
8.05929e-05
2.88249e-05
-1.4569e-05
-4.87309e-05
-7.32678e-05
-8.82709e-05
-9.42964e-05
-9.23079e-05
-8.35948e-05
-6.96754e-05
-5.22003e-05
-3.28755e-05
-1.34171e-05
4.48054e-06
1.91842e-05
2.91789e-05
3.31428e-05
3.00371e-05
1.9195e-05
3.80076e-07
-2.61976e-05
-5.99014e-05
-9.97098e-05
-0.000144278
-0.000192016
-0.000241168
-0.000289897
-0.000336359
-0.000378798
-0.000415634
-0.000445536
-0.000467489
-0.000480844
-0.00048536
-0.000481209
-0.000468953
-0.0004495
-0.000424025
-0.00039388
-0.000360463
-0.000325123
-0.000289085
-0.000253421
-0.000219065
-0.000186829
-0.000157426
-0.000131503
-0.000109677
-9.25749e-05
-8.08773e-05
-7.5331e-05
-7.67013e-05
-8.56631e-05
-0.000102674
-0.000127865
-0.000160964
-0.000201286
-0.00024776
-0.000298988
-0.000353307
-0.000408837
-0.000463513
-0.000515089
-0.00056117
-0.000599307
-0.00062716
-0.000642693
-0.00064438
-0.00063135
-0.000603441
-0.000561144
-0.000505497
-0.000437978
-0.000360419
-0.00027496
-0.000184035
-9.03557e-05
3.13762e-06
9.33741e-05
0.000177298
0.000252051
0.000315162
0.000364734
0.000399609
0.000419465
0.000424862
0.000417208
0.000398652
0.000371921
0.000340129
0.000306543
0.000274281
0.00024598
0.000223441
0.00020738
0.00019736
0.000191953
0.000189063
0.000186308
0.000181375
0.000172255
0.000157355
0.000135515
0.000106002
6.85074e-05
2.31503e-05
-2.94951e-05
-8.83728e-05
-0.000151939
-0.000218207
-0.000284864
-0.000349441
-0.000409506
-0.000462861
-0.000507703
-0.000542747
-0.000567301
-0.000581272
-0.000585117
-0.000579722
-0.000566256
-0.000546009
-0.000520285
-0.000490357
-0.000457454
-0.000422751
-0.000387357
-0.000352302
-0.000318509
-0.000286783
-0.000257829
-0.000232287
-0.000210732
-0.000193664
-0.000181453
-0.000174264
-0.000171957
-0.000174016
-0.000179541
-0.00018731
-0.000195904
-0.000203867
-0.000203867
-0.000209861
-0.000212766
-0.000211728
-0.000206162
-0.000195746
-0.000180425
-0.000160423
-0.000136258
-0.000108741
-7.89491e-05
-4.81844e-05
-1.78869e-05
1.05271e-05
3.58569e-05
5.7231e-05
7.4116e-05
8.62899e-05
9.38308e-05
9.71221e-05
9.6852e-05
9.39901e-05
8.97236e-05
8.53442e-05
8.21042e-05
8.10845e-05
8.30992e-05
8.86366e-05
9.78346e-05
0.000110495
0.000126144
0.000144117
0.000163646
0.000183918
0.00020411
0.000223412
0.000241061
0.000256385
0.000268853
0.000278103
0.000283975
0.00028654
0.000286103
0.000283178
0.000278452
0.000272728
0.000266849
0.000261647
0.000257907
0.000256347
0.0002576
0.000262196
0.000270525
0.000282803
0.000299054
0.0003191
0.000342559
0.000368873
0.00039735
0.000427212
0.000457617
0.000487659
0.000516337
0.000542496
0.000564806
0.000581789
0.000591924
0.000593824
0.000586414
0.000569072
0.000541708
0.000504775
0.000459254
0.000406653
0.000349005
0.000288863
0.000229216
0.000173303
0.000124342
8.52038e-05
5.80919e-05
4.43054e-05
4.41441e-05
5.69522e-05
8.12691e-05
0.000115036
0.000155805
0.000200899
0.000247528
0.000292889
0.000334279
0.000369233
0.000395687
0.000412152
0.000417836
0.000412675
0.000397274
0.000372783
0.00034074
0.000302925
0.000261255
0.000217713
0.000174277
0.000132812
9.49352e-05
6.18586e-05
3.42847e-05
1.23775e-05
-4.17553e-06
-1.60414e-05
-2.41022e-05
-2.93221e-05
-3.2633e-05
-3.4848e-05
-3.65952e-05
-3.82656e-05
-3.99844e-05
-4.16249e-05
-4.28739e-05
-4.33365e-05
-4.26507e-05
-4.05903e-05
-3.71414e-05
-3.25312e-05
-2.71986e-05
-2.17227e-05
-1.6746e-05
-1.29037e-05
-1.07579e-05
-1.07368e-05
-1.30825e-05
-1.78045e-05
-2.46428e-05
-3.30693e-05
-4.23542e-05
-5.16818e-05
-6.02896e-05
-6.76109e-05
-7.33901e-05
-7.77227e-05
-8.10089e-05
-8.38495e-05
-8.69125e-05
-9.0788e-05
-9.58704e-05
-0.000102289
-0.000109877
-0.000118183
-0.000126534
-0.000134118
-0.000140074
-0.00014357
-0.000143889
-0.000140483
-0.000133011
-0.00012137
-0.000105719
-8.64721e-05
-6.42748e-05
-3.99585e-05
-1.44935e-05
1.10736e-05
3.5685e-05
5.83327e-05
7.81274e-05
9.43891e-05
0.000106762
0.000115331
0.000120681
0.000123894
0.000126431
0.000129932
0.000135956
0.000145724
0.000159908
0.000178521
0.000200918
0.000225915
0.000251958
0.000277318
0.000300261
0.000319179
0.000332673
0.000339627
0.000339271
0.000331249
0.000315646
0.00029296
0.000264004
0.000229772
0.000191269
0.00014938
0.000104825
5.81993e-05
1.00709e-05
-3.89045e-05
-8.7898e-05
-0.000135876
-0.000181626
-0.000223821
-0.000261093
-0.000292131
-0.000315773
-0.000331101
-0.000337502
-0.000334717
-0.00032287
-0.000302492
-0.000274548
-0.000240464
-0.000202127
-0.000161854
-0.000122279
-8.61695e-05
-5.61981e-05
-3.47226e-05
-2.36128e-05
-2.41459e-05
-3.69629e-05
-6.20511e-05
-9.87137e-05
-0.000145517
-0.000200254
-0.000259983
-0.000321181
-0.000380001
-0.00043261
-0.000475517
-0.00050586
-0.000521606
-0.00052167
-0.000505934
-0.000475202
-0.000431091
-0.000375893
-0.000312418
-0.000243836
-0.000173513
-0.000104853
-4.11154e-05
1.47528e-05
6.02762e-05
9.35591e-05
0.000113354
0.000119087
0.00011085
8.93778e-05
5.60103e-05
1.26535e-05
-3.83004e-05
-9.4082e-05
-0.00015168
-0.000207998
-0.000260034
-0.000305047
-0.000340696
-0.000365151
-0.000377178
-0.000376184
-0.000362227
-0.000335998
-0.000298777
-0.000252357
-0.000198941
-0.000141022
-8.12468e-05
-2.22762e-05
3.33822e-05
8.35166e-05
0.000126327
0.0001605
0.000185236
0.000200227
0.000205622
0.000201983
0.000190233
0.000171614
0.000147627
0.000119953
9.03399e-05
6.04732e-05
3.183e-05
5.53651e-06
-1.77138e-05
-3.76545e-05
-5.43722e-05
-6.8196e-05
-7.95859e-05
-8.90574e-05
-9.71498e-05
-0.000104421
-0.000111442
-0.000118749
-0.000126758
-0.000135634
-0.000145164
-0.000154658
-0.000162966
-0.000168604
-0.000169989
-0.000165685
-0.000154612
-0.000136177
-0.000110356
-7.77813e-05
-3.98298e-05
1.30197e-06
4.26359e-05
8.06033e-05
0.000111383
0.000131324
0.000137373
0.000127497
0.000101064
5.91517e-05
4.69766e-06
-5.76189e-05
-0.000121791
-0.000181134
-0.000229025
-0.000259576
-0.000268208
-0.00025215
-0.00025215
-0.000210858
-0.000146299
-6.29718e-05
3.24837e-05
0.000132097
0.000227632
0.000311641
0.000378225
0.000423388
0.000444997
0.000442477
0.000416371
0.000367907
0.000298638
0.000210237
0.000104456
-1.67664e-05
-0.000151075
-0.000295352
-0.000445301
-0.000595064
-0.000737043
-0.000862121
-0.000960368
-0.00102214
-0.00103943
-0.00100709
-0.000923829
-0.000792555
-0.000620127
-0.000416621
-0.000194283
3.35799e-05
0.000253591
0.000453112
0.000620927
0.000747905
0.000827681
0.000857252
0.000837318
0.000772183
0.000669158
0.000537565
0.000387566
0.000229062
7.08522e-05
-7.98184e-05
-0.000217308
-0.000337334
-0.00043659
-0.000512413
-0.000562614
-0.000585548
-0.000580362
-0.000547272
-0.000487764
-0.000404636
-0.00030189
-0.000184489
-5.80851e-05
7.1245e-05
0.000197224
0.000313597
0.000414395
0.000494275
0.00054891
0.000575379
0.000572456
0.000540717
0.000482399
0.00040107
0.000301192
0.000187712
6.57583e-05
-5.95047e-05
-0.000182861
-0.000298999
-0.000402535
-0.000488203
-0.000551203
-0.000587646
-0.000594965
-0.000572197
-0.000520071
-0.00044091
-0.00033842
-0.000217469
-8.39118e-05
5.55789e-05
0.000193733
0.000323025
0.000436156
0.000526646
0.000589439
0.000621385
0.000621475
0.000590803
0.000532282
0.000450239
0.000349989
0.000237471
0.000118951
7.65158e-07
-0.000110963
-0.00021065
-0.000293593
-0.000356243
-0.000396359
-0.000413013
-0.000406476
-0.000378003
-0.00032962
-0.000263949
-0.00018412
-9.37217e-05
3.25061e-06
0.000102479
0.000199486
0.000289873
0.000369587
0.000435158
0.000483873
0.000513864
0.000524137
0.00051455
0.000485787
0.000439309
0.00037731
0.000302645
0.000218743
0.000129457
3.88776e-05
-4.88903e-05
-0.000129951
-0.000200808
-0.000258511
-0.000300731
-0.000325806
-0.000332774
-0.000321398
-0.000292198
-0.000246457
-0.000186211
-0.000114181
-3.3646e-05
5.17212e-05
0.000138032
0.000221367
0.000297958
0.000364341
0.000417503
0.000455021
0.000475184
0.00047709
0.000460719
0.000426941
0.000377487
0.000314878
0.000242302
0.000163432
8.22161e-05
2.65567e-06
-7.14147e-05
-0.000136537
-0.000189799
-0.000228959
-0.000252527
-0.000259801
-0.00025087
-0.000226578
-0.00018845
-0.000138603
-7.96229e-05
-1.44234e-05
5.38957e-05
0.000122181
0.000187351
0.000246513
0.000297075
0.000336854
0.000364162
0.000377881
0.000377524
0.000363255
0.000335877
0.000296784
0.00024789
0.00019153
0.00013033
6.7086e-05
4.63652e-06
-5.4267e-05
-0.000107088
-0.000151612
-0.000186041
-0.00020907
-0.000219941
-0.000218466
-0.000205019
-0.00018051
-0.000146326
-0.000104263
-5.64338e-05
-5.16264e-06
4.71238e-05
9.8002e-05
0.000145152
0.000186465
0.000220134
0.000244736
0.000259285
0.000263272
0.000256683
0.000239984
0.000214094
0.000180336
0.000140369
9.60998e-05
4.95997e-05
3.00364e-06
-4.15887e-05
-8.22053e-05
-0.000117089
-0.00014478
-0.000164182
-0.000174604
-0.000175787
-0.000167905
-0.000151542
-0.000127656
-9.75291e-05
-6.26966e-05
-2.48757e-05
1.41083e-05
5.24056e-05
8.82342e-05
0.000119959
0.00014616
0.000165698
0.00017777
0.000181928
0.000178086
0.000166525
0.000147871
0.000123063
9.33006e-05
5.99889e-05
2.46715e-05
-1.10382e-05
-4.5533e-05
-7.72917e-05
-0.000104948
-0.000127349
-0.000143601
-0.000153115
-0.00015562
-0.000151164
-0.000140103
-0.000123093
-0.000101048
-7.50983e-05
-4.65331e-05
-1.67377e-05
1.28761e-05
4.0933e-05
6.61538e-05
8.74125e-05
0.000103787
0.000114596
0.00011942
0.00011812
0.000110842
9.80013e-05
8.02577e-05
5.8487e-05
3.37375e-05
7.17091e-06
-1.99954e-05
-4.65369e-05
-7.12758e-05
-9.31377e-05
-0.0001112
-0.000124731
-0.000133223
-0.000136406
-0.000134248
-0.000126962
-0.000114992
-9.89927e-05
-7.97924e-05
-5.83493e-05
-3.57054e-05
-1.29333e-05
8.91255e-06
2.88387e-05
4.5955e-05
5.95139e-05
6.89413e-05
7.38619e-05
7.41177e-05
6.97698e-05
6.10862e-05
4.85292e-05
3.2733e-05
1.44698e-05
-5.39115e-06
-2.59271e-05
-4.6204e-05
-6.53159e-05
-8.24249e-05
-9.68002e-05
-0.000107847
-0.000115127
-0.000118387
-0.000117561
-0.000112775
-0.000104333
-9.26992e-05
-7.84712e-05
-6.23538e-05
-4.51226e-05
-2.75883e-05
-2.75883e-05
-1.05602e-05
5.18689e-06
1.89482e-05
3.01244e-05
3.82467e-05
4.29958e-05
4.29958e-05
