-1.6606e-08
-1.93662e-07
-1.00769e-06
-3.23905e-06
-7.48581e-06
-1.36726e-05
-2.10497e-05
-2.85927e-05
-3.54788e-05
-4.13765e-05
-4.64446e-05
-5.11229e-05
-5.58446e-05
-6.07621e-05
-6.55644e-05
-6.94548e-05
-7.13641e-05
-7.03844e-05
-6.62149e-05
-5.93487e-05
-5.08722e-05
-4.19932e-05
-3.3583e-05
-2.59732e-05
-1.90453e-05
-1.24824e-05
-6.04586e-06
2.09739e-07
5.86749e-06
1.02433e-05
1.26022e-05
1.24341e-05
9.66682e-06
4.699e-06
-1.75224e-06
-8.91387e-06
-1.6206e-05
-2.33517e-05
-3.03196e-05
-3.71617e-05
-4.38365e-05
-5.00985e-05
-5.5487e-05
-5.94103e-05
-6.13058e-05
-6.08051e-05
-5.78332e-05
-5.2605e-05
-4.55191e-05
-3.69987e-05
-2.73682e-05
-1.68026e-05
-5.35917e-06
6.92016e-06
1.99035e-05
3.33142e-05
4.67361e-05
5.96871e-05
7.17253e-05
8.25411e-05
9.20147e-05
0.000100208
0.000107288
0.000113435
0.000118792
0.000123435
0.000127394
0.000130708
0.000133481
0.000135889
0.000138155
0.000140495
0.00014304
0.000145781
0.000148564
0.000151125
0.000153159
0.000154372
0.000154519
0.000153405
0.000150833
0.000146569
0.000140315
0.000131718
0.000120414
0.000106105
8.86304e-05
6.80105e-05
4.44486e-05
1.82802e-05
-1.01098e-05
-4.03613e-05
-7.21781e-05
-0.000105323
-0.000139573
-0.000174653
-0.000210185
-0.00024566
-0.000280468
-0.000313948
-0.000345468
-0.000374494
-0.000400622
-0.000423556
-0.000443075
-0.000458979
-0.000471063
-0.000479126
-0.000482982
-0.000482493
-0.000477587
-0.000468244
-0.000454463
-0.000436249
-0.000413612
-0.000386601
-0.000355362
-0.000320193
-0.000281548
-0.000239994
-0.00019612
-0.000150445
-0.000103344
-5.50312e-05
-5.59367e-06
4.49645e-05
9.66726e-05
0.000149585
0.000203791
0.000259423
0.000316661
0.000375729
0.000436842
0.000500143
0.000565633
0.000633112
0.000702106
0.000771805
0.000840999
0.000908046
0.000970892
0.00102716
0.00107428
0.00110968
0.00113097
0.00113612
0.00112355
0.00109212
0.00104092
0.000968934
0.000874882
0.00075722
0.000614569
0.000446464
0.000254246
4.17245e-05
-0.000184718
-0.000416727
-0.000645144
-0.000861341
-0.00105825
-0.00123071
-0.00137515
-0.00148873
-0.00156859
-0.00161142
-0.00161385
-0.00157334
-0.00148937
-0.00136429
-0.00120356
-0.00101506
-0.000807808
-0.000590476
-0.000370187
-0.000152001
6.08832e-05
0.00026646
0.000463138
0.000649225
0.000822777
0.000981746
0.00112417
0.00124829
0.00135257
0.00143572
0.00149682
0.00153559
0.00155285
0.00155105
0.00153437
0.00150846
0.00147961
0.00145367
0.00143518
0.00142713
0.0014314
0.0014497
0.00148456
0.00153973
0.0016187
0.00171593
0.00180129
0.00182301
0.00174335
0.00156545
0.00132031
0.00104057
0.000744542
0.000430159
7.97028e-05
-0.00032752
-0.000803135
-0.00134082
-0.00191008
-0.00245706
-0.0029178
-0.00324155
-0.00341118
-0.00344646
-0.00338757
-0.00327064
-0.00311158
-0.00290507
-0.00263478
-0.00228677
-0.00186045
-0.00137415
-0.000864176
-0.000377213
4.18767e-05
0.000362749
0.000577095
0.000696956
0.000744485
0.00073896
0.000688265
0.000588589
0.000430923
0.000209959
-6.88982e-05
-0.000386907
-0.000714349
-0.00101692
-0.00126393
-0.00143534
-0.00152467
-0.00153677
-0.00148166
-0.00136762
-0.0011972
-0.000967613
-0.000674938
-0.00031953
8.99754e-05
0.000535713
0.000992922
0.00143455
0.0018364
0.00218098
0.00245873
0.00266638
0.00280364
0.00286972
0.00286166
0.00277488
0.00260569
0.00235424
0.00202616
0.00163203
0.00118442
0.000694229
0.000168726
-0.000387266
-0.00096724
-0.00155828
-0.00213844
-0.00267792
-0.00314412
-0.00350853
-0.00375269
-0.00387091
-0.00386846
-0.00375622
-0.0035443
-0.00323772
-0.00283643
-0.0023396
-0.00175229
-0.00109097
-0.000385271
0.000325174
0.000997518
0.00159368
0.00208658
0.00246268
0.00272039
0.0028656
0.00290607
0.00284657
0.00268639
0.00242003
0.00204177
0.00155269
0.000967269
0.000316397
-0.000355488
-0.00099839
-0.00156721
-0.00203077
-0.0023761
-0.00260645
-0.002734
-0.00277022
-0.00271815
-0.00257039
-0.00231417
-0.00194139
-0.00145878
-0.000893048
-0.000288275
0.000303537
0.000303537
0.000834478
0.00127038
0.00159458
0.00180504
0.00190711
0.00190556
0.00180014
0.00158647
0.00126199
0.000833671
0.000323618
-0.000230614
-0.000781615
-0.00128148
-0.00169124
-0.00198683
-0.0021598
-0.00221331
-0.00215565
-0.00199463
-0.00173497
-0.00138
-0.000936172
-0.00041834
0.000147358
0.000724607
0.00127209
0.00175089
0.00213133
0.00239704
0.00254504
0.00258238
0.0025211
0.0023736
0.00215001
0.0018585
0.00150764
0.00110952
0.000681769
0.00024745
-0.000167426
-0.000537666
-0.000842632
-0.00106861
-0.00120917
-0.00126373
-0.00123529
-0.00112856
-0.000949413
-0.000705897
-0.000409962
-7.85411e-05
0.000267088
0.000603812
0.000910185
0.00116951
0.00137133
0.00151092
0.00158723
0.00160053
0.00155088
0.00143825
0.00126432
0.00103496
0.000761987
0.000463275
0.000160592
-0.000123978
-0.000371943
-0.000571455
-0.000718728
-0.000817433
-0.000876057
-0.000903938
-0.000907381
-0.000887436
-0.000840284
-0.000759995
-0.000642381
-0.000488235
-0.000304568
-0.000103289
0.000102159
0.000300867
0.000487547
0.000663017
0.000831163
0.000993119
0.00114139
0.00125765
0.00131644
0.00129375
0.00117663
0.000969441
0.000693791
0.000382402
6.94658e-05
-0.000218418
-0.000467112
-0.000673891
-0.00084155
-0.000971166
-0.00105744
-0.00108891
-0.00105245
-0.000939548
-0.000751232
-0.000499469
-0.000204825
0.000108386
0.000417304
0.000704215
0.000957711
0.00117159
0.00134274
0.00146936
0.00155046
0.00158645
0.00157997
0.00153601
0.00146087
0.00136049
0.00123903
0.00109868
0.000940613
0.000766725
0.000581239
0.000391432
0.000207055
3.86197e-05
-0.000104799
-0.000217319
-0.000296812
-0.000344053
-0.000360969
-0.000348915
-0.000307893
-0.000237128
-0.000136723
-9.64553e-06
0.000136894
0.000291379
0.000439401
0.000566098
0.000658828
0.000709224
0.000714068
0.000674817
0.000596126
0.000484033
0.000344583
0.000183377
6.14674e-06
-0.000180059
-0.000365809
-0.000538971
-0.000685461
-0.000790949
-0.000843046
-0.000833275
-0.000758288
-0.000620093
-0.00042558
-0.000185826
8.44439e-05
0.00036737
0.000642911
0.000890651
0.0010923
0.00123417
0.00130863
0.00131402
0.00125288
0.00112939
0.000946984
0.000707465
0.00041226
6.54e-05
-0.000323134
-0.000735525
-0.00114698
-0.00152944
-0.0018569
-0.00211033
-0.00228038
-0.00236696
-0.0023761
-0.00231561
-0.0021914
-0.00200597
-0.0017596
-0.00145348
-0.0010933
-0.000691456
-0.000266814
0.00015793
0.000560324
0.000922036
0.00123113
0.00148208
0.00167383
0.00180706
0.00188195
0.00189735
0.00185168
0.00174486
0.00158019
0.00136501
0.00110951
0.000823943
0.000515669
0.000188274
-0.000156467
-0.000514596
-0.00087622
-0.00122422
-0.00153649
-0.00179107
-0.00197228
-0.00207517
-0.00210635
-0.00208075
-0.00201544
-0.00192345
-0.00181025
-0.00167458
-0.00151287
-0.00132505
-0.00111869
-0.000909606
-0.00071838
-0.000564296
-0.000459261
-0.000404149
-0.000389047
-0.00039722
-0.000411049
-0.000417472
-0.000410866
-0.000392468
-0.000367023
-0.000338404
-0.000306217
-0.000264851
-0.000205247
-0.000118565
-3.49762e-07
0.000146222
0.000309243
0.000469879
0.000606969
0.000703066
0.000749653
0.000749331
0.000713906
0.000659139
0.00059831
0.000537243
0.000472776
0.00039528
0.000294215
0.000164478
1.08984e-05
-0.000151071
-0.000298869
-0.00040915
-0.000464493
-0.000458299
-0.000396714
-0.000297346
-0.000185064
-8.57122e-05
-1.9348e-05
4.68665e-06
-1.11619e-05
-5.59709e-05
-0.00011667
-0.000184703
-0.000260197
-0.000351894
-0.000472944
-0.000634369
-0.000838929
-0.00107788
-0.00133177
-0.00157477
-0.00178076
-0.0019287
-0.00200557
-0.00200617
-0.00193067
-0.0017815
-0.00156117
-0.00127201
-0.000917562
-0.000504649
-4.50787e-05
0.000443967
0.000940952
0.00142206
0.00186361
0.00224389
0.00254421
0.00274892
0.00284534
0.00282414
0.00268056
0.00241614
0.00204032
0.00157081
0.00103253
0.000455154
-0.000129939
-0.000692375
-0.00120453
-0.00164203
-0.0019834
-0.00220957
-0.00230412
-0.00225478
-0.00205636
-0.00171404
-0.00171404
-0.00124539
-0.000679392
-5.23168e-05
0.000598154
0.00123818
0.00184058
0.00238452
0.00285296
0.00322948
0.00349646
0.00363594
0.00363299
0.00348065
0.00318402
0.00276158
0.00224276
0.00166236
0.00105403
0.000445031
-0.000145959
-0.000707703
-0.00123286
-0.00171382
-0.00213979
-0.00249626
-0.00276687
-0.00293687
-0.00299653
-0.00294354
-0.0027833
-0.00252744
-0.00219131
-0.00179159
-0.00134485
-0.000867383
-0.000376062
0.000110649
0.000572384
0.000987705
0.00133611
0.00160065
0.00177029
0.00184116
0.0018163
0.00170395
0.0015154
0.00126329
0.000961129
0.000624022
0.000270121
-7.83285e-05
-0.000395301
-0.000653244
-0.00082696
-0.000898049
-0.000858426
-0.000711692
-0.00047189
-0.000160163
0.000199462
0.00058373
0.000972179
0.00134717
0.00169244
0.0019912
0.00222501
0.0023742
0.00241992
0.00234739
0.00214931
0.00182832
0.00139777
0.000880618
0.000306752
-0.000290535
-0.000877952
-0.0014248
-0.00190439
-0.00229438
-0.00257651
-0.00273642
-0.00276387
-0.00265388
-0.00240818
-0.00203677
-0.00155872
-0.00100158
-0.000399322
0.000210917
0.000792629
0.00131341
0.00174753
0.00207732
0.0022932
0.0023928
0.00237965
0.00226186
0.00205118
0.00176245
0.00141319
0.00102327
0.000614408
0.000209243
-0.000169983
-0.000503175
-0.000774288
-0.000972912
-0.00109505
-0.00114286
-0.00112329
-0.00104621
-0.00092245
-0.000762466
-0.000576001
-0.000372576
-0.000162315
4.35334e-05
0.00023282
0.00039354
0.000515381
0.00059117
0.000617626
0.000595124
0.000526593
0.000416056
0.000267415
8.39802e-05
-0.000131116
-0.000373882
-0.000638332
-0.000915795
-0.00119507
-0.00146344
-0.00170823
-0.00191827
-0.00208486
-0.0022019
-0.00226525
-0.00227186
-0.00221909
-0.0021047
-0.00192758
-0.00168893
-0.00139329
-0.00104904
-0.000667974
-0.000264019
0.000148412
0.000555801
0.000946193
0.00130906
0.00163466
0.00191353
0.00213641
0.00229506
0.00238343
0.0023995
0.00235189
0.00227378
0.00222216
0.00224113
0.00232528
0.00242693
0.00248787
0.00246411
0.00234009
0.00213017
0.001867
0.00158524
0.00130636
0.00102607
0.000710197
0.000306847
-0.000226167
-0.000892547
-0.00164592
-0.00240358
-0.00307611
-0.00359451
-0.00392261
-0.00405427
-0.00400179
-0.00378165
-0.00340239
-0.00285837
-0.00213243
-0.00120703
-8.05131e-05
0.00121865
0.00262659
0.00405095
0.00538692
0.0065354
0.00741687
0.00797855
0.0081952
0.00806491
0.00760214
0.0068302
0.0057764
0.00447187
0.00295563
0.00128021
-0.000485147
-0.00225606
-0.00393971
-0.00544465
-0.00669073
-0.00761668
-0.0081837
-0.00837504
-0.00819255
-0.0076525
-0.00678258
-0.0056213
-0.00421927
-0.00264061
-0.000962537
0.000727892
0.00233973
0.00378516
0.00498557
0.00587523
0.00640199
0.00652623
0.00621999
0.00546803
0.00427166
0.00265451
0.000668176
-0.00160524
-0.00405564
-0.00655332
-0.00896121
-0.0111478
-0.0129974
-0.014415
-0.0153267
-0.015677
-0.0154273
-0.0145566
-0.0130663
-0.0109866
-0.00838249
-0.00535528
-0.00203799
0.0014148
0.00484051
0.00808181
0.0109965
0.0134628
0.0153806
0.0166715
0.0172792
0.0171726
0.0163507
0.014847
0.0127319
0.0101093
0.00710878
0.00387418
0.000550636
-0.00272542
-0.00583195
-0.00866201
-0.0111215
-0.0131265
-0.0146039
-0.0154951
-0.0157629
-0.0153982
-0.0144238
-0.0128936
-0.0108867
-0.00849826
-0.00583013
-0.00298333
-5.476e-05
0.00286214
0.00567445
0.00828733
0.0106044
0.0125316
0.0139844
0.0148946
0.0152171
0.0149327
0.0140487
0.0125961
0.0106278
0.00821538
0.00544857
0.0024343
-0.000704921
-0.00383541
-0.00681976
-0.00952635
-0.011838
-0.013658
-0.0149118
-0.0155479
-0.015537
-0.014873
-0.0135757
-0.011693
-0.00930235
-0.00650893
-0.0034409
-0.000241065
0.00294317
0.00596963
0.00870898
0.0110492
0.0128978
0.0141827
0.014854
0.0148865
0.0142822
0.0130733
0.0113229
0.00912377
0.0065942
0.0065942
0.00387031
0.00109523
-0.0015928
-0.00407078
-0.00623732
-0.00801415
-0.00934374
-0.0101854
-0.0105122
-0.0103112
-0.00958692
-0.00836789
-0.00671222
-0.0047093
-0.00247504
-0.000140947
0.00216028
0.00430836
0.00620448
0.00777386
0.00896282
0.00973295
0.0100562
0.00991368
0.00929855
0.0082226
0.00672256
0.00486347
0.0027369
0.000453961
-0.00186483
-0.00410024
-0.00614272
-0.0078974
-0.00928562
-0.0102445
-0.0107263
-0.0106993
-0.01015
-0.00908671
-0.0075427
-0.00557731
-0.00327415
-0.000735989
0.00192247
0.00458259
0.007129
0.0094548
0.0114648
0.0130775
0.0142264
0.0148621
0.0149549
0.0144978
0.0135088
0.0120313
0.0101327
0.00790002
0.00543495
0.00284775
0.000251559
-0.00224266
-0.00453079
-0.00652052
-0.00813749
-0.00933211
-0.0100844
-0.0104038
-0.0103233
-0.00988948
-0.00915332
-0.00816401
-0.00696894
-0.00561812
-0.0041703
-0.00269689
-0.0012802
-5.25998e-06
0.00105291
0.00184199
0.00233998
0.00255446
0.00251409
0.00225602
0.00181479
0.00121674
0.000481539
-0.000370838
-0.00131162
-0.00229758
-0.00327123
-0.00416752
-0.00492466
-0.00549485
-0.00585095
-0.00598658
-0.0059103
-0.00563668
-0.00517854
-0.00454352
-0.00373638
-0.00276564
-0.00165121
-0.000429293
0.000848433
0.00212197
0.00333412
0.00444139
0.00542034
0.00626688
0.00698937
0.00759868
0.00809993
0.00848919
0.00875661
0.00889396
0.00890255
0.00879643
0.0085969
0.00831947
0.00796001
0.00748973
0.00686429
0.0060444
0.00501816
0.00381417
0.00249886
0.00115842
-0.000127805
-0.00131129
-0.00238509
-0.00337532
-0.00431621
-0.00522006
-0.00605694
-0.0067552
-0.00722396
-0.00738812
-0.00722024
-0.00675491
-0.00607932
-0.00530423
-0.00452757
-0.00380572
-0.00314358
-0.00250628
-0.00184623
-0.00113288
-0.000372093
0.000392225
0.00109294
0.00166226
0.00205138
0.00224015
0.00223543
0.00206158
0.00174848
0.00132217
0.000800534
0.000194651
-0.000486233
-0.00122893
-0.00201243
-0.00280724
-0.00357747
-0.00428441
-0.00489031
-0.00536187
-0.00567332
-0.005809
-0.0057647
-0.00554704
-0.00517081
-0.00465522
-0.00402049
-0.00328603
-0.00247054
-0.00159331
-0.000675709
0.000258203
0.0011826
0.00207238
0.00290664
0.00367176
0.00436226
0.00497738
0.00551327
0.00595328
0.00626258
0.00639242
0.00629451
0.00593983
0.00533338
0.00451771
0.00356347
0.00255052
0.00154726
0.000596534
-0.000286019
-0.00110055
-0.00184376
-0.00249177
-0.00299502
-0.00329002
-0.00332384
-0.00308028
-0.00259439
-0.00194777
-0.00124557
-0.000585064
-2.92729e-05
0.000403886
0.000733211
0.000991769
0.00120141
0.00135633
0.00142353
0.00135977
0.00113723
0.000765177
0.000297134
-0.000180575
-0.000574116
-0.000810409
-0.000856609
-0.00072352
-0.000453104
-9.68576e-05
0.000305034
0.00073509
0.00119653
0.00169997
0.00224583
0.00281139
0.00334881
0.00379512
0.0040892
0.00418811
0.00407593
0.00376279
0.00327637
0.00265128
0.00192119
0.00111685
0.000269214
-0.000585032
-0.0013997
-0.00212018
-0.00269045
-0.00306431
-0.00321636
-0.0031479
-0.00288452
-0.00246667
-0.00193735
-0.00133268
-0.000679142
2.03435e-06
0.000685993
0.00133595
0.00190003
0.00231591
0.00252239
0.00247425
0.00215457
0.00157947
0.000793329
-0.000143709
-0.00117046
-0.00223586
-0.00330239
-0.00434163
-0.005325
-0.00621492
-0.00696117
-0.0075044
-0.00778604
-0.00776084
-0.00740749
-0.00673376
-0.00577525
-0.00458888
-0.00324404
-0.00181449
-0.000373058
0.0010105
0.00226975
0.00334229
0.00417261
0.00471681
0.00494732
0.00485518
0.00444849
0.00374812
0.00278325
0.0015897
0.000212165
-0.00129085
-0.00284297
-0.0043504
-0.00570899
-0.00681694
-0.00758955
-0.00797111
-0.00793977
-0.0075039
-0.00669203
-0.00554098
-0.00408772
-0.00236856
-0.000425457
0.00168411
0.0038797
0.00605763
0.00809951
0.00988746
0.0113208
0.0123291
0.0128768
0.0129603
0.012599
0.0118257
0.0118257
0.0106796
0.00920529
0.00745606
0.005498
0.00341242
0.00129351
-0.000759053
-0.00265021
-0.00429943
-0.005647
-0.00665528
-0.00730534
-0.00759177
-0.00751997
-0.00710822
-0.00638875
-0.00540312
-0.00419849
-0.00283035
-0.00136513
0.00012208
0.00155276
0.00285183
0.00395412
0.00480819
0.00537761
0.00564103
0.00559156
0.0052348
0.00458593
0.00366807
0.00251353
0.00116739
-0.000309778
-0.00184352
-0.00335173
-0.00475329
-0.00597599
-0.00696166
-0.00766832
-0.00806982
-0.00815415
-0.00792186
-0.00738524
-0.00656865
-0.00550959
-0.00425949
-0.00288255
-0.00145184
-4.2928e-05
0.00127331
0.00243659
0.00340054
0.00413311
0.00461516
0.00483847
0.00480442
0.00452376
0.00401753
0.00331813
0.00246945
0.00152495
0.000543289
-0.000417871
-0.00130811
-0.00208859
-0.00273317
-0.0032265
-0.00356041
-0.00373066
-0.00373535
-0.00357571
-0.00325835
-0.002798
-0.00221895
-0.00155429
-0.000842741
-0.000123946
0.000566243
0.00119893
0.00175299
0.0022137
0.00257041
0.00281438
0.00293788
0.00293469
0.00280166
0.00254071
0.00216043
0.00167667
0.00111158
0.000491438
-0.000156305
-0.000805541
-0.00143275
-0.00201674
-0.0025376
-0.00297563
-0.00331146
-0.00352724
-0.00360899
-0.00354905
-0.00334793
-0.00301481
-0.00256632
-0.00202417
-0.00141233
-0.000754979
-7.55576e-05
0.000602931
0.0012572
0.00186335
0.00239746
0.00283688
0.00316191
0.00335899
0.00342546
0.0033713
0.00321501
0.00297769
0.00267925
0.00233713
0.00196718
0.00158586
0.00121204
0.000867399
0.000575207
0.000357532
0.000231256
0.000204322
0.00027418
0.000429582
0.000655013
0.000935404
0.00125884
0.0016166
0.00200142
0.00240547
0.00281891
0.00322963
0.0036242
0.00398942
0.00431332
0.00458433
0.00478865
0.00490714
0.00491419
0.00478029
0.00447795
0.00398894
0.00330976
0.0024536
0.00144839
0.000332276
-0.000851884
-0.0020611
-0.0032548
-0.00439495
-0.00544462
-0.00636644
-0.00712245
-0.0076762
-0.00799623
-0.00805999
-0.00785689
-0.00739016
-0.00667732
-0.00574938
-0.00464859
-0.00342513
-0.00213285
-0.000825469
0.000446378
0.00163654
0.0027037
0.00361124
0.00432733
0.0048256
0.00508645
0.00509883
0.00486196
0.00438646
0.00369426
0.00281736
0.00179566
0.000674445
-0.000497757
-0.00167087
-0.00279432
-0.00381777
-0.00469186
-0.00536959
-0.00580886
-0.00597648
-0.00585296
-0.00543682
-0.00474656
-0.00381897
-0.00270382
-0.00145685
-0.000133657
0.00121316
0.00253292
0.00377377
0.00488048
0.00579575
0.00646575
0.00684837
0.00692117
0.00668584
0.00616715
0.00540651
0.00445281
0.00335425
0.0021542
0.000892386
-0.000390541
-0.00164797
-0.00282518
-0.00386162
-0.00469758
-0.00528292
-0.00558526
-0.00559496
-0.00532514
-0.00480671
-0.00408019
-0.00318742
-0.00216618
-0.00104979
0.000128954
0.00133171
0.00250997
0.00360486
0.00455227
0.00529199
0.00577761
0.00598381
0.0059086
0.00557019
0.00500051
0.00423797
0.00332245
0.00229374
0.0011931
6.60029e-05
-0.00103645
-0.00205926
-0.00294862
-0.00365873
-0.00415793
-0.00443188
-0.00448294
-0.00432616
-0.00398355
-0.00347899
-0.00283549
-0.00207561
-0.00122423
-0.000311669
0.00062493
0.00154317
0.00239958
0.00315502
0.00377922
0.00425314
0.00456848
0.00472488
0.00472627
0.00457787
0.00428511
0.00385466
0.00329653
0.00262606
0.00186474
0.00103977
0.000182773
-0.000671855
-0.00148885
-0.00223394
-0.00287564
-0.00338695
-0.00374675
-0.00394096
-0.00396319
-0.00381502
-0.00350556
-0.00305049
-0.0024706
-0.00179041
-0.0010369
-0.000238873
0.000573206
0.00136735
0.00211056
0.00276993
0.00331373
0.00371239
0.0039393
0.0039722
0.00379578
0.00340474
0.00280639
0.00202125
0.00108142
2.68871e-05
-0.00109882
-0.00225248
-0.00339327
-0.00448266
-0.00548263
-0.00635356
-0.0070537
-0.00754155
-0.00778103
-0.0077477
-0.00743334
-0.00684699
-0.00601234
-0.00496353
-0.00374212
-0.00239667
-0.00239667
-0.000984021
0.000430205
0.00177431
0.00297735
0.00397852
0.00473585
0.00523085
0.00546731
0.00546456
0.0052482
0.00484155
0.00426117
0.00351793
0.00262276
0.00159443
0.000465602
-0.000715044
-0.00188555
-0.0029773
-0.00392395
-0.00467055
-0.00518046
-0.00543828
-0.00544789
-0.00522656
-0.00479765
-0.00418458
-0.00340837
-0.00248922
-0.00145107
-0.000326954
0.000837493
0.00198441
0.00304848
0.00396492
0.0046784
0.00515002
0.00536071
0.00531081
0.00501678
0.00450678
0.00381647
0.00298592
0.00205794
0.00107746
9.13291e-05
-0.000852226
-0.00170527
-0.00242302
-0.00296719
-0.00330888
-0.00342977
-0.00332167
-0.00298511
-0.00242899
-0.00167233
-0.000747774
0.000295153
0.00138985
0.00245679
0.00341172
0.00417615
0.00468727
0.00490498
0.00481418
0.00442202
0.00375154
0.00283471
0.001708
0.000412183
-0.00100436
-0.00248137
-0.00394484
-0.00530954
-0.00648631
-0.0073926
-0.00796339
-0.00815951
-0.00797091
-0.00741425
-0.00652591
-0.00535361
-0.00395049
-0.00237397
-0.000689079
0.00102752
0.00268707
0.00419451
0.00545926
0.00640745
0.00699087
0.00718995
0.00701032
0.00647562
0.00561999
0.00448374
0.00311385
0.00156847
-7.74946e-05
-0.00173031
-0.00328182
-0.00462084
-0.00564819
-0.00629025
-0.00650639
-0.00628854
-0.00565444
-0.00463847
-0.00328452
-0.00164368
0.000223235
0.0022407
0.00431464
0.00633326
0.00817421
0.00971732
0.0108595
0.0115268
0.0116807
0.0113172
0.0104608
0.00915731
0.00746795
0.00546629
0.00323804
0.000881749
-0.00149177
-0.00376317
-0.00581228
-0.00752923
-0.00882627
-0.00964693
-0.00996956
-0.00980465
-0.00918767
-0.00817074
-0.00681569
-0.00519036
-0.00336798
-0.00142838
0.000540958
0.00244627
0.00419206
0.00568863
0.00686064
0.00765437
0.00804144
0.00801836
0.00760254
0.00682657
0.00573267
0.00436896
0.00278809
0.00104811
-0.000785691
-0.00263914
-0.0044295
-0.00606869
-0.00746972
-0.00855524
-0.00926584
-0.00956602
-0.00944589
-0.00891896
-0.00801703
-0.00678457
-0.00527447
-0.00354616
-0.00166594
0.000292002
0.00224572
0.0041084
0.005794
0.00722416
0.00833392
0.00907454
0.00941329
0.00933192
0.00882599
0.00790664
0.00660451
0.00497382
0.00309348
0.00106313
-0.00100587
-0.00300236
-0.00482643
-0.00639628
-0.00764956
-0.00854019
-0.00903411
-0.00910736
-0.00874821
-0.00796298
-0.00678257
-0.00526644
-0.00350095
-0.00159145
0.00035032
0.00221978
0.00392974
0.00541479
0.00662959
0.00754371
0.00813635
0.00839412
0.00831254
0.00790009
0.00718184
0.00620026
0.00501215
0.00368217
0.00227513
0.000849469
-0.000545813
-0.00187033
-0.00308865
-0.00416642
-0.00506866
-0.00576148
-0.00621639
-0.00641533
-0.00635427
-0.00604385
-0.00550703
-0.00477459
-0.00388045
-0.00285866
-0.00174341
-0.000571779
0.000612465
0.00175679
0.00280145
0.00368494
0.00435198
0.0047614
0.00489183
0.00474347
0.00433587
0.00370265
0.00288524
0.00192785
0.000875281
-0.00022645
-0.00132823
-0.00237699
-0.00331765
-0.00409771
-0.00467311
-0.00501291
-0.00510149
-0.00493788
-0.0045332
-0.00390763
-0.00308797
-0.00210661
-0.00100168
0.000182255
0.00139435
0.0025792
0.00368052
0.00464598
0.00543174
0.00600542
0.00634711
0.00644883
0.00631318
0.00595201
0.00538534
0.00464067
0.00375222
0.0027596
0.00170537
0.000631938
-0.000421547
-0.00142126
-0.00233922
-0.00315256
-0.00384255
-0.00439417
-0.00479651
-0.00504356
-0.00513471
-0.00507465
-0.0048727
-0.00454157
-0.00409602
-0.00355184
-0.00292523
-0.00223306
-0.00149385
-0.000729142
3.51877e-05
0.000768622
0.00143696
0.00200467
0.00243825
0.00271018
0.00280272
0.00271074
0.0024426
0.00201871
0.0014683
0.00082547
0.000126033
-0.000594094
-0.00129908
-0.00195283
-0.00251946
-0.00296513
-0.00326145
-0.00338922
-0.00334154
-0.00312503
-0.00275872
-0.002271
-0.00169575
-0.00106879
-0.000425254
0.000202093
0.000784102
0.00129633
0.00129633
0.00172004
0.00204302
0.00225983
0.00237154
0.00238483
0.00231098
0.00216474
0.00196345
0.00172634
0.0014738
0.00122626
0.00100238
0.000816595
0.000676802
0.000582901
0.00052675
0.000493326
0.000462687
0.000412531
0.000321463
0.000172923
-4.09559e-05
-0.000316982
-0.00064124
-0.000992186
-0.00134536
-0.00167792
-0.00197122
-0.00221088
-0.00238448
-0.00247839
-0.00247579
-0.00235767
-0.00210762
-0.0017188
-0.00119995
-0.000577119
0.000110187
0.000816973
0.0015016
0.0021319
0.0026865
0.00315168
0.00351602
0.0037659
0.00388451
0.00385511
0.0036672
0.00332278
0.00283944
0.00224852
0.00158873
0.000897819
0.000205764
-0.00046799
-0.00111252
-0.00172019
-0.00228088
-0.00277832
-0.00319007
-0.00349103
-0.00365905
-0.00368048
-0.00355355
-0.00328824
-0.00290304
-0.00242023
-0.00186193
-0.00124872
-0.000601113
5.77104e-05
0.000699879
0.00129318
0.00180397
0.0022016
0.00246273
0.00257416
0.00253336
0.00234705
0.00202864
0.00159572
0.00106864
0.000470521
-0.000171851
-0.000827343
-0.0014611
-0.00203682
-0.00252007
-0.00288177
-0.00310094
-0.00316639
-0.00307732
-0.00284293
-0.00248083
-0.00201453
-0.00147039
-0.000874618
-0.000250988
0.000380143
0.00100157
0.00159812
0.00215552
0.00265975
0.00309753
0.00345771
0.00373295
0.00392073
0.00402319
0.00404564
0.00399443
0.00387507
0.00369105
0.00344373
0.00313319
0.00275951
0.00232428
0.00183172
0.0012893
0.000707751
0.000100618
-0.000516305
-0.0011253
-0.00170692
-0.0022403
-0.00270394
-0.00307705
-0.00334124
-0.0034822
-0.00349111
-0.00336531
-0.00310844
-0.00273008
-0.00224539
-0.0016749
-0.00104444
-0.000384832
0.00026919
0.000880886
0.00141425
0.00183694
0.00212274
0.00225302
0.00221715
0.00201233
0.00164331
0.00112275
0.00047195
-0.000278718
-0.00109043
-0.00191806
-0.00271377
-0.00343113
-0.00402892
-0.00447367
-0.00474081
-0.00481463
-0.00468815
-0.00436337
-0.00385219
-0.00317742
-0.00237284
-0.0014818
-0.000553871
0.000359771
0.00121131
0.00196031
0.00257577
0.00303615
0.00332784
0.00344334
0.00338012
0.00314076
0.00273419
0.00217731
0.00149609
0.000725206
-9.39234e-05
-0.000916676
-0.0016994
-0.00240325
-0.00299677
-0.00345667
-0.00376714
-0.00391841
-0.0039054
-0.00372728
-0.00338794
-0.00289715
-0.00227164
-0.00153559
-0.000719729
0.0001409
0.00101048
0.00185648
0.0026529
0.00338145
0.00403012
0.00458994
0.00505177
0.00540461
0.00563615
0.00573538
0.00569614
0.00552018
0.00521816
0.00480774
0.00430902
0.00373939
0.00311026
0.00242766
0.00169629
0.000925166
0.000132037
-0.00065536
-0.0014018
-0.00206989
-0.00262645
-0.00304749
-0.00332045
-0.00344297
-0.0034193
-0.00325636
-0.00296129
-0.0025417
-0.00200802
-0.00137647
-0.000671114
7.60687e-05
0.000827104
0.00154145
0.00218001
0.00270871
0.00310096
0.00333881
0.00341298
0.00332255
0.00307461
0.00268382
0.00217166
0.00156509
0.00089477
0.000193133
-0.000507488
-0.00117647
-0.00178618
-0.00231281
-0.00273705
-0.00304438
-0.00322538
-0.00327577
-0.0031963
-0.00299235
-0.00267356
-0.0022535
-0.00174965
-0.00118337
-0.000580005
3.15775e-05
0.000620169
0.00115434
0.00160508
0.00194844
0.00216755
0.00225371
0.00220649
0.00203287
0.00174564
0.00136162
0.000900086
0.000382001
-0.000169931
-0.000730777
-0.00127306
-0.00176729
-0.00218374
-0.00249521
-0.00268037
-0.00272671
-0.00263229
-0.00240568
-0.00206399
-0.00162972
-0.00112741
-0.000581013
-1.27813e-05
0.000556579
0.00110698
0.00161817
0.00206967
0.00244193
0.00271814
0.00288638
0.00294123
0.00288428
0.00272356
0.00247204
0.00214583
0.00176279
0.00134173
0.000902202
0.000464355
4.82671e-05
-0.000327457
-0.000647517
-0.000901539
-0.00108491
-0.00119852
-0.00124764
-0.0012404
-0.00118644
-0.00109596
-0.000979232
-0.000846188
-0.000706029
-0.000566789
-0.00043511
-0.000316573
-0.00021671
-0.000142318
-0.000102339
-0.000107542
-0.000168745
-0.000168745
-0.000293938
-0.000485224
-0.000736837
-0.00103523
-0.00136139
-0.0016945
-0.0020152
-0.00230722
-0.00255669
-0.00274984
-0.00287066
-0.00290004
-0.00281777
-0.00260727
-0.00226164
-0.00178869
-0.00121242
-0.000569915
9.53799e-05
0.00074164
0.0013348
0.00185079
0.00227346
0.00258988
0.00278569
0.00284319
0.00274363
0.00247321
0.00203062
0.00143306
0.000717931
-6.11224e-05
-0.000842954
-0.0015696
-0.0021954
-0.00269152
-0.00304493
-0.00325283
-0.00331554
-0.00323116
-0.00299417
-0.00259867
-0.00204471
-0.00134472
-0.000527266
0.000363938
0.00127565
0.00215318
0.00294801
0.00362216
0.00414857
0.00450826
0.00468666
0.00467138
0.00445294
0.00402828
0.00340537
0.00260663
0.00166911
0.00064092
-0.00042498
-0.00147741
-0.00247168
-0.0033711
-0.00414531
-0.00476714
-0.00521011
-0.00544825
-0.00545901
-0.0052283
-0.00475554
-0.00405666
-0.00316367
-0.00212066
-0.000977942
0.000213641
0.00140624
0.00255574
0.00362046
0.00455949
0.00533228
0.0059003
0.00623064
0.00630043
0.00610039
0.00563647
0.00492899
0.00400984
0.00291895
0.00170139
0.000405907
-0.000915054
-0.00220491
-0.0034035
-0.00444955
-0.00528516
-0.00586128
-0.00614283
-0.00611178
-0.00576797
-0.00512752
-0.00422045
-0.00308842
-0.00178326
-0.000365917
0.00109489
0.00252527
0.00385037
0.00499974
0.00591266
0.00654219
0.00685725
0.00684258
0.00649762
0.00583531
0.00488159
0.0036757
0.00227027
0.000730374
-0.000869524
-0.00245047
-0.00393521
-0.00525427
-0.00635059
-0.00718203
-0.00772138
-0.0079547
-0.00787919
-0.00750163
-0.0068384
-0.00591655
-0.00477515
-0.00346543
-0.00204889
-0.000593113
0.000833999
0.00216999
0.00336231
0.0043703
0.00516488
0.00572651
0.00604299
0.0061082
0.00592246
0.00549433
0.00484289
0.00399909
0.00300522
0.00191214
0.000775119
-0.000350539
-0.00141279
-0.00236464
-0.00316459
-0.00377657
-0.00417009
-0.00432125
-0.00421466
-0.00384594
-0.00322403
-0.00237241
-0.00132837
-0.000140389
0.00113573
0.00244096
0.00371632
0.00490506
0.00595385
0.00681367
0.00744104
0.00779991
0.00786417
0.00762029
0.0070693
0.00622751
0.0051256
0.0038064
0.00232202
0.000731022
-0.000904142
-0.00251939
-0.00405118
-0.00543878
-0.00662667
-0.00756695
-0.00822182
-0.00856553
-0.00858566
-0.00828342
-0.00767298
-0.00678014
-0.00564069
-0.00429877
-0.00280538
-0.00121689
0.000406449
0.00200245
0.00350935
0.00486862
0.00602779
0.00694268
0.00757895
0.00791302
0.00793267
0.00763753
0.00703944
0.00616241
0.00504198
0.00372367
0.00226072
0.000711158
-0.00086517
-0.00240885
-0.00386204
-0.00516863
-0.00627437
-0.00712837
-0.00768616
-0.00791429
-0.00779485
-0.00732851
-0.00653506
-0.0054511
-0.00412583
-0.00261627
-0.000983463
0.000709228
0.00239609
0.00400849
0.00547526
0.00672539
0.00769293
0.00832326
0.00857875
0.00844241
0.00791846
0.00703019
0.00581606
0.00432562
0.00261653
0.000753037
-0.00119461
-0.0031509
-0.00503693
-0.00677392
-0.00828777
-0.00951359
-0.0103994
-0.0109082
-0.0110192
-0.0107271
-0.010042
-0.00898764
-0.00760104
-0.00593134
-0.00403895
-0.00199415
0.000125332
0.00223777
0.0042614
0.00611806
0.0077361
0.00905243
0.0100144
0.010582
0.0107307
0.0104537
0.00976445
0.00869666
0.00730252
0.00564892
0.00381204
0.0018717
-9.34166e-05
-0.00200846
-0.00380318
-0.00541148
-0.0067712
-0.00782541
-0.00852586
-0.00883802
-0.00874625
-0.00825715
-0.00739992
-0.00622323
-0.00478939
-0.00316773
-0.00142885
0.000358756
0.00212948
0.00381952
0.00536543
0.00670397
0.00777401
0.00852106
0.00890306
0.00889603
0.00849771
0.00772798
0.00662623
0.0052463
0.00365103
0.00190759
8.47326e-05
-0.00174823
-0.00352157
-0.00516565
-0.0066129
-0.00780154
-0.00868041
-0.00921379
-0.00938463
-0.00919533
-0.0086658
-0.00782981
-0.00673097
-0.00541957
-0.00395091
-0.00238482
-0.000785188
0.000781154
0.00224712
0.00224712
0.00354929
0.00463252
0.00545407
0.00598629
0.00621736
0.00615029
0.00580066
0.00519445
0.00436615
0.0033578
0.00221823
0.00100225
-0.000231102
-0.00142136
-0.00251039
-0.00344659
-0.00418855
-0.00470752
-0.0049881
-0.0050276
-0.00483443
-0.00442641
-0.00382947
-0.00307684
-0.00220836
-0.00126934
-0.000308439
0.000625336
0.0014862
0.00223479
0.00284032
0.0032812
0.00354438
0.00362392
0.00351988
0.00323798
0.00279013
0.00219542
0.00148059
0.000679424
-0.000169343
-0.00102509
-0.00184857
-0.00260433
-0.00326183
-0.00379521
-0.00418247
-0.00440458
-0.00444523
-0.00429152
-0.00393583
-0.00337868
-0.00263137
-0.00171731
-0.00067117
0.000464231
0.00164222
0.00281628
0.00394249
0.00498021
0.00589134
0.00663954
0.00719041
0.00751353
0.00758611
0.00739738
0.00695189
0.00627045
0.00538816
0.00434997
0.00320537
0.00200378
0.000791308
-0.00039064
-0.00150527
-0.00251949
-0.00340301
-0.00412848
-0.00467279
-0.00501931
-0.00515987
-0.00509575
-0.00483725
-0.00440218
-0.00381381
-0.00309887
-0.00228585
-0.00140391
-0.000482315
0.000449769
0.0013635
0.00223068
0.00302427
0.00371874
0.00429028
0.00471705
0.00498009
0.00506487
0.00496335
0.00467602
0.00421296
0.00359358
0.00284499
0.00199949
0.00109196
0.00015804
-0.000766822
-0.00164747
-0.0024491
-0.00313783
-0.00368236
-0.00405648
-0.00424175
-0.00422979
-0.00402326
-0.00363557
-0.0030893
-0.00241405
-0.00164414
-0.000816668
2.99193e-05
0.000856866
0.00162613
0.00230165
0.00285109
0.00324787
0.0034732
0.00351773
0.00338221
0.00307709
0.00262104
0.00203875
0.00135866
0.000611033
-0.000173285
-0.000963526
-0.00172942
-0.00244182
-0.00307371
-0.00360178
-0.00400817
-0.00428191
-0.00441948
-0.00442391
-0.00430238
-0.00406307
-0.00371279
-0.00325671
-0.00270054
-0.00205391
-0.00133337
-0.000563156
0.000226712
0.00100456
0.00174181
0.00241648
0.00301398
0.00352483
0.00394045
0.00424931
0.00443555
0.00448139
0.0043725
0.004104
0.00368461
0.00313692
0.0024939
0.00179279
0.00106898
0.000351797
-0.000336491
-0.000978773
-0.00155983
-0.00206369
-0.00247315
-0.00277198
-0.0029488
-0.00300082
-0.00293573
-0.00277057
-0.00252801
-0.00223155
-0.00190156
-0.00155357
-0.00119918
-0.00084855
-0.000513041
-0.000206469
5.57697e-05
0.000259342
0.000394179
0.000456741
0.000450305
0.000383177
0.000265626
0.000106957
-8.60182e-05
-0.000308488
-0.000555516
-0.000819432
-0.00108809
-0.00134487
-0.00157042
-0.00174555
-0.00185398
-0.00188425
-0.00183014
-0.0016901
-0.0014663
-0.00116403
-0.000791918
-0.000362468
0.000107541
0.000597552
0.00108468
0.00154577
0.00195945
0.00230753
0.00257554
0.00275256
0.00283068
0.00280499
0.00267407
0.00244104
0.0021147
0.00170987
0.00124652
0.0007476
0.00023629
-0.000266583
-0.000744076
-0.00118337
-0.00157497
-0.0019114
-0.0021862
-0.0023934
-0.00252768
-0.00258496
-0.00256307
-0.00246245
-0.00228644
-0.00204124
-0.00173543
-0.00137922
-0.000983756
-0.000560449
-0.000120587
0.000324738
0.000764335
0.00118638
0.001578
0.00192528
0.00221402
0.00243116
0.00256624
0.00261261
0.00256774
0.00243284
0.00221195
0.00191121
0.00153846
0.00110355
0.000619418
0.000103405
-0.000421649
-0.000927623
-0.00138311
-0.0017571
-0.00202331
-0.00216416
-0.00217308
-0.00205459
-0.00182227
-0.0014953
-0.00109493
-0.000642211
-0.000157554
0.000338264
0.000822723
0.00127121
0.00165833
0.00196078
0.00216079
0.00224907
0.00222629
0.00210265
0.0018958
0.00162789
0.0013226
0.00100308
0.000690557
0.000403491
0.000156436
-4.12416e-05
-0.000186443
-0.000282541
-0.000338426
-0.000366588
-0.0003808
-0.000394014
-0.00041676
-0.000456127
-0.000515327
-0.000593885
-0.000688269
-0.000792586
-0.000899026
-0.000997969
-0.00107803
-0.00112652
-0.00113075
-0.00108007
-0.000968266
-0.000795364
-0.000568393
-0.000300743
-1.04389e-05
0.000282166
0.000556565
0.000793548
0.000975717
0.00108736
0.00108736
0.00111428
0.00104427
0.000868582
0.000584129
0.000195963
-0.000280763
-0.000820232
-0.00138741
-0.00194144
-0.00244036
-0.00284572
-0.00312596
-0.00325777
-0.00322545
-0.00301927
-0.00263397
-0.00206839
-0.00132707
-0.000423272
0.000617213
0.0017532
0.00292788
0.00407229
0.00511229
0.00597708
0.00660701
0.00695845
0.00700487
0.00673466
0.00614753
0.00525148
0.00406237
0.00260679
0.000927187
-0.000913344
-0.00282994
-0.00472057
-0.00647601
-0.00799239
-0.00918266
-0.00998364
-0.0103573
-0.0102872
-0.00977362
-0.0088292
-0.00747927
-0.00576536
-0.00375024
-0.00152068
0.000814836
0.00313419
0.00531399
0.00724279
0.00883153
0.0100186
0.0107689
0.0110696
0.0109237
0.010347
0.00936777
0.00802923
0.00639249
0.00453724
0.00255849
0.000559656
-0.00135644
-0.00309643
-0.00458295
-0.00575772
-0.00658143
-0.00703166
-0.00710065
-0.0067943
-0.00613264
-0.00515127
-0.00390223
-0.00245342
-0.000885643
0.000712593
0.00225153
0.00364681
0.00482511
0.00572768
0.00631196
0.00655155
0.00643551
0.0059679
0.00516766
0.00406882
0.00272028
0.00118438
-0.000466058
-0.00215236
-0.00379552
-0.00532154
-0.00666565
-0.00777476
-0.00860824
-0.00913791
-0.00934796
-0.00923521
-0.00880959
-0.00809386
-0.00711989
-0.00592198
-0.00453609
-0.00300955
-0.00140641
0.000200982
0.00174392
0.00316414
0.00441669
0.00546881
0.00629658
0.00688196
0.00721095
0.00727223
0.0070578
0.00656747
0.00581618
0.00483949
0.00369267
0.0024428
0.00115841
-9.80468e-05
-0.00127277
-0.00231993
-0.0032004
-0.00388116
-0.00433592
-0.00454652
-0.00450502
-0.00421606
-0.00369857
-0.00298576
-0.00212258
-0.00116085
-0.000154131
0.000846021
0.00179156
0.00263804
0.00334473
0.0038756
0.00420142
0.00430249
0.00417124
0.00381386
0.00325037
0.00251266
0.00164072
0.000678053
-0.000332418
-0.00135059
-0.00233905
-0.00326111
-0.00407855
-0.00475089
-0.0052372
-0.00550053
-0.00551349
-0.00526349
-0.00475561
-0.00401223
-0.00306947
-0.00197176
-0.000766574
0.000498814
0.00177783
0.00302313
0.00418491
0.00521089
0.00604909
0.00665303
0.00698805
0.00703658
0.00680055
0.00630022
0.00557007
0.00465339
0.00359744
0.00245066
0.00126212
8.21609e-05
-0.00103711
-0.00204295
-0.0028852
-0.00352111
-0.00392038
-0.00406875
-0.0039692
-0.00364044
-0.00311368
-0.00242898
-0.00163218
-0.000772864
9.69643e-05
0.000924012
0.00165533
0.00224082
0.00263681
0.00281045
0.00274407
0.00243835
0.00191299
0.00120433
0.000360704
-0.000563136
-0.00151092
-0.0024281
-0.00326334
-0.00396893
-0.00450128
-0.00482279
-0.0049053
-0.00473455
-0.00431411
-0.00366692
-0.00283339
-0.00186649
-0.000825185
0.000231662
0.0012495
0.00217998
0.00298123
0.00361794
0.00406203
0.00429427
0.00430632
0.00410236
0.00369956
0.00312685
0.00242251
0.00163098
0.000799472
-2.494e-05
-0.000797825
-0.00147931
-0.00203563
-0.00244052
-0.00267623
-0.0027342
-0.00261509
-0.00232826
-0.00189085
-0.00132682
-0.000665915
5.73587e-05
0.000805041
0.00153725
0.00221392
0.00279654
0.00324983
0.0035433
0.00365284
0.00356205
0.0032634
0.00275875
0.00205946
0.00118575
0.000166023
-0.000964031
-0.00216208
-0.00338008
-0.00456571
-0.00566478
-0.00662434
-0.00739622
-0.00794027
-0.00822683
-0.00823802
-0.00796805
-0.00742281
-0.00661939
-0.00558574
-0.00436055
-0.00299273
-0.00153993
-6.56814e-05
0.00136471
0.00268886
0.00385155
0.00480774
0.00552402
0.00597861
0.00616071
0.00606981
0.00571555
0.00511814
0.0043088
0.00332961
0.00223201
0.00107389
-8.45099e-05
-0.00118506
-0.00217567
-0.00301311
-0.00366434
-0.00410667
-0.00432713
-0.00432174
-0.0040951
-0.00366035
-0.00303937
-0.00226257
-0.00136819
-0.000400471
0.00059294
0.00156416
0.00246834
0.00326638
0.00392687
0.00442686
0.00475192
0.00489563
0.00485901
0.00465015
0.00428401
0.00378215
0.00317217
0.00248638
0.00175983
0.00102784
0.00102784
0.000323644
-0.000323585
-0.000889898
-0.001357
-0.00171217
-0.0019479
-0.00206163
-0.00205571
-0.00193728
-0.00171826
-0.0014149
-0.00104706
-0.000636962
-0.000207925
0.000217051
0.000616397
0.00097081
0.00126382
0.0014823
0.00161701
0.00166335
0.00162201
0.00149922
0.00130628
0.00105832
0.000772642
0.000466988
0.000158316
-0.000137831
-0.000407376
-0.000637507
-0.00081664
-0.000934902
-0.000985266
-0.000965075
-0.000877337
-0.000731098
-0.000540513
-0.000322814
-9.58085e-05
0.000124305
0.000324268
0.000494101
0.000626686
0.000717049
0.00076179
0.000758946
0.000708378
0.000612393
0.000476173
0.000307638
0.000116664
-8.60478e-05
-0.000290045
-0.000485849
-0.000665249
-0.000821309
-0.0009483
-0.00104173
-0.0010985
-0.00111707
-0.00109754
-0.00104159
-0.000952153
-0.000833078
-0.000688873
-0.000524703
-0.000346658
-0.000162087
2.03162e-05
0.000190909
0.000339989
0.000458975
0.00054147
0.000583829
0.00058506
0.000546152
0.00046916
0.000356597
0.000211514
3.82795e-05
-0.000156342
-0.000362442
-0.000567088
-0.00075545
-0.000912651
-0.00102581
-0.00108566
-0.00108727
-0.00102983
-0.000915748
-0.000749726
-0.00053817
-0.000289168
-1.27405e-05
0.000279
0.000572128
0.0008517
0.00110291
0.00131231
0.00146885
0.00156451
0.00159444
0.00155681
0.00145254
0.00128506
0.00106033
0.00078678
0.000475268
0.000138705
-0.000208546
-0.000551403
-0.000874835
-0.00116458
-0.00140779
-0.00159362
-0.00171367
-0.00176222
-0.00173639
-0.00163611
-0.00146409
-0.00122561
-0.000928273
-0.000581656
-0.000196951
0.000213303
0.000635475
0.00105513
0.00145742
0.0018277
0.00215223
0.00241891
0.00261797
0.00274233
0.00278776
0.00275282
0.00263847
0.00244782
0.00218593
0.00185992
0.00147921
0.00105582
0.000604252
0.000140951
-0.000316664
-0.000751359
-0.00114705
-0.00148938
-0.00176589
-0.00196606
-0.00208147
-0.00210623
-0.00203769
-0.00187726
-0.00163092
-0.00130919
-0.000926458
-0.000499665
-4.68843e-05
0.000413944
0.000865764
0.00129263
0.00167961
0.00201274
0.0022792
0.00246788
0.00257013
0.00258058
0.00249772
0.00232411
0.00206619
0.00173368
0.0013388
0.000895459
0.00041857
-7.62613e-05
-0.000572767
-0.00105381
-0.00150126
-0.00189638
-0.00222075
-0.00245807
-0.00259608
-0.0026274
-0.00254844
-0.00235864
-0.0020615
-0.00166557
-0.00118458
-0.000637072
-4.59641e-05
0.000562156
0.00115813
0.001712
0.0021955
0.0025845
0.00286051
0.00301092
0.00302854
0.00291124
0.0026621
0.00228981
0.00180885
0.00123921
0.000605881
-6.20697e-05
-0.00073305
-0.00137512
-0.00195858
-0.00245826
-0.00285496
-0.0031358
-0.00329383
-0.00332706
-0.00323772
-0.00303163
-0.00271799
-0.00230945
-0.0018224
-0.00127713
-0.000697703
-0.000111107
0.000454119
0.000969806
0.00141022
0.00175384
0.0019846
0.00209234
0.00207261
0.00192621
0.00165886
0.00128122
0.000809332
0.000264845
-0.000325227
-0.000929658
-0.00151497
-0.00204783
-0.00249746
-0.00283743
-0.00304682
-0.00311073
-0.00302044
-0.00277365
-0.00237506
-0.00183696
-0.00117968
-0.000431231
0.000373986
0.0011975
0.00199965
0.00274239
0.00339146
0.00391761
0.00429688
0.0045108
0.00454661
0.00439816
0.00406719
0.00356437
0.00290973
0.00213179
0.00126556
0.000349735
-0.0005762
-0.00147437
-0.00230996
-0.00305172
-0.00367205
-0.00414719
-0.00445792
-0.00459104
-0.00454111
-0.00431182
-0.00391651
-0.00337731
-0.00272329
-0.00198798
-0.00120699
-0.000416186
0.000349551
0.00105694
0.00167492
0.00217541
0.00253462
0.00273464
0.00276502
0.00262407
0.00231934
0.00186743
0.00129286
0.000626407
-9.68324e-05
-0.000839299
-0.00156248
-0.0022282
-0.00280004
-0.00324509
-0.00353616
-0.00365391
-0.00358842
-0.00333991
-0.00291848
-0.0023431
-0.00164023
-0.000842226
1.41247e-05
0.000889107
0.00174155
0.00253058
0.00321777
0.00376967
0.0041603
0.00437308
0.0044016
0.00424936
0.00392848
0.003458
0.00286203
0.0021682
0.00140644
0.000608194
0.000608194
-0.000194173
-0.000968137
-0.00168221
-0.00230759
-0.00281986
-0.00320038
-0.00343707
-0.00352444
-0.00346327
-0.00325998
-0.00292598
-0.00247707
-0.00193292
-0.00131667
-0.00065451
2.49243e-05
0.000691561
0.00131529
0.00186764
0.00232337
0.00266183
0.00286793
0.00293267
0.00285338
0.00263368
0.00228339
0.00181816
0.00125906
0.000631805
-3.43701e-05
-0.000708247
-0.00135846
-0.00195545
-0.00247316
-0.00289029
-0.00319099
-0.00336486
-0.00340668
-0.00331581
-0.00309588
-0.00275471
-0.00230469
-0.00176305
-0.00115187
-0.000497257
0.000172238
0.000827823
0.00144272
0.00199386
0.00246272
0.00283507
0.00310021
0.00325012
0.0032793
0.00318543
0.00297067
0.00264294
0.00221663
0.00171224
0.00115498
0.000572553
-7.16499e-06
-0.000558145
-0.00105747
-0.00148587
-0.00182778
-0.00207122
-0.00220787
-0.00223342
-0.00214819
-0.00195767
-0.00167281
-0.0013098
-0.000889401
-0.000435616
2.59402e-05
0.000469948
0.000873141
0.00121562
0.00148155
0.00165919
0.00174056
0.00172085
0.00159825
0.00137412
0.00105366
0.000646634
0.000167854
-0.000363111
-0.000922945
-0.00148615
-0.0020268
-0.00252007
-0.00294342
-0.00327734
-0.00350574
-0.00361606
-0.00359947
-0.00345104
-0.00317026
-0.00276164
-0.0022353
-0.00160732
-0.000899698
-0.000139647
0.00064173
0.00141137
0.0021365
0.00278688
0.00333659
0.00376518
0.00405816
0.00420709
0.00420949
0.0040687
0.0037939
0.00339988
0.00290655
0.00233794
0.00172075
0.00108273
0.000451081
-0.000148856
-0.000694623
-0.00116739
-0.00155257
-0.00184027
-0.00202572
-0.00210947
-0.0020971
-0.00199852
-0.00182682
-0.00159707
-0.00132525
-0.00102757
-0.000720057
-0.000418182
-0.000136314
0.000112948
0.000319545
0.000476569
0.000580562
0.000631395
0.000631798
0.000586615
0.000502052
0.000385093
0.000243251
8.4597e-05
-8.21011e-05
-0.000247327
-0.00040104
-0.000533233
-0.000634747
-0.000698139
-0.000718399
-0.000693323
-0.000623491
-0.000511904
-0.000363465
-0.000184458
1.7838e-05
0.000235386
0.000459511
0.000681018
0.000890477
0.00107877
0.0012378
0.00136118
0.00144477
0.00148687
0.00148817
0.00145146
0.00138129
0.00128369
0.0011658
0.00103548
0.000900725
0.000768967
0.000646394
0.000537478
0.000444828
0.000369398
0.000310943
0.00026852
0.000240908
0.000226854
0.000225164
0.000234663
0.000254075
0.000281961
0.000316733
0.000356764
0.000400481
0.000446311
0.000492377
0.000536098
0.000573881
0.000601129
0.000612588
0.000602912
0.000567268
0.000501793
0.000403833
0.00027197
0.000105894
-9.36707e-05
-0.000324747
-0.000583449
-0.000863017
-0.00115304
-0.00143941
-0.00170537
-0.00193341
-0.00210756
-0.00221527
-0.00224847
-0.00220371
-0.00208162
-0.00188624
-0.00162448
-0.00130599
-0.000943231
-0.000551654
-0.000149369
0.00024374
0.000607501
0.000923199
0.00117512
0.0013516
0.00144547
0.00145411
0.0013792
0.00122644
0.00100527
0.000728515
0.00041194
7.35405e-05
-0.000267444
-0.000591729
-0.000881267
-0.00112035
-0.00129639
-0.00140025
-0.00142623
-0.00137191
-0.00123785
-0.00102758
-0.000747551
-0.000407312
-1.94948e-05
0.000400341
0.000834199
0.00126249
0.00166516
0.00202284
0.00231785
0.00253492
0.00266174
0.00268931
0.00261247
0.00243046
0.00214744
0.00177286
0.00132118
0.00081112
0.000264314
-0.000296182
-0.000847378
-0.00136746
-0.0018365
-0.00223682
-0.00255326
-0.00277361
-0.00288912
-0.0028952
-0.00279196
-0.00258448
-0.00228262
-0.00190053
-0.00145573
-0.00096811
-0.000458932
5.01411e-05
0.000537895
0.000984422
0.00137197
0.00168574
0.00191457
0.00205141
0.00209345
0.00204208
0.00190254
0.00168351
0.00139672
0.00105649
0.000679378
0.000283672
-0.000111255
-0.000485826
-0.000821358
-0.00110123
-0.001312
-0.00144421
-0.00149282
-0.00145715
-0.0013405
-0.00114952
-0.000893507
-0.000583784
-0.000233175
0.000144297
0.000533585
0.000918723
0.00128303
0.00160955
0.00188188
0.0020852
0.00220739
0.00223994
0.00217856
0.00202338
0.00202338
0.00177896
0.00145399
0.00106096
0.00061546
0.000135498
-0.000359416
-0.000849177
-0.001314
-0.00173525
-0.00209611
-0.00238206
-0.00258118
-0.00268449
-0.00268636
-0.00258522
-0.00238416
-0.00209137
-0.0017199
-0.00128687
-0.000812078
-0.000316362
0.000179882
0.000657783
0.00110046
0.00149285
0.00182128
0.00207303
0.00223664
0.00230273
0.00226547
0.00212411
0.00188382
0.0015557
0.00115575
0.000703059
0.000217881
-0.000279966
-0.000771882
-0.00124045
-0.00166886
-0.00204045
-0.00233883
-0.00254896
-0.00265888
-0.00266161
-0.00255653
-0.00234972
-0.00205322
-0.00168336
-0.00125884
-0.000799037
-0.000323026
0.000150621
0.000603617
0.00101775
0.00137521
0.00165951
0.00185704
0.00195862
0.00196063
0.00186544
0.00168086
0.00141901
0.00109489
0.000725089
0.000326955
-8.17786e-05
-0.000483059
-0.000858636
-0.0011905
-0.00146183
-0.00165827
-0.00176921
-0.00178887
-0.00171664
-0.00155684
-0.00131803
-0.00101213
-0.00065358
-0.000258766
0.00015439
0.000566846
0.000958997
0.00131152
0.00160644
0.00182841
0.00196567
0.00201085
0.00196119
0.00181842
0.00158835
0.00128045
0.000907483
0.000485314
3.26678e-05
-0.000429357
-0.000878208
-0.00129125
-0.00164742
-0.00192882
-0.00212195
-0.0022184
-0.00221481
-0.00211243
-0.00191648
-0.00163556
-0.00128143
-0.000869027
-0.000416387
5.56569e-05
0.000524368
0.00096652
0.0013601
0.00168598
0.00192921
0.00207969
0.00213228
0.0020864
0.00194553
0.00171686
0.00141099
0.00104194
0.000626873
0.000185569
-0.000260563
-0.00068983
-0.00108174
-0.00141833
-0.00168519
-0.00187192
-0.00197222
-0.00198365
-0.00190742
-0.00174821
-0.00151416
-0.00121674
-0.000870462
-0.000492223
-0.000100272
0.000286991
0.000652205
0.000980013
0.00125766
0.0014753
0.00162601
0.00170575
0.00171337
0.00165058
0.00152199
0.00133494
0.00109928
0.000826747
0.00053026
0.000223065
-8.20298e-05
-0.00037321
-0.000639982
-0.000873276
-0.00106542
-0.00121014
-0.00130263
-0.00133985
-0.001321
-0.00124792
-0.00112545
-0.000961431
-0.000766174
-0.000551615
-0.000330174
-0.000113616
8.78913e-05
0.000266349
0.000416047
0.000533281
0.000615863
0.000662655
0.000673377
0.000648741
0.000590842
0.000503609
0.000393063
0.00026717
0.000135221
6.83226e-06
-0.000109172
-0.000205709
-0.000277919
-0.000323069
-0.000340015
-0.000328526
-0.000288773
-0.000221277
-0.000127344
-9.77898e-06
0.00012649
0.000274257
0.000424531
0.000567567
0.000694108
0.000796456
0.000869085
0.000908668
0.000913659
0.000883733
0.000819384
0.000721891
0.000593661
0.000438761
0.00026329
7.53261e-05
-0.000115716
-0.000300148
-0.000469212
-0.000616036
-0.000736006
-0.000826489
-0.000886131
-0.000914121
-0.000909798
-0.000872786
-0.000803579
-0.000704267
-0.000579008
-0.000433982
-0.000276792
-0.000115532
4.2151e-05
0.000189625
0.000321356
0.000432634
0.000519185
0.000576987
0.000602467
0.000593132
0.000548367
0.00047006
0.000362745
0.000233184
8.95028e-05
-5.98444e-05
-0.000206922
-0.000344773
-0.000467439
-0.000569728
-0.00064694
-0.000694828
-0.000709894
-0.000689946
-0.000634645
-0.000545786
-0.000427147
-0.000283941
-0.000122071
5.25222e-05
0.000234252
0.000417945
0.000598651
0.000771401
0.000931126
0.00107284
0.00119205
0.00128525
0.00135013
0.00138555
0.00139115
0.00136702
0.00131348
0.00123116
0.00112137
0.000986534
0.000830471
0.000658321
0.000476111
0.000290015
0.000105607
-7.26307e-05
-0.000241359
-0.000397965
-0.000539913
-0.000664216
-0.000767312
-0.000845474
-0.00089561
-0.000916165
-0.000907754
-0.000873298
-0.000817645
-0.000746757
-0.000666774
-0.000583256
-0.000500836
-0.000423235
-0.000353466
-0.000294022
-0.000246871
-0.000213284
-0.000193598
-0.000187036
-0.000191656
-0.00020446
-0.000221635
-0.000238857
-0.0002516
-0.000255406
-0.000246163
-0.000220373
-0.000175455
-0.000110072
-2.43679e-05
7.9975e-05
0.000199903
0.000331368
0.000469803
0.000610575
0.000749299
0.000881968
0.00100494
0.00111483
0.00120843
0.00128269
0.00133475
0.00136216
0.00136216
0.0013631
0.00133663
0.00128278
0.00120254
0.00109777
0.000971057
0.000825503
0.000664626
0.000492172
0.000311914
0.000127451
-5.7948e-05
-0.000241398
-0.000420333
-0.000592323
-0.000754842
-0.000905097
-0.00104001
-0.0011564
-0.00125137
-0.00132264
-0.00136882
-0.00138944
-0.0013849
-0.00135611
-0.00130431
-0.0012308
-0.00113695
-0.00102428
-0.000894724
-0.000750879
-0.000596173
-0.000434784
-0.000271343
-0.000110492
4.35678e-05
0.000187415
0.000318545
0.000435258
0.000536398
0.000621048
0.000688291
0.000737136
0.000766673
0.000776372
0.000766421
0.000737945
0.000693021
0.000634482
0.000565583
0.000489716
0.000410224
0.000330318
0.000253038
0.000181173
0.00011714
6.28406e-05
1.95287e-05
-1.22644e-05
-3.27457e-05
-4.28451e-05
-4.41711e-05
-3.89392e-05
-2.9891e-05
-2.01951e-05
-1.3297e-05
-1.2698e-05
-2.16578e-05
-4.28704e-05
-7.82017e-05
-0.000128544
-0.000193785
-0.000272833
-0.000363597
-0.000462876
-0.000566264
-0.000668222
-0.000762411
-0.000842274
-0.000901726
-0.000935806
-0.000941129
-0.000916094
-0.000860838
-0.000777
-0.00066741
-0.000535832
-0.00038686
-0.00022596
-5.95246e-05
0.000105213
0.000260525
0.000398793
0.000513232
0.000598568
0.000651511
0.000670889
0.000657466
0.00061355
0.000542544
0.000448589
0.000336383
0.000211166
7.87337e-05
-5.46282e-05
-0.000182401
-0.000298258
-0.000396537
-0.000472605
-0.000523017
-0.000545466
-0.00053862
-0.000501993
-0.00043595
-0.000341881
-0.000222512
-8.22408e-05
7.27026e-05
0.00023442
0.00039391
0.000541937
0.000669959
0.000770832
0.000839135
0.000871125
0.000864455
0.000817899
0.000731291
0.000605815
0.000444507
0.000252758
3.84943e-05
-0.000188164
-0.000415771
-0.000632744
-0.000828528
-0.000994403
-0.00112381
-0.00121218
-0.00125651
-0.00125498
-0.00120679
-0.00111242
-0.000974121
-0.000796368
-0.000586063
-0.000352246
-0.000105401
0.000143483
0.000383783
0.00060587
0.000801416
0.000963439
0.00108623
0.00116532
0.00119766
0.00118194
0.001119
0.00101208
0.000866891
0.000691229
0.000494385
0.000286421
7.74946e-05
-0.000122652
-0.000305026
-0.000461612
-0.000585591
-0.000671616
-0.000716132
-0.000717693
-0.000677145
-0.000597645
-0.000484412
-0.000344253
-0.000184982
-1.48269e-05
0.000158049
0.00032588
0.000481477
0.000618337
0.00073079
0.000814208
0.000865253
0.000882097
0.000864523
0.000813885
0.000732928
0.000625529
0.000496423
0.000350954
0.000194913
3.44285e-05
-0.0001241
-0.000274115
-0.000409128
-0.000523081
-0.000610776
-0.000668274
-0.000693148
-0.000684566
-0.000643193
-0.000571007
-0.000471161
-0.000347915
-0.000206674
-5.40375e-05
0.000102297
0.000253861
0.000391979
0.000508493
0.000596464
0.000650675
0.000667846
0.00064657
0.000587103
0.000491142
0.000361715
0.000203193
2.13418e-05
-0.000176688
-0.000382593
-0.000587395
-0.00078211
-0.000958472
-0.00110957
-0.00123025
-0.00131724
-0.001369
-0.00138553
-0.0013681
-0.00131912
-0.00124209
-0.00114159
-0.00102323
-0.000893442
-0.000759155
-0.000627279
-0.000504205
-0.000395385
-0.000305075
-0.000236246
-0.000190633
-0.000168809
-0.000170242
-0.00019332
-0.000235377
-0.000292767
-0.000361021
-0.000435111
-0.000509789
-0.000579912
-0.000640691
-0.000687824
-0.000717515
-0.000726462
-0.000711926
-0.000671932
-0.000605556
-0.000513229
-0.000396983
-0.000260503
-0.000108922
5.16291e-05
0.000214596
0.000373572
0.000522717
0.00065695
0.000771942
0.000864041
0.000930248
0.000968325
0.000977029
0.000956418
0.000908115
0.000835398
0.000743051
0.000637018
0.000523902
0.000410468
0.000303234
0.000208128
0.000130229
7.35552e-05
4.08867e-05
3.36674e-05
5.19901e-05
9.46505e-05
0.000159266
0.000242441
0.000339948
0.000446901
0.000557943
0.000667426
0.000769642
0.000859118
0.000930947
0.00098114
0.00100692
0.00100688
0.00098109
0.000930998
0.00085933
0.000769875
0.00066723
0.000556534
0.000443218
0.000332774
0.000230545
0.000141528
7.01838e-05
2.02222e-05
-5.60604e-06
-5.6738e-06
2.03897e-05
7.16182e-05
0.0001457
0.000239039
0.000346896
0.000463609
0.000582932
0.00069844
0.00069844
0.000803924
0.000893758
0.000963161
0.00100834
0.00102649
0.00101575
0.000975127
0.00090449
0.000804728
0.000677936
0.000527597
0.000358612
0.000177129
-9.81911e-06
-0.00019479
-0.000370414
-0.000529817
-0.000666927
-0.000776659
-0.000855012
-0.000899127
-0.000907351
-0.000879327
-0.000816098
-0.000720169
-0.000595474
-0.00044723
-0.000281678
-0.000105765
7.3208e-05
0.000247947
0.000411493
0.000557507
0.000680488
0.000775919
0.000840349
0.000871455
0.000868129
0.000830585
0.000760486
0.000661008
0.000536789
0.000393701
0.000238485
7.82651e-05
-7.99229e-05
-0.000229522
-0.000364684
-0.000480353
-0.000572309
-0.000637252
-0.000672995
-0.000678747
-0.000655377
-0.000605521
-0.00053346
-0.000444781
-0.00034588
-0.000243397
-0.000143725
-5.26715e-05
2.4729e-05
8.42726e-05
0.000122607
0.000137292
0.000126944
9.14455e-05
3.21634e-05
-4.7925e-05
-0.000144274
-0.000251039
-0.000361556
-0.000468947
-0.000566721
-0.000649218
-0.000711831
-0.000751031
-0.00076426
-0.000749816
-0.000706875
-0.000635667
-0.000537836
-0.000416837
-0.000278168
-0.000129254
2.10964e-05
0.00016359
0.000289431
0.000391128
0.000462943
0.000500925
0.000502661
0.000466943
0.000393624
0.000283821
0.000140422
-3.13266e-05
-0.000223526
-0.000425898
-0.000626675
-0.000813874
-0.000976629
-0.00110618
-0.00119633
-0.00124335
-0.00124557
-0.00120287
-0.00111641
-0.000988675
-0.000823805
-0.000628015
-0.000409698
-0.000179106
5.24487e-05
0.000273702
0.00047453
0.000646743
0.000784441
0.00088395
0.000943463
0.000962647
0.000942397
0.000884846
0.000793541
0.00067361
0.00053175
0.000375885
0.000214547
5.61264e-05
-9.17872e-05
-0.000222831
-0.000331999
-0.000415554
-0.000470872
-0.000496341
-0.000491428
-0.000456897
-0.000395112
-0.000310298
-0.000208574
-9.76555e-05
1.37824e-05
0.000116986
0.000204017
0.000268479
0.000305925
0.00031388
0.000291537
0.000239326
0.000158532
5.11237e-05
-8.01607e-05
-0.000231562
-0.000398041
-0.000573176
-0.000749343
-0.000918154
-0.00107112
-0.00120043
-0.00129959
-0.00136398
-0.00139102
-0.00138009
-0.00133218
-0.00124952
-0.00113523
-0.000993166
-0.00082785
-0.000644612
-0.000449681
-0.000250194
-5.39934e-05
0.000130801
0.000296398
0.000435994
0.00054431
0.000617922
0.000655323
0.00065678
0.00062407
0.000560229
0.000469414
0.000356875
0.00022899
9.32152e-05
-4.21583e-05
-0.000168518
-0.000277627
-0.00036242
-0.000417688
-0.000440463
-0.000430017
-0.000387547
-0.000315665
-0.000217938
-9.86322e-05
3.72939e-05
0.000184054
0.000334955
0.000482564
0.000619194
0.000737649
0.000832032
0.000898376
0.000934907
0.000941888
0.000921172
0.000875656
0.000808812
0.000724421
0.000626518
0.000519457
0.000407949
0.000296956
0.000191445
9.60009e-05
1.44339e-05
-5.05295e-05
-9.73668e-05
-0.000125706
-0.000136153
-0.000130054
-0.000109271
-7.60119e-05
-3.26877e-05
1.81899e-05
7.40723e-05
0.000132413
0.000190713
0.000246573
0.000297772
0.000342369
0.000378836
0.000406151
0.000423874
0.000432155
0.000431665
0.000423464
0.000408826
0.000389081
0.000365528
0.000339415
0.000311989
0.000284551
0.000258479
0.000235186
0.00021601
0.000202072
0.000194182
0.000192811
0.000198186
0.000210436
0.000229706
0.00025612
0.000289532
0.000329131
0.000373056
0.000418257
0.000460728
0.000496083
0.0005203
0.000530361
0.00052456
0.0005024
0.000464153
0.000410314
0.000341224
0.00025706
0.000158219
4.59194e-05
-7.7276e-05
-0.000207272
-0.000338707
-0.000465583
-0.000582038
-0.000682995
-0.00076454
-0.000823979
-0.000859664
-0.000870711
-0.00085679
-0.000818053
-0.00075524
-0.000669882
-0.000564484
-0.000442563
-0.000308505
-0.000167259
-2.3963e-05
0.000116406
0.000249259
0.000370485
0.000476401
0.000563656
0.000629224
0.000670552
0.000685848
0.000674436
0.000637014
0.000575701
0.000493843
0.000395613
0.000285543
0.000168152
4.77336e-05
-7.16382e-05
-0.000185974
-0.000291255
-0.000383453
-0.00045874
-0.000513845
-0.000546419
-0.000555286
-0.000540515
-0.000503303
-0.000445758
-0.000370635
-0.000281153
-0.000180927
-7.39746e-05
3.52704e-05
0.000142025
0.000142025
0.000241369
0.000328603
0.000399665
0.000451488
0.000482216
0.000491242
0.000479058
0.000447013
0.000397097
0.000331809
0.000254137
0.000167597
7.62435e-05
-1.54743e-05
-0.000103048
-0.000182366
-0.00025015
-0.000304243
-0.000343678
-0.000368528
-0.000379629
-0.000378308
-0.000366202
-0.000345217
-0.000317598
-0.000285997
-0.000253435
-0.000223089
-0.000197899
-0.00018009
-0.000170797
-0.000169948
-0.000176422
-0.000188453
-0.000204101
-0.000221629
-0.000239657
-0.0002571
-0.000272935
-0.000285962
-0.000294674
-0.000297362
-0.00029242
-0.000278728
-0.00025599
-0.000224863
-0.000186819
-0.000143821
-9.79334e-05
-5.09956e-05
-4.47082e-06
4.05326e-05
8.31067e-05
0.000122353
0.000157269
0.000186766
0.00020982
0.000225679
0.000234057
0.000235215
0.000229913
0.000219251
0.000204463
0.000186718
0.000166985
0.000145957
0.000124046
0.000101466
7.83496e-05
5.48374e-05
3.11273e-05
7.45494e-06
-1.59831e-05
-3.91239e-05
-6.2104e-05
-8.52563e-05
-0.000109038
-0.000133905
-0.000160152
-0.000187789
-0.000216491
-0.000245645
-0.000274493
-0.000302281
-0.000328375
-0.000352289
-0.000373646
-0.000392092
-0.000407223
-0.000418579
-0.000425701
-0.00042823
-0.000426018
-0.000419191
-0.000408153
-0.000393532
-0.000376055
-0.00035642
-0.000335182
-0.000312667
-0.00028894
-0.00026382
-0.000236953
-0.00020789
-0.000176111
-0.000140985
-0.00010171
-5.72994e-05
-6.67415e-06
5.11097e-05
0.000116567
0.000189525
0.000269005
0.000353295
0.000440187
0.000527287
0.000612266
0.000692945
0.000767218
0.00083291
0.000887671
0.000929036
0.000954669
0.0009627
0.000952056
0.000922663
0.00087546
0.000812213
0.000735203
0.000646918
0.000549847
0.000446427
0.000339122
0.000230533
0.000123458
2.08374e-05
-7.44221e-05
-0.000159695
-0.000232834
-0.00029222
-0.000336652
-0.00036515
-0.0003768
-0.000370764
-0.000346489
-0.000304033
-0.000244383
-0.000169635
-8.29049e-05
1.19988e-05
0.000111022
0.000210285
0.000306318
0.00039605
0.000476628
0.000545224
0.000598979
0.000635155
0.000651506
0.000646707
0.000620715
0.000574908
0.000511956
0.000435458
0.000349491
0.000258179
0.00016544
7.48995e-05
-1.00666e-05
-8.62886e-05
-0.000150824
-0.000201104
-0.000235177
-0.000251947
-0.000251341
-0.000234338
-0.000202831
-0.000159383
-0.000106963
-4.87196e-05
1.21572e-05
7.25035e-05
0.000129209
0.000179288
0.000220037
0.000249261
0.000265537
0.000268398
0.000258376
0.00023688
0.00020594
0.000167924
0.000125301
8.04926e-05
3.5839e-05
-6.36168e-06
-4.38338e-05
-7.43739e-05
-9.60208e-05
-0.000107344
-0.000107726
-9.75348e-05
-7.81087e-05
-5.15426e-05
-2.03422e-05
1.29273e-05
4.58901e-05
7.64639e-05
0.000102819
0.000123245
0.00013604
0.000139538
0.000132262
0.00011318
8.19699e-05
3.91828e-05
-1.37883e-05
-7.49015e-05
-0.000141751
-0.000211868
-0.000282929
-0.000352821
-0.000419575
-0.000481243
-0.000535791
-0.000581101
-0.0006151
-0.000636021
-0.000642688
-0.00063473
-0.000612614
-0.000577517
-0.000531055
-0.000475011
-0.000411172
-0.000341321
-0.000267341
-0.000191392
-0.000116015
-4.40678e-05
2.15079e-05
7.80319e-05
0.000123428
0.00015644
0.000176663
0.000184389
0.000180373
0.000165604
0.000141176
0.000108295
6.83741e-05
2.31369e-05
-2.53329e-05
-7.46607e-05
-0.000122386
-0.000166289
-0.000204766
-0.000237131
-0.000263714
-0.000285661
-0.000304451
-0.000321328
-0.000336878
-0.000350924
-0.000362774
-0.000371712
-0.000377485
-0.000380582
-0.000382166
-0.000383681
-0.000386295
-0.000390437
-0.000395644
-0.000400791
-0.000404616
-0.000406305
-0.000405876
-0.000404211
-0.000402745
-0.000402943
-0.000405813
-0.000411637
-0.000419983
-0.00042996
-0.000440561
-0.000450903
-0.000460261
-0.000467934
-0.000473043
-0.0004744
-0.000470528
-0.000459877
-0.000441116
-0.000413403
-0.000376527
-0.000330865
-0.000277231
-0.00021672
-0.000150609
-8.03966e-05
-7.91475e-06
6.45763e-05
0.000134427
0.000198778
0.000254862
0.00030034
0.000333563
0.000353714
0.000360786
0.000355428
0.000338747
0.000312153
0.000277293
0.000236066
0.000190682
0.000143679
9.78295e-05
5.59606e-05
2.06947e-05
-5.83938e-06
-2.22236e-05
-2.78511e-05
-2.78511e-05
-2.2922e-05
-8.35545e-06
1.43523e-05
4.32639e-05
7.6112e-05
0.000110407
0.000143546
0.000172928
0.000196089
0.00021087
0.000215605
0.000209269
0.00019155
0.000162852
0.000124212
7.71701e-05
2.36669e-05
-3.40572e-05
-9.35466e-05
-0.000152207
-0.000207403
-0.000256575
-0.000297389
-0.000327885
-0.000346596
-0.000352609
-0.000345548
-0.000325487
-0.000292837
-0.000248223
-0.00019243
-0.000126426
-5.144e-05
3.09684e-05
0.000118861
0.000209926
0.000301534
0.000390817
0.000474762
0.000550365
0.000614795
0.00066558
0.000700766
0.000719026
0.000719693
0.000702759
0.000668832
0.00061909
0.000555238
0.000479511
0.000394662
0.000303948
0.000211023
0.000119725
3.37415e-05
-4.37349e-05
-0.000110291
-0.000164423
-0.0002055
-0.000233594
-0.00024924
-0.000253198
-0.000246287
-0.00022933
-0.000203233
-0.000169153
-0.000128628
-8.35944e-05
-3.62597e-05
1.11554e-05
5.6705e-05
9.89324e-05
0.000136944
0.000170322
0.000198916
0.000222564
0.000240892
0.00025326
0.000258901
0.000257188
0.000247927
0.000231538
0.000209047
0.000181922
0.000151806
0.000120259
8.85919e-05
5.78653e-05
2.89991e-05
2.93129e-06
-1.92721e-05
-3.64252e-05
-4.73706e-05
-5.12113e-05
-4.75352e-05
-3.65606e-05
-1.91429e-05
3.363e-06
2.93199e-05
5.70365e-05
8.4933e-05
0.000111605
0.00013579
0.000156285
0.000171894
0.000181462
0.00018399
0.000178826
0.00016585
0.00014558
0.000119135
8.8096e-05
5.42832e-05
1.95229e-05
-1.45094e-05
-4.63473e-05
-7.47092e-05
-9.84325e-05
-0.000116438
-0.000127783
-0.00013179
-0.000128227
-0.000117482
-0.000100605
-7.92136e-05
-5.5277e-05
-3.08389e-05
-7.78298e-06
1.23117e-05
2.82123e-05
3.89967e-05
4.40051e-05
4.28145e-05
3.52589e-05
2.14958e-05
2.0814e-06
-2.19732e-05
-4.918e-05
-7.76214e-05
-0.000105066
-0.000129125
-0.000147451
-0.000157949
-0.000158945
-0.00014931
-0.0001285
-9.65654e-05
-5.4115e-05
-2.3012e-06
5.72094e-05
0.000122277
0.000190351
0.000258583
0.000323983
0.000383608
0.000434745
0.000475087
0.000502859
0.000516904
0.000516754
0.000502655
0.00047555
0.000437038
0.000389263
0.000334759
0.000276261
0.000216529
0.000158217
0.000103779
5.54071e-05
1.49829e-05
-1.59724e-05
-3.63914e-05
-4.57439e-05
-4.40853e-05
-3.20486e-05
-1.07438e-05
1.84124e-05
5.38656e-05
9.40421e-05
0.000137405
0.000182435
0.000227579
0.000271204
0.000311595
0.000347014
0.000375825
0.00039664
0.000408453
0.000410732
0.000403423
0.000386884
0.000361797
0.000329075
0.000289799
0.000245201
0.000196671
0.000145778
9.42627e-05
4.39948e-05
-3.12854e-06
-4.53213e-05
-8.10577e-05
-0.00010919
-0.000129017
-0.000140297
-0.000143201
-0.000138249
-0.00012626
-0.000108309
-8.57223e-05
-6.00959e-05
-3.32837e-05
-7.32405e-06
1.56911e-05
3.37888e-05
4.53153e-05
4.91119e-05
4.4616e-05
3.18613e-05
1.13906e-05
-1.58795e-05
-4.88002e-05
-8.60829e-05
-0.000126319
-0.000167948
-0.000209233
-0.000248291
-0.000283213
-0.00031226
-0.000334094
-0.000347947
-0.000353686
-0.000351728
-0.000342861
-0.000328031
-0.000308196
-0.000284282
-0.000257241
-0.000228165
-0.00019835
-0.000169282
-0.000142523
-0.000119528
-0.000101477
-8.91731e-05
-8.30385e-05
-8.31902e-05
-8.95558e-05
-0.000101957
-0.000120117
-0.000143607
-0.000171743
-0.000203507
-0.000237547
-0.00027227
-0.000305989
-0.000337099
-0.00036422
-0.000386276
-0.000402501
-0.000412412
-0.000415801
-0.000412741
-0.000403594
-0.000389044
-0.000370112
-0.000348113
-0.000324565
-0.00030107
-0.000279196
-0.00026036
-0.000245766
-0.000236375
-0.000232889
-0.00023573
-0.000245033
-0.000260604
-0.000281859
-0.000307748
-0.000336697
-0.00036662
-0.000395043
-0.000419325
-0.000436945
-0.000445758
-0.000444175
-0.000431246
-0.000406645
-0.000370589
-0.000323772
-0.000267306
-0.000202702
-0.000131888
-5.72344e-05
1.8487e-05
9.22206e-05
0.000160837
0.000221384
0.000271326
0.000308738
0.000332413
0.000341892
0.000337425
0.000319889
0.000290678
0.000251613
0.000204864
0.000152875
9.82933e-05
4.38853e-05
-7.57746e-06
-5.34516e-05
-9.13649e-05
-0.000119348
-0.000135926
-0.000140159
-0.000131636
-0.000110427
-7.70247e-05
-3.23082e-05
2.24593e-05
2.24593e-05
8.56218e-05
0.000155118
0.000228488
0.000302937
0.000375458
0.00044302
0.000502786
0.000552327
0.000589767
0.000613844
0.000623902
0.000619845
0.000602107
0.000571662
0.000530067
0.000479484
0.000422615
0.000362516
0.000302288
0.000244728
0.000192043
0.000145746
0.000106706
7.5338e-05
5.17978e-05
3.60868e-05
2.8024e-05
2.71116e-05
3.23958e-05
4.24361e-05
5.54212e-05
6.94183e-05
8.26853e-05
9.39227e-05
0.000102382
0.000107794
0.000110155
0.000109464
0.00010554
9.79859e-05
8.63112e-05
7.01563e-05
4.95103e-05
2.48345e-05
-2.95396e-06
-3.263e-05
-6.28821e-05
-9.25223e-05
-0.000120615
-0.000146483
-0.000169617
-0.000189533
-0.000205725
-0.000217739
-0.000225367
-0.000228869
-0.000229083
-0.000227378
-0.000225384
-0.000224607
-0.000226073
-0.000230133
-0.00023651
-0.000244558
-0.000253606
-0.000263224
-0.000273254
-0.000283623
-0.000294016
-0.000303596
-0.000310919
-0.000314126
-0.000311355
-0.000301235
-0.000283273
-0.000257977
-0.00022668
-0.000191152
-0.000153159
-0.000114125
-7.50311e-05
-3.65608e-05
6.30448e-07
3.56671e-05
6.73772e-05
9.44428e-05
0.000115739
0.000130724
0.00013968
0.000143725
0.000144575
0.000144162
0.000144246
0.000146175
0.000150865
0.000158959
0.000171048
0.000187827
0.000210063
0.000238328
0.000272586
0.000311806
0.000353804
0.000395424
0.000433017
0.000463065
0.000482733
0.00049016
0.000484408
0.000465181
0.000432462
0.000386266
0.000326657
0.000254053
0.000169682
7.59628e-05
-2.34001e-05
-0.000123713
-0.000219895
-0.000307188
-0.000381747
-0.000440918
-0.000483192
-0.000507905
-0.000514869
-0.000504149
-0.000476065
-0.000431407
-0.000371754
-0.000299711
-0.000218915
-0.000133746
-4.88368e-05
3.14995e-05
0.000103734
0.000165385
0.000214987
0.000251863
0.000275838
0.000287011
0.000285698
0.00027255
0.000248747
0.000216149
0.00017728
0.000135126
9.27897e-05
5.31016e-05
1.83346e-05
-9.91581e-06
-3.06819e-05
-4.34519e-05
-4.79701e-05
-4.41076e-05
-3.18455e-05
-1.13591e-05
1.68466e-05
5.1827e-05
9.21879e-05
0.000136192
0.000181942
0.000227583
0.000271471
0.000312233
0.000348728
0.000379962
0.00040499
0.000422873
0.000432751
0.000433988
0.000426329
0.000410015
0.000385818
0.00035495
0.000318896
0.000279232
0.000237461
0.00019493
0.00015283
0.000112259
7.42874e-05
3.9978e-05
1.03417e-05
-1.37751e-05
-3.18233e-05
-4.3652e-05
-4.95492e-05
-5.02068e-05
-4.66094e-05
-3.98864e-05
-3.11817e-05
-2.15743e-05
-1.20558e-05
-3.54778e-06
3.06697e-06
6.93392e-06
7.2598e-06
3.38179e-06
-5.15452e-06
-1.853e-05
-3.66137e-05
-5.89647e-05
-8.48787e-05
-0.000113462
-0.00014371
-0.00017456
-0.000204942
-0.000233817
-0.0002602
-0.000283188
-0.000301991
-0.00031598
-0.000324734
-0.000328073
-0.000326071
-0.000319055
-0.000307566
-0.000292288
-0.000273971
-0.000253365
-0.000231175
-0.000208072
-0.000184712
-0.000161755
-0.000139876
-0.000119759
-0.000102087
-8.75182e-05
-7.66762e-05
-7.01223e-05
-6.83152e-05
-7.15646e-05
-8.00063e-05
-9.35825e-05
-0.000112039
-0.000134956
-0.000161781
-0.000191857
-0.000224432
-0.000258646
-0.000293464
-0.000327602
-0.000359516
-0.000387481
-0.000409755
-0.000424778
-0.000431387
-0.000428937
-0.000417306
-0.000396783
-0.000367918
-0.000331367
-0.000287827
-0.000238066
-0.000183053
-0.000124102
-6.29553e-05
-1.74708e-06
5.71586e-05
0.000111432
0.000159065
0.00019861
0.00022931
0.000251088
0.000264426
0.000270184
0.000269405
0.000263204
0.000252738
0.000239216
0.000223899
0.000208039
0.000192736
0.000178773
0.000166523
0.00015593
0.000146577
0.000137814
0.000128898
0.000119074
0.000107602
9.37314e-05
7.66877e-05
5.56945e-05
3.00891e-05
-5.02771e-07
-3.59789e-05
-7.5637e-05
-0.000118195
-0.000161952
-0.000205044
-0.00024573
-0.000282618
-0.000314772
-0.000341715
-0.000363314
-0.000379614
-0.000390675
-0.000396486
-0.000396949
-0.000391975
-0.000381641
-0.000366346
-0.00034688
-0.000324382
-0.000300209
-0.00027572
-0.000252061
-0.000230021
-0.000210007
-0.000192137
-0.000176382
-0.000162744
-0.000151366
-0.000142508
-0.000136435
-0.000133259
-0.000132787
-0.00013447
-0.000137462
-0.000140765
-0.000143411
-0.000143411
-0.00014461
-0.000143815
-0.000140722
-0.000135203
-0.000127219
-0.000116779
-0.000103945
-8.88679e-05
-7.18627e-05
-5.34821e-05
-3.45105e-05
-1.58371e-05
1.71002e-06
1.74638e-05
3.09569e-05
4.19332e-05
5.0343e-05
5.63283e-05
6.01889e-05
6.23373e-05
6.32663e-05
6.35224e-05
6.36804e-05
6.43123e-05
6.59281e-05
6.89111e-05
7.34878e-05
7.97359e-05
8.76198e-05
9.70232e-05
0.000107752
0.000119525
0.000131966
0.000144602
0.00015689
0.000168271
0.000178224
0.000186328
0.000192335
0.000196219
0.000198161
0.000198507
0.000197699
0.000196188
0.000194382
0.00019264
0.000191287
0.000190657
0.000191118
0.000193088
0.000196995
0.000203219
0.000212023
0.00022348
0.00023744
0.000253555
0.000271339
0.00029025
0.000309744
0.000329293
0.000348335
0.000366211
0.000382106
0.000395049
0.000403988
0.000407939
0.000406142
0.000398181
0.000384025
0.000364005
0.000338731
0.000309038
0.000275959
0.000240739
0.000204839
0.000169919
0.000137742
0.000110006
8.81444e-05
7.31428e-05
6.54574e-05
6.50344e-05
7.14146e-05
8.38775e-05
0.000101547
0.000123413
0.000148292
0.000174781
0.000201239
0.000225854
0.000246825
0.000262609
0.000272139
0.000274955
0.000271205
0.000261511
0.000246765
0.000227942
0.000205973
0.000181729
0.000156065
0.000129869
0.00010407
7.95965e-05
5.72675e-05
3.76925e-05
2.12018e-05
7.82335e-06
-2.67982e-06
-1.07212e-05
-1.67832e-05
-2.1326e-05
-2.47232e-05
-2.72293e-05
-2.89781e-05
-3.00037e-05
-3.02883e-05
-2.98173e-05
-2.86199e-05
-2.68002e-05
-2.45439e-05
-2.20929e-05
-1.96946e-05
-1.75528e-05
-1.58103e-05
-1.45599e-05
-1.38729e-05
-1.38328e-05
-1.4551e-05
-1.61439e-05
-1.86758e-05
-2.2106e-05
-2.62694e-05
-3.08865e-05
-3.56175e-05
-4.0161e-05
-4.43501e-05
-4.81911e-05
-5.18419e-05
-5.55469e-05
-5.95379e-05
-6.39381e-05
-6.87223e-05
-7.37267e-05
-7.86854e-05
-8.33031e-05
-8.73318e-05
-9.05954e-05
-9.29691e-05
-9.43336e-05
-9.4521e-05
-9.32764e-05
-9.02615e-05
-8.5119e-05
-7.7573e-05
-6.75155e-05
-5.50753e-05
-4.06493e-05
-2.48626e-05
-8.48195e-06
7.69094e-06
2.29263e-05
3.66468e-05
4.84871e-05
5.83409e-05
6.63732e-05
7.29974e-05
7.88222e-05
8.4553e-05
9.08687e-05
9.83127e-05
0.000107202
0.000117579
0.000129242
0.000141828
0.00015492
0.000168128
0.000181109
0.00019352
0.000204924
0.000214714
0.000222088
0.000226134
0.000225988
0.000221015
0.000210956
0.000195988
0.000176646
0.00015366
0.000127758
9.95297e-05
6.93957e-05
3.76731e-05
4.71183e-06
-2.89704e-05
-6.26182e-05
-9.5258e-05
-0.000125794
-0.000153149
-0.000176411
-0.000194936
-0.000208356
-0.000216535
-0.000219476
-0.000217246
-0.000209968
-0.00019787
-0.00018139
-0.000161292
-0.000138743
-0.000115284
-9.27022e-05
-7.28234e-05
-5.72876e-05
-4.73769e-05
-4.39363e-05
-4.73872e-05
-5.77937e-05
-7.49109e-05
-9.81836e-05
-0.000126707
-0.00015918
-0.0001939
-0.000228847
-0.00026184
-0.000290748
-0.000313698
-0.000329251
-0.000336485
-0.000334992
-0.000324816
-0.000306373
-0.000280396
-0.000247921
-0.000210298
-0.000169195
-0.000126568
-8.45563e-05
-4.53251e-05
-1.0889e-05
1.70634e-05
3.73003e-05
4.91077e-05
5.22754e-05
4.70379e-05
3.4003e-05
1.40813e-05
-1.15692e-05
-4.15756e-05
-7.43744e-05
-0.000108255
-0.000141428
-0.000172117
-0.000198652
-0.000219579
-0.000233754
-0.000240407
-0.000239178
-0.000230124
-0.000213699
-0.000190709
-0.000162244
-0.000129617
-9.42984e-05
-5.78233e-05
-2.171e-05
1.26192e-05
4.39055e-05
7.11026e-05
9.33969e-05
0.000110215
0.000121236
0.000126397
0.000125894
0.000120199
0.000110044
9.63748e-05
8.02732e-05
6.28484e-05
4.50936e-05
2.7767e-05
1.13463e-05
-3.94195e-06
-1.80342e-05
-3.09213e-05
-4.25707e-05
-5.29122e-05
-6.18847e-05
-6.95216e-05
-7.60284e-05
-8.17924e-05
-8.72996e-05
-9.29705e-05
-9.89546e-05
-0.000104974
-0.000110301
-0.000113899
-0.000114665
-0.000111695
-0.000104467
-9.29142e-05
-7.73841e-05
-5.85606e-05
-3.73936e-05
-1.50544e-05
7.09099e-06
2.751e-05
4.45579e-05
5.65671e-05
6.19955e-05
5.96564e-05
4.89947e-05
3.03379e-05
5.02286e-06
-2.46773e-05
-5.58205e-05
-8.51772e-05
-0.000109604
-0.000126335
-0.000133211
-0.000128849
-0.000112789
-0.000112789
-8.55933e-05
-4.8846e-05
-4.99836e-06
4.29271e-05
9.17209e-05
0.000138343
0.000180146
0.00021492
0.000240786
0.000256008
0.00025885
0.000247594
0.000220746
0.000177418
0.000117721
4.30163e-05
-4.40527e-05
-0.000139738
-0.000239452
-0.000338039
-0.000430058
-0.000510102
-0.000573159
-0.000614984
-0.000632475
-0.000623979
-0.000589454
-0.000530396
-0.000449578
-0.000350679
-0.000237959
-0.000116113
9.65411e-06
0.000133483
0.000248854
0.000348932
0.000427284
0.000478845
0.000500832
0.000493264
0.000458898
0.000402561
0.000330098
0.000247246
0.00015882
6.84309e-05
-2.11954e-05
-0.000107562
-0.000187735
-0.000258013
-0.000314138
-0.000352014
-0.00036863
-0.00036287
-0.00033588
-0.000290855
-0.000232315
-0.000165111
-9.35257e-05
-2.07706e-05
5.09836e-05
0.000120134
0.000184987
0.00024325
0.00029189
0.00032746
0.000346759
0.00034759
0.000329315
0.000293031
0.000241346
0.000177822
0.000106347
3.06453e-05
-4.59208e-05
-0.0001203
-0.000189551
-0.000250673
-0.000300619
-0.000336506
-0.000355949
-0.000357429
-0.000340536
-0.000306011
-0.00025562
-0.000191942
-0.00011817
-3.79607e-05
4.46798e-05
0.00012551
0.000200245
0.000264853
0.000315917
0.000350958
0.000368631
0.000368735
0.000352035
0.000320019
0.000274682
0.000218417
0.000154011
8.46884e-05
1.40875e-05
-5.39056e-05
-0.000115461
-0.00016718
-0.000206452
-0.000231681
-0.000242312
-0.000238662
-0.000221656
-0.000192586
-0.00015297
-0.000104533
-4.92824e-05
1.041e-05
7.18127e-05
0.000131959
0.000187875
0.000236848
0.000276664
0.000305745
0.000323175
0.000328617
0.000322205
0.000304437
0.000276132
0.000238447
0.000192931
0.000141545
8.66235e-05
3.075e-05
-2.3417e-05
-7.33435e-05
-0.000116788
-0.000151906
-0.000177303
-0.000192035
-0.000195599
-0.000187915
-0.000169336
-0.000140671
-0.000103191
-5.85875e-05
-8.9119e-06
4.35338e-05
9.63286e-05
0.000147058
0.000193425
0.000233349
0.000265053
0.00028713
0.000298613
0.000299027
0.000288424
0.000267392
0.000237049
0.000198983
0.000155143
0.00010773
5.90644e-05
1.14581e-05
-3.29015e-05
-7.20419e-05
-0.000104279
-0.000128269
-0.000143054
-0.000148098
-0.000143316
-0.000129086
-0.000106246
-7.60493e-05
-4.00838e-05
-1.82567e-07
4.16815e-05
8.35002e-05
0.000123327
0.000159365
0.000190039
0.000214039
0.000230371
0.000238398
0.000237863
0.000228888
0.000211974
0.000187972
0.000158034
0.000123553
8.61087e-05
4.73937e-05
9.1329e-06
-2.69956e-05
-5.94318e-05
-8.6805e-05
-0.000108006
-0.000122233
-0.000129025
-0.000128276
-0.000120227
-0.000105439
-8.47596e-05
-5.92795e-05
-3.02702e-05
8.7014e-07
3.26696e-05
6.36439e-05
9.23663e-05
0.000117534
0.000138027
0.000152964
0.000161742
0.00016406
0.00015992
0.000149629
0.000133766
0.00011314
8.87537e-05
6.17581e-05
3.33976e-05
4.95914e-06
-2.22808e-05
-4.71154e-05
-6.84695e-05
-8.54474e-05
-9.73717e-05
-0.000103822
-0.000104649
-9.99585e-05
-9.01125e-05
-7.56977e-05
-5.74833e-05
-3.63936e-05
-1.3473e-05
1.01698e-05
3.34116e-05
5.51606e-05
7.44072e-05
9.02806e-05
0.00010209
0.000109342
0.000111765
0.000109313
0.000102162
9.06963e-05
7.5486e-05
5.72575e-05
3.6864e-05
1.52498e-05
-6.59791e-06
-2.76999e-05
-4.71291e-05
-6.40525e-05
-7.77695e-05
-8.7744e-05
-9.36202e-05
-9.52294e-05
-9.25981e-05
-8.59431e-05
-7.5658e-05
-6.22987e-05
-4.65554e-05
-2.92144e-05
-1.11204e-05
6.86312e-06
2.38928e-05
3.91888e-05
5.20707e-05
6.19801e-05
6.85008e-05
7.13786e-05
7.05285e-05
6.60358e-05
5.81501e-05
4.72765e-05
3.39539e-05
1.88152e-05
2.56452e-06
-1.40495e-05
-3.0278e-05
-4.54044e-05
-5.87738e-05
-6.98291e-05
-7.81301e-05
-8.33632e-05
-8.53552e-05
-8.40853e-05
-7.96875e-05
-7.24377e-05
-6.27348e-05
-5.10836e-05
-3.80674e-05
-2.43178e-05
-1.04878e-05
2.77937e-06
1.48804e-05
2.52745e-05
3.35025e-05
3.92103e-05
4.21708e-05
4.22869e-05
3.95929e-05
3.42579e-05
2.65693e-05
1.69164e-05
5.77099e-06
-6.34418e-06
-1.88743e-05
-3.12517e-05
-4.29274e-05
-5.33919e-05
-6.21932e-05
-6.89619e-05
-7.34292e-05
-7.54372e-05
-7.49486e-05
-7.20428e-05
-6.69097e-05
-5.98368e-05
-5.11896e-05
-4.13959e-05
-3.09237e-05
-2.02603e-05
-2.02603e-05
-9.90019e-06
-3.16252e-07
8.06321e-06
1.48675e-05
1.98088e-05
2.26941e-05
2.26941e-05
