-1.14464e-10
-2.36823e-09
-2.06639e-08
-1.02437e-07
-3.29903e-07
-7.50916e-07
-1.29488e-06
-1.81988e-06
-2.25667e-06
-2.62401e-06
-2.9048e-06
-3.02586e-06
-2.97472e-06
-2.83247e-06
-2.67933e-06
-2.53643e-06
-2.38436e-06
-2.18776e-06
-1.92043e-06
-1.59201e-06
-1.24675e-06
-9.44188e-07
-7.41004e-07
-6.75778e-07
-7.67767e-07
-1.02571e-06
-1.44379e-06
-1.99314e-06
-2.63621e-06
-3.3534e-06
-4.14934e-06
-5.03522e-06
-6.00964e-06
-7.05095e-06
-8.11841e-06
-9.15934e-06
-1.01207e-05
-1.09595e-05
-1.1645e-05
-1.2158e-05
-1.24904e-05
-1.26409e-05
-1.26087e-05
-1.2387e-05
-1.19607e-05
-1.13103e-05
-1.04234e-05
-9.30487e-06
-7.976e-06
-6.46409e-06
-4.79606e-06
-2.99554e-06
-1.08037e-06
9.3697e-07
3.04719e-06
5.24343e-06
7.51766e-06
9.85365e-06
1.22254e-05
1.46042e-05
1.69674e-05
1.93033e-05
2.16134e-05
2.39082e-05
2.62018e-05
2.85073e-05
3.08343e-05
3.31855e-05
3.55529e-05
3.7913e-05
4.02243e-05
4.2429e-05
4.44572e-05
4.62294e-05
4.76581e-05
4.86562e-05
4.91488e-05
4.9081e-05
4.84178e-05
4.71382e-05
4.52267e-05
4.26684e-05
3.94465e-05
3.55406e-05
3.0932e-05
2.56163e-05
1.96158e-05
1.29865e-05
5.818e-06
-1.77774e-06
-9.68725e-06
-1.78154e-05
-2.60948e-05
-3.44877e-05
-4.29788e-05
-5.15601e-05
-6.02118e-05
-6.88871e-05
-7.75006e-05
-8.59289e-05
-9.40277e-05
-0.000101655
-0.000108686
-0.000115013
-0.000120552
-0.000125247
-0.000129076
-0.000132031
-0.000134108
-0.000135298
-0.000135571
-0.000134876
-0.00013313
-0.000130236
-0.000126106
-0.000120692
-0.000114012
-0.000106172
-9.73539e-05
-8.77792e-05
-7.76696e-05
-6.72169e-05
-5.65529e-05
-4.5722e-05
-3.46723e-05
-2.32719e-05
-1.13368e-05
1.34434e-06
1.49929e-05
2.98143e-05
4.59569e-05
6.34817e-05
8.23643e-05
0.000102505
0.000123719
0.000145721
0.000168126
0.000190455
0.000212125
0.000232448
0.000250645
0.000265881
0.000277327
0.000284247
0.000286068
0.000282428
0.000273178
0.000258316
0.000237838
0.000211599
0.000179273
0.000140427
9.47118e-05
4.21808e-05
-1.63064e-05
-7.88744e-05
-0.000142761
-0.000204644
-0.000261014
-0.000308643
-0.000345152
-0.000369338
-0.000381063
-0.000380905
-0.000369886
-0.000349251
-0.00032024
-0.000283983
-0.000241635
-0.000194578
-0.000144456
-9.3069e-05
-4.22012e-05
6.57523e-06
5.21183e-05
9.38697e-05
0.000131842
0.000166454
0.000198321
0.000228076
0.000256211
0.000282885
0.00030774
0.000329869
0.000348039
0.000361051
0.000368012
0.000368529
0.000363025
0.000353072
0.000341347
0.000331108
0.000325554
0.000327382
0.00033848
0.000359707
0.000390932
0.00043142
0.000480319
0.000536934
0.000600664
0.000670498
0.000743989
0.000815983
0.000877837
0.0009176
0.000921266
0.000875368
0.000770756
0.000605792
0.000387106
0.000128372
-0.000151483
-0.000431105
-0.000691099
-0.000917715
-0.00110337
-0.00124503
-0.00134278
-0.00139847
-0.00141403
-0.00139043
-0.00132863
-0.00123128
-0.00110382
-0.000954289
-0.000792491
-0.000628767
-0.000472418
-0.000330301
-0.000206369
-0.000102374
-1.91279e-05
4.25149e-05
8.1356e-05
9.61354e-05
8.62603e-05
5.28406e-05
-4.29915e-07
-6.71606e-05
-0.000139059
-0.000207196
-0.000263275
-0.000300637
-0.00031473
-0.000302874
-0.000263574
-0.000195892
-9.92306e-05
2.64376e-05
0.000180083
0.000359077
0.000558815
0.000772772
0.000993041
0.00121115
0.00141889
0.00160884
0.00177471
0.00191136
0.00201475
0.00208192
0.00211114
0.00210204
0.00205548
0.00197315
0.00185691
0.00170781
0.0015247
0.00130235
0.00102992
0.000691589
0.000271722
-0.000236194
-0.000821356
-0.0014538
-0.00208913
-0.00267506
-0.00315797
-0.00349212
-0.0036507
-0.00363097
-0.00344927
-0.0031316
-0.00270648
-0.00219996
-0.00163222
-0.00101797
-0.00037132
0.000289356
0.00093998
0.00155227
0.00209664
0.00254633
0.00288206
0.00309523
0.00318745
0.00316699
0.00304354
0.00282304
0.00250408
0.00207842
0.0015374
0.000882801
0.000136625
-0.000656985
-0.0014388
-0.00214457
-0.00271401
-0.00310111
-0.00328536
-0.00327503
-0.00309794
-0.00278763
-0.00237441
-0.00188221
-0.00132905
-0.000731399
-0.000111146
0.000499642
0.00106017
0.00152741
0.00152741
0.00186347
0.00204095
0.00204621
0.00188067
0.00155843
0.00110037
0.000529226
-0.000130024
-0.000845889
-0.00157705
-0.00227261
-0.0028756
-0.00332954
-0.00358757
-0.0036215
-0.0034273
-0.00302503
-0.00245414
-0.00176552
-0.0010126
-0.000243861
0.000500517
0.00118775
0.00178955
0.00228016
0.00263649
0.0028399
0.00287883
0.00275212
0.00247167
0.00206263
0.0015601
0.00100375
0.000432483
-0.000119364
-0.000624063
-0.001061
-0.00141557
-0.00167717
-0.00183794
-0.00189324
-0.00184284
-0.00169168
-0.00145021
-0.00113406
-0.000762906
-0.000358368
5.75285e-05
0.000462692
0.000834736
0.00115128
0.00139123
0.00153699
0.00157746
0.00151073
0.00134496
0.00109698
0.000789754
0.000449219
0.000100058
-0.000238169
-0.000552155
-0.000832846
-0.00107265
-0.00126376
-0.00139753
-0.00146488
-0.0014581
-0.00137407
-0.00121766
-0.00100404
-0.000758002
-0.00050923
-0.000284888
-0.000103739
2.61978e-05
0.000107834
0.000153447
0.000179973
0.000202631
0.000230961
0.000268454
0.000313897
0.000363817
0.000415785
0.000469885
0.000525472
0.000574541
0.000597094
0.000564078
0.00044817
0.000235224
-7.05527e-05
-0.000445981
-0.000849075
-0.00122413
-0.00151594
-0.0016856
-0.00171704
-0.00161514
-0.00140176
-0.00111061
-0.000778873
-0.000438889
-0.000114526
0.000178054
0.000429043
0.000634608
0.000795598
0.00091483
0.000995753
0.00104328
0.00106346
0.00106072
0.00103627
0.000989909
0.000922675
0.000837659
0.000739625
0.00063453
0.00052867
0.000427294
0.000333559
0.000248525
0.000171967
0.000103471
4.3539e-05
-5.59322e-06
-3.98663e-05
-5.43794e-05
-4.52498e-05
-1.13123e-05
4.55327e-05
0.000121388
0.000211825
0.000312898
0.000421538
0.000535186
0.000650653
0.000762661
0.00086289
0.000940068
0.000981166
0.000973763
0.000909273
0.000785762
0.000608965
0.000391528
0.000151349
-9.09908e-05
-0.000315719
-0.000506791
-0.000652579
-0.000745044
-0.000779033
-0.000751824
-0.000662285
-0.000510258
-0.000297054
-2.66725e-05
0.000293261
0.000650972
0.00102998
0.00140864
0.00176058
0.00205652
0.00226748
0.00236947
0.00234873
0.00220484
0.00194995
0.00160586
0.00120055
0.00076308
0.000317156
-0.000122544
-0.000548327
-0.00095474
-0.00133474
-0.00167711
-0.00196521
-0.00217893
-0.00229937
-0.00231381
-0.00221866
-0.00202033
-0.00173387
-0.00137938
-0.00097752
-0.000546342
-0.000100588
0.000347007
0.00078397
0.00119685
0.00157095
0.00189136
0.0021452
0.00232397
0.00242488
0.00245072
0.0024085
0.00230745
0.00215703
0.00196575
0.00174146
0.00149221
0.00122673
0.000953468
0.000678041
0.000400272
0.000114103
-0.000188164
-0.000509873
-0.000845546
-0.00117818
-0.00147902
-0.00171275
-0.00184756
-0.00186445
-0.00176269
-0.00156217
-0.00130083
-0.00102468
-0.000774877
-0.000579491
-0.000451344
-0.000388534
-0.000377329
-0.000399045
-0.000438016
-0.00048519
-0.000536431
-0.000589419
-0.000641701
-0.000689174
-0.000724771
-0.000739022
-0.000722987
-0.000671276
-0.000582969
-0.000460628
-0.000308707
-0.000131795
6.71084e-05
0.000287096
0.000527497
0.000784213
0.00104613
0.00129346
0.00149913
0.00163391
0.0016745
0.00161152
0.00145279
0.00122022
0.000944126
0.000657423
0.000388564
0.000153861
-4.51279e-05
-0.000216309
-0.000368653
-0.000506105
-0.000624275
-0.000709397
-0.000741164
-0.000699926
-0.000575793
-0.000376595
-0.000131496
0.0001133
0.000306541
0.000405322
0.000384474
0.000241927
-3.48618e-07
-0.00030321
-0.000623381
-0.00092487
-0.00118507
-0.00139791
-0.00157388
-0.00173366
-0.00189731
-0.00207517
-0.00226394
-0.00244645
-0.00259365
-0.00266956
-0.0026394
-0.00247786
-0.00217413
-0.00173389
-0.00117969
-0.00054859
0.000114465
0.000764759
0.00136356
0.00188061
0.00229482
0.00259323
0.00276807
0.00281294
0.00272095
0.00248583
0.0021055
0.00158674
0.000948804
0.00022403
-0.000544796
-0.00130881
-0.0020186
-0.0026302
-0.00310968
-0.00343407
-0.00358978
-0.00357041
-0.00337517
-0.0030085
-0.00248173
-0.00181661
-0.00104839
-0.00104839
-0.000225429
0.000596803
0.00136527
0.00203755
0.00258546
0.0029958
0.00326967
0.00341836
0.00345521
0.00338881
0.00322252
0.00295843
0.00260194
0.00216561
0.00167177
0.00115169
0.000640402
0.000169924
-0.000236288
-0.000566237
-0.000819373
-0.00100365
-0.00113082
-0.00121211
-0.00125558
-0.00126528
-0.00124225
-0.00118695
-0.0011019
-0.000992668
-0.000866941
-0.000732879
-0.000598131
-0.00046905
-0.000349803
-0.000242305
-0.000147314
-6.54473e-05
2.92419e-06
5.83455e-05
0.00010263
0.000138777
0.000170295
0.000199586
0.000226017
0.000245012
0.000248622
0.000227079
0.000171282
7.63872e-05
-5.47732e-05
-0.000210834
-0.000374202
-0.000524691
-0.000642975
-0.00071411
-0.000730851
-0.000694763
-0.000614235
-0.000501409
-0.000369984
-0.000233388
-0.000102636
1.47881e-05
0.000113994
0.00019121
0.000243453
0.000268674
0.000265172
0.000231115
0.000165316
6.84418e-05
-5.66633e-05
-0.000205146
-0.00036995
-0.000541647
-0.000708962
-0.000859626
-0.000981042
-0.00106095
-0.00108845
-0.0010551
-0.000955623
-0.000788599
-0.00055746
-0.00027114
5.66036e-05
0.000408959
0.000767705
0.00111453
0.00143298
0.00171093
0.00194177
0.00212349
0.00225676
0.00234333
0.00238458
0.00237965
0.00232401
0.00221027
0.00203087
0.00178104
0.00146091
0.00107717
0.000643671
0.000179927
-0.000291986
-0.000750272
-0.00117522
-0.00155059
-0.00186445
-0.00210888
-0.0022789
-0.00237202
-0.00238875
-0.00233288
-0.00221083
-0.0020308
-0.00180218
-0.00153487
-0.00123776
-0.000917642
-0.000580119
-0.00023143
0.000120385
0.00046514
0.000790263
0.00108123
0.00132362
0.0015059
0.00162137
0.00166858
0.00165106
0.00157649
0.00145495
0.00129691
0.00111208
0.000909332
0.000696944
0.000482529
0.000273044
7.48594e-05
-0.000106515
-0.000267081
-0.000404695
-0.000518481
-0.000607696
-0.000671036
-0.000706789
-0.000713365
-0.000689969
-0.00063767
-0.000560575
-0.000466075
-0.000363777
-0.000263829
-0.000175264
-0.000104439
-5.40472e-05
-2.35652e-05
-1.10579e-05
-1.51152e-05
-3.58704e-05
-7.48008e-05
-0.000133401
-0.000211328
-0.000305032
-0.000407394
-0.000508188
-0.000595435
-0.000657725
-0.000686609
-0.000677734
-0.000630478
-0.000546664
-0.00042902
-0.000279965
-0.000101334
0.00010493
0.000335681
0.000585644
0.000846971
0.00110955
0.00136214
0.00159413
0.00179716
0.00196588
0.00209731
0.00218904
0.00223716
0.00223516
0.0021741
0.00204424
0.00183807
0.00155442
0.00120152
0.000797009
0.000365554
-6.41843e-05
-0.00046351
-0.000808713
-0.00108477
-0.0012856
-0.00141209
-0.00147022
-0.00146916
-0.00141868
-0.00132742
-0.0012032
-0.00105406
-0.000888107
-0.000712731
-0.000534695
-0.000360761
-0.000197347
-4.96236e-05
7.83903e-05
0.000182788
0.00025937
0.00030441
0.000315573
0.000292229
0.000235367
0.000147441
3.20937e-05
-0.000106287
-0.000262999
-0.000433046
-0.000610467
-0.000787233
-0.000952616
-0.00109372
-0.00119705
-0.00125037
-0.00124459
-0.00117531
-0.00104346
-0.000854549
-0.000616958
-0.000340211
-3.38543e-05
0.000293047
0.000631623
0.000972281
0.00130388
0.00161364
0.00188784
0.0021129
0.00227668
0.00236962
0.00238555
0.00232177
0.00217886
0.00196065
0.00167457
0.00133198
0.000947961
0.000540733
0.000130669
-0.000261573
-0.000617912
-0.000925336
-0.00117677
-0.0013706
-0.00150954
-0.0015987
-0.00164289
-0.00164495
-0.00160599
-0.00152663
-0.00140809
-0.00125317
-0.00106764
-0.000860715
-0.000643737
-0.000427882
-0.000222646
-3.53028e-05
0.000129201
0.000267973
0.000379428
0.000462447
0.000515969
0.000539039
0.000531086
0.000492325
0.000424207
0.000329641
0.000212839
7.90959e-05
-6.50955e-05
-0.00021187
-0.000352254
-0.000476916
-0.000577302
-0.000647218
-0.000684358
-0.00069061
-0.000670975
-0.000632279
-0.000582286
-0.000528642
-0.000477544
-0.000433034
-0.000397422
-0.000372151
-0.000358323
-0.000356777
-0.00036793
-0.000391437
-0.000425722
-0.000467776
-0.000513584
-0.000558895
-0.000599722
-0.000632503
-0.000654211
-0.000662348
-0.000654552
-0.000627848
-0.00057816
-0.000500747
-0.000500747
-0.000391649
-0.000249701
-7.84337e-05
0.000112911
0.00031015
0.000496636
0.000656268
0.000776224
0.000849532
0.000876739
0.000865023
0.000824796
0.000766138
0.000696776
0.00062128
0.00054107
0.000455686
0.000365101
0.000271577
0.000179943
9.66048e-05
2.80857e-05
-2.05276e-05
-4.69026e-05
-5.1923e-05
-3.89484e-05
-1.23923e-05
2.35152e-05
6.54267e-05
0.000111107
0.000159201
0.000208646
0.00025813
0.000305956
0.000350247
0.000389342
0.000422304
0.000449267
0.00047126
0.000489525
0.00050477
0.000516712
0.000524031
0.000524662
0.000516346
0.000497335
0.000467098
0.000426609
0.000377994
0.000323872
0.000266819
0.000209001
0.00015192
9.64314e-05
4.30583e-05
-7.64109e-06
-5.48455e-05
-9.73381e-05
-0.000133441
-0.000161136
-0.00017839
-0.00018353
-0.00017568
-0.000155804
-0.000128466
-0.00010309
-9.31525e-05
-0.000113343
-0.000176027
-0.00028787
-0.000447216
-0.000643461
-0.000859005
-0.00107258
-0.00126295
-0.00141287
-0.00151241
-0.00155917
-0.00155534
-0.00150427
-0.00140876
-0.00127066
-0.00109107
-0.000871455
-0.000615578
-0.00033096
-2.87746e-05
0.000277494
0.000573871
0.000847703
0.0010889
0.00129001
0.00144511
0.00154857
0.00159491
0.00157972
0.00150104
0.00136074
0.00116589
0.000929153
0.000667329
0.000398364
0.000138363
-0.000100374
-0.00031014
-0.000487107
-0.000629036
-0.00073274
-0.000792985
-0.000803042
-0.000756073
-0.000647142
-0.000475667
-0.000247022
2.79353e-05
0.000334809
0.000657308
0.000977338
0.00127354
0.00151967
0.00168506
0.00173854
0.00165522
0.00142392
0.00105232
0.000567121
9.50098e-06
-0.000571877
-0.0011298
-0.00162874
-0.00205159
-0.00239747
-0.00267266
-0.0028816
-0.00302186
-0.00308255
-0.0030469
-0.00289922
-0.0026329
-0.00225488
-0.00178513
-0.00125248
-0.000688291
-0.000119567
0.000435536
0.000968047
0.00147444
0.00195117
0.00239041
0.00277855
0.00309725
0.00332594
0.00344463
0.00343753
0.00329744
0.00302868
0.00264611
0.00217153
0.00163124
0.0010547
0.000471712
-9.09646e-05
-0.000611146
-0.00107115
-0.00145794
-0.0017631
-0.00198168
-0.00211124
-0.00215216
-0.0021083
-0.00198678
-0.00179682
-0.00154909
-0.00125555
-0.000929119
-0.000582883
-0.000229532
0.000118356
0.000447919
0.000746424
0.00100248
0.00120734
0.00135602
0.00144797
0.00148679
0.00147795
0.00142479
0.00132508
0.00117037
0.000949647
0.000656256
0.000293976
-0.000121327
-0.000563066
-0.000995955
-0.00138069
-0.00168291
-0.00188137
-0.00196963
-0.00195223
-0.00183989
-0.00164544
-0.0013811
-0.00105888
-0.000693919
-0.000307932
7.02169e-05
0.000407917
0.000675194
0.00085117
0.000927955
0.000911716
0.000820885
0.000680339
0.000512829
0.000332876
0.000146554
-4.46601e-05
-0.00023909
-0.000430305
-0.00060428
-0.000740512
-0.000817041
-0.000816506
-0.00073061
-0.000562108
-0.000324079
-3.64903e-05
0.0002787
0.00060159
0.000915837
0.00120786
0.00146528
0.00167581
0.00182699
0.0019072
0.00190786
0.00182556
0.00166272
0.00142714
0.00113129
0.000791266
0.000425354
5.28558e-05
-0.00030641
-0.000632362
-0.000905117
-0.00110621
-0.0012212
-0.00124326
-0.00117542
-0.00102982
-0.00082475
-0.000581073
-0.000318933
-5.47694e-05
0.000200219
0.000439051
0.000656163
0.000844754
0.000995321
0.00109566
0.00113283
0.00109697
0.000984809
0.000801333
0.000559076
0.000275882
-2.8335e-05
-0.000334794
-0.000627674
-0.000894181
-0.00112356
-0.00130593
-0.00143143
-0.00149025
-0.00147374
-0.00137642
-0.00119827
-0.000946364
-0.000635157
-0.00028537
7.82348e-05
0.000429273
0.000741876
0.000992801
0.00116388
0.00124405
0.00123006
0.00112615
0.000943459
0.000698165
0.000407533
8.63702e-05
-0.000253721
-0.000603032
-0.000952213
-0.00129021
-0.00160167
-0.00186603
-0.00205972
-0.00215996
-0.00214864
-0.00201609
-0.00176389
-0.0014047
-0.000958804
-0.000450036
9.69602e-05
0.000657971
0.00120977
0.00173
0.00219628
0.00258594
0.00287734
0.00305266
0.00310081
0.0030192
0.00281417
0.00249998
0.00209682
0.00162801
0.00162801
0.00111735
0.000587529
5.96567e-05
-0.00044645
-0.000912207
-0.00132052
-0.00165633
-0.00190755
-0.00206622
-0.00212916
-0.0020975
-0.00197543
-0.00176925
-0.00148715
-0.00113912
-0.00073691
-0.000294338
0.00017184
0.000641586
0.00109234
0.00150075
0.00184464
0.0021049
0.00226711
0.00232287
0.00227012
0.00211212
0.0018562
0.00151299
0.00109638
0.000623804
0.000116373
-0.000401464
-0.000902861
-0.00136008
-0.00174665
-0.00204009
-0.0022244
-0.00229104
-0.00223886
-0.00207378
-0.00180808
-0.00145937
-0.00104922
-0.00060233
-0.000145757
0.000292317
0.000684706
0.00100788
0.00124426
0.00138365
0.00142377
0.00137006
0.00123418
0.00103118
0.000776924
0.000487171
0.000177517
-0.000136774
-0.000440877
-0.000720034
-0.000959673
-0.00114699
-0.00127337
-0.00133616
-0.00133898
-0.00129032
-0.00120122
-0.00108309
-0.000946056
-0.000797543
-0.000641711
-0.00048059
-0.00031622
-0.000152126
6.49376e-06
0.000153348
0.000281993
0.000387024
0.00046512
0.00051547
0.000539344
0.000539127
0.000517364
0.000476061
0.000416264
0.000338101
0.00024141
0.000126634
-4.54093e-06
-0.000148992
-0.000302504
-0.000460491
-0.000618444
-0.000771593
-0.000914265
-0.00103981
-0.00114112
-0.00121119
-0.00124355
-0.00123321
-0.00117804
-0.00107992
-0.000944705
-0.00078104
-0.000598903
-0.000408346
-0.000218479
-3.67433e-05
0.00013115
0.000280697
0.000408084
0.000510028
0.000583831
0.000627531
0.000640323
0.000623135
0.000578847
0.000511886
0.000427547
0.0003315
0.000229518
0.000127243
3.00285e-05
-5.70396e-05
-0.000129115
-0.000181798
-0.000211546
-0.000216086
-0.000194687
-0.000148267
-7.92169e-05
9.1229e-06
0.000113107
0.000229313
0.000354895
0.000487812
0.000626766
0.000770747
0.000918468
0.00106806
0.00121677
0.00136003
0.00149005
0.00159508
0.00166041
0.00167042
0.00161096
0.00147165
0.00124862
0.000946578
0.000579034
0.000166369
-0.000266596
-0.000693068
-0.00108746
-0.00142895
-0.00170353
-0.00190335
-0.00202541
-0.00207097
-0.00204485
-0.00195327
-0.00180187
-0.00159569
-0.00134021
-0.0010419
-0.000708703
-0.000351016
1.75877e-05
0.000381309
0.000723693
0.00102847
0.00128021
0.00146569
0.00157561
0.00160501
0.00155285
0.00142181
0.00121848
0.000953109
0.000638686
0.000290011
-7.70665e-05
-0.000446434
-0.000802647
-0.00113155
-0.00142041
-0.00165771
-0.00183304
-0.00193671
-0.00195985
-0.00189543
-0.00174021
-0.00149653
-0.00117322
-0.000785858
-0.000355913
9.17483e-05
0.000532301
0.000943307
0.00130548
0.00160288
0.00182312
0.0019574
0.00200054
0.0019512
0.00181255
0.0015932
0.00130725
0.000972819
0.000609355
0.000235256
-0.000133684
-0.000485161
-0.000810034
-0.00110052
-0.00134822
-0.00154337
-0.00167522
-0.00173293
-0.00170746
-0.00159462
-0.00139759
-0.00112716
-0.000799935
-0.000435871
-5.57953e-05
0.000321047
0.000678586
0.00100375
0.00128521
0.00151252
0.0016759
0.00176669
0.00177847
0.00170855
0.00155929
0.00133865
0.00105967
0.000738968
0.000394863
4.56657e-05
-0.000291413
-0.000600665
-0.000868006
-0.00108137
-0.00123139
-0.00131221
-0.00132214
-0.00126424
-0.00114619
-0.000979033
-0.0007753
-0.000547229
-0.000305424
-5.79194e-05
0.00018976
0.000433201
0.000667402
0.000886103
0.00108205
0.0012473
0.00137377
0.00145447
0.0014851
0.0014647
0.00139522
0.00128069
0.00112679
0.000940427
0.000729287
0.000501314
0.000264421
2.64672e-05
-0.000204599
-0.000420526
-0.000612742
-0.000772776
-0.000892871
-0.000966378
-0.000988148
-0.000955334
-0.000868253
-0.000730595
-0.000549095
-0.00033312
-9.40014e-05
0.000156165
0.000405822
0.000644691
0.000863932
0.00105615
0.00121532
0.00133655
0.00141553
0.00144807
0.00142968
0.00135548
0.0012212
0.0010252
0.000770363
0.000464543
0.000119868
-0.000247783
-0.000619601
-0.000976066
-0.0012997
-0.00157651
-0.00179589
-0.00195007
-0.0020337
-0.00204338
-0.00197765
-0.0018374
-0.00162651
-0.001352
-0.00102362
-0.000653272
-0.000255026
0.000154549
0.000556164
0.000556164
0.000928111
0.00124746
0.00149277
0.00164775
0.00170399
0.00166216
0.00153262
0.00133438
0.0010911
0.000825387
0.000554835
0.000290169
3.44473e-05
-0.000215803
-0.000466309
-0.000719773
-0.000972845
-0.00121546
-0.00143082
-0.00159683
-0.00169104
-0.00169698
-0.0016076
-0.00142528
-0.00116125
-0.000834822
-0.000470485
-9.31336e-05
0.000275126
0.000615572
0.000912794
0.00115508
0.00133439
0.00144561
0.00148591
0.00145532
0.00135734
0.00119872
0.000988697
0.000738625
0.000461695
0.000172114
-0.000116027
-0.000389337
-0.000635139
-0.000841596
-0.000998227
-0.00109656
-0.00113067
-0.00109763
-0.000997661
-0.000833848
-0.000611453
-0.000337571
-2.1736e-05
0.000322688
0.000677376
0.00101926
0.00132208
0.00155848
0.00170254
0.00173361
0.0016409
0.00142618
0.00110315
0.000694765
0.000230137
-0.000259101
-0.000743253
-0.00119757
-0.00160223
-0.00194097
-0.00220064
-0.00237115
-0.00244481
-0.0024162
-0.00228362
-0.00205097
-0.00172826
-0.00133067
-0.000877023
-0.000388314
0.000113225
0.000604278
0.00105997
0.00145407
0.00176114
0.00195988
0.00203577
0.00198241
0.0018028
0.00151005
0.00112548
0.000674789
0.000184678
-0.000318935
-0.000811641
-0.00127036
-0.00167238
-0.00199485
-0.00221576
-0.00231643
-0.00228443
-0.00211582
-0.00181612
-0.00139959
-0.000887479
-0.00030569
0.000317388
0.000952413
0.00156999
0.00214102
0.00263658
0.00302813
0.00328919
0.00339864
0.00334438
0.00312546
0.00275216
0.00224495
0.00163312
0.000952474
0.000241612
-0.000461802
-0.00112286
-0.0017098
-0.00219468
-0.00255476
-0.00277382
-0.00284344
-0.00276414
-0.00254595
-0.00220767
-0.00177455
-0.00127502
-0.000737767
-0.000189704
0.000345497
0.000848297
0.00130281
0.0016949
0.00201065
0.00223675
0.00236192
0.00237815
0.00228184
0.00207529
0.00176763
0.00137408
0.000914038
0.000409271
-0.00011763
-0.000644611
-0.00115107
-0.00161777
-0.00202613
-0.00235777
-0.002595
-0.00272259
-0.00272999
-0.00261316
-0.00237543
-0.00202775
-0.00158821
-0.00108018
-0.000529777
3.64887e-05
0.000593151
0.0011166
0.00158561
0.00198184
0.00229023
0.00249945
0.00260222
0.00259497
0.00247709
0.00225041
0.00191943
0.00149236
0.000982078
0.000407561
-0.00020487
-0.000821948
-0.00140651
-0.00192171
-0.00233484
-0.00262058
-0.00276382
-0.00276073
-0.00261731
-0.00234674
-0.00196741
-0.00150182
-0.000975644
-0.000416536
0.000146926
0.000685928
0.00117299
0.00158498
0.00190591
0.00212766
0.00224893
0.00227389
0.00221093
0.00207085
0.00186494
0.00160422
0.00129984
0.000963655
0.000608166
0.000245956
-0.000110814
-0.000450753
-0.000763695
-0.00104124
-0.00127665
-0.00146374
-0.00159607
-0.00166743
-0.00167324
-0.00161143
-0.00148297
-0.0012924
-0.0010482
-0.000762172
-0.000447972
-0.000119496
0.00021005
0.000528055
0.000821825
0.00107809
0.00128318
0.0014239
0.00148867
0.00146923
0.00136253
0.00117247
0.000910321
0.000593497
0.000243297
-0.000117374
-0.000466257
-0.000783843
-0.00105457
-0.00126678
-0.00141248
-0.00148767
-0.00149259
-0.00143074
-0.00130743
-0.0011293
-0.000904229
-0.000640776
-0.000347362
-3.24187e-05
0.000294718
0.00062327
0.000940994
0.0012341
0.00148753
0.00168652
0.00181883
0.00187632
0.00185546
0.00175774
0.00159012
0.00136456
0.00109641
0.000802609
0.000500268
0.000205523
-6.81175e-05
-0.000311286
-0.000519158
-0.000690752
-0.000827995
-0.000934727
-0.00101515
-0.00107206
-0.00110611
-0.00111634
-0.00110076
-0.00105636
-0.000979887
-0.000869642
-0.00072691
-0.000555674
-0.000361638
-0.000152042
6.4113e-05
0.000276583
0.000474825
0.00064841
0.000787031
0.000880906
0.000921762
0.000904058
0.000826107
0.000690788
0.000505873
0.000283881
4.08977e-05
-0.000205757
-0.000439854
-0.000647431
-0.000817209
-0.000941102
-0.00101455
-0.00103615
-0.0010069
-0.000930054
-0.000811196
-0.000658344
-0.000481477
-0.000291675
-0.000100242
8.19606e-05
0.000245159
0.000381507
0.000485767
0.000555491
0.00059081
0.00059081
0.000594131
0.000569812
0.000523727
0.000462583
0.00039308
0.000321306
0.000252569
0.000191364
0.000141219
0.000104645
8.3297e-05
7.78811e-05
8.76112e-05
0.000109658
0.000139
0.000168619
0.000189967
0.000193747
0.000171048
0.000115001
2.29635e-05
-0.000101657
-0.000249345
-0.000406374
-0.000557263
-0.000686744
-0.000781613
-0.00083279
-0.000836543
-0.000793763
-0.000707922
-0.000583514
-0.000425868
-0.000241667
-3.92897e-05
0.000171274
0.000378848
0.000571998
0.000740524
0.00087693
0.000977
0.00103936
0.00106459
0.00105414
0.00100922
0.000930205
0.000817449
0.000672914
0.000501416
0.000310795
0.000111259
-8.60057e-05
-0.000270767
-0.000435449
-0.000575817
-0.000690626
-0.000780607
-0.00084706
-0.000890357
-0.000909089
-0.000900335
-0.000860767
-0.000787871
-0.000681016
-0.000542293
-0.00037673
-0.000191623
4.28279e-06
0.000200912
0.000386814
0.000550001
0.00067945
0.00076614
0.000803534
0.000788329
0.000721403
0.000607943
0.000456482
0.000277605
8.28291e-05
-0.000116526
-0.000310384
-0.000490373
-0.000649538
-0.000781869
-0.000882193
-0.000946376
-0.000971384
-0.000955255
-0.000897461
-0.000799723
-0.000666609
-0.000505468
-0.00032584
-0.000138433
4.62568e-05
0.000219299
0.000374252
0.000507685
0.00061919
0.000710601
0.000784682
0.000844159
0.000891303
0.000927567
0.000953239
0.000967525
0.00096909
0.000956505
0.000928297
0.000882869
0.000818692
0.000734824
0.000631285
0.000509037
0.00036997
0.000217202
5.52599e-05
-0.000110286
-0.000273411
-0.000427904
-0.000567345
-0.00068515
-0.000774925
-0.000831119
-0.000849652
-0.000828217
-0.00076641
-0.000665981
-0.000531036
-0.000367817
-0.000184188
1.07828e-05
0.000207051
0.000393807
0.000559912
0.000694704
0.000788933
0.000835426
0.000829527
0.000769549
0.00065706
0.000496622
0.000295221
6.18834e-05
-0.000192424
-0.000454913
-0.000711432
-0.000947413
-0.00114904
-0.00130423
-0.00140336
-0.00144019
-0.00141248
-0.00132192
-0.0011736
-0.000975453
-0.000738047
-0.000474346
-0.000199189
7.16564e-05
0.000322652
0.000539572
0.000710615
0.000827708
0.00088739
0.000890556
0.00084129
0.000745721
0.000611129
0.000444994
0.000254221
4.5133e-05
-0.000175792
-0.000401203
-0.000622656
-0.000830724
-0.00101532
-0.00116647
-0.00127557
-0.00133641
-0.00134565
-0.00130275
-0.00120998
-0.0010722
-0.000896305
-0.000690513
-0.0004639
-0.000226189
1.26033e-05
0.000242798
0.000455823
0.000645027
0.000806513
0.000939601
0.00104623
0.0011293
0.00119101
0.00123226
0.00125245
0.0012492
0.0012187
0.00115747
0.00106457
0.000942281
0.000795005
0.000628061
0.000446827
0.000256257
6.07958e-05
-0.000135242
-0.000326979
-0.000508171
-0.000670751
-0.000805389
-0.00090298
-0.000956259
-0.000960999
-0.00091668
-0.000826429
-0.000696201
-0.000533616
-0.00034697
-0.00014466
6.49931e-05
0.000273759
0.000473474
0.000655934
0.000812821
0.000936006
0.00101824
0.00105394
0.00103982
0.000975439
0.000863474
0.000709763
0.000523205
0.000315278
9.88453e-05
-0.000113345
-0.000309695
-0.000480411
-0.000618283
-0.000719368
-0.000782838
-0.00081011
-0.00080402
-0.000768343
-0.000707195
-0.000624222
-0.000522117
-0.000402885
-0.000268472
-0.000121231
3.5658e-05
0.000197403
0.000356817
0.000504419
0.000629583
0.000721844
0.000771987
0.000773394
0.000723704
0.000625737
0.000486981
0.000318359
0.000133033
-5.51425e-05
-0.000233726
-0.000393201
-0.000526999
-0.000630827
-0.000702345
-0.000740835
-0.000746313
-0.000718859
-0.000658968
-0.000568397
-0.000450541
-0.000310348
-0.000154184
1.04759e-05
0.000175766
0.000334266
0.00047949
0.00060598
0.000709309
0.000786108
0.000834043
0.00085179
0.000839168
0.000797405
0.000729312
0.000639178
0.000532458
0.000415347
0.000294321
0.000175714
6.54157e-05
-3.13038e-05
-0.000110017
-0.000167496
-0.000202134
-0.000214205
-0.000205769
-0.00018031
-0.000142367
-9.71299e-05
-4.98281e-05
-4.99001e-06
3.40763e-05
6.54416e-05
8.85278e-05
0.000104028
0.000113675
0.000119611
0.000123296
0.000124484
0.000120886
0.000108408
8.15966e-05
3.46807e-05
3.46807e-05
-3.64085e-05
-0.000132098
-0.000248624
-0.000378595
-0.000511762
-0.000636206
-0.000740368
-0.000814912
-0.00085317
-0.000850658
-0.000804831
-0.00071528
-0.000583976
-0.000415623
-0.000218191
-3.32121e-06
0.000214086
0.000417582
0.000591968
0.00072579
0.000812369
0.000849674
0.00083971
0.000787034
0.000696423
0.000571212
0.000413519
0.000225756
1.24126e-05
-0.000218232
-0.000453159
-0.000675477
-0.000867013
-0.00101139
-0.00109664
-0.00111711
-0.00107398
-0.000974052
-0.000827211
-0.000644043
-0.000434405
-0.000206792
3.15436e-05
0.000273647
0.000511648
0.000736287
0.000937494
0.00110532
0.0012307
0.00130603
0.00132577
0.00128661
0.0011872
0.00102827
0.000813386
0.00054994
0.000249314
-7.35404e-05
-0.000400807
-0.000713316
-0.000993143
-0.00122609
-0.0014027
-0.00151801
-0.00157092
-0.00156313
-0.00149745
-0.00137665
-0.0012035
-0.000981704
-0.000716705
-0.00041629
-9.10457e-05
0.000245816
0.000579576
0.000895344
0.00117881
0.00141657
0.00159682
0.00171018
0.00175004
0.0017126
0.00159731
0.00140774
0.00115189
0.000841609
0.000491579
0.000118164
-0.000261629
-0.000631102
-0.00097445
-0.00127688
-0.00152456
-0.00170483
-0.00180671
-0.00182181
-0.00174549
-0.00157798
-0.00132476
-0.000996412
-0.00060816
-0.000179396
0.00026741
0.000708275
0.00111921
0.0014774
0.0017625
0.00195827
0.00205411
0.00204587
0.00193545
0.00173011
0.00144166
0.00108531
0.000678163
0.000238301
-0.000215539
-0.00066409
-0.00108807
-0.0014689
-0.00178956
-0.00203566
-0.00219671
-0.00226698
-0.00224585
-0.0021374
-0.00194955
-0.00169298
-0.00138029
-0.00102545
-0.000643491
-0.000250384
0.000137172
0.000502278
0.000828869
0.00110298
0.00131392
0.00145501
0.00152383
0.00152173
0.00145303
0.00132401
0.001142
0.00091479
0.000650851
0.000359891
5.31775e-05
-0.000256689
-0.000556194
-0.000831376
-0.0010685
-0.001255
-0.00138033
-0.00143651
-0.00141824
-0.00132317
-0.00115235
-0.000910689
-0.000606968
-0.000253722
0.000132902
0.000533884
0.000928996
0.00129869
0.00162528
0.00189365
0.0020918
0.00221137
0.0022476
0.00219889
0.00206655
0.00185472
0.00157037
0.00122337
0.000826279
0.000394075
-5.64933e-05
-0.000507619
-0.00094108
-0.00133887
-0.0016841
-0.00196211
-0.00216122
-0.0022731
-0.00229311
-0.00222084
-0.00206029
-0.00181959
-0.00151014
-0.0011457
-0.000741515
-0.000313549
0.000122174
0.000550079
0.00095535
0.00132417
0.00164386
0.00190306
0.00209201
0.00220313
0.00223144
0.00217475
0.00203376
0.00181246
0.00151858
0.00116365
0.000762395
0.000331788
-0.000109737
-0.000543167
-0.000950335
-0.00131525
-0.00162454
-0.00186707
-0.00203345
-0.00211575
-0.00210794
-0.00200677
-0.00181271
-0.00153054
-0.00116985
-0.00074525
-0.000275724
0.000217027
0.000710494
0.00118275
0.00161312
0.00198259
0.00227432
0.00247427
0.00257164
0.00255943
0.00243528
0.00220239
0.00186987
0.00145209
0.000967593
0.000437586
-0.000115413
-0.000668752
-0.00120059
-0.00169061
-0.0021205
-0.00247431
-0.00273892
-0.00290431
-0.00296384
-0.00291466
-0.00275799
-0.00249909
-0.0021469
-0.00171364
-0.00121459
-0.0006679
-9.38993e-05
0.000485643
0.00104816
0.00157105
0.00203292
0.00241501
0.00270194
0.00288183
0.00294658
0.00289238
0.00272059
0.00243824
0.00205796
0.00159742
0.00107886
0.000527994
-2.80158e-05
-0.000563201
-0.00105478
-0.00148422
-0.00183773
-0.00210589
-0.00228246
-0.00236314
-0.00234531
-0.00222847
-0.00201482
-0.00171017
-0.00132502
-0.000875304
-0.000381489
0.000133312
0.000645212
0.00113117
0.00157061
0.00194654
0.00224566
0.00245769
0.0025748
0.00259145
0.00250497
0.00231642
0.00203149
0.0016608
0.00121985
0.000728342
0.000208884
-0.000314823
-0.000819734
-0.0012847
-0.00169118
-0.00202361
-0.00226978
-0.00242112
-0.00247304
-0.00242521
-0.00228199
-0.00205234
-0.00174919
-0.00138834
-0.000987305
-0.000564117
-0.000136444
0.000278966
0.000666379
0.00101108
0.00129966
0.00152054
0.00152054
0.00166455
0.00172555
0.00170131
0.00159419
0.00141103
0.00116255
0.000862498
0.000526795
0.000172579
-0.000182779
-0.000522437
-0.000830625
-0.00109322
-0.00129851
-0.00143794
-0.00150664
-0.00150377
-0.00143247
-0.00129954
-0.00111475
-0.000889756
-0.000637244
-0.000370338
-0.000102181
0.00015456
0.000388207
0.000588481
0.000746894
0.000857249
0.000916057
0.000922626
0.000878711
0.000787872
0.000654884
0.000485427
0.000285944
6.35762e-05
-0.000173712
-0.000416888
-0.000655908
-0.000880321
-0.00108008
-0.00124617
-0.00137104
-0.00144901
-0.00147645
-0.00145158
-0.00137396
-0.00124391
-0.00106252
-0.000832381
-0.000558619
-0.000249468
8.3899e-05
0.000427814
0.000766836
0.00108512
0.00136802
0.00160312
0.00178042
0.00189245
0.00193426
0.00190355
0.00180081
0.00162963
0.00139712
0.00111422
0.000795435
0.000457582
0.000118078
-0.000206657
-0.000502537
-0.000759059
-0.000969989
-0.00113286
-0.00124766
-0.00131565
-0.00133881
-0.00131944
-0.00125962
-0.00116116
-0.00102613
-0.000857544
-0.0006596
-0.000437617
-0.00019815
5.08748e-05
0.000300478
0.00054142
0.000764872
0.000962688
0.00112767
0.00125406
0.00133768
0.00137564
0.00136599
0.00130786
0.00120177
0.00105023
0.000858075
0.000632626
0.000383324
0.000121297
-0.000141287
-0.000392181
-0.000620007
-0.000814803
-0.000968232
-0.0010737
-0.00112654
-0.00112422
-0.00106665
-0.000956376
-0.000798601
-0.000601169
-0.000374283
-0.000129814
0.000119621
0.000361516
0.000584157
0.000777172
0.000931944
0.00104187
0.0011025
0.0011116
0.00106927
0.000978164
0.00084339
0.000672284
0.000473844
0.000258062
3.51668e-05
-0.00018516
-0.000394399
-0.000585439
-0.000752522
-0.00089117
-0.000998171
-0.00107152
-0.00111039
-0.0011152
-0.00108778
-0.00103131
-0.000949652
-0.000846233
-0.000723073
-0.000580837
-0.000419862
-0.000241242
-4.75134e-05
0.000156694
0.000364123
0.00056534
0.000750353
0.000910396
0.00103899
0.00113222
0.00118836
0.001207
0.00118814
0.00113176
0.00103816
0.000908864
0.000747652
0.000561201
0.000358934
0.000152102
-4.76117e-05
-0.000229604
-0.000385625
-0.000510459
-0.000601791
-0.000659489
-0.000684832
-0.000680092
-0.000648424
-0.000593829
-0.000521177
-0.000436203
-0.000345129
-0.000253744
-0.000166487
-8.61984e-05
-1.45015e-05
4.77705e-05
0.000100171
0.000142015
0.000171812
0.000187366
0.000186561
0.000168197
0.000132419
8.07791e-05
1.60219e-05
-5.83664e-05
-0.000138747
-0.000221783
-0.000304491
-0.000383902
-0.000456678
-0.000519004
-0.000566743
-0.000595692
-0.000601949
-0.00058241
-0.000535306
-0.000460579
-0.000360006
-0.00023709
-9.69504e-05
5.3673e-05
0.000206639
0.000353199
0.00048506
0.000595092
0.000677716
0.000729364
0.000748819
0.000736946
0.000695956
0.000628825
0.000539055
0.000430567
0.000307672
0.00017518
3.84638e-05
-9.67788e-05
-0.000225067
-0.000341728
-0.000443289
-0.000527584
-0.000593691
-0.000641769
-0.000672721
-0.000687672
-0.000687452
-0.000672337
-0.000642139
-0.000596516
-0.000535274
-0.000458611
-0.0003674
-0.000263544
-0.000150096
-3.09317e-05
8.9716e-05
0.000207481
0.000318
0.000417169
0.00050134
0.000567318
0.000612327
0.000634144
0.000631349
0.000603529
0.000551345
0.000476411
0.000381085
0.000268287
0.000141355
4.01117e-06
-0.000139481
-0.000283979
-0.000423015
-0.000548402
-0.000650447
-0.000719236
-0.000746494
-0.000727032
-0.000659666
-0.00054808
-0.000401114
-0.00023147
-5.32483e-05
0.000120108
0.000276912
0.000408047
0.000507698
0.000573419
0.000605357
0.000605382
0.000576714
0.000523873
0.000452389
0.00036822
0.000277363
0.000185831
9.9475e-05
2.34537e-05
-3.81009e-05
-8.20727e-05
-0.00010655
-0.000111439
-9.89711e-05
-7.37016e-05
-4.20143e-05
-1.12072e-05
1.16037e-05
2.03482e-05
1.07176e-05
-1.89066e-05
-6.67119e-05
-0.000127756
-0.000195227
-0.000261661
-0.000319613
-0.000362158
-0.000383596
-0.000380188
-0.000350456
-0.000295078
-0.000216876
-0.000121047
-1.49711e-05
9.28028e-05
0.000193745
0.000279979
0.000344661
0.00038264
0.000390951
0.000368513
0.000315372
0.000315372
0.000232258
0.000120601
-1.72212e-05
-0.000177423
-0.000354107
-0.000538655
-0.000719694
-0.000883772
-0.00101653
-0.00110429
-0.00113607
-0.00110509
-0.00100918
-0.00085015
-0.000633259
-0.00036667
-6.04231e-05
0.000274408
0.000625574
0.000978698
0.00131646
0.00161877
0.0018644
0.00203353
0.00210994
0.00208258
0.00194686
0.00170543
0.00136759
0.000947338
0.000461386
-7.17323e-05
-0.000631373
-0.00119396
-0.00173279
-0.00221917
-0.00262429
-0.00292156
-0.00308932
-0.00311367
-0.00299049
-0.00272537
-0.00233191
-0.00182952
-0.00124187
-0.000595964
7.87433e-05
0.000751216
0.0013895
0.00196174
0.00243816
0.00279407
0.00301271
0.00308686
0.00301899
0.00282005
0.00250763
0.00210352
0.00163124
0.00111446
0.000576617
4.08519e-05
-0.000470352
-0.000935687
-0.00133534
-0.00165166
-0.00187062
-0.00198314
-0.0019856
-0.00187958
-0.00167148
-0.0013724
-0.000997512
-0.000565404
-9.75528e-05
0.000382069
0.000847933
0.00127447
0.0016377
0.00191678
0.00209567
0.00216457
0.00212071
0.00196792
0.0017157
0.00137813
0.00097294
0.000520227
4.1141e-05
-0.000443115
-0.000911838
-0.00134546
-0.0017266
-0.002041
-0.00227796
-0.00243041
-0.00249497
-0.00247195
-0.00236504
-0.00218089
-0.00192887
-0.00162103
-0.00127134
-0.000894682
-0.000505694
-0.000117965
0.000256349
0.000606657
0.000923983
0.00120082
0.00143052
0.00160677
0.00172367
0.00177663
0.00176312
0.00168298
0.00153852
0.00133485
0.00107999
0.000784764
0.00046216
0.000126854
-0.000204757
-0.000514775
-0.000785071
-0.00099916
-0.00114373
-0.00120989
-0.00119468
-0.00110217
-0.000942867
-0.000731672
-0.000485624
-0.000222184
4.23273e-05
0.000294222
0.000523033
0.00072081
0.000880993
0.000997805
0.00106615
0.00108164
0.00104091
0.000942596
0.000788529
0.000584137
0.000338182
6.22176e-05
-0.000230227
-0.000525
-0.000808831
-0.0010703
-0.00130007
-0.00149045
-0.00163446
-0.00172492
-0.00175426
-0.00171512
-0.00160139
-0.00140979
-0.00114176
-0.000804893
-0.000412655
1.69936e-05
0.000463127
0.000903447
0.00131626
0.00168212
0.00198435
0.00220889
0.00234461
0.00238432
0.00232581
0.00217262
0.00193421
0.0016255
0.00126597
0.000877696
0.000482947
0.000102116
-0.000247123
-0.000549975
-0.000794544
-0.000971601
-0.00107418
-0.00109766
-0.00104053
-0.000905496
-0.000700038
-0.000436358
-0.000130902
0.000196523
0.000523927
0.000828473
0.00108784
0.00128164
0.00139286
0.00140902
0.00132284
0.001133
0.000845766
0.000476427
4.87484e-05
-0.000407689
-0.000860488
-0.0012769
-0.00162653
-0.00188449
-0.00203386
-0.00206609
-0.00197977
-0.00177961
-0.00147629
-0.00108639
-0.0006315
-0.00013699
0.000368911
0.000856304
0.00129589
0.0016618
0.00193367
0.00209768
0.00214683
0.00208117
0.00190778
0.00164014
0.00129673
0.000899385
0.000472257
4.10087e-05
-0.000368584
-0.000732419
-0.00102949
-0.00124283
-0.00136034
-0.00137556
-0.00128819
-0.00110421
-0.000835308
-0.000497861
-0.000111722
0.000301035
0.000717618
0.00111608
0.00147652
0.0017817
0.00201742
0.00217281
0.00224054
0.00221681
0.002101
0.00189542
0.00160545
0.00123955
0.000809092
0.000328111
-0.000186902
-0.000717479
-0.00124413
-0.0017472
-0.00220717
-0.00260493
-0.00292269
-0.00314541
-0.00326185
-0.00326512
-0.0031532
-0.00292965
-0.00260387
-0.00219046
-0.00170786
-0.00117704
-0.000620585
-6.19965e-05
0.000475143
0.000968089
0.00139588
0.00174034
0.00198725
0.00212746
0.00215761
0.00208027
0.00190336
0.00163918
0.00130319
0.000912827
0.000486658
4.39179e-05
-0.000395724
-0.000812544
-0.00118736
-0.00150235
-0.00174215
-0.00189518
-0.00195475
-0.00191964
-0.00179416
-0.00158758
-0.00131306
-0.00098629
-0.000624261
-0.00024445
0.000135949
0.000500673
0.000834756
0.00112473
0.00135902
0.0015287
0.00162811
0.00165531
0.00161204
0.00150358
0.00133832
0.00112708
0.000882405
0.0006177
0.0003467
8.2937e-05
-0.000160809
-0.000373189
-0.000545032
-0.000669978
-0.000669978
-0.000744772
-0.00076924
-0.000746122
-0.000680761
-0.000580434
-0.000453443
-0.000308305
-0.000153314
3.6381e-06
0.000155216
0.000294859
0.000416889
0.000516383
0.000589093
0.00063166
0.000641898
0.000618837
0.000562755
0.000475517
0.000361029
0.000225393
7.67562e-05
-7.50429e-05
-0.000219212
-0.000345296
-0.000444538
-0.00051065
-0.000540092
-0.000532297
-0.000489594
-0.000416375
-0.000317966
-0.000200101
-6.90697e-05
6.80727e-05
0.000203597
0.000329425
0.00043761
0.000520938
0.000573616
0.000591986
0.000575046
0.00052449
0.000444292
0.000340081
0.0002185
8.66414e-05
-4.84007e-05
-0.000179908
-0.000301872
-0.000409224
-0.000498008
-0.000565556
-0.000610506
-0.000632518
-0.000631992
-0.000610015
-0.000568358
-0.000509305
-0.0004355
-0.000349997
-0.000256333
-0.000158373
-6.00219e-05
3.49809e-05
0.000123104
0.000200939
0.000265108
0.000312283
0.000339312
0.000343445
0.000322767
0.00027681
0.000206996
0.000116559
1.01295e-05
-0.000106783
-0.000228391
-0.000349218
-0.000464335
-0.000569159
-0.000659117
-0.0007295
-0.000775537
-0.000792764
-0.000777681
-0.000728451
-0.00064543
-0.000531459
-0.000391806
-0.000233681
-6.55292e-05
0.000103643
0.000264803
0.000409401
0.000529913
0.000620365
0.000676639
0.000696496
0.000679549
0.000627314
0.000543032
0.000431138
0.000296699
0.000145154
-1.78064e-05
-0.000186383
-0.000354737
-0.00051693
-0.00066692
-0.000798744
-0.000906763
-0.000985828
-0.00103156
-0.00104089
-0.00101257
-0.000947269
-0.000847405
-0.000716977
-0.000561472
-0.000387506
-0.000202204
-1.26317e-05
0.000174574
0.00035342
0.00051866
0.000665737
0.000790679
0.000890065
0.000961096
0.00100161
0.0010101
0.000985892
0.000929491
0.000842677
0.00072829
0.000589957
0.00043199
0.000259416
7.79741e-05
-0.00010604
-0.000285974
-0.000454956
-0.000606142
-0.000733235
-0.000831036
-0.000895684
-0.000924605
-0.000916467
-0.00087119
-0.000790012
-0.000675558
-0.000531859
-0.000364325
-0.000179729
1.39508e-05
0.000208084
0.0003942
0.000564695
0.000713271
0.000835182
0.000927239
0.000987591
0.00101541
0.00101067
0.000973957
0.000906342
0.000809375
0.000685359
0.000537707
0.00037096
0.000190478
2.16818e-06
-0.000187623
-0.000372279
-0.000545199
-0.000699955
-0.000830192
-0.000929505
-0.000991673
-0.00101145
-0.000985458
-0.000912721
-0.000794783
-0.000635889
-0.000442913
-0.000224697
8.93493e-06
0.000247845
0.000481753
0.00070021
0.000892733
0.00104933
0.00116129
0.00122194
0.00122727
0.00117657
0.00107274
0.000922015
0.000732996
0.000515708
0.00028079
3.88923e-05
-0.000199684
-0.000425116
-0.000628095
-0.000800023
-0.000933465
-0.00102278
-0.00106468
-0.00105859
-0.00100662
-0.00091324
-0.000784699
-0.000628127
-0.000450808
-0.000259819
-6.2085e-05
0.000135428
0.000325545
0.000500711
0.000652897
0.000773929
0.000856325
0.00089426
0.000884219
0.000825308
0.000719419
0.000571212
0.000387759
0.000177986
-4.77245e-05
-0.000277784
-0.00049985
-0.000701693
-0.000872109
-0.00100151
-0.00108234
-0.00110966
-0.00108152
-0.000998863
-0.000864972
-0.000685096
-0.000466236
-0.000217035
5.2329e-05
0.000330318
0.000604413
0.00086171
0.00108968
0.00127701
0.00141442
0.00149526
0.00151587
0.00147542
0.00137569
0.00122092
0.00101769
0.000774824
0.000503059
0.000214564
-7.7597e-05
-0.000360183
-0.000620659
-0.000848078
-0.00103369
-0.00117115
-0.00125647
-0.00128776
-0.00126499
-0.00118982
-0.00106571
-0.000898103
-0.000694427
-0.000463945
-0.00021749
3.3017e-05
0.00027529
0.000497501
0.000688969
0.000840628
0.000945352
0.000998245
0.000996827
0.00094106
0.000833322
0.000678447
0.000483714
0.000258608
1.43478e-05
-0.000236707
-0.000481709
-0.000707981
-0.000903622
-0.00105806
-0.00116257
-0.00121072
-0.0011988
-0.00112622
-0.000995771
-0.000813458
-0.000588093
-0.000330737
-5.4123e-05
0.000228021
0.000501824
0.000754141
0.000973202
0.00114897
0.00127347
0.00134131
0.00135018
0.00130114
0.00119829
0.00104848
0.000860711
0.000645504
0.000414001
0.000177045
-5.54642e-05
-0.000274841
-0.000473683
-0.000473683
-0.000645875
-0.000786477
-0.000891517
-0.000957935
-0.000983775
-0.00096835
-0.000912204
-0.000817159
-0.000686619
-0.000525785
-0.000341395
-0.000141237
6.61008e-05
0.000271334
0.000464854
0.000637363
0.00078046
0.000887059
0.000951745
0.000971161
0.000944309
0.000872607
0.000759697
0.000611167
0.000434267
0.00023752
3.01946e-05
-0.000178192
-0.000378234
-0.000561003
-0.000718507
-0.000844156
-0.00093311
-0.000982462
-0.000991292
-0.000960581
-0.000892926
-0.000792086
-0.000662536
-0.000509252
-0.000337686
-0.000153791
3.595e-05
0.000224471
0.000404193
0.000567446
0.000707146
0.000817422
0.000894004
0.000934412
0.000937979
0.000905645
0.000839603
0.000743004
0.000619851
0.000475049
0.000314504
0.000145117
-2.5402e-05
-0.000188911
-0.000337333
-0.000463248
-0.000560553
-0.00062497
-0.000654245
-0.000648097
-0.000608071
-0.000537325
-0.000440301
-0.000322368
-0.000189597
-4.86299e-05
9.34866e-05
0.000229558
0.000352566
0.000456078
0.000534704
0.000584487
0.000603132
0.000590037
0.000546088
0.000473297
0.000374441
0.000252827
0.000112166
-4.33622e-05
-0.00020888
-0.00037863
-0.000546061
-0.000704093
-0.000845366
-0.000962582
-0.00104915
-0.00109993
-0.00111161
-0.00108269
-0.0010134
-0.000905682
-0.000763108
-0.000590652
-0.000394428
-0.000181546
3.9925e-05
0.000261042
0.000472313
0.000664271
0.000828123
0.000956354
0.00104328
0.00108552
0.00108227
0.00103531
0.000948688
0.000828314
0.000681528
0.000516633
0.000342276
0.000166857
-1.89619e-06
-0.000157241
-0.000293737
-0.000407399
-0.000495561
-0.000556664
-0.000590243
-0.000597002
-0.000578721
-0.000538101
-0.000478714
-0.000404934
-0.000321679
-0.000234021
-0.000146832
-6.45465e-05
8.94771e-06
7.03957e-05
0.000117319
0.00014817
0.000162387
0.000160376
0.000143431
0.000113609
7.35678e-05
2.63391e-05
-2.50116e-05
-7.77544e-05
-0.000129642
-0.0001788
-0.000223559
-0.000262347
-0.000293578
-0.000315549
-0.000326485
-0.000324776
-0.000309304
-0.000279692
-0.000236457
-0.000181132
-0.000116263
-4.51909e-05
2.8324e-05
0.000100434
0.00016743
0.000225984
0.000273444
0.000308034
0.000328894
0.000336056
0.000330449
0.000313793
0.000288309
0.00025643
0.000220658
0.000183505
0.000147341
0.000114223
8.582e-05
6.33756e-05
4.76164e-05
3.86477e-05
3.5938e-05
3.84494e-05
4.48823e-05
5.39186e-05
6.43765e-05
7.53425e-05
8.63494e-05
9.74564e-05
0.00010908
0.000121699
0.000135685
0.000151271
0.000168494
0.000187031
0.000206056
0.000224208
0.000239669
0.000250279
0.000253672
0.000247536
0.000229999
0.000199945
0.000157082
0.000101869
3.54849e-05
-4.02561e-05
-0.000123132
-0.000210637
-0.000299825
-0.000387001
-0.000467563
-0.000536195
-0.00058748
-0.000616677
-0.000620286
-0.000596412
-0.000545136
-0.000468777
-0.000371684
-0.000259615
-0.000139089
-1.6922e-05
0.000100096
0.000205582
0.000294026
0.000361162
0.000404088
0.000421304
0.00041281
0.000380065
0.000325664
0.000252984
0.000166023
6.92924e-05
-3.23927e-05
-0.000134093
-0.000230822
-0.000317646
-0.000389932
-0.000443667
-0.000475739
-0.000484144
-0.000468115
-0.000428132
-0.000365785
-0.000283555
-0.000184589
-7.25543e-05
4.84715e-05
0.000174081
0.000299584
0.000420036
0.00053029
0.000625174
0.000699815
0.000749995
0.000772388
0.000764678
0.000725718
0.00065577
0.000556749
0.000432292
0.000287619
0.000129269
-3.51834e-05
-0.000197583
-0.000349953
-0.000485274
-0.000597916
-0.000683805
-0.000740517
-0.000767233
-0.000764433
-0.000733524
-0.000676638
-0.000596532
-0.000496472
-0.000380148
-0.000251762
-0.000116139
2.13871e-05
0.000155233
0.00027975
0.000389359
0.000478898
0.000544127
0.000582126
0.000591454
0.000572253
0.000526321
0.000456978
0.00036869
0.000266644
0.00015639
4.35222e-05
-6.66333e-05
-0.000169223
-0.000259907
-0.000334857
-0.000390844
-0.000425374
-0.000436805
-0.000424451
-0.00038871
-0.000331139
-0.000254391
-0.000162021
-5.82369e-05
5.23964e-05
0.000165262
0.000275946
0.000380369
0.000474776
0.000555648
0.000619632
0.000663584
0.000684751
0.00068097
0.000650839
0.000593969
0.000511338
0.000405549
0.000405549
0.000280756
0.00014241
-2.98923e-06
-0.000148255
-0.00028615
-0.000410084
-0.000514546
-0.000595287
-0.000649504
-0.000675916
-0.00067452
-0.000646192
-0.000592459
-0.000515477
-0.000418056
-0.000303671
-0.000176542
-4.16781e-05
9.53297e-05
0.000228696
0.000352836
0.000462701
0.000554088
0.00062383
0.000669732
0.000690314
0.000684583
0.000652043
0.000592956
0.000508703
0.000401992
0.00027691
0.000138881
-5.57954e-06
-0.000149448
-0.00028596
-0.000409179
-0.000514249
-0.000597418
-0.000655923
-0.000687821
-0.000691909
-0.00066779
-0.000616066
-0.000538557
-0.000438475
-0.000320452
-0.000190302
-5.45402e-05
8.01889e-05
0.000207604
0.00032212
0.000419038
0.000494614
0.000546028
0.00057137
0.000569703
0.000541207
0.000487311
0.000410759
0.000315528
0.000206611
8.96598e-05
-2.94413e-05
-0.00014498
-0.000251707
-0.000344982
-0.000420822
-0.000475924
-0.000507719
-0.000514492
-0.000495555
-0.000451395
-0.000383746
-0.000295577
-0.000190976
-7.49313e-05
4.69763e-05
0.000168896
0.000284989
0.000389656
0.000477751
0.00054484
0.000587465
0.000603316
0.000591352
0.000551897
0.000486663
0.000398617
0.00029172
0.000170675
4.07295e-05
-9.24685e-05
-0.000222979
-0.000344715
-0.000451701
-0.000538405
-0.000600089
-0.000633173
-0.000635622
-0.000607238
-0.000549691
-0.000466265
-0.000361479
-0.000240726
-0.000109917
2.48586e-05
0.000157582
0.000282423
0.000393842
0.000486782
0.000556919
0.000600926
0.00061672
0.000603644
0.000562524
0.000495582
0.000406258
0.000298976
0.000178899
5.16931e-05
-7.66867e-05
-0.00020022
-0.000313075
-0.000409932
-0.000486316
-0.000538875
-0.000565587
-0.000565871
-0.000540575
-0.00049178
-0.000422522
-0.000336568
-0.000238231
-0.000132184
-2.32606e-05
8.37184e-05
0.000184115
0.000273678
0.000348777
0.000406596
0.000445256
0.000463843
0.000462376
0.000441741
0.000403588
0.000350181
0.000284262
0.000208957
0.000127687
4.40358e-05
-3.84507e-05
-0.000116477
-0.000187171
-0.000248168
-0.000297654
-0.000334381
-0.000357636
-0.000367114
-0.000362779
-0.000344854
-0.000313958
-0.00027126
-0.000218583
-0.00015849
-9.43147e-05
-2.99853e-05
3.03702e-05
8.28916e-05
0.000124404
0.000152803
0.000167345
0.00016865
0.000158359
0.000138685
0.000112063
8.08703e-05
4.71371e-05
1.24164e-05
-2.20692e-05
-5.51509e-05
-8.55647e-05
-0.000111969
-0.000133005
-0.000147366
-0.000153952
-0.000152059
-0.000141458
-0.000122316
-9.51145e-05
-6.06628e-05
-2.01515e-05
2.48216e-05
7.22066e-05
0.000119437
0.0001635
0.000201262
0.000229904
0.000247245
0.000251928
0.000243605
0.000223
0.000191693
0.000151725
0.000105292
5.46255e-05
1.93489e-06
-5.0645e-05
-0.000101065
-0.000147352
-0.000187667
-0.000220489
-0.000244804
-0.000260191
-0.000266728
-0.000264822
-0.000255057
-0.000238067
-0.000214425
-0.000184653
-0.000149416
-0.000109766
-6.72141e-05
-2.36676e-05
1.8676e-05
5.7488e-05
9.05615e-05
0.000116053
0.000132591
0.000139262
0.000135566
0.000121427
9.72599e-05
6.40531e-05
2.34008e-05
-2.2511e-05
-7.09839e-05
-0.000119022
-0.000163688
-0.000202452
-0.000233386
-0.000255221
-0.000267363
-0.000269793
-0.000262874
-0.000247147
-0.000223299
-0.000192197
-0.000154903
-0.000112628
-6.67015e-05
-1.85522e-05
3.03679e-05
7.8702e-05
0.000125256
0.000168952
0.000208747
0.000243612
0.000272592
0.000294871
0.000309831
0.000317107
0.000316621
0.000308547
0.000293217
0.000271045
0.000242497
0.000208138
0.000168742
0.000125398
7.95212e-05
3.27724e-05
-1.30763e-05
-5.63409e-05
-9.56719e-05
-0.00013021
-0.000159554
-0.000183603
-0.00020234
-0.000215639
-0.000223188
-0.000224586
-0.00021955
-0.00020812
-0.000190837
-0.000168889
-0.000144097
-0.000118699
-9.50038e-05
-7.50797e-05
-6.05533e-05
-5.24433e-05
-5.10216e-05
-5.58013e-05
-6.56871e-05
-7.91613e-05
-9.44241e-05
-0.000109571
-0.000122854
-0.000132864
-0.000138539
-0.000139093
-0.000134038
-0.000123188
-0.000106544
-8.42005e-05
-5.63807e-05
-2.35514e-05
1.35195e-05
5.37648e-05
9.58563e-05
0.000138297
0.000179558
0.000218221
0.000253076
0.000283186
0.000307912
0.000326886
0.00033992
0.000346903
0.00034772
0.000342247
0.000342247
0.000330418
0.000312296
0.000288107
0.000258244
0.000223296
0.000184095
0.000141726
9.74455e-05
5.25238e-05
8.08555e-06
-3.49804e-05
-7.6053e-05
-0.000114771
-0.000150975
-0.000184592
-0.000215493
-0.000243339
-0.000267494
-0.000287083
-0.000301193
-0.000309046
-0.000310081
-0.000304032
-0.000291018
-0.000271582
-0.000246588
-0.000217043
-0.000183948
-0.000148266
-0.00011095
-7.29425e-05
-3.51762e-05
1.43554e-06
3.60319e-05
6.78659e-05
9.63444e-05
0.000121049
0.000141757
0.000158438
0.000171191
0.000180114
0.000185195
0.000186306
0.000183312
0.000176183
0.000165054
0.000150288
0.000132533
0.000112736
9.20696e-05
7.18135e-05
5.32364e-05
3.74973e-05
2.55183e-05
1.78428e-05
1.45715e-05
1.54124e-05
1.97519e-05
2.66896e-05
3.51117e-05
4.38507e-05
5.18243e-05
5.80638e-05
6.16955e-05
6.19611e-05
5.82539e-05
5.01281e-05
3.73026e-05
1.9691e-05
-2.56024e-06
-2.90522e-05
-5.91229e-05
-9.18202e-05
-0.000125855
-0.000159569
-0.000190963
-0.000217794
-0.000237775
-0.000248878
-0.000249647
-0.000239365
-0.000218123
-0.000186904
-0.000147552
-0.000102499
-5.43588e-05
-5.6709e-06
4.11904e-05
8.40881e-05
0.000121221
0.000151168
0.000172866
0.000185604
0.000189073
0.00018343
0.000169291
0.000147662
0.00011985
8.7374e-05
5.18592e-05
1.49219e-05
-2.18839e-05
-5.70449e-05
-8.90717e-05
-0.000116546
-0.0001382
-0.00015298
-0.000160097
-0.000159074
-0.000149757
-0.00013229
-0.000107063
-7.46836e-05
-3.59935e-05
7.85512e-06
5.52969e-05
0.000104288
0.000152311
0.000196463
0.000233698
0.000261225
0.000276897
0.000279396
0.000268253
0.00024384
0.000207296
0.00016032
0.000104927
4.3358e-05
-2.18918e-05
-8.80397e-05
-0.000152082
-0.000210958
-0.000261771
-0.000302025
-0.000329841
-0.000344112
-0.000344549
-0.000331559
-0.000306048
-0.000269243
-0.000222578
-0.000167654
-0.000106284
-4.0585e-05
2.69897e-05
9.37222e-05
0.000156791
0.000213428
0.000261079
0.000297596
0.000321424
0.000331671
0.000328071
0.000310939
0.000281193
0.000240366
0.000190567
0.000134393
7.47952e-05
1.49268e-05
-4.20672e-05
-9.32845e-05
-0.000136254
-0.000169036
-0.000190276
-0.000199243
-0.000195837
-0.000180541
-0.000154353
-0.000118754
-7.56739e-05
-2.74017e-05
2.35639e-05
7.46916e-05
0.000123582
0.000168106
0.000206505
0.000237461
0.000260085
0.000273865
0.000278616
0.000274463
0.000261836
0.000241418
0.000214101
0.000180977
0.000143348
0.00010268
6.0529e-05
1.84755e-05
-2.18752e-05
-5.88861e-05
-9.09204e-05
-0.000116418
-0.00013399
-0.00014251
-0.00014124
-0.00012996
-0.000109042
-7.9404e-05
-4.24216e-05
1.52806e-07
4.62622e-05
9.36507e-05
0.000139965
0.000182822
0.00021987
0.000248908
0.000268047
0.000275908
0.000271765
0.000255579
0.000227972
0.000190156
0.000143831
9.1015e-05
3.38972e-05
-2.52489e-05
-8.41109e-05
-0.000140393
-0.000191891
-0.000236601
-0.000272842
-0.000299398
-0.000315616
-0.000321471
-0.000317535
-0.000304876
-0.000284924
-0.00025934
-0.000229911
-0.000198442
-0.000166678
-0.000136275
-0.000108778
-8.55723e-05
-6.77995e-05
-5.62861e-05
-5.15132e-05
-5.36189e-05
-6.24078e-05
-7.73594e-05
-9.76489e-05
-0.000122194
-0.000149713
-0.000178777
-0.000207876
-0.000235484
-0.00026015
-0.00028058
-0.000295715
-0.000304757
-0.000307151
-0.00030254
-0.000290736
-0.000271726
-0.000245719
-0.000213226
-0.000175159
-0.000132862
-8.81007e-05
-4.29851e-05
1.78619e-07
3.91475e-05
7.20157e-05
9.73646e-05
0.000114297
0.000122447
0.000121972
0.000113452
9.77572e-05
7.59595e-05
4.93256e-05
1.9307e-05
-1.24993e-05
-4.44003e-05
-7.46605e-05
-0.000101572
-0.000123544
-0.000139205
-0.000147496
-0.000147774
-0.00013989
-0.0001242
-0.00010152
-7.3071e-05
-4.0399e-05
-5.24419e-06
3.06135e-05
6.54604e-05
9.77069e-05
0.000125944
0.000148992
0.000165918
0.000176038
0.000178947
0.00017456
0.000163139
0.000145299
0.000122005
9.4545e-05
6.44705e-05
3.35008e-05
3.4131e-06
-2.40643e-05
-4.73616e-05
-6.51607e-05
-7.64457e-05
-8.05198e-05
-7.70228e-05
-6.5946e-05
-4.7621e-05
-2.26866e-05
7.93804e-06
4.30638e-05
8.12372e-05
0.000120765
0.000159784
0.00019637
0.000228671
0.000255017
0.000255017
0.000274041
0.000284772
0.000286716
0.000279836
0.000264472
0.000241226
0.000210877
0.000174333
0.000132644
8.7045e-05
3.89872e-05
-9.8727e-06
-5.76829e-05
-0.000102428
-0.000142037
-0.000174563
-0.000198367
-0.000212229
-0.000215411
-0.00020771
-0.00018949
-0.000161648
-0.000125521
-8.27804e-05
-3.53523e-05
1.46871e-05
6.52456e-05
0.000114322
0.00016007
0.000200853
0.000235311
0.000262393
0.000281341
0.000291675
0.000293182
0.0002859
0.000270099
0.000246294
0.00021532
0.000178403
0.000137151
9.3485e-05
4.95602e-05
7.65039e-06
-3.00518e-05
-6.16606e-05
-8.57296e-05
-0.000101288
-0.000107859
-0.000105477
-9.46611e-05
-7.63471e-05
-5.18383e-05
-2.27686e-05
8.95963e-06
4.1296e-05
7.22013e-05
9.97933e-05
0.000122457
0.000138941
0.000148436
0.000150584
0.000145393
0.000133149
0.000114379
8.98626e-05
6.0627e-05
2.79632e-05
-6.54847e-06
-4.10557e-05
-7.35384e-05
-0.000101962
-0.000124443
-0.000139427
-0.000145852
-0.000143223
-0.000131572
-0.000111359
-8.34023e-05
-4.88235e-05
-9.01124e-06
3.43686e-05
7.93154e-05
0.000123463
0.000164155
0.000198643
0.000224397
0.0002394
0.000242335
0.00023265
0.000210573
0.000177042
0.000133528
8.18475e-05
2.41037e-05
-3.72466e-05
-9.93289e-05
-0.000158898
-0.000212552
-0.000257047
-0.000289605
-0.000308156
-0.000311588
-0.000299896
-0.000274105
-0.000235991
-0.000187779
-0.000131941
-7.10664e-05
-7.78478e-06
5.52771e-05
0.000115515
0.0001704
0.000217606
0.000255201
0.000281802
0.000296661
0.000299689
0.000291424
0.000272924
0.000245626
0.00021121
0.000171533
0.000128608
8.45652e-05
4.15738e-05
1.72468e-06
-3.31009e-05
-6.13454e-05
-8.18584e-05
-9.39484e-05
-9.73885e-05
-9.23596e-05
-7.9363e-05
-5.91565e-05
-3.27439e-05
-1.40664e-06
3.32327e-05
6.91459e-05
0.000103909
0.000134857
0.000159361
0.000175113
0.000180371
0.000174196
0.000156624
0.000128634
9.18863e-05
4.84073e-05
3.39913e-07
-5.02433e-05
-0.000101502
-0.000151892
-0.000200074
-0.000244759
-0.000284606
-0.00031819
-0.000344025
-0.000360679
-0.000367015
-0.000362406
-0.000346833
-0.000320898
-0.000285815
-0.000243342
-0.000195599
-0.000144838
-9.32948e-05
-4.31163e-05
3.67277e-06
4.52177e-05
7.98769e-05
0.000106266
0.000123325
0.000130403
0.000127325
0.00011442
9.25102e-05
6.28549e-05
2.70689e-05
-1.29736e-05
-5.52113e-05
-9.74379e-05
-0.000137347
-0.000172615
-0.000201023
-0.000220608
-0.000229865
-0.000227975
-0.000214958
-0.00019167
-0.00015968
-0.000121099
-7.83369e-05
-3.38057e-05
1.0296e-05
5.20372e-05
8.97289e-05
0.000121933
0.000147486
0.000165504
0.000175398
0.000176968
0.000170489
0.000156723
0.000136835
0.000112265
8.45825e-05
5.53617e-05
2.6066e-05
-2.03701e-06
-2.78998e-05
-5.06588e-05
-6.95943e-05
-8.41394e-05
-9.39245e-05
-9.88075e-05
-9.88746e-05
-9.44311e-05
-8.59962e-05
-7.42809e-05
-6.01303e-05
-4.44344e-05
-2.80383e-05
-1.16824e-05
4.02131e-06
1.85877e-05
3.16498e-05
4.29454e-05
5.22897e-05
5.95394e-05
6.45806e-05
6.73593e-05
6.79172e-05
6.64028e-05
6.30704e-05
5.82819e-05
5.24852e-05
4.61606e-05
3.97668e-05
3.37155e-05
2.83629e-05
2.40062e-05
2.08882e-05
1.92099e-05
1.91343e-05
2.07766e-05
2.41925e-05
2.93854e-05
3.63329e-05
4.50229e-05
5.54779e-05
6.77494e-05
8.18407e-05
9.75453e-05
0.000114281
0.000131033
0.000146407
0.000158757
0.000166398
0.000167951
0.000162638
0.000150366
0.000131629
0.000107382
7.88656e-05
4.73469e-05
1.39177e-05
-2.05096e-05
-5.50868e-05
-8.89357e-05
-0.000121097
-0.000150498
-0.00017597
-0.000196348
-0.00021061
-0.00021798
-0.000217988
-0.000210534
-0.000195896
-0.000174675
-0.000147699
-0.000115991
-8.07764e-05
-4.34361e-05
-5.41447e-06
3.18687e-05
6.70895e-05
9.90881e-05
0.000126921
0.000149866
0.000167386
0.000179078
0.000184623
0.000183766
0.000176339
0.000162369
0.000142221
0.000116654
8.67815e-05
5.40126e-05
1.99641e-05
-1.36964e-05
-4.54377e-05
-7.39784e-05
-9.83057e-05
-0.000117657
-0.000131495
-0.000139477
-0.000141442
-0.000137412
-0.000127598
-0.000112407
-9.24151e-05
-6.83704e-05
-4.1184e-05
-1.18961e-05
1.8379e-05
4.84675e-05
7.71106e-05
0.000102977
0.000124755
0.000124755
0.000141275
0.000151612
0.000155178
0.000151831
0.000141925
0.000126269
0.000105996
8.2437e-05
5.70041e-05
3.10828e-05
5.94077e-06
-1.73122e-05
-3.77227e-05
-5.45169e-05
-6.71725e-05
-7.5475e-05
-7.95057e-05
-7.95956e-05
-7.62954e-05
-7.03403e-05
-6.25571e-05
-5.37509e-05
-4.46513e-05
-3.59319e-05
-2.82409e-05
-2.22047e-05
-1.84067e-05
-1.73317e-05
-1.92729e-05
-2.42324e-05
-3.18667e-05
-4.15031e-05
-5.22164e-05
-6.29616e-05
-7.27535e-05
-8.08306e-05
-8.67216e-05
-9.02229e-05
-9.13487e-05
-9.02593e-05
-8.71498e-05
-8.21631e-05
-7.53997e-05
-6.69851e-05
-5.71172e-05
-4.60829e-05
-3.4269e-05
-2.21507e-05
-1.0237e-05
1.00078e-06
1.11768e-05
2e-05
2.72656e-05
3.28401e-05
3.66434e-05
3.86351e-05
3.88252e-05
3.73059e-05
3.42726e-05
3.0019e-05
2.4916e-05
1.93812e-05
1.38258e-05
8.58328e-06
3.84664e-06
-3.57748e-07
-4.15513e-06
-7.77953e-06
-1.15204e-05
-1.56593e-05
-2.04004e-05
-2.58301e-05
-3.19401e-05
-3.86733e-05
-4.59459e-05
-5.36617e-05
-6.1744e-05
-7.01539e-05
-7.8862e-05
-8.78037e-05
-9.68613e-05
-0.000105875
-0.00011466
-0.000123027
-0.000130794
-0.000137804
-0.000143919
-0.000149012
-0.000152978
-0.000155749
-0.0001573
-0.000157654
-0.000156902
-0.000155218
-0.000152856
-0.000150107
-0.000147249
-0.000144504
-0.000141976
-0.000139613
-0.000137202
-0.000134413
-0.000130851
-0.000126083
-0.000119647
-0.000111067
-9.99183e-05
-8.58793e-05
-6.87746e-05
-4.86148e-05
-2.56721e-05
-5.39589e-07
2.59069e-05
5.26403e-05
7.86136e-05
0.000102845
0.000124484
0.000142862
0.000157493
0.000168037
0.000174244
0.00017593
0.000172984
0.000165404
0.000153355
0.000137213
0.000117568
9.51564e-05
7.07908e-05
4.52977e-05
1.94829e-05
-5.89762e-06
-3.01619e-05
-5.2706e-05
-7.29898e-05
-9.05257e-05
-0.000104898
-0.000115794
-0.00012301
-0.000126406
-0.000125826
-0.000121053
-0.000111848
-9.80509e-05
-7.96802e-05
-5.69947e-05
-3.05817e-05
-1.43584e-06
2.90846e-05
5.94417e-05
8.81242e-05
0.000113786
0.00013533
0.000151967
0.000163215
0.000168861
0.000168882
0.00016342
0.000152791
0.000137521
0.000118357
9.62588e-05
7.23675e-05
4.79281e-05
2.41834e-05
2.27808e-06
-1.67975e-05
-3.22383e-05
-4.34447e-05
-5.00268e-05
-5.18011e-05
-4.87935e-05
-4.12495e-05
-2.96353e-05
-1.46248e-05
2.92925e-06
2.20492e-05
4.17076e-05
6.09018e-05
7.87091e-05
9.43164e-05
0.000107037
0.000116325
0.000121801
0.000123283
0.000120823
0.000114736
0.000105599
9.4214e-05
8.1539e-05
6.85792e-05
5.62784e-05
4.5444e-05
3.67113e-05
3.05282e-05
2.71693e-05
2.67813e-05
2.94176e-05
3.50208e-05
4.33698e-05
5.40385e-05
6.63954e-05
7.96483e-05
9.29199e-05
0.00010533
0.000116075
0.000124502
0.000130156
0.000132772
0.000132221
0.000128449
0.000121468
0.000111368
9.83399e-05
8.27243e-05
6.50222e-05
4.58796e-05
2.60392e-05
6.27953e-06
-1.2652e-05
-3.00962e-05
-4.55141e-05
-5.8481e-05
-6.86505e-05
-7.57105e-05
-7.93657e-05
-7.93729e-05
-7.56125e-05
-6.81423e-05
-5.72119e-05
-4.32528e-05
-2.68497e-05
-8.68284e-06
1.05442e-05
3.01593e-05
4.95395e-05
6.80933e-05
8.52275e-05
0.000100335
0.000112822
0.000122168
0.00012799
0.000130102
0.000128565
0.000123678
0.000115938
0.000105964
9.4418e-05
8.19452e-05
6.91349e-05
5.6507e-05
4.45278e-05
3.36335e-05
2.42248e-05
1.66198e-05
1.09763e-05
7.20856e-06
4.94049e-06
3.53985e-06
2.24632e-06
3.59241e-07
-2.57446e-06
-6.64501e-06
-1.15904e-05
-1.69129e-05
-2.20313e-05
-2.64372e-05
-2.98483e-05
-3.22976e-05
-3.4079e-05
-3.55825e-05
-3.71447e-05
-3.89819e-05
-4.11814e-05
-4.37248e-05
-4.65536e-05
-4.96577e-05
-5.31212e-05
-5.70936e-05
-6.17246e-05
-6.71081e-05
-7.32407e-05
-7.9998e-05
-8.71408e-05
-9.43406e-05
-0.000101196
-0.000107245
-0.000111984
-0.000114906
-0.000115515
-0.000113363
-0.000108123
-9.968e-05
-8.81679e-05
-7.39402e-05
-5.75104e-05
-3.95094e-05
-2.06481e-05
-1.66938e-06
1.66916e-05
3.37186e-05
4.87119e-05
6.10065e-05
7.00191e-05
7.53174e-05
7.66851e-05
7.41589e-05
6.80343e-05
5.88429e-05
4.72936e-05
3.41843e-05
2.03242e-05
6.49211e-06
-6.58418e-06
-1.82443e-05
-2.79038e-05
-3.50592e-05
-3.93049e-05
-4.0371e-05
-3.8169e-05
-3.28289e-05
-2.47111e-05
-2.47111e-05
-1.43883e-05
-2.6101e-06
9.74362e-06
2.17216e-05
3.23709e-05
4.08104e-05
4.63034e-05
4.83076e-05
4.6497e-05
4.07797e-05
3.13297e-05
1.8592e-05
3.21556e-06
-1.40407e-05
-3.23684e-05
-5.09446e-05
-6.89824e-05
-8.57818e-05
-0.000100748
-0.000113383
-0.000123276
-0.000130109
-0.000133663
-0.000133821
-0.000130572
-0.000124011
-0.000114331
-0.000101785
-8.66343e-05
-6.9126e-05
-4.95245e-05
-2.81506e-05
-5.39485e-06
1.82825e-05
4.2323e-05
6.60267e-05
8.85471e-05
0.000108941
0.000126249
0.000139571
0.00014814
0.000151407
0.000149129
0.000141416
0.000128706
0.000111694
9.12735e-05
6.8475e-05
4.43704e-05
1.99956e-05
-3.67043e-06
-2.57092e-05
-4.52969e-05
-6.17613e-05
-7.46317e-05
-8.36721e-05
-8.88993e-05
-9.05806e-05
-8.91963e-05
-8.53545e-05
-7.96717e-05
-7.26644e-05
-6.46952e-05
-5.59711e-05
-4.65753e-05
-3.65419e-05
-2.59692e-05
-1.5104e-05
-4.32755e-06
5.91774e-06
1.51851e-05
2.30721e-05
2.92933e-05
3.37328e-05
3.6414e-05
3.7417e-05
3.68106e-05
3.4628e-05
3.08834e-05
2.56178e-05
1.89476e-05
1.10991e-05
2.4184e-06
-6.65109e-06
-1.5622e-05
-2.40254e-05
-3.14567e-05
-3.75964e-05
-4.22025e-05
-4.50855e-05
-4.60925e-05
-4.51127e-05
-4.21001e-05
-3.71059e-05
-3.03208e-05
-2.21051e-05
-1.29772e-05
-3.55564e-06
5.51625e-06
1.3636e-05
2.02917e-05
2.5099e-05
2.78162e-05
2.83264e-05
2.66031e-05
2.26923e-05
1.67272e-05
8.94963e-06
-2.85476e-07
-1.05206e-05
-2.12151e-05
-3.17816e-05
-4.16419e-05
-5.02853e-05
-5.73115e-05
-6.24442e-05
-6.55204e-05
-6.64704e-05
-6.53052e-05
-6.21219e-05
-5.71223e-05
-5.0637e-05
-4.31365e-05
-3.52156e-05
-2.75527e-05
-2.08419e-05
-1.57076e-05
-1.26297e-05
-1.19044e-05
-1.36329e-05
-1.77177e-05
-2.38804e-05
-3.17188e-05
-4.07742e-05
-5.05642e-05
-6.0582e-05
-7.0295e-05
-7.915e-05
-8.65785e-05
-9.20058e-05
-9.48787e-05
-9.47083e-05
-9.11204e-05
-8.39065e-05
-7.30708e-05
-5.88539e-05
-4.17195e-05
-2.23272e-05
-1.51427e-06
1.97371e-05
4.03807e-05
5.94056e-05
7.58999e-05
8.90868e-05
9.83739e-05
0.00010341
0.000104106
0.000100622
9.33311e-05
8.27965e-05
6.97457e-05
5.50206e-05
3.95054e-05
2.40582e-05
9.46545e-06
-3.59694e-06
-1.46031e-05
-2.31864e-05
-2.91094e-05
-3.22307e-05
-3.24988e-05
-2.99596e-05
-2.47523e-05
-1.71039e-05
-7.33507e-06
4.14129e-06
1.68517e-05
3.03124e-05
4.40717e-05
5.77294e-05
7.09325e-05
8.33573e-05
9.46981e-05
0.000104657
0.00011292
0.000119148
0.000123018
0.000124291
0.000122861
0.00011876
0.000112174
0.000103437
9.3005e-05
8.14086e-05
6.92033e-05
5.69386e-05
4.51391e-05
3.42865e-05
2.48048e-05
1.70571e-05
1.13396e-05
7.86071e-06
6.71867e-06
7.89702e-06
1.12714e-05
1.66152e-05
2.36078e-05
3.18563e-05
4.092e-05
5.03201e-05
5.95356e-05
6.80112e-05
7.51828e-05
8.05072e-05
8.34969e-05
8.37793e-05
8.11671e-05
7.57025e-05
6.76569e-05
5.75003e-05
4.58536e-05
3.34197e-05
2.08944e-05
8.89506e-06
-2.0612e-06
-1.15485e-05
-1.92307e-05
-2.48699e-05
-2.83261e-05
-2.95569e-05
-2.86346e-05
-2.57617e-05
-2.12585e-05
-1.55151e-05
-8.92994e-06
-1.86684e-06
5.3599e-06
1.24877e-05
1.92983e-05
2.5588e-05
3.11279e-05
3.56514e-05
3.8881e-05
4.05651e-05
4.05018e-05
3.85615e-05
3.47131e-05
2.9034e-05
2.16895e-05
1.29048e-05
2.95994e-06
-7.79763e-06
-1.89518e-05
-3.00389e-05
-4.05761e-05
-5.00885e-05
-5.81443e-05
-6.43994e-05
-6.86369e-05
-7.07819e-05
-7.08939e-05
-6.91553e-05
-6.58617e-05
-6.13989e-05
-5.62048e-05
-5.07389e-05
-4.54671e-05
-4.08461e-05
-3.72957e-05
-3.51667e-05
-3.47221e-05
-3.61352e-05
-3.94923e-05
-4.47921e-05
-5.19499e-05
-6.08064e-05
-7.11324e-05
-8.26182e-05
-9.48518e-05
-0.000107291
-0.000119239
-0.000129859
-0.00013826
-0.000143616
-0.000145265
-0.000142764
-0.000135953
-0.000125011
-0.000110451
-9.30277e-05
-7.36352e-05
-5.32264e-05
-3.27641e-05
-1.31688e-05
4.73295e-06
2.02376e-05
3.27637e-05
4.18572e-05
4.72183e-05
4.87206e-05
4.64043e-05
4.04696e-05
3.12805e-05
1.93524e-05
5.31556e-06
-1.0122e-05
-2.62015e-05
-4.21436e-05
-5.71839e-05
-7.06055e-05
-8.17622e-05
-9.01009e-05
-9.5188e-05
-9.67391e-05
-9.46347e-05
-8.89146e-05
-7.97576e-05
-6.7458e-05
-5.24026e-05
-3.50495e-05
-1.59124e-05
4.45061e-06
4.45061e-06
2.54382e-05
4.63918e-05
6.65807e-05
8.52148e-05
0.000101498
0.000114693
0.000124182
0.000129525
0.000130522
0.000127243
0.000120012
0.000109363
9.602e-05
8.08758e-05
6.49317e-05
4.92178e-05
3.4716e-05
2.22807e-05
1.25347e-05
5.7766e-06
1.96865e-06
8.11371e-07
1.83832e-06
4.49311e-06
8.21747e-06
1.25493e-05
1.71647e-05
2.18361e-05
2.63679e-05
3.05738e-05
3.4286e-05
3.73603e-05
3.9671e-05
4.11218e-05
4.1674e-05
4.13499e-05
4.0179e-05
3.81355e-05
3.51326e-05
3.10665e-05
2.58568e-05
1.9476e-05
1.19956e-05
3.63665e-06
-5.22411e-06
-1.41103e-05
-2.25268e-05
-3.00253e-05
-3.62501e-05
-4.09709e-05
-4.40959e-05
-4.56598e-05
-4.58087e-05
-4.48125e-05
-4.30948e-05
-4.12268e-05
-3.98549e-05
-3.95936e-05
-4.09322e-05
-4.41484e-05
-4.92175e-05
-5.57755e-05
-6.3214e-05
-7.08585e-05
-7.81068e-05
-8.44904e-05
-8.97085e-05
-9.3628e-05
-9.62126e-05
-9.74139e-05
-9.7107e-05
-9.51089e-05
-9.1248e-05
-8.54496e-05
-7.78124e-05
-6.86497e-05
-5.84636e-05
-4.78603e-05
-3.74499e-05
-2.77654e-05
-1.92114e-05
-1.20517e-05
-6.44126e-06
-2.4688e-06
-1.66361e-07
5.20583e-07
-2.25972e-07
-2.07298e-06
-4.53761e-06
-7.0114e-06
-8.81956e-06
-9.32594e-06
-8.0462e-06
-4.70278e-06
7.9588e-07
8.40738e-06
1.80018e-05
2.9398e-05
4.23732e-05
5.66165e-05
7.16367e-05
8.66834e-05
0.000100737
0.000112596
0.000121065
0.000125152
0.000124207
0.000117973
0.000106595
9.05823e-05
7.06658e-05
4.76425e-05
2.23016e-05
-4.53975e-06
-3.19614e-05
-5.88988e-05
-8.41691e-05
-0.000106554
-0.000124913
-0.000138308
-0.000146133
-0.000148183
-0.000144644
-0.000136
-0.00012293
-0.000106205
-8.66379e-05
-6.50783e-05
-4.24365e-05
-1.97047e-05
2.05631e-06
2.17793e-05
3.84926e-05
5.14351e-05
6.01511e-05
6.45339e-05
6.48032e-05
6.1434e-05
5.50634e-05
4.63927e-05
3.61108e-05
2.48687e-05
1.32966e-05
2.02029e-06
-8.35759e-06
-1.72922e-05
-2.43213e-05
-2.90859e-05
-3.13654e-05
-3.11074e-05
-2.84098e-05
-2.34613e-05
-1.64859e-05
-7.7165e-06
2.61023e-06
1.42487e-05
2.69298e-05
4.0337e-05
5.40859e-05
6.77326e-05
8.08146e-05
9.28987e-05
0.000103606
0.000112625
0.000119719
0.000124726
0.000127543
0.000128111
0.000126429
0.000122572
0.00011673
0.000109214
0.000100446
9.09329e-05
8.12147e-05
7.18114e-05
6.31608e-05
5.55861e-05
4.92975e-05
4.44086e-05
4.09585e-05
3.89372e-05
3.83111e-05
3.90269e-05
4.09903e-05
4.40439e-05
4.7966e-05
5.24802e-05
5.72658e-05
6.19751e-05
6.6264e-05
6.98216e-05
7.23883e-05
7.37627e-05
7.38008e-05
7.2413e-05
6.95671e-05
6.5293e-05
5.96862e-05
5.29089e-05
4.51881e-05
3.68085e-05
2.80977e-05
1.94054e-05
1.1079e-05
3.43949e-06
-3.23487e-06
-8.72101e-06
-1.28593e-05
-1.55574e-05
-1.67875e-05
-1.65844e-05
-1.50439e-05
-1.23212e-05
-8.62133e-06
-4.18395e-06
7.37675e-07
5.90308e-06
1.11078e-05
1.61923e-05
2.10378e-05
2.55602e-05
2.96995e-05
3.33991e-05
3.65809e-05
3.91294e-05
4.08905e-05
4.16757e-05
4.127e-05
3.94571e-05
3.60686e-05
3.10303e-05
2.43719e-05
1.62183e-05
6.78987e-06
-3.60236e-06
-1.45949e-05
-2.58225e-05
-3.6939e-05
-4.76025e-05
-5.74508e-05
-6.60859e-05
-7.30797e-05
-7.80092e-05
-8.05059e-05
-8.03026e-05
-7.72749e-05
-7.14744e-05
-6.31334e-05
-5.26241e-05
-4.03866e-05
-2.68639e-05
-1.24696e-05
2.41306e-06
1.74099e-05
3.21214e-05
4.60973e-05
5.88387e-05
6.9825e-05
7.85672e-05
8.46913e-05
8.8027e-05
8.8656e-05
8.69084e-05
8.3327e-05
7.85984e-05
7.345e-05
6.85514e-05
6.44619e-05
6.16008e-05
6.01899e-05
6.01968e-05
6.13509e-05
6.32293e-05
6.53313e-05
6.71148e-05
6.80474e-05
6.76975e-05
6.58106e-05
6.23064e-05
5.7215e-05
5.06223e-05
4.26454e-05
3.3413e-05
2.30487e-05
1.16924e-05
-4.41246e-07
-1.30204e-05
-2.55986e-05
-3.76496e-05
-4.8625e-05
-5.80375e-05
-6.55459e-05
-7.1008e-05
-7.44941e-05
-7.62606e-05
-7.66779e-05
-7.61277e-05
-7.49179e-05
-7.32455e-05
-7.11942e-05
-6.87616e-05
-6.59252e-05
-6.27201e-05
-5.92744e-05
-5.5792e-05
-5.2524e-05
-4.97411e-05
-4.76838e-05
-4.65043e-05
-4.62484e-05
-4.68831e-05
-4.83353e-05
-5.05141e-05
-5.33156e-05
-5.66171e-05
-6.02639e-05
-6.40577e-05
-6.7756e-05
-7.10901e-05
-7.37985e-05
-7.56624e-05
-7.56624e-05
-7.65342e-05
-7.63563e-05
-7.51675e-05
-7.30892e-05
-7.02943e-05
-6.69756e-05
-6.33286e-05
-5.95499e-05
-5.58507e-05
-5.2465e-05
-4.96245e-05
-4.75012e-05
-4.61842e-05
-4.5715e-05
-4.61043e-05
-4.72786e-05
-4.90456e-05
-5.11485e-05
-5.33368e-05
-5.53763e-05
-5.70391e-05
-5.81256e-05
-5.84949e-05
-5.80818e-05
-5.68992e-05
-5.50296e-05
-5.26107e-05
-4.98129e-05
-4.68058e-05
-4.37346e-05
-4.07263e-05
-3.78992e-05
-3.53519e-05
-3.31555e-05
-3.13715e-05
-3.00688e-05
-2.93105e-05
-2.91257e-05
-2.94899e-05
-3.03178e-05
-3.14644e-05
-3.2744e-05
-3.39573e-05
-3.49134e-05
-3.54456e-05
-3.54297e-05
-3.47905e-05
-3.349e-05
-3.15071e-05
-2.88243e-05
-2.54265e-05
-2.13097e-05
-1.64951e-05
-1.10409e-05
-5.04933e-06
1.33549e-06
7.93945e-06
1.45749e-05
2.10494e-05
2.71648e-05
3.27089e-05
3.74426e-05
4.10891e-05
4.33458e-05
4.39304e-05
4.26384e-05
3.93795e-05
3.4192e-05
2.72547e-05
1.88917e-05
9.55339e-06
-2.24227e-07
-9.86054e-06
-1.87587e-05
-2.63303e-05
-3.20344e-05
-3.54405e-05
-3.62916e-05
-3.45375e-05
-3.03383e-05
-2.40501e-05
-1.6182e-05
-7.31305e-06
1.99659e-06
1.12511e-05
2.00252e-05
2.79626e-05
3.47695e-05
4.01896e-05
4.39875e-05
4.59702e-05
4.60382e-05
4.42266e-05
4.07181e-05
3.58239e-05
2.99451e-05
2.35255e-05
1.70018e-05
1.07532e-05
5.0678e-06
1.36724e-07
-3.93402e-06
-7.11019e-06
-9.4206e-06
-1.09517e-05
-1.18387e-05
-1.22445e-05
-1.23384e-05
-1.22879e-05
-1.22494e-05
-1.2338e-05
-1.25985e-05
-1.30042e-05
-1.34764e-05
-1.38999e-05
-1.4137e-05
-1.40549e-05
-1.35642e-05
-1.26525e-05
-1.13933e-05
-9.92837e-06
-8.43987e-06
-7.12534e-06
-6.1656e-06
-5.6889e-06
-5.75336e-06
-6.35358e-06
-7.43137e-06
-8.88047e-06
-1.05565e-05
-1.23e-05
-1.39596e-05
-1.5403e-05
-1.65252e-05
-1.72732e-05
-1.76768e-05
-1.78508e-05
-1.79649e-05
-1.8208e-05
-1.87612e-05
-1.97639e-05
-2.12691e-05
-2.3213e-05
-2.54275e-05
-2.7683e-05
-2.973e-05
-3.13275e-05
-3.22767e-05
-3.24574e-05
-3.18359e-05
-3.04354e-05
-2.83056e-05
-2.55161e-05
-2.21534e-05
-1.83072e-05
-1.40691e-05
-9.55242e-06
-4.91096e-06
-3.34993e-07
3.96513e-06
7.77946e-06
1.09259e-05
1.32862e-05
1.4847e-05
1.57335e-05
1.6218e-05
1.66816e-05
1.75455e-05
1.9207e-05
2.1987e-05
2.60635e-05
3.14034e-05
3.77512e-05
4.46987e-05
5.17815e-05
5.85439e-05
6.45825e-05
6.9597e-05
7.34261e-05
7.60244e-05
7.74029e-05
7.75891e-05
7.66225e-05
7.45545e-05
7.1446e-05
6.73814e-05
6.24864e-05
5.69153e-05
5.08139e-05
4.42954e-05
3.74469e-05
3.03477e-05
2.30787e-05
1.57361e-05
8.46431e-06
1.49223e-06
-4.86893e-06
-1.02741e-05
-1.44034e-05
-1.70009e-05
-1.78998e-05
-1.70473e-05
-1.45158e-05
-1.04817e-05
-5.18612e-06
1.09061e-06
8.02719e-06
1.5252e-05
2.23428e-05
2.88382e-05
3.42558e-05
3.81193e-05
4.00059e-05
3.96045e-05
3.67625e-05
3.14989e-05
2.39926e-05
1.45692e-05
3.69345e-06
-8.04759e-06
-1.99845e-05
-3.14166e-05
-4.16544e-05
-5.00533e-05
-5.60603e-05
-5.92757e-05
-5.9506e-05
-5.67805e-05
-5.13291e-05
-4.35421e-05
-3.3927e-05
-2.30589e-05
-1.15244e-05
1.18279e-07
1.13464e-05
2.16713e-05
3.06503e-05
3.7897e-05
4.30821e-05
4.59472e-05
4.63393e-05
4.42391e-05
3.97654e-05
3.3169e-05
2.48222e-05
1.51939e-05
4.81251e-06
-5.77286e-06
-1.60215e-05
-2.54227e-05
-3.35192e-05
-3.99295e-05
-4.436e-05
-4.66085e-05
-4.65725e-05
-4.42627e-05
-3.98034e-05
-3.34235e-05
-2.54437e-05
-1.62619e-05
-6.33065e-06
3.87141e-06
1.38703e-05
2.32269e-05
3.15627e-05
3.85816e-05
4.40884e-05
4.79931e-05
5.02937e-05
5.1052e-05
5.03872e-05
4.84721e-05
4.55166e-05
4.17501e-05
3.74233e-05
3.28157e-05
2.8222e-05
2.39217e-05
2.01379e-05
1.69997e-05
1.45261e-05
1.26393e-05
1.11927e-05
1.00025e-05
8.88666e-06
7.70485e-06
6.37959e-06
4.88877e-06
3.23732e-06
1.42765e-06
-5.48185e-07
-2.68482e-06
-4.92247e-06
-7.11195e-06
-8.99978e-06
-1.02384e-05
-1.04279e-05
-9.19262e-06
-6.27069e-06
-1.57917e-06
4.76323e-06
1.24294e-05
2.08743e-05
2.93588e-05
3.70471e-05
4.3132e-05
4.69064e-05
4.77866e-05
4.53652e-05
3.95117e-05
3.04556e-05
1.88064e-05
5.52858e-06
-8.11203e-06
-2.06407e-05
-3.05428e-05
-3.64936e-05
-3.75436e-05
-3.3191e-05
-2.34268e-05
-8.83583e-06
9.36957e-06
9.36957e-06
2.95297e-05
4.98398e-05
6.85713e-05
8.42086e-05
9.56283e-05
0.000102283
0.000104211
0.00010185
9.58058e-05
8.66888e-05
7.4956e-05
6.07578e-05
4.39341e-05
2.42052e-05
1.40746e-06
-2.43557e-05
-5.25934e-05
-8.22652e-05
-0.000111686
-0.000138653
-0.000160757
-0.000175679
-0.000181443
-0.000176725
-0.000161221
-0.000135788
-0.000102272
-6.31989e-05
-2.15094e-05
1.97665e-05
5.79516e-05
9.10119e-05
0.000117512
0.000136451
0.000147228
0.000149677
0.000144021
0.00013084
0.000111138
8.64268e-05
5.86443e-05
2.99037e-05
2.16839e-06
-2.30243e-05
-4.47176e-05
-6.25613e-05
-7.67046e-05
-8.75267e-05
-9.5276e-05
-9.98349e-05
-0.000100747
-9.74025e-05
-8.92321e-05
-7.5956e-05
-5.78751e-05
-3.60067e-05
-1.19176e-05
1.2596e-05
3.57763e-05
5.6119e-05
7.25657e-05
8.45697e-05
9.19651e-05
9.47734e-05
9.30982e-05
8.70978e-05
7.69715e-05
6.29854e-05
4.55694e-05
2.54032e-05
3.39851e-06
-1.9397e-05
-4.18862e-05
-6.29845e-05
-8.16865e-05
-9.71175e-05
-0.000108537
-0.000115331
-0.000117053
-0.000113477
-0.000104643
-9.08666e-05
-7.27623e-05
-5.12361e-05
-2.74278e-05
-2.62508e-06
2.18091e-05
4.44993e-05
6.4126e-05
7.95127e-05
8.97337e-05
9.42144e-05
9.2788e-05
8.57126e-05
7.36609e-05
5.76453e-05
3.88573e-05
1.85011e-05
-2.29162e-06
-2.24953e-05
-4.12269e-05
-5.77606e-05
-7.14921e-05
-8.19036e-05
-8.8584e-05
-9.12834e-05
-8.99551e-05
-8.47681e-05
-7.60904e-05
-6.44511e-05
-5.04873e-05
-3.48843e-05
-1.83258e-05
-1.48013e-06
1.49871e-05
3.04083e-05
4.41312e-05
5.55417e-05
6.40937e-05
6.9359e-05
7.10873e-05
6.92374e-05
6.39703e-05
5.56171e-05
4.46411e-05
3.1597e-05
1.70918e-05
1.75836e-06
-1.3758e-05
-2.88086e-05
-4.27586e-05
-5.50093e-05
-6.50233e-05
-7.23567e-05
-7.66905e-05
-7.78478e-05
-7.5792e-05
-7.06242e-05
-6.25825e-05
-5.20326e-05
-3.94446e-05
-2.53705e-05
-1.0431e-05
4.70043e-06
1.93312e-05
3.27911e-05
4.44641e-05
5.38128e-05
6.04052e-05
6.39396e-05
6.42626e-05
6.1378e-05
5.54464e-05
4.67769e-05
3.5817e-05
2.31383e-05
9.40677e-06
-4.66141e-06
-1.83468e-05
-3.09663e-05
-4.19097e-05
-5.06776e-05
-5.69097e-05
-6.03944e-05
-6.10607e-05
-5.8966e-05
-5.42863e-05
-4.7301e-05
-3.83724e-05
-2.79276e-05
-1.64454e-05
-4.44061e-06
7.55567e-06
1.90168e-05
2.94423e-05
3.83788e-05
4.54398e-05
5.03255e-05
5.28415e-05
5.2907e-05
5.0555e-05
4.59302e-05
3.92851e-05
3.09637e-05
2.13796e-05
1.09959e-05
3.01746e-07
-1.02146e-05
-2.00877e-05
-2.88884e-05
-3.62415e-05
-4.18441e-05
-4.54779e-05
-4.70148e-05
-4.64236e-05
-4.37716e-05
-3.9219e-05
-3.30105e-05
-2.54646e-05
-1.69561e-05
-7.89281e-06
1.30581e-06
1.02257e-05
1.8475e-05
2.57004e-05
3.15986e-05
3.5928e-05
3.85205e-05
3.92892e-05
3.82296e-05
3.54205e-05
3.10238e-05
2.52766e-05
1.84743e-05
1.09557e-05
3.08589e-06
-4.76299e-06
-1.22314e-05
-1.89858e-05
-2.47306e-05
-2.92209e-05
-3.22746e-05
-3.37778e-05
-3.36863e-05
-3.20296e-05
-2.8911e-05
-2.45019e-05
-1.90311e-05
-1.27721e-05
-6.02713e-06
8.88822e-07
7.65964e-06
1.398e-05
1.95717e-05
2.41979e-05
2.76686e-05
2.98449e-05
3.06476e-05
3.00637e-05
2.81457e-05
2.50051e-05
2.08081e-05
1.57677e-05
1.01318e-05
4.16859e-06
-1.84507e-06
-7.63369e-06
-1.29358e-05
-1.75175e-05
-2.1183e-05
-2.37816e-05
-2.52124e-05
-2.54285e-05
-2.44418e-05
-2.23204e-05
-1.91826e-05
-1.51909e-05
-1.05429e-05
-5.46048e-06
-1.81724e-07
5.04777e-06
9.99052e-06
1.44301e-05
1.81751e-05
2.10657e-05
2.29848e-05
2.38639e-05
2.36819e-05
2.24669e-05
2.02961e-05
1.72878e-05
1.3593e-05
9.39303e-06
4.89222e-06
3.0243e-07
-4.16875e-06
-8.32118e-06
-1.19681e-05
-1.49487e-05
-1.71398e-05
-1.84582e-05
-1.88605e-05
-1.83429e-05
-1.69435e-05
-1.47423e-05
-1.18559e-05
-8.43028e-06
-4.63125e-06
-6.37549e-07
3.36575e-06
7.19529e-06
1.06801e-05
1.36697e-05
1.60379e-05
1.76869e-05
1.85536e-05
1.8613e-05
1.78767e-05
1.63914e-05
1.42385e-05
1.15302e-05
8.40204e-06
5.00573e-06
1.50266e-06
-1.94402e-06
-5.17887e-06
-8.06087e-06
-1.04665e-05
-1.2294e-05
-1.34696e-05
-1.39524e-05
-1.37333e-05
-1.28338e-05
-1.1306e-05
-9.23122e-06
-6.71531e-06
-3.88244e-06
-8.68544e-07
2.18549e-06
5.14018e-06
7.86333e-06
1.02357e-05
1.02357e-05
1.21556e-05
1.35437e-05
1.4346e-05
1.45364e-05
1.41171e-05
1.3119e-05
1.3119e-05
