4.47859e-13
-2.17749e-10
-3.68129e-09
-2.72383e-08
-1.20591e-07
-3.64492e-07
-8.10913e-07
-1.40002e-06
-1.96451e-06
-2.34859e-06
-2.50699e-06
-2.48517e-06
-2.3585e-06
-2.2068e-06
-2.08544e-06
-1.99318e-06
-1.89679e-06
-1.77379e-06
-1.60241e-06
-1.35127e-06
-1.02266e-06
-6.81738e-07
-4.22324e-07
-3.19389e-07
-4.06055e-07
-6.67568e-07
-1.05521e-06
-1.51842e-06
-2.02867e-06
-2.58157e-06
-3.18876e-06
-3.86843e-06
-4.63334e-06
-5.47866e-06
-6.37461e-06
-7.2675e-06
-8.09196e-06
-8.79177e-06
-9.337e-06
-9.72553e-06
-9.97068e-06
-1.00858e-05
-1.00738e-05
-9.92339e-06
-9.61383e-06
-9.12309e-06
-8.43479e-06
-7.54493e-06
-6.46803e-06
-5.23579e-06
-3.88587e-06
-2.44898e-06
-9.41062e-07
6.37306e-07
2.29307e-06
4.02894e-06
5.83734e-06
7.70153e-06
9.5981e-06
1.14998e-05
1.33817e-05
1.52282e-05
1.7037e-05
1.88205e-05
2.06009e-05
2.24007e-05
2.42324e-05
2.60961e-05
2.79807e-05
2.98668e-05
3.17263e-05
3.3519e-05
3.51899e-05
3.66701e-05
3.78826e-05
3.87492e-05
3.92005e-05
3.91858e-05
3.86776e-05
3.76689e-05
3.61635e-05
3.41629e-05
3.16561e-05
2.86193e-05
2.5023e-05
2.08462e-05
1.60923e-05
1.08004e-05
5.0474e-06
-1.06021e-06
-7.40496e-06
-1.38844e-05
-2.04335e-05
-2.70309e-05
-3.36886e-05
-4.04304e-05
-4.72653e-05
-5.41666e-05
-6.10642e-05
-6.78487e-05
-7.43843e-05
-8.05315e-05
-8.61716e-05
-9.12199e-05
-9.56229e-05
-9.93494e-05
-0.000102383
-0.000104719
-0.000106358
-0.000107304
-0.000107551
-0.000107071
-0.000105802
-0.00010365
-0.000100509
-9.62989e-05
-9.09964e-05
-8.46702e-05
-7.74858e-05
-6.96771e-05
-6.14892e-05
-5.31205e-05
-4.46868e-05
-3.62117e-05
-2.76337e-05
-1.8827e-05
-9.62545e-06
1.5669e-07
1.07091e-05
2.22106e-05
3.48076e-05
4.85843e-05
6.35365e-05
7.95681e-05
9.65076e-05
0.000114123
0.000132123
0.000150154
0.000167777
0.000184455
0.00019955
0.000212354
0.000222143
0.000228243
0.000230118
0.000227439
0.000220111
0.000208235
0.000191994
0.00017148
0.000146523
0.000116667
8.13098e-05
4.00245e-05
-7.006e-06
-5.85743e-05
-0.000112305
-0.000164942
-0.000212945
-0.000253142
-0.000283274
-0.000302342
-0.000310578
-0.000309047
-0.000299094
-0.000281948
-0.000258534
-0.000229498
-0.000195421
-0.000157145
-0.000115959
-7.35291e-05
-3.16455e-05
8.09145e-06
4.4569e-05
7.73464e-05
0.00010663
0.000133057
0.000157409
0.000180369
0.000202376
0.000223562
0.000243712
0.000262206
0.000277985
0.000289724
0.000296201
0.000296713
0.000291391
0.000281399
0.000268992
0.000257264
0.000249551
0.000248722
0.000256621
0.000273812
0.000299698
0.000333003
0.000372442
0.000417221
0.000467145
0.000522263
0.000582014
0.000643915
0.000702209
0.000747206
0.000765914
0.00074415
0.000670041
0.000538239
0.000352981
0.000128054
-0.000116352
-0.000358197
-0.000578154
-0.000763345
-0.000908831
-0.00101591
-0.0010886
-0.00113069
-0.00114401
-0.00112798
-0.00108087
-0.00100229
-0.000895347
-0.000767139
-0.000627675
-0.000487941
-0.00035751
-0.000242569
-0.000145386
-6.53661e-05
-9.31904e-07
4.86689e-05
8.23701e-05
9.75825e-05
9.16644e-05
6.37916e-05
1.63198e-05
-4.49226e-05
-0.000111543
-0.000174348
-0.00022521
-0.000258345
-0.000270667
-0.000261262
-0.000230271
-0.000177746
-0.000103089
-5.3144e-06
0.000116062
0.000259949
0.000422931
0.000599207
0.000781289
0.000961181
0.00113152
0.00128625
0.00142081
0.00153169
0.0016161
0.00167158
0.00169624
0.00168919
0.00165098
0.00158352
0.00148947
0.00137111
0.00122902
0.00106064
0.00085876
0.000610666
0.000299413
-9.04666e-05
-0.000562959
-0.00110083
-0.00166297
-0.00219193
-0.00262806
-0.00292376
-0.00305348
-0.00301768
-0.00283899
-0.00255154
-0.00218893
-0.00177601
-0.00132599
-0.000842699
-0.000327795
0.000210538
0.000753022
0.00127111
0.00173285
0.00210989
0.00238351
0.00254779
0.00260827
0.00257746
0.00246914
0.00229303
0.00205045
0.00173276
0.0013247
0.000813603
0.000202381
-0.000479558
-0.00117511
-0.00181127
-0.00231856
-0.00264853
-0.00278367
-0.00273843
-0.00255049
-0.00226457
-0.00191662
-0.00152591
-0.00109645
-0.000625936
-0.000118699
0.000403484
0.000900137
0.00132142
0.00132142
0.00162224
0.00177395
0.00176899
0.00161788
0.00134119
0.000961177
0.000496694
-3.69569e-05
-0.000623113
-0.00123654
-0.00183839
-0.00237689
-0.00279448
-0.00303964
-0.00307965
-0.00290888
-0.00254943
-0.00204429
-0.0014464
-0.000807377
-0.000169386
0.000437899
0.000994794
0.00148584
0.00189428
0.00219997
0.00238175
0.00242313
0.00231833
0.0020761
0.00171974
0.00128333
0.0008055
0.000322798
-0.000135119
-0.000547332
-0.000900655
-0.00118693
-0.00140004
-0.00153408
-0.00158338
-0.00154461
-0.00141934
-0.00121559
-0.000947618
-0.00063412
-0.000295302
4.98766e-05
0.000384767
0.000694028
0.000961788
0.00117075
0.00130336
0.00134538
0.00129058
0.00114432
0.000923565
0.000652936
0.00035905
6.53089e-05
-0.000211568
-0.000462578
-0.000684523
-0.000876041
-0.00103382
-0.0011508
-0.00121676
-0.00122104
-0.00115674
-0.00102467
-0.000835891
-0.000611852
-0.000381776
-0.000176432
-1.95484e-05
7.90583e-05
0.000125127
0.000136291
0.000135056
0.000140612
0.000162668
0.000200465
0.000246654
0.000292703
0.000333473
0.000369819
0.000407234
0.000449292
0.000488649
0.00050172
0.000452712
0.000308069
5.46542e-05
-0.000289277
-0.000676253
-0.00104228
-0.00132469
-0.00147984
-0.00149369
-0.00138026
-0.00117124
-0.000904516
-0.00061507
-0.000329181
-6.31717e-05
0.000173553
0.00037517
0.000538552
0.000663663
0.0007532
0.000811495
0.000843668
0.000855073
0.000850206
0.000831171
0.000797291
0.000746645
0.000678478
0.000595118
0.000502705
0.000409923
0.000324732
0.000251127
0.00018834
0.000132717
8.06571e-05
3.10685e-05
-1.35406e-05
-4.7746e-05
-6.52306e-05
-6.10473e-05
-3.32711e-05
1.63143e-05
8.28072e-05
0.000160052
0.000242909
0.000328698
0.000417106
0.000508532
0.000601531
0.000690626
0.000765738
0.000813601
0.000820604
0.000776277
0.000676568
0.000525772
0.000336162
0.000125579
-8.59225e-05
-0.000279524
-0.000440624
-0.000560331
-0.000634669
-0.000662321
-0.000642601
-0.000574479
-0.000456582
-0.000288203
-7.09914e-05
0.000189703
0.000484493
0.000800131
0.00111955
0.00142188
0.00168295
0.00187689
0.00197938
0.00197291
0.00185244
0.00162843
0.00132468
0.000972075
0.00060108
0.000235141
-0.000113543
-0.00044367
-0.000759326
-0.00106251
-0.00134759
-0.00159934
-0.00179511
-0.00191124
-0.00193105
-0.00185001
-0.00167621
-0.00142735
-0.00112557
-0.000791849
-0.000441819
-8.51053e-05
0.000272372
0.00062481
0.000963451
0.00127539
0.00154504
0.00175766
0.00190338
0.00197954
0.00199065
0.00194605
0.00185655
0.00173149
0.00157723
0.00139775
0.00119669
0.000979543
0.000754323
0.000529752
0.000311155
9.6226e-05
-0.000125578
-0.000367601
-0.000636512
-0.000923975
-0.00120369
-0.00143582
-0.0015787
-0.0016037
-0.00150588
-0.00130604
-0.00104542
-0.000775085
-0.000541809
-0.000375477
-0.000284158
-0.000257514
-0.000274352
-0.000311272
-0.000350851
-0.000386186
-0.000419361
-0.000455771
-0.000498491
-0.000545003
-0.000586681
-0.000611216
-0.000607132
-0.000567901
-0.000493436
-0.000388826
-0.000261524
-0.000118174
3.78898e-05
0.000207379
0.000393367
0.000597568
0.000815834
0.00103458
0.00122989
0.00137095
0.00142786
0.00138225
0.00123586
0.00101225
0.000749488
0.000487754
0.000257875
7.43187e-05
-6.61417e-05
-0.00017941
-0.000284109
-0.000391547
-0.000499988
-0.000594093
-0.000649046
-0.000638836
-0.000546331
-0.000371551
-0.000136201
0.000116786
0.000331224
0.000453284
0.000448582
0.000312716
7.18567e-05
-0.000226052
-0.000527364
-0.000790213
-0.000994832
-0.00114352
-0.00125442
-0.00135338
-0.00146456
-0.00160197
-0.00176493
-0.00193782
-0.00209238
-0.00219256
-0.00220215
-0.0020934
-0.00185344
-0.00148699
-0.00101564
-0.000474397
9.41163e-05
0.000647053
0.00114822
0.00157217
0.00190482
0.00214108
0.0022803
0.00232125
0.00225895
0.00208511
0.00179174
0.00137702
0.000851233
0.000240234
-0.000416032
-0.00106981
-0.0016737
-0.00218782
-0.00258423
-0.00284761
-0.00297223
-0.00295739
-0.00280405
-0.00251396
-0.00209146
-0.00154773
-0.000906058
-0.000906058
-0.000204955
0.000504022
0.00116494
0.00173023
0.00217157
0.00248328
0.00267743
0.00277427
0.00279237
0.00274125
0.00261975
0.00242078
0.00213946
0.00178018
0.00136058
0.000911016
0.000468779
6.88474e-05
-0.000264441
-0.000521442
-0.000706573
-0.000833771
-0.000919557
-0.000976681
-0.00101117
-0.00102305
-0.0010092
-0.00096665
-0.000895614
-0.000800912
-0.000691129
-0.000576019
-0.000463835
-0.000359821
-0.000266073
-0.000182418
-0.000107951
-4.24867e-05
1.30525e-05
5.75246e-05
9.09185e-05
0.000115257
0.000134589
0.000153654
0.000175217
0.00019735
0.00021256
0.000209446
0.000176116
0.000104339
-6.5188e-06
-0.000147298
-0.000300124
-0.000442712
-0.000553946
-0.000618616
-0.000630309
-0.000591991
-0.000514
-0.000410198
-0.000294287
-0.000177716
-6.88945e-05
2.69203e-05
0.000106945
0.000169472
0.000212782
0.000235017
0.000234419
0.000209326
0.000158375
8.12914e-05
-2.03388e-05
-0.000142862
-0.000280548
-0.000425556
-0.000568308
-0.000698366
-0.000805189
-0.00087855
-0.000909106
-0.000889291
-0.000814135
-0.000681843
-0.000494422
-0.000258404
1.49334e-05
0.000310469
0.000611186
0.00090037
0.00116351
0.00138989
0.00157374
0.00171434
0.00181463
0.00187896
0.00191073
0.00191041
0.00187444
0.00179542
0.00166417
0.00147288
0.00121855
0.000905283
0.000545102
0.000156647
-0.00023818
-0.000618379
-0.000966839
-0.00127134
-0.00152409
-0.00172051
-0.00185764
-0.00193326
-0.00194641
-0.00189867
-0.001795
-0.00164335
-0.0014533
-0.00123436
-0.00099452
-0.000739183
-0.000471426
-0.000193645
9.0162e-05
0.000372788
0.000643447
0.000888559
0.00109376
0.0012469
0.00134074
0.00137422
0.00135195
0.00128256
0.0011765
0.00104366
0.00089196
0.000727394
0.000555049
0.000380148
0.000208461
4.60432e-05
-0.000101573
-0.000230435
-0.000338854
-0.000427175
-0.000496594
-0.000547611
-0.000579021
-0.000588108
-0.000571992
-0.000529524
-0.000462961
-0.000378669
-0.00028631
-0.00019672
-0.000119424
-6.07e-05
-2.25774e-05
-3.08033e-06
2.05479e-06
-3.25759e-06
-1.77068e-05
-4.33386e-05
-8.43871e-05
-0.000144467
-0.000223344
-0.000315132
-0.00040898
-0.000491686
-0.000550962
-0.00057828
-0.000570383
-0.000528789
-0.00045775
-0.000361794
-0.000243843
-0.000104531
5.68871e-05
0.000240435
0.000443356
0.000659183
0.000878219
0.00108915
0.0012813
0.00144664
0.00158092
0.00168338
0.001755
0.00179582
0.00180243
0.00176687
0.001678
0.00152484
0.00130126
0.00101042
0.000667041
0.000295632
-7.43996e-05
-0.00041459
-0.000702459
-0.000924958
-0.00107918
-0.00116994
-0.00120592
-0.00119663
-0.00115053
-0.00107405
-0.000971943
-0.000848936
-0.000711023
-0.000565206
-0.000418339
-0.000276338
-0.000143934
-2.46263e-05
7.90025e-05
0.000164462
0.000228676
0.000268132
0.000279726
0.000261734
0.000214558
0.000140921
4.51757e-05
-6.80016e-05
-0.000194616
-0.000331447
-0.000475262
-0.000621469
-0.000762675
-0.000888071
-0.000984452
-0.00103872
-0.00104085
-0.000986144
-0.000876092
-0.000717455
-0.000519882
-0.000293199
-4.55994e-05
0.000216711
0.000488628
0.000764511
0.00103655
0.00129413
0.00152459
0.00171498
0.00185395
0.00193321
0.00194812
0.00189747
0.00178255
0.00160656
0.00137457
0.00109431
0.000777039
0.000437736
9.43374e-05
-0.00023411
-0.000530128
-0.000780784
-0.000979753
-0.00112742
-0.00122908
-0.00129218
-0.00132327
-0.00132556
-0.00129849
-0.0012394
-0.00114637
-0.00102026
-0.000865775
-0.000691416
-0.000508239
-0.000327561
-0.000158691
-7.73124e-06
0.000122453
0.00023137
0.000319401
0.000386344
0.000430903
0.000451246
0.000445945
0.000414685
0.000358642
0.000280494
0.000184062
7.38093e-05
-4.53368e-05
-0.00016771
-0.000286512
-0.000393835
-0.000481394
-0.000542027
-0.000571744
-0.000571411
-0.000546767
-0.000506455
-0.000459295
-0.000412291
-0.000369847
-0.000334009
-0.000305478
-0.000284735
-0.000272596
-0.000270105
-0.000278166
-0.000297111
-0.000326159
-0.000362993
-0.000403862
-0.000444301
-0.000480126
-0.000508163
-0.000526436
-0.000533822
-0.000529329
-0.000511282
-0.000476714
-0.000421319
-0.000421319
-0.000340273
-0.000230001
-9.05806e-05
7.20834e-05
0.000245566
0.000412663
0.000555365
0.000659395
0.000717533
0.000730927
0.000708201
0.000662283
0.000605843
0.000547439
0.000490014
0.000431758
0.000368609
0.000297525
0.000219158
0.000138509
6.34288e-05
2.08152e-06
-3.94886e-05
-5.89922e-05
-5.8217e-05
-4.18824e-05
-1.56266e-05
1.58462e-05
4.97532e-05
8.52278e-05
0.000122538
0.000161941
0.00020275
0.000243138
0.000280667
0.000313128
0.000339261
0.000359168
0.000374256
0.000386581
0.00039781
0.00040833
0.000416885
0.000420886
0.000417294
0.000403711
0.000379256
0.000344894
0.000303137
0.0002572
0.000210005
0.000163505
0.000118548
7.51667e-05
3.31419e-05
-7.43624e-06
-4.58897e-05
-8.10224e-05
-0.000111311
-0.000135045
-0.000150473
-0.000156013
-0.000150519
-0.000133784
-0.000107638
-7.76486e-05
-5.43617e-05
-5.24982e-05
-8.75117e-05
-0.000170535
-0.000303648
-0.000477542
-0.000673095
-0.000866502
-0.00103541
-0.0011635
-0.00124282
-0.00127374
-0.00126241
-0.00121626
-0.00114013
-0.00103474
-0.000897677
-0.000726119
-0.000520168
-0.000285307
-3.24143e-05
0.00022449
0.000471252
0.0006961
0.000891067
0.00105191
0.00117644
0.00126228
0.00130531
0.00130006
0.00124165
0.00112858
0.000965119
0.000762137
0.00053598
0.000305251
8.6716e-05
-0.000107958
-0.000273475
-0.000409912
-0.000519771
-0.000604127
-0.000659782
-0.000679096
-0.000652432
-0.000571794
-0.0004342
-0.000243759
-1.14365e-05
0.000247539
0.000517169
0.000782886
0.00103109
0.00124608
0.00140627
0.00148332
0.00144699
0.00127515
0.000964832
0.000538175
3.94302e-05
-0.000476382
-0.000957897
-0.00136938
-0.00169715
-0.00194864
-0.00214326
-0.00229886
-0.00242047
-0.00249617
-0.00250106
-0.00240782
-0.00219989
-0.00188052
-0.00147289
-0.00101244
-0.000535846
-7.11554e-05
0.000367677
0.000779884
0.0011716
0.00154778
0.00190593
0.00223363
0.00251064
0.00271411
0.00282412
0.00282708
0.002717
0.00249633
0.00217655
0.00177727
0.00132339
0.000841773
0.000358376
-0.000104304
-0.000528716
-0.000901883
-0.00121429
-0.00145956
-0.00163428
-0.00173714
-0.00176834
-0.00173013
-0.00162756
-0.00146837
-0.00126225
-0.00101996
-0.000752391
-0.000469831
-0.00018183
0.000102264
0.000372705
0.000619198
0.000831457
0.00100052
0.00112053
0.00119021
0.00121336
0.00119752
0.0011505
0.00107561
0.000967806
0.000813677
0.000597079
0.00030909
-4.28951e-05
-0.000432771
-0.000821231
-0.00116552
-0.00142968
-0.0015927
-0.00165175
-0.00161845
-0.00151092
-0.00134607
-0.00113461
-0.000880641
-0.000586839
-0.000262721
6.9757e-05
0.000377394
0.000623523
0.000779286
0.000833344
0.000794982
0.000689324
0.000547728
0.000397358
0.000253277
0.000116329
-2.19987e-05
-0.000170718
-0.00033106
-0.000491863
-0.000630357
-0.00071874
-0.000733806
-0.000664676
-0.000515468
-0.000302957
-5.07845e-05
0.00021756
0.000484082
0.000737787
0.000972476
0.0011828
0.00136092
0.00149537
0.00157277
0.00158167
0.00151648
0.00137955
0.00118021
0.000931923
0.00064943
0.000347165
3.91142e-05
-0.000260287
-0.000535245
-0.000768757
-0.000944018
-0.00104663
-0.00106756
-0.00100637
-0.000873081
-0.000686654
-0.000470375
-0.000246048
-2.92744e-05
0.000172519
0.000358457
0.000529761
0.000684889
0.000816755
0.000912906
0.000958257
0.000939593
0.000850434
0.000694077
0.000483361
0.000237536
-2.23527e-05
-0.000278028
-0.000516771
-0.000731233
-0.000916759
-0.00106822
-0.00117811
-0.0012366
-0.00123347
-0.00116116
-0.00101762
-0.000807908
-0.000544417
-0.000245692
6.57985e-05
0.000366446
0.000633963
0.00084901
0.00099628
0.00106565
0.00105338
0.000962752
0.000803753
0.000591801
0.000344868
7.91993e-05
-0.000194313
-0.000470587
-0.000747523
-0.00102167
-0.00128398
-0.00151743
-0.00169838
-0.00180181
-0.00180756
-0.0017049
-0.00149503
-0.00119092
-0.000813967
-0.000388646
6.22802e-05
0.000519923
0.000968811
0.00139468
0.00178178
0.0021114
0.00236305
0.00251791
0.00256308
0.00249477
0.00231932
0.00205162
0.0017118
0.00132141
0.00132141
0.000900696
0.000467355
3.68115e-05
-0.000376696
-0.000759033
-0.00109596
-0.00137394
-0.00158161
-0.00171134
-0.00176032
-0.00173057
-0.00162762
-0.00145846
-0.00123012
-0.000949405
-0.000623831
-0.000262933
0.000120604
0.000510514
0.000887583
0.00123123
0.00152158
0.00174158
0.00187863
0.00192573
0.00188168
0.0017504
0.00153954
0.00125878
0.000919035
0.000532637
0.000114532
-0.000316568
-0.000738087
-0.00112514
-0.00145337
-0.00170204
-0.00185668
-0.00191052
-0.00186417
-0.00172418
-0.00150144
-0.00121024
-0.000867649
-0.000493284
-0.00010907
0.000261415
0.000594482
0.000868652
0.0010673
0.00118085
0.00120783
0.00115433
0.00103221
0.000856469
0.000642248
0.000402767
0.000149043
-0.000108906
-0.000360637
-0.000594448
-0.000797455
-0.000956986
-0.0010632
-0.0011118
-0.00110548
-0.00105342
-0.000968758
-0.000864639
-0.000750897
-0.000632716
-0.0005113
-0.000385715
-0.000255271
-0.000121588
1.06868e-05
0.000134722
0.00024319
0.000330094
0.000392224
0.000429603
0.000444731
0.000441123
0.000421927
0.000389038
0.000342874
0.000282736
0.000207568
0.000116864
1.14175e-05
-0.000106314
-0.000232349
-0.000361886
-0.000490348
-0.000614072
-0.000729934
-0.00083416
-0.000921401
-0.000984863
-0.00101744
-0.00101338
-0.000969855
-0.000888043
-0.000773211
-0.000633809
-0.00047983
-0.000320974
-0.000165221
-1.81975e-05
0.000116567
0.000236707
0.000339974
0.000423709
0.000485036
0.000521502
0.00053179
0.000516317
0.000477504
0.000419514
0.0003475
0.000266747
0.000182081
9.76904e-05
1.73139e-05
-5.53871e-05
-0.000116548
-0.000162203
-0.000188803
-0.000193888
-0.000176588
-0.000137803
-7.99933e-05
-6.60825e-06
7.86927e-05
0.000172725
0.000273151
0.000378534
0.000488195
0.000601851
0.000719083
0.000838817
0.000959053
0.00107664
0.0011866
0.001281
0.0013482
0.0013735
0.00134169
0.00124056
0.00106424
0.000815655
0.000506866
0.000157312
-0.000209532
-0.000569505
-0.000900391
-0.00118406
-0.00140823
-0.0015671
-0.00166037
-0.00169137
-0.0016654
-0.00158832
-0.00146528
-0.00130014
-0.00109609
-0.000856797
-0.000587367
-0.000295228
8.99994e-06
0.000311644
0.000597567
0.000852124
0.00106236
0.00121763
0.00131023
0.00133583
0.00129352
0.00118562
0.00101769
0.000798236
0.000538099
0.000249704
-5.35968e-05
-0.000358255
-0.000651388
-0.000921462
-0.0011585
-0.0013539
-0.00150003
-0.00158976
-0.00161605
-0.0015722
-0.00145322
-0.00125815
-0.000992286
-0.000668171
-0.000305037
7.35667e-05
0.000443613
0.000784503
0.00108109
0.00132318
0.00150355
0.00161623
0.00165589
0.00161889
0.00150549
0.00132166
0.00107948
0.000795935
0.000490137
0.000179938
-0.000120771
-0.000402994
-0.000661832
-0.000894301
-0.00109644
-0.00126122
-0.00137841
-0.00143646
-0.00142502
-0.00133789
-0.00117569
-0.000947238
-0.000668523
-0.000359634
-4.1023e-05
0.000269802
0.000560225
0.00082224
0.00105012
0.00123769
0.00137699
0.00145891
0.00147518
0.00142104
0.00129748
0.00111172
0.00087618
0.000606364
0.000318762
2.90088e-05
-0.000249145
-0.000503903
-0.000724869
-0.000902585
-0.00102871
-0.00109699
-0.0011046
-0.00105331
-0.000949832
-0.000804948
-0.000631385
-0.000441255
-0.000244078
-4.59348e-05
0.000150224
0.000343166
0.000531203
0.000710349
0.000873936
0.00101367
0.00112125
0.00118994
0.00121576
0.00119809
0.00113928
0.0010437
0.000916761
0.000764268
0.000592077
0.000406152
0.000212749
1.83961e-05
-0.000170376
-0.00034719
-0.000505661
-0.000639163
-0.000740988
-0.000804943
-0.000826115
-0.000801584
-0.000731105
-0.000617518
-0.00046661
-0.000286545
-8.71739e-05
0.000120853
0.000327251
0.000523166
0.000701631
0.000857421
0.000986569
0.00108577
0.00115184
0.00118149
0.00117127
0.00111748
0.00101621
0.000864178
0.000660822
0.000410551
0.00012364
-0.000184782
-0.000496919
-0.000794861
-0.00106306
-0.00128995
-0.00146805
-0.00159286
-0.00166161
-0.00167216
-0.00162267
-0.00151218
-0.00134218
-0.00111778
-0.000847737
-0.000543291
-0.000216742
0.000119264
0.000451234
0.000451234
0.000763515
0.00103748
0.00125267
0.00139045
0.00143911
0.00139762
0.0012763
0.00109468
0.000877214
0.000647629
0.000423584
0.000213957
1.90273e-05
-0.000167595
-0.00035547
-0.000552175
-0.000758464
-0.000966185
-0.00115914
-0.00131559
-0.00141233
-0.00143039
-0.00136042
-0.00120489
-0.000976578
-0.000695382
-0.000384556
-6.66934e-05
0.000239337
0.00051918
0.000762094
0.000959995
0.00110691
0.00119852
0.00123202
0.00120678
0.00112515
0.000992582
0.000817176
0.000608899
0.000378899
0.000138814
-9.98507e-05
-0.000326153
-0.000529913
-0.000701796
-0.000833442
-0.000917709
-0.000949106
-0.000924485
-0.000843692
-0.000709702
-0.000527925
-0.000305068
-4.8444e-05
0.000233441
0.000528961
0.000821291
0.00108796
0.00130298
0.00144078
0.00148074
0.00141114
0.00123205
0.000955827
0.000604901
0.000207543
-0.000206685
-0.000611086
-0.000984895
-0.00131399
-0.00158889
-0.00180191
-0.00194549
-0.00201212
-0.00199529
-0.00189141
-0.00170202
-0.00143504
-0.00110412
-0.000726782
-0.000322189
9.09469e-05
0.000495217
0.000873473
0.00120675
0.00147352
0.00165189
0.00172436
0.00168239
0.00152878
0.00127707
0.000948638
0.000568281
0.00015997
-0.000255368
-0.000659891
-0.00103764
-0.00137276
-0.00164777
-0.00184339
-0.00194089
-0.00192584
-0.00179193
-0.00154322
-0.00119388
-0.000765266
-0.000281827
0.00023227
0.000754464
0.0012633
0.00173716
0.00215329
0.00248791
0.00271755
0.00282177
0.00278683
0.00260918
0.00229725
0.00187047
0.00135622
0.000786186
0.000193137
-0.000391527
-0.000939388
-0.00142548
-0.00182813
-0.00212897
-0.00231373
-0.00237352
-0.00230666
-0.00212034
-0.00183085
-0.00146168
-0.00103991
-0.000592085
-0.000141097
0.000295086
0.000702805
0.00107126
0.00139084
0.00165159
0.00184256
0.00195274
0.00197306
0.00189857
0.0017301
0.00147512
0.0011473
0.000764567
0.000346591
-8.72367e-05
-0.000519061
-0.00093307
-0.00131511
-0.00165166
-0.00192877
-0.00213196
-0.00224702
-0.00226228
-0.0021715
-0.00197619
-0.0016862
-0.00131838
-0.000894209
-0.000436937
3.08704e-05
0.000488729
0.000918449
0.00130383
0.00163039
0.0018855
0.00205904
0.00214439
0.00213898
0.00204379
0.00186193
0.00159749
0.00125543
0.000843131
0.00037273
-0.000136612
-0.000657694
-0.0011569
-0.00159873
-0.00195158
-0.00219233
-0.00230887
-0.00230016
-0.00217427
-0.00194497
-0.00162876
-0.00124344
-0.000808166
-0.000344023
0.000125809
0.000576727
0.000984423
0.00132753
0.00159061
0.00176636
0.00185561
0.0018653
0.00180541
0.00168627
0.00151688
0.00130479
0.00105724
0.000782546
0.000490762
0.000193158
-9.89569e-05
-0.000375547
-0.000628641
-0.000852322
-0.00104213
-0.00119419
-0.00130422
-0.00136702
-0.00137721
-0.0013309
-0.0012274
-0.0010702
-0.000867
-0.000628796
-0.000368171
-9.75427e-05
0.000172027
0.000431149
0.00067144
0.000884111
0.00105876
0.00118343
0.00124621
0.00123769
0.00115342
0.00099565
0.000773874
0.000503932
0.000205725
-9.96483e-05
-0.000392496
-0.000656399
-0.000879141
-0.00105251
-0.0011713
-0.00123249
-0.00123546
-0.00118246
-0.00107854
-0.000930565
-0.000746044
-0.000532212
-0.000295458
-4.15078e-05
0.000223539
0.000492037
0.000754329
0.000998945
0.00121305
0.00138342
0.00149819
0.00154899
0.0015323
0.00144974
0.0013078
0.00111699
0.000890668
0.000643579
0.000390577
0.000145521
-7.98525e-05
-0.000277098
-0.000441915
-0.000574191
-0.000677138
-0.000755786
-0.000815239
-0.000858972
-0.000887739
-0.000899694
-0.000891582
-0.000860003
-0.000802092
-0.000716039
-0.000601898
-0.000462282
-0.000302296
-0.000128847
5.00918e-05
0.000226114
0.000390908
0.000536393
0.000654469
0.000737
0.000776456
0.00076701
0.000705781
0.000594058
0.000438033
0.000248592
4.0189e-05
-0.000171009
-0.000369554
-0.000542936
-0.000682547
-0.000783279
-0.000842609
-0.000859818
-0.000835527
-0.000771752
-0.000672427
-0.000543815
-0.000394348
-0.000233905
-7.2762e-05
7.95337e-05
0.000214976
0.0003274
0.000412555
0.000468252
0.000494483
0.000494483
0.000493386
0.000468963
0.000426555
0.000372164
0.000311738
0.00025056
0.000192897
0.000142006
0.000100364
6.9861e-05
5.18723e-05
4.72291e-05
5.59025e-05
7.63836e-05
0.00010511
0.000136318
0.000162395
0.000174712
0.00016483
0.000125878
5.40307e-05
-4.98324e-05
-0.000178764
-0.000319927
-0.000456981
-0.000573742
-0.000657447
-0.000700639
-0.000701509
-0.00066278
-0.000589556
-0.000487125
-0.000359791
-0.000211182
-4.5676e-05
0.000129998
0.000306119
0.000471008
0.000613479
0.000725531
0.000803861
0.000849468
0.000865677
0.000855756
0.000821247
0.000761541
0.000674825
0.000560118
0.000419491
0.000259214
8.92625e-05
-7.85511e-05
-0.000233221
-0.000367077
-0.000477059
-0.000564144
-0.000631458
-0.000682106
-0.000717433
-0.000736142
-0.000734608
-0.000708265
-0.000653376
-0.000568444
-0.000454987
-0.00031761
-0.000163315
-2.57962e-07
0.000163247
0.000318801
0.000457451
0.000569733
0.00064667
0.000681254
0.000669816
0.000612953
0.000515605
0.000386048
0.000234296
7.0676e-05
-9.51722e-05
-0.000255006
-0.00040232
-0.000532125
-0.000640358
-0.000723355
-0.00077768
-0.000800329
-0.000789158
-0.000743359
-0.000663907
-0.000553977
-0.000419224
-0.000267677
-0.000109086
4.63735e-05
0.000189839
0.000315283
0.000420166
0.000505156
0.000573183
0.000628019
0.000672846
0.000709489
0.000738519
0.000759661
0.000772102
0.000774721
0.000766308
0.000745616
0.000711339
0.000662171
0.000597047
0.000515478
0.000417907
0.000305873
0.000181995
4.99122e-05
-8.58306e-05
-0.000220076
-0.000347469
-0.000462752
-0.000560848
-0.00063684
-0.000686031
-0.000704337
-0.000689029
-0.000639406
-0.000557036
-0.000445591
-0.000310471
-0.000158312
3.46156e-06
0.000166859
0.000323362
0.000464011
0.000579732
0.000662068
0.000704205
0.000701879
0.0006538
0.000561603
0.00042947
0.000263522
7.12274e-05
-0.000138838
-0.000356881
-0.000571767
-0.000771257
-0.00094288
-0.00107536
-0.00116004
-0.00119173
-0.00116893
-0.00109356
-0.000970368
-0.000806142
-0.000609332
-0.000389989
-0.000159794
6.81769e-05
0.000280228
0.000463387
0.000606925
0.000703592
0.000750382
0.000748625
0.000703129
0.000620597
0.000508083
0.00037196
0.000217471
4.8881e-05
-0.00012975
-0.000313546
-0.000496147
-0.00066966
-0.000825132
-0.000953435
-0.00104649
-0.00109847
-0.00110651
-0.00107071
-0.000993626
-0.000879681
-0.00073464
-0.000565189
-0.000378675
-0.000182966
1.37437e-05
0.000203314
0.000378221
0.00053228
0.000661484
0.000764801
0.000844389
0.000904632
0.000950037
0.000983023
0.00100285
0.00100602
0.000987567
0.00094285
0.000869478
0.000768734
0.000645461
0.000506451
0.000358313
0.00020578
5.11908e-05
-0.000104429
-0.000259296
-0.000409202
-0.000547102
-0.000663887
-0.000750053
-0.000797827
-0.000802886
-0.000765026
-0.000687829
-0.000577594
-0.00044185
-0.000287996
-0.000122646
4.82687e-05
0.000218979
0.000383359
0.000534727
0.000666021
0.000770255
0.000841088
0.000873463
0.000864188
0.000812447
0.000720162
0.000592097
0.000435645
0.000260422
7.76043e-05
-0.000101209
-0.000265438
-0.000406639
-0.000519027
-0.000599644
-0.000648249
-0.000666743
-0.000658292
-0.000626569
-0.000575237
-0.000507478
-0.000425604
-0.00033101
-0.000224553
-0.000107196
1.93155e-05
0.000151778
0.000284922
0.000411138
0.000520925
0.000604151
0.000651691
0.000656957
0.000617171
0.00053424
0.000414778
0.000269087
0.000109536
-5.11261e-05
-0.000201496
-0.000333075
-0.000440941
-0.000523123
-0.000579309
-0.000609776
-0.000614719
-0.000593907
-0.000546964
-0.000474284
-0.000377918
-0.000261836
-0.000131708
5.60384e-06
0.000142902
0.000273643
0.00039254
0.000495566
0.000579668
0.000642483
0.000682144
0.000697279
0.000687291
0.000652781
0.000595844
0.000520082
0.00043032
0.000332106
0.000231121
0.000132673
4.14329e-05
-3.85739e-05
-0.000103883
-0.000151652
-0.000179995
-0.000188525
-0.000178751
-0.000154017
-0.000118896
-7.83407e-05
-3.69703e-05
1.41139e-06
3.40812e-05
5.94823e-05
7.7196e-05
8.78844e-05
9.31754e-05
9.53361e-05
9.65806e-05
9.80184e-05
9.86138e-05
9.47748e-05
8.08647e-05
5.04488e-05
5.04488e-05
-1.90557e-06
-7.85133e-05
-0.000177004
-0.000290274
-0.000407895
-0.000518099
-0.000609842
-0.000674659
-0.000707545
-0.000706364
-0.000670521
-0.000600068
-0.000495662
-0.000359316
-0.000195752
-1.36758e-05
0.000174041
0.00035177
0.000503844
0.000617858
0.000687286
0.000712075
0.000696998
0.000648889
0.000573828
0.000475109
0.000352922
0.000206108
3.49882e-05
-0.000156049
-0.000356961
-0.000552184
-0.000723095
-0.000852135
-0.00092674
-0.000941687
-0.000899487
-0.000808781
-0.000681151
-0.000527689
-0.000356857
-0.000174199
1.66216e-05
0.000212101
0.000407157
0.000594229
0.0007638
0.00090598
0.00101218
0.00107612
0.00109405
0.00106429
0.000986387
0.000860668
0.000688627
0.000474284
0.000225577
-4.51576e-05
-0.000321947
-0.000586964
-0.000823095
-0.00101675
-0.00115978
-0.00124958
-0.00128771
-0.00127784
-0.0012238
-0.00112808
-0.000991715
-0.000815611
-0.000602312
-0.000357248
-8.91686e-05
0.000190223
0.000467527
0.000729405
0.000963912
0.00116083
0.00131138
0.00140806
0.00144491
0.001418
0.00132618
0.00117174
0.000960928
0.00070373
0.000413024
0.000103331
-0.000210572
-0.000514837
-0.00079713
-0.00104644
-0.0012525
-0.00140534
-0.00149548
-0.00151478
-0.00145782
-0.00132344
-0.00111572
-0.000843956
-0.000521642
-0.000165228
0.000206885
0.000575146
0.000919691
0.00122128
0.00146244
0.0016288
0.00171062
0.00170393
0.00161075
0.0014384
0.00119801
0.000902976
0.000567617
0.000206389
-0.000166261
-0.000535547
-0.000886144
-0.00120255
-0.00146994
-0.00167543
-0.0018094
-0.00186672
-0.00184711
-0.00175474
-0.00159726
-0.00138451
-0.00112724
-0.000836486
-0.000523575
-0.000200544
0.000119507
0.000422523
0.000694309
0.000922001
0.00109569
0.00120958
0.00126226
0.00125616
0.0011962
0.00108851
0.000939355
0.000754753
0.000540663
0.000303683
5.19647e-05
-0.000204364
-0.000453587
-0.000683365
-0.000881825
-0.00103848
-0.00114483
-0.0011945
-0.00118331
-0.00110924
-0.000972677
-0.000776849
-0.000528287
-0.000236999
8.3734e-05
0.000417926
0.000747996
0.00105648
0.00132786
0.0015497
0.00171293
0.00181166
0.00184258
0.00180455
0.00169839
0.0015271
0.00129608
0.0010131
0.000688276
0.000333801
-3.64761e-05
-0.000407738
-0.000764927
-0.00109334
-0.00137914
-0.00160996
-0.00177572
-0.00186928
-0.00188681
-0.00182799
-0.00169604
-0.00149755
-0.00124213
-0.000941682
-0.000609399
-0.000258761
9.72457e-05
0.000446434
0.000777345
0.00107911
0.0013415
0.00155512
0.00171184
0.00180514
0.0018307
0.00178661
0.00167351
0.00149448
0.00125526
0.000964509
0.000633982
0.000278116
-8.70319e-05
-0.000445082
-0.000780592
-0.00108017
-0.00133313
-0.00153138
-0.00166864
-0.00173957
-0.00173917
-0.00166331
-0.00151012
-0.00128184
-0.000985914
-0.00063487
-0.000245376
0.000163433
0.000571947
0.000961737
0.00131637
0.00162144
0.00186417
0.0020332
0.00211892
0.00211445
0.00201677
0.00182772
0.00155453
0.0012095
0.000808884
0.000371339
-8.38335e-05
-0.000538006
-0.000973897
-0.00137566
-0.00172883
-0.0020204
-0.00223929
-0.00237692
-0.00242775
-0.00238953
-0.00226325
-0.00205316
-0.00176653
-0.00141338
-0.00100606
-0.000559057
-8.87077e-05
0.000387242
0.000850246
0.00128164
0.00166348
0.0019797
0.00221723
0.00236661
0.0024219
0.00238043
0.00224274
0.00201312
0.00170054
0.00131917
0.000887941
0.000429166
-3.33905e-05
-0.000476849
-0.000881434
-0.00123188
-0.00151779
-0.0017331
-0.00187477
-0.001941
-0.00193
-0.00184007
-0.0016709
-0.0014252
-0.00111023
-0.000738619
-0.000328056
0.000100513
0.000525486
0.000926867
0.00128774
0.00159495
0.00183887
0.00201248
0.00211033
0.00212807
0.00206264
0.0019132
0.00168258
0.00137854
0.00101405
0.000606403
0.000175532
-0.000257918
-0.0006744
-0.00105668
-0.00139022
-0.0016631
-0.00186581
-0.0019912
-0.0020349
-0.00199589
-0.00187712
-0.00168584
-0.0014332
-0.00113321
-0.000801276
-0.000452804
-0.000102188
0.000237568
0.000554644
0.000837902
0.0010766
0.0012607
0.0012607
0.00138176
0.00143388
0.00141464
0.00132565
0.0011727
0.000965148
0.000715035
0.000435966
0.000142206
-0.000152076
-0.000433298
-0.000688745
-0.000906847
-0.00107767
-0.00119361
-0.00125012
-0.00124622
-0.00118468
-0.00107162
-0.000915782
-0.000727469
-0.000517528
-0.000296649
-7.51056e-05
0.000137227
0.000330902
0.000497203
0.000628672
0.000719769
0.000767424
0.00077125
0.000733271
0.000657241
0.000547786
0.000409721
0.000247833
6.71477e-05
-0.000126589
-0.000326488
-0.00052437
-0.000711134
-0.000877653
-0.00101584
-0.00111936
-0.00118392
-0.00120712
-0.00118804
-0.00112676
-0.0010239
-0.00088033
-0.000697382
-0.000477629
-0.000226181
4.83917e-05
0.000334168
0.000617011
0.000882318
0.00111694
0.00131054
0.0014559
0.00154819
0.00158417
0.00156181
0.00148055
0.00134202
0.00115107
0.000916347
0.000650069
0.000367129
8.34244e-05
-0.000186122
-0.000429223
-0.000637195
-0.000805321
-0.00093256
-0.00102047
-0.00107167
-0.00108855
-0.00107279
-0.00102539
-0.000947151
-0.000839203
-0.000703604
-0.000543583
-0.000363474
-0.000168588
3.48117e-05
0.000239554
0.000437849
0.000621879
0.000784484
0.000919688
0.00102298
0.00109132
0.00112287
0.00111649
0.00107149
0.000987751
0.000866322
0.000710127
0.000524652
0.000318013
0.000100229
-0.000117898
-0.000325828
-0.000514089
-0.000674745
-0.000801422
-0.000889098
-0.000934017
-0.000933826
-0.000887898
-0.000797769
-0.000667469
-0.000503511
-0.000314525
-0.000110662
9.72092e-05
0.000298383
0.000483056
0.000642791
0.000770752
0.000861765
0.000912288
0.000920429
0.000886059
0.000811015
0.000699255
0.000556822
0.000391492
0.000212077
2.7568e-05
-0.000153699
-0.000324658
-0.000479779
-0.000614927
-0.000726994
-0.000813586
-0.00087295
-0.000904113
-0.000907114
-0.000883257
-0.0008352
-0.000766683
-0.000681706
-0.000583297
-0.000472444
-0.000348111
-0.000208649
-5.38818e-05
0.000113295
0.000286415
0.000456172
0.000612251
0.000745641
0.00085034
0.000923827
0.000966389
0.000979672
0.000964992
0.000922296
0.000850427
0.000748516
0.000617759
0.000462779
0.000291941
0.000116295
-5.24724e-05
-0.000204182
-0.000331651
-0.000431187
-0.000502125
-0.000545719
-0.000563927
-0.000558674
-0.000531849
-0.000485814
-0.000423983
-0.000351089
-0.000272909
-0.000195376
-0.000123293
-5.93214e-05
-3.90764e-06
4.38391e-05
8.48915e-05
0.000119281
0.000145607
0.000161265
0.000163352
0.000149836
0.000120394
7.66084e-05
2.15792e-05
-4.08864e-05
-0.000107203
-0.000174614
-0.000241222
-0.000305498
-0.000365565
-0.000418642
-0.000460979
-0.000488351
-0.000496835
-0.000483508
-0.000446862
-0.000386921
-0.000305177
-0.000204472
-8.89012e-05
3.62374e-05
0.000164452
0.000288275
0.000399979
0.000492686
0.000561323
0.000603084
0.000617442
0.000605772
0.000570612
0.000514884
0.000441483
0.000353256
0.000253181
0.000144677
3.19152e-05
-8.01834e-05
-0.000186458
-0.000282316
-0.000364453
-0.000431228
-0.000482525
-0.000519222
-0.000542547
-0.000553619
-0.000553205
-0.00054159
-0.000518556
-0.000483529
-0.000435892
-0.000375377
-0.000302412
-0.00021836
-0.000125647
-2.76564e-05
7.1673e-05
0.00016838
0.000258844
0.00033991
0.000408874
0.000463364
0.000501181
0.000520336
0.000519324
0.000497472
0.000455174
0.000393916
0.000316053
0.000224367
0.000121675
1.07193e-05
-0.000105622
-0.000223898
-0.000339548
-0.000446436
-0.000536671
-0.000601103
-0.000630822
-0.00061934
-0.00056445
-0.000469112
-0.000341351
-0.000193172
-3.8414e-05
0.000109857
0.000241276
0.000348886
0.000428987
0.000480527
0.000504247
0.000501945
0.000476211
0.000430495
0.000369147
0.000297219
0.000220078
0.00014294
7.05412e-05
6.95752e-06
-4.44943e-05
-8.12801e-05
-0.000101674
-0.000105052
-9.24861e-05
-6.7253e-05
-3.48531e-05
-2.3896e-06
2.27049e-05
3.42364e-05
2.83711e-05
3.97297e-06
-3.74182e-05
-9.16732e-05
-0.000152555
-0.000212776
-0.000265205
-0.000303766
-0.000323954
-0.000322988
-0.000299722
-0.000254547
-0.000189474
-0.000108368
-1.71127e-05
7.67021e-05
0.000164791
0.00023953
0.000294973
0.000327247
0.000334495
0.000316463
0.000273814
0.000273814
0.000207504
0.000118597
8.44561e-06
-0.000120846
-0.000265645
-0.000419874
-0.000574497
-0.000717855
-0.000836818
-0.000918463
-0.000952053
-0.000930887
-0.00085329
-0.000722205
-0.00054372
-0.000325545
-7.59945e-05
0.000196475
0.000483054
0.000773638
0.00105565
0.00131335
0.00152828
0.00168119
0.00175538
0.00173985
0.00163095
0.00143229
0.00115333
0.000807366
0.000409263
-2.59045e-05
-0.000482932
-0.000945344
-0.00139374
-0.00180489
-0.00215282
-0.00241196
-0.00256117
-0.00258712
-0.00248626
-0.00226476
-0.00193653
-0.00152015
-0.00103613
-0.000505582
4.96038e-05
0.000605913
0.0011377
0.00161782
0.00201962
0.00232005
0.00250286
0.00256106
0.00249758
0.00232396
0.00205765
0.00171874
0.00132743
0.000902547
0.00046157
2.15112e-05
-0.000400195
-0.000785762
-0.00111799
-0.00138152
-0.00156412
-0.00165785
-0.0016597
-0.00157146
-0.00139905
-0.00115187
-0.000842267
-0.000485014
-9.71073e-05
0.000302322
0.000692341
0.00105123
0.00135807
0.00159454
0.0017465
0.00180537
0.00176881
0.00164062
0.00142978
0.001149
0.000813379
0.000439391
4.4139e-05
-0.000355149
-0.000741587
-0.00109913
-0.00141323
-0.00167173
-0.00186556
-0.00198918
-0.00204038
-0.00201997
-0.00193126
-0.00177965
-0.00157243
-0.00131893
-0.00103048
-0.000719925
-0.000400395
-8.39879e-05
0.000219274
0.00050168
0.000757262
0.00098089
0.00116762
0.0013124
0.00141013
0.00145625
0.00144766
0.0013836
0.00126599
0.00109932
0.000890309
0.000647634
0.000381618
0.000104057
-0.000171956
-0.000432143
-0.000661398
-0.000844891
-0.000969854
-0.00102744
-0.00101423
-0.00093319
-0.000793677
-0.000609997
-0.000398763
-0.000176211
4.37195e-05
0.000250341
0.000436226
0.000596336
0.000726719
0.000823492
0.00088248
0.000899441
0.000870673
0.000793984
0.000669818
0.000502062
0.000298117
6.82672e-05
-0.000175377
-0.000420204
-0.000654524
-0.000868679
-0.00105545
-0.00120972
-0.00132755
-0.00140476
-0.0014358
-0.00141366
-0.0013312
-0.00118327
-0.000968869
-0.000693005
-0.000367229
-8.34505e-06
0.000364136
0.00073049
0.00107256
0.00137485
0.00162467
0.00181161
0.00192695
0.00196393
0.00191898
0.00179317
0.00159338
0.00133256
0.00102841
0.000701175
0.000370946
5.54375e-05
-0.000231278
-0.000478666
-0.00067872
-0.000824919
-0.000911662
-0.000934368
-0.000890375
-0.000780347
-0.000609456
-0.000387716
-0.000129422
0.000148092
0.000425992
0.000685335
0.000907958
0.0010771
0.00117817
0.00119993
0.00113561
0.00098365
0.000748301
0.000440442
7.8441e-05
-0.000312346
-0.000702107
-0.00106039
-0.0013599
-0.00157942
-0.00170538
-0.00173193
-0.00165969
-0.00149407
-0.00124405
-0.000921946
-0.000543832
-0.000129917
0.000295956
0.000707784
0.00107969
0.00138864
0.00161679
0.00175282
0.00179201
0.00173555
0.00158964
0.00136497
0.00107634
0.00074211
0.000383023
2.07597e-05
-0.000323322
-0.000629289
-0.00087964
-0.00106012
-0.00116042
-0.00117486
-0.00110293
-0.000949416
-0.0007241
-0.000441084
-0.000117582
0.000227555
0.000575173
0.000906959
0.00120642
0.00145957
0.00165518
0.00178477
0.00184263
0.00182572
0.00173362
0.00156834
0.00133422
0.00103787
0.000688151
0.000296189
-0.000124786
-0.000559679
-0.000992159
-0.00140566
-0.00178423
-0.0021129
-0.00237763
-0.00256572
-0.00266674
-0.00267377
-0.00258452
-0.00240184
-0.00213373
-0.00179264
-0.00139441
-0.000956927
-0.00049901
-3.95539e-05
0.000402841
0.000810027
0.00116467
0.00145108
0.00165646
0.00177232
0.00179547
0.00172832
0.00157835
0.00135685
0.00107747
0.000754897
0.000404032
3.97815e-05
-0.000322736
-0.000667952
-0.000980047
-0.00124369
-0.00144524
-0.00157412
-0.00162408
-0.00159397
-0.00148769
-0.00131365
-0.00108363
-0.000811432
-0.000511534
-0.000198184
0.000114995
0.000415149
0.000690311
0.000929551
0.00112325
0.00126362
0.00134545
0.00136668
0.00132874
0.00123634
0.00109698
0.000920066
0.000716118
0.000496154
0.000271271
5.23706e-05
-0.000150112
-0.000326608
-0.000469044
-0.000571596
-0.000571596
-0.000631322
-0.000648351
-0.000625548
-0.000567887
-0.000481752
-0.000374281
-0.000252736
-0.000124027
5.54275e-06
0.000130328
0.000245272
0.000345858
0.000428112
0.000488638
0.000524684
0.000534295
0.000516518
0.000471489
0.000400518
0.00030633
0.000193389
6.8072e-05
-6.14376e-05
-0.000185631
-0.000294709
-0.000380093
-0.000435842
-0.000459266
-0.000450722
-0.000412967
-0.000350341
-0.000267822
-0.000170288
-6.23883e-05
5.10386e-05
0.000164456
0.000271363
0.000364537
0.000436901
0.00048275
0.000498697
0.000484046
0.000440641
0.000372365
0.000284406
0.000182564
7.27484e-05
-3.93016e-05
-0.000148191
-0.000248997
-0.000337453
-0.00041018
-0.000464902
-0.000500569
-0.000517255
-0.000515794
-0.000497349
-0.000463239
-0.000415015
-0.000354597
-0.000284368
-0.000207228
-0.000126485
-4.55486e-05
3.23783e-05
0.000104462
0.000168218
0.000221336
0.000261405
0.000285793
0.000291835
0.000277318
0.000241127
0.000183892
0.000108296
1.87979e-05
-7.9171e-05
-0.000180131
-0.000279315
-0.000373021
-0.000458374
-0.000532612
-0.000592423
-0.000633745
-0.000652141
-0.000643638
-0.000605787
-0.000538485
-0.000444216
-0.000327758
-0.00019559
-5.51355e-05
8.59572e-05
0.000220296
0.000340986
0.000441833
0.000517667
0.000564749
0.000581114
0.000566653
0.000522926
0.000452855
0.000360343
0.000249817
0.000125842
-7.05378e-06
-0.0001444
-0.000281746
-0.000414541
-0.000538004
-0.000647187
-0.000737264
-0.000803858
-0.000843278
-0.000852782
-0.000830951
-0.000778042
-0.000696081
-0.000588662
-0.000460588
-0.000317474
-0.000165304
-1.002e-05
0.000142806
0.00028823
0.000422114
0.000541106
0.000642393
0.000723436
0.000781898
0.00081579
0.000823676
0.000804856
0.000759567
0.000689134
0.000595957
0.00048327
0.000354814
0.000214627
6.70118e-05
-8.33218e-05
-0.000231117
-0.00037063
-0.000495948
-0.000601481
-0.000682557
-0.000735894
-0.000759692
-0.000753373
-0.000717217
-0.000652147
-0.000559804
-0.000442887
-0.000305498
-0.000153214
7.16935e-06
0.000168142
0.000322189
0.000462581
0.000583974
0.000682662
0.000756505
0.000804579
0.000826683
0.000822954
0.000793756
0.000739763
0.000662066
0.000562302
0.00044288
0.000307218
0.000159753
5.6508e-06
-0.000149609
-0.000300578
-0.000442055
-0.000569128
-0.000677013
-0.000760821
-0.000815481
-0.000836076
-0.00081867
-0.000761392
-0.000665199
-0.000533965
-0.000374009
-0.000193278
-3.79438e-07
0.000196227
0.000388534
0.000568797
0.00072917
0.000861534
0.000957894
0.00101144
0.00101783
0.000976129
0.000888999
0.000762324
0.00060419
0.000423658
0.000229769
3.10348e-05
-0.000164666
-0.000349919
-0.000517512
-0.000660368
-0.000771914
-0.000846778
-0.000881586
-0.000875561
-0.00083069
-0.000751335
-0.000643434
-0.000513548
-0.000368022
-0.000212503
-5.19703e-05
0.000108796
0.000264645
0.000409691
0.000537292
0.000640358
0.00071203
0.000746637
0.000740625
0.000693107
0.000605923
0.000483332
0.000331481
0.000157836
-2.92352e-05
-0.000220599
-0.000406399
-0.000576349
-0.000720484
-0.000830148
-0.00089882
-0.000922555
-0.000900063
-0.000832479
-0.000722886
-0.000575816
-0.000396955
-0.000193033
2.81406e-05
0.000257565
0.000485054
0.000699627
0.000890331
0.00104722
0.00116224
0.00122982
0.00124719
0.00121412
0.00113254
0.00100607
0.000839821
0.00064047
0.000416397
0.000177602
-6.47547e-05
-0.000299166
-0.000514762
-0.000702203
-0.000854282
-0.000966124
-0.00103501
-0.00105997
-0.00104133
-0.000980423
-0.000879597
-0.000742602
-0.000574979
-0.000384212
-0.000179465
2.90117e-05
0.000230674
0.000415495
0.0005746
0.000700649
0.000787979
0.000832677
0.000832646
0.000787705
0.000699664
0.000572348
0.000411572
0.000225026
2.19788e-05
-0.000187191
-0.000391614
-0.000580609
-0.000744305
-0.000874079
-0.00096283
-0.0010052
-0.000997882
-0.000939932
-0.000833195
-0.000682486
-0.000495372
-0.000281516
-5.18259e-05
0.000182295
0.000409518
0.000619046
0.000801066
0.000947196
0.00105085
0.00110753
0.0011151
0.00107407
0.000987729
0.00086198
0.000704768
0.000525323
0.000333269
0.000137815
-5.28359e-05
-0.000231783
-0.000393425
-0.000393425
-0.00053325
-0.000647588
-0.000733401
-0.000788192
-0.000810126
-0.000798315
-0.000753064
-0.000675898
-0.00056952
-0.000437876
-0.000286245
-0.000121086
5.0318e-05
0.000220238
0.000380826
0.000524464
0.000644128
0.00073374
0.000788565
0.000805633
0.000784028
0.000724942
0.000631528
0.000508604
0.000362271
0.000199555
2.80716e-05
-0.000144311
-0.000309819
-0.000461088
-0.000591482
-0.000695438
-0.000768804
-0.000809093
-0.000815603
-0.000789353
-0.000732818
-0.000649486
-0.000543357
-0.000418556
-0.000279217
-0.000129648
2.53638e-05
0.000180329
0.000329027
0.000464792
0.00058116
0.00067268
0.000735566
0.000767967
0.000769831
0.000742477
0.000688077
0.000609255
0.000508997
0.000390828
0.000259094
0.000119168
-2.25653e-05
-0.000159054
-0.000283184
-0.00038845
-0.00046955
-0.000522817
-0.000546452
-0.000540471
-0.000506448
-0.000447194
-0.000366467
-0.000268696
-0.000158781
-4.20007e-05
7.60307e-05
0.000189473
0.00029247
0.000379472
0.000445682
0.000487547
0.000503099
0.000492031
0.00045548
0.000395602
0.000315055
0.000216611
0.000103045
-2.27095e-05
-0.000157236
-0.000296277
-0.000434556
-0.000565977
-0.000684116
-0.000782733
-0.000856217
-0.000900048
-0.000911247
-0.000888587
-0.000832522
-0.000744951
-0.000628949
-0.000488515
-0.00032845
-0.000154345
2.74017e-05
0.000209639
0.000384624
0.000544341
0.00068107
0.000788107
0.000860426
0.00089512
0.000891596
0.000851502
0.000778435
0.00067752
0.00055497
0.000417687
0.000272886
0.000127665
-1.144e-05
-0.00013881
-0.000250004
-0.000341889
-0.000412594
-0.000461234
-0.000487623
-0.000492196
-0.000476125
-0.000441433
-0.000391019
-0.000328589
-0.000258412
-0.000184909
-0.000112254
-4.4112e-05
1.64689e-05
6.70515e-05
0.000105728
0.000131113
0.000142499
0.000140055
0.00012489
9.89331e-05
6.46529e-05
2.47305e-05
-1.82125e-05
-6.18325e-05
-0.00010424
-0.00014405
-0.000180236
-0.000211876
-0.000237913
-0.000257007
-0.000267542
-0.000267859
-0.000256644
-0.000233289
-0.000198123
-0.00015245
-9.84703e-05
-3.90843e-05
2.24051e-05
8.26274e-05
0.000138424
0.000187039
0.000226268
0.000254587
0.000271244
0.000276277
0.000270492
0.000255397
0.000233016
0.000205597
0.000175329
0.000144209
0.000114029
8.63904e-05
6.26905e-05
4.40664e-05
3.12666e-05
2.44861e-05
2.32838e-05
2.66543e-05
3.32409e-05
4.16396e-05
5.06979e-05
5.96827e-05
6.82965e-05
7.66377e-05
8.51383e-05
9.44081e-05
0.000104999
0.000117221
0.00013108
0.000146268
0.000162163
0.000177801
0.00019182
0.000202436
0.00020754
0.00020494
0.000192731
0.000169676
0.000135477
9.07505e-05
3.67881e-05
-2.47244e-05
-9.19234e-05
-0.000162887
-0.000235564
-0.000307466
-0.000375294
-0.000434765
-0.000480865
-0.000508614
-0.000514146
-0.000495556
-0.00045316
-0.000389289
-0.000307867
-0.000213901
-0.000112965
-1.07924e-05
8.70014e-05
0.000175178
0.000249131
0.000305153
0.000340703
0.000354567
0.000346866
0.000318951
0.000273179
0.00021257
0.00014049
6.05182e-05
-2.35838e-05
-0.000107908
-0.00018844
-0.000261119
-0.000322009
-0.000367612
-0.000395168
-0.000402897
-0.000390142
-0.000357405
-0.000306201
-0.000238783
-0.000157872
-6.64611e-05
3.22666e-05
0.000134925
0.00023787
0.000337163
0.000428628
0.000507975
0.000571036
0.000614087
0.000634195
0.000629448
0.000598997
0.000543046
0.000462911
0.000361183
0.000241895
0.000110486
-2.65073e-05
-0.000161977
-0.000288902
-0.000401062
-0.000493626
-0.00056341
-0.000608789
-0.000629472
-0.000626179
-0.000600283
-0.000553559
-0.000488139
-0.000406551
-0.000311697
-0.000206859
-9.57683e-05
1.73446e-05
0.000127867
0.000231034
0.000322172
0.000396935
0.000451625
0.000483567
0.000491378
0.000475121
0.000436334
0.000377913
0.000303792
0.000218512
0.000126815
3.33462e-05
-5.7574e-05
-0.000142083
-0.000216793
-0.000278735
-0.000325336
-0.000354488
-0.000364678
-0.000355164
-0.000326132
-0.000278803
-0.000215407
-0.000139007
-5.32382e-05
3.79856e-05
0.000130764
0.000221454
0.000306805
0.00038396
0.000450344
0.000503489
0.00054092
0.000560203
0.000559209
0.000536474
0.000491483
0.000424862
0.000338542
0.000338542
0.000235821
0.00012125
3.48343e-07
-0.000120749
-0.000235761
-0.000338856
-0.000425228
-0.00049141
-0.000535328
-0.000556202
-0.000554343
-0.000530789
-0.000486969
-0.00042457
-0.000345603
-0.000252542
-0.000148521
-3.74889e-05
7.58353e-05
0.000186329
0.000289005
0.000379485
0.000454312
0.000511078
0.000548333
0.000565276
0.000561414
0.000536362
0.000489932
0.000422528
0.000335716
0.000232621
0.000117923
-2.54833e-06
-0.000122455
-0.000235722
-0.000337203
-0.000423026
-0.000490554
-0.000538083
-0.000564452
-0.000568752
-0.000550328
-0.000509121
-0.000446117
-0.000363686
-0.00026566
-0.000157122
-4.38943e-05
6.81083e-05
0.000173478
0.000267673
0.000347114
0.000409075
0.000451497
0.000472856
0.000472198
0.000449351
0.000405183
0.000341788
0.000262487
0.000171617
7.4137e-05
-2.48453e-05
-0.000120495
-0.000208533
-0.000285342
-0.000347919
-0.000393762
-0.000420807
-0.000427486
-0.000412939
-0.000377276
-0.000321782
-0.00024894
-0.00016227
-6.60461e-05
3.50256e-05
0.000136099
0.00023241
0.000319426
0.000392964
0.000449334
0.000485534
0.000499497
0.000490272
0.000458114
0.00040447
0.00033187
0.000243707
0.000143963
3.69719e-05
-7.27445e-05
-0.000180539
-0.000281633
-0.00037115
-0.000444323
-0.000496889
-0.000525552
-0.00052838
-0.000505085
-0.0004571
-0.000387398
-0.000300077
-0.00019988
-9.17697e-05
1.9336e-05
0.000128697
0.000231753
0.000324098
0.000401552
0.000460376
0.000497578
0.000511219
0.000500648
0.000466594
0.000411054
0.000337038
0.0002483
0.000149088
4.39764e-05
-6.22582e-05
-0.000164733
-0.000258612
-0.000339358
-0.000403057
-0.000446755
-0.00046871
-0.000468488
-0.000446924
-0.000405933
-0.00034823
-0.000277031
-0.000195847
-0.000108388
-1.85016e-05
6.98936e-05
0.000152932
0.000226996
0.000288966
0.000336448
0.000367905
0.00038268
0.000380926
0.000363478
0.000331724
0.000287518
0.000233091
0.000170983
0.000103966
3.49699e-05
-3.30454e-05
-9.72595e-05
-0.000155195
-0.000204881
-0.000244927
-0.000274474
-0.000293087
-0.000300638
-0.000297188
-0.000282912
-0.000258138
-0.000223523
-0.000180268
-0.000130291
-7.62885e-05
-2.16461e-05
2.98872e-05
7.46899e-05
0.000109778
0.000133201
0.000144287
0.000143695
0.000133178
0.0001151
9.18864e-05
6.56389e-05
3.79451e-05
9.86745e-06
-1.78955e-05
-4.47212e-05
-6.97996e-05
-9.20345e-05
-0.000110122
-0.000122743
-0.000128795
-0.000127613
-0.000119057
-0.000103439
-8.13385e-05
-5.3461e-05
-2.06244e-05
1.61319e-05
5.5383e-05
9.51687e-05
0.000132962
0.000165872
0.000191082
0.000206376
0.000210503
0.000203293
0.000185574
0.000158931
0.000125347
8.68382e-05
4.52506e-05
2.2241e-06
-4.07307e-05
-8.21167e-05
-0.000120356
-0.00015382
-0.000181018
-0.000200875
-0.000212939
-0.000217427
-0.000215035
-0.000206614
-0.000192857
-0.000174159
-0.00015068
-0.000122586
-9.03831e-05
-5.51671e-05
-1.86422e-05
1.70944e-05
4.9859e-05
7.76735e-05
9.89887e-05
0.000112768
0.00011842
0.000115669
0.000104481
8.50666e-05
5.79934e-05
2.43501e-05
-1.41391e-05
-5.51528e-05
-9.59797e-05
-0.000133863
-0.000166407
-0.00019191
-0.000209464
-0.000218855
-0.00022034
-0.000214415
-0.000201606
-0.000182399
-0.000157315
-0.000127054
-9.25695e-05
-5.50374e-05
-1.57542e-05
2.39988e-05
6.30848e-05
0.000100576
0.000135718
0.000167826
0.000196175
0.00021996
0.000238368
0.000250717
0.000256611
0.000256018
0.000249228
0.000236701
0.000218899
0.000196188
0.000168864
0.0001373
0.000102148
6.44909e-05
2.58285e-05
-1.21224e-05
-4.77101e-05
-7.96301e-05
-0.000107129
-0.00013004
-0.000148599
-0.000163152
-0.000173849
-0.000180464
-0.000182418
-0.000179046
-0.000169992
-0.000155509
-0.000136582
-0.000114869
-9.24815e-05
-7.16318e-05
-5.42713e-05
-4.18353e-05
-3.51321e-05
-3.43265e-05
-3.89724e-05
-4.81004e-05
-6.03541e-05
-7.41411e-05
-8.77822e-05
-9.96949e-05
-0.000108598
-0.000113633
-0.000114327
-0.000110463
-0.000101975
-8.88817e-05
-7.12372e-05
-4.91486e-05
-2.28741e-05
7.0736e-06
3.98807e-05
7.44353e-05
0.000109391
0.000143325
0.000174944
0.000203227
0.000227462
0.000247221
0.000262301
0.000272637
0.000278212
0.000278995
0.000274896
0.000274896
0.000265781
0.000251558
0.000232292
0.000208284
0.000180064
0.000148345
0.000113989
7.79907e-05
4.1437e-05
5.40057e-06
-2.9222e-05
-6.18562e-05
-9.2296e-05
-0.000120617
-0.000146994
-0.000171497
-0.000193941
-0.000213822
-0.000230336
-0.000242519
-0.000249484
-0.000250639
-0.000245781
-0.000235093
-0.000219084
-0.000198512
-0.00017428
-0.000147312
-0.000118457
-8.8437e-05
-5.78822e-05
-2.74171e-05
2.25964e-06
3.03718e-05
5.61631e-05
7.90396e-05
9.86585e-05
0.000114923
0.000127915
0.00013781
0.000144775
0.000148874
0.000150017
0.000147987
0.000142559
0.000133666
0.00012153
0.000106704
9.0037e-05
7.25783e-05
5.54503e-05
3.97418e-05
2.64334e-05
1.63292e-05
9.9686e-06
7.52605e-06
8.75971e-06
1.30568e-05
1.95497e-05
2.724e-05
3.51136e-05
4.22472e-05
4.78649e-05
5.13225e-05
5.2067e-05
4.96223e-05
4.35974e-05
3.37088e-05
1.98297e-05
2.04745e-06
-1.93152e-05
-4.37181e-05
-7.04171e-05
-9.84438e-05
-0.000126561
-0.000153218
-0.000176562
-0.000194544
-0.00020518
-0.000206913
-0.000198946
-0.000181391
-0.000155212
-0.000122071
-8.41263e-05
-4.37539e-05
-3.23475e-06
3.5445e-05
7.06504e-05
0.000101073
0.000125668
0.000143584
0.000154164
0.000157041
0.000152252
0.00014029
0.000122062
9.87766e-05
7.17904e-05
4.24728e-05
1.21215e-05
-1.80606e-05
-4.69368e-05
-7.3383e-05
-9.62603e-05
-0.00011446
-0.000127005
-0.000133166
-0.000132542
-0.000125072
-0.000110976
-9.06576e-05
-6.46201e-05
-3.34649e-05
2.04206e-06
4.08409e-05
8.14344e-05
0.000121815
0.000159519
0.000191817
0.000216051
0.000230063
0.00023258
0.000223341
0.000202961
0.000172665
0.000134013
8.86854e-05
3.83924e-05
-1.50482e-05
-6.95709e-05
-0.000122796
-0.000172097
-0.000214818
-0.000248602
-0.000271724
-0.000283281
-0.000283193
-0.000272043
-0.000250832
-0.000220719
-0.000182871
-0.000138445
-8.86894e-05
-3.50967e-05
2.04558e-05
7.5694e-05
0.000128104
0.000175197
0.00021476
0.000245022
0.000264734
0.000273202
0.000270253
0.000256186
0.000231732
0.000198066
0.000156818
0.000110074
6.03047e-05
1.0225e-05
-3.74255e-05
-8.01278e-05
-0.000115786
-0.000142839
-0.000160276
-0.000167587
-0.000164714
-0.000152031
-0.000130323
-0.000100782
-6.49765e-05
-2.47995e-05
1.76366e-05
6.01501e-05
0.000100662
0.000137355
0.000168792
0.000193954
0.000212212
0.000223255
0.000227005
0.000223565
0.000213223
0.000196485
0.000174082
0.000146934
0.000116114
8.28046e-05
4.82621e-05
1.3774e-05
-1.93702e-05
-4.98873e-05
-7.64984e-05
-9.79393e-05
-0.00011301
-0.000120671
-0.000120183
-0.000111245
-9.41011e-05
-6.95519e-05
-3.88584e-05
-3.57909e-06
3.45697e-05
7.37939e-05
0.000112252
0.00014806
0.0001793
0.000204095
0.000220756
0.000227973
0.000225006
0.0002118
0.000188978
0.000157705
0.000119505
7.60925e-05
2.92577e-05
-1.92001e-05
-6.7473e-05
-0.000113738
-0.00015619
-0.000193117
-0.000223026
-0.000244794
-0.000257805
-0.000262029
-0.000258005
-0.000246744
-0.000229564
-0.000207918
-0.000183276
-0.000157068
-0.000130666
-0.000105383
-8.24643e-05
-6.306e-05
-4.8162e-05
-3.85148e-05
-3.45464e-05
-3.63441e-05
-4.3682e-05
-5.60805e-05
-7.28637e-05
-9.31847e-05
-0.000116032
-0.000140241
-0.000164544
-0.000187636
-0.00020828
-0.000225381
-0.000238059
-0.000245682
-0.000247856
-0.000244379
-0.000235167
-0.000220211
-0.000199593
-0.000173566
-0.00014269
-0.000107955
-7.0816e-05
-3.311e-05
3.11038e-06
3.58037e-05
6.32038e-05
8.40459e-05
9.7656e-05
0.000103895
0.000103038
9.56504e-05
8.24775e-05
6.43749e-05
4.23113e-05
1.74023e-05
-9.08366e-06
-3.57552e-05
-6.11516e-05
-8.38221e-05
-0.000102425
-0.000115814
-0.000123093
-0.000123679
-0.000117375
-0.000104429
-8.55361e-05
-6.17749e-05
-3.44995e-05
-5.21566e-06
2.45534e-05
5.33799e-05
7.99886e-05
0.000103271
0.000122295
0.000136312
0.000144763
0.000147292
0.000143786
0.000134417
0.00011966
0.00010029
7.73677e-05
5.21889e-05
2.62059e-05
9.28321e-07
-2.2176e-05
-4.17773e-05
-5.67694e-05
-6.63258e-05
-6.99124e-05
-6.72698e-05
-5.83975e-05
-4.35502e-05
-2.32318e-05
1.81626e-06
3.06315e-05
6.20502e-05
9.47266e-05
0.000127157
0.000157728
0.000184824
0.000206968
0.000206968
0.00022296
0.000231978
0.000233626
0.00022793
0.000215269
0.00019626
0.000171629
0.000142127
0.000108512
7.162e-05
3.24782e-05
-7.61373e-06
-4.71004e-05
-8.4258e-05
-0.000117314
-0.000144585
-0.000164633
-0.000176388
-0.000179225
-0.000172997
-0.000158021
-0.000135054
-0.000105221
-6.99363e-05
-3.08136e-05
1.04194e-05
5.20179e-05
9.23166e-05
0.000129803
0.000163159
0.000191292
0.000213359
0.000228771
0.000237172
0.000238418
0.000232563
0.000219828
0.000200598
0.000175449
0.000145238
0.000111177
7.48523e-05
3.81296e-05
3.00911e-06
-2.85684e-05
-5.49283e-05
-7.48279e-05
-8.75179e-05
-9.27089e-05
-9.05062e-05
-8.13527e-05
-6.59867e-05
-4.54247e-05
-2.09667e-05
5.82294e-06
3.3197e-05
5.93661e-05
8.26648e-05
0.000101701
0.000115452
0.000123299
0.000125005
0.00012066
0.000110591
9.52719e-05
7.52946e-05
5.13928e-05
2.44999e-05
-4.1876e-06
-3.31762e-05
-6.0729e-05
-8.50223e-05
-0.000104349
-0.000117307
-0.000122955
-0.0001209
-0.000111272
-9.4607e-05
-7.16925e-05
-4.34607e-05
-1.09554e-05
2.46266e-05
6.18347e-05
9.88585e-05
0.00013351
0.000163356
0.000185993
0.000199423
0.000202381
0.00019449
0.000176178
0.000148458
0.000112692
7.04057e-05
2.32017e-05
-2.716e-05
-7.85981e-05
-0.000128589
-0.000174208
-0.000212404
-0.000240442
-0.000256357
-0.000259207
-0.000249121
-0.000227164
-0.000195073
-0.000154916
-0.000108827
-5.88732e-05
-7.03282e-06
4.47373e-05
9.44183e-05
0.000139914
0.000179169
0.000210384
0.000232256
0.000244132
0.000246042
0.000238594
0.00022281
0.000199955
0.000171409
0.000138626
0.000103144
6.66197e-05
3.08231e-05
-2.43939e-06
-3.14768e-05
-5.48919e-05
-7.17153e-05
-8.14455e-05
-8.40038e-05
-7.96419e-05
-6.88391e-05
-5.22258e-05
-3.05609e-05
-4.76993e-06
2.39777e-05
5.41764e-05
8.3919e-05
0.000110933
0.000132788
0.000147236
0.000152579
0.000147925
0.000133315
0.000109694
7.87034e-05
4.23382e-05
2.59925e-06
-3.87492e-05
-8.02842e-05
-0.000120912
-0.000159746
-0.000195938
-0.000228525
-0.000256379
-0.000278226
-0.000292746
-0.000298767
-0.00029553
-0.000282898
-0.000261418
-0.000232228
-0.000196917
-0.000157332
-0.000115396
-7.29645e-05
-3.17608e-05
6.63893e-06
4.0801e-05
6.94238e-05
9.13491e-05
0.000105626
0.000111617
0.000109108
9.83515e-05
8.0061e-05
5.53406e-05
2.55807e-05
-7.65287e-06
-4.26978e-05
-7.78249e-05
-0.000111232
-0.00014105
-0.000165399
-0.000182527
-0.000190996
-0.00018992
-0.000179165
-0.000159447
-0.00013224
-9.95437e-05
-6.35791e-05
-2.64999e-05
9.83895e-06
4.39669e-05
7.47206e-05
0.000101102
0.000122198
0.000137198
0.000145476
0.000146728
0.000141104
0.00012925
0.000112237
9.13993e-05
6.81662e-05
4.38942e-05
1.97662e-05
-3.23698e-06
-2.43203e-05
-4.28414e-05
-5.82709e-05
-7.01636e-05
-7.81711e-05
-8.20991e-05
-8.19667e-05
-7.80309e-05
-7.07664e-05
-6.08098e-05
-4.88904e-05
-3.57647e-05
-2.21579e-05
-8.71025e-06
4.06808e-06
1.58122e-05
2.62817e-05
3.53183e-05
4.28059e-05
4.86428e-05
5.27306e-05
5.49886e-05
5.53946e-05
5.403e-05
5.10989e-05
4.69195e-05
4.18958e-05
3.64685e-05
3.10526e-05
2.59933e-05
2.15579e-05
1.79497e-05
1.53306e-05
1.38448e-05
1.36323e-05
1.48154e-05
1.74683e-05
2.15966e-05
2.71459e-05
3.40409e-05
4.22402e-05
5.17794e-05
6.27564e-05
7.52188e-05
8.89616e-05
0.000103324
0.000117121
0.000128759
0.000136518
0.000138905
0.000135026
0.000124792
0.000108868
8.83972e-05
6.46769e-05
3.88939e-05
1.19426e-05
-1.55931e-05
-4.32795e-05
-7.06186e-05
-9.69176e-05
-0.00012126
-0.000142562
-0.000159716
-0.000171774
-0.000178067
-0.000178241
-0.000172238
-0.000160293
-0.000142913
-0.000120814
-9.48649e-05
-6.60475e-05
-3.5448e-05
-4.23366e-06
2.63963e-05
5.52824e-05
8.14009e-05
0.000103959
0.000122426
0.000136483
0.000145926
0.00015057
0.000150208
0.00014462
0.000133664
0.000117438
9.64341e-05
7.15921e-05
4.4213e-05
1.57913e-05
-1.21723e-05
-3.83469e-05
-6.1686e-05
-8.14407e-05
-9.70985e-05
-0.000108312
-0.000114844
-0.00011654
-0.000113347
-0.00010538
-9.29551e-05
-7.65792e-05
-5.69016e-05
-3.46704e-05
-1.07087e-05
1.41e-05
3.88249e-05
6.24832e-05
8.40274e-05
0.000102365
0.000102365
0.000116439
0.000125355
0.000128512
0.000125721
0.000117268
0.000103888
8.66499e-05
6.67883e-05
4.55478e-05
2.40745e-05
3.36344e-06
-1.57418e-05
-3.25178e-05
-4.63387e-05
-5.67091e-05
-6.33481e-05
-6.62694e-05
-6.57933e-05
-6.24819e-05
-5.70368e-05
-5.01939e-05
-4.26366e-05
-3.49486e-05
-2.76215e-05
-2.11017e-05
-1.58384e-05
-1.23058e-05
-1.09787e-05
-1.22418e-05
-1.62485e-05
-2.27982e-05
-3.13022e-05
-4.0861e-05
-5.04258e-05
-5.90035e-05
-6.58495e-05
-7.05807e-05
-7.31577e-05
-7.37647e-05
-7.26661e-05
-7.00918e-05
-6.61644e-05
-6.08959e-05
-5.42665e-05
-4.63335e-05
-3.72972e-05
-2.7507e-05
-1.74248e-05
-7.54975e-06
1.67564e-06
9.92737e-06
1.70049e-05
2.27989e-05
2.7251e-05
3.03176e-05
3.19523e-05
3.21208e-05
3.08429e-05
2.82386e-05
2.45471e-05
2.011e-05
1.53254e-05
1.05869e-05
6.21793e-06
2.41421e-06
-7.90332e-07
-3.52377e-06
-6.04014e-06
-8.65387e-06
-1.16627e-05
-1.52793e-05
-1.95873e-05
-2.45384e-05
-3.00024e-05
-3.58414e-05
-4.19598e-05
-4.83162e-05
-5.49137e-05
-6.17709e-05
-6.88763e-05
-7.61525e-05
-8.34551e-05
-9.0597e-05
-9.73815e-05
-0.000103638
-0.000109247
-0.000114133
-0.00011823
-0.000121461
-0.00012374
-0.000125004
-0.00012524
-0.000124514
-0.000122972
-0.000120838
-0.000118379
-0.000115868
-0.000113534
-0.000111513
-0.000109802
-0.000108226
-0.000106466
-0.000104117
-0.000100769
-9.60515e-05
-8.9634e-05
-8.12001e-05
-7.04509e-05
-5.71514e-05
-4.12102e-05
-2.27649e-05
-2.25095e-06
1.95863e-05
4.1773e-05
6.32731e-05
8.31615e-05
0.000100734
0.000115528
0.000127273
0.000135788
0.000140907
0.000142455
0.000140285
0.000134327
0.000124647
0.000111506
9.53834e-05
7.69428e-05
5.69466e-05
3.61497e-05
1.52224e-05
-5.27306e-06
-2.48569e-05
-4.30876e-05
-5.95348e-05
-7.37828e-05
-8.54601e-05
-9.42801e-05
-0.000100073
-0.000102779
-0.000102387
-9.88332e-05
-9.19318e-05
-8.14077e-05
-6.70438e-05
-4.8868e-05
-2.72849e-05
-3.12198e-06
2.24154e-05
4.78938e-05
7.18769e-05
9.31341e-05
0.00011076
0.0001242
0.000133193
0.000137672
0.000137664
0.000133259
0.000124636
0.000112131
9.62885e-05
7.78915e-05
5.79248e-05
3.7492e-05
1.76991e-05
-4.59881e-07
-1.61758e-05
-2.88399e-05
-3.80216e-05
-4.34377e-05
-4.4934e-05
-4.24927e-05
-3.62647e-05
-2.66026e-05
-1.40631e-05
6.24573e-07
1.66141e-05
3.30141e-05
4.89657e-05
6.37023e-05
7.65791e-05
8.70727e-05
9.47684e-05
9.93535e-05
0.000100634
9.8583e-05
9.33941e-05
8.5522e-05
7.56647e-05
6.46936e-05
5.35412e-05
4.30732e-05
3.39858e-05
2.67645e-05
2.17036e-05
1.89569e-05
1.85919e-05
2.06347e-05
2.50784e-05
3.18355e-05
4.06581e-05
5.10772e-05
6.24011e-05
7.37897e-05
8.43883e-05
9.34629e-05
0.00010048
0.000105121
0.000107244
0.000106819
0.00010386
9.83806e-05
9.04043e-05
8.00067e-05
6.73818e-05
5.2898e-05
3.71101e-05
2.07053e-05
4.40875e-06
-1.11113e-05
-2.53077e-05
-3.77762e-05
-4.82343e-05
-5.64695e-05
-6.22841e-05
-6.54569e-05
-6.57457e-05
-6.29458e-05
-5.69893e-05
-4.80297e-05
-3.64593e-05
-2.28537e-05
-7.8715e-06
7.85159e-06
2.37718e-05
3.9443e-05
5.44709e-05
6.84505e-05
8.09195e-05
9.1356e-05
9.92379e-05
0.000104144
0.000105854
0.000104401
0.000100079
9.3379e-05
8.48953e-05
7.52301e-05
6.4926e-05
5.44394e-05
4.41484e-05
3.43814e-05
2.54534e-05
1.76871e-05
1.13944e-05
6.80929e-06
3.98694e-06
2.70471e-06
2.42019e-06
2.34308e-06
1.63128e-06
-3.48082e-07
-3.79761e-06
-8.41413e-06
-1.35117e-05
-1.82923e-05
-2.21291e-05
-2.47452e-05
-2.62535e-05
-2.70708e-05
-2.77317e-05
-2.86794e-05
-3.01305e-05
-3.2064e-05
-3.4306e-05
-3.66607e-05
-3.90391e-05
-4.15264e-05
-4.43492e-05
-4.77654e-05
-5.19484e-05
-5.69161e-05
-6.25204e-05
-6.84896e-05
-7.45003e-05
-8.02306e-05
-8.5358e-05
-8.95242e-05
-9.23176e-05
-9.32936e-05
-9.20216e-05
-8.81541e-05
-8.15157e-05
-7.21745e-05
-6.04539e-05
-4.68715e-05
-3.20409e-05
-1.65831e-05
-1.07776e-06
1.39369e-05
2.79325e-05
4.03603e-05
5.06547e-05
5.82799e-05
6.28028e-05
6.39734e-05
6.17869e-05
5.65037e-05
4.86151e-05
3.87728e-05
2.77006e-05
1.61071e-05
4.62742e-06
-6.18783e-06
-1.58523e-05
-2.39211e-05
-2.99826e-05
-3.36723e-05
-3.4715e-05
-3.29833e-05
-2.85451e-05
-2.16861e-05
-2.16861e-05
-1.28991e-05
-2.84114e-06
7.72812e-06
1.80069e-05
2.72013e-05
3.457e-05
3.9473e-05
4.14255e-05
4.01418e-05
3.55532e-05
2.78058e-05
1.72561e-05
4.45437e-06
-9.91222e-06
-2.51067e-05
-4.04184e-05
-5.52092e-05
-6.89364e-05
-8.11505e-05
-9.14732e-05
-9.95804e-05
-0.000105209
-0.000108169
-0.000108356
-0.000105758
-0.000100455
-9.2619e-05
-8.24837e-05
-7.03088e-05
-5.6331e-05
-4.07422e-05
-2.37188e-05
-5.48666e-06
1.3622e-05
3.31505e-05
5.25233e-05
7.10605e-05
8.79983e-05
0.000102526
0.000113843
0.000121239
0.000124192
0.000122444
0.00011606
0.00010543
9.12081e-05
7.42147e-05
5.53401e-05
3.54749e-05
1.54597e-05
-3.93738e-06
-2.20082e-05
-3.80941e-05
-5.16118e-05
-6.21098e-05
-6.933e-05
-7.32596e-05
-7.41466e-05
-7.24582e-05
-6.87902e-05
-6.37535e-05
-5.78606e-05
-5.14403e-05
-4.46142e-05
-3.73458e-05
-2.95352e-05
-2.11361e-05
-1.2266e-05
-3.25659e-06
5.40224e-06
1.31948e-05
1.97049e-05
2.46896e-05
2.80999e-05
3.00421e-05
3.06837e-05
3.01552e-05
2.8498e-05
2.56682e-05
2.15896e-05
1.62468e-05
9.77318e-06
2.47877e-06
-5.19438e-06
-1.27568e-05
-1.97613e-05
-2.5867e-05
-3.08532e-05
-3.45879e-05
-3.69751e-05
-3.7913e-05
-3.72848e-05
-3.49901e-05
-3.10018e-05
-2.54225e-05
-1.85228e-05
-1.07458e-05
-2.66342e-06
5.10892e-06
1.20072e-05
1.75891e-05
2.15629e-05
2.37779e-05
2.41878e-05
2.28068e-05
1.96795e-05
1.48809e-05
8.54904e-06
9.25585e-07
-7.62253e-06
-1.66174e-05
-2.55187e-05
-3.37943e-05
-4.0989e-05
-4.6769e-05
-5.09322e-05
-5.33891e-05
-5.41278e-05
-5.31776e-05
-5.05971e-05
-4.64948e-05
-4.10745e-05
-3.46788e-05
-2.78026e-05
-2.10592e-05
-1.51033e-05
-1.05323e-05
-7.79468e-06
-7.13532e-06
-8.59458e-06
-1.20448e-05
-1.72311e-05
-2.38065e-05
-3.13702e-05
-3.95073e-05
-4.78106e-05
-5.58795e-05
-6.33064e-05
-6.96592e-05
-7.44702e-05
-7.72536e-05
-7.75558e-05
-7.50186e-05
-6.94314e-05
-6.07709e-05
-4.92232e-05
-3.51803e-05
-1.92071e-05
-2.00093e-06
1.56391e-05
3.28436e-05
4.87316e-05
6.24925e-05
7.34556e-05
8.11328e-05
8.52442e-05
8.57251e-05
8.27134e-05
7.65268e-05
6.76406e-05
5.6661e-05
4.42894e-05
3.12771e-05
1.83701e-05
6.24847e-06
-4.5223e-06
-1.35195e-05
-2.04692e-05
-2.52262e-05
-2.77291e-05
-2.79601e-05
-2.59361e-05
-2.17271e-05
-1.54829e-05
-7.45179e-06
2.01585e-06
1.24943e-05
2.35376e-05
3.47386e-05
4.5766e-05
5.63699e-05
6.63532e-05
7.55238e-05
8.36574e-05
9.04904e-05
9.57319e-05
9.90867e-05
0.000100303
9.92351e-05
9.58843e-05
9.04119e-05
8.31229e-05
7.44309e-05
6.48043e-05
5.47162e-05
4.46164e-05
3.49199e-05
2.60032e-05
1.82026e-05
1.18128e-05
7.08113e-06
4.19284e-06
3.24955e-06
4.25037e-06
7.08857e-06
1.15631e-05
1.73967e-05
2.42586e-05
3.17863e-05
3.96e-05
4.73002e-05
5.44583e-05
6.06166e-05
6.53078e-05
6.80918e-05
6.86071e-05
6.66363e-05
6.21675e-05
5.54222e-05
4.68327e-05
3.69813e-05
2.65169e-05
1.60671e-05
6.16455e-06
-2.78664e-06
-1.04968e-05
-1.67495e-05
-2.137e-05
-2.42208e-05
-2.52226e-05
-2.43904e-05
-2.18693e-05
-1.79412e-05
-1.29859e-05
-7.40821e-06
-1.56234e-06
4.29625e-06
1.00097e-05
1.54747e-05
2.05847e-05
2.51832e-05
2.90454e-05
3.18989e-05
3.3478e-05
3.35788e-05
3.20903e-05
2.90016e-05
2.43935e-05
1.84194e-05
1.12777e-05
3.19434e-06
-5.57389e-06
-1.47229e-05
-2.38896e-05
-3.26604e-05
-4.06034e-05
-4.73179e-05
-5.24882e-05
-5.59235e-05
-5.75707e-05
-5.75038e-05
-5.58977e-05
-5.3003e-05
-4.91311e-05
-4.46406e-05
-3.99191e-05
-3.53604e-05
-3.13443e-05
-2.82175e-05
-2.62746e-05
-2.57407e-05
-2.67604e-05
-2.93948e-05
-3.36281e-05
-3.93799e-05
-4.65178e-05
-5.48644e-05
-6.41923e-05
-7.4206e-05
-8.45145e-05
-9.46002e-05
-0.000103798
-0.000111322
-0.000116357
-0.000118217
-0.000116463
-0.000110973
-0.000101938
-8.98215e-05
-7.52961e-05
-5.91537e-05
-4.22245e-05
-2.53169e-05
-9.17464e-06
5.54728e-06
1.8289e-05
2.85858e-05
3.60712e-05
4.04896e-05
4.17168e-05
3.9775e-05
3.48328e-05
2.71947e-05
1.72878e-05
5.63742e-06
-7.1663e-06
-2.04979e-05
-3.37186e-05
-4.62015e-05
-5.73589e-05
-6.66616e-05
-7.36548e-05
-7.79766e-05
-7.93797e-05
-7.77507e-05
-7.31204e-05
-6.5657e-05
-5.56374e-05
-4.34071e-05
-2.93465e-05
-1.38553e-05
2.64388e-06
2.64388e-06
1.96919e-05
3.67811e-05
5.33436e-05
6.87472e-05
8.23155e-05
9.33829e-05
0.000101372
0.000105869
0.000106678
0.000103857
9.77035e-05
8.87058e-05
7.74842e-05
6.47553e-05
5.13168e-05
3.8021e-05
2.57244e-05
1.52121e-05
7.09601e-06
1.70423e-06
-9.88251e-07
-1.33191e-06
1.20385e-07
2.77004e-06
6.0984e-06
9.73642e-06
1.34748e-05
1.72141e-05
2.0881e-05
2.43637e-05
2.75002e-05
3.011e-05
3.20404e-05
3.32048e-05
3.35946e-05
3.32633e-05
3.2286e-05
3.07031e-05
2.84728e-05
2.54682e-05
2.15296e-05
1.6543e-05
1.05116e-05
3.60277e-06
-3.84727e-06
-1.13815e-05
-1.85078e-05
-2.47878e-05
-2.99022e-05
-3.36799e-05
-3.60891e-05
-3.72008e-05
-3.71491e-05
-3.61212e-05
-3.4389e-05
-3.23595e-05
-3.05875e-05
-2.97085e-05
-3.02972e-05
-3.2714e-05
-3.69909e-05
-4.27939e-05
-4.9485e-05
-5.6294e-05
-6.25363e-05
-6.77701e-05
-7.18308e-05
-7.47661e-05
-7.67078e-05
-7.77262e-05
-7.77352e-05
-7.65027e-05
-7.37466e-05
-6.92631e-05
-6.30422e-05
-5.53358e-05
-4.66412e-05
-3.75941e-05
-2.88234e-05
-2.08297e-05
-1.39276e-05
-8.25457e-06
-3.8355e-06
-6.6916e-07
1.21731e-06
1.78616e-06
1.06746e-06
-7.52174e-07
-3.2817e-06
-5.94746e-06
-8.08146e-06
-9.04668e-06
-8.36084e-06
-5.77793e-06
-1.29249e-06
4.93499e-06
1.26876e-05
2.1779e-05
3.2081e-05
4.34737e-05
5.57263e-05
6.83606e-05
8.05718e-05
9.12635e-05
9.92116e-05
0.000103325
0.000102902
9.77623e-05
8.82001e-05
7.4828e-05
5.8395e-05
3.96262e-05
1.91367e-05
-2.53965e-06
-2.48343e-05
-4.70185e-05
-6.81395e-05
-8.70656e-05
-0.000102648
-0.000113938
-0.000120359
-0.000121781
-0.000118474
-0.000110991
-0.000100008
-8.62066e-05
-7.02142e-05
-5.26257e-05
-3.40673e-05
-1.52711e-05
2.89481e-06
1.94728e-05
3.35304e-05
4.43098e-05
5.13597e-05
5.46025e-05
5.43114e-05
5.10095e-05
4.53349e-05
3.79236e-05
2.93384e-05
2.00552e-05
1.05015e-05
1.11705e-06
-7.61211e-06
-1.51793e-05
-2.11262e-05
-2.51137e-05
-2.69632e-05
-2.6663e-05
-2.43408e-05
-2.02087e-05
-1.45002e-05
-7.4257e-06
8.41638e-07
1.01519e-05
2.03424e-05
3.11955e-05
4.24119e-05
5.36127e-05
6.43743e-05
7.42855e-05
8.30045e-05
9.02882e-05
9.59854e-05
0.000100009
0.000102302
0.000102816
0.000101518
9.84215e-05
9.36289e-05
8.73668e-05
7.99931e-05
7.19678e-05
6.37941e-05
5.59495e-05
4.88254e-05
4.26881e-05
3.76761e-05
3.38298e-05
3.11353e-05
2.95599e-05
2.9074e-05
2.9654e-05
3.1262e-05
3.38101e-05
3.71346e-05
4.0995e-05
4.50978e-05
4.91292e-05
5.27896e-05
5.5822e-05
5.80216e-05
5.92343e-05
5.93519e-05
5.83081e-05
5.60753e-05
5.2667e-05
4.81466e-05
4.26367e-05
3.63205e-05
2.94358e-05
2.22617e-05
1.50975e-05
8.24049e-06
1.96343e-06
-3.50186e-06
-7.97496e-06
-1.13305e-05
-1.34977e-05
-1.44578e-05
-1.42402e-05
-1.29207e-05
-1.06207e-05
-7.50668e-06
-3.78169e-06
3.30056e-07
4.60737e-06
8.86073e-06
1.29548e-05
1.68117e-05
2.03944e-05
2.36819e-05
2.66479e-05
2.92419e-05
3.13785e-05
3.2934e-05
3.37518e-05
3.36497e-05
3.24332e-05
2.99242e-05
2.60076e-05
2.06761e-05
1.40438e-05
6.32784e-06
-2.18533e-06
-1.11753e-05
-2.03255e-05
-2.93516e-05
-3.80014e-05
-4.60314e-05
-5.31715e-05
-5.90968e-05
-6.34264e-05
-6.57748e-05
-6.58369e-05
-6.34641e-05
-5.87001e-05
-5.17739e-05
-4.3054e-05
-3.29737e-05
-2.19501e-05
-1.03314e-05
1.61216e-06
1.36551e-05
2.5556e-05
3.69977e-05
4.75628e-05
5.67651e-05
6.41221e-05
6.92423e-05
7.19133e-05
7.21674e-05
7.02969e-05
6.68118e-05
6.236e-05
5.76283e-05
5.32366e-05
4.96602e-05
4.72107e-05
4.60498e-05
4.61836e-05
4.74326e-05
4.94308e-05
5.16803e-05
5.36385e-05
5.48049e-05
5.47963e-05
5.3397e-05
5.05649e-05
4.63909e-05
4.10308e-05
3.46385e-05
2.73222e-05
1.91389e-05
1.013e-05
3.8905e-07
-9.87018e-06
-2.02846e-05
-3.03681e-05
-3.95805e-05
-4.74242e-05
-5.35456e-05
-5.78064e-05
-6.02954e-05
-6.12887e-05
-6.11783e-05
-6.03759e-05
-5.921e-05
-5.78588e-05
-5.63444e-05
-5.45787e-05
-5.24414e-05
-4.9873e-05
-4.6948e-05
-4.38823e-05
-4.09714e-05
-3.85109e-05
-3.67331e-05
-3.5767e-05
-3.56269e-05
-3.62395e-05
-3.74962e-05
-3.92933e-05
-4.15509e-05
-4.4207e-05
-4.71895e-05
-5.03739e-05
-5.35603e-05
-5.64895e-05
-5.88899e-05
-6.05337e-05
-6.05337e-05
-6.12806e-05
-6.10956e-05
-6.00385e-05
-5.82372e-05
-5.58566e-05
-5.30712e-05
-5.0045e-05
-4.69263e-05
-4.38571e-05
-4.09956e-05
-3.85314e-05
-3.66645e-05
-3.55434e-05
-3.52149e-05
-3.56315e-05
-3.66911e-05
-3.82517e-05
-4.01266e-05
-4.20977e-05
-4.39422e-05
-4.54482e-05
-4.64372e-05
-4.6794e-05
-4.64745e-05
-4.54903e-05
-4.39049e-05
-4.18387e-05
-3.94532e-05
-3.69186e-05
-3.43816e-05
-3.19458e-05
-2.96755e-05
-2.76177e-05
-2.58217e-05
-2.43441e-05
-2.32475e-05
-2.25936e-05
-2.24256e-05
-2.27466e-05
-2.35049e-05
-2.45847e-05
-2.58117e-05
-2.6981e-05
-2.79016e-05
-2.84276e-05
-2.84671e-05
-2.79774e-05
-2.69517e-05
-2.53949e-05
-2.33036e-05
-2.0661e-05
-1.7445e-05
-1.36455e-05
-9.28602e-06
-4.44217e-06
7.57542e-07
6.14805e-06
1.15533e-05
1.68086e-05
2.17684e-05
2.6294e-05
3.02285e-05
3.33711e-05
3.54675e-05
3.62341e-05
3.54206e-05
3.28859e-05
2.86473e-05
2.28827e-05
1.58999e-05
8.0938e-06
-9.14525e-08
-8.18752e-06
-1.57132e-05
-2.2185e-05
-2.71395e-05
-3.01759e-05
-3.10154e-05
-2.95644e-05
-2.595e-05
-2.05076e-05
-1.37269e-05
-6.16761e-06
1.6382e-06
9.26239e-06
1.63997e-05
2.28344e-05
2.83893e-05
3.28854e-05
3.6121e-05
3.78887e-05
3.80338e-05
3.65228e-05
3.34861e-05
2.92152e-05
2.41154e-05
1.86273e-05
1.31487e-05
7.98985e-06
3.36407e-06
-6.00353e-07
-3.83954e-06
-6.33553e-06
-8.10887e-06
-9.22104e-06
-9.77786e-06
-9.92446e-06
-9.82639e-06
-9.64259e-06
-9.50582e-06
-9.51304e-06
-9.71378e-06
-1.0097e-05
-1.05911e-05
-1.10786e-05
-1.14185e-05
-1.14733e-05
-1.11428e-05
-1.03936e-05
-9.27617e-06
-7.92274e-06
-6.52359e-06
-5.28528e-06
-4.38719e-06
-3.94903e-06
-4.01494e-06
-4.55898e-06
-5.5078e-06
-6.7627e-06
-8.20913e-06
-9.72024e-06
-1.11647e-05
-1.24191e-05
-1.33815e-05
-1.39894e-05
-1.42429e-05
-1.42239e-05
-1.40927e-05
-1.40546e-05
-1.4311e-05
-1.50131e-05
-1.62242e-05
-1.78976e-05
-1.98792e-05
-2.1938e-05
-2.3816e-05
-2.52771e-05
-2.61447e-05
-2.63211e-05
-2.57916e-05
-2.46066e-05
-2.2846e-05
-2.05869e-05
-1.78931e-05
-1.4818e-05
-1.14147e-05
-7.75383e-06
-3.94487e-06
-1.43167e-07
3.46285e-06
6.67442e-06
9.31025e-06
1.12414e-05
1.24267e-05
1.29407e-05
1.29902e-05
1.29112e-05
1.31232e-05
1.40444e-05
1.60043e-05
1.91816e-05
2.35671e-05
2.89474e-05
3.49329e-05
4.104e-05
4.67968e-05
5.1827e-05
5.58944e-05
5.89074e-05
6.08868e-05
6.1904e-05
6.20223e-05
6.12721e-05
5.96599e-05
5.71934e-05
5.39107e-05
4.99066e-05
4.53339e-05
4.03659e-05
3.51418e-05
2.97349e-05
2.41622e-05
1.84231e-05
1.25483e-05
6.63679e-06
8.73534e-07
-4.47585e-06
-9.09369e-06
-1.26607e-05
-1.49143e-05
-1.56944e-05
-1.49648e-05
-1.28086e-05
-9.4035e-06
-4.98041e-06
2.13578e-07
5.93109e-06
1.19129e-05
1.78611e-05
2.34176e-05
2.81668e-05
3.16699e-05
3.35237e-05
3.3424e-05
3.1217e-05
2.69221e-05
2.07196e-05
1.29134e-05
3.89351e-06
-5.88077e-06
-1.58843e-05
-2.55366e-05
-3.42351e-05
-4.14063e-05
-4.65617e-05
-4.93466e-05
-4.95796e-05
-4.72737e-05
-4.2635e-05
-3.60295e-05
-2.79284e-05
-1.8845e-05
-9.28048e-06
3.11801e-07
9.5343e-06
1.80287e-05
2.54563e-05
3.14964e-05
3.5862e-05
3.83199e-05
3.87177e-05
3.70166e-05
3.33078e-05
2.78061e-05
2.08319e-05
1.27883e-05
4.12741e-06
-4.68686e-06
-1.32062e-05
-2.10151e-05
-2.77437e-05
-3.30798e-05
-3.67797e-05
-3.86757e-05
-3.86821e-05
-3.68015e-05
-3.31294e-05
-2.78523e-05
-2.12377e-05
-1.36199e-05
-5.38032e-06
3.0777e-06
1.13551e-05
1.90808e-05
2.5934e-05
3.16648e-05
3.61088e-05
3.91942e-05
4.09376e-05
4.14225e-05
4.07688e-05
3.91159e-05
3.66203e-05
3.34582e-05
2.98264e-05
2.59462e-05
2.20627e-05
1.84251e-05
1.52547e-05
1.2704e-05
1.08168e-05
9.51183e-06
8.60953e-06
7.89178e-06
7.1629e-06
6.29243e-06
5.23182e-06
4.00053e-06
2.64838e-06
1.21383e-06
-3.02719e-07
-1.93555e-06
-3.71225e-06
-5.5878e-06
-7.38941e-06
-8.80512e-06
-9.42718e-06
-8.84022e-06
-6.72973e-06
-2.9734e-06
2.32081e-06
8.83634e-06
1.60954e-05
2.34947e-05
3.03364e-05
3.58894e-05
3.94826e-05
4.05884e-05
3.88689e-05
3.4204e-05
2.67267e-05
1.68603e-05
5.34741e-06
-6.75358e-06
-1.81357e-05
-2.73919e-05
-3.3228e-05
-3.46884e-05
-3.13113e-05
-2.31591e-05
-1.07661e-05
4.8998e-06
4.8998e-06
2.24709e-05
4.03056e-05
5.67238e-05
7.02612e-05
7.98784e-05
8.51074e-05
8.60815e-05
8.33925e-05
7.78269e-05
7.01082e-05
6.07139e-05
4.97676e-05
3.7031e-05
2.20434e-05
4.37837e-06
-1.61066e-05
-3.91121e-05
-6.38205e-05
-8.88696e-05
-0.000112405
-0.000132259
-0.000146228
-0.000152401
-0.000149451
-0.000136918
-0.000115401
-8.65501e-05
-5.28029e-05
-1.69734e-05
1.81563e-05
5.01983e-05
7.7434e-05
9.88706e-05
0.00011404
0.000122724
0.00012481
0.000120304
0.000109437
9.28369e-05
7.16841e-05
4.76928e-05
2.28808e-05
-7.80181e-07
-2.17232e-05
-3.90628e-05
-5.2675e-05
-6.30307e-05
-7.08552e-05
-7.6735e-05
-8.07841e-05
-8.2519e-05
-8.10356e-05
-7.5398e-05
-6.50365e-05
-5.0037e-05
-3.12709e-05
-1.02904e-05
1.10208e-05
3.08715e-05
4.78735e-05
6.11939e-05
7.05619e-05
7.61115e-05
7.81131e-05
7.67593e-05
7.2114e-05
6.41792e-05
5.3007e-05
3.88293e-05
2.21623e-05
3.81095e-06
-1.52409e-05
-3.3978e-05
-5.14637e-05
-6.69008e-05
-7.96455e-05
-8.91709e-05
-9.50129e-05
-9.6763e-05
-9.41354e-05
-8.70627e-05
-7.57593e-05
-6.07392e-05
-4.27906e-05
-2.29058e-05
-2.18559e-06
1.82406e-05
3.72588e-05
5.37998e-05
6.6881e-05
7.56699e-05
7.9581e-05
7.8385e-05
7.22776e-05
6.18685e-05
4.8098e-05
3.20946e-05
1.49928e-05
-2.22358e-06
-1.87772e-05
-3.40612e-05
-4.75769e-05
-5.88785e-05
-6.75399e-05
-7.31707e-05
-7.54888e-05
-7.43961e-05
-7.00159e-05
-6.26866e-05
-5.29158e-05
-4.1299e-05
-2.84348e-05
-1.48754e-05
-1.12086e-06
1.23536e-05
2.50576e-05
3.64645e-05
4.60313e-05
5.32524e-05
5.77233e-05
5.92008e-05
5.76415e-05
5.32028e-05
4.62051e-05
3.70766e-05
2.63004e-05
1.43739e-05
1.79047e-06
-1.09556e-05
-2.3358e-05
-3.48996e-05
-4.50721e-05
-5.34099e-05
-5.95254e-05
-6.31427e-05
-6.41174e-05
-6.24366e-05
-5.82009e-05
-5.16085e-05
-4.29475e-05
-3.25915e-05
-2.09894e-05
-8.65158e-06
3.86813e-06
1.59957e-05
2.71687e-05
3.68685e-05
4.46467e-05
5.01464e-05
5.31186e-05
5.34332e-05
5.10848e-05
4.61973e-05
3.9023e-05
2.99323e-05
1.93949e-05
7.96031e-06
-3.76976e-06
-1.51809e-05
-2.56898e-05
-3.47818e-05
-4.20413e-05
-4.71722e-05
-5.00074e-05
-5.05035e-05
-4.87263e-05
-4.48324e-05
-3.90541e-05
-3.16855e-05
-2.30718e-05
-1.36003e-05
-3.69091e-06
6.21941e-06
1.56953e-05
2.43221e-05
3.17234e-05
3.75794e-05
4.16405e-05
4.374e-05
4.38049e-05
4.18613e-05
3.80319e-05
3.25269e-05
2.56325e-05
1.76946e-05
9.09759e-06
2.46777e-07
-8.45118e-06
-1.66097e-05
-2.38793e-05
-2.99565e-05
-3.45923e-05
-3.76033e-05
-3.88804e-05
-3.83935e-05
-3.61954e-05
-3.2421e-05
-2.72766e-05
-2.1026e-05
-1.39789e-05
-6.47516e-06
1.1344e-06
8.50662e-06
1.53198e-05
2.1286e-05
2.61602e-05
2.9746e-05
3.19009e-05
3.25459e-05
3.16731e-05
2.93473e-05
2.57017e-05
2.09333e-05
1.52905e-05
9.05694e-06
2.53574e-06
-3.96431e-06
-1.01446e-05
-1.57312e-05
-2.04837e-05
-2.42018e-05
-2.67334e-05
-2.79822e-05
-2.79112e-05
-2.65434e-05
-2.39623e-05
-2.03089e-05
-1.57736e-05
-1.05851e-05
-4.99776e-06
7.23695e-07
6.31943e-06
1.15435e-05
1.61696e-05
1.99996e-05
2.28738e-05
2.46779e-05
2.53458e-05
2.4865e-05
2.32776e-05
2.06766e-05
1.72e-05
1.30247e-05
8.357e-06
3.42098e-06
-1.55427e-06
-6.34326e-06
-1.0732e-05
-1.45272e-05
-1.75647e-05
-1.97178e-05
-2.09027e-05
-2.10821e-05
-2.0266e-05
-1.85098e-05
-1.59113e-05
-1.26057e-05
-8.75758e-06
-4.55272e-06
-1.87311e-07
4.13951e-06
8.23187e-06
1.19069e-05
1.50056e-05
1.73981e-05
1.89874e-05
1.97152e-05
1.9565e-05
1.85594e-05
1.67598e-05
1.42658e-05
1.1207e-05
7.73259e-06
4.00736e-06
2.06861e-07
-3.49356e-06
-6.9289e-06
-9.94826e-06
-1.24191e-05
-1.4236e-05
-1.53273e-05
-1.56573e-05
-1.52262e-05
-1.40687e-05
-1.22505e-05
-9.8642e-06
-7.02733e-06
-3.87885e-06
-5.70777e-07
2.74194e-06
5.90906e-06
8.79075e-06
1.12631e-05
1.32231e-05
1.45904e-05
1.53113e-05
1.53622e-05
1.47525e-05
1.35221e-05
1.17389e-05
9.4955e-06
6.90463e-06
4.09205e-06
1.19095e-06
-1.66331e-06
-4.3404e-06
-6.72273e-06
-8.71022e-06
-1.02218e-05
-1.11973e-05
-1.16003e-05
-1.1421e-05
-1.06767e-05
-9.41112e-06
-7.69233e-06
-5.60859e-06
-3.26273e-06
-7.67173e-07
1.76091e-06
4.20561e-06
6.45802e-06
8.42039e-06
8.42039e-06
1.00094e-05
1.11595e-05
1.18253e-05
1.19842e-05
1.16373e-05
1.08098e-05
1.08098e-05
