-5.01295e-10
-7.73759e-09
-5.20867e-08
-2.05932e-07
-5.42224e-07
-1.03376e-06
-1.54535e-06
-1.97962e-06
-2.3591e-06
-2.71942e-06
-3.01783e-06
-3.19183e-06
-3.22616e-06
-3.14174e-06
-2.98288e-06
-2.80101e-06
-2.60413e-06
-2.35496e-06
-2.03773e-06
-1.68973e-06
-1.36923e-06
-1.12126e-06
-9.71529e-07
-9.37154e-07
-1.03713e-06
-1.29133e-06
-1.70894e-06
-2.27905e-06
-2.9763e-06
-3.77839e-06
-4.67639e-06
-5.66687e-06
-6.73659e-06
-7.85531e-06
-8.97952e-06
-1.00631e-05
-1.10663e-05
-1.19557e-05
-1.26996e-05
-1.32696e-05
-1.36446e-05
-1.38122e-05
-1.37657e-05
-1.34995e-05
-1.30028e-05
-1.22632e-05
-1.12769e-05
-1.00545e-05
-8.61496e-06
-6.97889e-06
-5.16631e-06
-3.19529e-06
-1.08402e-06
1.14717e-06
3.47977e-06
5.90087e-06
8.39841e-06
1.09544e-05
1.35452e-05
1.61466e-05
1.874e-05
2.13174e-05
2.38808e-05
2.64367e-05
2.89919e-05
3.15535e-05
3.41277e-05
3.67167e-05
3.93121e-05
4.18865e-05
4.43918e-05
4.67637e-05
4.89265e-05
5.07954e-05
5.22815e-05
5.33002e-05
5.37792e-05
5.36624e-05
5.29084e-05
5.14841e-05
4.93611e-05
4.65149e-05
4.29242e-05
3.85723e-05
3.34526e-05
2.7577e-05
2.09817e-05
1.37322e-05
5.92015e-06
-2.3509e-06
-1.09821e-05
-1.98884e-05
-2.90032e-05
-3.82779e-05
-4.76755e-05
-5.7161e-05
-6.66911e-05
-7.62024e-05
-8.56003e-05
-9.47625e-05
-0.000103554
-0.000111843
-0.0001195
-0.000126409
-0.000132474
-0.00013763
-0.000141842
-0.000145097
-0.000147382
-0.000148675
-0.000148932
-0.000148083
-0.000146041
-0.000142722
-0.000138061
-0.000132042
-0.00012472
-0.000116218
-0.000106707
-9.63777e-05
-8.54227e-05
-7.40148e-05
-6.22774e-05
-5.02582e-05
-3.79178e-05
-2.51369e-05
-1.17363e-05
2.4999e-06
1.77984e-05
3.43562e-05
5.23012e-05
7.16805e-05
9.24681e-05
0.000114559
0.000137752
0.000161735
0.000186081
0.000210242
0.000233558
0.000255272
0.000274551
0.000290526
0.000302363
0.000309339
0.000310891
0.000306652
0.000296424
0.000280078
0.000257426
0.000228165
0.000191918
0.000148349
9.73923e-05
3.9575e-05
-2.37324e-05
-9.03498e-05
-0.000157503
-0.000222042
-0.000280711
-0.000330579
-0.000369453
-0.000396004
-0.000409695
-0.000410693
-0.00039975
-0.000377993
-0.000346728
-0.000307399
-0.000261592
-0.000211006
-0.000157402
-0.000102547
-4.81208e-05
4.44821e-06
5.41136e-05
0.000100272
0.000142747
0.000181728
0.000217649
0.000251037
0.000282317
0.000311559
0.000338287
0.000361534
0.000380175
0.000393244
0.000400109
0.000400686
0.000395762
0.000387163
0.000377521
0.000369797
0.000366858
0.000371143
0.000384412
0.000407639
0.000441124
0.000484708
0.000537946
0.000600195
0.000670443
0.000746656
0.00082471
0.000897543
0.000955025
0.000984606
0.000972971
0.00090903
0.000787098
0.000608217
0.000379612
0.000113916
-0.000171899
-0.000459187
-0.000730981
-0.00097373
-0.00117751
-0.00133617
-0.0014472
-0.00151057
-0.00152745
-0.00149995
-0.00143154
-0.00132722
-0.00119353
-0.00103852
-0.000871284
-0.000700941
-0.000535725
-0.000382419
-0.000246172
-0.000130664
-3.85293e-05
2.83267e-05
6.87489e-05
8.25407e-05
7.0757e-05
3.60734e-05
-1.69655e-05
-8.20784e-05
-0.000151745
-0.00021791
-0.0002728
-0.000309651
-0.0003231
-0.000309184
-0.000265177
-0.000189471
-8.15804e-05
5.77571e-05
0.000226417
0.000420725
0.00063544
0.000863945
0.0010986
0.00133118
0.00155338
0.00175729
0.00193579
0.00208286
0.0021938
0.00226547
0.00229637
0.00228639
0.00223637
0.00214756
0.00202096
0.0018563
0.00165056
0.00139621
0.00108038
0.000687732
0.00020791
-0.000355921
-0.000983262
-0.00163971
-0.002283
-0.00286703
-0.00334595
-0.00368155
-0.00385056
-0.00384648
-0.00367681
-0.00335918
-0.00291697
-0.0023746
-0.00175532
-0.00108201
-0.000378485
0.000330555
0.00101954
0.00166196
0.0022316
0.00270529
0.00306571
0.00330299
0.00341486
0.00340467
0.00327725
0.00303431
0.00267257
0.00218674
0.00157723
0.000859295
6.71642e-05
-0.000750601
-0.00153959
-0.00224522
-0.00281734
-0.00321799
-0.00342863
-0.00345006
-0.00329669
-0.00299066
-0.00255755
-0.00202354
-0.00141566
-0.000764076
-0.00010327
0.000529579
0.00109728
0.00156492
0.00156492
0.00190164
0.00208268
0.00209227
0.00192622
0.00159197
0.00110635
0.000493809
-0.000213257
-0.000973496
-0.00173714
-0.00244874
-0.00305193
-0.00349582
-0.00374144
-0.00376671
-0.00356892
-0.00316478
-0.00258775
-0.00188269
-0.00109942
-0.000287293
0.000507898
0.00124497
0.00188777
0.00240588
0.00277571
0.00298145
0.00301603
0.00288243
0.00259466
0.00217725
0.00166282
0.00108844
0.000491928
-9.12946e-05
-0.000630473
-0.00110077
-0.00148317
-0.00176389
-0.0019343
-0.00199111
-0.00193624
-0.00177659
-0.00152381
-0.00119372
-0.00080524
-0.000379601
5.99488e-05
0.000488353
0.00087965
0.00120871
0.0014536
0.00159832
0.00163514
0.00156531
0.00139782
0.00114805
0.000836422
0.000486279
0.000120542
-0.000240848
-0.000581426
-0.000887451
-0.00114713
-0.00135002
-0.00148674
-0.00154963
-0.00153424
-0.00144139
-0.00127947
-0.00106582
-0.00082488
-0.000582511
-0.000360246
-0.000172631
-2.65536e-05
7.89561e-05
0.000151222
0.000200518
0.000237262
0.000270618
0.000307109
0.00034985
0.000399799
0.000457346
0.000521037
0.00058338
0.000627
0.000625723
0.000552989
0.000392864
0.000145077
-0.000176729
-0.000546714
-0.000927393
-0.00127468
-0.00154718
-0.00171329
-0.00175469
-0.0016691
-0.00147108
-0.00118794
-0.000852848
-0.000498785
-0.000154121
0.000160458
0.000433191
0.000659708
0.000839785
0.000975153
0.00106941
0.00112771
0.00115488
0.00115385
0.00112621
0.00107371
0.000999479
0.000908281
0.000806001
0.00069822
0.000589133
0.000481733
0.000378618
0.000282281
0.000194893
0.000118295
5.43225e-05
5.21082e-06
-2.61656e-05
-3.66574e-05
-2.397e-05
1.23141e-05
7.07453e-05
0.000148792
0.000243554
0.000352012
0.000470821
0.00059572
0.000720823
0.000838226
0.00093809
0.00100911
0.00103956
0.00101938
0.000942698
0.000809476
0.000625846
0.000403764
0.00015991
-8.67466e-05
-0.000317846
-0.000517266
-0.000671482
-0.000769896
-0.000805242
-0.000773356
-0.000672583
-0.000503575
-0.000269451
2.39888e-05
0.000367757
0.000748659
0.00114827
0.00154271
0.00190366
0.00220081
0.00240591
0.00249814
0.00246798
0.00231745
0.00205795
0.00170842
0.0012929
0.00083602
0.000358766
-0.000122264
-0.000593278
-0.00104169
-0.00145445
-0.00181653
-0.00211116
-0.00232216
-0.00243621
-0.00244451
-0.00234452
-0.00214127
-0.00184665
-0.00147711
-0.00105107
-0.000587217
-0.00010362
0.000382493
0.000854508
0.0012963
0.0016927
0.00203042
0.00229905
0.00249174
0.00260568
0.0026421
0.00260574
0.0025038
0.00234501
0.00213903
0.00189624
0.00162738
0.00134257
0.00104922
0.000749519
0.000439649
0.0001134
-0.000232048
-0.000592155
-0.000953539
-0.00129397
-0.0015854
-0.00180041
-0.00191815
-0.0019279
-0.00183254
-0.00165095
-0.00141464
-0.00115939
-0.000917958
-0.000716149
-0.000569582
-0.000481733
-0.000446022
-0.000451041
-0.000484749
-0.00053609
-0.000595652
-0.000656065
-0.000711364
-0.00075572
-0.000782859
-0.000786464
-0.000760934
-0.000702164
-0.000608228
-0.000479524
-0.000318073
-0.000126346
9.34303e-05
0.000338751
0.000605049
0.000883148
0.00115717
0.00140447
0.00159868
0.00171563
0.00174027
0.00167064
0.00151653
0.00129573
0.00103131
0.000748845
0.000470951
0.000212399
-2.0363e-05
-0.00022611
-0.000405224
-0.000556102
-0.000672116
-0.000741243
-0.0007492
-0.000684728
-0.000546194
-0.000348023
-0.000122012
8.99313e-05
0.000246973
0.000317619
0.000284677
0.000148621
-7.34169e-05
-0.000354107
-0.000662779
-0.000970067
-0.00125341
-0.00150301
-0.00172276
-0.00192473
-0.00212135
-0.00231875
-0.00251222
-0.00268456
-0.00280841
-0.00285213
-0.00278664
-0.002591
-0.00225648
-0.00178967
-0.00121293
-0.000561095
0.000124451
0.000801577
0.00143177
0.00198287
0.00243002
0.00275485
0.00294368
0.00298612
0.00287474
0.00260615
0.00218381
0.00162125
0.00094312
0.000183821
-0.000614855
-0.00140649
-0.00214409
-0.00278458
-0.0032919
-0.00363833
-0.00380497
-0.00378164
-0.0035663
-0.00316541
-0.00259575
-0.00188656
-0.00107967
-0.00107967
-0.000225834
0.000622742
0.00141973
0.00212804
0.00272015
0.00317889
0.00349805
0.0036799
0.00373059
0.00365741
0.0034684
0.00317302
0.00278399
0.00231975
0.00180518
0.0012694
0.000742206
0.000250694
-0.000183966
-0.000548901
-0.000839703
-0.00105865
-0.00121242
-0.0013099
-0.0013597
-0.00136835
-0.00134027
-0.00127926
-0.00118982
-0.00107744
-0.000948266
-0.000808998
-0.000666607
-0.000527464
-0.000396576
-0.000277533
-0.000172703
-8.31342e-05
-8.43592e-06
5.307e-05
0.000104129
0.000148035
0.000187283
0.000221897
0.000248734
0.00026203
0.000254404
0.000218135
0.000147425
4.12964e-05
-9.47126e-05
-0.000249174
-0.000406739
-0.000550224
-0.000663071
-0.000732477
-0.000751812
-0.000720995
-0.000645529
-0.000535396
-0.000403473
-0.000263032
-0.000125507
1.00955e-07
0.000106812
0.000189532
0.000244932
0.00027065
0.000264542
0.000225001
0.000151767
4.62635e-05
-8.82472e-05
-0.000246244
-0.000419764
-0.000598804
-0.000771798
-0.000925942
-0.00104786
-0.00112479
-0.00114573
-0.00110222
-0.000989141
-0.000805779
-0.000556835
-0.000252306
9.37639e-05
0.000464706
0.00084235
0.00120852
0.00154722
0.00184657
0.00209922
0.00230142
0.00245181
0.00255015
0.00259581
0.00258623
0.00251653
0.00238076
0.00217395
0.00189403
0.00154368
0.00113148
0.000671679
0.000182455
-0.000315813
-0.000801971
-0.00125572
-0.00165939
-0.0019989
-0.00226398
-0.00244823
-0.00254936
-0.00256902
-0.00251188
-0.00238457
-0.00219507
-0.00195244
-0.00166589
-0.00134392
-0.000994301
-0.000625024
-0.000245058
0.000135366
0.000504418
0.000848648
0.00115403
0.0014078
0.00160005
0.00172464
0.00177981
0.00176821
0.00169616
0.00157235
0.00140672
0.00120986
0.000992336
0.000764014
0.000533672
0.00030893
9.62034e-05
-9.94392e-05
-0.000274328
-0.000425876
-0.000551923
-0.000650233
-0.000718596
-0.000755326
-0.000759736
-0.00073265
-0.000677024
-0.00059824
-0.000503694
-0.000401992
-0.000302009
-0.000211656
-0.000136623
-7.99641e-05
-4.28355e-05
-2.56716e-05
-2.90336e-05
-5.38175e-05
-0.000100602
-0.000168421
-0.000253963
-0.00035165
-0.000453945
-0.000551611
-0.000634549
-0.000693268
-0.000720189
-0.00071028
-0.000661129
-0.000572464
-0.00044534
-0.000281633
-8.41217e-05
0.000143221
0.000395044
0.000664481
0.00094308
0.00122109
0.00148829
0.00173512
0.00195361
0.00213769
0.00228235
0.00238225
0.00243068
0.00241949
0.00233998
0.0021846
0.00194989
0.00163929
0.00126401
0.000841902
0.000395999
-4.74052e-05
-0.000462285
-0.000826816
-0.00112545
-0.00134929
-0.00149612
-0.00156972
-0.00157771
-0.00152932
-0.00143433
-0.00130296
-0.00114504
-0.000969132
-0.000782644
-0.000592737
-0.000406541
-0.000230664
-7.099e-05
6.70564e-05
0.000178435
0.000258808
0.000304963
0.00031516
0.000289292
0.000228633
0.000135385
1.25362e-05
-0.000135991
-0.000305226
-0.00048897
-0.00067926
-0.00086583
-0.00103638
-0.00117777
-0.00127741
-0.00132459
-0.00131167
-0.00123492
-0.00109474
-0.00089504
-0.000642498
-0.000345816
-1.48919e-05
0.000339688
0.000706638
0.0010738
0.00142819
0.00175634
0.00204459
0.00227981
0.00245014
0.00254592
0.00256028
0.00248964
0.00233411
0.00209803
0.00179029
0.00142406
0.0010161
0.0005858
0.00015391
-0.000259665
-0.000638151
-0.00096921
-0.00124519
-0.00146294
-0.00162296
-0.00172767
-0.00177979
-0.00178191
-0.00173682
-0.00164748
-0.00151715
-0.00135037
-0.00115398
-0.000936942
-0.00070936
-0.00048134
-0.000262162
-5.96069e-05
0.000120273
0.000272973
0.000395356
0.00048556
0.000542718
0.000566512
0.00055701
0.000514952
0.000442103
0.000341408
0.000217077
7.48347e-05
-7.78693e-05
-0.000232116
-0.000378203
-0.000506624
-0.000609492
-0.000682085
-0.000723407
-0.000735371
-0.00072178
-0.000688008
-0.000640761
-0.000587236
-0.000534027
-0.000486399
-0.000448031
-0.000421166
-0.000407056
-0.000406346
-0.00041906
-0.000444242
-0.000479697
-0.000522228
-0.000568154
-0.000613676
-0.000655008
-0.000688461
-0.000710526
-0.000717842
-0.000706929
-0.000673794
-0.000613907
-0.000523007
-0.000523007
-0.000398643
-0.000241971
-5.90492e-05
0.000139307
0.000339262
0.000526199
0.000686555
0.000809687
0.000889929
0.000927419
0.000926812
0.000895044
0.000839612
0.000767365
0.000683586
0.000591872
0.00049492
0.000395489
0.000296939
0.000203434
0.000119808
5.08973e-05
4.89242e-07
-2.94732e-05
-3.90806e-05
-3.01599e-05
-5.74836e-06
3.05693e-05
7.53118e-05
0.000125466
0.000178512
0.000232346
0.000285232
0.000335675
0.000382305
0.000424022
0.00046031
0.000491301
0.000517474
0.000539202
0.000556403
0.000568386
0.000573929
0.000571524
0.0005597
0.000537469
0.000504715
0.000462268
0.000411664
0.000354891
0.000294141
0.000231527
0.000168859
0.000107582
4.88307e-05
-6.46884e-06
-5.7374e-05
-0.000102624
-0.000140499
-0.000168991
-0.000186134
-0.000190389
-0.000181425
-0.000161713
-0.000138135
-0.000121983
-0.00012683
-0.000165417
-0.000246644
-0.000373219
-0.000540809
-0.000739004
-0.000952906
-0.0011646
-0.00135556
-0.00151012
-0.00161795
-0.00167373
-0.0016755
-0.00162341
-0.00151905
-0.00136486
-0.00116423
-0.00092194
-0.000644692
-0.000341101
-2.16929e-05
0.000301369
0.000615232
0.000907624
0.0011676
0.0013855
0.00155268
0.0016616
0.00170657
0.0016845
0.00159571
0.0014446
0.00124016
0.000995385
0.000725644
0.000446743
0.000173233
-8.28553e-05
-0.00031244
-0.000508561
-0.000664981
-0.000775482
-0.000834043
-0.000835182
-0.000774538
-0.000650143
-0.000463798
-0.000221481
6.71574e-05
0.000389312
0.000728867
0.00106529
0.00137222
0.00161778
0.00176825
0.0017945
0.00167867
0.00141873
0.00102876
0.000535648
-2.48559e-05
-0.000612106
-0.0011868
-0.00171824
-0.00218743
-0.00258431
-0.00290295
-0.00313788
-0.00328168
-0.00332481
-0.00325827
-0.00307735
-0.00278374
-0.00238626
-0.00190099
-0.00134994
-0.000757714
-0.0001478
0.000460128
0.00105098
0.00161316
0.00213622
0.00260855
0.00301645
0.00334402
0.00357353
0.00368676
0.00366906
0.0035146
0.00322858
0.00282554
0.00232682
0.00175891
0.00115125
0.000533431
-6.67831e-05
-0.000624654
-0.0011201
-0.00153858
-0.0018702
-0.00210852
-0.00225057
-0.0022974
-0.00225376
-0.00212715
-0.00192704
-0.00166456
-0.00135217
-0.00100328
-0.000631969
-0.000252666
0.000120098
0.000472028
0.000789819
0.00106229
0.00128144
0.00144323
0.00154761
0.00159715
0.00159413
0.00153743
0.00142112
0.00123638
0.000977025
0.000645211
0.000252823
-0.00018065
-0.000629473
-0.00106249
-0.00144698
-0.00175478
-0.00196621
-0.00207086
-0.00206683
-0.00195886
-0.0017559
-0.00147059
-0.00112077
-0.000730368
-0.000328237
5.47201e-05
0.000389674
0.000654064
0.000833802
0.000923691
0.000927657
0.000857879
0.000731041
0.000563523
0.000368917
0.000158103
-5.96282e-05
-0.000274579
-0.000474431
-0.000643765
-0.000765925
-0.000825635
-0.000811315
-0.000717289
-0.000545463
-0.000305325
-1.21553e-05
0.00031544
0.000657662
0.000995008
0.00130917
0.00158349
0.00180316
0.00195564
0.00203148
0.00202504
0.00193462
0.00176239
0.00151489
0.00120355
0.000844322
0.000456712
6.24801e-05
-0.000315872
-0.000656317
-0.000938084
-0.00114312
-0.00125899
-0.00128162
-0.00121582
-0.00107333
-0.000870084
-0.000623871
-0.000352189
-7.06877e-05
0.000207225
0.000469846
0.000706503
0.000906834
0.00105998
0.00115471
0.00118125
0.0011337
0.00101161
0.000820597
0.000571894
0.000280886
-3.50265e-05
-0.000358099
-0.000671091
-0.000957848
-0.0012038
-0.00139613
-0.0015237
-0.00157725
-0.00155008
-0.00143911
-0.00124637
-0.000980236
-0.000655717
-0.000293466
8.19803e-05
0.000444052
0.000766139
0.0010243
0.00120019
0.00128284
0.00126909
0.0011635
0.000977151
0.000724628
0.000420472
7.79332e-05
-0.000290322
-0.000671408
-0.00105135
-0.00141366
-0.00173878
-0.00200535
-0.00219211
-0.00227965
-0.00225294
-0.00210468
-0.00183704
-0.00146077
-0.000993086
-0.000455774
0.000126271
0.000726492
0.00131777
0.00187309
0.00236632
0.00277334
0.00307357
0.00325149
0.0032981
0.00321183
0.00299863
0.00267137
0.00224873
0.00175337
0.00175337
0.00120989
0.000643195
7.7462e-05
-0.000464588
-0.000962264
-0.00139735
-0.00175454
-0.00202209
-0.00219244
-0.00226213
-0.00223114
-0.00210232
-0.00188144
-0.00157728
-0.00120137
-0.000767734
-0.000292857
0.000204119
0.000701586
0.00117624
0.00160446
0.00196394
0.00223549
0.0024046
0.00246252
0.00240633
0.00223817
0.00196472
0.00159701
0.00115059
0.000645597
0.000106222
-0.000440607
-0.000966683
-0.00144397
-0.00184647
-0.00215239
-0.0023457
-0.00241693
-0.00236385
-0.00219176
-0.00191311
-0.00154644
-0.00111514
-0.000646143
-0.000168546
0.000288233
0.000696733
0.00103379
0.00128227
0.00143206
0.00148054
0.0014322
0.00129711
0.00108873
0.000822608
0.000515815
0.000186235
-0.000148351
-0.000470685
-0.000764327
-0.00101461
-0.00121012
-0.00134404
-0.00141494
-0.00142635
-0.00138514
-0.00129998
-0.00118041
-0.00103588
-0.000874503
-0.000702406
-0.000524372
-0.000344803
-0.000168343
-1.30636e-07
0.000154321
0.000289682
0.000401517
0.000486797
0.000544101
0.000573518
0.000576298
0.000554297
0.000509322
0.000442696
0.000355276
0.000247875
0.000121802
-2.06626e-05
-0.000176181
-0.000340815
-0.000510474
-0.000680623
-0.000845531
-0.000998063
-0.00113035
-0.0012347
-0.00130423
-0.00133326
-0.00131799
-0.00125739
-0.00115383
-0.00101286
-0.000842377
-0.000651652
-0.00045033
-0.000247613
-5.17416e-05
0.000130172
0.000292189
0.000429604
0.000538882
0.0006175
0.000663956
0.00067806
0.000661215
0.000616351
0.000547619
0.000460072
0.000359423
0.000251789
0.000143433
4.05389e-05
-5.10277e-05
-0.000126011
-0.000180042
-0.000209845
-0.000213415
-0.000190187
-0.000141042
-6.80764e-05
2.57996e-05
0.000137262
0.000262962
0.000399934
0.000545854
0.000698899
0.00085735
0.00101929
0.00118237
0.00134309
0.0014954
0.00162949
0.00173199
0.00178771
0.00178186
0.00170206
0.00154038
0.00129535
0.000973003
0.000586562
0.000155461
-0.000296076
-0.000741476
-0.00115548
-0.00151738
-0.00181215
-0.00203004
-0.00216635
-0.00222116
-0.002198
-0.00210191
-0.00193859
-0.00171441
-0.00143638
-0.00111245
-0.000752502
-0.000369086
2.30966e-05
0.000408229
0.000769802
0.00109093
0.0013556
0.00155036
0.00166551
0.00169549
0.00163902
0.00149917
0.00128305
0.00100128
0.000667353
0.000296914
-9.33146e-05
-0.000486496
-0.00086634
-0.00121748
-0.00152568
-0.00177796
-0.00196232
-0.00206771
-0.00208472
-0.00200723
-0.00183401
-0.00156967
-0.00122507
-0.000817071
-0.000367117
0.000101291
0.000564532
0.000999767
0.00138567
0.0017035
0.00193824
0.00207963
0.00212269
0.00206771
0.00191994
0.00168959
0.00139114
0.00104177
0.000659642
0.000262493
-0.00013352
-0.000514466
-0.000868159
-0.00118313
-0.00144815
-0.0016523
-0.00178503
-0.00183676
-0.00180074
-0.00167549
-0.00146593
-0.00118292
-0.000841986
-0.0004617
-6.16536e-05
0.000339185
0.000723087
0.00107363
0.00137601
0.00161747
0.00178754
0.00187838
0.0018854
0.00180784
0.00164919
0.00141752
0.00112542
0.000789019
0.00042656
5.70235e-05
-0.00030089
-0.000629517
-0.000913055
-0.00113851
-0.00129647
-0.00138169
-0.00139347
-0.00133565
-0.00121583
-0.00104413
-0.000831942
-0.000590785
-0.000331224
-6.21215e-05
0.000209035
0.000475151
0.000729013
0.000963384
0.00117096
0.00134421
0.00147576
0.00155951
0.00159151
0.00157039
0.00149739
0.00137613
0.00121222
0.00101288
0.000786435
0.000541663
0.000287298
3.18971e-05
-0.000215801
-0.000446544
-0.000650824
-0.000819603
-0.00094486
-0.00101988
-0.00103981
-0.0010024
-0.000908465
-0.000761929
-0.000569779
-0.000341726
-8.92545e-05
0.000175601
0.000441149
0.000696498
0.000931864
0.00113877
0.00131005
0.00143973
0.00152268
0.00155407
0.00152877
0.00144164
0.00128924
0.00107197
0.000794951
0.000467419
0.000102098
-0.000285053
-0.000675813
-0.00105155
-0.00139484
-0.00169042
-0.00192575
-0.00209122
-0.00217994
-0.00218774
-0.00211359
-0.00195977
-0.00173162
-0.00143692
-0.00108552
-0.000689517
-0.000264011
0.000172296
0.00059725
0.00059725
0.000986473
0.00131607
0.00156623
0.00172369
0.00178254
0.0017447
0.00162038
0.00142647
0.00118288
0.000909117
0.000621735
0.00033191
4.42667e-05
-0.000241201
-0.000525125
-0.000805693
-0.00107716
-0.00132854
-0.00154305
-0.00170071
-0.00178328
-0.00177803
-0.00167913
-0.00148839
-0.00121612
-0.000880086
-0.000502619
-0.000107613
0.000281503
0.000643542
0.000961016
0.00122059
0.00141276
0.00153152
0.00157437
0.00154222
0.00143911
0.00127194
0.00105028
0.000786119
0.000493288
0.000186584
-0.000119001
-0.000408828
-0.000668988
-0.00088668
-0.00105073
-0.00115229
-0.0011855
-0.00114773
-0.00103935
-0.000863117
-0.000623876
-0.000329075
9.92366e-06
0.000376529
0.000748889
0.00110149
0.0014073
0.00163959
0.00177424
0.00179324
0.00168819
0.00146171
0.00112668
0.000704683
0.000223472
-0.000286768
-0.000796932
-0.00128051
-0.00171383
-0.00207681
-0.00235367
-0.00253277
-0.00260604
-0.00256937
-0.00242331
-0.00217347
-0.0018304
-0.0014092
-0.000928507
-0.000409596
0.000123803
0.000645123
0.00112536
0.00153543
0.00184985
0.00204937
0.00212186
0.00206274
0.00187582
0.00157326
0.0011741
0.000702408
0.00018523
-0.000349397
-0.000873797
-0.00136079
-0.0017837
-0.0021173
-0.00233953
-0.00243351
-0.00238922
-0.00220472
-0.00188607
-0.00144665
-0.000906286
-0.000290295
0.000371699
0.00104741
0.00170364
0.00230744
0.00282677
0.00323144
0.00349518
0.00359872
0.00353229
0.00329652
0.00290211
0.00236931
0.00172728
0.00101196
0.000262638
-0.000481046
-0.00118107
-0.0018025
-0.00231504
-0.00269453
-0.00292445
-0.00299733
-0.00291539
-0.00268996
-0.00234
-0.00188983
-0.00136681
-0.000799484
-0.000215964
0.000357786
0.000899205
0.00138885
0.00180925
0.00214457
0.00238118
0.00250845
0.00251947
0.00241217
0.00219036
0.00186378
0.00144734
0.000960087
0.000424041
-0.000137366
-0.000700607
-0.00124273
-0.00174151
-0.00217548
-0.00252418
-0.00276918
-0.002896
-0.00289583
-0.00276639
-0.00251212
-0.00214441
-0.00168104
-0.00114493
-0.000562227
3.94182e-05
0.000632457
0.00119085
0.0016911
0.00211317
0.00244106
0.00266315
0.00277181
0.00276259
0.00263368
0.00238622
0.00202548
0.0015618
0.00101157
0.000398095
-0.000248502
-0.000893329
-0.00149989
-0.00203291
-0.00246095
-0.00275929
-0.00291223
-0.00291392
-0.00276775
-0.00248538
-0.00208561
-0.00159293
-0.0010357
-0.000444264
0.000150378
0.000717955
0.00123103
0.00166743
0.00201163
0.00225459
0.00239316
0.00242951
0.00237029
0.00222535
0.00200658
0.00172703
0.00140028
0.00103998
0.000659531
0.000271818
-0.000110804
-0.000476523
-0.000814419
-0.00111492
-0.00136957
-0.0015704
-0.00171001
-0.00178249
-0.00178427
-0.00171447
-0.00157524
-0.00137197
-0.0011133
-0.000810618
-0.000477164
-0.000126958
0.000225762
0.00056641
0.000879759
0.00115026
0.00136299
0.00150477
0.00156511
0.00153741
0.00142041
0.00121928
0.000945675
0.000616546
0.00025263
-0.00012346
-0.000489393
-0.000824947
-0.00111291
-0.0013396
-0.00149577
-0.00157726
-0.00158443
-0.00152054
-0.00139068
-0.00120142
-0.000960562
-0.000676737
-0.000359318
-1.86784e-05
0.000333795
0.000685802
0.00102381
0.00133284
0.00159741
0.00180332
0.00193917
0.00199724
0.00197418
0.00187174
0.00169706
0.00146198
0.0011818
0.000873793
0.000555683
0.00024389
-4.81622e-05
-0.000311042
-0.000539335
-0.000731114
-0.000887217
-0.00101014
-0.00110254
-0.00116628
-0.00120225
-0.00121041
-0.00118939
-0.00113659
-0.00104949
-0.000927431
-0.000772325
-0.000588185
-0.000380824
-0.000157886
7.13232e-05
0.000296269
0.000505577
0.000687534
0.000830845
0.000925442
0.00096336
0.000939845
0.000854275
0.000710582
0.000517354
0.000287455
3.65852e-05
-0.000218778
-0.000462818
-0.000681054
-0.000861102
-0.000993636
-0.00107292
-0.00109674
-0.00106618
-0.00098523
-0.000860457
-0.000700558
-0.00051583
-0.000317442
-0.000116821
7.48504e-05
0.000247359
0.000392426
0.000504464
0.000580813
0.000621539
0.000621539
0.000629041
0.000607652
0.000563173
0.0005022
0.000431421
0.000357208
0.000285405
0.000221047
0.000168116
0.000129534
0.00010712
0.000101232
0.000110331
0.000130787
0.000156927
0.000181308
0.000195292
0.000189832
0.000156596
8.9854e-05
-1.12833e-05
-0.000141775
-0.000291669
-0.000448203
-0.000597487
-0.00072571
-0.000820626
-0.000873228
-0.000878593
-0.000835502
-0.00074557
-0.000612705
-0.000443077
-0.000245175
-2.94407e-05
0.000192608
0.00040948
0.000610724
0.000787627
0.000933456
0.00104335
0.00111421
0.00114463
0.00113449
0.00108437
0.00099545
0.000870151
0.000712781
0.000529732
0.000329336
0.000121236
-8.47774e-05
-0.00027997
-0.000457355
-0.000611955
-0.000740857
-0.000842838
-0.000917431
-0.000963923
-0.000980901
-0.000966427
-0.000918518
-0.000835861
-0.000718751
-0.000569809
-0.000393958
-0.000198055
9.03784e-06
0.000216208
0.000410741
0.000579949
0.000712694
0.000800182
0.000836492
0.000819157
0.000749446
0.000632164
0.000475198
0.000288831
8.46168e-05
-0.00012591
-0.000332116
-0.000524565
-0.000695004
-0.000836344
-0.000942795
-0.00100995
-0.00103472
-0.00101538
-0.000952011
-0.000847106
-0.000705959
-0.0005365
-0.00034856
-0.000152605
4.15298e-05
0.000225469
0.000392884
0.000539985
0.000665498
0.000769958
0.000854988
0.000922859
0.000975942
0.00101593
0.00104337
0.00105777
0.00105798
0.0010425
0.00100965
0.00095773
0.0008854
0.00079204
0.000677933
0.000544246
0.000393199
0.000228333
5.44666e-05
-0.000122679
-0.000296834
-0.000461343
-0.000609205
-0.000733232
-0.000826609
-0.000883727
-0.000900727
-0.000875602
-0.000808234
-0.000700623
-0.00055701
-0.000383762
-0.000189101
1.7196e-05
0.00022414
0.000419956
0.000592805
0.000731765
0.000827616
0.000873266
0.000864122
0.000798525
0.000677923
0.000506728
0.000292106
4.38187e-05
-0.000225983
-0.000503179
-0.000772548
-0.00101901
-0.00122866
-0.00138944
-0.00149176
-0.00152927
-0.00149942
-0.00140346
-0.00124632
-0.0010364
-0.000785257
-0.000507102
-0.000217912
6.58181e-05
0.000328242
0.000555102
0.000734798
0.000859479
0.000925475
0.000932843
0.000884627
0.000786197
0.000644454
0.000466931
0.00026126
3.52088e-05
-0.000203053
-0.000444778
-0.000680552
-0.000900314
-0.00109376
-0.0012512
-0.00136444
-0.0014274
-0.00143645
-0.00139074
-0.00129232
-0.00114601
-0.000958858
-0.000739579
-0.000498037
-0.000244744
9.70324e-06
0.000255276
0.000483299
0.000687363
0.000864021
0.00101266
0.00113426
0.00122995
0.00130028
0.0013453
0.00136435
0.00135562
0.00131673
0.0012462
0.00114445
0.00101368
0.000857322
0.000679449
0.000484471
0.000277286
6.35908e-05
-0.000150192
-0.000357125
-0.000549605
-0.000719257
-0.000857454
-0.000956261
-0.00100939
-0.0010131
-0.000966768
-0.000872883
-0.000736568
-0.000564893
-0.000366251
-0.00014984
7.47955e-05
0.000298172
0.000511059
0.00070443
0.000869464
0.000997849
0.00108233
0.0011174
0.00110005
0.00103023
0.000911045
0.000748828
0.000553074
0.000335642
0.000109385
-0.000113029
-0.000319833
-0.000500949
-0.000648921
-0.000759361
-0.000830677
-0.000863539
-0.000860386
-0.0008248
-0.000760668
-0.000671501
-0.000560269
-0.000429656
-0.000282423
-0.000121785
4.79731e-05
0.000220741
0.000388267
0.000540716
0.000667673
0.000759085
0.000806346
0.000803783
0.000749958
0.000647986
0.000505083
0.000331857
0.000141163
-5.37389e-05
-0.000240944
-0.000410578
-0.000554784
-0.000667875
-0.000746427
-0.000788773
-0.000794324
-0.000763437
-0.000697628
-0.000599638
-0.00047346
-0.000324454
-0.000159245
1.47555e-05
0.000189883
0.000358607
0.000513878
0.000649498
0.000760382
0.000842653
0.00089371
0.000912314
0.000898676
0.00085448
0.000782866
0.000688308
0.000576354
0.000453268
0.00032567
0.000200225
8.33462e-05
-1.91609e-05
-0.00010256
-0.000163673
-0.000201235
-0.000215872
-0.000209747
-0.000186201
-0.000149544
-0.000104775
-5.70126e-05
-1.08317e-05
3.02619e-05
6.41359e-05
9.01121e-05
0.00010883
0.000121817
0.000130599
0.000135622
0.000135663
0.000127908
0.000108217
7.16471e-05
1.38019e-05
1.38019e-05
-6.74474e-05
-0.00017107
-0.000292913
-0.000425882
-0.000560336
-0.000685349
-0.000790331
-0.000865919
-0.000904263
-0.00089944
-0.000848035
-0.000749546
-0.000606753
-0.000426049
-0.000217414
6.08455e-06
0.00022931
0.000436923
0.000615539
0.00075498
0.000848479
0.000892723
0.000887636
0.000835312
0.000738698
0.000601104
0.000426485
0.000220062
-1.06121e-05
-0.000254566
-0.000497474
-0.000723136
-0.000915425
-0.0010601
-0.00114665
-0.00116971
-0.00112932
-0.00102994
-0.000879115
-0.000686331
-0.00046179
-0.000215473
4.30911e-05
0.000304443
0.000558895
0.000796636
0.00100794
0.0011833
0.00131373
0.00139134
0.00140983
0.00136489
0.00125461
0.00108031
0.000847264
0.000564808
0.000245851
-9.36589e-05
-0.00043563
-0.000761611
-0.00105486
-0.00130165
-0.00149174
-0.00161864
-0.00167948
-0.00167401
-0.00160371
-0.00147141
-0.00128134
-0.00103916
-0.000752067
-0.000429334
-8.25049e-05
0.000275025
0.000628743
0.000963499
0.00126391
0.00151526
0.00170473
0.00182225
0.00186087
0.00181704
0.00169109
0.00148753
0.001215
0.000885725
0.000514687
0.000118602
-0.000284989
-0.000678356
-0.00104404
-0.00136527
-0.00162648
-0.00181394
-0.00191636
-0.00192589
-0.001839
-0.00165697
-0.00138593
-0.00103682
-0.000625509
-0.00017236
0.000298945
0.000763042
0.0011945
0.00156934
0.00186669
0.00207031
0.00216978
0.00216077
0.00204472
0.00182849
0.00152365
0.00114548
0.000711878
0.000242572
-0.00024153
-0.000719154
-0.00116944
-0.00157272
-0.00191144
-0.00217121
-0.00234169
-0.00241712
-0.00239658
-0.00228365
-0.00208582
-0.00181367
-0.00148041
-0.00110132
-0.000693231
-0.000274039
0.000137974
0.000525011
0.000870803
0.00116155
0.00138666
0.00153924
0.00161618
0.00161784
0.0015477
0.00141159
0.00121701
0.000972672
0.000688665
0.000376528
4.90115e-05
-0.000280296
-0.000597239
-0.000887401
-0.00113664
-0.00133188
-0.00146187
-0.00151787
-0.00149413
-0.0013884
-0.00120236
-0.000941854
-0.000616702
-0.000240687
0.000168856
0.000592218
0.00100897
0.00139927
0.00174475
0.00202926
0.00223966
0.00236639
0.0024037
0.00234963
0.00220573
0.00197674
0.00167048
0.00129778
0.00087231
0.000410133
-7.09614e-05
-0.00055205
-0.00101364
-0.0014365
-0.00180286
-0.0020974
-0.00230786
-0.00242549
-0.00244557
-0.00236783
-0.00219659
-0.00194031
-0.00161083
-0.00122236
-0.000790735
-0.000332776
0.000134275
0.000593305
0.00102794
0.00142299
0.00176466
0.00204074
0.00224099
0.00235759
0.00238537
0.00232203
0.00216848
0.00192943
0.00161378
0.00123424
0.0008065
0.000348371
-0.000120937
-0.000581854
-0.0010157
-0.00140555
-0.0017365
-0.0019956
-0.00217172
-0.00225575
-0.00224159
-0.00212705
-0.00191418
-0.00160935
-0.00122344
-0.00077185
-0.000273874
0.00024862
0.000772518
0.00127455
0.00173211
0.00212411
0.00243203
0.00264074
0.00273913
0.00272062
0.00258381
0.00233287
0.00197761
0.00153289
0.00101757
0.000453379
-0.000136238
-0.000727142
-0.0012956
-0.00181932
-0.00227825
-0.00265526
-0.00293641
-0.00311114
-0.00317249
-0.00311752
-0.00294761
-0.00266835
-0.00228929
-0.00182364
-0.00128808
-0.000702287
-8.81478e-05
0.00053091
0.00113063
0.00168709
0.00217803
0.00258388
0.00288818
0.00307797
0.00314431
0.00308329
0.00289703
0.00259402
0.00218849
0.00169964
0.00115093
0.000568753
-1.95366e-05
-0.000587647
-0.00111193
-0.00157256
-0.00195401
-0.00224458
-0.00243564
-0.00252136
-0.00249895
-0.00236892
-0.00213516
-0.00180567
-0.00139319
-0.000915036
-0.000391966
0.00015293
0.000695487
0.00121204
0.00168093
0.0020834
0.00240394
0.00263025
0.0027532
0.00276694
0.00266945
0.00246335
0.00215604
0.00175962
0.00129056
0.00076911
0.000218222
-0.000337893
-0.00087518
-0.00137094
-0.00180482
-0.00215962
-0.00242198
-0.00258279
-0.00263756
-0.00258661
-0.00243506
-0.00219247
-0.0018721
-0.00148998
-0.00106403
-0.000613056
-0.000156013
0.000288549
0.00070288
0.00107058
0.00137722
0.00161079
0.00161079
0.00176209
0.00182537
0.00179897
0.00168566
0.00149252
0.00123046
0.000913656
0.000558691
0.000183581
-0.000193138
-0.000553267
-0.00087979
-0.00115772
-0.0013749
-0.00152264
-0.00159616
-0.00159472
-0.00152154
-0.00138343
-0.00119009
-0.000953344
-0.000686454
-0.00040356
-0.000119001
0.000153442
0.0004012
0.000613426
0.000781413
0.000898931
0.000962399
0.000970835
0.000925519
0.000829555
0.000687591
0.000505667
0.000291018
5.18992e-05
-0.000202444
-0.000461854
-0.000715645
-0.000953182
-0.00116435
-0.00133992
-0.00147198
-0.00155428
-0.00158253
-0.00155423
-0.00146836
-0.00132499
-0.00112565
-0.000874158
-0.000577366
-0.000245062
0.000110498
0.00047509
0.000833322
0.00116972
0.00146958
0.00171957
0.00190829
0.00202695
0.00206979
0.00203445
0.00192213
0.0017377
0.00148963
0.00119001
0.000853881
0.000498071
0.000139835
-0.000204391
-0.000520329
-0.000797079
-0.00102753
-0.00120778
-0.0013363
-0.00141336
-0.00144055
-0.00142022
-0.00135485
-0.00124706
-0.00109983
-0.000916813
-0.000702608
-0.000463051
-0.000205448
6.15324e-05
0.00032843
0.000585711
0.000824205
0.00103538
0.00121174
0.00134706
0.00143644
0.00147622
0.00146407
0.00139922
0.0012828
0.00111832
0.000911732
0.000671126
0.000406356
0.000128777
-0.000149274
-0.000415268
-0.000657214
-0.000864242
-0.00102709
-0.00113846
-0.00119335
-0.00118934
-0.00112674
-0.00100866
-0.000840899
-0.000631874
-0.000392239
-0.000134219
0.00012918
0.000384935
0.000620689
0.000825345
0.000989557
0.00110609
0.00117006
0.00117916
0.00113374
0.00103687
0.000894144
0.000713285
0.000503546
0.000275105
3.83682e-05
-0.000196693
-0.000421013
-0.000626662
-0.000807007
-0.000956884
-0.00107266
-0.00115218
-0.00119474
-0.00120105
-0.00117328
-0.00111457
-0.00102828
-0.000916889
-0.000781757
-0.000623868
-0.000444921
-0.000247818
-3.68215e-05
0.000182163
0.000401566
0.000612774
0.000807073
0.000976502
0.00111454
0.00121644
0.001279
0.0013002
0.00127903
0.0012156
0.00111146
0.000969972
0.000796681
0.000599323
0.000387403
0.000171487
-3.76245e-05
-0.000229878
-0.000396938
-0.000532822
-0.000633993
-0.000699144
-0.000728949
-0.000725813
-0.000693541
-0.000636988
-0.000561805
-0.00047411
-0.000379869
-0.000284183
-0.00019104
-0.000103555
-2.42137e-05
4.50769e-05
0.000102824
0.00014759
0.000177805
0.000191927
0.000188769
0.000167828
0.00012954
7.53523e-05
7.5976e-06
-7.0751e-05
-0.000156335
-0.000245599
-0.000334828
-0.000420074
-0.000497159
-0.000561818
-0.000609867
-0.000637319
-0.000640565
-0.000616718
-0.000564099
-0.000482692
-0.000374364
-0.000242872
-9.38597e-05
6.52396e-05
0.000225805
0.000379058
0.000516885
0.000632244
0.000719546
0.00077511
0.000797306
0.000786315
0.00074381
0.000672673
0.000576669
0.000460221
0.000328365
0.0001867
4.11266e-05
-0.000102564
-0.000239096
-0.000364019
-0.000473867
-0.000566195
-0.000639591
-0.000693683
-0.000728939
-0.000746201
-0.000746163
-0.000729122
-0.000695061
-0.000643929
-0.000575877
-0.000491472
-0.000392016
-0.00027981
-0.000158081
-3.06537e-05
9.82452e-05
0.000224099
0.000342308
0.000448437
0.000538362
0.000608421
0.000655608
0.000677739
0.000673575
0.0006429
0.000586468
0.000505844
0.000403275
0.000281651
0.000144522
-3.82979e-06
-0.000158267
-0.000312565
-0.000459045
-0.00058846
-0.000690777
-0.000756753
-0.000779346
-0.000754546
-0.00068217
-0.000566613
-0.000416629
-0.000243887
-6.13233e-05
0.000118062
0.000282309
0.000421671
0.000529419
0.000601992
0.0006387
0.000641241
0.000613198
0.000559543
0.000486068
0.000398913
0.000304384
0.000208847
0.000118407
3.85126e-05
-2.6263e-05
-7.2527e-05
-9.86139e-05
-0.000105063
-9.47533e-05
-7.26747e-05
-4.52272e-05
-1.91872e-05
-9.58731e-07
3.82997e-06
-8.91307e-06
-4.05634e-05
-8.91786e-05
-0.000150056
-0.000216826
-0.000282328
-0.0003392
-0.000380465
-0.000400262
-0.000394573
-0.000361675
-0.000302344
-0.000219989
-0.000120522
-1.15991e-05
9.84769e-05
0.000201476
0.000289566
0.000355806
0.000394775
0.000402861
0.0003781
0.000319927
0.000319927
0.000228976
0.000106989
-4.29466e-05
-0.000215826
-0.000404195
-0.000598031
-0.000785102
-0.000951666
-0.00108355
-0.0011678
-0.00119432
-0.00115669
-0.00105213
-0.000881529
-0.00064949
-0.000363884
-3.50327e-05
0.000324705
0.0007008
0.00107618
0.00143107
0.00174391
0.00199347
0.002161
0.00223149
0.00219463
0.0020459
0.00178734
0.00142709
0.000978312
0.000458021
-0.000113426
-0.000712147
-0.0013107
-0.00187914
-0.002387
-0.00280533
-0.00310855
-0.00327642
-0.0032961
-0.00316339
-0.00288274
-0.00246627
-0.00193286
-0.00130729
-0.000619085
9.89257e-05
0.000812231
0.00148612
0.00208736
0.00258629
0.00295915
0.00319002
0.00327185
0.00320632
0.00300315
0.00267869
0.00225416
0.00175376
0.00120334
0.000629417
5.80828e-05
-0.000485994
-0.000979952
-0.00140297
-0.00173706
-0.00196815
-0.00208703
-0.0020896
-0.00197713
-0.00175624
-0.0014386
-0.00104041
-0.000581875
-8.65888e-05
0.000419436
0.000909182
0.00135608
0.00173546
0.00202612
0.00221197
0.00228319
0.00223667
0.00207576
0.00180963
0.00145257
0.001023
0.000542102
3.24746e-05
-0.000482973
-0.000981912
-0.00144358
-0.00184979
-0.00218556
-0.00243941
-0.00260357
-0.00267414
-0.00265105
-0.00253789
-0.00234182
-0.0020733
-0.00174548
-0.00137309
-0.000971389
-0.000555256
-0.000138739
0.000265046
0.000644084
0.000987839
0.00128733
0.0015347
0.00172296
0.00184632
0.00190068
0.00188401
0.00179649
0.00164079
0.00142243
0.00115006
0.000835249
0.000492001
0.000136441
-0.000213353
-0.000538225
-0.000819592
-0.00104105
-0.00118966
-0.00125734
-0.00124219
-0.00114878
-0.000987107
-0.000771061
-0.000516933
-0.000241983
3.71658e-05
0.000305809
0.000551621
0.000764491
0.000936167
0.00105992
0.0011302
0.00114265
0.00109456
0.000985756
0.000819104
0.000600669
0.000339607
4.77502e-05
-0.00026135
-0.000573666
-0.000875766
-0.00115552
-0.00140238
-0.0016069
-0.00176002
-0.00185277
-0.00187687
-0.00182533
-0.00169337
-0.00147973
-0.00118808
-0.000827372
-0.000411261
4.26219e-05
0.000513453
0.000978704
0.00141595
0.00180416
0.00212446
0.002361
0.00250202
0.00254074
0.00247616
0.00231327
0.0020627
0.00173996
0.00136444
0.000957778
0.000542043
0.000138404
-0.00023373
-0.00055743
-0.000818765
-0.0010069
-0.00111413
-0.00113624
-0.00107301
-0.000928581
-0.000711626
-0.000435221
-0.000116445
0.0002243
0.000564182
0.000879141
0.00114548
0.00134176
0.00145049
0.00145901
0.00136008
0.0011533
0.000846961
0.000458635
1.35041e-05
-0.000458438
-0.000924848
-0.00135323
-0.00171344
-0.00198034
-0.00213575
-0.00216906
-0.00207716
-0.00186434
-0.00154221
-0.00112917
-0.000648894
-0.000128903
0.000400871
0.000909741
0.00136835
0.00175073
0.00203589
0.00220894
0.00226186
0.00219417
0.00201317
0.0017331
0.00137341
0.000957059
0.00050953
5.77921e-05
-0.000371186
-0.000752055
-0.00106256
-0.00128482
-0.00140634
-0.00142064
-0.00132766
-0.00113378
-0.000851148
-0.000496625
-9.07404e-05
0.000343596
0.000782646
0.00120336
0.0015845
0.00190742
0.00215662
0.00232018
0.00239003
0.00236183
0.0022347
0.00201117
0.00169721
0.00130215
0.000838459
0.000321552
-0.000230615
-0.00079839
-0.00136127
-0.0018983
-0.00238823
-0.00281027
-0.00314555
-0.00337851
-0.00349786
-0.00349699
-0.00337449
-0.00313455
-0.002787
-0.00234678
-0.0018329
-0.00126736
-0.000674254
-7.89598e-05
0.000492926
0.00101684
0.00147055
0.00183528
0.00209679
0.00224611
0.00227998
0.0022008
0.00201623
0.0017384
0.00138303
0.000968421
0.000514714
4.32255e-05
-0.000424258
-0.000866238
-0.00126227
-0.00159388
-0.0018456
-0.00200605
-0.00206871
-0.00203242
-0.00190149
-0.00168509
-0.00139633
-0.00105113
-0.000667286
-0.000263513
0.00014158
0.00053026
0.00088615
0.00119469
0.00144375
0.00162424
0.00173059
0.00176093
0.00171714
0.00160457
0.00143173
0.00120974
0.000951707
0.00067192
0.000385177
0.000106047
-0.000151873
-0.000376755
-0.000559283
-0.000693065
-0.000693065
-0.000774716
-0.000803832
-0.000782958
-0.00071731
-0.000614123
-0.000481816
-0.000329269
-0.00016537
1.26775e-06
0.000162586
0.000311363
0.00044129
0.000546895
0.000623605
0.000667964
0.000677718
0.000651864
0.0005909
0.000497255
0.000375565
0.000232687
7.75035e-05
-7.96151e-05
-0.000227887
-0.000357365
-0.000459738
-0.000528702
-0.000560401
-0.000553859
-0.000510818
-0.000435008
-0.000331541
-0.000206673
-6.76904e-05
7.72592e-05
0.00021949
0.000350354
0.000461874
0.000547183
0.000600874
0.000619485
0.000601933
0.000549632
0.000466266
0.000357337
0.000229602
9.05057e-05
-5.23701e-05
-0.000191832
-0.000321466
-0.000435895
-0.000530991
-0.000603961
-0.000653164
-0.000677858
-0.000678173
-0.000655187
-0.000610826
-0.000547633
-0.00046864
-0.000377319
-0.00027746
-0.000173026
-6.80325e-05
3.35514e-05
0.00012781
0.000210813
0.000278636
0.000327543
0.000354225
0.000356101
0.000331753
0.000281357
0.00020676
0.000111253
-7.30959e-07
-0.000123965
-0.000252872
-0.000381825
-0.000505186
-0.000617286
-0.000712522
-0.0007855
-0.000831258
-0.000845675
-0.000825923
-0.000770807
-0.000681098
-0.000559825
-0.000412269
-0.000245614
-6.84319e-05
0.000109878
0.000279715
0.000431978
0.000558777
0.000653957
0.000713256
0.000734278
0.000716543
0.000661512
0.000572316
0.000453312
0.00030973
0.000147401
-2.74824e-05
-0.000208524
-0.000389155
-0.000562703
-0.000722584
-0.000862493
-0.000976486
-0.00105914
-0.001106
-0.00111418
-0.00108262
-0.00101211
-0.000905166
-0.000765966
-0.000600185
-0.000414602
-0.000216582
-1.35501e-05
0.000187448
0.000379984
0.000558255
0.00071703
0.000851713
0.000958491
0.00103437
0.00107711
0.00108523
0.00105828
0.000997022
0.000903353
0.000780164
0.000631204
0.000461079
0.000275323
8.0329e-05
-0.000116917
-0.000309131
-0.000488977
-0.000649417
-0.000784157
-0.000887923
-0.00095654
-0.000987009
-0.000977618
-0.000928129
-0.000839981
-0.000716333
-0.000561892
-0.000382729
-0.000186173
1.94669e-05
0.000225455
0.000423267
0.000605126
0.000764416
0.00089591
0.000995795
0.00106157
0.00109196
0.00108678
0.00104665
0.00097284
0.000867231
0.000732694
0.000573219
0.000393745
0.00019991
-2.0656e-06
-0.000205479
-0.000403306
-0.000588369
-0.000753436
-0.000891255
-0.000994715
-0.0010574
-0.00107446
-0.00104315
-0.000963038
-0.000836073
-0.000666719
-0.000461819
-0.000230078
1.85046e-05
0.00027306
0.00052213
0.000753931
0.00095688
0.00112046
0.00123607
0.00129748
0.00130123
0.001247
0.00113772
0.000979288
0.000780014
0.000549956
0.000300218
4.23011e-05
-0.000212355
-0.000452712
-0.000668482
-0.000850538
-0.000991379
-0.00108559
-0.00113016
-0.00112467
-0.00107116
-0.000973852
-0.000838674
-0.000672593
-0.000483116
-0.000278048
-6.54165e-05
0.000146616
0.000349772
0.000535578
0.000695426
0.000821037
0.000905195
0.000942412
0.000929385
0.000865322
0.000752172
0.000594632
0.000399912
0.000177425
-6.15403e-05
-0.000304324
-0.00053777
-0.000749221
-0.000927225
-0.00106195
-0.00114566
-0.0011732
-0.00114229
-0.00105345
-0.000909849
-0.000716991
-0.000482484
-0.000215874
7.15369e-05
0.000367094
0.000657408
0.000929031
0.00116912
0.00136615
0.00151059
0.00159551
0.00161676
0.00157307
0.00146603
0.00130016
0.00108277
0.000823601
0.000534357
0.00022802
-8.17678e-05
-0.000381386
-0.000657984
-0.000900197
-0.00109866
-0.00124628
-0.00133832
-0.0013723
-0.00134787
-0.00126693
-0.00113362
-0.000954293
-0.00073726
-0.000492553
-0.000231605
3.32126e-05
0.000289212
0.000524071
0.000726474
0.000886667
0.000996957
0.00105209
0.00104944
0.000989014
0.000873521
0.000708332
0.000501369
0.000262779
4.45113e-06
-0.000260609
-0.000518936
-0.000757197
-0.000962784
-0.00112443
-0.00123286
-0.00128131
-0.00126613
-0.00118711
-0.00104748
-0.000853676
-0.000614816
-0.000342356
-4.95917e-05
0.000249026
0.000538832
0.000805888
0.00103766
0.00122346
0.00135487
0.00142639
0.00143583
0.00138441
0.00127649
0.00111912
0.000921497
0.00069433
0.00044899
0.000196747
-5.18251e-05
-0.000287188
-0.000501057
-0.000501057
-0.000686478
-0.000837763
-0.000950411
-0.00102119
-0.00104823
-0.00103095
-0.00096999
-0.000867468
-0.000727327
-0.000555309
-0.000358593
-0.00014546
7.48719e-05
0.000292501
0.000497295
0.000679456
0.000830115
0.000941874
0.00100921
0.00102879
0.000999628
0.00092318
0.00080318
0.000645466
0.000457677
0.00024881
2.86786e-05
-0.000192572
-0.000404901
-0.000598844
-0.000766004
-0.000899493
-0.000994247
-0.00104721
-0.00105733
-0.00102547
-0.000954035
-0.000846661
-0.000707912
-0.000543174
-0.000358582
-0.00016093
4.24096e-05
0.000243576
0.000434497
0.000607383
0.00075523
0.000872204
0.000953919
0.00099762
0.00100224
0.000968334
0.000897912
0.000794327
0.000662126
0.000506979
0.000335598
0.00015558
-2.48957e-05
-0.000197415
-0.00035374
-0.00048636
-0.00058909
-0.000657495
-0.000689075
-0.000683328
-0.000641691
-0.000567336
-0.000464847
-0.000339927
-0.000199178
-4.98528e-05
0.000100418
0.000243929
0.00037329
0.000481887
0.000564276
0.000616458
0.000636022
0.000622141
0.000575381
0.00049747
0.000391101
0.000259772
0.00010768
-6.02452e-05
-0.000238252
-0.000419838
-0.000597973
-0.000765238
-0.000913961
-0.00103663
-0.00112661
-0.00117872
-0.00118949
-0.00115723
-0.00108205
-0.000965903
-0.000812486
-0.000627111
-0.000416473
-0.000188433
4.81262e-05
0.000283509
0.00050764
0.000710687
0.000883665
0.00101897
0.00111088
0.00115595
0.00115332
0.00110469
0.00101412
0.000887688
0.000733073
0.000558965
0.000374389
0.000188149
8.40287e-06
-0.000157731
-0.000304451
-0.000427304
-0.000523079
-0.00058985
-0.000627085
-0.000635606
-0.000617406
-0.000575501
-0.000513803
-0.000436899
-0.000349806
-0.000257709
-0.000165692
-7.85059e-05
-4.17822e-07
6.49745e-05
0.000114997
0.000148071
0.000163718
0.000162442
0.000145572
0.000115139
7.37823e-05
2.45403e-05
-2.95152e-05
-8.55782e-05
-0.000141176
-0.00019409
-0.000242272
-0.000283767
-0.000316654
-0.000339043
-0.0003492
-0.000345735
-0.000327787
-0.000295177
-0.000248587
-0.000189691
-0.000121114
-4.62096e-05
3.12296e-05
0.000107236
0.00017794
0.000239894
0.000290356
0.000327454
0.000350256
0.000358808
0.000354081
0.000337759
0.000311977
0.000279166
0.000241969
0.000203086
0.00016507
0.000130163
0.00010016
7.63085e-05
5.92447e-05
4.89977e-05
4.50454e-05
4.64601e-05
5.2115e-05
6.08314e-05
7.14758e-05
8.31364e-05
9.53315e-05
0.000108036
0.00012149
0.00013599
0.000151804
0.000169111
0.00018788
0.000207693
0.000227598
0.00024607
0.000261114
0.00027044
0.000271671
0.000262648
0.000241729
0.000207925
0.0001609
0.000101008
2.93477e-05
-5.23282e-05
-0.00014173
-0.000235998
-0.000331551
-0.000423958
-0.00050801
-0.000578158
-0.000629228
-0.000656972
-0.000658293
-0.000631499
-0.000576733
-0.000496246
-0.000394265
-0.000276556
-0.000149861
-2.13762e-05
0.000101708
0.000212691
0.000305845
0.000376717
0.000422237
0.000440831
0.000432471
0.000398512
0.000341443
0.000264724
0.000172638
7.00566e-05
-3.77939e-05
-0.000145497
-0.000247609
-0.000338885
-0.000414532
-0.000470448
-0.000503463
-0.000511551
-0.000493921
-0.000450986
-0.000384254
-0.000296189
-0.000190071
-6.98479e-05
6.00011e-05
0.00019458
0.000328688
0.000456895
0.000573652
0.000673508
0.000751452
0.000803177
0.000825227
0.00081516
0.0007718
0.00069558
0.000588788
0.000455541
0.000301526
0.000133694
-4.0069e-05
-0.000211477
-0.000372547
-0.000516147
-0.000636334
-0.00072865
-0.000790287
-0.000820022
-0.000817988
-0.000785487
-0.000724803
-0.000638957
-0.000531516
-0.000406591
-0.000268938
-0.000123901
2.27916e-05
0.000165194
0.000297265
0.000413128
0.000507504
0.000576136
0.000616077
0.000625911
0.000605893
0.000557924
0.000485343
0.000392635
0.000285119
0.000168588
4.89315e-05
-6.81565e-05
-0.000177357
-0.00027384
-0.000353385
-0.000412524
-0.000448641
-0.000460086
-0.00044628
-0.000407796
-0.000346346
-0.000264696
-0.000166515
-5.61467e-05
6.16868e-05
0.000182165
0.000300577
0.000412434
0.000513488
0.0005997
0.000667276
0.000712828
0.00073357
0.000727423
0.000693138
0.000630585
0.000541095
0.000427605
0.000427605
0.000294554
0.000147713
-6.07718e-06
-0.000159418
-0.000305013
-0.000436175
-0.000547135
-0.000633349
-0.000691743
-0.000720691
-0.000719795
-0.000689695
-0.000631966
-0.000549026
-0.000444081
-0.000321149
-0.000185062
-4.12843e-05
0.000104377
0.000246044
0.000378018
0.000495092
0.000592833
0.000667688
0.000716948
0.000738644
0.000731507
0.000695109
0.000630152
0.000538664
0.000423978
0.00029066
0.000144409
-8.20789e-06
-0.000160268
-0.00030502
-0.000436294
-0.000548765
-0.000638073
-0.000700823
-0.00073461
-0.00073811
-0.000711171
-0.000654869
-0.000571562
-0.000464931
-0.000339911
-0.000202435
-5.90349e-05
8.35697e-05
0.000218857
0.000340834
0.000444289
0.00052495
0.000579596
0.000606157
0.000603791
0.000572952
0.000515407
0.000434205
0.000333553
0.000218587
9.50698e-05
-3.09598e-05
-0.000153525
-0.000266984
-0.000366211
-0.000446742
-0.000504894
-0.000537908
-0.000544098
-0.000522963
-0.000475241
-0.000402899
-0.0003091
-0.000198106
-7.50969e-05
5.40872e-05
0.00018325
0.000306138
0.000416725
0.000509519
0.000579871
0.000624207
0.00064017
0.000626735
0.0005843
0.00051466
0.000420862
0.00030701
0.000178057
3.96258e-05
-0.000102132
-0.00024069
-0.000369424
-0.000481988
-0.000572666
-0.000636683
-0.000670541
-0.000672346
-0.000642008
-0.0005812
-0.000493154
-0.000382401
-0.000254474
-0.000115567
2.7795e-05
0.000169014
0.000301662
0.000419727
0.000517859
0.000591593
0.000637581
0.000653792
0.000639622
0.000595914
0.00052491
0.000430142
0.00031624
0.000188698
5.36185e-05
-8.25667e-05
-0.000213395
-0.000332707
-0.000434985
-0.000515644
-0.000571258
-0.000599745
-0.000600471
-0.000574205
-0.000522955
-0.000449789
-0.000358656
-0.000254179
-0.000141408
-2.55763e-05
8.81272e-05
0.000194788
0.000289977
0.000369927
0.000431694
0.000473254
0.000493555
0.000492517
0.000471005
0.000430725
0.000374073
0.000303996
0.000223874
0.000137389
4.83505e-05
-3.95237e-05
-0.000122805
-0.000198486
-0.000264033
-0.000317434
-0.000357242
-0.000382546
-0.000392865
-0.000388088
-0.000368536
-0.000335067
-0.000289168
-0.000233026
-0.000169567
-0.000102384
-3.54744e-05
2.71137e-05
8.16346e-05
0.000125027
0.000155299
0.000171725
0.000174746
0.000165683
0.000146472
0.000119408
8.68467e-05
5.09327e-05
1.35266e-05
-2.37157e-05
-5.92455e-05
-9.15819e-05
-0.000119302
-0.000141049
-0.000155604
-0.000161988
-0.000159549
-0.000147968
-0.000127273
-9.78939e-05
-6.07285e-05
-1.71693e-05
3.08856e-05
8.10211e-05
0.000130364
0.000175811
0.000214365
0.000243413
0.000260896
0.000265508
0.000256881
0.000235598
0.00020301
0.000160994
0.00011177
5.774e-05
1.36574e-06
-5.49146e-05
-0.000108756
-0.000158001
-0.000200806
-0.000235762
-0.00026196
-0.000278961
-0.000286682
-0.000285293
-0.000275167
-0.000256839
-0.000230952
-0.000198308
-0.000159983
-0.000117372
-7.21596e-05
-2.62914e-05
1.80616e-05
5.86364e-05
9.32638e-05
0.000120028
0.000137378
0.000144208
0.000139902
0.0001244
9.82687e-05
6.27402e-05
1.96671e-05
-2.85589e-05
-7.91464e-05
-0.000129148
-0.000175749
-0.000216485
-0.00024935
-0.000272906
-0.000286332
-0.000289368
-0.000282183
-0.000265291
-0.000239516
-0.000205922
-0.000165729
-0.000120256
-7.09044e-05
-1.91313e-05
3.35999e-05
8.58761e-05
0.000136351
0.00018373
0.000226768
0.000264314
0.000295375
0.000319171
0.000335151
0.000343
0.000342607
0.000334032
0.000317491
0.000293349
0.000262139
0.000224618
0.000181836
0.000135127
8.60353e-05
3.62306e-05
-1.25898e-05
-5.88697e-05
-0.00010135
-0.000139122
-0.000171582
-0.000198343
-0.00021909
-0.00023349
-0.000241223
-0.000242096
-0.000236144
-0.000223709
-0.000205565
-0.000183021
-0.000157877
-0.000132241
-0.000108283
-8.80161e-05
-7.30798e-05
-6.45131e-05
-6.26116e-05
-6.69409e-05
-7.64511e-05
-8.96136e-05
-0.000104598
-0.000119529
-0.000132706
-0.000142677
-0.000148223
-0.000148407
-0.000142627
-0.000130581
-0.000112188
-8.75738e-05
-5.70968e-05
-2.13697e-05
1.87151e-05
6.19764e-05
0.000107015
0.000152334
0.00019644
0.000237912
0.000275482
0.000308118
0.000335068
0.000355838
0.00037012
0.000377708
0.000378436
0.000372193
0.000372193
0.000358991
0.000339
0.000312528
0.000280026
0.000242136
0.000199762
0.000154068
0.000106363
5.79196e-05
9.82825e-06
-3.70522e-05
-8.20841e-05
-0.000124806
-0.000164878
-0.000202022
-0.000235927
-0.000266115
-0.000291895
-0.000312465
-0.00032705
-0.000334979
-0.00033574
-0.000329088
-0.000315144
-0.000294423
-0.000267746
-0.000236081
-0.00020044
-0.000161861
-0.000121413
-8.01934e-05
-3.92943e-05
2.73611e-07
3.76478e-05
7.21198e-05
0.000103111
0.000130178
0.000153038
0.000171578
0.000185789
0.000195667
0.000201141
0.000202119
0.000198578
0.000190623
0.000178521
0.000162745
0.000144005
0.000123263
0.000101683
8.0559e-05
6.12009e-05
4.47966e-05
3.22447e-05
2.40362e-05
2.0252e-05
2.06201e-05
2.45443e-05
3.11333e-05
3.93e-05
4.78918e-05
5.57697e-05
6.18482e-05
6.51448e-05
6.48254e-05
6.02252e-05
5.08679e-05
3.64911e-05
1.70569e-05
-7.24499e-06
-3.59768e-05
-6.84059e-05
-0.00010345
-0.000139635
-0.000175097
-0.000207653
-0.000234951
-0.000254744
-0.000265172
-0.00026495
-0.000253437
-0.000230753
-0.000197909
-0.000156717
-0.000109513
-5.8864e-05
-7.39132e-06
4.23663e-05
8.80818e-05
0.000127741
0.000159715
0.000182825
0.000196365
0.000200107
0.000194277
0.000179517
0.000156836
0.000127542
9.31782e-05
5.54306e-05
1.60361e-05
-2.32638e-05
-6.07472e-05
-9.47617e-05
-0.000123797
-0.000146544
-0.000161942
-0.000169205
-0.000167835
-0.000157618
-0.000138628
-0.000111226
-7.6075e-05
-3.41738e-05
1.30712e-05
6.37937e-05
0.000115668
0.000165956
0.000211641
0.000249727
0.000277598
0.000293249
0.000295356
0.000283338
0.000257422
0.000218599
0.000168486
0.000109201
4.32755e-05
-2.6419e-05
-9.67642e-05
-0.000164523
-0.000226536
-0.000279921
-0.000322248
-0.000351661
-0.000366995
-0.000367802
-0.000354289
-0.000327213
-0.000287765
-0.000237486
-0.00017822
-0.000112121
-4.16538e-05
3.0463e-05
0.00010138
0.000168219
0.00022816
0.000278579
0.000317253
0.000342528
0.000353394
0.000349506
0.0003312
0.000299507
0.000256126
0.000203365
0.000144015
8.11905e-05
1.81548e-05
-4.18788e-05
-9.59334e-05
-0.000141414
-0.000176217
-0.000198842
-0.000208458
-0.000204926
-0.000188747
-0.00016101
-0.000123333
-7.77888e-05
-2.67886e-05
2.7072e-05
8.11791e-05
0.000133053
0.00018047
0.000221557
0.00025485
0.000279302
0.000294267
0.0002995
0.00029514
0.000281669
0.000259832
0.000230596
0.000195145
0.00015488
0.000111365
6.62643e-05
2.13004e-05
-2.17549e-05
-6.11004e-05
-9.49596e-05
-0.000121674
-0.000139808
-0.000148259
-0.000146368
-0.000134014
-0.000111621
-8.01134e-05
-4.08757e-05
4.2778e-06
5.3175e-05
0.000103388
0.000152341
0.000197425
0.00023613
0.000266177
0.000285693
0.000293357
0.000288486
0.000271039
0.000241603
0.000201364
0.00015202
9.56526e-05
3.46017e-05
-2.86406e-05
-9.15351e-05
-0.000151589
-0.000206454
-0.000254046
-0.000292674
-0.00032114
-0.000338817
-0.00034568
-0.000342268
-0.000329605
-0.000309103
-0.00028247
-0.000251595
-0.000218427
-0.000184876
-0.000152765
-0.000123766
-9.93334e-05
-8.06368e-05
-6.85198e-05
-6.34874e-05
-6.57073e-05
-7.50038e-05
-9.08448e-05
-0.000112354
-0.000138359
-0.000167469
-0.000198154
-0.000228819
-0.000257877
-0.000283817
-0.000305291
-0.000321174
-0.000330581
-0.00033285
-0.000327529
-0.000314376
-0.000293394
-0.000264901
-0.000229595
-0.000188597
-0.000143429
-9.59752e-05
-4.84156e-05
-3.05044e-06
3.79413e-05
7.2688e-05
9.97152e-05
0.000118016
0.000127116
0.00012707
0.000118386
0.000101941
7.89171e-05
5.0734e-05
1.89915e-05
-1.45777e-05
-4.81558e-05
-7.99054e-05
-0.000108042
-0.000130906
-0.000147064
-0.00015543
-0.000155381
-0.000146814
-0.000130117
-0.000106138
-7.61341e-05
-4.16828e-05
-4.55194e-06
3.3416e-05
7.03929e-05
0.000104659
0.000134688
0.000159191
0.000177141
0.000187805
0.000190782
0.000186021
0.000173834
0.000154907
0.00013029
0.00010136
6.97463e-05
3.72415e-05
5.69994e-06
-2.30789e-05
-4.74628e-05
-6.60621e-05
-7.77752e-05
-8.18321e-05
-7.7835e-05
-6.57704e-05
-4.59923e-05
-1.91921e-05
1.36268e-05
5.11633e-05
9.18283e-05
0.000133785
0.000175045
0.000213599
0.000247544
0.000275177
0.000275177
0.000295107
0.000306338
0.000308331
0.000300977
0.000284535
0.000259549
0.000226793
0.000187253
0.000142152
9.29515e-05
4.13148e-05
-1.09311e-05
-6.17992e-05
-0.000109177
-0.000150942
-0.000185123
-0.000210051
-0.000224464
-0.000227597
-0.000219248
-0.000199796
-0.00017016
-0.000131724
-8.625e-05
-3.57716e-05
1.75347e-05
7.14697e-05
0.000123899
0.000172836
0.000216527
0.000253504
0.000282607
0.000302983
0.000314089
0.000315673
0.000307754
0.000290623
0.000264898
0.000231594
0.000192132
0.000148281
0.000102089
5.58044e-05
1.17349e-05
-2.79369e-05
-6.13089e-05
-8.68532e-05
-0.000103494
-0.000110677
-0.000108394
-9.71642e-05
-7.79951e-05
-5.23222e-05
-2.19247e-05
1.1185e-05
4.48927e-05
7.71195e-05
0.000105939
0.000129677
0.000147019
0.000157077
0.000159394
0.000153879
0.000140774
0.000120642
9.43563e-05
6.30948e-05
2.83488e-05
-8.10314e-06
-4.42775e-05
-7.80986e-05
-0.000107518
-0.000130659
-0.000145991
-0.000152449
-0.000149476
-0.000136997
-0.00011539
-8.54613e-05
-4.84038e-05
-5.77711e-06
4.04822e-05
8.80641e-05
0.000134348
0.000176536
0.000211889
0.00023799
0.000252941
0.000255445
0.000244873
0.000221326
0.000185613
0.000139142
8.38261e-05
2.20608e-05
-4.32963e-05
-0.000108975
-0.000171462
-0.000227287
-0.000273297
-0.000306836
-0.000325923
-0.000329469
-0.000317387
-0.000290535
-0.000250531
-0.000199563
-0.000140203
-7.52578e-05
-7.65948e-06
5.96328e-05
0.000123738
0.000181974
0.000231992
0.000271894
0.000300318
0.000316488
0.000320247
0.000312044
0.000292878
0.000264193
0.000227779
0.00018569
0.000140164
9.35319e-05
4.81027e-05
6.03445e-06
-3.07678e-05
-6.07202e-05
-8.26158e-05
-9.56781e-05
-9.95804e-05
-9.44187e-05
-8.06655e-05
-5.9134e-05
-3.09666e-05
2.344e-06
3.89071e-05
7.64175e-05
0.000112254
0.000143702
0.000168201
0.00018355
0.00018812
0.000181063
0.000162429
0.000133085
9.45158e-05
4.86211e-05
-2.48355e-06
-5.66652e-05
-0.000111928
-0.000166462
-0.000218604
-0.000266785
-0.000309458
-0.000345056
-0.000372032
-0.000389025
-0.000395057
-0.000389638
-0.000372813
-0.00034521
-0.000308059
-0.000263111
-0.00021249
-0.000158522
-0.000103595
-5.00519e-05
-1.14772e-07
4.41763e-05
8.10293e-05
0.000108982
0.000126972
0.000134388
0.000131098
0.000117467
9.43478e-05
6.30344e-05
2.51994e-05
-1.71727e-05
-6.18432e-05
-0.000106384
-0.000148274
-0.000185025
-0.000214325
-0.000234212
-0.000243279
-0.000240849
-0.000227039
-0.000202714
-0.000169404
-0.000129153
-8.43024e-05
-3.72508e-05
9.67293e-06
5.42817e-05
9.46183e-05
0.000129044
0.000156273
0.000175389
0.000185874
0.000187645
0.000181061
0.000166901
0.000146308
0.000120694
9.16288e-05
6.07312e-05
2.95544e-05
-5.08899e-07
-2.82682e-05
-5.27231e-05
-7.30585e-05
-8.86732e-05
-9.92105e-05
-0.00010456
-0.000104838
-0.000100373
-9.1699e-05
-7.95353e-05
-6.47376e-05
-4.82133e-05
-3.08315e-05
-1.33663e-05
3.52169e-06
1.92829e-05
3.34804e-05
4.57873e-05
5.59644e-05
6.38359e-05
6.92949e-05
7.23262e-05
7.30128e-05
7.15351e-05
6.81752e-05
6.33109e-05
5.73834e-05
5.08579e-05
4.41985e-05
3.78467e-05
3.22009e-05
2.76059e-05
2.4353e-05
2.26766e-05
2.27453e-05
2.46603e-05
2.84674e-05
3.41815e-05
4.18163e-05
5.14082e-05
6.30173e-05
7.66765e-05
9.22612e-05
0.000109333
0.000127066
0.000144288
0.000159562
0.000171313
0.000178061
0.000178678
0.000172522
0.000159444
0.000139776
0.0001143
8.4085e-05
5.03016e-05
1.41213e-05
-2.33031e-05
-6.08519e-05
-9.74315e-05
-0.00013193
-0.000163196
-0.000190068
-0.000211443
-0.000226324
-0.000233911
-0.000233708
-0.00022561
-0.000209897
-0.000187159
-0.000158253
-0.000124291
-8.66073e-05
-4.66775e-05
-6.0358e-06
3.3823e-05
7.15327e-05
0.000105904
0.000135932
0.00016078
0.000179771
0.000192373
0.000198187
0.000196935
0.000188528
0.000173165
0.000151398
0.000124102
9.24416e-05
5.78416e-05
2.18999e-05
-1.37453e-05
-4.7538e-05
-7.80905e-05
-0.000104245
-0.000125103
-0.000140016
-0.00014858
-0.000150629
-0.000146236
-0.000135668
-0.000119365
-9.79321e-05
-7.2166e-05
-4.30458e-05
-1.1687e-05
2.06966e-05
5.27928e-05
8.31989e-05
0.000110486
0.000133302
0.000133302
0.00015048
0.000161129
0.000164732
0.000161214
0.000150952
0.000134724
0.00011362
8.8958e-05
6.21754e-05
3.47227e-05
7.97714e-06
-1.68129e-05
-3.85817e-05
-5.65211e-05
-7.01393e-05
-7.926e-05
-8.39733e-05
-8.45981e-05
-8.16667e-05
-7.58854e-05
-6.80573e-05
-5.90097e-05
-4.95562e-05
-4.0483e-05
-3.25433e-05
-2.64438e-05
-2.27999e-05
-2.20533e-05
-2.43887e-05
-2.96895e-05
-3.75405e-05
-4.72635e-05
-5.79863e-05
-6.87626e-05
-7.87141e-05
-8.71223e-05
-9.34603e-05
-9.74117e-05
-9.8872e-05
-9.78907e-05
-9.45856e-05
-8.91062e-05
-8.16414e-05
-7.24237e-05
-6.17299e-05
-4.98966e-05
-3.7329e-05
-2.44811e-05
-1.18219e-05
1.95494e-07
1.11597e-05
2.0728e-05
2.86405e-05
3.47167e-05
3.88475e-05
4.09982e-05
4.12213e-05
3.96624e-05
3.65546e-05
3.22075e-05
2.69924e-05
2.13108e-05
1.55427e-05
9.98842e-06
4.82082e-06
6.66705e-08
-4.37664e-06
-8.70478e-06
-1.31621e-05
-1.79827e-05
-2.33364e-05
-2.93177e-05
-3.59685e-05
-4.3285e-05
-5.12151e-05
-5.96784e-05
-6.85969e-05
-7.78976e-05
-8.74972e-05
-9.72906e-05
-0.000107146
-0.000116908
-0.000126401
-0.000135449
-0.000143876
-0.000151505
-0.000158159
-0.000163681
-0.000167963
-0.000170951
-0.000172643
-0.000173087
-0.000172401
-0.000170773
-0.000168451
-0.00016571
-0.000162809
-0.000159933
-0.000157146
-0.00015436
-0.000151362
-0.000147851
-0.000143457
-0.000137739
-0.000130193
-0.000120301
-0.000107612
-9.18157e-05
-7.27872e-05
-5.06286e-05
-2.5725e-05
1.25537e-06
2.94411e-05
5.78592e-05
8.55081e-05
0.000111415
0.000134689
0.000154565
0.000170425
0.000181815
0.000188429
0.000190084
0.000186705
0.000178356
0.000165281
0.000147924
0.0001269
0.000102938
7.68378e-05
4.94409e-05
2.16041e-05
-5.83324e-06
-3.20903e-05
-5.64735e-05
-7.83799e-05
-9.72955e-05
-0.000112804
-0.000124593
-0.000132421
-0.000136068
-0.000135268
-0.000129733
-0.000119249
-0.000103778
-8.34922e-05
-5.88124e-05
-3.04733e-05
4.49807e-07
3.2619e-05
6.45687e-05
9.48328e-05
0.000122055
0.000145078
0.000163004
0.000175218
0.000181388
0.000181446
0.000175568
0.000164162
0.000147863
0.000127516
0.000104158
7.89719e-05
5.32123e-05
2.81316e-05
4.91548e-06
-1.53718e-05
-3.18388e-05
-4.38052e-05
-5.08245e-05
-5.27e-05
-4.94892e-05
-4.14906e-05
-2.9223e-05
-1.34059e-05
5.07189e-06
2.52071e-05
4.59475e-05
6.62521e-05
8.51379e-05
0.000101717
0.000115227
0.00012507
0.000130847
0.000132406
0.000129858
0.000123587
0.000114216
0.000102565
8.95801e-05
7.62372e-05
6.3472e-05
5.21262e-05
4.29012e-05
3.6325e-05
3.27567e-05
3.2408e-05
3.53422e-05
4.1445e-05
5.03987e-05
6.16804e-05
7.45948e-05
8.83383e-05
0.000102064
0.000114925
0.000126126
0.000134985
0.000140981
0.000143757
0.000143096
0.000138903
0.000131194
0.000120107
0.000105918
8.90539e-05
7.00798e-05
4.96617e-05
2.85354e-05
7.4677e-06
-1.27887e-05
-3.15402e-05
-4.81806e-05
-6.21951e-05
-7.31445e-05
-8.06444e-05
-8.4375e-05
-8.41331e-05
-7.98794e-05
-7.1749e-05
-6.0037e-05
-4.51821e-05
-2.77432e-05
-8.36743e-06
1.22431e-05
3.33643e-05
5.42756e-05
7.42663e-05
9.26361e-05
0.000108716
0.00012191
0.000131734
0.000137863
0.00014016
0.000138701
0.00013377
0.000125825
0.000115452
0.000103309
9.00687e-05
7.63784e-05
6.28356e-05
4.99917e-05
3.83464e-05
2.83177e-05
2.01855e-05
1.40206e-05
9.62981e-06
6.56265e-06
4.20046e-06
1.89874e-06
-8.60777e-07
-4.35898e-06
-8.61669e-06
-1.34519e-05
-1.85511e-05
-2.35312e-05
-2.80309e-05
-3.18277e-05
-3.48984e-05
-3.73821e-05
-3.95001e-05
-4.14923e-05
-4.35704e-05
-4.58862e-05
-4.85323e-05
-5.15742e-05
-5.50785e-05
-5.91156e-05
-6.37546e-05
-6.90559e-05
-7.505e-05
-8.17066e-05
-8.89144e-05
-9.6469e-05
-0.000104054
-0.00011123
-0.000117471
-0.000122221
-0.000124932
-0.000125098
-0.000122299
-0.000116272
-0.000106967
-9.4538e-05
-7.93199e-05
-6.17979e-05
-4.25919e-05
-2.24309e-05
-2.11449e-06
1.75287e-05
3.56822e-05
5.15772e-05
6.45238e-05
7.39533e-05
7.94733e-05
8.09105e-05
7.83292e-05
7.20342e-05
6.25498e-05
5.05655e-05
3.68689e-05
2.22936e-05
7.68048e-06
-6.16249e-06
-1.84931e-05
-2.8658e-05
-3.61148e-05
-4.0458e-05
-4.1448e-05
-3.90399e-05
-3.34056e-05
-2.49359e-05
-2.49359e-05
-1.42254e-05
-2.04557e-06
1.06942e-05
2.30045e-05
3.38911e-05
4.24424e-05
4.79056e-05
4.97251e-05
4.75618e-05
4.13299e-05
3.12306e-05
1.77256e-05
1.45892e-06
-1.68125e-05
-3.62607e-05
-5.60325e-05
-7.52994e-05
-9.32961e-05
-0.000109348
-0.000122891
-0.000133475
-0.000140761
-0.000144518
-0.000144625
-0.000141074
-0.000133967
-0.00012349
-0.000109876
-9.3367e-05
-7.42278e-05
-5.27837e-05
-2.94401e-05
-4.6683e-06
2.09958e-05
4.69171e-05
7.23253e-05
9.6315e-05
0.000117895
0.000136073
0.000149937
0.000158737
0.000161964
0.000159417
0.000151226
0.00013781
0.000119852
9.82544e-05
7.40672e-05
4.8403e-05
2.23811e-05
-2.9092e-06
-2.64581e-05
-4.73923e-05
-6.50257e-05
-7.88987e-05
-8.88009e-05
-9.47694e-05
-9.7067e-05
-9.61389e-05
-9.25348e-05
-8.68098e-05
-7.94456e-05
-7.08171e-05
-6.1188e-05
-5.0736e-05
-3.96236e-05
-2.80811e-05
-1.64247e-05
-5.01624e-06
5.76418e-06
1.55282e-05
2.39197e-05
3.06718e-05
3.56261e-05
3.87144e-05
3.99296e-05
3.92938e-05
3.68418e-05
3.26402e-05
2.6819e-05
1.95856e-05
1.12226e-05
2.08407e-06
-7.41561e-06
-1.68274e-05
-2.57002e-05
-3.36115e-05
-4.01895e-05
-4.51215e-05
-4.81586e-05
-4.91236e-05
-4.79213e-05
-4.45508e-05
-3.91269e-05
-3.19061e-05
-2.32944e-05
-1.38191e-05
-4.07934e-06
5.30648e-06
1.37455e-05
2.07131e-05
2.57897e-05
2.86808e-05
2.92132e-05
2.73258e-05
2.30725e-05
1.66312e-05
8.30185e-06
-1.50765e-06
-1.23025e-05
-2.3528e-05
-3.46042e-05
-4.49648e-05
-5.40976e-05
-6.15794e-05
-6.70922e-05
-7.04243e-05
-7.14679e-05
-7.02256e-05
-6.68235e-05
-6.15258e-05
-5.47377e-05
-4.69899e-05
-3.89079e-05
-3.1168e-05
-2.44365e-05
-1.93046e-05
-1.62414e-05
-1.55634e-05
-1.74007e-05
-2.16756e-05
-2.81241e-05
-3.63558e-05
-4.59053e-05
-5.62554e-05
-6.68473e-05
-7.70862e-05
-8.63482e-05
-9.3998e-05
-9.94198e-05
-0.000102051
-0.000101414
-9.71555e-05
-8.90942e-05
-7.72668e-05
-6.19377e-05
-4.35891e-05
-2.29172e-05
-8.19195e-07
2.16678e-05
4.34669e-05
6.35425e-05
8.09502e-05
9.48851e-05
0.000104738
0.00011014
0.000110984
0.000107421
9.98411e-05
8.88417e-05
7.51883e-05
5.97552e-05
4.34533e-05
2.71709e-05
1.17271e-05
-2.17173e-06
-1.39601e-05
-2.32108e-05
-2.9618e-05
-3.29943e-05
-3.32779e-05
-3.05299e-05
-2.49201e-05
-1.67189e-05
-6.28777e-06
5.94309e-06
1.95061e-05
3.3925e-05
4.87391e-05
6.35145e-05
7.78364e-05
9.13085e-05
0.000103564
0.000114258
0.000123039
0.000129562
0.000133532
0.000134746
0.000133123
0.000128719
0.000121733
0.000112503
0.000101478
8.91923e-05
7.62239e-05
6.31636e-05
5.05813e-05
3.90014e-05
2.88894e-05
2.06419e-05
1.45683e-05
1.08729e-05
9.64676e-06
1.08696e-05
1.44109e-05
2.00339e-05
2.74066e-05
3.61207e-05
4.5704e-05
5.56246e-05
6.53011e-05
7.41278e-05
8.15042e-05
8.68649e-05
8.97276e-05
8.97563e-05
8.68102e-05
8.09631e-05
7.24965e-05
6.18758e-05
4.97073e-05
3.66716e-05
2.34533e-05
1.06951e-05
-1.02202e-06
-1.11996e-05
-1.94475e-05
-2.54971e-05
-2.92053e-05
-3.05586e-05
-2.96725e-05
-2.67774e-05
-2.21889e-05
-1.62664e-05
-9.37668e-06
-1.87734e-06
5.88939e-06
1.36059e-05
2.09814e-05
2.77386e-05
3.36e-05
3.82923e-05
4.15593e-05
4.31716e-05
4.29394e-05
4.07386e-05
3.65374e-05
3.0402e-05
2.2485e-05
1.3019e-05
2.31977e-06
-9.21496e-06
-2.11229e-05
-3.29052e-05
-4.40579e-05
-5.41031e-05
-6.26191e-05
-6.92727e-05
-7.38452e-05
-7.62469e-05
-7.65224e-05
-7.48541e-05
-7.15512e-05
-6.70168e-05
-6.171e-05
-5.61181e-05
-5.07366e-05
-4.6046e-05
-4.24837e-05
-4.04163e-05
-4.01235e-05
-4.17942e-05
-4.55262e-05
-5.13261e-05
-5.91124e-05
-6.87168e-05
-7.98796e-05
-9.22383e-05
-0.000105308
-0.000118455
-0.000130891
-0.000141729
-0.000150094
-0.000155216
-0.00015648
-0.000153471
-0.000146047
-0.000134391
-0.000118991
-0.000100585
-8.00739e-05
-5.84458e-05
-3.67139e-05
-1.58569e-05
3.23239e-06
1.97778e-05
3.31389e-05
4.28341e-05
4.85581e-05
5.01815e-05
4.77478e-05
4.14773e-05
3.17623e-05
1.91428e-05
4.27921e-06
-1.20753e-05
-2.91092e-05
-4.59927e-05
-6.19123e-05
-7.60995e-05
-8.78607e-05
-9.66081e-05
-0.00010189
-0.000103417
-0.000101065
-9.48692e-05
-8.50025e-05
-7.17548e-05
-5.55208e-05
-3.67884e-05
-1.61228e-05
5.85174e-06
5.85174e-06
2.84568e-05
5.09478e-05
7.2514e-05
9.23121e-05
0.000109524
0.00012341
0.000133363
0.000138969
0.000140048
0.000136673
0.000129153
0.000118032
0.000104079
8.82502e-05
7.1605e-05
5.52217e-05
4.0107e-05
2.70945e-05
1.67501e-05
9.33459e-06
4.83904e-06
3.04615e-06
3.57551e-06
5.93602e-06
9.60737e-06
1.41145e-05
1.90549e-05
2.40936e-05
2.89564e-05
3.34271e-05
3.73415e-05
4.05712e-05
4.30086e-05
4.45704e-05
4.52117e-05
4.49127e-05
4.36387e-05
4.1319e-05
3.78679e-05
3.32183e-05
2.73443e-05
2.02856e-05
1.21813e-05
3.29105e-06
-6.01607e-06
-1.53011e-05
-2.4106e-05
-3.20031e-05
-3.86382e-05
-4.3762e-05
-4.72461e-05
-4.90935e-05
-4.94589e-05
-4.86741e-05
-4.72472e-05
-4.58021e-05
-4.49726e-05
-4.53081e-05
-4.72074e-05
-5.08529e-05
-5.61536e-05
-6.27663e-05
-7.02002e-05
-7.79191e-05
-8.53997e-05
-9.21785e-05
-9.78945e-05
-0.000102291
-0.000105178
-0.000106403
-0.000105826
-0.00010333
-9.88459e-05
-9.24099e-05
-8.42067e-05
-7.45754e-05
-6.39747e-05
-5.29352e-05
-4.201e-05
-3.17171e-05
-2.24941e-05
-1.46842e-05
-8.53727e-06
-4.19972e-06
-1.69057e-06
-8.81921e-07
-1.49637e-06
-3.12337e-06
-5.24342e-06
-7.25825e-06
-8.54543e-06
-8.53836e-06
-6.79306e-06
-3.0095e-06
2.97787e-06
1.12136e-05
2.1634e-05
3.40733e-05
4.82429e-05
6.36834e-05
7.97186e-05
9.54437e-05
0.000109766
0.000121526
0.000129662
0.000133325
0.000131925
0.000125175
0.000113131
9.6179e-05
7.49439e-05
5.02055e-05
2.28573e-05
-6.09389e-06
-3.55196e-05
-6.41912e-05
-9.08507e-05
-0.000114299
-0.000133474
-0.00014752
-0.000155868
-0.000158276
-0.000154839
-0.000145948
-0.000132223
-0.00011445
-9.35277e-05
-7.04499e-05
-4.62867e-05
-2.21601e-05
8.01377e-07
2.15313e-05
3.91051e-05
5.28199e-05
6.22516e-05
6.72733e-05
6.80406e-05
6.49534e-05
5.85939e-05
4.96501e-05
3.88549e-05
2.69578e-05
1.47066e-05
2.81479e-06
-8.07808e-06
-1.74261e-05
-2.47767e-05
-2.97811e-05
-3.22196e-05
-3.20161e-05
-2.922e-05
-2.39742e-05
-1.64822e-05
-6.9847e-06
4.248e-06
1.6915e-05
3.06796e-05
4.51616e-05
5.9934e-05
7.45416e-05
8.85327e-05
0.00010148
0.000112994
0.000122734
0.000130422
0.000135849
0.000138877
0.000139449
0.000137589
0.000133426
0.000127204
0.000119272
0.000110071
0.000100106
8.99052e-05
7.99739e-05
7.07503e-05
6.25848e-05
5.5733e-05
5.0357e-05
4.65353e-05
4.42844e-05
4.35745e-05
4.43257e-05
4.6399e-05
4.95986e-05
5.36801e-05
5.83544e-05
6.3295e-05
6.81546e-05
7.25851e-05
7.6259e-05
7.8893e-05
8.02621e-05
8.02028e-05
7.86149e-05
7.54669e-05
7.07999e-05
6.47267e-05
5.74296e-05
4.91544e-05
4.02021e-05
3.09139e-05
2.16511e-05
1.27725e-05
4.61345e-06
-2.53151e-06
-8.42308e-06
-1.28875e-05
-1.58206e-05
-1.71889e-05
-1.70293e-05
-1.54482e-05
-1.26139e-05
-8.74323e-06
-4.08398e-06
1.11e-06
6.60335e-06
1.21918e-05
1.7702e-05
2.2991e-05
2.79465e-05
3.24788e-05
3.65022e-05
3.99145e-05
4.25845e-05
4.43458e-05
4.49967e-05
4.43149e-05
4.20983e-05
3.82134e-05
3.2617e-05
2.53515e-05
1.65457e-05
6.4232e-06
-4.71024e-06
-1.65013e-05
-2.85768e-05
-4.05519e-05
-5.20257e-05
-6.25669e-05
-7.17116e-05
-7.89951e-05
-8.40008e-05
-8.63978e-05
-8.59628e-05
-8.26047e-05
-7.63868e-05
-6.75254e-05
-5.63547e-05
-4.32784e-05
-2.87311e-05
-1.31567e-05
2.99534e-06
1.92567e-05
3.51297e-05
5.00947e-05
6.36257e-05
7.52119e-05
8.44047e-05
9.0892e-05
9.45589e-05
9.55139e-05
9.40886e-05
9.08102e-05
8.63315e-05
8.13396e-05
7.64943e-05
7.23866e-05
6.94658e-05
6.79455e-05
6.77689e-05
6.86632e-05
7.02228e-05
7.19642e-05
7.33669e-05
7.3933e-05
7.32582e-05
7.10748e-05
6.72474e-05
6.17414e-05
5.45948e-05
4.58964e-05
3.57712e-05
2.43823e-05
1.19538e-05
-1.20762e-06
-1.4709e-05
-2.80799e-05
-4.08018e-05
-5.23662e-05
-6.2343e-05
-7.0432e-05
-7.64994e-05
-8.0596e-05
-8.29352e-05
-8.38205e-05
-8.35657e-05
-8.24429e-05
-8.06564e-05
-7.83316e-05
-7.55405e-05
-7.23576e-05
-6.88945e-05
-6.52981e-05
-6.17458e-05
-5.8452e-05
-5.56509e-05
-5.35511e-05
-5.22995e-05
-5.19731e-05
-5.25835e-05
-5.40893e-05
-5.64087e-05
-5.94243e-05
-6.29755e-05
-6.68567e-05
-7.08286e-05
-7.46353e-05
-7.80223e-05
-8.07548e-05
-8.26359e-05
-8.26359e-05
-8.35256e-05
-8.33601e-05
-8.21617e-05
-8.00321e-05
-7.71298e-05
-7.36462e-05
-6.97902e-05
-6.57892e-05
-6.18972e-05
-5.83802e-05
-5.546e-05
-5.32693e-05
-5.18817e-05
-5.13569e-05
-5.17107e-05
-5.28519e-05
-5.45864e-05
-5.66704e-05
-5.88453e-05
-6.08579e-05
-6.24837e-05
-6.35352e-05
-6.38681e-05
-6.34061e-05
-6.21593e-05
-6.02149e-05
-5.77101e-05
-5.48007e-05
-5.16383e-05
-4.83686e-05
-4.51391e-05
-4.20906e-05
-3.934e-05
-3.6978e-05
-3.50816e-05
-3.37177e-05
-3.29325e-05
-3.27362e-05
-3.30866e-05
-3.388e-05
-3.49632e-05
-3.61608e-05
-3.72909e-05
-3.81713e-05
-3.86346e-05
-3.85467e-05
-3.78108e-05
-3.63611e-05
-3.41546e-05
-3.11655e-05
-2.73841e-05
-2.2823e-05
-1.75267e-05
-1.1576e-05
-5.08713e-06
1.79418e-06
8.89966e-06
1.60427e-05
2.30176e-05
2.95958e-05
3.55212e-05
4.05051e-05
4.42336e-05
4.64017e-05
4.67625e-05
4.51596e-05
4.15377e-05
3.59517e-05
2.85854e-05
1.97625e-05
9.93855e-06
-3.27497e-07
-1.04133e-05
-1.96749e-05
-2.74892e-05
-3.3309e-05
-3.67272e-05
-3.75218e-05
-3.56692e-05
-3.13416e-05
-2.48881e-05
-1.67851e-05
-7.56695e-06
2.22388e-06
1.20609e-05
2.14557e-05
2.99802e-05
3.72689e-05
4.30122e-05
4.69656e-05
4.89739e-05
4.89937e-05
4.71055e-05
4.35112e-05
3.85122e-05
3.24807e-05
2.58337e-05
1.89987e-05
1.23692e-05
6.26645e-06
9.20008e-07
-3.53561e-06
-7.05375e-06
-9.66539e-06
-1.14673e-05
-1.26e-05
-1.32219e-05
-1.3498e-05
-1.3598e-05
-1.36756e-05
-1.38358e-05
-1.41167e-05
-1.44949e-05
-1.48969e-05
-1.52139e-05
-1.53229e-05
-1.51148e-05
-1.45265e-05
-1.35642e-05
-1.23052e-05
-1.08806e-05
-9.45526e-06
-8.20573e-06
-7.29214e-06
-6.83389e-06
-6.89948e-06
-7.50193e-06
-8.59323e-06
-1.00662e-05
-1.17725e-05
-1.355e-05
-1.5244e-05
-1.67199e-05
-1.78825e-05
-1.87036e-05
-1.92351e-05
-1.95933e-05
-1.99316e-05
-2.04162e-05
-2.12018e-05
-2.23963e-05
-2.40262e-05
-2.60213e-05
-2.823e-05
-3.04482e-05
-3.24458e-05
-3.39956e-05
-3.49101e-05
-3.50679e-05
-3.44103e-05
-3.29259e-05
-3.06445e-05
-2.76335e-05
-2.3983e-05
-1.97963e-05
-1.51955e-05
-1.03295e-05
-5.37387e-06
-5.2632e-07
4.00207e-06
8.00881e-06
1.13308e-05
1.3878e-05
1.56707e-05
1.68695e-05
1.77656e-05
1.87263e-05
2.01356e-05
2.23516e-05
2.56582e-05
3.01913e-05
3.58884e-05
4.25043e-05
4.96784e-05
5.69956e-05
6.40301e-05
7.03926e-05
7.57773e-05
7.99812e-05
8.28893e-05
8.44546e-05
8.46856e-05
8.36293e-05
8.13561e-05
7.79601e-05
7.35639e-05
6.83073e-05
6.23225e-05
5.57218e-05
4.86061e-05
4.10806e-05
3.32622e-05
2.52782e-05
1.72749e-05
9.44262e-06
2.03649e-06
-4.63409e-06
-1.02451e-05
-1.44998e-05
-1.7159e-05
-1.80672e-05
-1.71738e-05
-1.45369e-05
-1.03089e-05
-4.7184e-06
1.93796e-06
9.295e-06
1.69224e-05
2.43399e-05
3.10425e-05
3.65275e-05
4.03245e-05
4.20346e-05
4.13734e-05
3.82e-05
3.25272e-05
2.45239e-05
1.45222e-05
3.01839e-06
-9.35438e-06
-2.18812e-05
-3.38248e-05
-4.447e-05
-5.31605e-05
-5.93456e-05
-6.26356e-05
-6.28454e-05
-6.00037e-05
-5.43321e-05
-4.62102e-05
-3.61386e-05
-2.46919e-05
-1.24732e-05
-8.75867e-08
1.18749e-05
2.28652e-05
3.23976e-05
4.00532e-05
4.54857e-05
4.84441e-05
4.87954e-05
4.65345e-05
4.17899e-05
3.48268e-05
2.60326e-05
1.58896e-05
4.94169e-06
-6.23601e-06
-1.70674e-05
-2.7006e-05
-3.55647e-05
-4.23359e-05
-4.70025e-05
-4.9349e-05
-4.92738e-05
-4.67946e-05
-4.20454e-05
-3.527e-05
-2.68095e-05
-1.70825e-05
-6.56163e-06
4.25322e-06
1.4867e-05
2.48213e-05
3.37207e-05
4.12573e-05
4.72267e-05
5.1523e-05
5.41201e-05
5.5063e-05
5.44711e-05
5.2527e-05
4.94551e-05
4.55114e-05
4.0981e-05
3.61677e-05
3.13751e-05
2.6876e-05
2.28723e-05
1.94674e-05
1.66709e-05
1.44217e-05
1.26073e-05
1.1082e-05
9.69456e-06
8.31428e-06
6.84705e-06
5.23427e-06
3.43981e-06
1.43953e-06
-7.69028e-07
-3.13778e-06
-5.54044e-06
-7.76293e-06
-9.51251e-06
-1.04425e-05
-1.01965e-05
-8.47105e-06
-5.07331e-06
4.44035e-08
6.75802e-06
1.4731e-05
2.33882e-05
3.19656e-05
3.96299e-05
4.55838e-05
4.9113e-05
4.96265e-05
4.67371e-05
4.03608e-05
3.07909e-05
1.87208e-05
5.20526e-06
-8.42489e-06
-2.06919e-05
-3.0154e-05
-3.55911e-05
-3.6107e-05
-3.1192e-05
-2.08509e-05
-5.73889e-06
1.28786e-05
1.28786e-05
3.33635e-05
5.39631e-05
7.29921e-05
8.89997e-05
0.000100943
0.000108275
0.000110887
0.000109001
0.000103043
9.34915e-05
8.06969e-05
6.47903e-05
4.5747e-05
2.35239e-05
-1.8215e-06
-3.00099e-05
-6.03688e-05
-9.16681e-05
-0.000122103
-0.000149462
-0.00017139
-0.000185634
-0.000190341
-0.000184405
-0.000167728
-0.00014123
-0.000106673
-6.64861e-05
-2.35233e-05
1.93083e-05
5.93965e-05
9.45491e-05
0.00012299
0.000143412
0.00015506
0.000157723
0.0001517
0.000137788
0.000117257
9.1765e-05
6.32301e-05
3.36298e-05
4.75994e-06
-2.19611e-05
-4.55739e-05
-6.55736e-05
-8.1815e-05
-9.42984e-05
-0.000102939
-0.000107492
-0.00010762
-0.000102974
-9.32958e-05
-7.86206e-05
-5.94734e-05
-3.68774e-05
-1.22156e-05
1.29211e-05
3.69033e-05
5.82812e-05
7.5948e-05
8.91579e-05
9.74683e-05
0.000100704
9.89178e-05
9.23116e-05
8.11885e-05
6.59749e-05
4.72659e-05
2.58254e-05
2.55805e-06
-2.15121e-05
-4.52783e-05
-6.76177e-05
-8.7457e-05
-0.00010381
-0.000115813
-0.000122794
-0.000124324
-0.000120239
-0.000110639
-9.59052e-05
-7.67069e-05
-5.39814e-05
-2.8891e-05
-2.77529e-06
2.29164e-05
4.67118e-05
6.72098e-05
8.31931e-05
9.37492e-05
9.83494e-05
9.68733e-05
8.96112e-05
7.72405e-05
6.07282e-05
4.11949e-05
1.9822e-05
-2.19945e-06
-2.37368e-05
-4.37834e-05
-6.14819e-05
-7.61208e-05
-8.71442e-05
-9.41667e-05
-9.69841e-05
-9.55854e-05
-9.01569e-05
-8.1064e-05
-6.88178e-05
-5.40416e-05
-3.74329e-05
-1.97304e-05
-1.69538e-06
1.59041e-05
3.23195e-05
4.68493e-05
5.88586e-05
6.78078e-05
7.32933e-05
7.50851e-05
7.31422e-05
6.76105e-05
5.88064e-05
4.71889e-05
3.33264e-05
1.78645e-05
1.49917e-06
-1.50511e-05
-3.10744e-05
-4.58904e-05
-5.88687e-05
-6.94534e-05
-7.71925e-05
-8.17585e-05
-8.29581e-05
-8.07399e-05
-7.52058e-05
-6.66118e-05
-5.53511e-05
-4.19289e-05
-2.69419e-05
-1.10603e-05
4.99947e-06
2.05096e-05
3.47649e-05
4.71133e-05
5.69876e-05
6.39338e-05
6.76346e-05
6.79309e-05
6.4833e-05
5.85169e-05
4.9315e-05
3.77072e-05
2.43032e-05
9.80438e-06
-5.04188e-06
-1.94858e-05
-3.28141e-05
-4.439e-05
-5.36905e-05
-6.03311e-05
-6.40749e-05
-6.48303e-05
-6.26464e-05
-5.77024e-05
-5.02904e-05
-4.07967e-05
-2.96834e-05
-1.74677e-05
-4.70123e-06
8.0495e-06
2.02237e-05
3.12901e-05
4.07679e-05
4.82482e-05
5.34173e-05
5.60735e-05
5.61331e-05
5.36314e-05
4.87242e-05
4.16781e-05
3.28536e-05
2.26875e-05
1.16714e-05
3.21562e-07
-1.08468e-05
-2.13361e-05
-3.06857e-05
-3.84958e-05
-4.44448e-05
-4.82999e-05
-4.99279e-05
-4.92998e-05
-4.64883e-05
-4.16617e-05
-3.50789e-05
-2.70778e-05
-1.80537e-05
-8.43583e-06
1.3312e-06
1.08068e-05
1.95736e-05
2.72526e-05
3.35172e-05
3.811e-05
4.08558e-05
4.16656e-05
4.05366e-05
3.75562e-05
3.28979e-05
2.68102e-05
1.96032e-05
1.16352e-05
3.29234e-06
-5.03303e-06
-1.29591e-05
-2.01284e-05
-2.62245e-05
-3.09881e-05
-3.42261e-05
-3.58167e-05
-3.57144e-05
-3.39535e-05
-3.06453e-05
-2.59708e-05
-2.01716e-05
-1.35359e-05
-6.38051e-06
9.61465e-07
8.1512e-06
1.48621e-05
2.07991e-05
2.571e-05
2.93912e-05
3.16965e-05
3.25451e-05
3.19245e-05
2.9889e-05
2.65569e-05
2.21056e-05
1.67606e-05
1.07819e-05
4.45325e-06
-1.92944e-06
-8.07223e-06
-1.36977e-05
-1.85579e-05
-2.24456e-05
-2.52009e-05
-2.6717e-05
-2.69453e-05
-2.58987e-05
-2.3648e-05
-2.03192e-05
-1.60846e-05
-1.1152e-05
-5.75629e-06
-1.53244e-07
5.39616e-06
1.06425e-05
1.53551e-05
1.93285e-05
2.23948e-05
2.44318e-05
2.53648e-05
2.51709e-05
2.38829e-05
2.15826e-05
1.83917e-05
1.44705e-05
1.00146e-05
5.24005e-06
3.68535e-07
-4.37809e-06
-8.78374e-06
-1.26505e-05
-1.58113e-05
-1.81363e-05
-1.95361e-05
-1.99633e-05
-1.94141e-05
-1.79287e-05
-1.55918e-05
-1.25284e-05
-8.89419e-06
-4.86438e-06
-6.27323e-07
3.62078e-06
7.68572e-06
1.13863e-05
1.45608e-05
1.70733e-05
1.88209e-05
1.97389e-05
1.98011e-05
1.90191e-05
1.74432e-05
1.51603e-05
1.22886e-05
8.9707e-06
5.36821e-06
1.65288e-06
-2.00365e-06
-5.43792e-06
-8.49898e-06
-1.10532e-05
-1.29921e-05
-1.42386e-05
-1.47495e-05
-1.45152e-05
-1.35596e-05
-1.1939e-05
-9.73892e-06
-7.07063e-06
-4.06569e-06
-8.68243e-07
2.37252e-06
5.50866e-06
8.39946e-06
1.09176e-05
1.09176e-05
1.29548e-05
1.44269e-05
1.52771e-05
1.54781e-05
1.50332e-05
1.39756e-05
1.39756e-05
