2.9612e-11
-8.10243e-11
-4.73487e-09
-3.79325e-08
-1.62429e-07
-4.5999e-07
-9.49949e-07
-1.53148e-06
-2.05202e-06
-2.42313e-06
-2.62676e-06
-2.65807e-06
-2.54518e-06
-2.38104e-06
-2.24942e-06
-2.14944e-06
-2.03888e-06
-1.89468e-06
-1.69738e-06
-1.42222e-06
-1.08264e-06
-7.47577e-07
-5.0267e-07
-4.10007e-07
-4.96232e-07
-7.54912e-07
-1.15273e-06
-1.64424e-06
-2.19431e-06
-2.79299e-06
-3.45206e-06
-4.18978e-06
-5.01548e-06
-5.91916e-06
-6.86731e-06
-7.80591e-06
-8.67238e-06
-9.41379e-06
-1.00004e-05
-1.04256e-05
-1.06959e-05
-1.0821e-05
-1.08036e-05
-1.06342e-05
-1.02934e-05
-9.75916e-06
-9.01497e-06
-8.05902e-06
-6.90893e-06
-5.59621e-06
-4.15517e-06
-2.61422e-06
-9.90222e-07
7.12791e-07
2.49738e-06
4.36355e-06
6.30411e-06
8.30325e-06
1.03364e-05
1.23747e-05
1.43933e-05
1.63779e-05
1.83275e-05
2.02542e-05
2.21786e-05
2.41204e-05
2.60915e-05
2.8093e-05
3.01154e-05
3.21384e-05
3.413e-05
3.60445e-05
3.78222e-05
3.93916e-05
4.06722e-05
4.15824e-05
4.20502e-05
4.20237e-05
4.14741e-05
4.0391e-05
3.8773e-05
3.66169e-05
3.39103e-05
3.06302e-05
2.67496e-05
2.22506e-05
1.71414e-05
1.14662e-05
5.30584e-06
-1.2302e-06
-8.02363e-06
-1.49733e-05
-2.20138e-05
-2.91195e-05
-3.62953e-05
-4.35575e-05
-5.09083e-05
-5.83163e-05
-6.57072e-05
-7.2967e-05
-7.99552e-05
-8.65301e-05
-9.25714e-05
-9.79884e-05
-0.000102718
-0.000106721
-0.000109979
-0.000112491
-0.000114256
-0.000115273
-0.000115533
-0.000114999
-0.000113604
-0.00011125
-0.000107836
-0.000103286
-9.75885e-05
-9.08227e-05
-8.31613e-05
-7.48386e-05
-6.60946e-05
-5.71268e-05
-4.80585e-05
-3.89213e-05
-2.96559e-05
-2.01315e-05
-1.01748e-05
4.07917e-07
1.18166e-05
2.42411e-05
3.78324e-05
5.2668e-05
6.8735e-05
8.59366e-05
0.000104101
0.000122983
0.000142263
0.00016155
0.000180368
0.000198136
0.000214172
0.000227729
0.000238047
0.000244428
0.000246322
0.00024339
0.000235526
0.000222812
0.000205392
0.000183295
0.000156299
0.00012394
8.56665e-05
4.11577e-05
-9.23917e-06
-6.41196e-05
-0.000120963
-0.000176469
-0.000227088
-0.000269593
-0.000301642
-0.000322178
-0.000331374
-0.000330181
-0.000319847
-0.000301619
-0.000276541
-0.000245392
-0.000208885
-0.000168005
-0.000124162
-7.90759e-05
-3.4537e-05
7.84959e-06
4.69407e-05
8.22571e-05
0.000113967
0.000142665
0.000169093
0.000193929
0.000217646
0.000240403
0.000261954
0.000281579
0.000298134
0.000310302
0.000316949
0.000317452
0.000311985
0.000301806
0.000289334
0.000277781
0.000270477
0.000270241
0.000278946
0.000297262
0.000324701
0.000360087
0.000402232
0.000450386
0.000504273
0.000563703
0.000627689
0.000693085
0.000753304
0.000797911
0.000813458
0.000785698
0.000703217
0.000561617
0.000365982
0.000130235
-0.00012573
-0.000379818
-0.000612246
-0.000809736
-0.000966855
-0.00108386
-0.00116359
-0.00120933
-0.00122317
-0.00120503
-0.00115364
-0.00106936
-0.000956036
-0.000821143
-0.000674637
-0.000527389
-0.000389062
-0.000266114
-0.000161216
-7.43198e-05
-4.4732e-06
4.86302e-05
8.38808e-05
9.90328e-05
9.19545e-05
6.22901e-05
1.27428e-05
-5.06499e-05
-0.000119426
-0.000184377
-0.00023726
-0.000271991
-0.000285063
-0.000275114
-0.000241883
-0.000185159
-0.000104321
1.37819e-06
0.000132022
0.000286118
0.000459928
0.000647415
0.00084091
0.00103222
0.00121371
0.0013789
0.00152273
0.00164124
0.00173126
0.00179022
0.00181623
0.00180858
0.00176792
0.00169617
0.0015958
0.00146885
0.00131556
0.00113276
0.000912245
0.000640092
0.000298953
-0.00012491
-0.0006315
-0.00119942
-0.00178596
-0.00233487
-0.00278796
-0.00309717
-0.00323567
-0.0032033
-0.00302203
-0.00272427
-0.00234213
-0.00190106
-0.00141662
-0.000895421
-0.000341984
0.000232772
0.000807873
0.00135467
0.00184185
0.00224116
0.00253326
0.00271138
0.00278035
0.00275184
0.00263884
0.00245031
0.00218691
0.00183967
0.00139425
0.000841165
0.000188512
-0.000529452
-0.00125404
-0.00191425
-0.00244291
-0.00279133
-0.00294024
-0.00290284
-0.00271558
-0.00242086
-0.00205279
-0.00163183
-0.00116608
-0.000658158
-0.000116694
0.000433626
0.000951559
0.00138863
0.00138863
0.00170165
0.00186213
0.00186049
0.00170455
0.00141349
0.00100981
0.000513497
-5.78624e-05
-0.000683776
-0.00133433
-0.00196693
-0.00252796
-0.00295962
-0.00321098
-0.00325003
-0.00307157
-0.00269748
-0.0021702
-0.00154267
-0.000867708
-0.000189632
0.000458961
0.00105495
0.0015794
0.00201293
0.00233443
0.00252335
0.00256441
0.00245286
0.00219823
0.0018245
0.0013665
0.000863563
0.000353183
-0.000133506
-0.000573565
-0.000951721
-0.00125816
-0.00148567
-0.00162776
-0.00167891
-0.0016366
-0.00150339
-0.00128798
-0.00100503
-0.000673653
-0.00031463
5.21805e-05
0.000408664
0.00073746
0.0010207
0.00123983
0.00137712
0.00141902
0.00136039
0.00120753
0.000977545
0.000694759
0.00038579
7.478e-05
-0.0002205
-0.000489992
-0.000729174
-0.000935023
-0.00110289
-0.00122528
-0.00129228
-0.00129384
-0.00122378
-0.00108385
-0.000886283
-0.000653762
-0.000416251
-0.000204081
-3.97109e-05
6.77059e-05
0.000123135
0.000142799
0.000148148
0.000157767
0.000181303
0.000218961
0.000265083
0.000312468
0.000356457
0.000397758
0.000440777
0.000486391
0.000523452
0.000525807
0.000458981
0.000294609
2.48431e-05
-0.000330581
-0.000725981
-0.00109903
-0.00138748
-0.00154811
-0.00156683
-0.0014556
-0.00124317
-0.000966542
-0.000662395
-0.000359381
-7.56773e-05
0.000177734
0.00039373
0.000568885
0.00070382
0.000801626
0.00086616
0.000902198
0.000915597
0.000911267
0.000890876
0.000853395
0.000797697
0.000724386
0.00063654
0.000540143
0.000443275
0.00035328
0.000273902
0.00020477
0.000143173
8.64203e-05
3.37992e-05
-1.23474e-05
-4.69418e-05
-6.39165e-05
-5.84766e-05
-2.88623e-05
2.30283e-05
9.24478e-05
0.000173666
0.000261889
0.00035435
0.000450146
0.000548761
0.000647751
0.000740835
0.000817511
0.000864443
0.000868142
0.000818408
0.000711659
0.000552672
0.000353968
0.000133515
-8.82671e-05
-0.000291971
-0.00046246
-0.000590213
-0.000670211
-0.000699978
-0.000678248
-0.000604111
-0.000476583
-0.000295368
-6.26482e-05
0.000215577
0.000529262
0.000864352
0.00120252
0.00152117
0.0017944
0.00199513
0.00209875
0.00208846
0.00196057
0.0017264
0.00140941
0.0010398
0.000648094
0.000258371
-0.00011654
-0.000474129
-0.000816111
-0.00114187
-0.00144428
-0.0017078
-0.0019102
-0.00202864
-0.00204735
-0.00196209
-0.0017805
-0.00151963
-0.00120141
-0.000847087
-0.000473047
-9.01935e-05
0.000293735
0.000671069
0.00103176
0.00136239
0.00164742
0.00187242
0.0020278
0.00211089
0.00212578
0.00208124
0.0019878
0.00185495
0.00168967
0.00149694
0.00128161
0.00105017
0.000810953
0.000572041
0.000337278
0.000102947
-0.000141304
-0.000406335
-0.000695363
-0.000997599
-0.00128593
-0.00152107
-0.00166325
-0.0016862
-0.00158619
-0.00138369
-0.00111938
-0.0008441
-0.000603982
-0.000428367
-0.000326396
-0.000290233
-0.000300622
-0.000334642
-0.000374735
-0.000413663
-0.000452241
-0.000493668
-0.000539315
-0.00058645
-0.000627114
-0.000649549
-0.000642579
-0.000599925
-0.000521446
-0.000411603
-0.00027702
-0.000123906
4.43401e-05
0.000228071
0.000429648
0.000649459
0.000881515
0.00111038
0.00131094
0.00145218
0.0015054
0.00145442
0.001303
0.00107481
0.000806034
0.000535005
0.000292518
9.41929e-05
-6.21435e-05
-0.000191093
-0.000309074
-0.000425283
-0.000537311
-0.000630376
-0.00068048
-0.000662518
-0.000560724
-0.000377055
-0.000135509
0.000119196
0.000331018
0.000448467
0.000439654
0.00030074
5.67831e-05
-0.000245836
-0.000555202
-0.000830714
-0.00105186
-0.0012183
-0.00134601
-0.00146032
-0.00158541
-0.0017345
-0.0019059
-0.00208352
-0.00223877
-0.002335
-0.00233551
-0.00221283
-0.00195473
-0.00156614
-0.00106884
-0.000498803
9.98427e-05
0.000683192
0.0012143
0.0016664
0.00202332
0.00227786
0.00242772
0.00247047
0.00240046
0.00220964
0.00189139
0.00144606
0.000886346
0.000240134
-0.000451474
-0.0011401
-0.00177741
-0.00232191
-0.00274376
-0.00302564
-0.00315982
-0.00314403
-0.0029787
-0.00266634
-0.00221303
-0.00163259
-0.000951625
-0.000951625
-0.000211893
0.000533126
0.00122764
0.00182537
0.00229814
0.00263811
0.0028542
0.00296465
0.00298736
0.00293183
0.00279763
0.00257985
0.00227645
0.001894
0.00145126
0.000979111
0.000514893
9.32024e-05
-0.000261767
-0.000539672
-0.000743576
-0.000886047
-0.00098268
-0.00104601
-0.00108266
-0.00109382
-0.00107741
-0.00103119
-0.000955822
-0.000856444
-0.000741584
-0.000620593
-0.000501521
-0.000390019
-0.000288897
-0.000198497
-0.000118199
-4.80359e-05
1.10963e-05
5.84997e-05
9.47523e-05
0.000122194
0.000144777
0.000166748
0.000190036
0.000211897
0.00022455
0.000216933
0.000177748
9.93938e-05
-1.79748e-05
-0.000164379
-0.000321656
-0.000467902
-0.000582371
-0.000649633
-0.000662776
-0.000624489
-0.000544925
-0.00043763
-0.000316305
-0.000193121
-7.74848e-05
2.47497e-05
0.000110474
0.000177471
0.000223509
0.000246675
0.000245407
0.000217985
0.000162865
7.99558e-05
-2.86683e-05
-0.000158978
-0.000304985
-0.000458406
-0.00060904
-0.000745861
-0.000857771
-0.00093391
-0.000964348
-0.000941192
-0.000859386
-0.000717177
-0.000516847
-0.000265619
2.43325e-05
0.000337232
0.000655691
0.000962478
0.00124229
0.0014838
0.0016811
0.00183332
0.00194291
0.00201348
0.00204797
0.00204668
0.0020058
0.00191767
0.00177325
0.0015655
0.00129224
0.000958196
0.000575905
0.000164536
-0.000253673
-0.000657424
-0.00102884
-0.00135442
-0.00162512
-0.00183554
-0.00198226
-0.00206291
-0.00207685
-0.00202637
-0.00191699
-0.00175675
-0.00155513
-0.00132184
-0.00106531
-0.00079133
-0.000503444
-0.000205
9.87904e-05
0.000399848
0.000686958
0.000946198
0.00116289
0.00132484
0.001425
0.00146224
0.00144087
0.00136931
0.0012581
0.00111746
0.000955767
0.000779777
0.000595522
0.000408959
0.000226152
5.3205e-05
-0.000104294
-0.000242303
-0.000359042
-0.000454638
-0.000529802
-0.000584478
-0.000617247
-0.000625693
-0.000607493
-0.00056202
-0.00049198
-0.000404103
-0.0003082
-0.000215014
-0.000134007
-7.15868e-05
-3.00075e-05
-7.55682e-06
-4.25741e-07
-5.33736e-06
-2.14446e-05
-5.07199e-05
-9.67349e-05
-0.000162097
-0.000245662
-0.000341143
-0.000437809
-0.000522692
-0.000583541
-0.000611702
-0.000603636
-0.000560376
-0.000485577
-0.000383329
-0.000256464
-0.000105923
6.83728e-05
0.000265622
0.000482372
0.000711763
0.00094393
0.00116747
0.00137155
0.00154799
0.00169226
0.00180311
0.00188073
0.00192416
0.00192906
0.00188709
0.00178731
0.00161943
0.00137841
0.0010688
0.00070638
0.000315966
-7.30988e-05
-0.00043197
-0.000737361
-0.000975538
-0.00114297
-0.00124356
-0.00128521
-0.00127746
-0.00122945
-0.0011483
-0.00103939
-0.00090833
-0.00076192
-0.000607334
-0.000451203
-0.000299608
-0.000157961
-3.03417e-05
8.04351e-05
0.00017162
0.000239696
0.000280928
0.000292451
0.000272928
0.000222916
0.00014503
4.34556e-05
-7.71647e-05
-0.000212636
-0.000359283
-0.000513178
-0.000668822
-0.000817855
-0.000948744
-0.00104804
-0.0011028
-0.00110316
-0.00104441
-0.000927891
-0.00076016
-0.000550648
-0.000309152
-4.42742e-05
0.000236948
0.00052839
0.000823384
0.00111321
0.00138657
0.00163043
0.00183159
0.0019784
0.00206212
0.00207765
0.00202336
0.00190038
0.00171201
0.00146397
0.00116503
0.000827592
0.000467626
0.000103838
-0.000244065
-0.000558179
-0.00082546
-0.00103946
-0.00120009
-0.00131197
-0.00138207
-0.00141665
-0.00141886
-0.00138841
-0.00132349
-0.00122309
-0.00108855
-0.000924698
-0.000740273
-0.000546687
-0.000355384
-0.000175689
-1.40056e-05
0.000126156
0.000243638
0.000338375
0.000409966
0.000457149
0.000478319
0.000472296
0.000438879
0.000379264
0.000296191
0.000193637
7.63005e-05
-5.04958e-05
-0.000180457
-0.00030608
-0.000418959
-0.000510647
-0.000574133
-0.000605834
-0.000607006
-0.000583339
-0.000542982
-0.000494434
-0.000445
-0.000399749
-0.000361287
-0.000330641
-0.00030851
-0.000295825
-0.00029358
-0.000302528
-0.000322846
-0.000353582
-0.000392202
-0.000434789
-0.000476891
-0.000514403
-0.000544052
-0.000563528
-0.000571319
-0.000566119
-0.000545953
-0.000507521
-0.000446271
-0.000446271
-0.000357457
-0.000238038
-8.8984e-05
8.28271e-05
0.000264277
0.000438067
0.000586553
0.000695739
0.000758292
0.000775129
0.000754735
0.000709702
0.000652108
0.000590232
0.000527505
0.000463059
0.000393687
0.000316962
0.000233951
0.000149735
7.18577e-05
8.06942e-06
-3.57514e-05
-5.71973e-05
-5.78326e-05
-4.2135e-05
-1.54998e-05
1.74792e-05
5.38418e-05
9.23122e-05
0.000132733
0.000175053
0.000218433
0.000261052
0.000300611
0.000335034
0.00036311
0.000384938
0.000401873
0.000415819
0.000428206
0.000439222
0.000447576
0.000450802
0.000446033
0.000430995
0.000404863
0.000368627
0.000324752
0.000276326
0.000226186
0.000176361
0.000127907
8.10756e-05
3.58127e-05
-7.68185e-06
-4.86907e-05
-8.60217e-05
-0.000118115
-0.000143146
-0.000159238
-0.000164751
-0.000158567
-0.00014067
-0.0001135
-8.37376e-05
-6.30393e-05
-6.64409e-05
-0.000108722
-0.000199899
-0.000341098
-0.000522549
-0.00072528
-0.000925963
-0.00110235
-0.00123756
-0.00132289
-0.00135815
-0.00134876
-0.00130114
-0.00121943
-0.00110467
-0.000955495
-0.00077018
-0.000549648
-0.000299934
-3.21506e-05
0.000239713
0.000501482
0.000741018
0.000949679
0.00112239
0.00125604
0.00134736
0.00139174
0.00138388
0.00131967
0.00119852
0.00102535
0.000811621
0.000574046
0.000331307
0.000100103
-0.000107687
-0.000286083
-0.000434173
-0.000553355
-0.000643629
-0.000701134
-0.000718356
-0.000686384
-0.000597948
-0.000450538
-0.000248579
-3.20293e-06
0.000270429
0.000556278
0.000838944
0.00110276
0.00132901
0.00149322
0.0015657
0.00151713
0.00132811
0.000998696
0.000552668
3.38885e-05
-0.000503961
-0.00101002
-0.00144783
-0.00180264
-0.00208035
-0.00229757
-0.00246858
-0.00259619
-0.00266878
-0.00266351
-0.00255562
-0.00233087
-0.00199367
-0.00156662
-0.00108358
-0.000580117
-8.44899e-05
0.000387975
0.000834478
0.00125887
0.00166402
0.00204603
0.00239213
0.00268248
0.0028947
0.00300862
0.00300964
0.00289104
0.00265573
0.00231661
0.00189427
0.00141394
0.000903219
0.000389563
-0.000103029
-0.000555842
-0.00095469
-0.00128891
-0.00155151
-0.00173888
-0.00184945
-0.00188324
-0.00184291
-0.00173431
-0.00156575
-0.0013471
-0.00108939
-0.000804219
-0.000502753
-0.000195385
0.000107715
0.000395881
0.000657989
0.000883325
0.00106294
0.00119117
0.00126693
0.00129411
0.00127999
0.00123145
0.0011503
0.00103023
0.000857934
0.00061941
0.000309228
-6.25048e-05
-0.000469384
-0.000873254
-0.00123185
-0.00150868
-0.00168231
-0.00174941
-0.00172009
-0.00161046
-0.00143632
-0.00120901
-0.000934708
-0.000619193
-0.000275368
7.24881e-05
0.00039086
0.000644583
0.000806811
0.000867107
0.000833914
0.000730705
0.000587613
0.000431218
0.000276535
0.000125462
-2.8055e-05
-0.00019016
-0.000360136
-0.000526136
-0.00066571
-0.000752143
-0.000763552
-0.000689721
-0.000534355
-0.000313275
-4.94362e-05
0.000233687
0.000517408
0.000789319
0.00104124
0.00126584
0.00145406
0.00159414
0.00167308
0.00168005
0.00160999
0.00146533
0.001255
0.000992163
0.00069202
0.000370276
4.25084e-05
-0.000275339
-0.000566237
-0.000812289
-0.000996068
-0.00110289
-0.00112407
-0.00106019
-0.00092215
-0.000729031
-0.000503573
-0.000267264
-3.615e-05
0.000181251
0.000382579
0.00056738
0.000732685
0.000870716
0.000969048
0.00101297
0.000989856
0.000893954
0.000729131
0.000508306
0.000250491
-2.33618e-05
-0.000294625
-0.000549678
-0.00077973
-0.000978465
-0.00113943
-0.00125449
-0.00131379
-0.00130742
-0.00122821
-0.00107453
-0.00085195
-0.000573515
-0.000258537
6.96693e-05
0.000386547
0.000668662
0.000895384
0.00105037
0.00112314
0.00111019
0.00101513
0.000848328
0.000625658
0.000365299
8.31954e-05
-0.000209822
-0.000507541
-0.00080578
-0.00109906
-0.00137678
-0.00162082
-0.00180716
-0.00191113
-0.00191301
-0.00180211
-0.00157956
-0.00125847
-0.00086037
-0.000409759
7.01156e-05
0.000558814
0.00103854
0.00149276
0.00190398
0.00225231
0.00251667
0.0026783
0.0027247
0.00265241
0.00246775
0.00218557
0.00182619
0.00141188
0.00141188
0.00096405
0.00050185
4.22931e-05
-0.000398814
-0.000806049
-0.00116432
-0.00145964
-0.00168035
-0.00181864
-0.00187161
-0.00184113
-0.00173245
-0.00155234
-0.00130812
-0.00100755
-0.000659357
-0.000274233
0.00013409
0.000548245
0.000947917
0.00131158
0.00161861
0.00185123
0.0019962
0.00204607
0.00199944
0.00186021
0.00163597
0.00133666
0.000973978
0.000561708
0.000116572
-0.000341029
-0.000787205
-0.00119614
-0.00154267
-0.00180537
-0.00196921
-0.00202694
-0.00197871
-0.00183088
-0.00159478
-0.00128577
-0.000922321
-0.000525488
-0.000118699
0.000272997
0.000624693
0.000914145
0.00112436
0.00124556
0.00127602
0.00122171
0.00109463
0.000910042
0.000683402
0.000428563
0.00015783
-0.000117189
-0.000384801
-0.000632529
-0.000846947
-0.00101509
-0.00112728
-0.00117969
-0.0011754
-0.00112355
-0.00103683
-0.000928001
-0.000807062
-0.000679931
-0.000548643
-0.00041291
-0.000272627
-0.000129953
1.02173e-05
0.000141166
0.000255777
0.00034812
0.000414874
0.000455855
0.000473304
0.000470488
0.000450418
0.000415063
0.000365047
0.000299866
0.000218625
0.00012102
8.09381e-06
-0.000117485
-0.00025162
-0.000389517
-0.000526638
-0.0006591
-0.000783086
-0.000893921
-0.000985674
-0.00105149
-0.00108445
-0.00107888
-0.00103202
-0.000945217
-0.000824014
-0.000677053
-0.00051439
-0.000345875
-0.000179885
-2.25982e-05
0.000121881
0.000250646
0.000361008
0.000450109
0.000515126
0.000553745
0.000564737
0.000548609
0.000507938
0.00044704
0.000371151
0.000285655
0.000195658
0.000105796
2.02753e-05
-5.6859e-05
-0.00012146
-0.000169398
-0.00019709
-0.000202117
-0.000183641
-0.000142563
-8.13528e-05
-3.4876e-06
8.73314e-05
0.000187834
0.000295522
0.000408772
0.000526757
0.000649053
0.000775032
0.000903389
0.00103196
0.00115733
0.00127386
0.00137247
0.00144038
0.00146248
0.00142374
0.0013123
0.00112264
0.000858077
0.000531258
0.000162113
-0.00022538
-0.000606161
-0.000956721
-0.00125788
-0.00149692
-0.0016677
-0.0017692
-0.00180406
-0.00177756
-0.00169598
-0.00156469
-0.00138765
-0.00116857
-0.000912049
-0.000623942
-0.000312336
1.13028e-05
0.000332456
0.000635507
0.000905444
0.00112855
0.00129322
0.00139115
0.00141798
0.00137283
0.00125806
0.00107943
0.000846074
0.000569561
0.000263003
-5.95235e-05
-0.000383649
-0.000695682
-0.000983357
-0.00123596
-0.00144405
-0.00159923
-0.00169365
-0.00171972
-0.00167046
-0.00154119
-0.00133184
-0.00104871
-0.000705245
-0.000321408
7.85838e-05
0.00047023
0.000832409
0.00114887
0.00140769
0.00160011
0.00171936
0.00176019
0.00171959
0.00159855
0.00140374
0.00114791
0.000848576
0.000525143
0.000195702
-0.000125274
-0.000427814
-0.000705908
-0.00095542
-0.00117123
-0.00134544
-0.00146762
-0.00152634
-0.00151144
-0.00141699
-0.00124423
-0.00100275
-0.000708954
-0.000382983
-4.5521e-05
0.000285233
0.000595632
0.000876387
0.00112029
0.0013199
0.00146669
0.00155166
0.00156699
0.00150836
0.00137707
0.00118061
0.00093163
0.000646093
0.000341144
3.32802e-05
-0.000262736
-0.000534006
-0.000769064
-0.000957634
-0.00109103
-0.00116307
-0.00117122
-0.00111759
-0.00100923
-0.000857165
-0.000674202
-0.000472561
-0.000262131
-4.96022e-05
0.000161419
0.000368987
0.000570565
0.000761445
0.000934734
0.00108229
0.00119582
0.00126835
0.00129566
0.00127712
0.00121507
0.00111379
0.000978758
0.000816129
0.000632355
0.000433986
0.000227731
2.04769e-05
-0.00018086
-0.000369393
-0.00053809
-0.000679726
-0.000787246
-0.000854337
-0.000875987
-0.000849191
-0.00077381
-0.000652981
-0.00049281
-0.000301807
-9.02994e-05
0.000130512
0.000349898
0.000558623
0.000749217
0.000915809
0.00105384
0.00115961
0.00122968
0.00126053
0.00124842
0.0011893
0.00107897
0.0009144
0.000695947
0.000429133
0.000124843
-0.000201635
-0.000532147
-0.00084803
-0.00113298
-0.00137481
-0.00156528
-0.00169892
-0.0017722
-0.00178269
-0.00172865
-0.00160956
-0.00142755
-0.00118835
-0.000901043
-0.000577034
-0.000229041
0.000129212
0.000482535
0.000482535
0.000813464
0.00110197
0.00132702
0.00147039
0.00152127
0.00147914
0.00135428
0.00116622
0.000939706
0.000698597
0.000460582
0.000235033
2.31e-05
-0.000180971
-0.000386219
-0.00059922
-0.000819475
-0.00103818
-0.00123907
-0.0014001
-0.00149762
-0.00151286
-0.00143731
-0.00127364
-0.00103406
-0.00073826
-0.000410333
-7.40078e-05
0.00025097
0.000549204
0.000808514
0.00101962
0.00117608
0.00127353
0.0013091
0.00128219
0.00119547
0.00105492
0.000868988
0.000647968
0.000403625
0.000148479
-0.000105154
-0.00034569
-0.000562272
-0.00074479
-0.000884204
-0.000972966
-0.00100544
-0.000978522
-0.000892163
-0.000749435
-0.000555754
-0.000317879
-4.36055e-05
0.000257302
0.000571301
0.000879639
0.0011586
0.00138167
0.00152299
0.00156155
0.00148553
0.00129549
0.00100449
0.000635326
0.000216635
-0.000221118
-0.000649996
-0.00104805
-0.00139981
-0.00169394
-0.00192104
-0.00207282
-0.00214192
-0.0021221
-0.00201001
-0.00180775
-0.00152399
-0.00117296
-0.000772588
-0.000342588
9.72739e-05
0.000527949
0.000930149
0.0012827
0.0015626
0.00174789
0.00182194
0.00177681
0.00161518
0.00135043
0.00100427
0.000602108
0.000168785
-0.000273389
-0.000704645
-0.00110701
-0.00146281
-0.00175301
-0.00195735
-0.00205684
-0.00203748
-0.00189359
-0.00162964
-0.00125993
-0.000805924
-0.000292644
0.000254444
0.000810776
0.00135258
0.00185611
0.00229689
0.00264974
0.00289009
0.00299696
0.00295686
0.00276702
0.00243649
0.00198505
0.00144068
0.000836474
0.000207253
-0.000413598
-0.00099588
-0.00151273
-0.00194053
-0.0022595
-0.00245476
-0.00251753
-0.00244663
-0.00225007
-0.00194503
-0.00155577
-0.00110995
-0.000634848
-0.000154582
0.000311146
0.00074697
0.0011408
0.00148196
0.00175939
0.00196126
0.00207636
0.00209593
0.00201533
0.00183561
0.00156472
0.00121695
0.000810855
0.000366723
-9.50807e-05
-0.000555376
-0.000996956
-0.00140434
-0.00176264
-0.00205661
-0.00227071
-0.00239026
-0.00240377
-0.00230555
-0.00209764
-0.00179019
-0.00140047
-0.000950699
-0.000465155
3.23768e-05
0.000519972
0.000977853
0.00138833
0.0017358
0.00200692
0.00219122
0.00228189
0.00227614
0.00217457
0.0019799
0.00169619
0.00132925
0.000887967
0.000386309
-0.000154597
-0.000705627
-0.00123176
-0.00169684
-0.00206881
-0.00232373
-0.00244838
-0.002441
-0.00230935
-0.00206721
-0.00173161
-0.00132171
-0.000858683
-0.000365604
0.000132807
0.000610734
0.00104275
0.00140665
0.00168678
0.00187576
0.00197395
0.00198749
0.00192598
0.00180008
0.0016196
0.001393
0.00112852
0.000835539
0.000524856
0.000208135
-0.000103096
-0.000398396
-0.000669099
-0.000908548
-0.00111171
-0.0012742
-0.00139109
-0.00145675
-0.00146589
-0.0014152
-0.00130444
-0.00113731
-0.000921718
-0.000669007
-0.00039223
-0.000104287
0.000183175
0.000459909
0.000716352
0.000942426
0.00112673
0.00125687
0.00132093
0.00130971
0.001219
0.0010514
0.000817
0.000532283
0.000217713
-0.000104979
-0.000415212
-0.000695536
-0.000932775
-0.00111782
-0.00124465
-0.00130987
-0.00131314
-0.00125729
-0.00114753
-0.000990556
-0.000793951
-0.000565462
-0.000312122
-4.0293e-05
0.000243112
0.000529505
0.000808453
0.00106789
0.00129432
0.00147381
0.00159422
0.00164727
0.00162944
0.00154226
0.00139225
0.00119048
0.000951108
0.000689573
0.0004214
0.000161211
-7.85692e-05
-0.000289175
-0.000466259
-0.000609572
-0.000721984
-0.000808249
-0.00087339
-0.000920814
-0.000951176
-0.000962776
-0.000952748
-0.00091786
-0.000854971
-0.000762059
-0.000639525
-0.000490571
-0.000320528
-0.000136259
5.39988e-05
0.000241156
0.000416179
0.000570391
0.000695086
0.000781537
0.00082188
0.000810314
0.000744251
0.000625386
0.000460348
0.000260546
4.10633e-05
-0.000181389
-0.000391035
-0.00057498
-0.000723846
-0.000831578
-0.000895052
-0.000913458
-0.000887601
-0.000819789
-0.000714388
-0.000578207
-0.000420197
-0.000250633
-8.01123e-05
8.1407e-05
0.000225347
0.000344986
0.000435764
0.000495448
0.00052411
0.00052411
0.000523979
0.000499175
0.000455236
0.000398433
0.000334985
0.000270414
0.000209262
0.000155154
0.000110897
7.85454e-05
5.95292e-05
5.46833e-05
6.38428e-05
8.51427e-05
0.000114565
0.000145956
0.00017141
0.000182034
0.000169131
0.000125659
4.79492e-05
-6.24608e-05
-0.000197727
-0.000344504
-0.000486573
-0.000607971
-0.000695665
-0.00074153
-0.000743205
-0.000703111
-0.000626071
-0.000517117
-0.000380741
-0.000221431
-4.47588e-05
0.000141586
0.000327438
0.000501097
0.000651532
0.000770831
0.000855478
0.000905868
0.00092458
0.000914428
0.000876949
0.000811811
0.000717655
0.000594194
0.000444287
0.000274728
9.56196e-05
-8.13012e-05
-0.000245089
-0.000388015
-0.000506729
-0.000601652
-0.0006753
-0.000730366
-0.000768037
-0.000786996
-0.00078371
-0.000753855
-0.000693986
-0.000602794
-0.000481894
-0.000336034
-0.000172407
6.37149e-07
0.000174357
0.000339463
0.000485953
0.000603777
0.000683978
0.000719703
0.000707269
0.000647258
0.000544764
0.000408285
0.000248051
7.47617e-05
-0.000101358
-0.000271453
-0.000428523
-0.000567106
-0.000682591
-0.000770836
-0.000828195
-0.000851693
-0.000839238
-0.000790013
-0.000705112
-0.000588113
-0.000445216
-0.000284949
-0.00011742
4.69876e-05
0.000199315
0.000333397
0.00044643
0.000538801
0.00061323
0.000673314
0.000722125
0.0007616
0.000792617
0.000815106
0.000828205
0.000830648
0.000821162
0.000798484
0.000761215
0.000707922
0.000637525
0.000549694
0.00044505
0.0003252
0.000192852
5.19105e-05
-9.27062e-05
-0.000235559
-0.000371084
-0.000493714
-0.000597907
-0.000678262
-0.000729784
-0.000748368
-0.000731412
-0.000678294
-0.000590591
-0.000472086
-0.000328466
-0.000166766
5.1202e-06
0.000178622
0.000344539
0.000493225
0.000615079
0.000701365
0.000745153
0.000742044
0.000690588
0.000592389
0.000451796
0.000275221
7.05612e-05
-0.000152946
-0.00038462
-0.000612389
-0.000823258
-0.00100431
-0.00114399
-0.00123334
-0.00126677
-0.00124254
-0.00116259
-0.00103179
-0.000857262
-0.000648049
-0.000415067
-0.000170978
7.02864e-05
0.000294436
0.000488081
0.0006401
0.000742901
0.000793338
0.000792729
0.000745792
0.0006591
0.0005398
0.000394674
0.000229486
4.90109e-05
-0.000142109
-0.000338303
-0.000532578
-0.000716602
-0.000881086
-0.00101657
-0.00111468
-0.00116948
-0.00117798
-0.00114011
-0.0010583
-0.000937144
-0.000782801
-0.000602444
-0.000403903
-0.000195577
1.37662e-05
0.000215477
0.000401686
0.000566018
0.000704438
0.000816032
0.00090304
0.000969596
0.0010196
0.00105497
0.00107502
0.00107666
0.00105516
0.00100594
0.000926896
0.00081974
0.000689363
0.000542138
0.00038429
0.000220656
5.41857e-05
-0.00011322
-0.000278964
-0.000438297
-0.000583874
-0.000706431
-0.000796434
-0.000846157
-0.000851262
-0.00081144
-0.000730176
-0.000613765
-0.000469849
-0.000306122
-0.00012971
5.27746e-05
0.000234852
0.000409825
0.000570606
0.00070978
0.000819976
0.00089452
0.000928154
0.000917627
0.000862192
0.000763979
0.000628067
0.000462292
0.000276867
8.35856e-05
-0.000105524
-0.000279583
-0.000429741
-0.000549714
-0.000636218
-0.00068894
-0.000709754
-0.000701742
-0.000668601
-0.000614207
-0.000541965
-0.000454272
-0.000352599
-0.000238072
-0.000112056
2.33417e-05
0.000164577
0.00030587
0.000438967
0.000553903
0.000640399
0.000689261
0.000693745
0.000651041
0.000563342
0.000437667
0.00028458
0.000116712
-5.27255e-05
-0.000211828
-0.000351783
-0.000467342
-0.000555918
-0.000616547
-0.000649264
-0.00065436
-0.000631708
-0.000581032
-0.00050305
-0.000400263
-0.000276952
-0.000138946
6.69672e-06
0.000152481
0.000291556
0.000418321
0.000528355
0.000618186
0.000685151
0.000727276
0.000743206
0.000732428
0.000695694
0.000635315
0.000555115
0.000460118
0.000356084
0.000248954
0.000144355
4.73129e-05
-3.77805e-05
-0.000107156
-0.000157822
-0.00018795
-0.000197348
-0.000187719
-0.000162476
-0.00012619
-8.39103e-05
-4.04949e-05
-1.84207e-08
3.46174e-05
6.17663e-05
8.09666e-05
9.28915e-05
9.92401e-05
0.000102336
0.000104281
0.000105836
0.000105562
9.96814e-05
8.25797e-05
4.7886e-05
4.7886e-05
-9.65747e-06
-9.1918e-05
-0.000196026
-0.000314707
-0.000437583
-0.000552744
-0.000648776
-0.00071687
-0.000751663
-0.000750415
-0.000711889
-0.000635932
-0.000523606
-0.000377684
-0.000203737
-1.12964e-05
0.000186061
0.000372256
0.000531544
0.00065171
0.000726234
0.000754543
0.000740653
0.000690899
0.000611203
0.000504898
0.000372543
0.000213838
3.02184e-05
-0.00017291
-0.000384684
-0.00058897
-0.000766988
-0.000901332
-0.000979514
-0.000996094
-0.000953224
-0.000859224
-0.000725429
-0.000562871
-0.000380418
-0.000184485
2.02617e-05
0.000229464
0.000437347
0.000635812
0.000815078
0.000965207
0.00107747
0.00114516
0.00116394
0.00113169
0.00104775
0.000912491
0.000727869
0.00049884
0.000234399
-5.23223e-05
-0.000344799
-0.000624656
-0.000874286
-0.00107981
-0.00123279
-0.00133002
-0.0013723
-0.00136284
-0.00130534
-0.00120241
-0.00105544
-0.000866052
-0.000637626
-0.000376231
-9.10738e-05
0.000205663
0.000500049
0.000778233
0.00102763
0.00123709
0.00139685
0.0014988
0.00153685
0.00150714
0.00140857
0.00124371
0.00101936
0.000746143
0.000437517
0.000108565
-0.000225225
-0.00054913
-0.000849824
-0.00111525
-0.0013341
-0.0014956
-0.00158979
-0.00160838
-0.00154609
-0.00140207
-0.00118084
-0.000892081
-0.000549791
-0.000171278
0.000223764
0.00061437
0.000979425
0.00129863
0.00155356
0.00172918
0.00181541
0.00180828
0.00170985
0.00152745
0.00127245
0.000958847
0.000601898
0.00021709
-0.000179947
-0.000573114
-0.000945872
-0.0012818
-0.00156541
-0.00178328
-0.00192546
-0.00198662
-0.0019664
-0.00186902
-0.00170226
-0.00147626
-0.00120234
-0.000892387
-0.000558789
-0.000214714
0.000125687
0.000447487
0.000735863
0.00097755
0.00116236
0.00128423
0.00134148
0.00133627
0.00127345
0.00115924
0.00100026
0.000803039
0.00057419
0.000321141
5.2951e-05
-0.000219495
-0.000483958
-0.000727629
-0.000938036
-0.00110401
-0.0012164
-0.00126841
-0.00125551
-0.00117555
-0.00102905
-0.0008197
-0.00055471
-0.000244801
9.59303e-05
0.000450527
0.000800469
0.0011276
0.00141578
0.00165178
0.00182565
0.00193072
0.00196336
0.00192232
0.00180857
0.0016254
0.00137867
0.00107676
0.000730466
0.000352815
-4.14637e-05
-0.000436652
-0.000816769
-0.00116612
-0.00146991
-0.00171502
-0.00189093
-0.00199014
-0.00200855
-0.00194577
-0.00180523
-0.00159405
-0.00132243
-0.00100283
-0.000649077
-0.000275405
0.000104296
0.000476855
0.000829848
0.00115155
0.00143103
0.00165834
0.00182484
0.00192365
0.00195026
0.00190268
0.00178154
0.00159012
0.00133468
0.00102474
0.000673022
0.000294723
-9.341e-05
-0.000474167
-0.000831184
-0.00115027
-0.00142004
-0.00163161
-0.00177781
-0.00185253
-0.00185041
-0.00176747
-0.00160249
-0.00135841
-0.00104324
-0.000670097
-0.000256406
0.000177792
0.00061195
0.00102662
0.00140417
0.00172882
0.00198656
0.00216524
0.00225491
0.0022486
0.00214338
0.00194142
0.00165053
0.00128367
0.000857858
0.000392554
-9.19455e-05
-0.0005758
-0.00104037
-0.00146851
-0.00184463
-0.00215487
-0.00238753
-0.00253363
-0.00258729
-0.00254604
-0.00241093
-0.0021865
-0.00188056
-0.00150375
-0.00106924
-0.000592598
-9.13635e-05
0.000415519
0.000908352
0.00136728
0.00177323
0.00210931
0.0023618
0.00252059
0.00257903
0.00253404
0.00238633
0.002141
0.00180809
0.00140282
0.000945074
0.000458252
-3.26951e-05
-0.000503821
-0.000934441
-0.00130836
-0.0016142
-0.001845
-0.00199695
-0.0020676
-0.00205484
-0.00195723
-0.00177517
-0.0015122
-0.00117635
-0.000781203
-0.000345429
0.000109241
0.000560503
0.000987418
0.00137188
0.00169957
0.00195994
0.00214512
0.00224896
0.00226672
0.0021954
0.00203462
0.00178799
0.00146409
0.00107664
0.000643673
0.000186009
-0.000274691
-0.000717786
-0.00112488
-0.0014803
-0.00177104
-0.00198678
-0.00211997
-0.00216615
-0.00212446
-0.00199824
-0.00179525
-0.00152724
-0.00120882
-0.000856046
-0.000485142
-0.000111483
0.00025085
0.000588944
0.000890634
0.00114436
0.00133962
0.00133962
0.00146772
0.00152266
0.00150197
0.00140745
0.00124524
0.00102519
0.000759844
0.00046351
0.000151361
-0.000161451
-0.000460394
-0.00073186
-0.000963495
-0.00114478
-0.00126782
-0.00132794
-0.0013242
-0.00125948
-0.00114015
-0.000975307
-0.000775719
-0.000552791
-0.000317919
-8.22283e-05
0.000143558
0.000349327
0.000525907
0.000665521
0.000762396
0.000813324
0.000817859
0.000777999
0.000697487
0.000581009
0.000433625
0.000260599
6.75662e-05
-0.000139122
-0.00035199
-0.000562293
-0.000760467
-0.000937077
-0.00108376
-0.00119382
-0.00126253
-0.00128712
-0.00126649
-0.00120063
-0.00109008
-0.000935722
-0.000739137
-0.000503556
-0.000235004
5.71496e-05
0.000360464
0.000660383
0.000941813
0.00119106
0.00139721
0.00155227
0.00165062
0.00168851
0.00166384
0.00157633
0.00142814
0.00122473
0.000975381
0.00069304
0.000393288
9.25796e-05
-0.000193661
-0.000452552
-0.000674797
-0.000855249
-0.000992595
-0.00108807
-0.00114394
-0.00116245
-0.00114551
-0.00109451
-0.00101048
-0.000894712
-0.000749511
-0.000578419
-0.000386048
-0.00017801
3.89578e-05
0.000257084
0.000468087
0.000663864
0.000836995
0.000981117
0.0010913
0.00116422
0.00119779
0.00119064
0.00114195
0.00105177
0.000921534
0.00075469
0.000557264
0.000337789
0.000106625
-0.000124992
-0.000345951
-0.000546177
-0.000717154
-0.000851954
-0.000945085
-0.000992502
-0.000991786
-0.000942454
-0.000846319
-0.000707745
-0.000533625
-0.000333075
-0.000116806
0.000103745
0.000317321
0.00051354
0.000683379
0.000819469
0.000916222
0.000969836
0.000978309
0.000941566
0.000861661
0.000742902
0.000591739
0.000416339
0.000225898
2.98114e-05
-0.000163148
-0.000345476
-0.000511203
-0.000655748
-0.000775605
-0.000868141
-0.000931548
-0.000964898
-0.000968319
-0.00094325
-0.000892539
-0.000820059
-0.000729745
-0.000624345
-0.000504646
-0.000369882
-0.000219161
-5.30839e-05
0.000125024
0.000308518
0.000487939
0.000652877
0.000794305
0.000906106
0.000985378
0.00103186
0.0010467
0.00103088
0.000984335
0.00090625
0.000796362
0.000656553
0.000492027
0.0003115
0.000126176
-5.21509e-05
-0.00021309
-0.000349088
-0.000456004
-0.000532757
-0.00058028
-0.00060037
-0.000595045
-0.00056656
-0.00051776
-0.000452472
-0.000375712
-0.000293443
-0.000211653
-0.000135073
-6.63591e-05
-6.23887e-06
4.56783e-05
8.9975e-05
0.000126557
0.000154037
0.000169854
0.000171231
0.000156352
0.000125043
7.8876e-05
2.08582e-05
-4.52489e-05
-0.000115793
-0.000187843
-0.000259226
-0.000328036
-0.00039199
-0.000447995
-0.000492177
-0.000520307
-0.000528438
-0.000513547
-0.000474006
-0.0004098
-0.00032251
-0.000215179
-9.21896e-05
4.07525e-05
0.000176638
0.000307529
0.000425468
0.00052351
0.000596434
0.000641155
0.000656929
0.000645063
0.000608076
0.000548904
0.000470596
0.000376324
0.00026946
0.000153793
3.3834e-05
-8.52243e-05
-0.000198074
-0.00030008
-0.000387895
-0.000459727
-0.000515232
-0.000555096
-0.000580495
-0.0005926
-0.00059223
-0.00057966
-0.00055465
-0.000516662
-0.000465187
-0.000400076
-0.000321849
-0.000231995
-0.000133136
-2.88528e-05
7.68086e-05
0.000179791
0.000276254
0.000362733
0.000436246
0.000494212
0.000534265
0.000554315
0.000552859
0.000529304
0.000484128
0.000418866
0.000335882
0.000238007
0.000128206
9.49192e-06
-0.000114891
-0.000241046
-0.00036391
-0.000476774
-0.000571154
-0.000637508
-0.000666971
-0.000653392
-0.000594824
-0.000494345
-0.000360232
-0.000204915
-4.25353e-05
0.000113695
0.000253047
0.000367853
0.000453719
0.000509268
0.000535205
0.000533376
0.000506507
0.000458364
0.00039371
0.000317901
0.000236455
0.000154793
7.80213e-05
1.05925e-05
-4.39561e-05
-8.29525e-05
-0.000104561
-0.000108224
-9.53449e-05
-6.96294e-05
-3.68913e-05
-4.35454e-06
2.05681e-05
3.16766e-05
2.49499e-05
-9.83427e-07
-4.45411e-05
-0.000101244
-0.000164538
-0.000227051
-0.000281585
-0.000321773
-0.000342663
-0.000341157
-0.000316049
-0.000267833
-0.000198714
-0.000112909
-1.68082e-05
8.15911e-05
0.000173885
0.000252408
0.000310929
0.000345112
0.000352769
0.000333514
0.000287902
0.000287902
0.000216792
0.000121309
3.09026e-06
-0.000135322
-0.000289734
-0.000453372
-0.000616476
-0.000766783
-0.000890721
-0.000975024
-0.00100872
-0.000985033
-0.000902227
-0.000762989
-0.000573148
-0.00034057
-7.41896e-05
0.000216755
0.000522602
0.000832153
0.00113146
0.00140343
0.00162861
0.00178742
0.0018632
0.00184488
0.00172843
0.00151716
0.00122062
0.000852504
0.000428299
-3.60156e-05
-0.000523781
-0.00101652
-0.00149269
-0.00192732
-0.00229349
-0.0025652
-0.00272094
-0.00274702
-0.00263966
-0.00240502
-0.0020571
-0.00161481
-0.00109957
-0.000534234
5.70565e-05
0.000648581
0.00121289
0.00172138
0.0021463
0.00246386
0.00265755
0.0027203
0.00265498
0.00247309
0.00219224
0.0018332
0.00141728
0.000964717
0.000494628
2.58007e-05
-0.000422818
-0.000832428
-0.00118511
-0.00146478
-0.0016585
-0.00175794
-0.00176
-0.00166642
-0.00148325
-0.00122037
-0.000891
-0.000511072
-9.88381e-05
0.00032517
0.000738581
0.00111844
0.00144287
0.00169274
0.00185324
0.00191532
0.00187655
0.00174086
0.00151741
0.00121936
0.000862629
0.000464836
4.43334e-05
-0.000380504
-0.000791695
-0.00117212
-0.00150631
-0.00178148
-0.00198813
-0.00212028
-0.00217536
-0.00215403
-0.00205977
-0.00189836
-0.00167767
-0.0014078
-0.00110097
-0.000770676
-0.00043053
-9.30538e-05
0.000231115
0.000533434
0.000807071
0.00104625
0.00124562
0.0013998
0.00150338
0.00155169
0.00154179
0.00147311
0.00134766
0.00117002
0.000947308
0.000688845
0.000405779
0.000110714
-0.00018236
-0.000458062
-0.000700236
-0.000893437
-0.0010247
-0.00108511
-0.00107119
-0.000986207
-0.000840037
-0.000647384
-0.000425064
-0.000189704
4.39371e-05
0.000264187
0.000462807
0.000634089
0.000773397
0.000876266
0.000938257
0.000955116
0.000923177
0.000840347
0.000707391
0.000528688
0.000312086
6.82436e-05
-0.00019026
-0.000450223
-0.000699403
-0.000927653
-0.0011272
-0.00129224
-0.00141806
-0.00149966
-0.00153087
-0.00150446
-0.00141352
-0.00125328
-0.00102331
-0.00072929
-0.000383469
-3.12029e-06
0.000391805
0.000780754
0.00114437
0.00146593
0.0017317
0.00193025
0.00205205
0.00209009
0.00204115
0.00190703
0.00169535
0.00141965
0.00109825
0.000752097
0.000402085
6.67567e-05
-0.000238813
-0.000502876
-0.000716291
-0.000871796
-0.000963451
-0.000986611
-0.000938824
-0.000821272
-0.000639802
-0.000405085
-0.00013205
0.000161199
0.00045483
0.000728685
0.000963325
0.00114084
0.00124585
0.0012667
0.00119648
0.00103358
0.000782619
0.000455674
7.2908e-05
-0.000338806
-0.000748797
-0.00112589
-0.00144165
-0.00167351
-0.00180688
-0.00183531
-0.00175894
-0.00158296
-0.00131676
-0.000973927
-0.000572275
-0.000133551
0.000317156
0.000752615
0.00114572
0.00147241
0.00171411
0.00185877
0.00190099
0.00184158
0.00168701
0.00144889
0.00114322
0.000789428
0.000409237
2.55063e-05
-0.000338986
-0.000662971
-0.000927906
-0.00111873
-0.00122455
-0.00123939
-0.0011628
-0.000999934
-0.000761182
-0.000461385
-0.000118587
0.000247359
0.000616142
0.000968311
0.00128636
0.00155537
0.00176324
0.0019008
0.00196185
0.00194317
0.00184432
0.00166739
0.00141697
0.00110021
0.000726722
0.000308459
-0.000140422
-0.000603803
-0.00106436
-0.00150463
-0.00190769
-0.00225735
-0.00253834
-0.00273716
-0.00284317
-0.00284946
-0.00275374
-0.00255898
-0.00227361
-0.00191081
-0.00148727
-0.00102179
-0.000534287
-4.50268e-05
0.000425896
0.000858955
0.00123572
0.00153972
0.00175767
0.00188082
0.00190591
0.00183544
0.00167707
0.00144246
0.00114585
0.000802785
0.000429234
4.13377e-05
-0.000344471
-0.000711393
-0.0010426
-0.00132199
-0.00153534
-0.00167168
-0.00172459
-0.00169288
-0.00158061
-0.00139649
-0.0011528
-0.000863958
-0.000545229
-0.000211808
0.00012161
0.000441153
0.000734006
0.000988515
0.00119445
0.00134361
0.00143064
0.00145352
0.00141378
0.00131631
0.00116887
0.000981368
0.000764932
0.000531308
0.000292374
5.98135e-05
-0.00015522
-0.000342597
-0.00049388
-0.000603066
-0.000603066
-0.000667133
-0.000686136
-0.000662912
-0.000602564
-0.00051181
-0.000398199
-0.000269382
-0.000132657
5.21625e-06
0.000138087
0.000260454
0.000367481
0.000454954
0.000519224
0.000557321
0.000567213
0.000547962
0.000499733
0.000423928
0.000323572
0.000203625
7.10013e-05
-6.56171e-05
-0.000196278
-0.000310863
-0.000400669
-0.000459669
-0.000484934
-0.000476507
-0.000437048
-0.00037104
-0.000283644
-0.000179933
-6.49626e-05
5.5769e-05
0.000176047
0.000288903
0.000386884
0.000462826
0.00051094
0.00052772
0.000512361
0.000466689
0.000394659
0.000301637
0.000193697
7.7121e-05
-4.1939e-05
-0.000157683
-0.000264863
-0.000358977
-0.000436473
-0.000494953
-0.000533292
-0.000551487
-0.000550253
-0.000530705
-0.000494297
-0.000442827
-0.000378426
-0.00030364
-0.000221547
-0.000135649
-4.95216e-05
3.34922e-05
0.000110374
0.00017838
0.000234892
0.000277229
0.000302595
0.000308275
0.000292096
0.00025308
0.000192077
0.000111973
1.73148e-05
-8.64218e-05
-0.000193632
-0.000299309
-0.000399413
-0.000490629
-0.000569692
-0.00063287
-0.000675881
-0.000694247
-0.000684074
-0.000643038
-0.000571146
-0.000470976
-0.000347463
-0.000207346
-5.83969e-05
9.13136e-05
0.000233899
0.00036195
0.000468843
0.000549153
0.000599039
0.000616477
0.000601266
0.000554939
0.000480545
0.000382205
0.000264549
0.000132376
-9.45009e-06
-0.000156056
-0.000302601
-0.00044416
-0.000575586
-0.000691609
-0.000787162
-0.000857651
-0.000899152
-0.00090876
-0.000885083
-0.000828535
-0.000741277
-0.000626999
-0.0004907
-0.00033834
-0.000176289
-1.08271e-05
0.000152169
0.000307446
0.000450548
0.000577795
0.000686056
0.000772525
0.000834725
0.000870631
0.000878785
0.00085846
0.000809936
0.00073469
0.00063529
0.000515079
0.000377941
0.000228187
7.05453e-05
-8.98011e-05
-0.000247189
-0.000395553
-0.000528684
-0.000640736
-0.000726861
-0.000783629
-0.000809037
-0.000802275
-0.0007635
-0.000693724
-0.000594871
-0.000470021
-0.000323647
-0.000161667
8.76421e-06
0.000179752
0.000343445
0.000492837
0.000622306
0.000727841
0.000807009
0.000858652
0.000882414
0.00087839
0.000847017
0.000789097
0.000705837
0.000599014
0.0004713
0.00032647
0.000169265
5.05257e-06
-0.000160457
-0.000321457
-0.000472313
-0.000607694
-0.000722403
-0.000811112
-0.000868356
-0.000889033
-0.000869327
-0.000807631
-0.00070507
-0.000565589
-0.000395679
-0.000203638
1.50429e-06
0.000210818
0.000415679
0.00060756
0.000777814
0.000917727
0.00101905
0.00107497
0.00108121
0.00103685
0.000944617
0.000810556
0.000642994
0.000451313
0.000245037
3.33232e-05
-0.000175239
-0.000372559
-0.000550826
-0.0007025
-0.000820709
-0.000899961
-0.000936885
-0.000930756
-0.000883607
-0.000799874
-0.000685639
-0.00054769
-0.00039267
-0.000226624
-5.5059e-05
0.000116633
0.000282727
0.000436886
0.000572076
0.000680838
0.000756038
0.000791906
0.000784894
0.000734102
0.000641364
0.000511058
0.000349647
0.000165053
-3.37816e-05
-0.000237016
-0.000434016
-0.000613851
-0.000766161
-0.000882029
-0.000954608
-0.000979599
-0.000955512
-0.000883485
-0.000766708
-0.000609912
-0.000419144
-0.000201697
3.39308e-05
0.000278007
0.000519642
0.000747252
0.000949379
0.00111564
0.00123756
0.00130926
0.00132769
0.00129249
0.00120555
0.00107067
0.000893357
0.000680948
0.000442523
0.000188731
-6.86889e-05
-0.000317678
-0.000546823
-0.000746274
-0.000908367
-0.00102782
-0.00110157
-0.00112839
-0.00110853
-0.0010434
-0.000935645
-0.000789495
-0.000611039
-0.000408284
-0.000190885
3.03929e-05
0.000244444
0.000440668
0.00060965
0.000743537
0.000836227
0.0008835
0.00088315
0.000835048
0.000741161
0.000605583
0.000434553
0.000236307
2.07131e-05
-0.000201249
-0.000418106
-0.000618562
-0.000792131
-0.000929599
-0.00102337
-0.00106774
-0.00105925
-0.000997047
-0.000883236
-0.000723009
-0.000524326
-0.000297273
-5.33117e-05
0.000195435
0.000436838
0.000659375
0.000852658
0.00100783
0.00111787
0.00117796
0.0011859
0.00114236
0.00105092
0.000917763
0.000751172
0.000560803
0.00035679
0.000148862
-5.42803e-05
-0.000245234
-0.00041788
-0.00041788
-0.000567253
-0.000689339
-0.000780856
-0.000839132
-0.000862269
-0.000849436
-0.000801028
-0.000718629
-0.000605086
-0.000464708
-0.000303257
-0.000127604
5.46249e-05
0.000235261
0.000405887
0.000558343
0.000685196
0.000780072
0.000838006
0.00085588
0.000832749
0.000769887
0.000670606
0.000539952
0.000384373
0.00021136
2.90424e-05
-0.000154218
-0.000330171
-0.000490977
-0.000629568
-0.000740062
-0.000818101
-0.000861078
-0.000868227
-0.00084057
-0.000780652
-0.000692076
-0.000578995
-0.000445767
-0.000296892
-0.00013715
2.8191e-05
0.000193201
0.000351256
0.000495348
0.000618779
0.000715956
0.000782952
0.000817728
0.000820054
0.00079117
0.000733285
0.000649179
0.000542116
0.000416005
0.000275635
0.00012682
-2.36543e-05
-0.000168394
-0.00029997
-0.000411574
-0.000497625
-0.00055426
-0.000579559
-0.00057347
-0.000537561
-0.00047476
-0.000389052
-0.000285157
-0.000168306
-4.41675e-05
8.12153e-05
0.000201589
0.000310745
0.000402851
0.000472906
0.000517222
0.000533738
0.000522076
0.000483324
0.000419626
0.000333692
0.000228449
0.000106937
-2.75714e-05
-0.000171268
-0.000319472
-0.000466518
-0.000606008
-0.000731249
-0.000835667
-0.000913293
-0.000959381
-0.000970872
-0.000946492
-0.000886617
-0.000793139
-0.000669294
-0.000519392
-0.000348614
-0.000162974
3.06547e-05
0.000224594
0.000410561
0.000580077
0.000725073
0.00083858
0.000915348
0.000952306
0.000948791
0.000906509
0.000829222
0.000722302
0.000592305
0.000446578
0.000292796
0.000138461
-9.54243e-06
-0.000145257
-0.00026393
-0.000362193
-0.00043798
-0.000490223
-0.000518628
-0.000523703
-0.000506824
-0.000470224
-0.000416975
-0.000350978
-0.000276729
-0.000198866
-0.000121768
-4.93235e-05
1.5171e-05
6.90329e-05
0.000110178
0.000137167
0.000149339
0.00014694
0.00013114
0.000103911
6.77859e-05
2.55674e-05
-1.9962e-05
-6.63271e-05
-0.00011155
-0.000154132
-0.00019287
-0.000226654
-0.000254287
-0.000274336
-0.000285123
-0.00028497
-0.000272597
-0.000247459
-0.000209928
-0.000161359
-0.00010406
-4.10913e-05
2.40811e-05
8.79423e-05
0.000147169
0.000198814
0.000240519
0.000270688
0.000288551
0.00029414
0.000288291
0.000272592
0.000249159
0.000220304
0.000188293
0.000155276
0.000123239
9.39235e-05
6.87959e-05
4.90242e-05
3.53672e-05
2.80009e-05
2.64447e-05
2.96638e-05
3.63009e-05
4.49666e-05
5.44943e-05
6.40861e-05
7.33782e-05
8.24634e-05
9.18036e-05
0.000101995
0.00011353
0.000126691
0.000141509
0.000157699
0.000174583
0.000191072
0.000205663
0.000216461
0.000221269
0.000217833
0.000204221
0.000179227
0.00014257
9.48235e-05
3.72375e-05
-2.84561e-05
-0.000100264
-0.000176105
-0.000253715
-0.000330285
-0.000402127
-0.000464616
-0.000512561
-0.000541007
-0.000546178
-0.000526154
-0.000481143
-0.000413454
-0.000327186
-0.00022763
-0.000120659
-1.23228e-05
9.14052e-05
0.000184916
0.000263311
0.000322717
0.000360503
0.000375363
0.000367367
0.000337917
0.00028948
0.000225192
0.000148586
6.35156e-05
-2.5925e-05
-0.000115527
-0.000201011
-0.000278055
-0.000342492
-0.00039065
-0.000419665
-0.000427682
-0.000414005
-0.000379134
-0.000324625
-0.000252814
-0.000166549
-6.90194e-05
3.63294e-05
0.000145817
0.000255501
0.000361162
0.000458336
0.000542463
0.000609143
0.000654488
0.000675454
0.000670007
0.000637189
0.000577189
0.000491481
0.000382969
0.000256048
0.000116486
-2.88692e-05
-0.000172564
-0.000307231
-0.000426379
-0.000524957
-0.000599526
-0.000648217
-0.000670597
-0.000667367
-0.000639932
-0.000590161
-0.000520365
-0.000433302
-0.000332099
-0.000220268
-0.000101847
1.85866e-05
0.000136118
0.000245742
0.000342518
0.000421815
0.000479734
0.000513527
0.000521802
0.000504628
0.000463608
0.000401788
0.000323299
0.000232884
0.000135527
3.61672e-05
-6.05614e-05
-0.000150513
-0.000230042
-0.000295929
-0.000345397
-0.000376216
-0.000386839
-0.00037653
-0.00034552
-0.000295126
-0.000227715
-0.000146509
-5.53208e-05
4.17306e-05
0.000140517
0.000237165
0.000328194
0.0004105
0.000481246
0.000537713
0.000577221
0.000597226
0.00059558
0.000570827
0.000522458
0.000451162
0.000359057
0.000359057
0.000249715
0.000127966
-3.85156e-07
-0.000128871
-0.000250865
-0.000360276
-0.000452104
-0.00052266
-0.000569632
-0.000592099
-0.000590331
-0.000565354
-0.00051861
-0.000451902
-0.000367478
-0.000268103
-0.000157201
-3.90208e-05
8.14304e-05
0.000198805
0.000307935
0.000404237
0.000484014
0.000544637
0.000584472
0.000602553
0.00059824
0.000571092
0.000521016
0.000448678
0.000355969
0.000246292
0.00012454
-3.23317e-06
-0.000130431
-0.000250725
-0.000358732
-0.000450308
-0.0005225
-0.000573309
-0.000601363
-0.000605668
-0.000585627
-0.000541347
-0.000474042
-0.000386315
-0.00028223
-0.000167109
-4.70198e-05
7.18804e-05
0.000183915
0.000284231
0.000368921
0.00043497
0.000480107
0.000502697
0.000501777
0.000477262
0.000430176
0.000362798
0.000278648
0.000182271
7.88543e-05
-2.62445e-05
-0.000127918
-0.000221601
-0.000303383
-0.00036998
-0.000418661
-0.000447208
-0.000454
-0.000438211
-0.000400053
-0.000340937
-0.00026349
-0.000171402
-6.91707e-05
3.82243e-05
0.00014563
0.000247962
0.000340371
0.000418382
0.000478071
0.000516293
0.000530906
0.000520927
0.00048662
0.000429512
0.000352278
0.000258494
0.000152357
3.84654e-05
-7.83306e-05
-0.000193007
-0.000300399
-0.00039529
-0.000472669
-0.000528117
-0.000558231
-0.000561018
-0.000536204
-0.000485308
-0.000411425
-0.000318796
-0.000212362
-9.73829e-05
2.08647e-05
0.000137269
0.000246909
0.000345047
0.000427229
0.00048953
0.00052885
0.000543192
0.000531895
0.000495718
0.000436734
0.00035809
0.000263745
0.000158225
4.64282e-05
-6.65174e-05
-0.00017539
-0.00027505
-0.00036071
-0.000428275
-0.000474667
-0.000498051
-0.000497948
-0.000475206
-0.000431811
-0.000370588
-0.000294915
-0.000208543
-0.000115472
-1.9848e-05
7.41489e-05
0.000162422
0.000241156
0.000307069
0.000357638
0.000391228
0.000407108
0.000405396
0.000386946
0.000353233
0.000306238
0.000248346
0.000182265
0.000110957
3.75531e-05
-3.48017e-05
-0.00010314
-0.000164867
-0.0002179
-0.000260726
-0.000292371
-0.000312331
-0.000320443
-0.000316745
-0.000301413
-0.000274838
-0.000237816
-0.000191724
-0.000138654
-8.14875e-05
-2.37919e-05
3.05325e-05
7.77671e-05
0.000114853
0.000139768
0.000151805
0.000151635
0.00014103
0.000122334
9.79824e-05
7.0174e-05
4.06512e-05
1.06106e-05
-1.91366e-05
-4.78323e-05
-7.45255e-05
-9.80386e-05
-0.000117058
-0.000130264
-0.000136537
-0.000135181
-0.000126043
-0.000109409
-8.58236e-05
-5.60084e-05
-2.08862e-05
1.83396e-05
6.00732e-05
0.000102189
0.000142001
0.000176505
0.000202859
0.000218851
0.000223192
0.000215642
0.000197001
0.000168893
0.000133352
9.24475e-05
4.81268e-05
2.20232e-06
-4.36273e-05
-8.77142e-05
-0.000128372
-0.000163899
-0.000192773
-0.00021393
-0.000226938
-0.000231988
-0.000229704
-0.000220865
-0.000206155
-0.000186025
-0.000160728
-0.000130547
-9.61299e-05
-5.87029e-05
-2.00386e-05
1.77375e-05
5.23884e-05
8.18433e-05
0.000104454
0.000119095
0.000125089
0.000122096
0.000110057
8.92389e-05
6.0325e-05
2.45491e-05
-1.62298e-05
-5.95728e-05
-0.000102663
-0.000142661
-0.000177117
-0.000204264
-0.000223095
-0.000233281
-0.000235015
-0.000228775
-0.000215103
-0.00019453
-0.000167671
-0.000135337
-9.85641e-05
-5.85639e-05
-1.66686e-05
2.5779e-05
6.7568e-05
0.000107699
0.000145339
0.000179703
0.00020997
0.000235288
0.00025484
0.000267964
0.000274266
0.000273702
0.000266534
0.000253196
0.000234133
0.000209738
0.000180377
0.000146525
0.000108958
6.88599e-05
2.77861e-05
-1.2522e-05
-5.03873e-05
-8.44738e-05
-0.000113997
-0.000138739
-0.000158858
-0.000174607
-0.000186066
-0.000192981
-0.000194806
-0.000190968
-0.000181213
-0.000165867
-0.000145962
-0.000123213
-9.9797e-05
-7.7984e-05
-5.97694e-05
-4.66498e-05
-3.95103e-05
-3.85573e-05
-4.33204e-05
-5.27709e-05
-6.54974e-05
-7.98455e-05
-9.40526e-05
-0.000106463
-0.000115759
-0.000121042
-0.000121751
-0.000117576
-0.00010842
-9.43199e-05
-7.53436e-05
-5.16108e-05
-2.34289e-05
8.60759e-06
4.36081e-05
8.04005e-05
0.000117587
0.000153699
0.000187403
0.000217621
0.000243574
0.000264771
0.000280969
0.000292079
0.000298067
0.000298876
0.000294402
0.000294402
0.000284522
0.000269186
0.000248507
0.000222812
0.000192639
0.00015873
0.000122016
8.35806e-05
4.45786e-05
6.10358e-06
-3.09514e-05
-6.60005e-05
-9.87949e-05
-0.000129351
-0.000157783
-0.000184117
-0.000208134
-0.000229292
-0.000246751
-0.000259541
-0.000266803
-0.000267956
-0.00026277
-0.000251396
-0.000234357
-0.000212463
-0.000186661
-0.000157896
-0.000127044
-9.48901e-05
-6.21586e-05
-2.95623e-05
2.13956e-06
3.21418e-05
5.96858e-05
8.41799e-05
0.00010526
0.000122789
0.000136819
0.000147514
0.000155035
0.000159427
0.000160579
0.000158282
0.000152365
0.00014282
0.000129902
0.000114183
9.6545e-05
7.80834e-05
5.99745e-05
4.33637e-05
2.92901e-05
1.86055e-05
1.186e-05
9.2017e-06
1.03626e-05
1.4729e-05
2.14277e-05
2.94165e-05
3.76186e-05
4.50612e-05
5.09234e-05
5.44965e-05
5.51589e-05
5.23944e-05
4.58023e-05
3.50997e-05
2.01639e-05
1.09605e-06
-2.17574e-05
-4.78238e-05
-7.63071e-05
-0.000106153
-0.000136002
-0.00016417
-0.000188679
-0.000207391
-0.000218283
-0.000219811
-0.000211202
-0.000192559
-0.000164837
-0.000129761
-8.96105e-05
-4.68595e-05
-3.85817e-06
3.7304e-05
7.48337e-05
0.000107268
0.000133461
0.00015251
0.000163737
0.000166781
0.000161714
0.000149073
0.000129798
0.000105128
7.6471e-05
4.52808e-05
1.29525e-05
-1.92143e-05
-4.99816e-05
-7.8118e-05
-0.000102396
-0.000121656
-0.0001349
-0.00014138
-0.000140667
-0.000132676
-0.000117611
-9.58711e-05
-6.79887e-05
-3.46276e-05
3.34498e-06
4.47329e-05
8.78845e-05
0.000130642
0.000170403
0.000204321
0.000229665
0.00024426
0.000246828
0.000237053
0.000215475
0.000183297
0.000142149
9.38228e-05
4.0167e-05
-1.68179e-05
-7.48534e-05
-0.000131367
-0.000183596
-0.000228803
-0.000264574
-0.000289127
-0.000301495
-0.000301544
-0.000289824
-0.000267321
-0.000235223
-0.000194774
-0.000147256
-9.40696e-05
-3.68793e-05
2.22715e-05
8.09687e-05
0.000136599
0.000186589
0.000228617
0.000260785
0.000281745
0.000290751
0.000287615
0.000272635
0.000246588
0.000210752
0.000166905
0.000117285
6.45062e-05
1.14222e-05
-3.9094e-05
-8.43983e-05
-0.000122281
-0.000151073
-0.000169659
-0.000177462
-0.000174417
-0.000160934
-0.000137865
-0.000106481
-6.84565e-05
-2.58091e-05
1.92246e-05
6.43531e-05
0.000107398
0.000146444
0.000179958
0.000206834
0.000226374
0.000238216
0.00024225
0.000238586
0.000227555
0.000209719
0.000185857
0.000156933
0.000124083
8.85787e-05
5.17701e-05
1.50266e-05
-2.0278e-05
-5.27587e-05
-8.10266e-05
-0.000103726
-0.000119598
-0.000127571
-0.000126894
-0.000117282
-9.90145e-05
-7.29376e-05
-4.03492e-05
-2.86228e-06
3.77047e-05
7.94142e-05
0.000120273
0.000158253
0.00019131
0.000217459
0.000234939
0.00024241
0.00023913
0.000225055
0.000200809
0.000167575
0.000126935
8.0707e-05
3.08009e-05
-2.08488e-05
-7.22888e-05
-0.000121554
-0.000166719
-0.000205981
-0.000237784
-0.000260968
-0.000274902
-0.000279558
-0.000275492
-0.000263739
-0.000245659
-0.00022277
-0.00019664
-0.000168813
-0.000140772
-0.000113924
-8.96011e-05
-6.90288e-05
-5.32486e-05
-4.30297e-05
-3.88131e-05
-4.07007e-05
-4.84769e-05
-6.16506e-05
-7.95004e-05
-0.000101107
-0.000125378
-0.000151071
-0.000176843
-0.000201323
-0.000223206
-0.000241334
-0.000254774
-0.000262848
-0.00026512
-0.000261348
-0.000251415
-0.000235309
-0.00021314
-0.000185228
-0.000152227
-0.000115231
-7.57864e-05
-3.58152e-05
2.54214e-06
3.71617e-05
6.62213e-05
8.84148e-05
0.000103008
0.000109792
0.000109008
0.000101241
8.72837e-05
6.80512e-05
4.45913e-05
1.81201e-05
-9.99331e-06
-3.82712e-05
-6.51736e-05
-8.9169e-05
-0.000108836
-0.000122957
-0.000130583
-0.000131107
-0.00012434
-0.000110567
-9.0524e-05
-6.53316e-05
-3.64041e-05
-5.32786e-06
2.62896e-05
5.69383e-05
8.52529e-05
0.000110032
0.000130269
0.000145167
0.00015413
0.000156784
0.000153019
0.000143033
0.000127342
0.000106775
8.24587e-05
5.57694e-05
2.82442e-05
1.47534e-06
-2.29888e-05
-4.37417e-05
-5.96114e-05
-6.97184e-05
-7.3482e-05
-7.06106e-05
-6.11001e-05
-4.52309e-05
-2.3549e-05
3.15452e-06
3.38549e-05
6.73054e-05
0.000102057
0.000136495
0.00016891
0.000197608
0.000221051
0.000221051
0.000237986
0.000247539
0.000249285
0.00024324
0.000229781
0.000209528
0.000183223
0.00015166
0.000115678
7.62211e-05
3.4439e-05
-8.26485e-06
-5.0252e-05
-8.97136e-05
-0.000124778
-0.000153669
-0.000174881
-0.000187302
-0.00019027
-0.000183616
-0.00016767
-0.000143237
-0.000111511
-7.39848e-05
-3.2364e-05
1.15141e-05
5.57945e-05
9.87134e-05
0.000138663
0.000174229
0.000204237
0.000227785
0.000244243
0.000253218
0.000254546
0.000248278
0.000234651
0.000214079
0.000187203
0.000154982
0.000118751
8.01965e-05
4.12701e-05
4.05979e-06
-2.94e-05
-5.73598e-05
-7.85207e-05
-9.20733e-05
-9.76683e-05
-9.53872e-05
-8.5702e-05
-6.94151e-05
-4.76244e-05
-2.17251e-05
6.61324e-06
3.55432e-05
6.31942e-05
8.78333e-05
0.000107999
0.000122596
0.000130945
0.000132783
0.000128187
0.000117475
0.000101132
7.98003e-05
5.43001e-05
2.56647e-05
-4.80445e-06
-3.55059e-05
-6.46079e-05
-9.02147e-05
-0.00011056
-0.000124185
-0.000130105
-0.000127896
-0.000117675
-9.99609e-05
-7.55482e-05
-4.54248e-05
-1.07361e-05
2.71925e-05
6.67622e-05
0.000106002
0.000142573
0.000173932
0.000197615
0.000211605
0.000214618
0.000206229
0.000186805
0.000157345
0.000119264
7.41771e-05
2.38209e-05
-2.98588e-05
-8.45513e-05
-0.00013751
-0.000185652
-0.000225848
-0.000255337
-0.00027211
-0.000275156
-0.000264561
-0.000241403
-0.000207459
-0.000164854
-0.000115823
-6.25862e-05
-7.31611e-06
4.78399e-05
0.000100698
0.00014903
0.000190688
0.000223823
0.000247103
0.000259849
0.000262054
0.00025431
0.000237662
0.000213434
0.000183099
0.000148222
0.00011048
7.16678e-05
3.36796e-05
-1.58948e-06
-3.23867e-05
-5.72636e-05
-7.51952e-05
-8.56233e-05
-8.84288e-05
-8.38504e-05
-7.23806e-05
-5.46866e-05
-3.15925e-05
-4.12045e-06
2.64373e-05
5.84302e-05
8.97957e-05
0.000118127
0.000140913
0.000155874
0.000161285
0.000156224
0.000140721
0.000115751
8.29921e-05
4.44672e-05
2.22193e-06
-4.18793e-05
-8.62807e-05
-0.000129764
-0.000171337
-0.000210034
-0.000244784
-0.000274372
-0.000297463
-0.000312688
-0.000318859
-0.000315247
-0.000301756
-0.000278946
-0.000247975
-0.000210486
-0.000168429
-0.000123836
-7.86696e-05
-3.47727e-05
6.14473e-06
4.25234e-05
7.29644e-05
9.62427e-05
0.000111368
0.000117693
0.000115011
0.000103601
8.42061e-05
5.79798e-05
2.63833e-05
-8.92385e-06
-4.61646e-05
-8.34731e-05
-0.000118898
-0.000150431
-0.000176085
-0.000194036
-0.000202809
-0.000201519
-0.000190076
-0.000169247
-0.000140546
-0.000106014
-6.7946e-05
-2.85938e-05
1.0084e-05
4.6496e-05
7.93306e-05
0.000107454
0.000129881
0.000145785
0.000154548
0.000155883
0.00014997
0.000137497
0.000119573
9.75687e-05
7.29611e-05
4.71785e-05
2.1492e-05
-3.03355e-06
-2.55344e-05
-4.53106e-05
-6.17795e-05
-7.4456e-05
-8.29813e-05
-8.71775e-05
-8.70854e-05
-8.29751e-05
-7.53321e-05
-6.48175e-05
-5.22014e-05
-3.82862e-05
-2.38359e-05
-9.52036e-06
4.12191e-06
1.6693e-05
2.7917e-05
3.76072e-05
4.56311e-05
5.18779e-05
5.62428e-05
5.86473e-05
5.90861e-05
5.76624e-05
5.45943e-05
5.02111e-05
4.49326e-05
3.92174e-05
3.34951e-05
2.8128e-05
2.34087e-05
1.9569e-05
1.67928e-05
1.52388e-05
1.5054e-05
1.63609e-05
1.92281e-05
2.36572e-05
2.96001e-05
3.69976e-05
4.58272e-05
5.61335e-05
6.79997e-05
8.14178e-05
9.60826e-05
0.000111225
0.000125589
0.000137558
0.0001454
0.000147624
0.000143356
0.00013252
0.000115747
9.41265e-05
6.89536e-05
4.14651e-05
1.26194e-05
-1.69247e-05
-4.66282e-05
-7.58805e-05
-0.000103912
-0.000129771
-0.000152345
-0.000170496
-0.000183243
-0.000189886
-0.000190035
-0.000183613
-0.000170868
-0.000152347
-0.000128804
-0.000101144
-7.04175e-05
-3.78044e-05
-4.56163e-06
2.80475e-05
5.88146e-05
8.66712e-05
0.000110779
0.000130557
0.000145632
0.000155741
0.000160665
0.000160183
0.000154084
0.00014226
0.000124876
0.000102506
7.61471e-05
4.71314e-05
1.69932e-05
-1.27009e-05
-4.05483e-05
-6.54373e-05
-8.65493e-05
-0.0001033
-0.000115287
-0.000122247
-0.000124025
-0.000120588
-0.000112076
-9.88332e-05
-8.13887e-05
-6.04159e-05
-3.6709e-05
-1.11597e-05
1.52786e-05
4.16107e-05
6.67798e-05
8.96504e-05
0.000109054
0.000109054
0.000123895
0.000133265
0.000136562
0.0001336
0.000124684
0.000110583
9.23947e-05
7.13867e-05
4.88566e-05
2.60282e-05
3.97993e-06
-1.6371e-05
-3.42373e-05
-4.89446e-05
-5.99812e-05
-6.70864e-05
-7.03016e-05
-6.99525e-05
-6.65949e-05
-6.09432e-05
-5.37722e-05
-4.58079e-05
-3.76715e-05
-2.99e-05
-2.29985e-05
-1.74708e-05
-1.38243e-05
-1.25415e-05
-1.39907e-05
-1.82885e-05
-2.51915e-05
-3.40809e-05
-4.40429e-05
-5.40186e-05
-6.30018e-05
-7.0235e-05
-7.53139e-05
-7.81582e-05
-7.89045e-05
-7.77931e-05
-7.5056e-05
-7.08253e-05
-6.51281e-05
-5.79791e-05
-4.94786e-05
-3.98528e-05
-2.9458e-05
-1.8761e-05
-8.27206e-06
1.55222e-06
1.03713e-05
1.7961e-05
2.4184e-05
2.89606e-05
3.22397e-05
3.39774e-05
3.41482e-05
3.27895e-05
3.00435e-05
2.61675e-05
2.15125e-05
1.64841e-05
1.14872e-05
6.85458e-06
2.78389e-06
-6.94857e-07
-3.71233e-06
-6.52047e-06
-9.4306e-06
-1.27412e-05
-1.66675e-05
-2.1293e-05
-2.65747e-05
-3.24006e-05
-3.86506e-05
-4.52278e-05
-5.20755e-05
-5.9185e-05
-6.65683e-05
-7.42017e-05
-8.19933e-05
-8.97918e-05
-9.74113e-05
-0.000104657
-0.000111353
-0.000117368
-0.000122611
-0.000127
-0.000130445
-0.000132865
-0.000134208
-0.000134473
-0.000133729
-0.000132128
-0.000129907
-0.000127345
-0.000124719
-0.000122259
-0.000120096
-0.000118217
-0.000116431
-0.000114409
-0.000111749
-0.000108037
-0.000102875
-9.58854e-05
-8.6714e-05
-7.50525e-05
-6.06826e-05
-4.35371e-05
-2.37838e-05
-1.90184e-06
2.1314e-05
4.48612e-05
6.76969e-05
8.88802e-05
0.000107659
0.000123508
0.000136098
0.000145209
0.000150654
0.000152255
0.000149871
0.000143449
0.000133079
0.000119052
0.000101882
8.22633e-05
6.09746e-05
3.87918e-05
1.64254e-05
-5.50364e-06
-2.64564e-05
-4.59471e-05
-6.35164e-05
-7.87278e-05
-9.11939e-05
-0.000100619
-0.000106828
-0.000109745
-0.000109322
-0.00010545
-9.79166e-05
-8.64704e-05
-7.09596e-05
-5.14758e-05
-2.84652e-05
-2.79714e-06
2.42648e-05
5.12354e-05
7.66476e-05
9.92378e-05
0.000118041
0.000132429
0.000142082
0.000146899
0.000146896
0.000142176
0.000132953
0.000119616
0.000102769
8.32466e-05
6.20797e-05
4.04209e-05
1.94238e-05
1.28891e-07
-1.66023e-05
-3.0103e-05
-3.9892e-05
-4.56567e-05
-4.72356e-05
-4.46223e-05
-3.79934e-05
-2.77349e-05
-1.44386e-05
1.12876e-06
1.80789e-05
3.54753e-05
5.24136e-05
6.80813e-05
8.17852e-05
9.29535e-05
0.000101133
0.000105988
0.000107327
0.000105142
9.96604e-05
9.13747e-05
8.1017e-05
6.94895e-05
5.7754e-05
4.67052e-05
3.70728e-05
2.93853e-05
2.3982e-05
2.10487e-05
2.06702e-05
2.288e-05
2.76633e-05
3.48997e-05
4.42895e-05
5.53134e-05
6.72464e-05
7.92331e-05
9.04063e-05
0.000100007
0.000107463
0.000112415
0.00011469
0.000114237
0.000111053
0.000105147
9.65589e-05
8.5397e-05
7.18935e-05
5.64549e-05
3.96656e-05
2.22332e-05
4.9013e-06
-1.16351e-05
-2.67932e-05
-4.013e-05
-5.13257e-05
-6.0134e-05
-6.63266e-05
-6.96592e-05
-6.9883e-05
-6.68117e-05
-6.04129e-05
-5.087e-05
-3.8587e-05
-2.41436e-05
-8.20978e-06
8.55356e-06
2.55648e-05
4.23293e-05
5.83992e-05
7.33175e-05
8.65792e-05
9.76377e-05
0.000105966
0.000111151
0.000112976
0.000111484
0.00010697
9.99327e-05
9.09805e-05
8.07363e-05
6.97746e-05
5.85917e-05
4.76053e-05
3.71801e-05
2.76643e-05
1.94067e-05
1.27279e-05
7.84674e-06
4.78258e-06
3.2681e-06
2.72591e-06
2.3591e-06
1.35134e-06
-8.88033e-07
-4.52973e-06
-9.27333e-06
-1.4475e-05
-1.93897e-05
-2.34148e-05
-2.62602e-05
-2.80145e-05
-2.90737e-05
-2.99479e-05
-3.10536e-05
-3.26039e-05
-3.46091e-05
-3.69396e-05
-3.94309e-05
-4.20084e-05
-4.47587e-05
-4.78946e-05
-5.16467e-05
-5.6166e-05
-6.14674e-05
-6.74125e-05
-7.37368e-05
-8.01128e-05
-8.61963e-05
-9.16244e-05
-9.59935e-05
-9.88612e-05
-9.97692e-05
-9.82788e-05
-9.40391e-05
-8.68851e-05
-7.69078e-05
-6.4446e-05
-5.00179e-05
-3.42408e-05
-1.77644e-05
-1.22086e-06
1.47937e-05
2.96995e-05
4.29048e-05
5.38115e-05
6.18653e-05
6.66289e-05
6.78583e-05
6.55598e-05
6.00047e-05
5.16988e-05
4.13159e-05
2.9608e-05
1.73158e-05
5.11524e-06
-6.39156e-06
-1.66665e-05
-2.52247e-05
-3.16288e-05
-3.55004e-05
-3.65615e-05
-3.46921e-05
-2.99769e-05
-2.27237e-05
-2.27237e-05
-1.34498e-05
-2.8413e-06
8.30418e-06
1.91373e-05
2.88129e-05
3.65443e-05
4.16597e-05
4.36564e-05
4.22375e-05
3.73252e-05
2.90694e-05
1.78549e-05
4.271e-06
-1.09685e-05
-2.71078e-05
-4.34036e-05
-5.9168e-05
-7.38096e-05
-8.68407e-05
-9.78512e-05
-0.000106491
-0.000112479
-0.000115619
-0.000115804
-0.00011302
-0.000107352
-9.89789e-05
-8.8146e-05
-7.51159e-05
-6.01256e-05
-4.33818e-05
-2.51006e-05
-5.55771e-06
1.48789e-05
3.57304e-05
5.63902e-05
7.61266e-05
9.41166e-05
0.000109501
0.000121448
0.000129225
0.000132294
0.000130397
0.000123612
0.000112349
9.72798e-05
7.92455e-05
5.91817e-05
3.80407e-05
1.67214e-05
-3.95205e-06
-2.32108e-05
-4.03416e-05
-5.47306e-05
-6.59207e-05
-7.36599e-05
-7.79422e-05
-7.90221e-05
-7.73767e-05
-7.36146e-05
-6.83573e-05
-6.21231e-05
-5.52498e-05
-4.78808e-05
-4.00097e-05
-3.1567e-05
-2.25377e-05
-1.30748e-05
-3.53316e-06
5.6044e-06
1.38435e-05
2.07695e-05
2.61177e-05
2.98182e-05
3.19637e-05
3.27054e-05
3.21554e-05
3.03498e-05
2.72597e-05
2.28395e-05
1.71074e-05
1.02221e-05
2.5054e-06
-5.59732e-06
-1.35931e-05
-2.10248e-05
-2.75311e-05
-3.28637e-05
-3.68609e-05
-3.9402e-05
-4.037e-05
-3.96481e-05
-3.71495e-05
-3.28666e-05
-2.69235e-05
-1.96155e-05
-1.14112e-05
-2.90268e-06
5.28221e-06
1.25661e-05
1.8484e-05
2.27152e-05
2.50833e-05
2.55256e-05
2.40475e-05
2.06922e-05
1.55481e-05
8.78251e-06
6.7125e-07
-8.39182e-06
-1.79101e-05
-2.73264e-05
-3.60901e-05
-4.37266e-05
-4.98821e-05
-5.43343e-05
-5.69743e-05
-5.77745e-05
-5.67589e-05
-5.39952e-05
-4.96166e-05
-4.38616e-05
-3.71101e-05
-2.98883e-05
-2.2832e-05
-1.66129e-05
-1.18428e-05
-8.98259e-06
-8.29198e-06
-9.82895e-06
-1.34755e-05
-1.89671e-05
-2.59333e-05
-3.39524e-05
-4.25927e-05
-5.14211e-05
-5.99979e-05
-6.78724e-05
-7.45742e-05
-7.96046e-05
-8.24545e-05
-8.26562e-05
-7.98438e-05
-7.38038e-05
-6.45171e-05
-5.21854e-05
-3.72244e-05
-2.02273e-05
-1.93054e-06
1.68104e-05
3.50651e-05
5.19089e-05
6.65034e-05
7.81466e-05
8.63137e-05
9.0699e-05
9.12341e-05
8.8067e-05
8.15321e-05
7.21297e-05
6.05035e-05
4.74014e-05
3.3618e-05
1.99341e-05
7.06132e-06
-4.40028e-06
-1.39958e-05
-2.14273e-05
-2.65282e-05
-2.92148e-05
-2.94566e-05
-2.72784e-05
-2.2773e-05
-1.61122e-05
-7.56272e-06
2.50635e-06
1.36505e-05
2.5409e-05
3.73619e-05
4.91593e-05
6.05227e-05
7.12199e-05
8.10267e-05
8.96992e-05
9.69625e-05
0.000102511
0.000106033
0.000107277
0.000106106
0.000102535
9.67281e-05
8.89983e-05
7.97762e-05
6.95527e-05
5.88262e-05
4.80749e-05
3.77466e-05
2.82498e-05
1.9946e-05
1.31481e-05
8.11886e-06
5.05322e-06
4.05266e-06
5.11009e-06
8.11321e-06
1.28545e-05
1.90437e-05
2.63294e-05
3.43256e-05
4.26257e-05
5.07967e-05
5.83713e-05
6.48581e-05
6.9767e-05
7.26417e-05
7.31107e-05
7.09598e-05
6.61928e-05
5.9049e-05
4.99739e-05
3.95637e-05
2.84895e-05
1.74056e-05
6.87104e-06
-2.68072e-06
-1.09223e-05
-1.76003e-05
-2.25208e-05
-2.55475e-05
-2.6612e-05
-2.57424e-05
-2.30995e-05
-1.89808e-05
-1.37742e-05
-7.88572e-06
-1.67229e-06
4.59418e-06
1.07254e-05
1.65862e-05
2.20462e-05
2.69315e-05
3.10031e-05
3.39831e-05
3.56083e-05
3.56758e-05
3.40666e-05
3.07609e-05
2.58394e-05
1.9463e-05
1.1839e-05
3.20587e-06
-6.15553e-06
-1.59064e-05
-2.56517e-05
-3.49572e-05
-4.33777e-05
-5.05002e-05
-5.59969e-05
-5.96677e-05
-6.14544e-05
-6.1428e-05
-5.9765e-05
-5.67298e-05
-5.2658e-05
-4.79349e-05
-4.29689e-05
-3.81737e-05
-3.39529e-05
-3.06776e-05
-2.86601e-05
-2.8136e-05
-2.92571e-05
-3.2092e-05
-3.66299e-05
-4.27884e-05
