-1.03963e-08
-9.9715e-08
-3.58485e-07
-7.06761e-07
-9.62777e-07
-1.13692e-06
-1.31432e-06
-1.46363e-06
-1.58484e-06
-1.72471e-06
-1.87927e-06
-2.03766e-06
-2.18974e-06
-2.29149e-06
-2.28443e-06
-2.14128e-06
-1.89745e-06
-1.63152e-06
-1.41527e-06
-1.27808e-06
-1.21025e-06
-1.19656e-06
-1.23092e-06
-1.30983e-06
-1.43323e-06
-1.61003e-06
-1.864e-06
-2.22713e-06
-2.71899e-06
-3.33608e-06
-4.05152e-06
-4.81897e-06
-5.58978e-06
-6.33429e-06
-7.04409e-06
-7.71513e-06
-8.34045e-06
-8.91194e-06
-9.41047e-06
-9.80704e-06
-1.00744e-05
-1.01839e-05
-1.01085e-05
-9.83804e-06
-9.38239e-06
-8.75966e-06
-7.9854e-06
-7.06995e-06
-6.01454e-06
-4.81197e-06
-3.46158e-06
-1.97334e-06
-3.58639e-07
1.36645e-06
3.17673e-06
5.04663e-06
6.95522e-06
8.8866e-06
1.08359e-05
1.28086e-05
1.48085e-05
1.68341e-05
1.88811e-05
2.09393e-05
2.29984e-05
2.50526e-05
2.70927e-05
2.91021e-05
3.10601e-05
3.29392e-05
3.47038e-05
3.6309e-05
3.77045e-05
3.88432e-05
3.96828e-05
4.01885e-05
4.03267e-05
4.00555e-05
3.93299e-05
3.81058e-05
3.63384e-05
3.39935e-05
3.10596e-05
2.75438e-05
2.34729e-05
1.88966e-05
1.38717e-05
8.44348e-06
2.64647e-06
-3.49465e-06
-9.96182e-06
-1.67299e-05
-2.37559e-05
-3.09795e-05
-3.83268e-05
-4.57103e-05
-5.30359e-05
-6.02175e-05
-6.71895e-05
-7.39011e-05
-8.03002e-05
-8.63272e-05
-9.19175e-05
-9.70066e-05
-0.000101532
-0.000105433
-0.000108656
-0.000111149
-0.000112858
-0.000113719
-0.000113672
-0.000112668
-0.000110677
-0.000107709
-0.000103823
-9.9106e-05
-9.36416e-05
-8.74938e-05
-8.07132e-05
-7.33329e-05
-6.53735e-05
-5.68514e-05
-4.77767e-05
-3.81579e-05
-2.79968e-05
-1.72651e-05
-5.89553e-06
6.18354e-06
1.90221e-05
3.26647e-05
4.71457e-05
6.24595e-05
7.85562e-05
9.53369e-05
0.000112623
0.000130143
0.00014754
0.000164376
0.000180135
0.000194271
0.000206268
0.000215664
0.000222064
0.000225163
0.000224702
0.000220374
0.000211744
0.000198297
0.000179539
0.000155071
0.000124791
8.92026e-05
4.94566e-05
7.04323e-06
-3.64501e-05
-7.94309e-05
-0.000120478
-0.000158562
-0.000193001
-0.00022311
-0.000248008
-0.000266723
-0.000278281
-0.000281842
-0.000276971
-0.000263876
-0.000243423
-0.000216944
-0.000185958
-0.00015194
-0.000116124
-7.938e-05
-4.2261e-05
-5.17955e-06
3.14596e-05
6.72012e-05
0.000101555
0.000134089
0.000164474
0.0001924
0.00021743
0.000239082
0.000257069
0.000271269
0.000281634
0.000288386
0.000292238
0.000294326
0.000295887
0.000297986
0.000301467
0.000306961
0.000314921
0.000325819
0.000340395
0.000359715
0.000384964
0.000417192
0.000456974
0.000503605
0.000554198
0.000603575
0.000644898
0.000670237
0.000671696
0.000644207
0.000587389
0.000503939
0.000397822
0.000274164
0.000138218
-6.6971e-06
-0.000159292
-0.000317698
-0.000477645
-0.000632719
-0.000774678
-0.000894181
-0.000982857
-0.00103569
-0.00105217
-0.00103566
-0.000992023
-0.000928041
-0.000849791
-0.000761575
-0.000666018
-0.000565105
-0.000461343
-0.000358594
-0.000262143
-0.000177742
-0.000110324
-6.292e-05
-3.58528e-05
-2.68168e-05
-3.18654e-05
-4.65781e-05
-6.6977e-05
-8.99996e-05
-0.000113373
-0.000135041
-0.000152419
-0.000161885
-0.000158952
-0.000139064
-9.85044e-05
-3.52064e-05
5.07919e-05
0.000157484
0.000281497
0.000418854
0.000565595
0.000718002
0.000872427
0.00102499
0.00117133
0.00130654
0.00142554
0.0015238
0.001598
0.00164594
0.00166648
0.00165913
0.00162318
0.00155719
0.00145834
0.0013208
0.00113535
0.000892322
0.000587295
0.000227763
-0.000167088
-0.000574148
-0.000971105
-0.0013373
-0.00165714
-0.00192381
-0.00213714
-0.00229596
-0.00239378
-0.00241967
-0.00235991
-0.00220221
-0.00194267
-0.00159039
-0.00116643
-0.000698625
-0.000216144
0.000254982
0.000695358
0.00109341
0.00144339
0.00174154
0.00198305
0.00216061
0.0022635
0.00227775
0.00218927
0.00198862
0.00167695
0.00127259
0.00080906
0.000322885
-0.000154309
-0.000596973
-0.000988619
-0.0013245
-0.0016069
-0.00183473
-0.00199771
-0.00207831
-0.00205673
-0.00191914
-0.00166698
-0.00132073
-0.000916083
-0.000494512
-9.29337e-05
0.000262683
0.000557518
0.000784386
0.000784386
0.000939783
0.00101924
0.00101405
0.000912846
0.0007081
0.000403504
1.76073e-05
-0.000417736
-0.000862629
-0.00127707
-0.00162872
-0.00189682
-0.00207157
-0.00215074
-0.00213578
-0.00202859
-0.00183023
-0.00154238
-0.0011713
-0.000732066
-0.000250392
0.000239715
0.000701744
0.00110273
0.00141796
0.00163365
0.0017468
0.00176271
0.00169139
0.00154383
0.00133035
0.00106136
0.000749036
0.000408478
5.81951e-05
-0.000280245
-0.000584748
-0.000836417
-0.0010219
-0.0011343
-0.00117303
-0.00114246
-0.00104964
-0.000902358
-0.000708832
-0.000478864
-0.000225257
3.59885e-05
0.00028664
0.000508307
0.000685912
0.000810731
0.000880206
0.00089568
0.000860944
0.0007811
0.000660862
0.000503885
0.000314385
9.99019e-05
-0.000127587
-0.000352713
-0.000558618
-0.000729629
-0.000854227
-0.000926833
-0.000947989
-0.000924167
-0.000867407
-0.000791435
-0.000705665
-0.000613927
-0.000516908
-0.000413383
-0.000301862
-0.000184259
-6.75993e-05
3.8918e-05
0.000127548
0.000193851
0.000238743
0.000269617
0.000297824
0.000332704
0.000374921
0.000412216
0.00042169
0.000382412
0.000287605
0.000143668
-3.42484e-05
-0.000223195
-0.000398638
-0.000545224
-0.000660891
-0.00075086
-0.000820464
-0.000871389
-0.000898969
-0.000893006
-0.000842575
-0.000741893
-0.000594594
-0.000412611
-0.000211176
-5.81785e-06
0.000188699
0.000361514
0.000508041
0.000627393
0.000718932
0.00078164
0.000815231
0.000821243
0.000803229
0.000766642
0.000717972
0.000662451
0.000602547
0.000538695
0.000470672
0.000398594
0.00032399
0.000250365
0.000182588
0.000125814
8.42097e-05
5.95439e-05
5.08444e-05
5.54966e-05
7.097e-05
9.62102e-05
0.000131925
0.000179785
0.000241013
0.000314747
0.000397006
0.000480942
0.000557993
0.000619182
0.000656608
0.000665446
0.000644986
0.000597438
0.000526396
0.000436366
0.000332198
0.00021794
9.67619e-05
-2.71106e-05
-0.000147017
-0.000254407
-0.000339556
-0.000392448
-0.000404427
-0.000369816
-0.000286771
-0.000157115
1.43107e-05
0.00021991
0.000449197
0.000689009
0.000924102
0.00113768
0.00131341
0.0014398
0.00151209
0.0015293
0.00149239
0.00140457
0.00126908
0.00108642
0.000855586
0.000578762
0.000264172
-7.37631e-05
-0.000414742
-0.000735328
-0.00101452
-0.00123811
-0.00139954
-0.00149852
-0.00153863
-0.00152453
-0.00145914
-0.00134245
-0.00117297
-0.000951018
-0.000681436
-0.000374713
-4.6279e-05
0.000285909
0.00060474
0.000896852
0.00115384
0.00137162
0.00154864
0.00168405
0.00177636
0.00182308
0.00182181
0.00177229
0.00167804
0.00154613
0.0013859
0.0012061
0.00101015
0.000795148
0.000557351
0.000297152
2.05842e-05
-0.0002588
-0.000519927
-0.000741322
-0.000909727
-0.00102157
-0.00108144
-0.00110182
-0.00109894
-0.00108433
-0.00105985
-0.00102088
-0.000962352
-0.000881986
-0.000782424
-0.000673301
-0.000570482
-0.000490327
-0.00044316
-0.000430858
-0.00044726
-0.00048027
-0.000515669
-0.000541266
-0.000550006
-0.000540316
-0.000513753
-0.000472498
-0.000417541
-0.00034725
-0.000257306
-0.000142691
-5.14867e-07
0.000167537
0.000353548
0.00054346
0.000719407
0.000863446
0.000962698
0.00101472
0.00102683
0.00100886
0.00096858
0.000911007
0.000836517
0.00073976
0.000613484
0.000455567
0.000272792
7.98964e-05
-0.000102803
-0.00025363
-0.000355449
-0.000399917
-0.000388251
-0.000331006
-0.000248819
-0.000167754
-0.000108412
-8.05461e-05
-8.4917e-05
-0.000114455
-0.000156532
-0.000201272
-0.000249035
-0.000308302
-0.000389988
-0.000504599
-0.000658622
-0.000850511
-0.00106954
-0.00129811
-0.00151675
-0.00170791
-0.00185683
-0.00195214
-0.00198747
-0.00196086
-0.00187235
-0.00172356
-0.00151863
-0.00126392
-0.000966435
-0.000632865
-0.000270708
0.000110096
0.000496563
0.000872172
0.00121636
0.00150564
0.00171662
0.00182938
0.00183052
0.00171671
0.00149634
0.00118634
0.000807757
0.000383007
-6.64724e-05
-0.000521866
-0.000966326
-0.0013824
-0.00175021
-0.00204772
-0.00225231
-0.00234397
-0.00230973
-0.00214777
-0.0018696
-0.00149887
-0.00106587
-0.000598643
-0.000598643
-0.000117631
0.000362187
0.00082824
0.00126927
0.00167232
0.00201948
0.00228928
0.00246274
0.00252896
0.00248787
0.00235129
0.00214067
0.00188086
0.00159366
0.00129438
0.000991979
0.000690705
0.00039305
0.000103658
-0.000168795
-0.000412892
-0.000617384
-0.000774022
-0.000879311
-0.000935457
-0.000950124
-0.000933741
-0.00089578
-0.000842783
-0.000778555
-0.000705077
-0.000623248
-0.00053435
-0.000441466
-0.000349075
-0.000261622
-0.000182388
-0.000112758
-5.18447e-05
2.84129e-06
5.31949e-05
9.84658e-05
0.000135292
0.000158901
0.000164228
0.000147313
0.000107274
4.79062e-05
-2.32357e-05
-9.80391e-05
-0.000169897
-0.000234043
-0.000287941
-0.000331485
-0.000365624
-0.0003899
-0.000401832
-0.000398495
-0.000377758
-0.000338621
-0.00028197
-0.000211901
-0.000135404
-6.0119e-05
7.04773e-06
5.98945e-05
9.32849e-05
0.00010422
9.18775e-05
5.66384e-05
-7.65108e-09
-7.51081e-05
-0.000164557
-0.000263536
-0.000366495
-0.000466908
-0.000557439
-0.000630626
-0.000679444
-0.000697387
-0.000678918
-0.000620724
-0.000522729
-0.000387662
-0.000219875
-2.51433e-05
0.000189212
0.000415234
0.000645521
0.00087368
0.00109367
0.001299
0.00148287
0.00163848
0.00175884
0.00183651
0.00186479
0.00183936
0.00175899
0.00162533
0.00144336
0.00122081
0.000966079
0.000686629
0.000389171
8.05028e-05
-0.000232056
-0.000540162
-0.000833802
-0.00110144
-0.00133162
-0.00151529
-0.00164708
-0.00172497
-0.00174939
-0.00172292
-0.00164932
-0.001532
-0.00137371
-0.001178
-0.000950578
-0.000699278
-0.000433602
-0.000164519
9.65865e-05
0.000339796
0.000557945
0.000746455
0.00090248
0.0010244
0.00111121
0.00116171
0.00117446
0.00114893
0.00108673
0.000991947
0.000870791
0.00073086
0.000580141
0.000425847
0.000273482
0.000126716
-1.17725e-05
-0.000139052
-0.00025143
-0.000345011
-0.000416396
-0.000463353
-0.000485781
-0.000486233
-0.000469187
-0.000439608
-0.000401994
-0.000359889
-0.000315369
-0.000269167
-0.000221927
-0.000175661
-0.000134207
-0.000102788
-8.70219e-05
-9.08388e-05
-0.000114482
-0.000154594
-0.000205489
-0.000260314
-0.00031254
-0.000357523
-0.00039296
-0.000418007
-0.000431896
-0.000432755
-0.00041691
-0.000379305
-0.000315138
-0.000221668
-9.92971e-05
4.83803e-05
0.00021538
0.000394554
0.00057891
0.000762766
0.000942148
0.0011143
0.00127666
0.00142529
0.00155351
0.00165235
0.0017121
0.00172375
0.00168085
0.00158237
0.00143379
0.00124443
0.00102483
0.000785934
0.000537692
0.0002873
3.9653e-05
-0.000200007
-0.000424562
-0.000625793
-0.00079531
-0.000925165
-0.00100941
-0.00104648
-0.00103987
-0.000996058
-0.000922387
-0.000826344
-0.000715253
-0.000595334
-0.000471371
-0.000347852
-0.000229803
-0.00012257
-3.11734e-05
4.03919e-05
8.96583e-05
0.000115811
0.000119101
0.000100004
5.89906e-05
-3.34291e-06
-8.59655e-05
-0.000186664
-0.00030105
-0.000422034
-0.000540634
-0.000647673
-0.000735088
-0.000796781
-0.000829138
-0.000830576
-0.000800271
-0.00073716
-0.000639902
-0.000507438
-0.000339856
-0.000139664
8.72413e-05
0.000331833
0.000583155
0.000829785
0.00106113
0.00126816
0.00144358
0.00158138
0.00167631
0.00172342
0.00171847
0.00165923
0.00154657
0.00138466
0.00118081
0.000945179
0.000689337
0.000424132
0.000158346
-0.000100872
-0.000347342
-0.00057564
-0.000780299
-0.000954781
-0.00109208
-0.00118699
-0.00123747
-0.00124447
-0.00121171
-0.00114548
-0.00105348
-0.000942834
-0.000818896
-0.000685499
-0.000545584
-0.000401987
-0.000258472
-0.000120121
7.20527e-06
0.000117916
0.000207572
0.000273264
0.000313733
0.000329367
0.000321717
0.000292673
0.000244119
0.000178486
9.93573e-05
1.1378e-05
-7.99056e-05
-0.000168382
-0.000248822
-0.000318439
-0.000376559
-0.000423123
-0.000458089
-0.000481466
-0.000493204
-0.000493385
-0.000482782
-0.000463414
-0.000438685
-0.000412857
-0.000390179
-0.000374114
-0.000366701
-0.000368081
-0.000376846
-0.000391091
-0.000409069
-0.000429315
-0.000450545
-0.000471374
-0.000490058
-0.00050429
-0.000510853
-0.000505523
-0.000483702
-0.000441551
-0.00037715
-0.000291629
-0.000291629
-0.000189788
-7.89055e-05
3.37682e-05
0.000142313
0.000242336
0.000331662
0.000410565
0.000480109
0.000539707
0.000586395
0.000615949
0.000624228
0.000608666
0.000569851
0.000512175
0.000442866
0.000369933
0.000300258
0.00023842
0.000186197
0.000142954
0.000106968
7.70604e-05
5.3466e-05
3.7617e-05
3.14142e-05
3.63726e-05
5.26974e-05
7.88086e-05
0.000111775
0.00014828
0.00018538
0.000220962
0.000254146
0.00028518
0.000314708
0.000343057
0.000369748
0.00039342
0.000412292
0.000424769
0.000429816
0.000427191
0.00041757
0.000402258
0.000382445
0.000358765
0.000331331
0.000299872
0.000264071
0.000224068
0.000180709
0.000135467
9.01372e-05
4.65147e-05
6.28656e-06
-2.90373e-05
-5.83203e-05
-8.07596e-05
-9.55789e-05
-0.00010232
-0.000102371
-0.000100342
-0.000103267
-0.000118539
-0.000152257
-0.000207332
-0.000281922
-0.000370679
-0.000467659
-0.00056768
-0.000666624
-0.000762185
-0.000854034
-0.000941848
-0.00102219
-0.00108768
-0.00112881
-0.00113615
-0.00110266
-0.00102584
-0.00090848
-0.000757403
-0.000581315
-0.00038889
-0.000187473
1.7518e-05
0.000222149
0.000422446
0.000612615
0.000784333
0.000927918
0.00103453
0.00109787
0.00111535
0.00108881
0.00102403
0.000928586
0.000809604
0.000672676
0.000521951
0.000360628
0.000192414
2.36808e-05
-0.000135769
-0.000274372
-0.000381164
-0.000447475
-0.000468424
-0.000443945
-0.000378082
-0.000276595
-0.000144851
1.28966e-05
0.000192732
0.000388033
0.000585816
0.000766347
0.000906518
0.00098518
0.000989584
0.000919443
0.00078415
0.000596844
0.000371106
0.000118032
-0.000157745
-0.000457783
-0.000782854
-0.00112512
-0.00146599
-0.00177869
-0.00203304
-0.00220361
-0.00227765
-0.00225708
-0.00215472
-0.00198803
-0.00177293
-0.00151892
-0.00122801
-0.000897498
-0.000525384
-0.000115832
0.000318377
0.000757009
0.00117644
0.00155509
0.00187714
0.00213238
0.00231399
0.00241852
0.0024469
0.00240163
0.00228469
0.00209953
0.00185258
0.00155236
0.00120947
0.000837229
0.000451098
6.67179e-05
-0.000300717
-0.000636336
-0.000926595
-0.00116124
-0.00133438
-0.00144385
-0.00149016
-0.00147589
-0.00140548
-0.00128468
-0.00112015
-0.000919651
-0.000692136
-0.000447892
-0.0001982
4.6e-05
0.000275186
0.000481905
0.000661681
0.0008128
0.000934271
0.00102332
0.00107384
0.00107609
0.00101926
0.0008986
0.000720262
0.000497809
0.000248043
-1.01158e-05
-0.000259271
-0.000488663
-0.000694901
-0.000877534
-0.00103439
-0.0011591
-0.00123983
-0.00126179
-0.00121415
-0.00109628
-0.000919649
-0.000705832
-0.000481037
-0.000267917
-7.99616e-05
7.79809e-05
0.000207128
0.000311755
0.000393965
0.000449391
0.000468287
0.000441212
0.000364528
0.000243543
9.35745e-05
-6.29218e-05
-0.000202952
-0.00030933
-0.0003736
-0.000395432
-0.000379892
-0.000333554
-0.000260741
-0.000161751
-3.40779e-05
0.000124025
0.000309773
0.000514182
0.000722881
0.000918461
0.00108426
0.00120827
0.00128438
0.00131089
0.00128852
0.0012193
0.0011058
0.000951139
0.000760572
0.000542667
0.000309018
7.39091e-05
-0.000146701
-0.000337928
-0.000489202
-0.000596018
-0.000658744
-0.000679832
-0.000662061
-0.000607682
-0.00051792
-0.000394082
-0.00024014
-6.44596e-05
0.000120476
0.000299295
0.000455717
0.000575844
0.000651343
0.000680321
0.000665782
0.000613277
0.000528667
0.000416217
0.000278137
0.000116397
-6.48755e-05
-0.000258043
-0.00045164
-0.000631492
-0.000783064
-0.000893845
-0.000955268
-0.000963709
-0.00092021
-0.000829531
-0.000698876
-0.00053653
-0.000351298
-0.000153165
4.60949e-05
0.000234033
0.000399135
0.000531085
0.00062152
0.000665845
0.000663158
0.000613602
0.000516792
0.000373461
0.000186885
-3.69255e-05
-0.000287517
-0.000548761
-0.00080118
-0.00102575
-0.00120635
-0.00133111
-0.00139361
-0.0013929
-0.00133126
-0.00121092
-0.00103283
-0.000798025
-0.000509687
-0.000175043
0.000193239
0.000576916
0.000954073
0.00130247
0.00160269
0.0018405
0.00200756
0.00210038
0.00211859
0.00206358
0.00193776
0.00174488
0.001491
0.00118563
0.00118563
0.000842231
0.000477355
0.000109008
-0.000245214
-0.000569763
-0.00085247
-0.00108483
-0.00126095
-0.00137619
-0.00142678
-0.00141046
-0.00132717
-0.00117957
-0.000973698
-0.000719147
-0.000428584
-0.00011672
0.000201155
0.000510359
0.000797355
0.00105002
0.00125806
0.00141299
0.00150762
0.00153599
0.00149423
0.00138122
0.0011999
0.00095833
0.000669107
0.000348003
1.27652e-05
-0.000318465
-0.000629128
-0.000905332
-0.00113548
-0.00130982
-0.00142061
-0.00146254
-0.00143345
-0.00133508
-0.00117377
-0.000960582
-0.000710503
-0.000440848
-0.000169063
8.92374e-05
0.000320921
0.000515575
0.000665858
0.000767134
0.000816232
0.000811036
0.000751939
0.000642942
0.00049141
0.000307977
0.000106103
-9.96187e-05
-0.00029572
-0.00047169
-0.000621023
-0.00074135
-0.0008327
-0.000895032
-0.000927719
-0.000930102
-0.000901694
-0.000842925
-0.000756408
-0.0006476
-0.000524201
-0.00039468
-0.000266752
-0.00014609
-3.58834e-05
6.2636e-05
0.000149272
0.000223744
0.000284948
0.000331051
0.000359887
0.000369361
0.000358089
0.000326014
0.000274446
0.000205697
0.000122843
2.91712e-05
-7.28417e-05
-0.000181659
-0.00029567
-0.000412138
-0.00052683
-0.000634509
-0.00072962
-0.00080677
-0.000861464
-0.000890904
-0.000894447
-0.00087327
-0.000829338
-0.000764675
-0.000681249
-0.000581078
-0.000466657
-0.000341592
-0.000210897
-8.05979e-05
4.30793e-05
0.000154439
0.000248871
0.00032335
0.000376724
0.00040939
0.00042253
0.000417566
0.000396046
0.000359784
0.000311081
0.00025297
0.000189355
0.000124777
6.38604e-05
1.07785e-05
-3.11197e-05
-5.95132e-05
-7.31399e-05
-7.15548e-05
-5.4675e-05
-2.25026e-05
2.47955e-05
8.67719e-05
0.000162715
0.000251612
0.000351892
0.000461268
0.000577106
0.000696843
0.000817629
0.000935143
0.0010427
0.00113194
0.0011942
0.0012215
0.0012075
0.00114875
0.00104543
0.000900661
0.000719078
0.000506365
0.00026968
1.74322e-05
-0.000241817
-0.000499699
-0.000746673
-0.000971922
-0.00116536
-0.00131862
-0.00142464
-0.00147785
-0.00147544
-0.0014178
-0.00130779
-0.00115052
-0.000953956
-0.000728212
-0.000483693
-0.000230165
2.26062e-05
0.000264693
0.000486677
0.000680108
0.000837293
0.000951263
0.00101655
0.00102992
0.000990539
0.00090008
0.000762696
0.000584762
0.000374212
0.000139985
-0.000108144
-0.000359679
-0.000603704
-0.000829226
-0.00102516
-0.00118028
-0.00128444
-0.00133051
-0.00131521
-0.00123901
-0.00110655
-0.000926033
-0.000707106
-0.000458918
-0.000190323
8.90589e-05
0.000368266
0.000634396
0.00087315
0.00107091
0.00121647
0.00130234
0.00132612
0.00129055
0.0012016
0.00106621
0.000891308
0.000683502
0.000449161
0.000195556
-6.75258e-05
-0.000327487
-0.000570438
-0.000782929
-0.000953043
-0.00107165
-0.00113406
-0.00114064
-0.00109516
-0.00100281
-0.000869221
-0.000699854
-0.000499475
-0.000273187
-2.83811e-05
0.000224393
0.000472044
0.000700125
0.000894757
0.00104492
0.00114378
0.00118883
0.00118122
0.00112443
0.00102316
0.000882705
0.000708822
0.000508301
0.000289858
6.43964e-05
-0.000155852
-0.000358796
-0.000533812
-0.000672878
-0.000771414
-0.000828197
-0.000844195
-0.000821281
-0.00076182
-0.00066855
-0.000544355
-0.000392713
-0.000218994
-3.1093e-05
0.000161764
0.000350515
0.000526894
0.000684019
0.000816993
0.000922921
0.00100027
0.001048
0.00106509
0.00105065
0.00100435
0.0009271
0.000821362
0.000691101
0.000541415
0.000378048
0.000207491
3.70452e-05
-0.000125954
-0.000274734
-0.000402982
-0.000504946
-0.000576118
-0.000613735
-0.000616593
-0.000584904
-0.000520463
-0.000426461
-0.000306956
-0.000166518
-1.03006e-05
0.000155806
0.000325328
0.000491364
0.000646719
0.000784313
0.000897562
0.000980371
0.00102688
0.00103165
0.000991348
0.000906298
0.000779601
0.00061596
0.000421847
0.000205154
-2.6129e-05
-0.000264618
-0.00050301
-0.000733414
-0.000947133
-0.00113441
-0.00128495
-0.00138956
-0.0014417
-0.00143835
-0.00138003
-0.00126969
-0.00111158
-0.000911221
-0.000675958
-0.000415312
-0.000141648
0.000129551
0.000382213
0.000382213
0.000603303
0.000783618
0.000917551
0.00100403
0.00104586
0.00104654
0.00100793
0.000930907
0.000816558
0.000666173
0.000481986
0.000269525
3.89166e-05
-0.000197248
-0.000426435
-0.000636124
-0.000813993
-0.000950782
-0.00104276
-0.00108991
-0.0010931
-0.00105398
-0.000975066
-0.00085874
-0.000706951
-0.000522825
-0.000312549
-8.554e-05
0.000146373
0.000369892
0.000571566
0.000739582
0.000865484
0.000944613
0.000975361
0.000958546
0.000897188
0.000796144
0.000661479
0.000500193
0.000320361
0.000131075
-5.78673e-05
-0.000236402
-0.000394829
-0.00052456
-0.000618808
-0.000672913
-0.000683982
-0.000650252
-0.000570985
-0.000447044
-0.000282268
-8.50406e-05
0.000131875
0.00035316
0.000562391
0.000743171
0.000881091
0.000966232
0.000994043
0.000963602
0.000876088
0.000734794
0.000544762
0.000311728
4.26095e-05
-0.000251991
-0.000557122
-0.000855469
-0.00112885
-0.00135953
-0.00153256
-0.0016379
-0.00167116
-0.00163285
-0.00152706
-0.00135999
-0.00113872
-0.000871162
-0.000567215
-0.000240624
9.01103e-05
0.0004042
0.000682716
0.000910193
0.00107504
0.00117086
0.00119633
0.00115291
0.00104322
0.000871146
0.000642608
0.00036634
5.54738e-05
-0.000271728
-0.000593231
-0.000885971
-0.00112911
-0.00130666
-0.00140865
-0.00143081
-0.00137304
-0.00123759
-0.00102823
-0.000750627
-0.000413581
-3.00522e-05
0.000382693
0.000803208
0.00120692
0.00156871
0.00186602
0.00208191
0.00220633
0.00223474
0.00216671
0.00200579
0.00175953
0.00143865
0.00105655
0.000630033
0.000179759
-0.000270877
-0.000697321
-0.00107602
-0.00138721
-0.00161687
-0.00175744
-0.00180734
-0.00176977
-0.00165075
-0.00145796
-0.00120117
-0.00089239
-0.000545339
-0.000175666
0.0001986
0.000557742
0.00088268
0.00115716
0.00136861
0.00150868
0.00157364
0.00156387
0.00148238
0.0013338
0.00112426
0.000861383
0.000554216
0.000213756
-0.000146514
-0.000510695
-0.000861073
-0.00117911
-0.00144748
-0.00165254
-0.00178518
-0.00184063
-0.00181818
-0.00172049
-0.0015526
-0.00132124
-0.00103485
-0.00070402
-0.000341886
3.58606e-05
0.00041175
0.000768052
0.00108835
0.00135883
0.00156866
0.00170913
0.00177301
0.00175531
0.00165416
0.00147126
0.0012132
0.000892827
0.000528459
0.000140779
-0.000249718
-0.000623913
-0.00096517
-0.00125986
-0.0014967
-0.00166567
-0.00175769
-0.00176577
-0.00168718
-0.00152499
-0.00128833
-0.000991573
-0.000653418
-0.000294697
6.49967e-05
0.00040946
0.000725901
0.00100386
0.00123458
0.00141084
0.0015267
0.00157811
0.00156413
0.00148765
0.00135533
0.00117677
0.000962907
0.000724372
0.000470879
0.000211323
-4.65061e-05
-0.000295451
-0.000527652
-0.000734324
-0.000906892
-0.00103835
-0.00112401
-0.0011617
-0.00115187
-0.00109699
-0.00100085
-0.000867995
-0.000703158
-0.000511292
-0.000298392
-7.2537e-05
0.000155571
0.000373365
0.000568034
0.000727976
0.000843916
0.000909831
0.000923637
0.000887004
0.000804011
0.000680033
0.00052152
0.000335881
0.000131186
-8.35468e-05
-0.000297548
-0.000498766
-0.000675813
-0.000819509
-0.000923106
-0.000981948
-0.000993733
-0.000958619
-0.000878303
-0.00075544
-0.000594233
-0.000400937
-0.000183393
4.93561e-05
0.000286859
0.000517725
0.000731117
0.000918075
0.00107159
0.00118614
0.00125786
0.00128486
0.00126728
0.00120694
0.00110729
0.000973585
0.000812881
0.00063313
0.000442126
0.000247062
5.45617e-05
-0.000129622
-0.000300833
-0.000454995
-0.000587986
-0.000696099
-0.000777179
-0.000830611
-0.000856334
-0.000854498
-0.000826134
-0.000773531
-0.000699158
-0.000605023
-0.000493451
-0.000367442
-0.000230571
-8.73407e-05
5.64827e-05
0.000194066
0.000317995
0.000420679
0.000495332
0.000537214
0.000543974
0.000515696
0.000455109
0.000367065
0.000257166
0.000130843
-6.12233e-06
-0.000147072
-0.000284752
-0.000411499
-0.000519585
-0.000602119
-0.000653959
-0.000672422
-0.000657665
-0.000612506
-0.000541506
-0.000450006
-0.000343842
-0.000229142
-0.000111982
1.79337e-06
0.000106929
0.000199076
0.000274893
0.000332248
0.000370447
0.000370447
0.000390157
0.000392918
0.000380814
0.000356642
0.000323836
0.000286067
0.000247089
0.000210638
0.000179966
0.000157113
0.000142563
0.000135298
0.00013275
0.000131239
0.000126704
0.000114851
9.15476e-05
5.41183e-05
2.65291e-06
-5.99771e-05
-0.000129734
-0.000202733
-0.000275272
-0.000343857
-0.000405432
-0.000457296
-0.000496406
-0.000518452
-0.000518135
-0.000490673
-0.000433568
-0.000347978
-0.000238781
-0.000113378
1.99798e-05
0.000153995
0.000283394
0.000404562
0.000514415
0.000609663
0.000686417
0.000739882
0.000765036
0.000758473
0.000719942
0.000652488
0.000561652
0.000454286
0.000336898
0.00021423
8.90816e-05
-3.67608e-05
-0.000161421
-0.000282187
-0.000395121
-0.000495046
-0.00057624
-0.000633798
-0.000664746
-0.000668204
-0.000645035
-0.00059762
-0.000529254
-0.000442923
-0.000340983
-0.000226304
-0.000103387
2.17083e-05
0.000142279
0.000251504
0.000342817
0.000410951
0.000452688
0.000466631
0.000452685
0.000411885
0.000346272
0.000258636
0.000152556
3.26523e-05
-9.52476e-05
-0.000224176
-0.000346734
-0.000456043
-0.00054619
-0.000612368
-0.000651203
-0.000661157
-0.000642563
-0.000597429
-0.000529325
-0.000442769
-0.000342211
-0.000231684
-0.000114965
4.57981e-06
0.00012417
0.000241064
0.000351982
0.000453595
0.000543255
0.000619172
0.000680479
0.000727156
0.000759777
0.000779194
0.000786053
0.000780373
0.000761548
0.000728879
0.000682069
0.000621082
0.000546194
0.000458404
0.000359428
0.000251501
0.000137266
1.96983e-05
-9.77919e-05
-0.000211169
-0.000315719
-0.000406585
-0.000479552
-0.000531185
-0.000558837
-0.000560977
-0.000537257
-0.000488411
-0.000416236
-0.000323573
-0.000214366
-9.38773e-05
3.12327e-05
0.000153538
0.000265813
0.000361381
0.000434358
0.000480155
0.00049557
0.000478624
0.000428589
0.000346175
0.000233855
9.62666e-05
-5.96173e-05
-0.000225206
-0.000391486
-0.000549546
-0.000690965
-0.000808507
-0.000896359
-0.000950004
-0.000966241
-0.00094338
-0.000881656
-0.000783765
-0.000655198
-0.000503702
-0.000338202
-0.000168172
-2.97249e-06
0.000149241
0.000282099
0.000390712
0.000471073
0.000519975
0.000535257
0.000515859
0.000461982
0.000375541
0.000260566
0.000123072
-2.96101e-05
-0.000189455
-0.000348263
-0.000498388
-0.000633449
-0.000748414
-0.000839203
-0.000902444
-0.000935522
-0.000936728
-0.000905415
-0.000842159
-0.000749052
-0.00062989
-0.000489911
-0.000335306
-0.000172683
-8.35039e-06
0.000152503
0.000306357
0.000451136
0.000584827
0.000704405
0.00080648
0.000888044
0.000946215
0.000978501
0.000984096
0.000964683
0.000923468
0.000863748
0.000788043
0.000697254
0.000590992
0.000469292
0.000333737
0.000187799
3.70429e-05
-0.000111286
-0.000249513
-0.000370968
-0.000470792
-0.000546121
-0.000595759
-0.000619291
-0.000616392
-0.000586718
-0.000530132
-0.000447409
-0.000341015
-0.000215288
-7.61132e-05
6.94733e-05
0.000213805
0.000349338
0.000469282
0.000567807
0.000640327
0.000683782
0.000696463
0.000677929
0.000629454
0.000554254
0.00045687
0.000342365
0.000216301
8.47697e-05
-4.61814e-05
-0.000171076
-0.00028502
-0.000383548
-0.000462835
-0.000520121
-0.000553767
-0.000563035
-0.000547921
-0.000509272
-0.000448921
-0.000369461
-0.00027404
-0.000166625
-5.2398e-05
6.25006e-05
0.000171889
0.000269994
0.000351453
0.000411767
0.000448124
0.000459577
0.000446357
0.000409571
0.000351543
0.000275581
0.000185094
8.34699e-05
-2.49464e-05
-0.000134579
-0.000239443
-0.00033354
-0.000410917
-0.00046632
-0.000496279
-0.000499588
-0.000476978
-0.000430737
-0.000364328
-0.000281714
-0.000186725
-8.29248e-05
2.60905e-05
0.000136431
0.000243895
0.00034407
0.000432544
0.00050531
0.000559297
0.000592744
0.000605242
0.000597566
0.000571412
0.000529097
0.000473302
0.000406993
0.000333513
0.00025666
0.000180539
0.000109187
4.60446e-05
-6.55401e-06
-4.74298e-05
-7.62186e-05
-9.32699e-05
-9.9604e-05
-9.66102e-05
-8.58718e-05
-6.91322e-05
-4.82008e-05
-2.48918e-05
-9.13455e-07
2.24427e-05
4.44663e-05
6.4412e-05
8.07612e-05
9.14538e-05
9.4236e-05
8.64834e-05
6.56048e-05
3.0426e-05
-1.7997e-05
-7.71789e-05
-7.71789e-05
-0.000144066
-0.000215072
-0.000286498
-0.000355437
-0.000419775
-0.000476939
-0.000523096
-0.000553464
-0.000562766
-0.00054626
-0.00050136
-0.000428614
-0.000331877
-0.000217988
-9.55135e-05
2.76093e-05
0.00014565
0.000254444
0.000350515
0.000430776
0.000491547
0.000527741
0.000533678
0.000504969
0.000440011
0.000340862
0.000213908
6.9375e-05
-8.09914e-05
-0.00022648
-0.000358699
-0.000471915
-0.000562954
-0.000630378
-0.00067286
-0.000687955
-0.000672413
-0.000623428
-0.000539828
-0.000423098
-0.000278135
-0.000113142
6.17948e-05
0.000236647
0.000402684
0.000552809
0.000681384
0.000783789
0.000855729
0.000892647
0.000890096
0.000845274
0.000758353
0.000632501
0.000473634
0.000290262
9.2291e-05
-0.000110947
-0.000311684
-0.000503122
-0.000678766
-0.000832344
-0.000957365
-0.00104683
-0.00109411
-0.00109458
-0.00104666
-0.000951992
-0.000815166
-0.000643276
-0.000444862
-0.000228442
-1.85554e-06
0.000227146
0.00045016
0.000658192
0.000842199
0.000993322
0.00110337
0.00116597
0.00117748
0.00113716
0.00104703
0.000911226
0.000735476
0.000526678
0.000292759
4.28681e-05
-0.000212342
-0.000460885
-0.000690144
-0.000887701
-0.00104224
-0.00114493
-0.00119036
-0.00117631
-0.00110317
-0.000973824
-0.000793691
-0.000570648
-0.000314847
-3.84215e-05
0.000244764
0.000519748
0.000771744
0.000987675
0.00115701
0.00127166
0.00132604
0.00131734
0.00124523
0.00111182
0.00092197
0.000683737
0.00040817
0.000108591
-0.000200225
-0.000503205
-0.00078633
-0.00103755
-0.00124717
-0.00140794
-0.00151489
-0.00156491
-0.00155654
-0.00149022
-0.00136873
-0.00119751
-0.000984778
-0.000741253
-0.000479345
-0.000211866
4.90889e-05
0.000292928
0.000511038
0.000696626
0.000844177
0.00094926
0.0010086
0.00102012
0.000983214
0.000899517
0.000773478
0.000612127
0.000424227
0.000219481
7.82191e-06
-0.000201048
-0.000397857
-0.000573934
-0.00072121
-0.000832126
-0.000899869
-0.0009192
-0.000887229
-0.000803572
-0.000670583
-0.00049369
-0.000280987
-4.20894e-05
0.000212829
0.000473217
0.000728188
0.000966888
0.00117866
0.00135336
0.00148202
0.00155742
0.00157463
0.00153151
0.00142882
0.00127017
0.00106179
0.000811818
0.000529696
0.000226138
-8.69531e-05
-0.00039707
-0.000691912
-0.000959809
-0.00119002
-0.00137328
-0.00150225
-0.00157207
-0.00158057
-0.00152806
-0.00141705
-0.00125212
-0.00103959
-0.00078744
-0.000505283
-0.000204002
0.000104819
0.000409221
0.000697283
0.000957774
0.0011808
0.00135813
0.00148329
0.0015515
0.00155977
0.00150752
0.00139718
0.00123349
0.00102314
0.00077478
0.00049851
0.000205064
-9.46851e-05
-0.000389784
-0.000669128
-0.000921323
-0.00113461
-0.00129779
-0.00140195
-0.00144141
-0.00141384
-0.00132043
-0.00116566
-0.000956589
-0.000702002
-0.000411602
-9.58531e-05
0.000233522
0.000563096
0.000878079
0.00116336
0.00140446
0.00158872
0.00170649
0.0017518
0.00172249
0.00162008
0.00144886
0.00121528
0.000927691
0.000596373
0.000233544
-0.000146753
-0.000529179
-0.00089796
-0.00123786
-0.00153494
-0.0017772
-0.00195499
-0.00206148
-0.00209265
-0.0020471
-0.00192588
-0.00173282
-0.00147477
-0.00116113
-0.000803474
-0.000415452
-1.22736e-05
0.000390347
0.000777091
0.0011334
0.00144563
0.00170129
0.00188937
0.00200141
0.00203285
0.00198309
0.00185528
0.00165652
0.00139737
0.00109056
0.000749732
0.000388817
2.17189e-05
-0.000337982
-0.000676944
-0.000981617
-0.00123846
-0.00143537
-0.00156309
-0.00161577
-0.00159146
-0.00149279
-0.00132673
-0.00110289
-0.000832058
-0.00052576
-0.000195839
0.000145814
0.000486987
0.000814758
0.00111556
0.00137575
0.00158243
0.0017247
0.00179527
0.00179115
0.00171344
0.00156684
0.00135885
0.00109894
0.00079787
0.000467199
0.000119293
-0.000232514
-0.000574025
-0.000890798
-0.00116914
-0.0013971
-0.00156553
-0.00166877
-0.00170481
-0.00167479
-0.00158243
-0.00143339
-0.0012349
-0.000995588
-0.00072544
-0.000436023
-0.000140323
0.00014818
0.000416501
0.000652835
0.000847312
0.000992721
0.000992721
0.00108475
0.00112168
0.00110398
0.00103408
0.000916302
0.00075678
0.00056339
0.000345687
0.000114625
-0.000118059
-0.000340686
-0.00054251
-0.000714442
-0.000849502
-0.000943022
-0.000992627
-0.00099801
-0.00096057
-0.000883255
-0.000770763
-0.00062957
-0.000467616
-0.000293882
-0.000117776
5.16084e-05
0.000206151
0.000339143
0.00044548
0.000521545
0.000564782
0.000573489
0.000547083
0.000486362
0.00039361
0.000272767
0.000129498
-2.92089e-05
-0.000195875
-0.000363213
-0.000524423
-0.000673293
-0.000804178
-0.000911911
-0.000991728
-0.00103927
-0.00105062
-0.00102238
-0.000952527
-0.000841709
-0.000693274
-0.00051263
-0.000306934
-8.448e-05
0.000146372
0.000377767
0.000602048
0.000811396
0.000997775
0.00115287
0.00126872
0.00133892
0.00135944
0.00132916
0.00125036
0.00112835
0.000970326
0.000784295
0.000578503
0.000361182
0.000140194
-7.72767e-05
-0.000284463
-0.000474471
-0.000640531
-0.000776846
-0.000879031
-0.00094425
-0.000971387
-0.000961105
-0.00091558
-0.000837964
-0.000731933
-0.000601503
-0.000451248
-0.000286362
-0.000112182
6.58867e-05
0.000242117
0.000410816
0.000566682
0.000704649
0.000819746
0.000907306
0.000963267
0.000984414
0.000969118
0.000917991
0.000833561
0.000719745
0.000581647
0.00042513
0.000256377
8.17848e-05
-9.19741e-05
-0.000257926
-0.000408879
-0.000537705
-0.000638025
-0.000704968
-0.000735513
-0.000728634
-0.000685388
-0.000608686
-0.000502911
-0.000373505
-0.000226676
-6.92297e-05
9.15814e-05
0.000248245
0.000393276
0.000519616
0.000621047
0.000692654
0.000731257
0.000735643
0.000706499
0.0006461
0.000557968
0.000446526
0.000316723
0.000173775
2.319e-05
-0.000129169
-0.000277317
-0.000415521
-0.000538605
-0.000642328
-0.000723696
-0.000781126
-0.000814427
-0.000824412
-0.000811978
-0.000777131
-0.000719175
-0.000638083
-0.000535209
-0.000413258
-0.000276514
-0.000130684
1.81448e-05
0.000164673
0.000304944
0.000436248
0.000556615
0.000663819
0.000754456
0.000823968
0.000867465
0.000880952
0.000862554
0.000813213
0.00073665
0.000638514
0.00052505
0.000402066
0.000274453
0.000146165
2.06103e-05
-9.87053e-05
-0.000207698
-0.000301833
-0.000376905
-0.000429993
-0.000460016
-0.00046787
-0.000456316
-0.000429278
-0.00039061
-0.000343235
-0.00028926
-0.000230654
-0.000169586
-0.000108562
-5.07031e-05
4.64303e-07
4.17392e-05
7.09456e-05
8.72782e-05
9.11772e-05
8.38652e-05
6.67168e-05
4.07673e-05
6.60412e-06
-3.54229e-05
-8.47025e-05
-0.000139779
-0.000198083
-0.000256133
-0.000310072
-0.000356182
-0.00039127
-0.000412897
-0.000419297
-0.000409341
-0.000382575
-0.000339038
-0.000279318
-0.000205077
-0.000119398
-2.63262e-05
6.98903e-05
0.00016497
0.000254682
0.00033531
0.000403778
0.000457396
0.000493741
0.000510828
0.000507381
0.000483077
0.000438812
0.000376895
0.000300848
0.000214829
0.000122992
2.90325e-05
-6.40498e-05
-0.000153825
-0.000238133
-0.00031499
-0.000382575
-0.000439177
-0.000483274
-0.000513595
-0.000529218
-0.000529807
-0.000515644
-0.000487388
-0.000445911
-0.000392504
-0.000328956
-0.000257147
-0.000178896
-9.61747e-05
-1.11043e-05
7.40494e-05
0.000156723
0.000234018
0.000302884
0.000360383
0.00040396
0.000431746
0.000442705
0.000436435
0.000412991
0.000372799
0.000316542
0.00024535
0.000161133
6.66944e-05
-3.41241e-05
-0.000136074
-0.000232531
-0.00031667
-0.000382971
-0.000427546
-0.000448024
-0.000444061
-0.000417484
-0.000371273
-0.000308339
-0.000231482
-0.000143954
-4.9605e-05
4.70074e-05
0.000140634
0.000225722
0.000296973
0.000350195
0.000383097
0.000395448
0.000388599
0.000365021
0.000328151
0.00028191
0.000230104
0.000176508
0.000124983
7.90159e-05
4.11087e-05
1.2514e-05
-6.93791e-06
-1.89619e-05
-2.60446e-05
-3.04324e-05
-3.42499e-05
-3.96971e-05
-4.84837e-05
-6.13716e-05
-7.82714e-05
-9.87408e-05
-0.00012222
-0.000147725
-0.000173545
-0.000197186
-0.000215728
-0.000226292
-0.000226209
-0.000213505
-0.000187709
-0.000150136
-0.000103277
-5.00775e-05
6.05041e-06
6.13153e-05
0.000112123
0.000155083
0.000186712
0.000203481
0.000202053
0.000179678
0.000134691
0.000134691
6.70396e-05
-2.11902e-05
-0.000125587
-0.000239882
-0.000356721
-0.000468169
-0.000566241
-0.000644147
-0.000697002
-0.000720894
-0.000712216
-0.000668113
-0.000586643
-0.000466885
-0.000309597
-0.000118083
0.000101149
0.000338016
0.000578996
0.000808934
0.00101376
0.00118155
0.0013026
0.0013698
0.00137839
0.00132544
0.00120946
0.00103025
0.000789559
0.000492636
0.000149932
-0.000222577
-0.000605149
-0.000976657
-0.00131665
-0.0016072
-0.00183409
-0.00198731
-0.00206053
-0.00204972
-0.00195249
-0.00176902
-0.00150353
-0.00116537
-0.00076938
-0.000335259
0.000113979
0.000554446
0.00096388
0.00132375
0.00162027
0.00184379
0.00198789
0.00204898
0.00202593
0.00192018
0.0017365
0.00148412
0.00117678
0.000831524
0.000467178
0.000103044
-0.000242485
-0.000553435
-0.00081702
-0.00102331
-0.00116481
-0.00123656
-0.00123631
-0.00116465
-0.00102539
-0.000826006
-0.000577672
-0.00029454
7.43863e-06
0.000311507
0.000601061
0.000860815
0.00107774
0.00124147
0.00134431
0.00138099
0.00134904
0.00124911
0.00108516
0.000864338
0.000596597
0.000294489
-2.76463e-05
-0.000354965
-0.000673195
-0.000969243
-0.00123152
-0.0014503
-0.00161788
-0.00172862
-0.00177906
-0.00176846
-0.00169911
-0.00157583
-0.00140539
-0.00119573
-0.000955148
-0.000692048
-0.00041538
-0.000134361
0.000141877
0.000404062
0.000642904
0.000849845
0.00101792
0.00114221
0.00121988
0.00124974
0.00123187
0.0011678
0.00106075
0.00091532
0.000737503
0.000535389
0.000319335
0.000101032
-0.000107792
-0.000296142
-0.0004544
-0.000575462
-0.000655494
-0.000693481
-0.000690087
-0.00064716
-0.000567893
-0.00045672
-0.000319222
-0.000162353
5.30697e-06
0.00017374
0.000332438
0.00047147
0.000582138
0.000657606
0.000693669
0.000688978
0.000644445
0.000562632
0.00044758
0.000304424
0.000138755
-4.36092e-05
-0.000236471
-0.00043322
-0.000626761
-0.000808921
-0.000970137
-0.00110037
-0.00119039
-0.00123258
-0.00122164
-0.00115594
-0.00103781
-0.000872204
-0.000665383
-0.000424734
-0.000158521
0.000124429
0.000414428
0.000700199
0.000968778
0.00120651
0.00140046
0.00154024
0.00161954
0.0016363
0.00159235
0.00149285
0.00134515
0.00115752
0.000938721
0.000698543
0.000448105
0.000199652
-3.37706e-05
-0.000239087
-0.000404592
-0.000521456
-0.000584639
-0.000593052
-0.000549216
-0.000458491
-0.000328275
-0.000167649
1.27884e-05
0.000200955
0.000383389
0.000546342
0.000677006
0.000763642
0.000796247
0.000768619
0.000680168
0.000535947
0.000344978
0.000118909
-0.000128555
-0.000382608
-0.0006283
-0.000851365
-0.00103855
-0.00117714
-0.00125551
-0.00126497
-0.00120157
-0.00106696
-0.000868226
-0.000617449
-0.000330461
-2.47166e-05
0.000282319
0.000574228
0.000836265
0.00105524
0.0012197
0.00132094
0.00135416
0.00131874
0.00121788
0.00105873
0.000852325
0.000612397
0.000354363
9.44351e-05
-0.000151512
-0.000368757
-0.000544343
-0.000667931
-0.000732692
-0.00073556
-0.000676872
-0.00056025
-0.000392422
-0.0001826
5.80059e-05
0.000316766
0.000580254
0.000834595
0.00106612
0.00126234
0.0014125
0.00150783
0.00154187
0.00151087
0.00141394
0.00125294
0.00103235
0.000759339
0.000443397
9.5425e-05
-0.000272746
-0.000648193
-0.0010168
-0.00136387
-0.00167524
-0.00193806
-0.00214129
-0.00227634
-0.00233762
-0.00232277
-0.00223271
-0.00207109
-0.00184391
-0.0015596
-0.00122919
-0.000866212
-0.000486374
-0.000106494
0.000256637
0.000587422
0.000872495
0.00110142
0.00126687
0.00136444
0.00139236
0.00135135
0.00124445
0.00107727
0.000858366
0.000599164
0.000313364
1.61227e-05
-0.00027701
-0.000551292
-0.000793845
-0.00099426
-0.00114478
-0.00124031
-0.00127835
-0.00125865
-0.00118293
-0.00105507
-0.000881314
-0.000670145
-0.000431819
-0.000177981
7.89054e-05
0.000326467
0.000553395
0.000750146
0.000909395
0.00102615
0.00109758
0.00112287
0.0011031
0.00104111
0.000941473
0.000810441
0.000655743
0.00048625
0.000311396
0.000140347
-1.882e-05
-0.000159451
-0.000276276
-0.00036556
-0.00036556
-0.0004252
-0.000454536
-0.000454235
-0.00042615
-0.000373192
-0.000299456
-0.000210108
-0.000110869
-7.57766e-06
9.39679e-05
0.000188186
0.000270173
0.000335949
0.000382343
0.000407027
0.000408767
0.000387676
0.000345286
0.000284502
0.000209624
0.000126075
3.94298e-05
-4.54037e-05
-0.000124014
-0.000192307
-0.00024689
-0.000285169
-0.000304986
-0.000304514
-0.000282794
-0.000240372
-0.000179598
-0.000104736
-2.15115e-05
6.39125e-05
0.000145668
0.000218621
0.000278735
0.000323137
0.000349965
0.000358165
0.000347345
0.000317734
0.000270405
0.000207561
0.000132456
4.90584e-05
-3.82017e-05
-0.000124841
-0.000206876
-0.000281006
-0.000344414
-0.000394674
-0.000430008
-0.000449398
-0.000452485
-0.000439626
-0.000411995
-0.00037145
-0.000320287
-0.000261011
-0.000196156
-0.000128198
-5.97189e-05
6.3797e-06
6.69495e-05
0.0001188
0.000158878
0.000184622
0.000194489
0.000188185
0.000166335
0.000130146
8.12424e-05
2.13353e-05
-4.79252e-05
-0.00012457
-0.000205818
-0.000287951
-0.000366434
-0.000436203
-0.000492373
-0.000531056
-0.000549675
-0.000546986
-0.00052306
-0.000478978
-0.000416492
-0.000337886
-0.000246033
-0.000144549
-3.79311e-05
6.86089e-05
0.000169719
0.000260403
0.000336124
0.000393081
0.000428628
0.00044125
0.000430347
0.000396157
0.000339819
0.000263374
0.000169704
6.24977e-05
-5.3787e-05
-0.000174173
-0.000293585
-0.000407113
-0.000510016
-0.00059783
-0.000666783
-0.000714135
-0.000738056
-0.000737478
-0.000712231
-0.000663089
-0.000591699
-0.000500515
-0.000392633
-0.000271662
-0.000141609
-6.7225e-06
0.000128487
0.000259278
0.000381035
0.000489619
0.00058142
0.000653373
0.000703176
0.000729532
0.000732049
0.000711003
0.000667197
0.00060184
0.000516706
0.000414447
0.000298509
0.000172967
4.2518e-05
-8.77754e-05
-0.000212986
-0.000328664
-0.000430839
-0.000515958
-0.000580864
-0.000622706
-0.000639205
-0.000629188
-0.000592711
-0.000531062
-0.000446892
-0.000344039
-0.000227056
-0.000100743
3.01695e-05
0.000161148
0.000287861
0.000406106
0.000511741
0.000600792
0.000669778
0.000716012
0.000737678
0.00073379
0.000704406
0.000650869
0.000575472
0.000481016
0.000370706
0.000248066
0.00011689
-1.86994e-05
-0.000154251
-0.000284918
-0.000405316
-0.000509642
-0.000592455
-0.000649578
-0.000678215
-0.00067686
-0.00064546
-0.000585222
-0.000498195
-0.000387096
-0.000255373
-0.000107472
5.07833e-05
0.000212005
0.000367811
0.000509978
0.000631203
0.00072557
0.000789042
0.000819514
0.000816412
0.000780285
0.000712608
0.000615798
0.000493396
0.000350327
0.000192994
2.90011e-05
-0.000133432
-0.000286265
-0.000422413
-0.000536288
-0.000623982
-0.000683145
-0.000712712
-0.000712613
-0.000683498
-0.000626612
-0.000544001
-0.000438914
-0.00031593
-0.00018076
-3.99826e-05
9.92618e-05
0.000229784
0.000345065
0.000439782
0.000509879
0.000552448
0.000565665
0.000548757
0.000501991
0.000426708
0.000325615
0.000203165
6.55505e-05
-7.99047e-05
-0.000225526
-0.000363606
-0.000486771
-0.000588584
-0.000663739
-0.00070799
-0.000718231
-0.000692612
-0.000630738
-0.000533972
-0.000405712
-0.000251403
-7.81287e-05
0.000106
0.000292448
0.000472779
0.000639045
0.000784149
0.000902001
0.000987381
0.001036
0.00104488
0.00101278
0.000940581
0.0008314
0.000690312
0.000523948
0.000339998
0.000146575
-4.83049e-05
-0.000236979
-0.000412231
-0.000567357
-0.000696233
-0.000793451
-0.000854734
-0.000877544
-0.000861426
-0.000808008
-0.000720825
-0.00060497
-0.000466669
-0.000312832
-0.000150673
1.25067e-05
0.000169372
0.000312674
0.000435574
0.000532058
0.000597218
0.000627597
0.000621565
0.000579452
0.000503494
0.000397692
0.000267508
0.00011949
-3.9023e-05
-0.000200107
-0.000355536
-0.000497153
-0.000617213
-0.000708862
-0.000766731
-0.000787375
-0.000769409
-0.000713386
-0.000621619
-0.000498102
-0.000348375
-0.000179318
1.24033e-06
0.000184963
0.000363197
0.000527305
0.000669355
0.000782801
0.000862901
0.00090686
0.000913737
0.000884324
0.000820984
0.000727407
0.000608257
0.000468918
0.000315433
0.000154376
-7.44328e-06
-0.000163259
-0.000306561
-0.000306561
-0.00043146
-0.00053322
-0.000608421
-0.000654743
-0.000670866
-0.000656711
-0.000613588
-0.000543861
-0.000450667
-0.000338022
-0.000210819
-7.46547e-05
6.43652e-05
0.000199931
0.000325854
0.000436358
0.000526347
0.000591704
0.000629511
0.000638063
0.000616934
0.000567061
0.000490695
0.000391269
0.0002733
0.000142228
4.15727e-06
-0.000134535
-0.000267581
-0.000389194
-0.000494356
-0.000578972
-0.000639973
-0.000675334
-0.000683937
-0.000665459
-0.000620488
-0.000550679
-0.000458789
-0.000348633
-0.000225023
-9.35314e-05
4.00022e-05
0.000170056
0.000291734
0.000400841
0.000493871
0.0005679
0.000620443
0.000649468
0.000653599
0.000632419
0.000586722
0.000518705
0.000431947
0.00033104
0.000221139
0.000107603
-4.31411e-06
-0.000109764
-0.000204491
-0.000284803
-0.000347541
-0.000390221
-0.000411204
-0.000409778
-0.000386243
-0.000342057
-0.000279849
-0.000203252
-0.000116717
-2.52406e-05
6.60713e-05
0.000152399
0.000229442
0.000293575
0.000341919
0.000372244
0.000382829
0.000372494
0.000340727
0.000287797
0.000214898
0.000124403
1.98916e-05
-9.42537e-05
-0.000213275
-0.000332189
-0.000445891
-0.000549499
-0.000638731
-0.000709885
-0.000759712
-0.000785537
-0.000785357
-0.000758004
-0.000703405
-0.000622671
-0.000518106
-0.00039328
-0.000252995
-0.000103062
5.01444e-05
0.000200194
0.000340973
0.000466948
0.000573356
0.000656397
0.000713361
0.0007426
0.000743569
0.000717004
0.000664956
0.00059062
0.000498084
0.000392125
0.000277931
0.000160663
4.51638e-05
-6.40001e-05
-0.000162566
-0.00024697
-0.000314607
-0.000363807
-0.000393946
-0.000405506
-0.000399878
-0.000379126
-0.000345761
-0.000302522
-0.000252231
-0.000197831
-0.000142429
-8.90933e-05
-4.06153e-05
6.79917e-07
3.31591e-05
5.5887e-05
6.84662e-05
7.10613e-05
6.43785e-05
4.94238e-05
2.73184e-05
-7.08387e-07
-3.32155e-05
-6.84844e-05
-0.000104577
-0.000139421
-0.000170894
-0.000196974
-0.000215973
-0.000226704
-0.000228478
-0.000221078
-0.000204747
-0.000180159
-0.000148307
-0.000110369
-6.77345e-05
-2.20811e-05
2.46675e-05
7.05032e-05
0.000113477
0.000151775
0.000183863
0.000208699
0.000225771
0.00023496
0.000236451
0.000230822
0.000219057
0.000202418
0.000182386
0.000160587
0.000138608
0.000117816
9.92521e-05
8.35622e-05
7.10008e-05
6.16181e-05
5.54303e-05
5.2363e-05
5.22186e-05
5.47855e-05
5.98921e-05
6.73322e-05
7.67512e-05
8.76993e-05
9.97765e-05
0.000112669
0.000126128
0.000139869
0.000153411
0.000166045
0.000176866
0.000184761
0.000188476
0.000186896
0.000179245
0.00016492
0.00014344
0.000114566
7.82392e-05
3.45238e-05
-1.62139e-05
-7.30373e-05
-0.000134216
-0.000197088
-0.000258127
-0.000313563
-0.000360183
-0.000395447
-0.000417402
-0.000424833
-0.000417244
-0.000394736
-0.000357987
-0.0003082
-0.000247192
-0.000177616
-0.00010299
-2.7298e-05
4.54638e-05
0.000111467
0.000167315
0.000210395
0.000238901
0.000251701
0.000248353
0.000229231
0.00019553
0.000149159
9.27328e-05
2.94987e-05
-3.68962e-05
-0.000102684
-0.00016423
-0.000218246
-0.000261934
-0.000293087
-0.000310107
-0.00031192
-0.000297955
-0.000268204
-0.000223275
-0.000164439
-9.36899e-05
-1.36883e-05
7.23469e-05
0.000160745
0.000247551
0.000328827
0.000400951
0.000460659
0.000505046
0.000531635
0.000538479
0.00052445
0.000489553
0.000434848
0.00036235
0.000275087
0.000176928
7.20963e-05
-3.52033e-05
-0.000140819
-0.000240694
-0.000331057
-0.000408478
-0.000469879
-0.000512724
-0.000535295
-0.000536865
-0.000517659
-0.000478751
-0.000422109
-0.000350581
-0.000267569
-0.000176716
-8.19093e-05
1.27644e-05
0.000103255
0.000185828
0.000257203
0.000314621
0.000356015
0.000380133
0.000386525
0.000375461
0.0003479
0.000305505
0.000250566
0.000185864
0.000114612
4.04073e-05
-3.29297e-05
-0.000101628
-0.000162208
-0.000211657
-0.000247614
-0.000268503
-0.000273564
-0.000262773
-0.000236753
-0.000196707
-0.000144315
-8.16201e-05
-1.09805e-05
6.49396e-05
0.000143202
0.000220612
0.000293728
0.000359047
0.000413336
0.000453846
0.000478368
0.000485298
0.000473844
0.000444178
0.000397273
0.000334771
0.000259071
0.000259071
0.000173311
8.1033e-05
-1.41115e-05
-0.000108369
-0.00019794
-0.000279262
-0.000349151
-0.000404755
-0.000443594
-0.000463767
-0.000464187
-0.000444678
-0.000406023
-0.000350061
-0.0002796
-0.000198011
-0.00010887
-1.58172e-05
7.76018e-05
0.000168082
0.000252536
0.000327983
0.000391478
0.000440134
0.000471285
0.000482939
0.000474252
0.000445592
0.000398401
0.000335087
0.000258762
0.000172825
8.06574e-05
-1.44497e-05
-0.000109223
-0.000200284
-0.000284021
-0.000356649
-0.000414546
-0.000454709
-0.000475114
-0.000474949
-0.000454644
-0.000415778
-0.000360795
-0.00029261
-0.000214327
-0.000129169
-4.05036e-05
4.81129e-05
0.000132922
0.000210063
0.000275822
0.000326991
0.00036118
0.00037704
0.000374341
0.000353868
0.000317222
0.000266599
0.000204593
0.000134076
5.81738e-05
-1.97317e-05
-9.60193e-05
-0.000166949
-0.000228864
-0.000278489
-0.000313247
-0.00033144
-0.000332291
-0.000315919
-0.000283234
-0.000235809
-0.000175789
-0.000105819
-2.89866e-05
5.1196e-05
0.000130868
0.00020607
0.00027305
0.00032844
0.000369435
0.000393988
0.000400879
0.000389678
0.000360714
0.000315028
0.000254348
0.000181105
9.84761e-05
1.03448e-05
-7.89627e-05
-0.000165004
-0.000243491
-0.000310559
-0.000363031
-0.000398625
-0.000415987
-0.000414539
-0.000394384
-0.000356329
-0.000301903
-0.000233357
-0.000153692
-6.6642e-05
2.35183e-05
0.000112287
0.000195239
0.000268343
0.000328257
0.000372452
0.000399218
0.000407625
0.000397482
0.000369318
0.000324414
0.000264823
0.000193343
0.000113453
2.91275e-05
-5.54696e-05
-0.000136301
-0.000209671
-0.000272392
-0.000321935
-0.000356481
-0.000374857
-0.000376504
-0.000361549
-0.000330872
-0.000286094
-0.000229543
-0.000164133
-9.31574e-05
-2.00499e-05
5.18395e-05
0.000119432
0.000180038
0.000231391
0.000271657
0.000299489
0.000314077
0.000315161
0.000303059
0.000278678
0.000243481
0.000199398
0.000148668
9.36563e-05
3.66803e-05
-2.00445e-05
-7.43986e-05
-0.000124435
-0.000168443
-0.000204906
-0.000232495
-0.000250149
-0.000257255
-0.000253757
-0.000240172
-0.000217609
-0.000187759
-0.000152711
-0.000114676
-7.58e-05
-3.80812e-05
-3.23517e-06
2.7464e-05
5.31351e-05
7.30649e-05
8.6635e-05
9.34419e-05
9.33667e-05
8.65812e-05
7.35952e-05
5.5357e-05
3.32932e-05
9.14073e-06
-1.53125e-05
-3.84067e-05
-5.87366e-05
-7.5262e-05
-8.73262e-05
-9.45187e-05
-9.65012e-05
-9.29551e-05
-8.36567e-05
-6.86001e-05
-4.8099e-05
-2.29025e-05
5.69592e-06
3.59247e-05
6.58632e-05
9.37818e-05
0.000118205
0.000137908
0.000152015
0.000159976
0.000161412
0.000156028
0.000143677
0.000124515
9.91098e-05
6.84934e-05
3.41438e-05
-2.14467e-06
-3.84997e-05
-7.3222e-05
-0.000104964
-0.000132801
-0.000156118
-0.000174399
-0.000187159
-0.000193958
-0.000194387
-0.000188198
-0.000175557
-0.000157164
-0.000134122
-0.000107759
-7.95044e-05
-5.07218e-05
-2.26013e-05
3.81142e-06
2.75263e-05
4.75275e-05
6.27487e-05
7.21457e-05
7.4894e-05
7.06038e-05
5.94085e-05
4.19682e-05
1.94201e-05
-6.78661e-06
-3.51542e-05
-6.43177e-05
-9.30211e-05
-0.000120065
-0.000144322
-0.000164703
-0.00018012
-0.000189568
-0.000192321
-0.000188085
-0.000177018
-0.000159652
-0.000136781
-0.000109344
-7.8312e-05
-4.45915e-05
-9.03589e-06
2.74704e-05
6.39344e-05
9.92609e-05
0.000132347
0.000162184
0.000187946
0.000209052
0.000225141
0.000235973
0.000241339
0.000241057
0.000234977
0.000223047
0.000205486
0.000182898
0.000156167
0.000126342
9.45529e-05
6.18354e-05
2.8995e-05
-3.36268e-06
-3.47182e-05
-6.4522e-05
-9.20883e-05
-0.000116534
-0.00013688
-0.000152312
-0.000162373
-0.00016703
-0.000166663
-0.000162004
-0.000154044
-0.00014383
-0.000132281
-0.000120174
-0.000108232
-9.71574e-05
-8.75806e-05
-8.00194e-05
-7.48822e-05
-7.23991e-05
-7.2499e-05
-7.48007e-05
-7.877e-05
-8.38111e-05
-8.91687e-05
-9.3941e-05
-9.72456e-05
-9.82548e-05
-9.61726e-05
-9.03163e-05
-8.02389e-05
-6.57882e-05
-4.71082e-05
-2.46437e-05
9.17831e-07
2.87842e-05
5.8163e-05
8.82898e-05
0.000118419
0.000147811
0.00017574
0.000201496
0.000224377
0.000243694
0.000258809
0.000269162
0.00027436
0.000274257
0.000268899
0.000268899
0.000258455
0.000243204
0.000223509
0.000199859
0.000172891
0.000143272
0.000111625
7.85389e-05
4.45356e-05
1.00817e-05
-2.4322e-05
-5.81418e-05
-9.08277e-05
-0.000121751
-0.000150169
-0.000175341
-0.000196707
-0.000213916
-0.000226755
-0.00023511
-0.000238916
-0.000238174
-0.000232984
-0.000223453
-0.000209688
-0.000191914
-0.000170503
-0.000145995
-0.000119148
-9.08395e-05
-6.19273e-05
-3.31898e-05
-5.2872e-06
2.12498e-05
4.59926e-05
6.8609e-05
8.88366e-05
0.000106397
0.000120941
0.000132104
0.000139642
0.00014349
0.000143763
0.000140739
0.000134821
0.000126495
0.000116306
0.000104807
9.25651e-05
8.01913e-05
6.83139e-05
5.74748e-05
4.80863e-05
4.04719e-05
3.48507e-05
3.12662e-05
2.95905e-05
2.95956e-05
3.09746e-05
3.32847e-05
3.59418e-05
3.82799e-05
3.95824e-05
3.91378e-05
3.63361e-05
3.07229e-05
2.20164e-05
1.01095e-05
-4.9411e-06
-2.29017e-05
-4.33104e-05
-6.54401e-05
-8.83073e-05
-0.000110686
-0.000131169
-0.000148423
-0.00016141
-0.000169335
-0.000171601
-0.000167942
-0.00015846
-0.000143482
-0.000123457
-9.89978e-05
-7.09762e-05
-4.05375e-05
-9.06803e-06
2.18782e-05
5.07194e-05
7.6003e-05
9.65501e-05
0.000111547
0.000120562
0.000123503
0.000120536
0.00011204
9.85562e-05
8.07497e-05
5.94384e-05
3.56448e-05
1.05738e-05
-1.44812e-05
-3.82415e-05
-5.95344e-05
-7.73686e-05
-9.09622e-05
-9.97086e-05
-0.000103133
-0.000100886
-9.2756e-05
-7.87002e-05
-5.89517e-05
-3.41362e-05
-5.28264e-06
2.62237e-05
5.86877e-05
9.02353e-05
0.000119109
0.000143898
0.00016346
0.000176816
0.000183198
0.000182019
0.000172846
0.000155483
0.000130126
9.75054e-05
5.89453e-05
1.63012e-05
-2.8245e-05
-7.24833e-05
-0.000114379
-0.00015218
-0.000184473
-0.000210136
-0.000228249
-0.000238045
-0.000238929
-0.000230557
-0.000212961
-0.000186652
-0.00015269
-0.000112646
-6.83904e-05
-2.18747e-05
2.49718e-05
7.02946e-05
0.000112377
0.000149692
0.000180882
0.000204738
0.000220254
0.000226749
0.000223975
0.000212204
0.000192217
0.000165235
0.000132812
9.67128e-05
5.8765e-05
2.07799e-05
-1.5465e-05
-4.82671e-05
-7.60835e-05
-9.76004e-05
-0.000111802
-0.00011805
-0.000116149
-0.000106377
-8.94483e-05
-6.64259e-05
-3.86048e-05
-7.39979e-06
2.57268e-05
5.93169e-05
9.19595e-05
0.000122317
0.000149142
0.000171311
0.000187928
0.000198402
0.000202442
0.000200037
0.000191444
0.000177173
0.00015794
0.000134591
0.00010808
7.94574e-05
4.98894e-05
2.06518e-05
-6.93506e-06
-3.1591e-05
-5.214e-05
-6.75886e-05
-7.72292e-05
-8.06794e-05
-7.78136e-05
-6.87226e-05
-5.37353e-05
-3.34192e-05
-8.58961e-06
1.96575e-05
4.9944e-05
8.06692e-05
0.00011011
0.00013655
0.000158471
0.000174692
0.000184345
0.000186855
0.000181944
0.000169606
0.000150089
0.000123927
9.19783e-05
5.54287e-05
1.57515e-05
-2.53697e-05
-6.61804e-05
-0.000105016
-0.000140421
-0.000171221
-0.000196564
-0.000215906
-0.000228961
-0.000235658
-0.000236156
-0.000230875
-0.00022048
-0.00020587
-0.000188157
-0.000168615
-0.000148565
-0.000129267
-0.000111827
-9.71451e-05
-8.5919e-05
-7.86759e-05
-7.57446e-05
-7.72405e-05
-8.3065e-05
-9.28796e-05
-0.000106122
-0.000122056
-0.000139801
-0.000158386
-0.000176826
-0.000194179
-0.000209569
-0.00022218
-0.000231238
-0.000236033
-0.000235967
-0.000230613
-0.00021981
-0.000203752
-0.000182969
-0.000158256
-0.000130653
-0.000101373
-7.16322e-05
-4.25178e-05
-1.50189e-05
9.91422e-06
3.14001e-05
4.86593e-05
6.10275e-05
6.80062e-05
6.9354e-05
6.51647e-05
5.58771e-05
4.22403e-05
2.52559e-05
6.08158e-06
-1.40663e-05
-3.39756e-05
-5.24767e-05
-6.84724e-05
-8.10135e-05
-8.93865e-05
-9.31147e-05
-9.1943e-05
-8.58762e-05
-7.51886e-05
-6.03636e-05
-4.20418e-05
-2.1028e-05
1.71882e-06
2.51454e-05
4.81467e-05
6.96064e-05
8.84689e-05
0.000103821
0.000114959
0.000121422
0.000123006
0.000119769
0.000112032
0.000100338
8.54072e-05
6.81117e-05
4.9438e-05
3.04232e-05
1.21018e-05
-4.5086e-06
-1.84336e-05
-2.88045e-05
-3.49134e-05
-3.62501e-05
-3.25348e-05
-2.37321e-05
-1.00608e-05
7.99522e-06
2.96876e-05
5.40351e-05
7.99052e-05
0.000106104
0.000131429
0.000154729
0.000174956
0.000191222
0.000191222
0.000202814
0.000209166
0.000209846
0.000204573
0.000193235
0.000175965
0.000153235
0.000125834
9.47869e-05
6.13106e-05
2.67621e-05
-7.44507e-06
-3.99422e-05
-6.94753e-05
-9.49203e-05
-0.000115285
-0.000129729
-0.000137633
-0.000138641
-0.000132659
-0.000119883
-0.000100834
-7.63042e-05
-4.72963e-05
-1.4992e-05
1.92937e-05
5.41898e-05
8.83455e-05
0.000120474
0.000149385
0.000174026
0.000193526
0.00020721
0.000214594
0.000215404
0.000209656
0.000197724
0.00018029
0.000158272
0.000132804
0.000105176
7.66978e-05
4.86009e-05
2.20386e-05
-1.89811e-06
-2.22116e-05
-3.80415e-05
-4.87136e-05
-5.38102e-05
-5.32465e-05
-4.73123e-05
-3.6654e-05
-2.22059e-05
-5.07225e-06
1.35812e-05
3.25757e-05
5.07736e-05
6.71438e-05
8.07825e-05
9.08882e-05
9.67693e-05
9.79245e-05
9.4111e-05
8.53668e-05
7.20622e-05
5.49285e-05
3.49798e-05
1.3403e-05
-8.53719e-06
-2.95881e-05
-4.85884e-05
-6.45486e-05
-7.66685e-05
-8.42611e-05
-8.67362e-05
-8.36646e-05
-7.48227e-05
-6.02565e-05
-4.03846e-05
-1.60717e-05
1.13887e-05
4.03664e-05
6.90346e-05
9.56258e-05
0.000118662
0.00013694
0.000149471
0.000155498
0.00015446
0.000145953
0.000129787
0.000106135
7.56841e-05
3.97426e-05
2.41936e-07
-4.05164e-05
-8.02475e-05
-0.000116863
-0.000148552
-0.000173901
-0.00019191
-0.000201896
-0.000203408
-0.000196201
-0.000180306
-0.000156155
-0.000124675
-8.73074e-05
-4.59221e-05
-2.64631e-06
4.03669e-05
8.11555e-05
0.000118071
0.000149815
0.000175416
0.000194191
0.0002057
0.000209726
0.00020631
0.000195825
0.000179023
0.000157031
0.000131265
0.000103291
7.46499e-05
4.67599e-05
2.08851e-05
-1.89322e-06
-2.0676e-05
-3.47207e-05
-4.34443e-05
-4.64593e-05
-4.36349e-05
-3.51688e-05
-2.1639e-05
-4.04157e-06
1.62205e-05
3.74959e-05
5.81291e-05
7.65913e-05
9.1538e-05
0.000101914
0.000107027
0.000106502
0.000100144
8.78687e-05
6.97587e-05
4.61196e-05
1.74979e-05
-1.52845e-05
-5.10859e-05
-8.84807e-05
-0.00012589
-0.000161692
-0.000194286
-0.000222229
-0.00024442
-0.000260151
-0.000269012
-0.000270847
-0.000265735
-0.000253974
-0.000236042
-0.000212571
-0.000184386
-0.000152551
-0.000118357
-8.32851e-05
-4.89367e-05
-1.68978e-05
1.13959e-05
3.47595e-05
5.23103e-05
6.34852e-05
6.80329e-05
6.59881e-05
5.76388e-05
4.35006e-05
2.43307e-05
1.17201e-06
-2.46462e-05
-5.15767e-05
-7.79494e-05
-0.000102083
-0.000122444
-0.000137829
-0.000147473
-0.000150988
-0.000148298
-0.000139624
-0.000125419
-0.000106256
-8.28429e-05
-5.61399e-05
-2.73976e-05
1.94027e-06
3.03407e-05
5.63119e-05
7.85725e-05
9.61908e-05
0.000108639
0.000115756
0.000117675
0.00011471
0.000107289
9.59393e-05
8.12961e-05
6.41048e-05
4.52094e-05
2.55419e-05
6.09505e-06
-1.21738e-05
-2.84481e-05
-4.21104e-05
-5.27643e-05
-6.02109e-05
-6.44102e-05
-6.54688e-05
-6.36147e-05
-5.91594e-05
-5.24709e-05
-4.39477e-05
-3.40125e-05
-2.31253e-05
-1.17752e-05
-4.3909e-07
1.04435e-05
2.0464e-05
2.92621e-05
3.65784e-05
4.22726e-05
4.63064e-05
4.87348e-05
4.9695e-05
4.93733e-05
4.79648e-05
4.56629e-05
4.2676e-05
3.92289e-05
3.5568e-05
3.19711e-05
2.87347e-05
2.61472e-05
2.4455e-05
2.38353e-05
2.4401e-05
2.62279e-05
2.93857e-05
3.396e-05
4.00672e-05
4.78215e-05
5.71877e-05
6.78403e-05
7.91915e-05
9.04847e-05
0.00010084
0.000109368
0.000115402
0.000118616
0.00011886
0.000116026
0.000110041
0.000100819
8.81978e-05
7.20514e-05
5.24751e-05
2.99021e-05
5.08854e-06
-2.09577e-05
-4.70854e-05
-7.21564e-05
-9.51849e-05
-0.000115391
-0.000132155
-0.000144954
-0.000153385
-0.000157185
-0.000156174
-0.000150255
-0.000139517
-0.000124282
-0.000105092
-8.26831e-05
-5.79238e-05
-3.1735e-05
-5.03043e-06
2.13276e-05
4.65278e-05
6.97798e-05
9.03164e-05
0.000107422
0.000120431
0.000128754
0.000132018
0.000130192
0.00012354
0.000112526
9.77835e-05
8.00453e-05
6.0053e-05
3.85299e-05
1.62046e-05
-6.14967e-06
-2.76985e-05
-4.75644e-05
-6.48747e-05
-7.88482e-05
-8.88932e-05
-9.46603e-05
-9.6023e-05
-9.30236e-05
-8.58572e-05
-7.48783e-05
-6.05581e-05
-4.34438e-05
-2.41844e-05
-3.57414e-06
1.74538e-05
3.79076e-05
5.68276e-05
7.33414e-05
8.67306e-05
8.67306e-05
9.64941e-05
0.000102363
0.000104265
0.000102273
9.6577e-05
8.74975e-05
7.54829e-05
6.11079e-05
4.50899e-05
2.82873e-05
1.16158e-05
-4.08335e-06
-1.81477e-05
-3.01181e-05
-3.97049e-05
-4.67876e-05
-5.14063e-05
-5.36913e-05
-5.3828e-05
-5.20796e-05
-4.88091e-05
-4.44935e-05
-3.97175e-05
-3.51255e-05
-3.13324e-05
-2.88137e-05
-2.78264e-05
-2.84012e-05
-3.03951e-05
-3.35445e-05
-3.75177e-05
-4.20201e-05
-4.68566e-05
-5.1852e-05
-5.67756e-05
-6.13509e-05
-6.52523e-05
-6.8095e-05
-6.94897e-05
-6.91589e-05
-6.70097e-05
-6.31257e-05
-5.77356e-05
-5.11624e-05
-4.37512e-05
-3.58088e-05
-2.7574e-05
-1.92414e-05
-1.1001e-05
-3.05874e-06
4.35318e-06
1.09771e-05
1.65588e-05
2.08994e-05
2.39033e-05
2.55858e-05
2.60473e-05
2.54479e-05
2.39849e-05
2.18525e-05
1.92124e-05
1.61849e-05
1.28418e-05
9.22032e-06
5.35734e-06
1.28836e-06
-2.96596e-06
-7.36429e-06
-1.18439e-05
-1.63891e-05
-2.10477e-05
-2.5896e-05
-3.10269e-05
-3.65391e-05
-4.25062e-05
-4.8943e-05
-5.5792e-05
-6.29374e-05
-7.02368e-05
-7.75506e-05
-8.47619e-05
-9.17877e-05
-9.85642e-05
-0.000105009
-0.000111003
-0.000116414
-0.000121125
-0.000125042
-0.000128099
-0.000130286
-0.000131658
-0.000132307
-0.000132352
-0.000131908
-0.000131069
-0.000129898
-0.000128394
-0.000126502
-0.000124151
-0.000121276
-0.000117796
-0.000113588
-0.000108453
-0.000102127
-9.43502e-05
-8.48809e-05
-7.35281e-05
-6.02424e-05
-4.51736e-05
-2.8634e-05
-1.10042e-05
7.32521e-06
2.59629e-05
4.45234e-05
6.25947e-05
7.96946e-05
9.52773e-05
0.000108766
0.000119605
0.000127326
0.000131597
0.000132275
0.000129429
0.000123287
0.000114155
0.000102367
8.82665e-05
7.22215e-05
5.46608e-05
3.60768e-05
1.7014e-05
-1.94166e-06
-2.01941e-05
-3.71913e-05
-5.2473e-05
-6.56852e-05
-7.65527e-05
-8.48069e-05
-9.01053e-05
-9.20733e-05
-9.04496e-05
-8.51347e-05
-7.61839e-05
-6.38681e-05
-4.8695e-05
-3.1325e-05
-1.2455e-05
7.25932e-06
2.72146e-05
4.68297e-05
6.55022e-05
8.25799e-05
9.73738e-05
0.000109203
0.000117484
0.000121824
0.000122086
0.000118398
0.000111131
0.000100844
8.81908e-05
7.38453e-05
5.84752e-05
4.27552e-05
2.73654e-05
1.29868e-05
2.88179e-07
-1.01155e-05
-1.77316e-05
-2.22419e-05
-2.35157e-05
-2.16146e-05
-1.67796e-05
-9.38072e-06
1.23191e-07
1.12183e-05
2.33605e-05
3.59647e-05
4.84094e-05
6.00694e-05
7.03433e-05
7.87108e-05
8.48065e-05
8.84488e-05
8.964e-05
8.85563e-05
8.55073e-05
8.08667e-05
7.50219e-05
6.83774e-05
6.13667e-05
5.44397e-05
4.80626e-05
4.27185e-05
3.88758e-05
3.69102e-05
3.70282e-05
3.92323e-05
4.33169e-05
4.89221e-05
5.56349e-05
6.30381e-05
7.07183e-05
7.82886e-05
8.53902e-05
9.16565e-05
9.66915e-05
0.000100085
0.000101453
0.000100494
9.70583e-05
9.11792e-05
8.30621e-05
7.30297e-05
6.14616e-05
4.87561e-05
3.53043e-05
2.14813e-05
7.66186e-06
-5.75657e-06
-1.83414e-05
-2.96214e-05
-3.90973e-05
-4.63153e-05
-5.09648e-05
-5.29031e-05
-5.21355e-05
-4.87949e-05
-4.30844e-05
-3.52277e-05
-2.54628e-05
-1.40453e-05
-1.27324e-06
1.24702e-05
2.66916e-05
4.08028e-05
5.41899e-05
6.62936e-05
7.66686e-05
8.50183e-05
9.119e-05
9.51449e-05
9.69186e-05
9.6582e-05
9.42348e-05
9.00258e-05
8.41651e-05
7.69376e-05
6.87212e-05
5.99734e-05
5.11821e-05
4.28031e-05
3.51858e-05
2.85007e-05
2.27078e-05
1.75991e-05
1.29032e-05
8.3955e-06
3.99557e-06
-1.93975e-07
-3.98611e-06
-7.25535e-06
-9.99091e-06
-1.23019e-05
-1.44183e-05
-1.66293e-05
-1.91601e-05
-2.20556e-05
-2.51674e-05
-2.82506e-05
-3.10735e-05
-3.35048e-05
-3.55806e-05
-3.75074e-05
-3.95764e-05
-4.20476e-05
-4.50796e-05
-4.87073e-05
-5.28516e-05
-5.73656e-05
-6.21059e-05
-6.6973e-05
-7.18741e-05
-7.66651e-05
-8.11452e-05
-8.50551e-05
-8.8066e-05
-8.98167e-05
-8.99853e-05
-8.8361e-05
-8.48734e-05
-7.95411e-05
-7.24268e-05
-6.36384e-05
-5.33311e-05
-4.17223e-05
-2.91256e-05
-1.59661e-05
-2.76274e-06
9.90637e-06
2.14552e-05
3.13705e-05
3.92758e-05
4.49375e-05
4.82555e-05
4.92504e-05
4.80287e-05
4.47503e-05
3.96287e-05
3.29558e-05
2.51136e-05
1.65679e-05
7.85658e-06
-4.52274e-07
-7.81648e-06
-1.37705e-05
-1.79733e-05
-2.02345e-05
-2.0512e-05
-1.88917e-05
-1.55617e-05
-1.08052e-05
-1.08052e-05
-4.98907e-06
1.44576e-06
7.98962e-06
1.41157e-05
1.93287e-05
2.31564e-05
2.51789e-05
2.51067e-05
2.28129e-05
1.83009e-05
1.16683e-05
3.1089e-06
-7.08421e-06
-1.85446e-05
-3.08409e-05
-4.34827e-05
-5.59509e-05
-6.77226e-05
-7.82996e-05
-8.72458e-05
-9.42078e-05
-9.89246e-05
-0.000101237
-0.000101077
-9.84354e-05
-9.33265e-05
-8.57723e-05
-7.58371e-05
-6.36881e-05
-4.95782e-05
-3.38195e-05
-1.68011e-05
1.0181e-06
1.91149e-05
3.69047e-05
5.37859e-05
6.91773e-05
8.25258e-05
9.33249e-05
0.000101176
0.000105833
0.000107165
0.000105136
9.98387e-05
9.14842e-05
8.03798e-05
6.69446e-05
5.17272e-05
3.53943e-05
1.86803e-05
2.31672e-06
-1.30368e-05
-2.68522e-05
-3.87619e-05
-4.85522e-05
-5.61404e-05
-6.15438e-05
-6.4823e-05
-6.60359e-05
-6.52487e-05
-6.25683e-05
-5.81499e-05
-5.2206e-05
-4.50569e-05
-3.71392e-05
-2.88925e-05
-2.06723e-05
-1.27556e-05
-5.33204e-06
1.50518e-06
7.7119e-06
1.32257e-05
1.79276e-05
2.16358e-05
2.41272e-05
2.52066e-05
2.47854e-05
2.29135e-05
1.97662e-05
1.55992e-05
1.06912e-05
5.29783e-06
-3.68666e-07
-6.1312e-06
-1.18226e-05
-1.72498e-05
-2.21613e-05
-2.62653e-05
-2.92818e-05
-3.09837e-05
-3.12382e-05
-3.00399e-05
-2.75126e-05
-2.38833e-05
-1.94259e-05
-1.44137e-05
-9.10954e-06
-3.7657e-06
1.36604e-06
6.02543e-06
9.94364e-06
1.28369e-05
1.44376e-05
1.45566e-05
1.31189e-05
1.01772e-05
5.90424e-06
5.60884e-07
-5.54879e-06
-1.21127e-05
-1.8831e-05
-2.54287e-05
-3.16483e-05
-3.72305e-05
-4.19142e-05
-4.54492e-05
-4.76302e-05
-4.83493e-05
-4.76285e-05
-4.56254e-05
-4.26119e-05
-3.89315e-05
-3.49583e-05
-3.10433e-05
-2.74755e-05
-2.4508e-05
-2.23748e-05
-2.12663e-05
-2.13177e-05
-2.26151e-05
-2.51911e-05
-2.90022e-05
-3.39033e-05
-3.96483e-05
-4.58953e-05
-5.22217e-05
-5.81609e-05
-6.32417e-05
-6.70252e-05
-6.91307e-05
-6.92523e-05
-6.71931e-05
-6.28787e-05
-5.63257e-05
-4.76324e-05
-3.70155e-05
-2.48326e-05
-1.15446e-05
2.33647e-06
1.6253e-05
2.96175e-05
4.18655e-05
5.24845e-05
6.10412e-05
6.72129e-05
7.07897e-05
7.16878e-05
6.9977e-05
6.58753e-05
5.97145e-05
5.19092e-05
4.29339e-05
3.32872e-05
2.34562e-05
1.39049e-05
5.08129e-06
-2.58355e-06
-8.71332e-06
-1.30228e-05
-1.53243e-05
-1.55424e-05
-1.37269e-05
-1.00276e-05
-4.65343e-06
2.15927e-06
1.0168e-05
1.91422e-05
2.88401e-05
3.89664e-05
4.91905e-05
5.91741e-05
6.85573e-05
7.69724e-05
8.40968e-05
8.96914e-05
9.36025e-05
9.57547e-05
9.61432e-05
9.48156e-05
9.18654e-05
8.74269e-05
8.16707e-05
7.48186e-05
6.71509e-05
5.89916e-05
5.06982e-05
4.2652e-05
3.52269e-05
2.8748e-05
2.34716e-05
1.95813e-05
1.71877e-05
1.63324e-05
1.69888e-05
1.90678e-05
2.24344e-05
2.68946e-05
3.21728e-05
3.79274e-05
4.37767e-05
4.93069e-05
5.41015e-05
5.77948e-05
6.0112e-05
6.08894e-05
6.00714e-05
5.7687e-05
5.38375e-05
4.86892e-05
4.24368e-05
3.52905e-05
2.75175e-05
1.94542e-05
1.14793e-05
3.9919e-06
-2.63057e-06
-8.08211e-06
-1.21632e-05
-1.48003e-05
-1.60298e-05
-1.59544e-05
-1.46929e-05
-1.23575e-05
-9.06995e-06
-4.97903e-06
-2.69583e-07
4.81935e-06
9.9896e-06
1.49174e-05
1.93063e-05
2.29177e-05
2.55742e-05
2.71552e-05
2.75872e-05
2.68336e-05
2.48737e-05
2.16906e-05
1.73034e-05
1.18e-05
5.34479e-06
-1.82208e-06
-9.40515e-06
-1.70899e-05
-2.45659e-05
-3.15501e-05
-3.78116e-05
-4.31674e-05
-4.74681e-05
-5.06093e-05
-5.25467e-05
-5.32998e-05
-5.29545e-05
-5.16628e-05
-4.96406e-05
-4.71562e-05
-4.45094e-05
-4.20021e-05
-3.99147e-05
-3.85023e-05
-3.79884e-05
-3.85527e-05
-4.03299e-05
-4.34055e-05
-4.78005e-05
-5.34633e-05
-6.02572e-05
-6.79425e-05
-7.61587e-05
-8.44138e-05
-9.21532e-05
-9.88755e-05
-0.000104152
-0.000107612
-0.000108979
-0.00010809
-0.000104882
-9.93802e-05
-9.16866e-05
-8.19852e-05
-7.05726e-05
-5.78726e-05
-4.4403e-05
-3.07428e-05
-1.75134e-05
-5.32051e-06
5.30629e-06
1.39317e-05
2.02269e-05
2.39885e-05
2.51468e-05
2.37524e-05
1.99558e-05
1.40029e-05
6.23403e-06
-2.9362e-06
-1.30385e-05
-2.35597e-05
-3.39661e-05
-4.3728e-05
-5.23421e-05
-5.93691e-05
-6.44566e-05
-6.73376e-05
-6.78361e-05
-6.58603e-05
-6.13895e-05
-5.44851e-05
-4.53011e-05
-3.40759e-05
-2.11319e-05
-6.87732e-06
8.18899e-06
8.18899e-06
2.34911e-05
3.84345e-05
5.24546e-05
6.50316e-05
7.57186e-05
8.41768e-05
9.01815e-05
9.3598e-05
9.43699e-05
9.25541e-05
8.83521e-05
8.21023e-05
7.42622e-05
6.53844e-05
5.60651e-05
4.6859e-05
3.81906e-05
3.03465e-05
2.35431e-05
1.79517e-05
1.36839e-05
1.08114e-05
9.37402e-06
9.34097e-06
1.05667e-05
1.27817e-05
1.5636e-05
1.87716e-05
2.18868e-05
2.4762e-05
2.72508e-05
2.92825e-05
3.08404e-05
3.18894e-05
3.23337e-05
3.20377e-05
3.08734e-05
2.87582e-05
2.56738e-05
2.16849e-05
1.69419e-05
1.16525e-05
6.03721e-06
2.92558e-07
-5.4195e-06
-1.09639e-05
-1.62166e-05
-2.1046e-05
-2.5301e-05
-2.88273e-05
-3.15248e-05
-3.34162e-05
-3.46799e-05
-3.56056e-05
-3.65003e-05
-3.76393e-05
-3.92326e-05
-4.13536e-05
-4.39205e-05
-4.67995e-05
-4.99209e-05
-5.32792e-05
-5.68919e-05
-6.07711e-05
-6.48541e-05
-6.89421e-05
-7.27016e-05
-7.57169e-05
-7.7591e-05
-7.80407e-05
-7.69468e-05
-7.43803e-05
-7.05731e-05
-6.58145e-05
-6.03604e-05
-5.44105e-05
-4.81129e-05
-4.1584e-05
-3.49625e-05
-2.84631e-05
-2.23787e-05
-1.70304e-05
-1.26827e-05
-9.45689e-06
-7.30615e-06
-6.04045e-06
-5.36124e-06
-4.92313e-06
-4.41115e-06
-3.59497e-06
-2.32191e-06
-4.52149e-07
2.18559e-06
5.79737e-06
1.06129e-05
1.68306e-05
2.45184e-05
3.35264e-05
4.34629e-05
5.37202e-05
6.35447e-05
7.22127e-05
7.91925e-05
8.41202e-05
8.67369e-05
8.68735e-05
8.43941e-05
7.91482e-05
7.09822e-05
5.98106e-05
4.57385e-05
2.91583e-05
1.07696e-05
-8.5062e-06
-2.76898e-05
-4.58763e-05
-6.23142e-05
-7.6451e-05
-8.79085e-05
-9.64173e-05
-0.00010177
-0.000103791
-0.000102351
-9.7434e-05
-8.92208e-05
-7.81274e-05
-6.48022e-05
-5.00578e-05
-3.47579e-05
-1.97158e-05
-5.61514e-06
7.04018e-06
1.7908e-05
2.67505e-05
3.33998e-05
3.77397e-05
3.9704e-05
3.93035e-05
3.66714e-05
3.21079e-05
2.60803e-05
1.91515e-05
1.18865e-05
4.80082e-06
-1.66598e-06
-7.18018e-06
-1.15135e-05
-1.45034e-05
-1.60201e-05
-1.59515e-05
-1.42087e-05
-1.07535e-05
-5.62995e-06
1.02499e-06
8.99049e-06
1.79704e-05
2.76223e-05
3.76156e-05
4.76569e-05
5.74825e-05
6.68571e-05
7.55587e-05
8.3354e-05
9.00051e-05
9.52866e-05
9.90064e-05
0.000101045
0.000101391
0.000100139
9.74654e-05
9.36027e-05
8.88093e-05
8.3338e-05
7.74207e-05
7.12735e-05
6.51128e-05
5.9169e-05
5.36758e-05
4.88558e-05
4.49131e-05
4.20057e-05
4.02027e-05
3.94794e-05
3.97429e-05
4.08461e-05
4.26079e-05
4.48429e-05
4.73668e-05
4.99955e-05
5.25484e-05
5.48427e-05
5.66921e-05
5.79149e-05
5.8348e-05
5.78674e-05
5.64035e-05
5.39456e-05
5.05396e-05
4.6282e-05
4.13095e-05
3.57905e-05
2.99124e-05
2.38708e-05
1.78678e-05
1.21055e-05
6.77739e-06
2.06095e-06
-1.89003e-06
-4.95411e-06
-7.0546e-06
-8.16649e-06
-8.31307e-06
-7.56258e-06
-6.01885e-06
-3.79939e-06
-1.01761e-06
2.21338e-06
5.77422e-06
9.54318e-06
1.33945e-05
1.71979e-05
2.08171e-05
2.41092e-05
2.69372e-05
2.91716e-05
3.06792e-05
3.13245e-05
3.09982e-05
2.96471e-05
2.72545e-05
2.38195e-05
1.93791e-05
1.401e-05
7.80404e-06
8.65889e-07
-6.67447e-06
-1.46476e-05
-2.28249e-05
-3.08982e-05
-3.84952e-05
-4.52387e-05
-5.07961e-05
-5.49063e-05
-5.73944e-05
-5.81693e-05
-5.72189e-05
-5.45846e-05
-5.0314e-05
-4.44556e-05
-3.70862e-05
-2.83284e-05
-1.83882e-05
-7.58907e-06
3.65599e-06
1.48939e-05
2.56675e-05
3.55595e-05
4.42448e-05
5.15277e-05
5.73352e-05
6.1681e-05
6.46502e-05
6.63877e-05
6.70512e-05
6.67913e-05
6.58039e-05
6.43552e-05
6.2726e-05
6.11381e-05
5.97277e-05
5.85732e-05
5.76965e-05
5.70371e-05
5.64708e-05
5.58484e-05
5.50285e-05
5.38836e-05
5.22598e-05
4.99702e-05
4.68299e-05
4.26687e-05
3.73612e-05
3.08823e-05
2.33336e-05
1.49324e-05
5.97533e-06
-3.19417e-06
-1.22338e-05
-2.08672e-05
-2.89036e-05
-3.62172e-05
-4.27341e-05
-4.84215e-05
-5.3258e-05
-5.71956e-05
-6.01603e-05
-6.20959e-05
-6.2987e-05
-6.28626e-05
-6.18332e-05
-6.01144e-05
-5.797e-05
-5.56418e-05
-5.33292e-05
-5.11802e-05
-4.92769e-05
-4.76458e-05
-4.62928e-05
-4.52444e-05
-4.45619e-05
-4.43326e-05
-4.4644e-05
-4.55448e-05
-4.70082e-05
-4.89276e-05
-5.11399e-05
-5.34559e-05
-5.56983e-05
-5.77266e-05
-5.9434e-05
-6.07482e-05
-6.16267e-05
-6.16267e-05
-6.20342e-05
-6.19414e-05
-6.13292e-05
-6.01932e-05
-5.85668e-05
-5.65371e-05
-5.42575e-05
-5.1941e-05
-4.97602e-05
-4.7793e-05
-4.61259e-05
-4.48699e-05
-4.40583e-05
-4.36632e-05
-4.3652e-05
-4.39682e-05
-4.45333e-05
-4.52608e-05
-4.60449e-05
-4.67628e-05
-4.73005e-05
-4.75697e-05
-4.75133e-05
-4.71105e-05
-4.63635e-05
-4.52752e-05
-4.38549e-05
-4.21423e-05
-4.0212e-05
-3.81534e-05
-3.60585e-05
-3.40323e-05
-3.21896e-05
-3.06249e-05
-2.94011e-05
-2.85478e-05
-2.80455e-05
-2.78294e-05
-2.7824e-05
-2.79638e-05
-2.81829e-05
-2.84129e-05
-2.85914e-05
-2.8652e-05
-2.85166e-05
-2.80949e-05
-2.72854e-05
-2.59914e-05
-2.41421e-05
-2.1705e-05
-1.86927e-05
-1.51564e-05
-1.1173e-05
-6.82851e-06
-2.20532e-06
2.61329e-06
7.53174e-06
1.24304e-05
1.71514e-05
2.14877e-05
2.51922e-05
2.80288e-05
2.98248e-05
3.04748e-05
2.99331e-05
2.82122e-05
2.53708e-05
2.15103e-05
1.67766e-05
1.13643e-05
5.52652e-06
-4.18486e-07
-6.09839e-06
-1.11371e-05
-1.52214e-05
-1.81251e-05
-1.97118e-05
-1.99452e-05
-1.88723e-05
-1.65764e-05
-1.31504e-05
-8.71949e-06
-3.47134e-06
2.34456e-06
8.41879e-06
1.43852e-05
1.98572e-05
2.44947e-05
2.80548e-05
3.04139e-05
3.15719e-05
3.16137e-05
3.0654e-05
2.88182e-05
2.62368e-05
2.30389e-05
1.93698e-05
1.54025e-05
1.1328e-05
7.34618e-06
3.64401e-06
3.57025e-07
-2.45075e-06
-4.76974e-06
-6.62065e-06
-8.05631e-06
-9.1579e-06
-1.0001e-05
-1.06376e-05
-1.11056e-05
-1.14296e-05
-1.16181e-05
-1.16723e-05
-1.1585e-05
-1.13473e-05
-1.09719e-05
-1.04954e-05
-9.95825e-06
-9.4007e-06
-8.86213e-06
-8.37244e-06
-7.95031e-06
-7.61267e-06
-7.38767e-06
-7.31375e-06
-7.42516e-06
-7.73725e-06
-8.24226e-06
-8.91488e-06
-9.7059e-06
-1.05423e-05
-1.13585e-05
-1.21271e-05
-1.28605e-05
-1.35909e-05
-1.4356e-05
-1.51937e-05
-1.61312e-05
-1.71719e-05
-1.82869e-05
-1.94254e-05
-2.05426e-05
-2.16064e-05
-2.25811e-05
-2.34263e-05
-2.41093e-05
-2.45944e-05
-2.48167e-05
-2.46892e-05
-2.41325e-05
-2.30854e-05
-2.15094e-05
-1.94065e-05
-1.68333e-05
-1.38933e-05
-1.07155e-05
-7.44465e-06
-4.22477e-06
-1.17636e-06
1.6106e-06
4.0844e-06
6.25031e-06
8.18488e-06
1.00162e-05
1.18724e-05
1.38676e-05
1.61156e-05
1.87055e-05
2.16627e-05
2.49459e-05
2.84905e-05
3.22499e-05
3.61826e-05
4.02298e-05
4.43178e-05
4.83558e-05
5.22143e-05
5.5708e-05
5.86287e-05
6.0791e-05
6.205e-05
6.23248e-05
6.16241e-05
6.00332e-05
5.76667e-05
5.4621e-05
5.09552e-05
4.67078e-05
4.1925e-05
3.66754e-05
3.10562e-05
2.52077e-05
1.93191e-05
1.36132e-05
8.30605e-06
3.57402e-06
-4.47433e-07
-3.65565e-06
-5.97702e-06
-7.36143e-06
-7.77256e-06
-7.182e-06
-5.58366e-06
-3.01919e-06
3.94611e-07
4.44939e-06
8.86021e-06
1.32929e-05
1.73951e-05
2.08361e-05
2.33399e-05
2.47056e-05
2.48023e-05
2.35478e-05
2.09042e-05
1.68991e-05
1.16531e-05
5.38653e-06
-1.59737e-06
-8.93056e-06
-1.61999e-05
-2.29802e-05
-2.88763e-05
-3.35643e-05
-3.68141e-05
-3.84808e-05
-3.84894e-05
-3.68366e-05
-3.35965e-05
-2.89067e-05
-2.29645e-05
-1.60548e-05
-8.53992e-06
-8.13946e-07
6.71051e-06
1.36212e-05
1.95538e-05
2.42235e-05
2.74339e-05
2.9074e-05
2.91135e-05
2.75972e-05
2.46343e-05
2.03898e-05
1.50779e-05
8.9605e-06
2.34913e-06
-4.41621e-06
-1.09921e-05
-1.70395e-05
-2.22411e-05
-2.63295e-05
-2.91029e-05
-3.04306e-05
-3.02588e-05
-2.86099e-05
-2.55773e-05
-2.13166e-05
-1.60358e-05
-9.98504e-06
-3.4385e-06
3.32139e-06
1.00123e-05
1.63761e-05
2.21996e-05
2.72997e-05
3.15144e-05
3.47294e-05
3.68912e-05
3.79924e-05
3.80744e-05
3.72406e-05
3.5644e-05
3.34712e-05
3.09299e-05
2.82119e-05
2.54536e-05
2.2735e-05
2.0101e-05
1.75794e-05
1.51931e-05
1.29684e-05
1.09343e-05
9.11486e-06
7.51313e-06
6.093e-06
4.77206e-06
3.43689e-06
1.99007e-06
4.01928e-07
-1.26623e-06
-2.86566e-06
-4.18748e-06
-5.00537e-06
-5.1227e-06
-4.42284e-06
-2.88119e-06
-5.24708e-07
2.59e-06
6.34801e-06
1.0541e-05
1.48938e-05
1.91255e-05
2.29328e-05
2.59587e-05
2.78392e-05
2.82608e-05
2.7023e-05
2.41069e-05
1.96925e-05
1.41412e-05
7.98742e-06
1.89221e-06
-3.50827e-06
-7.69855e-06
-1.02094e-05
-1.06151e-05
-8.67635e-06
-4.43039e-06
1.85892e-06
9.81735e-06
1.89732e-05
1.89732e-05
2.87351e-05
3.84998e-05
4.77614e-05
5.60926e-05
6.30616e-05
6.82177e-05
7.11381e-05
7.14155e-05
6.86399e-05
6.2492e-05
5.28896e-05
4.00285e-05
2.43019e-05
6.24322e-06
-1.34418e-05
-3.38362e-05
-5.38848e-05
-7.25304e-05
-8.87485e-05
-0.000101529
-0.000109979
-0.000113543
-0.000112076
-0.000105665
-9.45781e-05
-7.93489e-05
-6.07136e-05
-3.94329e-05
-1.63092e-05
7.59882e-06
3.09384e-05
5.22549e-05
7.01487e-05
8.34286e-05
9.13193e-05
9.36112e-05
9.06565e-05
8.32255e-05
7.23124e-05
5.8899e-05
4.3767e-05
2.75013e-05
1.05844e-05
-6.5189e-06
-2.32427e-05
-3.8781e-05
-5.2112e-05
-6.22725e-05
-6.85869e-05
-7.07097e-05
-6.86842e-05
-6.3005e-05
-5.44801e-05
-4.39335e-05
-3.20278e-05
-1.92707e-05
-6.03959e-06
7.38236e-06
2.0672e-05
3.33001e-05
4.45206e-05
5.35288e-05
5.96126e-05
6.22456e-05
6.1184e-05
5.65402e-05
4.87331e-05
3.83361e-05
2.595e-05
1.21611e-05
-2.46389e-06
-1.73827e-05
-3.20338e-05
-4.57691e-05
-5.78687e-05
-6.76421e-05
-7.45237e-05
-7.81084e-05
-7.81858e-05
-7.47739e-05
-6.80872e-05
-5.84766e-05
-4.6409e-05
-3.24671e-05
-1.7341e-05
-1.82299e-06
1.32093e-05
2.68879e-05
3.8467e-05
4.7361e-05
5.31731e-05
5.57401e-05
5.51094e-05
5.14393e-05
4.4942e-05
3.59314e-05
2.48542e-05
1.22656e-05
-1.16775e-06
-1.46799e-05
-2.74828e-05
-3.88598e-05
-4.82372e-05
-5.52291e-05
-5.96441e-05
-6.14426e-05
-6.06837e-05
-5.74921e-05
-5.20375e-05
-4.45388e-05
-3.52973e-05
-2.47247e-05
-1.33335e-05
-1.69442e-06
9.60583e-06
2.00084e-05
2.90387e-05
3.6338e-05
4.16601e-05
4.48551e-05
4.5847e-05
4.46215e-05
4.12301e-05
3.57975e-05
2.85393e-05
1.97772e-05
9.92603e-06
-5.40229e-07
-1.11189e-05
-2.13085e-05
-3.06498e-05
-3.87532e-05
-4.52963e-05
-5.00196e-05
-5.27286e-05
-5.33059e-05
-5.17289e-05
-4.80647e-05
-4.24684e-05
-3.51945e-05
-2.65855e-05
-1.70433e-05
-7.0052e-06
3.07365e-06
1.27392e-05
2.15618e-05
2.91453e-05
3.51455e-05
3.92988e-05
4.14292e-05
4.14534e-05
3.93926e-05
3.53752e-05
2.96331e-05
2.24807e-05
1.42878e-05
5.46681e-06
-3.54783e-06
-1.23247e-05
-2.04571e-05
-2.75808e-05
-3.33797e-05
-3.75977e-05
-4.00568e-05
-4.06637e-05
-3.94115e-05
-3.63858e-05
-3.17605e-05
-2.57796e-05
-1.87452e-05
-1.1004e-05
-2.92127e-06
5.13412e-06
1.27987e-05
1.97341e-05
2.56461e-05
3.02913e-05
3.34818e-05
3.50991e-05
3.51019e-05
3.35175e-05
3.04405e-05
2.60372e-05
2.05313e-05
1.41832e-05
7.28829e-06
1.70235e-07
-6.84319e-06
-1.34367e-05
-1.93154e-05
-2.42237e-05
-2.796e-05
-3.03809e-05
-3.1405e-05
-3.10155e-05
-2.92613e-05
-2.62544e-05
-2.21549e-05
-1.71644e-05
-1.15245e-05
-5.49933e-06
6.36557e-07
6.5999e-06
1.21178e-05
1.69475e-05
2.08833e-05
2.3762e-05
2.54743e-05
2.59719e-05
2.52626e-05
2.34057e-05
2.0511e-05
1.67333e-05
1.22616e-05
7.31019e-06
2.11392e-06
-3.0805e-06
-8.03055e-06
-1.25115e-05
-1.63234e-05
-1.92988e-05
-2.13143e-05
-2.22978e-05
-2.22245e-05
-2.11181e-05
-1.90542e-05
-1.61445e-05
-1.25292e-05
-8.384e-06
-3.90926e-06
6.8621e-07
5.19078e-06
9.40008e-06
1.31253e-05
1.62013e-05
1.85017e-05
1.99392e-05
2.04633e-05
2.00693e-05
1.87964e-05
1.67171e-05
1.39386e-05
1.05999e-05
6.86263e-06
2.90526e-06
-1.08454e-06
-4.92351e-06
-8.44067e-06
-1.14779e-05
-1.39032e-05
-1.56207e-05
-1.65637e-05
-1.67013e-05
-1.60467e-05
-1.46433e-05
-1.25617e-05
-9.90905e-06
-6.82134e-06
-3.44583e-06
6.24754e-08
3.53959e-06
6.82457e-06
9.77438e-06
1.22622e-05
1.4179e-05
1.54499e-05
1.60355e-05
1.59207e-05
1.51187e-05
1.36807e-05
1.16884e-05
9.24196e-06
6.45765e-06
3.46942e-06
4.20602e-07
-2.54603e-06
-5.29612e-06
-7.71066e-06
-9.68653e-06
-1.11405e-05
-1.20154e-05
-1.22793e-05
-1.19306e-05
-1.10003e-05
-9.54146e-06
-7.62756e-06
-5.35428e-06
-2.83275e-06
-1.81645e-07
2.4778e-06
5.02435e-06
7.34148e-06
9.32768e-06
1.08995e-05
1.19912e-05
1.25618e-05
1.2597e-05
1.2106e-05
1.11212e-05
9.6964e-06
7.90495e-06
5.83684e-06
3.59051e-06
1.2681e-06
-1.02245e-06
-3.17406e-06
-5.09097e-06
-6.68994e-06
-7.90279e-06
-8.68138e-06
-8.9987e-06
-8.84919e-06
-8.2491e-06
-7.23499e-06
-5.86105e-06
-4.19594e-06
-2.31968e-06
-3.20684e-07
1.70768e-06
3.67148e-06
5.48138e-06
7.05715e-06
7.05715e-06
8.3311e-06
9.25071e-06
9.78079e-06
9.90598e-06
9.63125e-06
8.97653e-06
8.97653e-06
