-4.14913e-09
-4.92364e-08
-2.36194e-07
-6.31881e-07
-1.11008e-06
-1.48339e-06
-1.75926e-06
-2.03727e-06
-2.31094e-06
-2.54964e-06
-2.78671e-06
-3.02937e-06
-3.21617e-06
-3.28862e-06
-3.21898e-06
-3.00631e-06
-2.69159e-06
-2.33821e-06
-2.00327e-06
-1.73212e-06
-1.55031e-06
-1.45832e-06
-1.44338e-06
-1.49847e-06
-1.63365e-06
-1.87188e-06
-2.24025e-06
-2.76657e-06
-3.46846e-06
-4.33627e-06
-5.33241e-06
-6.40795e-06
-7.51547e-06
-8.61348e-06
-9.6733e-06
-1.06798e-05
-1.16194e-05
-1.24725e-05
-1.32122e-05
-1.38008e-05
-1.41968e-05
-1.43673e-05
-1.42897e-05
-1.395e-05
-1.33502e-05
-1.2508e-05
-1.14425e-05
-1.01653e-05
-8.68349e-06
-6.99974e-06
-5.11501e-06
-3.03965e-06
-7.95642e-07
1.59155e-06
4.09468e-06
6.68322e-06
9.33018e-06
1.20171e-05
1.47314e-05
1.74669e-05
2.02233e-05
2.29995e-05
2.57907e-05
2.85905e-05
3.13913e-05
3.41869e-05
3.69745e-05
3.97457e-05
4.24798e-05
4.51417e-05
4.76821e-05
5.0036e-05
5.21259e-05
5.3873e-05
5.52054e-05
5.60609e-05
5.63854e-05
5.61249e-05
5.52216e-05
5.36192e-05
5.12679e-05
4.8125e-05
4.41642e-05
3.93865e-05
3.38177e-05
2.75053e-05
2.05174e-05
1.29293e-05
4.80741e-06
-3.79123e-06
-1.28148e-05
-2.22134e-05
-3.19296e-05
-4.18905e-05
-5.2011e-05
-6.21992e-05
-7.23552e-05
-8.23741e-05
-9.21563e-05
-0.000101614
-0.00011066
-0.000119194
-0.000127103
-0.000134279
-0.000140629
-0.000146074
-0.000150554
-0.000154021
-0.000156429
-0.00015772
-0.000157816
-0.000156637
-0.000154116
-0.000150222
-0.000144977
-0.000138463
-0.000130795
-0.000122087
-0.00011244
-0.000101952
-9.07148e-05
-7.88082e-05
-6.62928e-05
-5.32001e-05
-3.95215e-05
-2.51956e-05
-1.00955e-05
5.95154e-06
2.31026e-05
4.14626e-05
6.10989e-05
8.20397e-05
0.000104243
0.000127578
0.000151823
0.000176634
0.000201529
0.000225899
0.000249028
0.00027012
0.00028837
0.000303024
0.000313417
0.000318987
0.000319305
0.000314015
0.000302715
0.000284874
0.00025991
0.000227304
0.000186732
0.000138342
8.30704e-05
2.26362e-05
-4.08308e-05
-0.000105067
-0.000167748
-0.000226657
-0.000279935
-0.000326052
-0.000363509
-0.000390796
-0.00040668
-0.000410434
-0.000401915
-0.000381661
-0.000350961
-0.000311709
-0.000266043
-0.000216015
-0.0001634
-0.000109631
-5.58016e-05
-2.74455e-06
4.88403e-05
9.83147e-05
0.000145125
0.000188892
0.000229484
0.000266934
0.000301164
0.00033176
0.00035811
0.000379677
0.000396048
0.00040696
0.000412624
0.000414037
0.000412831
0.000410818
0.000409721
0.000411178
0.000416705
0.000427621
0.000445112
0.000470438
0.000504926
0.000549663
0.000605138
0.000670789
0.000744143
0.000819972
0.000890253
0.000944865
0.000972454
0.000962325
0.000907748
0.000807679
0.000665069
0.000485023
0.000274773
4.29702e-05
-0.0002024
-0.000454104
-0.000703157
-0.000937929
-0.00114607
-0.00131644
-0.00144019
-0.00151197
-0.00153145
-0.00150321
-0.00143496
-0.00133543
-0.00121283
-0.00107406
-0.00092461
-0.000769184
-0.000612602
-0.000460617
-0.000320151
-0.000198521
-0.000101871
-3.38874e-05
4.70415e-06
1.60914e-05
4.78088e-06
-2.36074e-05
-6.35329e-05
-0.000110029
-0.000158531
-0.000204437
-0.000242691
-0.000267544
-0.000272703
-0.000252069
-0.000200818
-0.000116275
1.6953e-06
0.000150793
0.000326821
0.000524485
0.000738095
0.000961901
0.00119
0.00141603
0.00163295
0.00183324
0.00200937
0.00215459
0.00226382
0.00233412
0.00236421
0.00235392
0.00230338
0.00221206
0.00207806
0.00189688
0.00165976
0.00135379
0.000966609
0.000494824
-4.899e-05
-0.000638232
-0.001241
-0.00182563
-0.00236196
-0.00282467
-0.00319726
-0.00346888
-0.00362692
-0.00365599
-0.00354357
-0.00328449
-0.00288298
-0.00235501
-0.00172913
-0.00104247
-0.000333484
0.00036385
0.00102274
0.00162377
0.00215329
0.00260077
0.00295612
0.00320877
0.00334791
0.00336243
0.00324107
0.00297433
0.00255898
0.0020054
0.00134364
0.000619067
-0.000120997
-0.00083557
-0.00149036
-0.00205938
-0.00252758
-0.00288555
-0.00311954
-0.00321004
-0.00313972
-0.00290184
-0.0025056
-0.00197884
-0.00136652
-0.000722785
-9.92178e-05
0.000464866
0.000944961
0.0013261
0.0013261
0.00159589
0.00174116
0.00174753
0.00160112
0.0012939
0.000831929
0.000240986
-0.000435046
-0.00114118
-0.00181963
-0.00241756
-0.00289364
-0.00322095
-0.00338536
-0.00338172
-0.00321106
-0.00287986
-0.00240096
-0.00179545
-0.00109464
-0.000340521
0.000416852
0.00112568
0.00174001
0.00222515
0.00256003
0.00273696
0.0027597
0.00264002
0.00239417
0.00204051
0.00159959
0.00109548
0.000556181
1.23534e-05
-0.000504535
-0.000964172
-0.00134065
-0.0016159
-0.00178099
-0.00183508
-0.00178364
-0.00163651
-0.00140575
-0.00110447
-0.00074744
-0.000353033
5.56027e-05
0.000451547
0.000806954
0.00109694
0.00130389
0.00141986
0.00144522
0.0013852
0.00124791
0.00104346
0.000782941
0.000478101
0.000143036
-0.000204109
-0.000542013
-0.000849036
-0.00110587
-0.00129753
-0.00141496
-0.00145593
-0.00142487
-0.00133283
-0.00119655
-0.00103404
-0.000859082
-0.000680356
-0.000503778
-0.000333387
-0.000172082
-2.45343e-05
0.000101886
0.000201148
0.00027258
0.000321253
0.000356873
0.000392146
0.0004387
0.000500422
0.000567448
0.000614677
0.000609376
0.000527554
0.000365305
0.000135659
-0.000138704
-0.00042883
-0.000705952
-0.000951965
-0.00116078
-0.00132776
-0.00144215
-0.00148926
-0.00145649
-0.001338
-0.00113767
-0.00087099
-0.000563393
-0.000243638
6.42573e-05
0.000344119
0.000585808
0.000784433
0.000940435
0.00105672
0.001135
0.00117548
0.0011794
0.00115057
0.00109517
0.00102063
0.000934268
0.000841448
0.000744529
0.000643657
0.000538841
0.00043183
0.000327014
0.00023069
0.000149083
8.68179e-05
4.63395e-05
2.77151e-05
2.91166e-05
4.83141e-05
8.42093e-05
0.000137206
0.000208427
0.000298499
0.000406218
0.000527249
0.000653574
0.000774374
0.000877809
0.000952616
0.000989583
0.000983204
0.000932243
0.000838567
0.000706146
0.000541295
0.000352594
0.000149622
-5.74588e-05
-0.000256588
-0.000433443
-0.000573165
-0.000662279
-0.000689862
-0.000648667
-0.00053622
-0.000354872
-0.000110788
0.000186975
0.000526287
0.000890936
0.00126018
0.00160944
0.00191219
0.00214407
0.0022884
0.00233809
0.00229257
0.00215543
0.00193416
0.00163794
0.00127467
0.000852643
0.000385391
-0.000106805
-0.000599164
-0.00106492
-0.00147835
-0.00181915
-0.00207531
-0.00224219
-0.00231968
-0.00230956
-0.0022138
-0.00203388
-0.00177176
-0.00143238
-0.00102619
-0.000569978
-8.55357e-05
0.000403072
0.000872856
0.00130489
0.00168595
0.00200827
0.00226779
0.00246204
0.00258867
0.00264545
0.00263118
0.00254739
0.0024
0.00219958
0.00195969
0.00169386
0.00141128
0.00111275
0.000792151
0.00044416
7.07948e-05
-0.00031669
-0.000697393
-0.00104324
-0.00132822
-0.00153764
-0.00166853
-0.00172582
-0.00172059
-0.00166708
-0.00157631
-0.00145367
-0.00130404
-0.00113701
-0.000966304
-0.000807089
-0.000675075
-0.000584728
-0.000544031
-0.000550311
-0.000591518
-0.000650909
-0.000711531
-0.00075931
-0.000785174
-0.000785801
-0.000761995
-0.00071535
-0.000645524
-0.000549715
-0.00042358
-0.000262626
-6.41409e-05
0.000170557
0.000434085
0.00071193
0.000983398
0.00122466
0.00141327
0.00153416
0.00158462
0.00157215
0.00150666
0.00139596
0.00124617
0.00106156
0.000843841
0.000596001
0.000328351
5.90431e-05
-0.000190614
-0.00040036
-0.000553355
-0.000638483
-0.00065223
-0.000599007
-0.000492144
-0.000355115
-0.000216675
-0.000101138
-2.3756e-05
7.78588e-06
-7.05356e-06
-6.27276e-05
-0.000154843
-0.000285995
-0.000461161
-0.00068023
-0.000936753
-0.00122002
-0.0015162
-0.00180967
-0.00208601
-0.00233417
-0.00254509
-0.00270818
-0.00281007
-0.00283709
-0.00277767
-0.00262262
-0.0023666
-0.00201094
-0.00156491
-0.00104407
-0.000468355
0.0001384
0.000748579
0.00133216
0.00185842
0.00229686
0.00261846
0.0027985
0.0028198
0.00267554
0.00237153
0.00192589
0.00136498
0.000719269
2.11283e-05
-0.000696525
-0.00140154
-0.00206197
-0.00264441
-0.00311432
-0.0034392
-0.00359238
-0.00355679
-0.00332862
-0.00292002
-0.00235943
-0.00168801
-0.000951505
-0.000951505
-0.000190393
0.00056415
0.00128676
0.0019542
0.00254472
0.00303695
0.00340827
0.00363838
0.00371686
0.00364713
0.00344478
0.00313408
0.00274411
0.00230375
0.0018371
0.00136212
0.000892262
0.000438697
1.255e-05
-0.000373567
-0.000706356
-0.000974823
-0.00117318
-0.00130183
-0.00136673
-0.00137799
-0.00134784
-0.00128761
-0.00120521
-0.00110514
-0.000990384
-0.000864034
-0.000729705
-0.000592154
-0.000457614
-0.000332556
-0.000221601
-0.000126326
-4.54005e-05
2.46077e-05
8.75494e-05
0.000145124
0.000195204
0.000232454
0.000250218
0.000242184
0.000204013
0.000135434
4.14532e-05
-6.92607e-05
-0.000187556
-0.000305259
-0.000414764
-0.000509165
-0.000583136
-0.00063245
-0.000652592
-0.000639494
-0.000592122
-0.000513708
-0.000410666
-0.000291535
-0.000166912
-4.82424e-05
5.46975e-05
0.000134914
0.000187261
0.000207817
0.000194608
0.000147782
6.8872e-05
-3.92903e-05
-0.000172022
-0.000322707
-0.000483219
-0.000644074
-0.000794401
-0.000922373
-0.00101616
-0.00106492
-0.00105938
-0.000992829
-0.000862565
-0.000670883
-0.00042432
-0.000132189
0.000193907
0.000540287
0.000892596
0.00123778
0.00156482
0.00186401
0.00212636
0.00234403
0.00251057
0.00261987
0.00266536
0.0026411
0.00254365
0.00237267
0.00213069
0.00182353
0.00146038
0.00105222
0.000610303
0.000146664
-0.000324879
-0.000788683
-0.00122792
-0.00162528
-0.00196425
-0.00223158
-0.00241952
-0.00252623
-0.00255394
-0.00250703
-0.00239137
-0.00221356
-0.0019797
-0.00169551
-0.00136822
-0.00100793
-0.000626933
-0.000238616
0.000142918
0.00050362
0.000831207
0.00111643
0.00135271
0.00153517
0.00166042
0.00172675
0.00173394
0.00168343
0.00157925
0.00142879
0.00124226
0.0010312
0.000806956
0.000579601
0.000357107
0.000145038
-5.29421e-05
-0.000233654
-0.000393033
-0.000526141
-0.000628403
-0.000696723
-0.000730123
-0.000730384
-0.000702237
-0.000652222
-0.000586938
-0.000512195
-0.000432969
-0.000353282
-0.000276304
-0.000205298
-0.000144672
-9.99765e-05
-7.69992e-05
-8.0364e-05
-0.000111568
-0.0001677
-0.000242227
-0.000326902
-0.000413257
-0.000493826
-0.000563134
-0.000617453
-0.000653329
-0.000666404
-0.000651248
-0.000601929
-0.000513247
-0.000382394
-0.000210214
-1.32633e-06
0.000236755
0.000494954
0.000763956
0.00103526
0.00130172
0.00155742
0.00179696
0.0020144
0.00220201
0.00234964
0.00244566
0.00247869
0.00243925
0.00232179
0.00212755
0.00186501
0.00154685
0.00118725
0.000801558
0.000405591
1.3853e-05
-0.000360444
-0.000703477
-0.00100085
-0.00124024
-0.0014135
-0.0015169
-0.00155132
-0.00152317
-0.00144335
-0.001324
-0.00117575
-0.00100763
-0.000827876
-0.000643692
-0.000461321
-0.000287117
-0.000128285
7.84561e-06
0.00011527
0.000190174
0.000230908
0.000237408
0.000210375
0.000150791
5.98965e-05
-6.05608e-05
-0.000207691
-0.000376305
-0.000557848
-0.000740595
-0.000911402
-0.00105778
-0.00116913
-0.00123742
-0.00125744
-0.00122627
-0.00114206
-0.00100347
-0.00081034
-0.000564766
-0.000271927
5.93355e-05
0.000416577
0.00078491
0.00114878
0.00149346
0.00180581
0.0020744
0.00228922
0.00244127
0.00252244
0.00252591
0.00244743
0.00228712
0.00205044
0.00174777
0.00139353
0.00100499
0.000600345
0.000196041
-0.00019445
-0.000559997
-0.000891134
-0.0011801
-0.00142036
-0.00160582
-0.0017315
-0.00179571
-0.0018008
-0.00175196
-0.00165612
-0.00152157
-0.00135712
-0.00117061
-0.000968357
-0.000756127
-0.00054002
-0.000326858
-0.000124163
6.02054e-05
0.000218981
0.000346567
0.000439635
0.000497045
0.000519351
0.000508199
0.000465753
0.000394327
0.000296726
0.000177236
4.22416e-05
-0.000100126
-0.000240716
-0.00037046
-0.000482308
-0.000572748
-0.000641111
-0.000687689
-0.000712988
-0.000718084
-0.00070489
-0.000676336
-0.000636754
-0.000591959
-0.00054844
-0.000511993
-0.000486669
-0.000474544
-0.000475927
-0.000489519
-0.00051287
-0.000543222
-0.000578048
-0.000615015
-0.000651661
-0.000685118
-0.000711965
-0.000728103
-0.000728542
-0.000707525
-0.000659463
-0.000580361
-0.000469138
-0.000469138
-0.000328764
-0.000166632
7.02221e-06
0.000181827
0.000348749
0.000500394
0.000631659
0.000740073
0.000824235
0.0008818
0.000909664
0.000905811
0.000870548
0.000806846
0.000720545
0.00062007
0.000514816
0.000412892
0.00031972
0.000237986
0.000168414
0.000110778
6.49732e-05
3.18165e-05
1.29866e-05
1.01172e-05
2.37819e-05
5.29039e-05
9.46456e-05
0.000144844
0.000199015
0.000253403
0.000305488
0.000354016
0.000398863
0.000440556
0.0004795
0.000515415
0.000547181
0.000573082
0.000591349
0.000600671
0.000600398
0.000590572
0.000571927
0.000545519
0.000512082
0.000471832
0.000424841
0.000371445
0.000312483
0.000249468
0.000184545
0.000120122
5.84019e-05
1.1773e-06
-5.00159e-05
-9.37048e-05
-0.000128485
-0.000152987
-0.000165894
-0.000166922
-0.000159007
-0.000149655
-0.000149559
-0.000169682
-0.000218684
-0.000300586
-0.000413445
-0.000550965
-0.000705726
-0.000870568
-0.00103827
-0.00120171
-0.00135414
-0.00148774
-0.00159201
-0.00165487
-0.00166577
-0.00161796
-0.00150953
-0.00134382
-0.00112906
-0.000876222
-0.000596551
-0.000299947
5.26081e-06
0.000311617
0.000611366
0.000895195
0.00115153
0.00136718
0.0015296
0.00162944
0.00166212
0.0016282
0.00153329
0.00138694
0.00120013
0.000983097
0.000744784
0.00049349
0.000237574
-1.34946e-05
-0.000247859
-0.000451504
-0.000610695
-0.000714591
-0.000756472
-0.000734194
-0.000650207
-0.000510184
-0.000320591
-8.72978e-05
0.00018368
0.000483517
0.000796539
0.0010974
0.00135288
0.00152825
0.00159564
0.0015416
0.00136985
0.00109623
0.000740842
0.000323907
-0.00013641
-0.000626425
-0.0011355
-0.00164895
-0.00214266
-0.00258544
-0.00294525
-0.00319482
-0.0033172
-0.00331016
-0.00318503
-0.00295999
-0.00265263
-0.00227533
-0.0018344
-0.00133302
-0.00077615
-0.000174987
0.000451202
0.00107665
0.00167333
0.00221601
0.00268576
0.00306986
0.00335842
0.00354164
0.00361159
0.00356481
0.00340179
0.00312655
0.00274916
0.0022865
0.00175944
0.0011905
0.000604156
2.60364e-05
-0.000519755
-0.00101234
-0.00143429
-0.00177221
-0.00201789
-0.00216867
-0.00222618
-0.00219495
-0.00208173
-0.0018953
-0.001646
-0.00134536
-0.00100619
-0.000642829
-0.000271121
9.27293e-05
0.000434117
0.000741335
0.00100604
0.00122362
0.00139267
0.00151243
0.00157944
0.0015858
0.0015199
0.00137126
0.00113866
0.000833765
0.000476417
8.91978e-05
-0.000304433
-0.000683053
-0.00103166
-0.00134096
-0.0016013
-0.00179907
-0.00191804
-0.00194257
-0.00186203
-0.0016766
-0.00140107
-0.00106369
-0.000700704
-0.000347819
-3.13254e-05
0.000235432
0.000448466
0.000608109
0.000715634
0.000769876
0.000765359
0.000695962
0.000561921
0.000373471
0.000149855
-8.35848e-05
-0.000299843
-0.000476189
-0.000598728
-0.000662619
-0.000668908
-0.000620759
-0.000520601
-0.000368993
-0.00016576
8.68989e-05
0.000380862
0.000700379
0.00102352
0.00132589
0.00158469
0.00178236
0.00190877
0.00196043
0.0019375
0.00184141
0.00167468
0.0014418
0.00115076
0.000814685
0.000452045
8.48986e-05
-0.000263241
-0.00056966
-0.000815634
-0.000989598
-0.001088
-0.00111315
-0.00107034
-0.000966208
-0.00080795
-0.000602949
-0.000359869
-9.10445e-05
0.000186591
0.000453324
0.000689393
0.000877457
0.00100506
0.00106631
0.00106138
0.000994243
0.000870629
0.000696737
0.000478623
0.000222795
-6.17645e-05
-0.000361885
-0.000660243
-0.000936933
-0.00117205
-0.00134853
-0.00145419
-0.00148249
-0.00143229
-0.00130712
-0.00111442
-0.000864895
-0.000572087
-0.00025237
7.46904e-05
0.000387066
0.000662986
0.000883689
0.00103463
0.00110674
0.00109789
0.00101184
0.000854154
0.000630144
0.000346602
1.36459e-05
-0.000354907
-0.000740527
-0.00111953
-0.00146611
-0.00175695
-0.00197359
-0.00210263
-0.00213603
-0.00207081
-0.00190741
-0.00164772
-0.00129549
-0.000858648
-0.000351319
0.00020571
0.000785626
0.00135735
0.00188891
0.00235149
0.00272265
0.0029876
0.00313845
0.00317236
0.00309016
0.00289599
0.00259766
0.00220714
0.00174112
0.00174112
0.00122114
0.000672384
0.000121231
-0.000407264
-0.000891072
-0.0013122
-0.00165733
-0.00191745
-0.0020864
-0.00215961
-0.00213433
-0.00201092
-0.00179374
-0.00149143
-0.00111694
-0.000687268
-0.000222422
0.000256102
0.000726741
0.00116865
0.00156206
0.0018889
0.002134
0.00228568
0.00233549
0.00227844
0.00211381
0.00184625
0.00148667
0.00105251
0.000566432
5.42724e-05
-0.000456899
-0.000940795
-0.00137402
-0.0017369
-0.00201295
-0.00218878
-0.00225534
-0.00220929
-0.00205396
-0.00179964
-0.00146342
-0.00106822
-0.000640719
-0.000208662
0.000202037
0.00056916
0.000874799
0.00110574
0.00125399
0.00131643
0.00129334
0.00118806
0.0010084
0.000767201
0.000481103
0.000169201
-0.000148097
-0.000451028
-0.00072309
-0.00095279
-0.00113405
-0.00126531
-0.00134725
-0.00138084
-0.00136733
-0.0013092
-0.00121034
-0.00107623
-0.000914602
-0.000735405
-0.000549063
-0.000364624
-0.000188895
-2.64304e-05
0.000119955
0.000248469
0.000357575
0.000445329
0.00050928
0.000547053
0.000557053
0.000538746
0.000492725
0.000420729
0.000325373
0.000209793
7.74837e-05
-6.81169e-05
-0.000224255
-0.000388603
-0.00055793
-0.000726961
-0.000888424
-0.00103406
-0.00115568
-0.00124601
-0.00129964
-0.00131377
-0.0012884
-0.00122545
-0.00112781
-0.000999072
-0.000843842
-0.000667867
-0.000477924
-0.000281844
-8.83689e-05
9.36577e-05
0.000256448
0.000394029
0.000502439
0.000579724
0.000625833
0.00064212
0.000630625
0.000593729
0.000534373
0.000456395
0.000364653
0.000264965
0.00016391
6.82986e-05
-1.55824e-05
-8.26298e-05
-0.000129188
-0.000153009
-0.000153064
-0.000129234
-8.19545e-05
-1.20789e-05
7.9009e-05
0.000189366
0.000316705
0.000458553
0.000612114
0.00077422
0.000941693
0.00111148
0.00127971
0.00143984
0.00158183
0.00169323
0.0017611
0.00177358
0.0017213
0.00159922
0.00140759
0.00115097
0.00083685
0.000475819
8.24288e-05
-0.000325507
-0.000729454
-0.0011117
-0.00145507
-0.00174377
-0.00196575
-0.00211361
-0.00218313
-0.00217252
-0.00208347
-0.00192128
-0.00169359
-0.00140975
-0.00108142
-0.000722408
-0.000347005
3.09022e-05
0.000397094
0.000736694
0.00103516
0.00127941
0.00145818
0.00156251
0.00158682
0.00152985
0.00139459
0.00118766
0.000918792
0.00060035
0.000246594
-0.000127171
-0.000505216
-0.000871675
-0.00121081
-0.0015073
-0.00174631
-0.00191382
-0.00199815
-0.00199214
-0.00189409
-0.00170775
-0.00144231
-0.00111152
-0.000731179
-0.00031714
0.00011422
0.000544713
0.000954073
0.00132079
0.00162422
0.00184743
0.00197945
0.00201617
0.00196057
0.00182133
0.00160986
0.00133788
0.00101721
0.000660217
0.000279882
-0.000109597
-0.000491904
-0.000849036
-0.00116346
-0.00141998
-0.00160633
-0.00171383
-0.00173874
-0.00168258
-0.00155054
-0.00134977
-0.00108903
-0.000778562
-0.000429748
-5.56536e-05
0.000327656
0.000701117
0.00104445
0.00133854
0.00156783
0.00172205
0.00179648
0.00179112
0.00170938
0.00155704
0.00134173
0.00107301
0.000762773
0.000425533
7.83832e-05
-0.000259995
-0.000571204
-0.000839129
-0.00105135
-0.00120006
-0.00128237
-0.00129964
-0.00125583
-0.00115604
-0.00100627
-0.000813372
-0.000584814
-0.000328871
-5.55488e-05
0.000223388
0.000496112
0.000752301
0.00098334
0.00118211
0.00134315
0.00146263
0.00153773
0.00156604
0.00154584
0.00147688
0.00136113
0.00120303
0.00100908
0.000787208
0.000546145
0.000294974
4.32036e-05
-0.000199199
-0.000422344
-0.000616953
-0.000774459
-0.000887416
-0.00095047
-0.000960888
-0.00091825
-0.000824296
-0.000683207
-0.000501518
-0.000287367
-4.9759e-05
0.000201631
0.000456559
0.000704582
0.000935478
0.00113959
0.00130816
0.00143356
0.00150894
0.00152774
0.00148424
0.00137558
0.00120333
0.000972802
0.00069184
0.00037086
2.24488e-05
-0.000340229
-0.00070429
-0.00105634
-0.00138189
-0.00166597
-0.00189416
-0.00205395
-0.00213629
-0.00213667
-0.00205538
-0.0018967
-0.00166728
-0.00137496
-0.00102915
-0.000642232
-0.000230605
0.000184872
0.000579976
0.000579976
0.000931237
0.00122048
0.00143608
0.00157239
0.00162979
0.00161362
0.00153079
0.00138774
0.00119168
0.000951521
0.000676361
0.000374718
5.61903e-05
-0.000267343
-0.000583463
-0.000880608
-0.00114668
-0.00136832
-0.00153385
-0.00163608
-0.00167087
-0.00163494
-0.00152706
-0.00134988
-0.00110964
-0.000815419
-0.000480074
-0.000121195
0.00024039
0.000583547
0.000889244
0.00114173
0.00132942
0.00144568
0.00148872
0.00146036
0.00136489
0.00120895
0.00100161
0.000753993
0.000478608
0.000189088
-0.000100031
-0.000373867
-0.00061812
-0.000820024
-0.000969091
-0.00105764
-0.00108102
-0.00103713
-0.000925723
-0.000748208
-0.000508837
-0.000216785
0.000112301
0.000457167
0.00079362
0.0010968
0.00134292
0.00151183
0.00158989
0.00157048
0.00145234
0.00123884
0.000938872
0.000566567
0.000139235
-0.000323341
-0.000797515
-0.00125637
-0.00167308
-0.00202369
-0.00228847
-0.00245329
-0.00251104
-0.00246145
-0.00230938
-0.00206304
-0.00173279
-0.00133101
-0.000872852
-0.000377738
0.000129299
0.00061827
0.00105843
0.00142347
0.0016938
0.00185667
0.0019065
0.0018441
0.00167425
0.0014043
0.00104545
0.000614219
0.00013267
-0.000371997
-0.000868766
-0.0013254
-0.00171176
-0.00200299
-0.00218159
-0.00223797
-0.00216928
-0.0019776
-0.00166869
-0.00125199
-0.000741824
-0.000158746
0.000470264
0.00111302
0.0017341
0.00229741
0.00276937
0.00312231
0.00333696
0.00340283
0.00331674
0.00308193
0.00270863
0.00221434
0.00162253
0.00096152
0.00026444
-0.00043177
-0.00108934
-0.00167302
-0.00215285
-0.00250642
-0.00272048
-0.00279122
-0.00272325
-0.00252744
-0.00221845
-0.00181362
-0.00133347
-0.000801481
-0.000242753
0.000316904
0.000851138
0.00133437
0.00174443
0.00206421
0.00228152
0.00238882
0.00238368
0.00226865
0.00204999
0.00173668
0.00134074
0.000877391
0.000364858
-0.000176005
-0.000722002
-0.00124829
-0.00172941
-0.00214087
-0.00246156
-0.00267602
-0.00277495
-0.00275472
-0.002617
-0.00236838
-0.00201943
-0.00158415
-0.00108019
-0.000529124
4.41137e-05
0.000612732
0.00115016
0.00163218
0.00203852
0.00235358
0.00256595
0.00266699
0.00265017
0.00251217
0.00225439
0.0018841
0.00141594
0.000872815
0.000284018
-0.000319002
-0.000905739
-0.0014477
-0.00191921
-0.00229838
-0.00256727
-0.00271172
-0.00272227
-0.00259638
-0.00234063
-0.00197097
-0.0015107
-0.000987973
-0.000433699
0.000121356
0.000650148
0.00113131
0.00154832
0.00188788
0.00213973
0.00229722
0.00235742
0.00232147
0.00219527
0.00198964
0.00171911
0.00139964
0.00104647
0.000673081
0.000291671
-8.61729e-05
-0.000449567
-0.000787955
-0.00109012
-0.00134437
-0.00154044
-0.00167115
-0.00173263
-0.001724
-0.00164729
-0.00150705
-0.00130964
-0.00106267
-0.000774635
-0.000455383
-0.000116982
0.000225672
0.000555298
0.000853802
0.00110418
0.00129207
0.00140684
0.00144248
0.00139817
0.0012777
0.00108827
0.000839842
0.000545234
0.000219838
-0.000119447
-0.000454823
-0.000767724
-0.00104024
-0.00125786
-0.00141113
-0.00149514
-0.0015083
-0.00145192
-0.00132985
-0.00114735
-0.000910623
-0.000627773
-0.00030957
3.12801e-05
0.000381081
0.000725208
0.00104843
0.0013363
0.00157653
0.00175919
0.00187654
0.00192352
0.00189872
0.00180464
0.00164724
0.00143556
0.00118169
0.000899975
0.000605056
0.00030992
2.52218e-05
-0.000240474
-0.00048077
-0.000691521
-0.000869994
-0.00101383
-0.00112135
-0.00119252
-0.00122852
-0.00123008
-0.00119711
-0.0011299
-0.00103001
-0.000899497
-0.000740673
-0.000557174
-0.00035462
-0.000140162
7.78195e-05
0.00028942
0.00048337
0.000647924
0.000772117
0.000847347
0.000868485
0.000833987
0.000745896
0.000610073
0.000435549
0.000232739
1.23961e-05
-0.000213865
-0.000433329
-0.000633165
-0.000801533
-0.00092837
-0.00100635
-0.00103193
-0.00100581
-0.000932472
-0.000819109
-0.000674197
-0.000506727
-0.000326223
-0.000142625
3.43485e-05
0.000195926
0.000334872
0.000445951
0.00052623
0.000575171
0.000575171
0.000594456
0.00058742
0.000558285
0.000511882
0.000453758
0.000389908
0.000326111
0.00026757
0.000218803
0.000183149
0.000161972
0.000154364
0.000157341
0.000166088
0.000174497
0.000175795
0.000162936
0.00012945
7.13133e-05
-1.13072e-05
-0.000114238
-0.000231145
-0.000354878
-0.000477656
-0.000591355
-0.000688263
-0.000761392
-0.00080386
-0.00080863
-0.000769831
-0.000684942
-0.000556293
-0.000391047
-0.000199863
5.02011e-06
0.000211843
0.000411107
0.000596181
0.000762179
0.000904184
0.00101661
0.00109359
0.00112969
0.00112098
0.00106678
0.000970553
0.000839015
0.000680592
0.000504012
0.000317081
0.000125892
-6.49167e-05
-0.000251033
-0.000427585
-0.000588992
-0.000729254
-0.00084245
-0.00092353
-0.000969258
-0.000978537
-0.000951867
-0.000890724
-0.000797504
-0.000675319
-0.000527411
-0.000357473
-0.000171227
2.24957e-05
0.00021259
0.000387494
0.000536353
0.00064984
0.000721334
0.000747612
0.000728291
0.0006649
0.000560751
0.000421197
0.000253485
6.63017e-05
-0.000130708
-0.000327274
-0.000512933
-0.000677918
-0.00081407
-0.000915094
-0.000976348
-0.00099503
-0.000970669
-0.000905234
-0.00080291
-0.00066986
-0.000513558
-0.000341722
-0.00016164
2.00182e-05
0.0001975
0.000366164
0.000521986
0.000661245
0.000781213
0.000880865
0.000960632
0.00102168
0.00106535
0.00109275
0.0011044
0.00109996
0.00107817
0.00103737
0.000976355
0.000894764
0.000792775
0.00067112
0.000531578
0.000377154
0.000211719
3.97142e-05
-0.000133779
-0.00030287
-0.000460809
-0.000600317
-0.000714469
-0.000797486
-0.000844944
-0.0008539
-0.00082322
-0.000753669
-0.000647668
-0.000509199
-0.000344027
-0.000159892
3.34982e-05
0.000224941
0.000402928
0.000556815
0.000677273
0.000756559
0.000789008
0.000771255
0.000702072
0.000582411
0.000415851
0.000209068
-2.79951e-05
-0.000282596
-0.000540582
-0.000787895
-0.00101131
-0.0011989
-0.00134076
-0.00142937
-0.00145951
-0.00142842
-0.00133639
-0.00118747
-0.000989732
-0.000754907
-0.000497063
-0.000231097
2.82163e-05
0.000267153
0.000474271
0.000641061
0.00076146
0.000831223
0.00084811
0.000812267
0.000726063
0.000593763
0.000421598
0.000217904
-7.36958e-06
-0.000243608
-0.000480147
-0.00070653
-0.000912962
-0.00109093
-0.00123337
-0.00133435
-0.00138911
-0.00139444
-0.00134927
-0.0012549
-0.00111497
-0.000935494
-0.000724662
-0.000492142
-0.00024813
-2.50254e-06
0.000235987
0.00046059
0.000667105
0.000853268
0.00101701
0.00115543
0.00126549
0.00134482
0.00139144
0.00140382
0.0013822
0.00132917
0.00124819
0.00114192
0.00101187
0.000858641
0.000682992
0.000487329
0.000276565
5.80439e-05
-0.000158918
-0.00036403
-0.000547752
-0.000702587
-0.000823119
-0.000905518
-0.000947192
-0.000946536
-0.000902887
-0.000816808
-0.000690594
-0.000528846
-0.00033869
-0.000129288
8.91027e-05
0.000305873
0.000510599
0.000693624
0.000846442
0.000961809
0.00103403
0.00105939
0.00103636
0.000965839
0.000851675
0.000700645
0.000521459
0.00032368
0.000117468
-8.67094e-05
-0.000279057
-0.000451349
-0.000597
-0.000710872
-0.000789593
-0.000831942
-0.000838555
-0.000811107
-0.000751765
-0.000663285
-0.000549163
-0.000413404
-0.000260411
-9.55705e-05
7.40537e-05
0.000240047
0.000393745
0.000526781
0.00063114
0.0006999
0.000728579
0.000715623
0.000661807
0.000570054
0.000445887
0.000297003
0.000131817
-4.12197e-05
-0.000213034
-0.000374021
-0.000515278
-0.000629389
-0.00071039
-0.000754086
-0.000758894
-0.00072597
-0.000658419
-0.000560529
-0.000437391
-0.000294593
-0.000137885
2.6878e-05
0.000193519
0.000355432
0.000505802
0.000638089
0.000746589
0.000826933
0.000876464
0.000894385
0.000881636
0.000840549
0.000774481
0.000687544
0.000584471
0.000470574
0.000351721
0.000234197
0.000124294
2.76264e-05
-5.16407e-05
-0.000111278
-0.000150808
-0.000170978
-0.000173497
-0.000160929
-0.000136406
-0.00010336
-6.53875e-05
-2.60111e-05
1.17326e-05
4.5725e-05
7.50674e-05
9.97956e-05
0.000119746
0.000133633
0.000139231
0.000133747
0.000113778
7.59476e-05
1.86193e-05
-5.72115e-05
-5.72115e-05
-0.00014885
-0.000252756
-0.00036431
-0.000477871
-0.000587645
-0.000687836
-0.000771589
-0.00083069
-0.0008567
-0.000842494
-0.000783789
-0.00068049
-0.000537249
-0.000363031
-0.000169998
2.85509e-05
0.000220928
0.00039825
0.00055332
0.000679597
0.00077122
0.000822747
0.000828741
0.000784849
0.000689947
0.000547223
0.00036409
0.000151878
-7.51527e-05
-0.000302061
-0.000515448
-0.000704309
-0.000859984
-0.000976069
-0.00104795
-0.00107181
-0.00104434
-0.000963796
-0.00083142
-0.000652105
-0.000434231
-0.000189218
6.95517e-05
0.000328603
0.000576099
0.000802336
0.000999146
0.00115911
0.00127513
0.0013402
0.0013476
0.00129218
0.00117245
0.000991871
0.000758388
0.000483416
0.000181068
-0.000133343
-0.000445434
-0.00074267
-0.0010136
-0.00124735
-0.00143398
-0.00156486
-0.0016327
-0.00163246
-0.00156279
-0.00142647
-0.00122977
-0.000981498
-0.000692258
-0.000373619
-3.71351e-05
0.000305724
0.000642627
0.000959744
0.00124248
0.00147689
0.00165059
0.00175364
0.0017797
0.00172681
0.00159726
0.00139681
0.00113398
0.000819573
0.000466377
8.8894e-05
-0.000296859
-0.000673475
-0.00102266
-0.0013264
-0.00156823
-0.00173454
-0.00181584
-0.00180741
-0.00170877
-0.00152305
-0.00125709
-0.000921859
-0.000532451
-0.000107626
0.00033097
0.000759887
0.00115549
0.00149617
0.00176428
0.0019468
0.00203503
0.00202457
0.00191564
0.00171291
0.00142502
0.00106465
0.000648552
0.000196713
-0.000269152
-0.000727077
-0.0011562
-0.00153799
-0.00185708
-0.00210162
-0.00226336
-0.0023375
-0.00232242
-0.00221971
-0.0020344
-0.00177527
-0.00145474
-0.00108838
-0.000694102
-0.000290833
0.000103165
0.000471512
0.000800346
0.00107855
0.0012975
0.00145072
0.00153389
0.00154514
0.0014852
0.00135751
0.00116863
0.000928365
0.00064892
0.000343735
2.66434e-05
-0.000288529
-0.000588183
-0.00085914
-0.00108884
-0.00126555
-0.00137869
-0.00141967
-0.00138326
-0.00126831
-0.0010777
-0.000818339
-0.0005012
-0.000140715
0.000246814
0.000644472
0.00103501
0.00140106
0.00172592
0.00199422
0.00219268
0.00231088
0.00234199
0.00228326
0.00213612
0.00190581
0.00160094
0.00123301
0.000815854
0.000365144
-0.000101834
-0.000566512
-0.00101002
-0.00141438
-0.0017632
-0.00204219
-0.00223992
-0.0023485
-0.00236411
-0.00228709
-0.0021215
-0.0018747
-0.00155698
-0.00118103
-0.000761388
-0.000314177
0.000143454
0.000594087
0.0010207
0.00140728
0.00173953
0.00200548
0.00219553
0.00230251
0.00232168
0.00225126
0.00209332
0.00185415
0.00154354
0.00117405
0.00076073
0.000320397
-0.000129633
-0.000572313
-0.000990861
-0.00136871
-0.00168966
-0.00193839
-0.00210185
-0.00217097
-0.00214145
-0.00201367
-0.00179257
-0.00148724
-0.00111004
-0.000675601
-0.000200401
0.000297149
0.00079644
0.00127505
0.00171016
0.00208031
0.00236678
0.00255474
0.0026344
0.00260151
0.00245716
0.00220709
0.00186099
0.00143189
0.000936049
0.00039264
-0.000176765
-0.000749026
-0.00130055
-0.00180872
-0.00225319
-0.00261672
-0.00288544
-0.00304917
-0.00310163
-0.0030405
-0.00286729
-0.00258735
-0.00221019
-0.00174946
-0.00122218
-0.000647956
-4.87213e-05
0.000552089
0.00113102
0.0016659
0.00213625
0.00252349
0.00281138
0.00298686
0.00304167
0.00297362
0.00278665
0.00249041
0.00209991
0.00163456
0.00111618
0.000567269
1.04631e-05
-0.000531949
-0.00103885
-0.00149082
-0.00187002
-0.00216061
-0.00235022
-0.00243121
-0.00240092
-0.00226173
-0.00202134
-0.00169219
-0.0012896
-0.00083035
-0.000332607
0.000184227
0.000700012
0.00119431
0.00164669
0.00203746
0.00234874
0.00256565
0.00267762
0.00267957
0.00257202
0.00236052
0.00205487
0.00166845
0.00121732
0.000719476
0.000194534
-0.000336485
-0.000851569
-0.0013287
-0.00174734
-0.00208987
-0.00234272
-0.00249719
-0.00254987
-0.00250228
-0.00236009
-0.00213218
-0.00183009
-0.00146758
-0.00106035
-0.000625789
-0.000182732
0.000249234
0.000651156
0.001006
0.0012994
0.00152016
0.00152016
0.00166087
0.001718
0.00169158
0.00158481
0.0014041
0.00115906
0.000862228
0.000528537
0.000174761
-0.000181269
-0.000521747
-0.000830173
-0.00109248
-0.00129777
-0.00143858
-0.00151104
-0.00151471
-0.00145226
-0.00132898
-0.0011526
-0.000933294
-0.000683422
-0.000416722
-0.000147357
0.000111006
0.00034607
0.000547622
0.000707862
0.000821374
0.000884768
0.000896237
0.000855523
0.00076429
0.000626335
0.000447494
0.000235541
2.94759e-08
-0.000248386
-0.000498996
-0.000741699
-0.000967086
-0.00116636
-0.00133139
-0.00145489
-0.00153055
-0.0015532
-0.00151884
-0.00142494
-0.00127147
-0.00106185
-0.000802829
-0.000503657
-0.000175585
0.000168776
0.000516639
0.000855686
0.00117359
0.0014576
0.00169493
0.00187362
0.00198391
0.00201963
0.00197888
0.00186419
0.00168235
0.00144366
0.0011604
0.000845678
0.000513122
0.000176475
-0.000151245
-0.000458572
-0.000735574
-0.0009735
-0.0011652
-0.00130593
-0.0013935
-0.0014277
-0.00140999
-0.00134337
-0.00123199
-0.00108045
-0.000893602
-0.000676852
-0.000436852
-0.000181495
8.08187e-05
0.000341555
0.000592013
0.000823691
0.00102884
0.00120043
0.00133193
0.00141757
0.00145284
0.00143514
0.00136442
0.00124353
0.00107771
0.00087392
0.000640509
0.000386903
0.000123111
-0.000140412
-0.000392706
-0.000622593
-0.0008193
-0.00097326
-0.00107702
-0.00112592
-0.00111821
-0.00105499
-0.0009401
-0.000779844
-0.000582456
-0.000357589
-0.00011598
0.000130873
0.000371172
0.00059337
0.000786774
0.0009421
0.00105202
0.00111166
0.001119
0.00107491
0.0009828
0.000848136
0.000677918
0.000480224
0.000263696
3.7165e-05
-0.000190441
-0.000410223
-0.000613783
-0.00079381
-0.000944469
-0.00106164
-0.00114309
-0.00118844
-0.00119895
-0.00117672
-0.00112351
-0.00103988
-0.000925852
-0.000782509
-0.000612736
-0.000421113
-0.000213875
1.37874e-06
0.000216933
0.000426262
0.000624172
0.00080609
0.000967329
0.00110253
0.00120562
0.00127046
0.00129207
0.0012679
0.00119866
0.00108854
0.000944486
0.000774858
0.000588104
0.000392124
0.000194222
1.29606e-06
-0.000179913
-0.000342628
-0.000480234
-0.000587092
-0.000659645
-0.000697121
-0.000701477
-0.00067688
-0.00062904
-0.000564139
-0.000487533
-0.000403123
-0.000313954
-0.000223181
-0.000134343
-5.12301e-05
2.21866e-05
8.21021e-05
0.000125647
0.000151502
0.000159801
0.000151537
0.000127948
9.01494e-05
3.91152e-05
-2.41217e-05
-9.81365e-05
-0.000180632
-0.000268034
-0.000355557
-0.000437858
-0.000509804
-0.000566896
-0.000605407
-0.000622358
-0.000615436
-0.000583051
-0.000524519
-0.00044024
-0.000332101
-0.000204066
-6.22212e-05
8.62066e-05
0.000233956
0.00037405
0.000499954
0.000606091
0.000688106
0.000742621
0.000767083
0.000760136
0.000722023
0.000654678
0.000561637
0.000447829
0.000319142
0.000181736
4.13504e-05
-9.71209e-05
-0.000229688
-0.000352973
-0.000463924
-0.000559872
-0.000638698
-0.000698885
-0.000739478
-0.000760027
-0.000760517
-0.000741319
-0.000703087
-0.000646601
-0.000572885
-0.000483613
-0.000381174
-0.000268243
-0.000147634
-2.2557e-05
0.000103303
0.000225935
0.00034106
0.000444185
0.000530918
0.000597415
0.000640755
0.00065919
0.000652073
0.00061952
0.000562192
0.000481269
0.000378509
0.000256488
0.000118938
-2.90987e-05
-0.000181126
-0.00032895
-0.000463024
-0.000573999
-0.000654334
-0.000698685
-0.000703937
-0.000669887
-0.000599542
-0.000497969
-0.000371001
-0.000225364
-6.92596e-05
8.79612e-05
0.000236744
0.0003682
0.000474771
0.000550972
0.000594192
0.000605036
0.000586698
0.000543695
0.000481164
0.000404875
0.000320922
0.000235161
0.000153136
8.01595e-05
2.07179e-05
-2.24962e-05
-4.90472e-05
-6.07574e-05
-6.13302e-05
-5.52741e-05
-4.69406e-05
-4.05405e-05
-4.01961e-05
-4.9159e-05
-6.89846e-05
-9.95648e-05
-0.000139573
-0.000186492
-0.000236429
-0.000284278
-0.000324345
-0.000351193
-0.000360155
-0.000347689
-0.000312176
-0.000254875
-0.000179884
-9.28124e-05
3.79801e-07
9.34314e-05
0.000179821
0.000253364
0.000308507
0.000340135
0.000343629
0.000315452
0.000253741
0.000253741
0.000158636
3.25194e-05
-0.000119681
-0.000290368
-0.000469729
-0.000646574
-0.000808994
-0.000945222
-0.00104502
-0.00110038
-0.00110485
-0.00105317
-0.000942056
-0.000770929
-0.000542045
-0.000260909
6.30259e-05
0.000416065
0.000780454
0.00113536
0.00145935
0.00173305
0.00194006
0.00206701
0.00210391
0.00204448
0.00188587
0.00162839
0.00127609
0.000837908
0.00032903
-0.000228467
-0.000806799
-0.00137533
-0.0019035
-0.00236312
-0.00273015
-0.00298599
-0.00311781
-0.00311775
-0.00298212
-0.00271182
-0.00231417
-0.00180436
-0.00120536
-0.000546654
0.000137805
0.000812317
0.00144267
0.00199904
0.00245784
0.00280201
0.00302029
0.00310673
0.00306082
0.00288749
0.00259698
0.00220505
0.00173324
0.00120764
0.000656242
0.000106653
-0.000415196
-0.000886021
-0.00128629
-0.00160064
-0.00181742
-0.00192847
-0.00192976
-0.00182216
-0.00161159
-0.00130901
-0.00093049
-0.000496679
-3.15224e-05
0.000439571
0.000891227
0.00129936
0.00164254
0.00190324
0.00206852
0.00213011
0.00208447
0.00193314
0.00168309
0.00134638
0.000939219
0.000481028
-6.4555e-06
-0.000500578
-0.000979569
-0.00142381
-0.00181621
-0.00214233
-0.00239077
-0.00255357
-0.00262617
-0.00260761
-0.00250101
-0.00231368
-0.0020562
-0.00174113
-0.00138183
-0.000991561
-0.000583562
-0.000171286
0.000231868
0.000613045
0.000959984
0.00126126
0.00150724
0.00169086
0.00180764
0.00185523
0.00183299
0.00174212
0.00158621
0.00137153
0.00110678
0.00080317
0.00047502
0.000139501
-0.00018512
-0.000481391
-0.000733613
-0.000928714
-0.00105776
-0.00111697
-0.00110709
-0.00103188
-0.000897656
-0.000713486
-0.000490811
-0.000242568
1.73747e-05
0.000274417
0.00051392
0.000722558
0.000889357
0.00100586
0.00106608
0.00106689
0.00100828
0.000892871
0.00072538
0.000512593
0.000263182
-1.2928e-05
-0.000305094
-0.000602161
-0.000892681
-0.00116497
-0.00140673
-0.00160509
-0.00174765
-0.00182381
-0.0018255
-0.00174808
-0.00159153
-0.00136057
-0.00106305
-0.000708825
-0.000310022
0.000118771
0.000560947
0.000998165
0.00141032
0.00177645
0.00207684
0.00229534
0.00242132
0.00245058
0.00238491
0.00223116
0.00200035
0.00170635
0.0013645
0.000991166
0.000604346
0.000223401
-0.00013211
-0.000443708
-0.000695138
-0.000873752
-0.000971827
-0.000987025
-0.00092193
-0.000783252
-0.000581068
-0.000328387
-4.10305e-05
0.000262516
0.000561477
0.000833793
0.00105809
0.0012155
0.00129047
0.0012718
0.00115508
0.000944517
0.000652401
0.000296748
-0.000100411
-0.000514125
-0.000918149
-0.00128698
-0.00159737
-0.0018287
-0.00196323
-0.00198782
-0.00189671
-0.00169307
-0.0013884
-0.00100089
-0.000554171
-7.5357e-05
0.000407671
0.000868429
0.0012828
0.00162929
0.00188939
0.00204892
0.00209976
0.00204116
0.00187928
0.00162613
0.00129905
0.00091965
0.000512017
0.000101012
-0.000288735
-0.000633938
-0.000914094
-0.00111281
-0.00121894
-0.00122729
-0.00113847
-0.000958253
-0.000697257
-0.000370411
4.10168e-06
0.000406039
0.000814156
0.00120711
0.00156435
0.00186723
0.00210002
0.00225046
0.00230974
0.00227268
0.00213807
0.00190866
0.00159082
0.00119437
0.000732535
0.000221363
-0.00032139
-0.000876935
-0.00142526
-0.0019451
-0.00241504
-0.00281518
-0.0031283
-0.00334062
-0.00344257
-0.00342953
-0.00330192
-0.00306485
-0.00272749
-0.00230281
-0.00180772
-0.00126284
-0.00069168
-0.000119342
0.000428919
0.000929279
0.00136089
0.00170713
0.00195617
0.00210095
0.00213875
0.0020711
0.00190357
0.00164573
0.00131099
0.000916592
0.00048281
3.17806e-05
-0.000413887
-0.000832433
-0.00120423
-0.00151282
-0.00174545
-0.00189329
-0.00195159
-0.00191973
-0.00180104
-0.00160241
-0.00133427
-0.00101036
-0.000646953
-0.000261848
0.000126547
0.000500086
0.000842023
0.00113808
0.00137706
0.00155112
0.00165572
0.0016895
0.00165414
0.00155424
0.00139714
0.00119263
0.000952678
0.000690904
0.0004217
0.000159184
-8.39143e-05
-0.000297085
-0.000472251
-0.000603702
-0.000603702
-0.000688193
-0.000725025
-0.000715849
-0.000664359
-0.000575986
-0.000457622
-0.000317338
-0.000163884
-5.9709e-06
0.000148199
0.000290957
0.000415329
0.000515521
0.000587113
0.000626844
0.000632585
0.000603782
0.000541912
0.00045056
0.000335322
0.000203706
6.45605e-05
-7.32033e-05
-0.000201604
-0.000313561
-0.000402789
-0.000464318
-0.000494853
-0.000492536
-0.00045689
-0.000389421
-0.000294122
-0.000177358
-4.73173e-05
8.69245e-05
0.000216477
0.000333363
0.000430897
0.000503956
0.000549008
0.000563894
0.000547738
0.000501134
0.000426353
0.000327426
0.000209976
8.06584e-05
-5.35098e-05
-0.000185662
-0.000309589
-0.00042023
-0.000513721
-0.000587027
-0.000637802
-0.000664678
-0.000667426
-0.000646827
-0.000604611
-0.000543458
-0.000466764
-0.000378221
-0.000281537
-0.000180365
-7.83963e-05
2.03946e-05
0.000111654
0.00019088
0.000253755
0.000296434
0.000316
0.000311063
0.000281885
0.000229907
0.000157321
6.69259e-05
-3.80591e-05
-0.000154075
-0.000276862
-0.000401037
-0.000520195
-0.000627406
-0.000715846
-0.00077963
-0.000814499
-0.000817953
-0.000789084
-0.000728472
-0.000638049
-0.000520966
-0.000381636
-0.000225918
-6.11104e-05
0.000104366
0.000261691
0.000402621
0.000520112
0.000608474
0.000663578
0.000683151
0.000666671
0.000614988
0.000530196
0.000415723
0.000276235
0.000117335
-5.46589e-05
-0.000232846
-0.000410017
-0.000579097
-0.000733409
-0.000866658
-0.000973056
-0.00104783
-0.00108768
-0.00109067
-0.00105622
-0.000985212
-0.000880106
-0.000744781
-0.000584223
-0.000404269
-0.000211357
-1.22263e-05
0.000186388
0.000377884
0.00055588
0.000714505
0.000848731
0.000954437
0.0010284
0.0010685
0.00107387
0.00104473
0.000982152
0.000887924
0.000764606
0.000615804
0.000446348
0.000262113
6.97448e-05
-0.000123509
-0.000310192
-0.000483326
-0.00063681
-0.000765277
-0.000863931
-0.000928591
-0.000955911
-0.00094388
-0.000892338
-0.000803072
-0.000679692
-0.000527496
-0.000353117
-0.000163858
3.28668e-05
0.000229741
0.000419656
0.000595883
0.000752215
0.00088309
0.000983804
0.00105084
0.00108211
0.0010768
0.00103521
0.000958852
0.000850571
0.000714202
0.000554159
0.000375378
0.000183374
-1.58159e-05
-0.000215718
-0.000409414
-0.000589463
-0.00074788
-0.000876603
-0.000968644
-0.00101903
-0.00102484
-0.000984977
-0.000900314
-0.000773629
-0.00060917
-0.00041243
-0.000190407
4.80572e-05
0.000292204
0.000529804
0.000748382
0.000936618
0.00108517
0.00118707
0.0012381
0.00123672
0.00118357
0.00108103
0.000933262
0.000746462
0.000528846
0.000290444
4.26249e-05
-0.000202613
-0.000433532
-0.000639588
-0.000812177
-0.000945015
-0.00103411
-0.00107752
-0.00107511
-0.00102831
-0.00093987
-0.000813755
-0.000655292
-0.000471382
-0.000270293
-6.11431e-05
0.000146521
0.000343016
0.000519023
0.000666301
0.00077813
0.000849315
0.000876135
0.000856531
0.000790373
0.000679573
0.000528177
0.000342652
0.0001321
-9.21981e-05
-0.000318001
-0.000533263
-0.000726627
-0.000887816
-0.00100823
-0.00108125
-0.00110218
-0.00106834
-0.000979373
-0.000837595
-0.0006481
-0.000418708
-0.000159568
0.000117505
0.000399804
0.000674494
0.00092926
0.00115282
0.00133532
0.00146854
0.00154598
0.00156315
0.0015182
0.00141234
0.0012501
0.00103901
0.000788989
0.000511593
0.000219248
-7.55179e-05
-0.000360676
-0.000624966
-0.000858052
-0.0010508
-0.0011956
-0.00128667
-0.00132056
-0.00129656
-0.00121693
-0.00108658
-0.000912669
-0.000704073
-0.000470918
-0.000224073
2.5229e-05
0.000265639
0.000485937
0.000675483
0.00082492
0.000926816
0.000976029
0.000969983
0.000908919
0.00079593
0.000636734
0.000439326
0.000213556
-2.93788e-05
-0.000277386
-0.000517907
-0.000738438
-0.000927112
-0.0010733
-0.00116836
-0.00120641
-0.00118482
-0.00110417
-0.000967933
-0.000782133
-0.000555171
-0.000297581
-2.15828e-05
0.000259632
0.000532607
0.000784187
0.00100222
0.00117647
0.00129941
0.00136646
0.00137604
0.00132937
0.00123031
0.00108502
0.000901339
0.000688239
0.000455417
0.00021307
-2.85042e-05
-0.000259475
-0.000470874
-0.000470874
-0.00065476
-0.000804525
-0.000915317
-0.000984054
-0.00100904
-0.000989825
-0.000927589
-0.000825344
-0.000687598
-0.000520059
-0.000329708
-0.000124779
8.56075e-05
0.000291949
0.000484779
0.000655075
0.00079474
0.000897109
0.000957422
0.000972973
0.000943037
0.000868889
0.000753916
0.000603518
0.000424745
0.000225937
1.63765e-05
-0.000194184
-0.000396137
-0.00058059
-0.000739795
-0.000867434
-0.000958818
-0.00101099
-0.00102266
-0.000993978
-0.000926329
-0.000822431
-0.000686448
-0.000523899
-0.000341454
-0.000146743
5.19982e-05
0.000246559
0.000429391
0.000593875
0.000734313
0.00084591
0.000924803
0.000968097
0.000974018
0.000942213
0.00087405
0.000772752
0.000643331
0.000492256
0.000326896
0.000155021
-1.55263e-05
-0.000177131
-0.000322777
-0.000446322
-0.000542607
-0.00060762
-0.000638807
-0.000635319
-0.000598008
-0.000529356
-0.000433438
-0.000315769
-0.000182961
-4.23418e-05
9.84638e-05
0.000232047
0.000351673
0.000451565
0.000527081
0.000574779
0.000592307
0.000578283
0.000532355
0.000455351
0.000349332
0.00021765
6.50626e-05
-0.000102428
-0.000278124
-0.00045509
-0.000626211
-0.000784235
-0.000922198
-0.0010339
-0.00111402
-0.00115813
-0.00116298
-0.00112681
-0.00104955
-0.000932894
-0.000780285
-0.000596902
-0.00038959
-0.000166668
6.25665e-05
0.000288494
0.000501713
0.000693457
0.000855969
0.000982881
0.00106954
0.00111319
0.00111297
0.00107008
0.000987866
0.00087165
0.000728229
0.000565295
0.000391001
0.000213496
4.03544e-05
-0.000121729
-0.000266863
-0.000390009
-0.000487399
-0.000556834
-0.000597619
-0.000610487
-0.000597523
-0.00056189
-0.000507433
-0.000438383
-0.000359167
-0.000274323
-0.000188522
-0.000106447
-3.23958e-05
3.01061e-05
7.85253e-05
0.000111438
0.000128446
0.000129964
0.00011711
9.16095e-05
5.55634e-05
1.1228e-05
-3.90035e-05
-9.25472e-05
-0.000146688
-0.000198705
-0.000245934
-0.000285796
-0.00031593
-0.000334454
-0.000340131
-0.000332319
-0.000310907
-0.000276374
-0.000229863
-0.000173121
-0.000108387
-3.83762e-05
3.37275e-05
0.000104481
0.00017055
0.00022898
0.000277334
0.000313861
0.000337712
0.00034892
0.000348142
0.000336489
0.000315579
0.000287521
0.000254723
0.000219703
0.000184922
0.000152562
0.000124293
0.000101155
8.35628e-05
7.14487e-05
6.45309e-05
6.2447e-05
6.46681e-05
7.04893e-05
7.92294e-05
9.038e-05
0.000103524
0.00011823
0.000134147
0.000151112
0.00016908
0.000187941
0.000207326
0.000226477
0.000244214
0.000258959
0.000268786
0.00027164
0.000265772
0.00024994
0.000223231
0.000184977
0.000134922
7.3291e-05
7.72013e-07
-8.13144e-05
-0.000170687
-0.000263911
-0.000356409
-0.000442818
-0.000517839
-0.000577015
-0.000616831
-0.000634608
-0.000628664
-0.000598476
-0.000544674
-0.000469071
-0.00037481
-0.000266429
-0.000149747
-3.13702e-05
8.21233e-05
0.000184758
0.00027133
0.000337645
0.000380866
0.000399542
0.000393352
0.000363031
0.000310514
0.000238906
0.000152248
5.53161e-05
-4.65708e-05
-0.00014785
-0.000243088
-0.000327295
-0.000396137
-0.000446067
-0.000474436
-0.000479537
-0.000460588
-0.000417713
-0.000351983
-0.000265439
-0.000161096
-4.28694e-05
8.45933e-05
0.000216112
0.000346139
0.000468984
0.000579168
0.000671713
0.00074218
0.000786697
0.000802128
0.000786372
0.000738787
0.000660477
0.00055422
0.000424304
0.000276401
0.000117197
-4.63271e-05
-0.000207374
-0.00035938
-0.000496144
-0.000612212
-0.000703143
-0.000765593
-0.000797441
-0.000798005
-0.000768069
-0.000709613
-0.000625559
-0.000519727
-0.000396794
-0.00026199
-0.000120802
2.10273e-05
0.000157543
0.000282924
0.00039192
0.000480073
0.000543859
0.000580931
0.00059033
0.000572483
0.000529034
0.000462711
0.000377261
0.000277276
0.000167911
5.46402e-05
-5.69244e-05
-0.000161276
-0.00025335
-0.0003288
-0.000384175
-0.000417037
-0.000426066
-0.000411067
-0.000372875
-0.000313236
-0.000234714
-0.000140567
-3.45879e-05
7.90383e-05
0.00019585
0.000311205
0.000420342
0.000518459
0.000600975
0.00066388
0.000703932
0.000718672
0.000706511
0.000667009
0.000601034
0.00051063
0.000398967
0.000398967
0.000270463
0.000130666
-1.43003e-05
-0.000158259
-0.000295115
-0.000419024
-0.000524801
-0.000608201
-0.000665908
-0.00069553
-0.000695804
-0.000666786
-0.000609829
-0.000527492
-0.000423497
-0.000302545
-0.000169876
-3.08685e-05
0.000109132
0.000244928
0.000371608
0.000484585
0.000579575
0.000652621
0.000700228
0.000719651
0.000709408
0.000669656
0.000602111
0.000509783
0.000396791
0.000268084
0.000128984
-1.51319e-05
-0.000158832
-0.000296574
-0.000422763
-0.00053192
-0.000618985
-0.00067977
-0.000711403
-0.000712612
-0.000683782
-0.000626841
-0.000545008
-0.000442429
-0.000323823
-0.000194281
-5.92323e-05
7.56042e-05
0.000204352
0.0003212
0.000420712
0.000498222
0.000550245
0.000574744
0.000571228
0.000540665
0.000485263
0.00040822
0.000313494
0.000205623
8.95807e-05
-2.93295e-05
-0.00014558
-0.000253606
-0.000348086
-0.000424264
-0.000478311
-0.000507603
-0.000510839
-0.000487997
-0.000440221
-0.000369703
-0.000279567
-0.000173781
-5.70775e-05
6.51703e-05
0.000187107
0.000302676
0.000406063
0.0004921
0.000556495
0.000596003
0.000608601
0.000593556
0.000551351
0.000483599
0.000392994
0.000283257
0.000159082
2.60856e-05
-0.000109412
-0.000240782
-0.000361545
-0.00046574
-0.000548263
-0.000605189
-0.000633984
-0.000633502
-0.000603846
-0.00054632
-0.000463476
-0.000359068
-0.000237908
-0.000105694
3.11833e-05
0.000166014
0.000292245
0.00040389
0.000495858
0.000564178
0.000606084
0.000620003
0.000605538
0.000563468
0.000495749
0.000405529
0.000297091
0.000175696
4.73135e-05
-8.17381e-05
-0.000205246
-0.000317496
-0.000413521
-0.000489281
-0.000541827
-0.000569356
-0.00057116
-0.000547601
-0.000500171
-0.000431502
-0.000345231
-0.000245791
-0.000138144
-2.74622e-05
8.12016e-05
0.00018318
0.000274375
0.000351354
0.00041137
0.00045241
0.000473306
0.000473793
0.000454496
0.000416881
0.000363189
0.000296318
0.00021963
0.000136712
5.11459e-05
-3.36656e-05
-0.000114559
-0.000188641
-0.000253387
-0.0003067
-0.000346877
-0.000372584
-0.000382991
-0.000377953
-0.000358073
-0.000324671
-0.000279798
-0.000226205
-0.000167135
-0.000105973
-4.60235e-05
9.61899e-06
5.82853e-05
9.7991e-05
0.00012746
0.000145943
0.000153171
0.000149467
0.000135764
0.000113439
8.42082e-05
5.01325e-05
1.35597e-05
-2.31297e-05
-5.78017e-05
-8.86717e-05
-0.000114284
-0.000133522
-0.00014561
-0.000149984
-0.000146139
-0.000133655
-0.000112408
-8.27854e-05
-4.57801e-05
-3.04728e-06
4.30836e-05
8.97969e-05
0.000134239
0.000173896
0.000206637
0.00023068
0.000244699
0.000247905
0.000239952
0.000220877
0.00019122
0.000152167
0.00010553
5.36078e-05
-1.00158e-06
-5.56054e-05
-0.000107675
-0.00015511
-0.000196393
-0.000230554
-0.000256936
-0.000274968
-0.000284156
-0.000284168
-0.000274879
-0.000256511
-0.00022986
-0.000196334
-0.000157689
-0.000115774
-7.24376e-05
-2.94873e-05
1.13468e-05
4.83805e-05
7.99121e-05
0.000104231
0.000119733
0.000125138
0.000119764
0.000103697
7.77883e-05
4.3562e-05
3.08989e-06
-4.12447e-05
-8.70674e-05
-0.000132189
-0.000174553
-0.000212202
-0.000243361
-0.000266516
-0.000280434
-0.000284263
-0.000277728
-0.000261206
-0.000235591
-0.000202081
-0.000162007
-0.000116752
-6.76743e-05
-1.60672e-05
3.67923e-05
8.95335e-05
0.000140642
0.000188557
0.000231844
0.000269311
0.000300062
0.0003235
0.000339267
0.000347123
0.000346855
0.000338304
0.000321447
0.000296534
0.000264251
0.00022575
0.000182473
0.000135975
8.78073e-05
3.93824e-05
-8.14286e-06
-5.38085e-05
-9.67061e-05
-0.000135894
-0.000170362
-0.00019904
-0.000220953
-0.000235463
-0.000242423
-0.000242151
-0.000235359
-0.000223093
-0.000206642
-0.000187382
-0.00016667
-0.000145877
-0.000126448
-0.000109805
-9.71157e-05
-8.91435e-05
-8.62126e-05
-8.81486e-05
-9.42131e-05
-0.000103219
-0.000113825
-0.000124701
-0.000134463
-0.00014169
-0.000145111
-0.000143688
-0.000136587
-0.000123223
-0.000103389
-7.72914e-05
-4.54975e-05
-8.87325e-06
3.14954e-05
7.44116e-05
0.00011865
0.000162989
0.000206219
0.000247154
0.000284668
0.000317722
0.00034541
0.000366971
0.000381797
0.000389436
0.000389656
0.000382476
0.000382476
0.000368101
0.000346851
0.00031916
0.000285609
0.000246977
0.000204238
0.000158453
0.000110659
6.18207e-05
1.27782e-05
-3.57551e-05
-8.31083e-05
-0.000128602
-0.000171547
-0.000211198
-0.000246738
-0.000277399
-0.000302602
-0.00032192
-0.000334986
-0.000341476
-0.000341166
-0.000334017
-0.000320197
-0.000300018
-0.000273939
-0.000242641
-0.000207021
-0.000168142
-0.0001272
-8.54476e-05
-4.40513e-05
-3.99574e-06
3.39374e-05
6.91419e-05
0.000101129
0.000129493
0.000153891
0.000173994
0.000189454
0.000199983
0.000205468
0.000205999
0.000201829
0.00019336
0.000181139
0.000165843
0.000148247
0.000129202
0.00010966
9.06927e-05
7.33766e-05
5.85959e-05
4.69475e-05
3.87815e-05
3.42006e-05
3.30021e-05
3.47056e-05
3.86669e-05
4.41208e-05
5.01321e-05
5.56212e-05
5.94847e-05
6.06972e-05
5.83764e-05
5.18434e-05
4.06631e-05
2.46496e-05
3.85239e-06
-2.14526e-05
-5.0732e-05
-8.31087e-05
-0.000117298
-0.000151622
-0.000184083
-0.000212531
-0.000234999
-0.000249942
-0.000256209
-0.00025303
-0.000240168
-0.00021801
-0.000187422
-0.000149614
-0.000106185
-5.91526e-05
-1.08244e-05
3.63941e-05
8.01661e-05
0.000118368
0.000149252
0.000171605
0.000184804
0.000188756
0.000183753
0.000170372
0.00014946
0.00012212
8.96693e-05
5.36274e-05
1.57348e-05
-2.21241e-05
-5.80857e-05
-9.04502e-05
-0.000117754
-0.000138805
-0.000152681
-0.000158697
-0.000156355
-0.00014536
-0.000125665
-9.75561e-05
-6.17816e-05
-1.96384e-05
2.70587e-05
7.60635e-05
0.000124782
0.000170467
0.000210572
0.000242983
0.000265949
0.000278003
0.000278068
0.000265539
0.000240293
0.00020278
0.000154192
9.65311e-05
3.25089e-05
-3.47056e-05
-0.000101822
-0.000165732
-0.000223668
-0.000273278
-0.000312664
-0.000340358
-0.00035525
-0.000356589
-0.00034408
-0.000317992
-0.000279219
-0.00022929
-0.000170333
-0.00010494
-3.59054e-05
3.39902e-05
0.000102048
0.000165651
0.000222335
0.000269886
0.000306378
0.000330241
0.000340396
0.000336437
0.000318726
0.000288385
0.000247193
0.000197462
0.000141883
8.33408e-05
2.47295e-05
-3.11654e-05
-8.16995e-05
-0.000124453
-0.000157392
-0.000179003
-0.000188383
-0.000185287
-0.000170154
-0.000144072
-0.000108663
-6.59262e-05
-1.80774e-05
3.25705e-05
8.3704e-05
0.000133102
0.000178716
0.000218725
0.000251557
0.000275963
0.000291127
0.000296714
0.000292815
0.000279863
0.000258591
0.000230018
0.000195381
0.000156062
0.000113578
6.95851e-05
2.58854e-05
-1.56371e-05
-5.31168e-05
-8.48058e-05
-0.000109157
-0.000124934
-0.000131347
-0.000128086
-0.000115233
-9.32189e-05
-6.2863e-05
-2.54093e-05
1.7483e-05
6.3761e-05
0.000111035
0.000156718
0.000198212
0.000233125
0.000259484
0.000275838
0.000281216
0.000275101
0.000257457
0.000228736
0.000189852
0.000142184
8.75872e-05
2.83131e-05
-3.31287e-05
-9.41437e-05
-0.000152238
-0.000205181
-0.000251119
-0.000288639
-0.000316813
-0.000335174
-0.000343673
-0.000342641
-0.000332812
-0.000315326
-0.000291662
-0.000263553
-0.000232903
-0.000201674
-0.000171738
-0.000144741
-0.000122038
-0.00010468
-9.34346e-05
-8.88001e-05
-9.0967e-05
-9.97864e-05
-0.000114764
-0.000135063
-0.000159546
-0.000186862
-0.00021554
-0.00024407
-0.000270992
-0.00029495
-0.000314712
-0.000329169
-0.000337342
-0.000338422
-0.000331828
-0.00031728
-0.000294903
-0.000265294
-0.000229483
-0.000188846
-0.000145052
-9.99726e-05
-5.54806e-05
-1.33134e-05
2.49102e-05
5.76733e-05
8.36619e-05
0.000101881
0.000111698
0.00011288
0.000105665
9.07946e-05
6.944e-05
4.30807e-05
1.33871e-05
-1.78755e-05
-4.89214e-05
-7.80001e-05
-0.000103446
-0.000123749
-0.00013767
-0.000144354
-0.000143355
-0.000134635
-0.000118579
-9.59716e-05
-6.79021e-05
-3.56805e-05
-8.21538e-07
3.5001e-05
7.00635e-05
0.000102695
0.000131354
0.000154703
0.000171699
0.000181645
0.00018421
0.000179432
0.000167709
0.000149796
0.00012676
9.99135e-05
7.07682e-05
4.09595e-05
1.21485e-05
-1.40641e-05
-3.6186e-05
-5.2888e-05
-6.30871e-05
-6.60186e-05
-6.12748e-05
-4.88187e-05
-2.89825e-05
-2.45899e-06
2.97058e-05
6.61329e-05
0.000105173
0.000145019
0.000183814
0.000219743
0.000251124
0.000276498
0.000276498
0.000294697
0.000304855
0.000306391
0.000299001
0.000282674
0.000257712
0.000224784
0.000184969
0.000139702
9.06599e-05
3.96943e-05
-1.12197e-05
-6.00716e-05
-0.000104921
-0.000143961
-0.000175553
-0.000198284
-0.00021107
-0.000213275
-0.000204754
-0.000185832
-0.000157299
-0.000120407
-7.67773e-05
-2.8267e-05
2.31203e-05
7.53015e-05
0.000126219
0.000173949
0.00021676
0.000253153
0.000281892
0.000302048
0.000312995
0.000314397
0.000306233
0.00028889
0.000263226
0.000230504
0.000192292
0.00015042
0.000106892
6.37236e-05
2.28102e-05
-1.40821e-05
-4.5323e-05
-6.95095e-05
-8.55901e-05
-9.29562e-05
-9.1504e-05
-8.16764e-05
-6.44554e-05
-4.12766e-05
-1.38746e-05
1.58961e-05
4.61802e-05
7.51733e-05
0.000101189
0.00012276
0.000138688
0.00014803
0.00015012
0.000144663
0.000131791
0.000112049
8.64002e-05
5.62198e-05
2.32022e-05
-1.07937e-05
-4.38706e-05
-7.41861e-05
-0.00010005
-0.000120019
-0.000132932
-0.000137874
-0.000134207
-0.000121657
-0.000100388
-7.10456e-05
-3.48178e-05
6.53604e-06
5.07638e-05
9.52816e-05
0.0001374
0.000174627
0.000204867
0.000226403
0.000237841
0.000238164
0.000226776
0.000203511
0.000168729
0.000123495
6.96908e-05
9.99299e-06
-5.23164e-05
-0.000113749
-0.000171021
-0.000221225
-0.000261892
-0.000291103
-0.000307544
-0.000310441
-0.000299509
-0.000275026
-0.000237942
-0.00018992
-0.000133267
-7.07774e-05
-5.54181e-06
5.92874e-05
0.000120766
0.000176372
0.000224091
0.000262383
0.00029014
0.000306667
0.000311701
0.000305423
0.000288504
0.00026215
0.000228077
0.000188398
0.000145437
0.000101526
5.88363e-05
1.93023e-05
-1.5399e-05
-4.38673e-05
-6.49907e-05
-7.79461e-05
-8.22297e-05
-7.77243e-05
-6.47635e-05
-4.41643e-05
-1.72389e-05
1.41993e-05
4.78955e-05
8.1365e-05
0.000112169
0.000138075
0.000157146
0.000167877
0.00016932
0.000161056
0.000143065
0.000115697
7.97426e-05
3.64356e-05
-1.26488e-05
-6.56884e-05
-0.000120649
-0.000175365
-0.000227697
-0.000275628
-0.00031728
-0.000351003
-0.000375528
-0.00039002
-0.000394013
-0.000387383
-0.000370389
-0.0003437
-0.000308356
-0.000265742
-0.000217589
-0.000165956
-0.000113126
-6.14647e-05
-1.32736e-05
2.93432e-05
6.46084e-05
9.11624e-05
0.000108108
0.000115008
0.000111861
9.90627e-05
7.73954e-05
4.80144e-05
1.24595e-05
-2.73347e-05
-6.90934e-05
-0.00011034
-0.000148559
-0.000181373
-0.000206742
-0.000223183
-0.000229858
-0.000226506
-0.000213374
-0.000191193
-0.000161111
-0.000124552
-8.31941e-05
-3.90319e-05
5.68081e-06
4.86447e-05
8.77255e-05
0.000121106
0.000147423
0.000165854
0.000176112
0.000178343
0.000173008
0.000160791
0.000142574
0.000119445
9.26819e-05
6.36798e-05
3.38745e-05
4.69298e-06
-2.25141e-05
-4.65896e-05
-6.66632e-05
-8.21691e-05
-9.2814e-05
-9.85386e-05
-9.94893e-05
-9.59996e-05
-8.8561e-05
-7.77832e-05
-6.43558e-05
-4.90126e-05
-3.24996e-05
-1.55495e-05
1.1486e-06
1.69862e-05
3.1443e-05
4.40721e-05
5.45231e-05
6.25918e-05
6.82248e-05
7.14817e-05
7.25138e-05
7.15611e-05
6.89257e-05
6.49308e-05
5.99138e-05
5.42428e-05
4.83174e-05
4.25565e-05
3.73837e-05
3.32013e-05
3.03551e-05
2.91021e-05
2.95993e-05
3.19278e-05
3.61425e-05
4.23162e-05
5.05583e-05
6.10059e-05
7.37337e-05
8.85618e-05
0.000104914
0.000121867
0.000138278
0.000152872
0.0001644
0.000171892
0.000174753
0.000172583
0.000165054
0.000151975
0.000133341
0.000109312
8.02832e-05
4.70371e-05
1.07513e-05
-2.71478e-05
-6.51525e-05
-0.000101798
-0.000135755
-0.000165891
-0.000191258
-0.000211015
-0.000224407
-0.000230835
-0.000229944
-0.000221623
-0.000206024
-0.000183627
-0.000155261
-0.000122038
-8.52651e-05
-4.63596e-05
-6.74926e-06
3.2209e-05
6.92778e-05
0.000103337
0.000133341
0.000158314
0.000177385
0.000189816
0.000195066
0.00019293
0.000183631
0.000167744
0.000146065
0.000119581
8.94234e-05
5.67935e-05
2.29214e-05
-1.09097e-05
-4.33575e-05
-7.30742e-05
-9.87997e-05
-0.000119461
-0.000134259
-0.000142718
-0.000144687
-0.000140276
-0.000129779
-0.000113658
-9.25586e-05
-6.72842e-05
-3.87763e-05
-8.13759e-06
2.3338e-05
5.42165e-05
8.30538e-05
0.000108509
0.000129412
0.000129412
0.000144839
0.000154193
0.000157239
0.000154054
0.000144959
0.000130512
0.000111517
8.90038e-05
6.41695e-05
3.83351e-05
1.28827e-05
-1.08822e-05
-3.19048e-05
-4.9479e-05
-6.32148e-05
-7.29599e-05
-7.87764e-05
-8.09234e-05
-7.97926e-05
-7.58666e-05
-6.97451e-05
-6.21715e-05
-5.40033e-05
-4.61447e-05
-3.94648e-05
-3.47e-05
-3.23519e-05
-3.26194e-05
-3.54054e-05
-4.03872e-05
-4.70898e-05
-5.49581e-05
-6.3456e-05
-7.2108e-05
-8.04308e-05
-8.78897e-05
-9.39547e-05
-9.81574e-05
-0.000100101
-9.95078e-05
-9.63072e-05
-9.06601e-05
-8.28877e-05
-7.33922e-05
-6.2602e-05
-5.0932e-05
-3.87524e-05
-2.63888e-05
-1.41604e-05
-2.41422e-06
8.47333e-06
1.81251e-05
2.62e-05
3.24333e-05
3.66809e-05
3.89448e-05
3.93572e-05
3.81374e-05
3.55558e-05
3.1911e-05
2.75004e-05
2.2589e-05
1.73884e-05
1.20439e-05
6.64132e-06
1.22208e-06
-4.22358e-06
-9.7523e-06
-1.54195e-05
-2.1268e-05
-2.73806e-05
-3.38888e-05
-4.09182e-05
-4.85538e-05
-5.68433e-05
-6.57849e-05
-7.53017e-05
-8.52463e-05
-9.5437e-05
-0.000105699
-0.000115881
-0.000125855
-0.000135505
-0.000144706
-0.000153298
-0.000161082
-0.000167858
-0.00017347
-0.000177824
-0.000180886
-0.000182703
-0.000183389
-0.000183105
-0.000182031
-0.000180348
-0.000178226
-0.000175781
-0.000173046
-0.000169956
-0.000166398
-0.000162232
-0.000157259
-0.000151182
-0.000143591
-0.000134016
-0.000122017
-0.000107236
-8.94672e-05
-6.87592e-05
-4.54613e-05
-2.01344e-05
6.5859e-06
3.40396e-05
6.153e-05
8.83185e-05
0.000113621
0.000136609
0.000156445
0.000172357
0.000183722
0.000190123
0.000191366
0.000187489
0.000178736
0.000165507
0.000148288
0.000127617
0.000104085
7.83543e-05
5.11799e-05
2.33882e-05
-4.1638e-06
-3.06295e-05
-5.52244e-05
-7.72907e-05
-9.63299e-05
-0.000111972
-0.000123903
-0.000131764
-0.000135114
-0.000133525
-0.000126747
-0.000114766
-9.78036e-05
-7.63567e-05
-5.12151e-05
-2.33534e-05
6.21046e-06
3.64605e-05
6.63529e-05
9.47979e-05
0.000120685
0.000142939
0.000160587
0.000172829
0.000179141
0.000179357
0.000173684
0.000162647
0.000147009
0.0001277
0.000105744
8.21903e-05
5.80979e-05
3.45398e-05
1.25869e-05
-6.73916e-06
-2.25262e-05
-3.40423e-05
-4.08105e-05
-4.26449e-05
-3.96383e-05
-3.21333e-05
-2.0679e-05
-5.97429e-06
1.11785e-05
2.99081e-05
4.92961e-05
6.83921e-05
8.62459e-05
0.000101962
0.000114763
0.000124059
0.000129521
0.000131104
0.000129026
0.000123729
0.000115818
0.000105976
9.49122e-05
8.33653e-05
7.21003e-05
6.1869e-05
5.33739e-05
4.72457e-05
4.39938e-05
4.39211e-05
4.70607e-05
5.31713e-05
6.17783e-05
7.22626e-05
8.3961e-05
9.62111e-05
0.000108354
0.000119749
0.000129781
0.000137845
0.000143356
0.000145799
0.000144803
0.000140183
0.000131971
0.000120413
0.000105932
8.90595e-05
7.03796e-05
5.04936e-05
3.00086e-05
9.53738e-06
-1.02907e-05
-2.8824e-05
-4.54031e-05
-5.93803e-05
-7.01548e-05
-7.72559e-05
-8.04233e-05
-7.9611e-05
-7.49442e-05
-6.66768e-05
-5.51446e-05
-4.07251e-05
-2.38368e-05
-4.9678e-06
1.52916e-05
3.62283e-05
5.70204e-05
7.68064e-05
9.4784e-05
0.000110286
0.000122821
0.000132079
0.00013792
0.000140342
0.000139447
0.000135425
0.000128563
0.000119265
0.000108043
9.54934e-05
8.22781e-05
6.90845e-05
5.65596e-05
4.52349e-05
3.54513e-05
2.72945e-05
2.05814e-05
1.49336e-05
9.91367e-06
5.16535e-06
5.21011e-07
-3.98977e-06
-8.26499e-06
-1.22719e-05
-1.60739e-05
-1.97875e-05
-2.35508e-05
-2.74745e-05
-3.15512e-05
-3.56117e-05
-3.94095e-05
-4.27646e-05
-4.56466e-05
-4.81788e-05
-5.06157e-05
-5.32957e-05
-5.65382e-05
-6.05372e-05
-6.53298e-05
-7.08359e-05
-7.69188e-05
-8.34408e-05
-9.03006e-05
-9.74114e-05
-0.000104617
-0.000111624
-0.000118011
-0.000123269
-0.00012684
-0.000128192
-0.000126912
-0.000122772
-0.000115727
-0.000105845
-9.32719e-05
-7.82516e-05
-6.11522e-05
-4.24771e-05
-2.28735e-05
-3.12361e-06
1.59081e-05
3.33536e-05
4.84286e-05
6.05171e-05
6.92072e-05
7.42763e-05
7.56764e-05
7.3532e-05
6.81179e-05
5.98249e-05
4.91569e-05
3.6746e-05
2.33385e-05
9.75074e-06
-3.18258e-06
-1.46692e-05
-2.40234e-05
-3.07205e-05
-3.44325e-05
-3.50388e-05
-3.26124e-05
-2.73942e-05
-1.97805e-05
-1.97805e-05
-1.0322e-05
2.89603e-07
1.12477e-05
2.16786e-05
3.07256e-05
3.76179e-05
4.16952e-05
4.24528e-05
3.96224e-05
3.31982e-05
2.33776e-05
1.05079e-05
-4.91474e-06
-2.22597e-05
-4.0812e-05
-5.9812e-05
-7.84771e-05
-9.60323e-05
-0.000111756
-0.00012503
-0.000135367
-0.000142419
-0.000145957
-0.000145874
-0.00014217
-0.00013492
-0.000124226
-0.000110212
-9.30763e-05
-7.31464e-05
-5.08517e-05
-2.66908e-05
-1.24101e-06
2.48258e-05
5.07483e-05
7.56928e-05
9.8783e-05
0.000119138
0.000135912
0.000148362
0.000155953
0.000158402
0.000155632
0.00014775
0.000135085
0.00011819
9.77914e-05
7.47648e-05
5.01306e-05
2.50056e-05
5.02353e-07
-2.23749e-05
-4.28087e-05
-6.02091e-05
-7.4221e-05
-8.47075e-05
-9.17164e-05
-9.54293e-05
-9.60896e-05
-9.39568e-05
-8.93155e-05
-8.24895e-05
-7.38218e-05
-6.36726e-05
-5.24748e-05
-4.0734e-05
-2.89173e-05
-1.73793e-05
-6.39391e-06
3.8119e-06
1.30611e-05
2.11984e-05
2.80322e-05
3.33221e-05
3.68153e-05
3.83034e-05
3.76894e-05
3.50299e-05
3.0526e-05
2.44795e-05
1.72429e-05
9.17117e-06
5.87098e-07
-8.21659e-06
-1.69433e-05
-2.52604e-05
-3.2784e-05
-3.90932e-05
-4.37844e-05
-4.65381e-05
-4.71619e-05
-4.56108e-05
-4.19975e-05
-3.65827e-05
-2.97343e-05
-2.18702e-05
-1.34231e-05
-4.83538e-06
3.43773e-06
1.09366e-05
1.72166e-05
2.18631e-05
2.45091e-05
2.48859e-05
2.2885e-05
1.85822e-05
1.2217e-05
4.15265e-06
-5.16496e-06
-1.52547e-05
-2.5635e-05
-3.58423e-05
-4.54389e-05
-5.40073e-05
-6.11481e-05
-6.65019e-05
-6.97866e-05
-7.08432e-05
-6.96779e-05
-6.6482e-05
-6.16167e-05
-5.55682e-05
-4.88919e-05
-4.21586e-05
-3.5897e-05
-3.05696e-05
-2.65911e-05
-2.43277e-05
-2.40472e-05
-2.58784e-05
-2.98131e-05
-3.57169e-05
-4.33196e-05
-5.22173e-05
-6.18989e-05
-7.17717e-05
-8.11855e-05
-8.94649e-05
-9.59561e-05
-0.000100073
-0.000101328
-9.93563e-05
-9.39457e-05
-8.50513e-05
-7.2781e-05
-5.74049e-05
-3.94012e-05
-1.94661e-05
1.55908e-06
2.27713e-05
4.32389e-05
6.20408e-05
7.83379e-05
9.14312e-05
0.000100795
0.000106096
0.000107211
0.000104245
9.75471e-05
8.76723e-05
7.53062e-05
6.12078e-05
4.61773e-05
3.10089e-05
1.64361e-05
3.11357e-06
-8.36965e-06
-1.74955e-05
-2.38657e-05
-2.72409e-05
-2.75382e-05
-2.4823e-05
-1.9303e-05
-1.12942e-05
-1.16423e-06
1.07057e-05
2.39349e-05
3.81419e-05
5.29123e-05
6.77775e-05
8.22507e-05
9.5863e-05
0.000108156
0.000118689
0.000127091
0.000133102
0.000136555
0.000137367
0.000135548
0.000131202
0.000124528
0.000115809
0.000105405
9.37597e-05
8.13959e-05
6.88748e-05
5.67591e-05
4.5588e-05
3.58457e-05
2.79221e-05
2.20947e-05
1.85327e-05
1.73051e-05
1.83828e-05
2.16376e-05
2.68508e-05
3.37271e-05
4.18829e-05
5.08318e-05
6.00092e-05
6.88152e-05
7.66424e-05
8.29124e-05
8.71395e-05
8.89857e-05
8.82809e-05
8.50119e-05
7.9303e-05
7.14067e-05
6.16879e-05
5.05797e-05
3.85605e-05
2.61746e-05
1.40251e-05
2.71714e-06
-7.20367e-06
-1.52989e-05
-2.12764e-05
-2.50149e-05
-2.65585e-05
-2.60736e-05
-2.37827e-05
-1.99095e-05
-1.46764e-05
-8.33739e-06
-1.19361e-06
6.41085e-06
1.40908e-05
2.14295e-05
2.80252e-05
3.35478e-05
3.77515e-05
4.0449e-05
4.14904e-05
4.0765e-05
3.82095e-05
3.38008e-05
2.75631e-05
1.96087e-05
1.01707e-05
-4.03068e-07
-1.16832e-05
-2.31976e-05
-3.4469e-05
-4.50456e-05
-5.45304e-05
-6.26038e-05
-6.90196e-05
-7.35956e-05
-7.62368e-05
-7.69695e-05
-7.59468e-05
-7.343e-05
-6.97691e-05
-6.53845e-05
-6.07405e-05
-5.63084e-05
-5.25295e-05
-4.97948e-05
-4.84428e-05
-4.87481e-05
-5.09052e-05
-5.50241e-05
-6.11302e-05
-6.91555e-05
