-9.33263e-09
-9.03725e-08
-3.27636e-07
-6.45034e-07
-8.72684e-07
-1.02649e-06
-1.18287e-06
-1.31004e-06
-1.41387e-06
-1.53652e-06
-1.67368e-06
-1.81702e-06
-1.95653e-06
-2.05112e-06
-2.0468e-06
-1.91844e-06
-1.69805e-06
-1.45798e-06
-1.26439e-06
-1.14386e-06
-1.08687e-06
-1.07874e-06
-1.11312e-06
-1.18616e-06
-1.29751e-06
-1.45506e-06
-1.68081e-06
-2.00456e-06
-2.44438e-06
-2.99736e-06
-3.63906e-06
-4.32699e-06
-5.0167e-06
-5.68137e-06
-6.31408e-06
-6.9117e-06
-7.46864e-06
-7.97837e-06
-8.42366e-06
-8.77826e-06
-9.01766e-06
-9.1155e-06
-9.04704e-06
-8.80331e-06
-8.39349e-06
-7.83439e-06
-7.14024e-06
-6.32056e-06
-5.37622e-06
-4.30006e-06
-3.09124e-06
-1.75855e-06
-3.11952e-07
1.23401e-06
2.8563e-06
4.53178e-06
6.24152e-06
7.97111e-06
9.71658e-06
1.14833e-05
1.32751e-05
1.50907e-05
1.69262e-05
1.87723e-05
2.06191e-05
2.24614e-05
2.42905e-05
2.6091e-05
2.78445e-05
2.95261e-05
3.11038e-05
3.25375e-05
3.37823e-05
3.47964e-05
3.55424e-05
3.59896e-05
3.61088e-05
3.58622e-05
3.52092e-05
3.41102e-05
3.25242e-05
3.04203e-05
2.77881e-05
2.46347e-05
2.09843e-05
1.6883e-05
1.23819e-05
7.52162e-06
2.33248e-06
-3.16465e-06
-8.95495e-06
-1.50169e-05
-2.1312e-05
-2.77861e-05
-3.43716e-05
-4.09889e-05
-4.75523e-05
-5.39839e-05
-6.02249e-05
-6.6231e-05
-7.19565e-05
-7.73489e-05
-8.23513e-05
-8.69064e-05
-9.09581e-05
-9.44523e-05
-9.73394e-05
-9.95732e-05
-0.000101103
-0.000101872
-0.000101825
-0.000100919
-9.91261e-05
-9.64582e-05
-9.29694e-05
-8.87414e-05
-8.38488e-05
-7.83489e-05
-7.22857e-05
-6.56858e-05
-5.85649e-05
-5.09353e-05
-4.28041e-05
-3.41784e-05
-2.50611e-05
-1.54278e-05
-5.21949e-06
5.62582e-06
1.715e-05
2.93916e-05
4.238e-05
5.61084e-05
7.05321e-05
8.55621e-05
0.000101038
0.000116717
0.000132277
0.000147326
0.000161401
0.000174013
0.000184704
0.000193063
0.000198742
0.00020147
0.000201024
0.000197126
0.00018938
0.000177318
0.000160488
0.000138528
0.000111348
7.94147e-05
4.37872e-05
5.8218e-06
-3.3045e-05
-7.13838e-05
-0.000107936
-0.000141811
-0.000172442
-0.000199245
-0.000221449
-0.000238186
-0.000248571
-0.000251825
-0.000247537
-0.000235878
-0.000217624
-0.000193972
-0.000166293
-0.000135913
-0.000103936
-7.11317e-05
-3.79763e-05
-4.82516e-06
2.79691e-05
5.99985e-05
9.08154e-05
0.000120019
0.000147302
0.00017237
0.000194817
0.000214198
0.000230262
0.000242909
0.000252108
0.000258082
0.000261497
0.000263396
0.000264902
0.000266961
0.000270308
0.000275473
0.000282821
0.000292744
0.000305891
0.000323223
0.000345824
0.000374662
0.000410278
0.000452041
0.000497316
0.000541391
0.000578063
0.000600166
0.0006006
0.000574913
0.000522991
0.000447467
0.000352078
0.000241552
0.0001206
-7.95683e-06
-0.000143241
-0.000283836
-0.000426105
-0.000564415
-0.000691349
-0.000798421
-0.000877973
-0.000925405
-0.000940229
-0.000925496
-0.000886543
-0.000829528
-0.000759923
-0.000681543
-0.000596636
-0.000506866
-0.000414386
-0.000322624
-0.000236355
-0.000160796
-0.000100441
-5.80513e-05
-3.39026e-05
-2.58681e-05
-3.03364e-05
-4.32882e-05
-6.11448e-05
-8.12017e-05
-0.000101503
-0.000120302
-0.00013536
-0.000143464
-0.000140585
-0.0001226
-8.61381e-05
-2.93247e-05
4.77967e-05
0.000143393
0.000254401
0.000377224
0.000508316
0.000644376
0.000782186
0.000918326
0.00104893
0.00116964
0.00127589
0.00136364
0.00142989
0.00147269
0.00149102
0.00148445
0.0014523
0.00139324
0.00130469
0.00118127
0.0010146
0.00079592
0.000521332
0.000197944
-0.000156467
-0.000520795
-0.000874813
-0.00120002
-0.00148282
-0.0017178
-0.00190562
-0.00204581
-0.00213282
-0.00215674
-0.00210482
-0.00196545
-0.00173462
-0.00142029
-0.00104141
-0.000623164
-0.000191982
0.000228633
0.000621305
0.000975879
0.00128756
0.00155328
0.00176893
0.00192797
0.00202059
0.00203392
0.00195492
0.0017749
0.00149492
0.00113185
0.000716488
0.000282049
-0.000142911
-0.000535604
-0.00088184
-0.00117826
-0.00142791
-0.00163035
-0.00177648
-0.00185023
-0.00183309
-0.00171197
-0.00148771
-0.00117866
-0.000817198
-0.000440923
-8.32349e-05
0.000232645
0.000493748
0.000694111
0.000694111
0.000831127
0.000901124
0.000896318
0.000806311
0.000624007
0.000352517
8.4422e-06
-0.00037952
-0.000775391
-0.00114323
-0.00145424
-0.0016903
-0.00184329
-0.00191184
-0.00189768
-0.00180263
-0.00162734
-0.00137278
-0.00104393
-0.000653773
-0.000225096
0.000211628
0.000623552
0.000980986
0.00126171
0.00145349
0.00155385
0.00156781
0.00150453
0.00137385
0.00118484
0.00094651
0.000669396
0.000366716
5.4861e-05
-0.00024686
-0.000518564
-0.000743225
-0.000908806
-0.0010091
-0.00104367
-0.00101648
-0.000933913
-0.000802934
-0.000630803
-0.000426191
-0.000200485
3.2029e-05
0.000255031
0.000452044
0.000609622
0.000720118
0.000781451
0.000794988
0.00076423
0.000693731
0.000587545
0.000448666
0.000280559
8.97709e-05
-0.00011304
-0.000314053
-0.000498002
-0.000650682
-0.000761681
-0.000826035
-0.000844372
-0.000822702
-0.000772088
-0.000705005
-0.000629781
-0.000549561
-0.000464588
-0.000373331
-0.000274127
-0.00016861
-6.32763e-05
3.33123e-05
0.000113863
0.000174075
0.000214648
0.000242283
0.000267379
0.00029852
0.000336329
0.000369617
0.000377441
0.000340825
0.000253979
0.000123061
-3.77677e-05
-0.000207243
-0.000362984
-0.000491344
-0.000591138
-0.000667882
-0.000727187
-0.000771215
-0.000795932
-0.000791988
-0.000749049
-0.000661319
-0.000531628
-0.000370405
-0.000191187
-7.88737e-06
0.000166094
0.000320891
0.000452355
0.000559617
0.000642034
0.000698591
0.000728954
0.000734487
0.000718398
0.00068566
0.000642188
0.000592724
0.000539448
0.000482668
0.000422093
0.000357747
0.000290983
0.000224993
0.000164213
0.000113363
7.62466e-05
5.44398e-05
4.69916e-05
5.14464e-05
6.5441e-05
8.79978e-05
0.000119786
0.000162385
0.00021698
0.000282844
0.000356382
0.000431378
0.000500064
0.000554318
0.000587038
0.000593984
0.000574712
0.000531407
0.000467468
0.000387048
0.000294497
0.000193331
8.61575e-05
-2.34463e-05
-0.000129669
-0.000224958
-0.0003006
-0.000347564
-0.000358014
-0.000326806
-0.000252278
-0.000136098
1.73388e-05
0.000201158
0.000405888
0.000619677
0.000828851
0.00101839
0.00117374
0.00128484
0.00134781
0.00136205
0.00132864
0.00125053
0.00113053
0.000968751
0.000763838
0.000517405
0.000236631
-6.55644e-05
-0.000370748
-0.000657589
-0.000907011
-0.0011062
-0.00124943
-0.0013367
-0.00137159
-0.0013585
-0.00130018
-0.00119651
-0.00104591
-0.000848381
-0.000608055
-0.00033424
-4.08096e-05
0.000256024
0.000540813
0.000801552
0.00103078
0.00122499
0.00138294
0.00150399
0.00158681
0.0016291
0.00162855
0.0015848
0.00150092
0.00138325
0.00124019
0.00107964
0.000904589
0.000712217
0.00049907
0.000265532
1.71488e-05
-0.0002336
-0.000467376
-0.000664634
-0.000813589
-0.000911365
-0.000962622
-0.000979257
-0.000976381
-0.000964539
-0.000945087
-0.000913271
-0.000863842
-0.000794099
-0.000706024
-0.000608213
-0.000515235
-0.000442226
-0.000398839
-0.000387034
-0.000401324
-0.000430733
-0.000462306
-0.00048492
-0.000492209
-0.000482851
-0.000458399
-0.000420961
-0.000371528
-0.000308632
-0.000228283
-0.000125836
1.4209e-06
0.000151992
0.000318654
0.000488581
0.000645523
0.000773254
0.000860279
0.000904786
0.000913914
0.000896917
0.000861022
0.000810755
0.000746135
0.000661811
0.000550643
0.000410332
0.000246857
7.36075e-05
-9.07461e-05
-0.000226276
-0.000317256
-0.000356139
-0.000344251
-0.00029149
-0.00021702
-0.000144827
-9.35296e-05
-7.16045e-05
-7.91479e-05
-0.000108955
-0.000148812
-0.000189324
-0.000230873
-0.000281497
-0.000351668
-0.000451658
-0.000587915
-0.000759369
-0.000956295
-0.00116245
-0.00135976
-0.00153196
-0.00166538
-0.00174967
-0.00177927
-0.00175285
-0.00167093
-0.0015355
-0.00135072
-0.00112255
-0.00085732
-0.000560774
-0.000239231
9.8865e-05
0.000442313
0.000776603
0.0010834
0.00134155
0.00152987
0.00163031
0.00163069
0.0015281
0.0013303
0.00105275
0.000714577
0.000335981
-6.39285e-05
-0.000468597
-0.000863365
-0.001233
-0.00155998
-0.00182469
-0.00200681
-0.00208826
-0.00205727
-0.00191221
-0.00166352
-0.00133264
-0.000946924
-0.00053145
-0.00053145
-0.00010414
0.000322068
0.00073645
0.0011294
0.0014895
0.00180056
0.00204294
0.00219915
0.0022591
0.00222254
0.00210023
0.00191172
0.00167966
0.00142375
0.00115763
0.000889051
0.000621376
0.000356412
9.80605e-05
-0.000145929
-0.000365142
-0.000549192
-0.000690375
-0.000785334
-0.000835959
-0.000849206
-0.000834583
-0.000800719
-0.000753552
-0.000696483
-0.000631221
-0.000558452
-0.000479228
-0.000396287
-0.000313658
-0.000235367
-0.000164396
-0.000102003
-4.73797e-05
1.75076e-06
4.70907e-05
8.79023e-05
0.000121069
0.000142206
0.000146693
0.000130972
9.43507e-05
4.04488e-05
-2.36915e-05
-9.06183e-05
-0.000154342
-0.000210654
-0.00025749
-0.000295059
-0.000324525
-0.000345666
-0.00035631
-0.000353782
-0.000336021
-0.000301932
-0.000252101
-0.000190092
-0.000122144
-5.51058e-05
4.7926e-06
5.19391e-05
8.16669e-05
9.12808e-05
8.00672e-05
4.83854e-05
-2.38619e-06
-6.956e-05
-0.000149423
-0.000237648
-0.000329273
-0.000418476
-0.000498718
-0.000563362
-0.000606183
-0.000621415
-0.000604153
-0.000551498
-0.000463462
-0.000342564
-0.000192709
-1.90432e-05
0.00017193
0.000373195
0.000578262
0.000781569
0.000977835
0.00116129
0.00132582
0.00146528
0.00157326
0.00164294
0.00166814
0.00164501
0.00157243
0.00145204
0.00128848
0.00108889
0.000860946
0.000611346
0.00034602
7.09025e-05
-0.000207647
-0.00048233
-0.000744296
-0.000983233
-0.00118886
-0.00135302
-0.00147089
-0.00154067
-0.00156273
-0.00153935
-0.00147393
-0.00136942
-0.0012282
-0.00105336
-0.000850019
-0.000625207
-0.000387508
-0.000146861
8.64541e-05
0.000303522
0.000497998
0.000665912
0.000804861
0.000913536
0.000991125
0.00103656
0.00104845
0.00102622
0.000971187
0.000886936
0.00077899
0.000654156
0.000519612
0.000381838
0.000245754
0.000114616
-9.21175e-06
-0.000123103
-0.000223714
-0.000307512
-0.000371403
-0.00041336
-0.000433316
-0.00043363
-0.000418406
-0.000392155
-0.000358923
-0.000321848
-0.000282684
-0.000241947
-0.000200092
-0.000158871
-0.000121751
-9.35017e-05
-7.92861e-05
-8.27169e-05
-0.000104002
-0.000140062
-0.000185691
-0.000234627
-0.000280955
-0.000320543
-0.000351442
-0.00037305
-0.00038483
-0.000385199
-0.000370862
-0.000337213
-0.000279839
-0.000196201
-8.6627e-05
4.56262e-05
0.000195123
0.000355381
0.00052009
0.000684178
0.000844164
0.000997689
0.00114258
0.00127535
0.00138999
0.00147833
0.00153156
0.00154152
0.00150237
0.00141332
0.00127955
0.00110963
0.000913217
0.000700195
0.000479399
0.000257034
3.71306e-05
-0.00017592
-0.000375947
-0.000555683
-0.00070756
-0.000824308
-0.000900379
-0.000934236
-0.000928937
-0.000890259
-0.000824788
-0.000739238
-0.000640207
-0.000533261
-0.000422647
-0.000312377
-0.000206953
-0.000111184
-2.95894e-05
3.4247e-05
7.81246e-05
0.000101352
0.000104194
8.7094e-05
5.04711e-05
-5.16777e-06
-7.89389e-05
-0.000168884
-0.000271062
-0.000379067
-0.000484787
-0.000579966
-0.000657392
-0.000711679
-0.000739725
-0.000740269
-0.000712687
-0.000656067
-0.000569175
-0.000450967
-0.000301396
-0.000122614
8.01303e-05
0.000298726
0.000523299
0.000743558
0.00094999
0.00113455
0.00129074
0.00141331
0.00149762
0.00153929
0.00153454
0.00148136
0.00138057
0.0012359
0.00105391
0.000843718
0.000615681
0.000379435
0.000142687
-8.83196e-05
-0.000308197
-0.000512193
-0.000695425
-0.00085194
-0.000975286
-0.00106065
-0.00110611
-0.00111247
-0.00108312
-0.00102378
-0.000941496
-0.00084272
-0.000732239
-0.000613433
-0.000488823
-0.000360839
-0.000232773
-0.00010916
4.71567e-06
0.000103793
0.000184042
0.000242822
0.000278997
0.000292936
0.000286067
0.00026011
0.00021676
0.000158197
8.76397e-05
9.24576e-06
-7.20186e-05
-0.000150677
-0.000222086
-0.000283845
-0.000335465
-0.000376967
-0.000408348
-0.000429602
-0.000440607
-0.000441335
-0.000432375
-0.000415462
-0.000393622
-0.000370685
-0.000350493
-0.000336186
-0.000329619
-0.000330903
-0.000338743
-0.00035141
-0.000367331
-0.00038521
-0.000403933
-0.000422295
-0.000438765
-0.000451289
-0.000456974
-0.000451991
-0.000432181
-0.000394082
-0.000336
-0.000259029
-0.000259029
-0.000167617
-6.84352e-05
3.19656e-05
0.000128311
0.000216779
0.000295629
0.000365358
0.00042713
0.000480489
0.000522718
0.000549873
0.000558022
0.000544666
0.000510227
0.000458652
0.000396529
0.000331172
0.000268863
0.000213752
0.000167397
0.000129122
9.72578e-05
7.06528e-05
4.94922e-05
3.50945e-05
2.92415e-05
3.33827e-05
4.77685e-05
7.10033e-05
0.000100442
0.000133078
0.000166239
0.000198009
0.000227615
0.00025531
0.000281705
0.000307111
0.000331093
0.000352387
0.000369355
0.000380528
0.000384964
0.000382459
0.000373664
0.000359805
0.000341991
0.000320806
0.000296344
0.000268326
0.000236423
0.000200724
0.000161971
0.000121489
8.09043e-05
4.18461e-05
5.84757e-06
-2.57207e-05
-5.1842e-05
-7.18095e-05
-8.49403e-05
-9.08394e-05
-9.07989e-05
-8.90587e-05
-9.20222e-05
-0.000106357
-0.000137507
-0.000187944
-0.000255762
-0.00033589
-0.000422823
-0.00051185
-0.000599347
-0.00068347
-0.000764237
-0.000841674
-0.000912872
-0.00097122
-0.0010081
-0.00101486
-0.000985028
-0.000916273
-0.000811111
-0.000675767
-0.000518167
-0.000346174
-0.000166386
1.6408e-05
0.000198815
0.00037741
0.000547086
0.000700386
0.000828573
0.000923673
0.000980015
0.000995301
0.000971288
0.00091327
0.000828161
0.000722343
0.000600743
0.000466914
0.000323513
0.000173683
2.3067e-05
-0.000119485
-0.000243476
-0.000338937
-0.000397988
-0.000416242
-0.00039374
-0.000334285
-0.000243202
-0.00012539
1.5334e-05
0.000175563
0.000349458
0.000525384
0.000685588
0.000809291
0.000877552
0.000879166
0.000814352
0.00069204
0.000524348
0.000323602
9.95766e-05
-0.000144124
-0.000409664
-0.000698424
-0.00100371
-0.00130882
-0.00158933
-0.00181761
-0.00197034
-0.0020359
-0.00201624
-0.00192329
-0.00177323
-0.00158068
-0.00135422
-0.00109542
-0.000801355
-0.000469759
-0.000104045
0.000284379
0.000677172
0.00105281
0.00139165
0.00167935
0.0019068
0.00206799
0.0021601
0.0021843
0.00214309
0.00203833
0.00187314
0.0016532
0.00138598
0.00108071
0.000749169
0.00040505
6.22322e-05
-0.000265733
-0.000565522
-0.000824946
-0.00103477
-0.0011897
-0.00128778
-0.00132947
-0.00131706
-0.00125453
-0.00114699
-0.00100035
-0.000821528
-0.000618511
-0.000400509
-0.000177646
4.0288e-05
0.000244783
0.000429206
0.00058964
0.000724657
0.000833423
0.000913406
0.000958977
0.000961168
0.000910037
0.000801289
0.00064072
0.000440811
0.000216969
-1.35172e-05
-0.000234983
-0.000438011
-0.000620064
-0.000781266
-0.000920097
-0.00103109
-0.00110353
-0.00112384
-0.00108197
-0.000977158
-0.000819702
-0.000629127
-0.000429164
-0.000240166
-7.40062e-05
6.53165e-05
0.000179346
0.000272328
0.000346295
0.000397152
0.000415708
0.000393016
0.000325433
0.000217567
8.33204e-05
-5.68152e-05
-0.000181861
-0.000276225
-0.000332395
-0.000350356
-0.000335054
-0.000292748
-0.000227511
-0.000139569
-2.64418e-05
0.000113756
0.000278793
0.000460753
0.000646766
0.000821124
0.000968786
0.00107897
0.00114628
0.00116933
0.00114889
0.00108687
0.000985602
0.000847793
0.000678073
0.000484036
0.000275991
6.6706e-05
-0.000129524
-0.000299404
-0.000433574
-0.000528197
-0.000583814
-0.000602744
-0.000587493
-0.000539954
-0.000460973
-0.000351426
-0.000214655
-5.80704e-05
0.000107099
0.000266924
0.000406612
0.000513565
0.000580319
0.000605327
0.000591514
0.000544088
0.000468455
0.000368441
0.000245871
0.000102291
-5.88167e-05
-0.000230756
-0.000403287
-0.000563649
-0.00069873
-0.000797244
-0.00085151
-0.000858365
-0.000818885
-0.000737494
-0.000620775
-0.000476187
-0.000311558
-0.000135707
4.09644e-05
0.000207474
0.000353706
0.00047056
0.000550648
0.000589955
0.000587715
0.000543989
0.00045823
0.000330901
0.000164765
-3.49406e-05
-0.000258838
-0.000492323
-0.000717743
-0.000917904
-0.0010783
-0.00118839
-0.00124265
-0.00124054
-0.00118444
-0.00107649
-0.000917522
-0.000708328
-0.000451515
-0.000153334
0.000175017
0.000517226
0.00085361
0.00116419
0.00143157
0.00164306
0.00179139
0.00187359
0.00188952
0.00184048
0.00172857
0.001557
0.00133102
0.00105899
0.00105899
0.000752838
0.000427352
9.8666e-05
-0.000217441
-0.000507033
-0.00075925
-0.000966552
-0.00112373
-0.00122665
-0.00127193
-0.00125749
-0.00118321
-0.00105143
-0.000867535
-0.000640147
-0.000380664
-0.000102319
0.000181175
0.000456703
0.000712227
0.000937014
0.00112198
0.00125969
0.00134374
0.00136884
0.00133148
0.00123058
0.00106872
0.000853125
0.000595076
0.000308721
9.96756e-06
-0.00028497
-0.000561364
-0.000806943
-0.00101149
-0.00116643
-0.00126491
-0.00130224
-0.00127643
-0.001189
-0.00104555
-0.000855946
-0.000633541
-0.000393797
-0.00015225
7.72604e-05
0.000283125
0.000456174
0.000589967
0.000680426
0.000724683
0.000720709
0.000668711
0.000572135
0.000437456
0.000274158
9.43083e-05
-8.89814e-05
-0.00026363
-0.000420262
-0.000553141
-0.000660297
-0.000741881
-0.000797878
-0.000827677
-0.000830564
-0.000805921
-0.00075397
-0.00067695
-0.000579749
-0.000469336
-0.000353405
-0.000238975
-0.000131176
-3.28471e-05
5.49774e-05
0.000132219
0.000198697
0.000253448
0.000294813
0.000320799
0.000329454
0.000319477
0.000290788
0.00024457
0.000182927
0.000108674
2.48116e-05
-6.64326e-05
-0.000163702
-0.000265581
-0.000369637
-0.000472068
-0.00056817
-0.000652952
-0.00072158
-0.00077005
-0.000795913
-0.000798679
-0.000779498
-0.000740183
-0.000682559
-0.000608344
-0.000519254
-0.000417418
-0.000305982
-0.000189397
-7.30567e-05
3.74388e-05
0.000136954
0.000221335
0.000287861
0.000335525
0.000364719
0.000376532
0.000372248
0.000353237
0.000321096
0.000277848
0.000226178
0.000169569
0.000112083
5.78698e-05
1.0662e-05
-2.65518e-05
-5.17147e-05
-6.37262e-05
-6.22142e-05
-4.71134e-05
-1.84103e-05
2.37754e-05
7.90826e-05
0.000146915
0.0002264
0.000316146
0.000414087
0.00051784
0.000625084
0.000733237
0.000838378
0.000934431
0.00101383
0.00106881
0.00109222
0.00107849
0.0010247
0.000931219
0.000801062
0.000638495
0.00044864
0.00023785
1.35146e-05
-0.000216916
-0.000446217
-0.000666019
-0.00086673
-0.00103937
-0.00117643
-0.00127148
-0.0013194
-0.00131757
-0.00126627
-0.00116802
-0.00102741
-0.000851617
-0.000649821
-0.000431387
-0.00020507
2.03955e-05
0.000236171
0.000433894
0.000606098
0.000745981
0.000847358
0.000905377
0.000917152
0.000881957
0.000801262
0.000678762
0.000520137
0.000332444
0.000123628
-9.7618e-05
-0.000321941
-0.000539597
-0.000740754
-0.000915477
-0.00105368
-0.00114624
-0.00118682
-0.00117251
-0.00110387
-0.000985163
-0.000823865
-0.000628659
-0.000407652
-0.000168624
7.99864e-05
0.000328545
0.000565589
0.000778343
0.000954616
0.00108434
0.00116079
0.00118187
0.00115012
0.00107091
0.000950462
0.0007949
0.000610005
0.0004013
0.000175154
-5.97226e-05
-0.000291995
-0.000509122
-0.000698944
-0.000850689
-0.000956157
-0.00101123
-0.0010164
-0.000975248
-0.000892548
-0.000773425
-0.000622699
-0.000444483
-0.000243135
-2.51093e-05
0.000200233
0.000421182
0.000624731
0.000798371
0.000932194
0.00102009
0.00105991
0.00105279
0.00100195
0.00091164
0.000786591
0.000631862
0.000453414
0.000258941
5.81342e-05
-0.000138087
-0.000318914
-0.000474848
-0.000598735
-0.00068653
-0.000737207
-0.000751674
-0.000731588
-0.000679003
-0.000596265
-0.00048582
-0.000350661
-0.000195537
-2.75573e-05
0.000144944
0.000313769
0.000471428
0.000611728
0.0007303
0.000824625
0.000893426
0.000935835
0.000950997
0.000938102
0.000896832
0.000827961
0.000733645
0.000617405
0.000483789
0.000337923
0.00018562
3.34378e-05
-0.000112046
-0.00024477
-0.000359088
-0.00044987
-0.000513113
-0.000546397
-0.000548695
-0.000520234
-0.000462654
-0.000378817
-0.000272332
-0.000147229
-8.05174e-06
0.000139992
0.000291162
0.000439306
0.000577984
0.000700836
0.000801939
0.000875798
0.000917122
0.000921005
0.000884467
0.000807893
0.000694163
0.000547577
0.000374022
0.000180597
-2.55805e-05
-0.000238015
-0.000450305
-0.000655517
-0.000845973
-0.00101296
-0.00114724
-0.00124053
-0.00128693
-0.00128373
-0.00123143
-0.00113272
-0.000991406
-0.000812432
-0.000602376
-0.000369749
-0.000125632
0.000116064
0.000340934
0.000340934
0.000537425
0.00069745
0.000816177
0.000892879
0.000930263
0.00093151
0.000898126
0.000830661
0.000729786
0.000596332
0.000432073
0.000241895
3.50392e-05
-0.000176962
-0.000382614
-0.000570423
-0.000729166
-0.000850527
-0.000931393
-0.000972059
-0.000973601
-0.000937778
-0.000867015
-0.000763456
-0.000628692
-0.000465288
-0.000278566
-7.67585e-05
0.000129657
0.000328822
0.000508671
0.000658571
0.00077093
0.000841572
0.000869068
0.000854157
0.000799545
0.000709581
0.000589666
0.00044602
0.000285826
0.000117185
-5.11618e-05
-0.000210219
-0.000351318
-0.000466785
-0.000550573
-0.000598552
-0.000608169
-0.000577852
-0.000506922
-0.000396125
-0.000248885
-7.27655e-05
0.000120717
0.000317787
0.000503707
0.000663826
0.000785366
0.000859674
0.000882993
0.000854756
0.000776182
0.000650274
0.000481448
0.000274599
3.55909e-05
-0.000226327
-0.000497913
-0.000763748
-0.00100751
-0.00121325
-0.00136748
-0.00146119
-0.00149049
-0.00145593
-0.00136126
-0.00121207
-0.00101471
-0.000776169
-0.00050521
-0.000214076
8.06493e-05
0.000360314
0.000608029
0.000810041
0.000956101
0.00104071
0.00106287
0.00102401
0.000926446
0.000773569
0.000570468
0.000324739
4.7989e-05
-0.000243482
-0.000529912
-0.000790566
-0.00100675
-0.0011642
-0.00125413
-0.00127291
-0.00122062
-0.00109939
-0.000912572
-0.000665132
-0.0003648
-2.30367e-05
0.000344812
0.000719587
0.00107927
0.00140134
0.00166563
0.00185709
0.00196692
0.00199128
0.00192994
0.00178617
0.00156673
0.0012811
0.000941067
0.00056147
0.000160632
-0.000240645
-0.000620451
-0.000957738
-0.00123485
-0.00143934
-0.00156451
-0.00160907
-0.00157592
-0.0014704
-0.00129926
-0.00107107
-0.000796367
-0.000487263
-0.000157653
0.00017634
0.000496979
0.000787087
0.00103203
0.00122054
0.00134516
0.00140265
0.0013935
0.00132049
0.00118781
0.00100094
0.000766618
0.000492817
0.000189261
-0.000132065
-0.000456961
-0.000769553
-0.00105319
-0.00129232
-0.00147475
-0.00159243
-0.00164121
-0.0016206
-0.0015331
-0.00138325
-0.00117703
-0.000921898
-0.000627185
-0.0003045
3.22099e-05
0.000367364
0.000685117
0.000970783
0.00121201
0.00139915
0.00152439
0.00158122
0.00156516
0.00147452
0.0013108
0.00107996
0.000793606
0.000468306
0.000122647
-0.000225048
-0.000557782
-0.000860906
-0.00112252
-0.00133279
-0.00148294
-0.00156489
-0.00157231
-0.00150262
-0.00135846
-0.00114787
-0.000883636
-0.000582487
-0.00026305
5.72128e-05
0.00036393
0.000645821
0.000893646
0.00109966
0.00125739
0.00136143
0.00140801
0.00139615
0.00132834
0.00121051
0.00105125
0.000860383
0.000647448
0.000421131
0.00018939
-4.08559e-05
-0.000263246
-0.000470733
-0.000655418
-0.00080957
-0.000926897
-0.00100319
-0.00103657
-0.00102751
-0.000978298
-0.000892375
-0.000773832
-0.00062686
-0.000455811
-0.000265966
-6.44991e-05
0.000139008
0.000333265
0.000506763
0.000649095
0.000751988
0.000810131
0.000821795
0.000788632
0.0007144
0.000603946
0.000463005
0.000298094
0.000116268
-7.45827e-05
-0.000264933
-0.000444057
-0.000601791
-0.000729927
-0.00082242
-0.000875057
-0.000885739
-0.000854578
-0.000783036
-0.000673433
-0.00052949
-0.000356813
-0.000162432
4.55286e-05
0.000257654
0.000463695
0.000653932
0.000820394
0.000956898
0.00105861
0.00112217
0.00114599
0.00113024
0.00107657
0.000988002
0.000869185
0.000726335
0.000566471
0.00039645
0.000222604
5.08017e-05
-0.000113844
-0.000267162
-0.000405444
-0.00052489
-0.000622051
-0.000694917
-0.000742887
-0.000765884
-0.000764054
-0.00073837
-0.00069099
-0.000624199
-0.000539835
-0.000440024
-0.00032745
-0.000205292
-7.75472e-05
5.06487e-05
0.000173197
0.000283485
0.000374728
0.000440882
0.000477769
0.00048335
0.000457782
0.000403587
0.00032516
0.000227497
0.000115364
-6.18333e-06
-0.000131304
-0.000253625
-0.00036635
-0.000462587
-0.000536154
-0.000582422
-0.000598967
-0.000585916
-0.000545798
-0.000482692
-0.000401353
-0.000306977
-0.000204997
-0.000100794
4.53225e-07
9.40875e-05
0.000176251
0.000243966
0.000295324
0.00032969
0.00032969
0.00034764
0.000350514
0.000340124
0.000318936
0.00028999
0.000256543
0.000221945
0.000189546
0.000162269
0.000141933
0.000128957
0.000122405
0.00011994
0.000118242
0.000113683
0.000102435
8.08457e-05
4.66114e-05
-5.41439e-08
-5.64215e-05
-0.000118779
-0.000183636
-0.000247734
-0.000308078
-0.00036211
-0.000407591
-0.000441938
-0.00046133
-0.000460983
-0.000436528
-0.000385631
-0.000309288
-0.000211866
-0.000100028
1.88079e-05
0.000138122
0.000253266
0.000361109
0.000458972
0.000543962
0.000612598
0.000660517
0.00068312
0.000677274
0.000642744
0.0005823
0.00050099
0.000405049
0.00030035
0.000191107
7.97274e-05
-3.23186e-05
-0.000143464
-0.000251347
-0.000352432
-0.000442012
-0.000514845
-0.000566437
-0.00059407
-0.000596959
-0.000575929
-0.000533203
-0.000471839
-0.000394563
-0.000303488
-0.00020117
-9.16191e-05
1.97579e-05
0.000127002
0.000224048
0.00030506
0.000365392
0.000402245
0.000414438
0.000401926
0.000365639
0.000307373
0.000229549
0.000135282
2.86214e-05
-8.52779e-05
-0.000200192
-0.000309488
-0.000406993
-0.000487392
-0.000546367
-0.000580893
-0.000589618
-0.000572876
-0.0005325
-0.00047173
-0.000394627
-0.000305144
-0.000206825
-0.000102968
3.50671e-06
0.000110195
0.000214687
0.000314029
0.00040519
0.000485734
0.00055398
0.000609097
0.000651032
0.000680288
0.000697647
0.000703704
0.000698497
0.000681488
0.000652065
0.000609988
0.000555235
0.000488068
0.000409409
0.00032081
0.000224281
0.000122189
1.71848e-05
-8.76954e-05
-0.000188855
-0.000282079
-0.000363025
-0.000427947
-0.000473794
-0.000498227
-0.000499911
-0.000478565
-0.000434861
-0.000370415
-0.000287759
-0.000190407
-8.3049e-05
2.83625e-05
0.000137192
0.000237007
0.000321866
0.000386547
0.000426999
0.000440402
0.000425018
0.000380202
0.000306579
0.000206346
8.36319e-05
-5.53224e-05
-0.000202832
-0.000350861
-0.000491472
-0.000617178
-0.000721583
-0.000799553
-0.000847102
-0.000861395
-0.000840922
-0.000785874
-0.000698638
-0.000584117
-0.000449229
-0.000301929
-0.000150661
-3.74595e-06
0.000131599
0.000249768
0.000346469
0.000418149
0.000461932
0.000475842
0.000458847
0.000411039
0.000334058
0.000231481
0.000108703
-2.76796e-05
-0.000170435
-0.000312176
-0.000446043
-0.00056635
-0.000668651
-0.00074936
-0.000805524
-0.000834844
-0.000835811
-0.000807845
-0.000751431
-0.000668411
-0.000562155
-0.000437325
-0.000299441
-0.000154397
-7.80898e-06
0.000135725
0.000273117
0.000402572
0.00052231
0.000629558
0.000721212
0.00079449
0.000846717
0.000875595
0.0008804
0.000862725
0.000825542
0.000771897
0.000704118
0.000622992
0.000528099
0.000419402
0.000298258
0.000167763
3.29385e-05
-9.96579e-05
-0.00022309
-0.000331365
-0.000420159
-0.000486989
-0.000530898
-0.000551613
-0.000548897
-0.000522446
-0.000472087
-0.00039844
-0.00030365
-0.000191556
-6.74083e-05
6.24902e-05
0.000191254
0.000312114
0.000418991
0.000506681
0.000571113
0.000609601
0.000620663
0.000603942
0.00056061
0.00049357
0.000406881
0.000305029
0.000192929
7.59686e-05
-4.05234e-05
-0.000151718
-0.000253289
-0.000341257
-0.000412184
-0.000463571
-0.0004939
-0.000502454
-0.00048917
-0.000454762
-0.000400861
-0.000329789
-0.000244389
-0.000148251
-4.6082e-05
5.65526e-05
0.00015409
0.000241365
0.000313607
0.000366861
0.000398716
0.000408452
0.000396364
0.000363489
0.000311921
0.000244575
0.000164403
7.42903e-05
-2.19818e-05
-0.000119493
-0.000212931
-0.000296916
-0.00036607
-0.00041562
-0.000442413
-0.000445358
-0.000425112
-0.000383757
-0.00032443
-0.000250703
-0.000166003
-7.34866e-05
2.36688e-05
0.000122025
0.000217851
0.000307216
0.000386169
0.000451113
0.000499295
0.000529139
0.000540294
0.000533468
0.000510191
0.00047254
0.000422899
0.000363899
0.000298502
0.000230081
0.000162294
9.87419e-05
4.24897e-05
-4.39687e-06
-4.08891e-05
-6.66722e-05
-8.20634e-05
-8.79696e-05
-8.56052e-05
-7.63491e-05
-6.17189e-05
-4.3291e-05
-2.26574e-05
-1.3299e-06
1.95403e-05
3.9318e-05
5.73117e-05
7.20981e-05
8.17737e-05
8.42668e-05
7.71759e-05
5.81617e-05
2.62141e-05
-1.7607e-05
-7.09604e-05
-7.09604e-05
-0.00013101
-0.000194462
-0.00025799
-0.000319047
-0.000375869
-0.000426268
-0.000466902
-0.000493552
-0.000501493
-0.000486459
-0.000446129
-0.000381002
-0.000294571
-0.000193017
-8.40519e-05
2.52508e-05
0.000129891
0.000226285
0.000311471
0.000382817
0.00043706
0.000469574
0.000475138
0.000449685
0.000391691
0.000302972
0.000189331
6.00772e-05
-7.41286e-05
-0.000203633
-0.000320961
-0.000421114
-0.000501462
-0.000560933
-0.000598493
-0.000611981
-0.000598413
-0.000555136
-0.000480934
-0.000377005
-0.000247675
-0.000100319
5.59592e-05
0.000212107
0.000360269
0.000494095
0.000608579
0.000699651
0.000763525
0.000796148
0.000793532
0.000753168
0.000675247
0.000562639
0.000420688
0.000257068
8.06618e-05
-0.000100228
-0.000278781
-0.000449057
-0.000605376
-0.000742229
-0.000853829
-0.000933853
-0.000976261
-0.0009768
-0.000934
-0.000849312
-0.000726886
-0.000573145
-0.000395818
-0.000202564
-3.79656e-07
0.000203841
0.000402636
0.000588007
0.000751916
0.000886466
0.000984334
0.00103985
0.00104978
0.00101351
0.000932888
0.000811637
0.000654868
0.000468714
0.000260198
3.74358e-05
-0.000190093
-0.000411682
-0.000616042
-0.000792051
-0.000929575
-0.00102072
-0.00106073
-0.00104769
-0.000982007
-0.000866332
-0.000705521
-0.000506623
-0.000278681
-3.24882e-05
0.000219614
0.000464312
0.00068845
0.000880424
0.00103092
0.00113277
0.00118104
0.00117321
0.00110897
0.000990134
0.00082096
0.000608594
0.000362878
9.57085e-05
-0.000179693
-0.000449842
-0.000702217
-0.000926081
-0.00111284
-0.00125607
-0.00135139
-0.00139605
-0.00138871
-0.00132973
-0.00122152
-0.0010689
-0.000879184
-0.000661965
-0.000428354
-0.000189818
4.28423e-05
0.000260197
0.000454618
0.000620105
0.000751774
0.000845679
0.000898865
0.000909412
0.000876714
0.000802157
0.00068971
0.000545676
0.00037793
0.000195193
6.37059e-06
-0.000179857
-0.000355221
-0.000512009
-0.000643052
-0.000741629
-0.000801668
-0.000818504
-0.000789581
-0.000714575
-0.000595616
-0.000437598
-0.000247784
-3.47726e-05
0.000192391
0.000424342
0.000651426
0.000864023
0.00105266
0.00120829
0.0013229
0.00139001
0.0014052
0.00136654
0.0012747
0.00113291
0.00094676
0.000723539
0.00047169
0.000200777
-7.85742e-05
-0.000355198
-0.000618135
-0.000856988
-0.00106219
-0.00122549
-0.00134037
-0.0014025
-0.00140997
-0.00136308
-0.00126404
-0.00111693
-0.000927362
-0.000702404
-0.000450628
-0.000181735
9.39335e-05
0.00036568
0.000622833
0.000855339
0.00105435
0.00121251
0.00132406
0.00138473
0.00139187
0.00134499
0.00124628
0.00110003
0.000912217
0.00069058
0.000444139
0.00018244
-8.48598e-05
-0.000348033
-0.0005972
-0.000822192
-0.00101246
-0.00115794
-0.00125064
-0.00128549
-0.00126042
-0.0011766
-0.00103809
-0.000851281
-0.000624051
-0.000365043
-8.35371e-05
0.000210074
0.000503853
0.000784614
0.00103886
0.00125367
0.00141769
0.00152233
0.00156228
0.0015357
0.00144399
0.00129103
0.00108257
0.000826031
0.000530531
0.000206917
-0.000132314
-0.000473485
-0.000802508
-0.00110576
-0.0013708
-0.00158688
-0.00174539
-0.00184022
-0.00186782
-0.00182694
-0.00171854
-0.001546
-0.00131548
-0.00103539
-0.000716045
-0.000369668
-9.85024e-06
0.000349377
0.000694357
0.00101213
0.00129053
0.00151843
0.00168601
0.0017857
0.00181347
0.00176883
0.00165461
0.00147721
0.0012461
0.000972633
0.000668939
0.000347371
2.02362e-05
-0.000300445
-0.000602826
-0.000874802
-0.0011042
-0.00128011
-0.00139417
-0.00144111
-0.00141917
-0.00133076
-0.00118223
-0.000982263
-0.000740548
-0.000467387
-0.000173296
0.0001312
0.000435303
0.000727548
0.000995838
0.00122797
0.00141235
0.00153918
0.00160193
0.00159793
0.00152823
0.00139709
0.00121131
0.000979367
0.000710853
0.000416043
0.0001059
-0.000207742
-0.000512254
-0.000794758
-0.00104302
-0.00124636
-0.00139658
-0.00148865
-0.0015208
-0.00149409
-0.00141183
-0.00127907
-0.00110222
-0.000888939
-0.00064808
-0.000389947
-0.000126144
0.000131265
0.000370655
0.000581455
0.000754848
0.000884416
0.000884416
0.000966358
0.000999198
0.000983386
0.000921111
0.000816222
0.000674165
0.000501931
0.000308011
0.000102162
-0.000105151
-0.000303508
-0.000483326
-0.000636511
-0.000756859
-0.000840229
-0.000884526
-0.000889484
-0.000856331
-0.000787659
-0.00068762
-0.000561958
-0.000417738
-0.000262969
-0.000106053
4.48912e-05
0.000182617
0.000301148
0.000395948
0.000463805
0.000502434
0.000510287
0.000486812
0.000432687
0.000349923
0.000242037
0.000114108
-2.75816e-05
-0.000176323
-0.000325596
-0.000469332
-0.000602013
-0.000718627
-0.00081459
-0.000885664
-0.000927949
-0.000937921
-0.000912492
-0.000849832
-0.000750534
-0.000617633
-0.000456022
-0.000272168
-7.35288e-05
0.000132425
0.000338726
0.000538604
0.000725144
0.000891227
0.00102944
0.00113265
0.00119513
0.00121326
0.00118605
0.00111559
0.00100666
0.000865746
0.000699981
0.000516691
0.000323157
0.000126299
-6.75637e-05
-0.000252461
-0.000422238
-0.000570804
-0.000692911
-0.000784554
-0.000843123
-0.000867563
-0.000858453
-0.000817752
-0.00074831
-0.000653452
-0.000536799
-0.000402468
-0.000255136
-9.95664e-05
5.94209e-05
0.000216717
0.000367259
0.000506339
0.000629451
0.000732155
0.000810274
0.000860161
0.00087892
0.000865091
0.000819254
0.000743701
0.00064197
0.000518659
0.000379014
0.000228541
7.29191e-05
-8.19342e-05
-0.000229827
-0.00036436
-0.000479167
-0.000568545
-0.000628144
-0.000655269
-0.000649021
-0.000610367
-0.00054193
-0.000447634
-0.000332336
-0.000201554
-6.13337e-05
8.18869e-05
0.000221429
0.00035063
0.000463194
0.000553568
0.000617359
0.000651727
0.000655601
0.000629604
0.000575774
0.000497253
0.000397978
0.000282332
0.000154935
2.06662e-05
-0.000115257
-0.000247496
-0.000370921
-0.000480886
-0.000573585
-0.000646329
-0.000697702
-0.000727546
-0.000736594
-0.000725642
-0.000694644
-0.000642902
-0.000570358
-0.000478218
-0.000368926
-0.000246395
-0.000115827
1.72552e-05
0.000148086
0.000273161
0.000390136
0.00049736
0.000592927
0.000673823
0.000735944
0.000774848
0.000786893
0.000770367
0.00072613
0.000657577
0.000569844
0.000468577
0.000358982
0.000245392
0.000131253
1.95048e-05
-8.68043e-05
-0.000184064
-0.000268207
-0.000335429
-0.000383067
-0.000410115
-0.000417352
-0.000407258
-0.000383361
-0.000349108
-0.000307081
-0.000259112
-0.000206925
-0.000152432
-9.78724e-05
-4.60787e-05
-2.59717e-07
3.6667e-05
6.27274e-05
7.721e-05
8.05452e-05
7.38798e-05
5.84867e-05
3.53104e-05
4.86635e-06
-3.25692e-05
-7.6489e-05
-0.000125615
-0.000177648
-0.000229453
-0.000277556
-0.000318606
-0.000349743
-0.000368799
-0.000374224
-0.000365043
-0.000340887
-0.000301818
-0.00024837
-0.000182037
-0.000105587
-2.26389e-05
6.30349e-05
0.000147638
0.000227428
0.000299135
0.000360059
0.000407822
0.000440262
0.00045558
0.000452605
0.000431008
0.000391564
0.000336328
0.000268462
0.0001917
0.000109766
2.59535e-05
-5.70793e-05
-0.000137194
-0.000212481
-0.000281185
-0.000341676
-0.000392401
-0.000431969
-0.000459205
-0.000473254
-0.000473795
-0.000461084
-0.000435722
-0.000398509
-0.000350629
-0.000293719
-0.000229475
-0.000159528
-8.56405e-05
-9.69192e-06
6.63115e-05
0.000140093
0.00020907
0.000270513
0.000321796
0.000360629
0.000385348
0.000395041
0.000389357
0.000368353
0.000332412
0.000282132
0.000218507
0.000143246
5.88542e-05
-3.12147e-05
-0.000122228
-0.000208209
-0.000283016
-0.000341742
-0.00038097
-0.000398667
-0.000394648
-0.000370663
-0.000329452
-0.000273603
-0.000205549
-0.000128088
-4.45236e-05
4.11776e-05
0.000124397
0.000200194
0.000263808
0.000311449
0.000341028
0.000352309
0.000346473
0.000325702
0.000293071
0.00025207
0.000206082
0.000158467
0.00011267
7.18019e-05
3.8083e-05
1.26098e-05
-4.79375e-06
-1.57009e-05
-2.23507e-05
-2.67175e-05
-3.06579e-05
-3.6081e-05
-4.44363e-05
-5.63307e-05
-7.16175e-05
-8.98767e-05
-0.000110627
-0.000133033
-0.000155631
-0.000176253
-0.000192343
-0.000201379
-0.000200994
-0.00018944
-0.000166315
-0.000132812
-9.1165e-05
-4.39728e-05
5.7453e-06
5.46417e-05
9.95703e-05
0.00013755
0.000165497
0.000180261
0.000178837
0.000158732
0.000118428
0.000118428
5.78621e-05
-2.10842e-05
-0.000114412
-0.000216452
-0.00032058
-0.000419672
-0.000506597
-0.000575351
-0.000621696
-0.000642247
-0.00063386
-0.00059404
-0.000521045
-0.000414005
-0.000273532
-0.000102524
9.32179e-05
0.000304652
0.000519601
0.000724432
0.000906569
0.00105541
0.00116238
0.00122128
0.00122802
0.00118007
0.00107615
0.00091602
0.00070114
0.000436111
0.000130232
-0.000202173
-0.000543387
-0.000874464
-0.0011771
-0.00143535
-0.00163666
-0.00177225
-0.00183669
-0.00182647
-0.00173947
-0.00157579
-0.00133907
-0.00103759
-0.000684529
-0.000297491
0.000102928
0.00049537
0.00085997
0.00118028
0.00144413
0.00164306
0.00177147
0.00182617
0.00180611
0.00171243
0.00154924
0.00132465
0.00105087
0.000743105
0.000418214
9.34828e-05
-0.000214608
-0.000491787
-0.000726677
-0.000910454
-0.00103649
-0.00110037
-0.0011001
-0.00103621
-0.000912069
-0.000734342
-0.00051302
-0.000260758
8.19918e-06
0.000278896
0.000536536
0.000767534
0.00096034
0.00110581
0.00119711
0.00122961
0.00120107
0.00111204
0.000966002
0.000769262
0.000530658
0.000261364
-2.58297e-05
-0.000317683
-0.000601465
-0.000865503
-0.00109946
-0.00129466
-0.00144425
-0.00154316
-0.00158828
-0.00157893
-0.00151715
-0.00140726
-0.00125528
-0.00106831
-0.000853705
-0.000618926
-0.000371945
-0.000120973
0.000125836
0.00036016
0.000573644
0.000758584
0.000908717
0.00101966
0.00108889
0.00111538
0.00109926
0.00104191
0.000946261
0.000816427
0.000657751
0.000477476
0.000284875
9.04088e-05
-9.54655e-05
-0.00026296
-0.000403544
-0.000510977
-0.000581956
-0.00061569
-0.000612812
-0.000574949
-0.000504879
-0.000406432
-0.000284452
-0.00014503
4.23204e-06
0.000154377
0.000295966
0.000420053
0.000518788
0.000586005
0.00061794
0.000613434
0.000573364
0.000500085
0.000397262
0.000269511
0.000121808
-4.07078e-05
-0.00021257
-0.000387947
-0.000560557
-0.000723101
-0.000866976
-0.00098313
-0.00106325
-0.00110046
-0.00109006
-0.00103062
-0.000924414
-0.000775984
-0.000591017
-0.000376164
-0.000138774
0.000113353
0.000371686
0.000626245
0.000865499
0.00107727
0.00124998
0.00137436
0.00144481
0.00145953
0.00142024
0.00133161
0.00120021
0.00103336
0.000838781
0.0006251
0.00040215
0.000180808
-2.72711e-05
-0.000210359
-0.000357936
-0.000462077
-0.000518283
-0.000525626
-0.000486425
-0.00040554
-0.000289614
-0.000146765
1.35666e-05
0.000180642
0.000342479
0.000486856
0.000602416
0.000678723
0.000706879
0.000681414
0.000601897
0.000472971
0.000302762
0.00010168
-0.000118084
-0.000343443
-0.000561217
-0.000758863
-0.000924725
-0.00104754
-0.00111693
-0.0011251
-0.00106846
-0.000948459
-0.000771392
-0.00054805
-0.000292597
-2.05902e-05
0.000252433
0.000511913
0.000744814
0.000939457
0.00108568
0.00117574
0.00120537
0.00117399
0.0010844
0.000942952
0.00075946
0.000546141
0.000316718
8.56242e-05
-0.000133018
-0.000326112
-0.000482135
-0.000591891
-0.000649323
-0.000651726
-0.000599402
-0.000495579
-0.000346236
-0.000159539
5.45623e-05
0.000284853
0.000519411
0.000745875
0.000952055
0.0011268
0.0012605
0.0013453
0.0013754
0.00134744
0.00126062
0.00111659
0.000919374
0.000675395
0.000393154
8.23979e-05
-0.000246314
-0.000581445
-0.000910388
-0.00122
-0.00149764
-0.00173186
-0.00191282
-0.00203291
-0.00208717
-0.00207356
-0.00199296
-0.00184863
-0.00164591
-0.00139231
-0.0010976
-0.000773864
-0.000435101
-9.63299e-05
0.000227458
0.000522351
0.000776448
0.000980485
0.00112798
0.00121504
0.00124009
0.00120377
0.00110872
0.000959895
0.000764887
0.000533869
0.000279081
1.40863e-05
-0.000247201
-0.000491606
-0.000707648
-0.000886082
-0.00102005
-0.00110506
-0.00113892
-0.00112144
-0.00105413
-0.000940368
-0.000785693
-0.000597613
-0.000385246
-0.000158969
7.00796e-05
0.000290839
0.000493204
0.000668653
0.000810667
0.000914819
0.000978599
0.00100129
0.000983867
0.000928835
0.00084025
0.000723665
0.000585956
0.000435029
0.000279297
0.000126937
-1.48653e-05
-0.000140199
-0.000244379
-0.00032409
-0.00032409
-0.000377463
-0.000403893
-0.000403953
-0.000379255
-0.000332351
-0.000266862
-0.000187382
-9.90141e-05
-6.97099e-06
8.35564e-05
0.000167561
0.000240653
0.000299274
0.000340584
0.000362505
0.000363943
0.000345019
0.000307127
0.000252887
0.000186173
0.00011185
3.48921e-05
-4.03729e-05
-0.000110066
-0.000170594
-0.000218994
-0.000252989
-0.000270662
-0.000270345
-0.000251128
-0.000213454
-0.000159387
-9.27393e-05
-1.86462e-05
5.73699e-05
0.000130059
0.000194848
0.000248169
0.000287507
0.00031124
0.000318462
0.000308828
0.000282523
0.00024047
0.000184598
0.000117784
4.35431e-05
-3.41771e-05
-0.00011138
-0.000184518
-0.000250651
-0.000307263
-0.000352175
-0.000383785
-0.000401173
-0.000403999
-0.000392576
-0.000367949
-0.000331784
-0.000286138
-0.000233253
-0.000175392
-0.000114759
-5.36551e-05
5.32144e-06
5.93502e-05
0.000105568
0.000141235
0.000164056
0.000172672
0.000166859
0.000147208
0.000114829
7.11879e-05
1.77996e-05
-4.38985e-05
-0.000112189
-0.000184614
-0.000257857
-0.000327853
-0.000390041
-0.000440025
-0.000474329
-0.000490663
-0.000487958
-0.00046633
-0.000426793
-0.000370941
-0.000300819
-0.000218971
-0.000128599
-3.36831e-05
6.11449e-05
0.000151131
0.000231842
0.000299237
0.000349931
0.000381573
0.000392813
0.000383104
0.000352642
0.000302421
0.000234243
0.000150662
5.49695e-05
-4.88487e-05
-0.000156328
-0.000262922
-0.000364234
-0.000456022
-0.000534294
-0.000595686
-0.000637779
-0.000658961
-0.000658297
-0.000635654
-0.000591729
-0.000527993
-0.000446625
-0.000350373
-0.000242437
-0.000126373
-5.95803e-06
0.000114788
0.00023162
0.000340399
0.000437415
0.000519428
0.000583687
0.000628131
0.000651609
0.000653787
0.00063492
0.00059574
0.000537321
0.000461242
0.000369878
0.000266307
0.000154175
3.76924e-05
-7.86092e-05
-0.000190329
-0.000293505
-0.00038461
-0.00046049
-0.000518339
-0.000555607
-0.000570253
-0.000561226
-0.000528577
-0.000473461
-0.000398264
-0.000306433
-0.000202046
-8.93869e-05
2.73415e-05
0.000144123
0.000257125
0.000362623
0.000456924
0.000536469
0.000598125
0.000639467
0.00065885
0.000655368
0.000629068
0.000581165
0.00051373
0.000429279
0.000330696
0.000221131
0.000103973
-1.71019e-05
-0.000138123
-0.000254759
-0.000362189
-0.000455205
-0.00052893
-0.000579653
-0.000604905
-0.000603378
-0.000575083
-0.000521136
-0.000443384
-0.000344246
-0.000226766
-9.48803e-05
4.62365e-05
0.000189984
0.000328857
0.000455505
0.000563408
0.000647303
0.000703636
0.000730581
0.000727673
0.000695422
0.00063513
0.000548918
0.000439894
0.000312409
0.000172153
2.59167e-05
-0.000118943
-0.000255226
-0.0003766
-0.000478087
-0.000556226
-0.000608952
-0.000635342
-0.00063534
-0.000609509
-0.000558921
-0.000485351
-0.000391665
-0.000281941
-0.000161286
-3.56063e-05
8.86765e-05
0.0002051
0.000307822
0.000392104
0.000454357
0.000492032
0.000503549
0.000488256
0.000446411
0.000379205
0.000289044
0.000179892
5.72785e-05
-7.22621e-05
-0.000201897
-0.000324763
-0.000434297
-0.000524793
-0.000591543
-0.000630779
-0.000639736
-0.000616752
-0.000561454
-0.000475039
-0.000360533
-0.000222807
-6.82019e-05
9.60214e-05
0.000262238
0.000422925
0.000571013
0.000700202
0.000805099
0.00088107
0.00092429
0.0009321
0.000903377
0.0008389
0.000741452
0.00061557
0.000467184
0.000303159
0.000130727
-4.29815e-05
-0.000211164
-0.00036741
-0.000505758
-0.000620746
-0.000707523
-0.000762243
-0.000782618
-0.000768231
-0.000720545
-0.000642736
-0.000539378
-0.000416047
-0.000278921
-0.000134425
1.09435e-05
0.000150666
0.000278294
0.000387738
0.000473641
0.000531622
0.000558594
0.000553107
0.000515463
0.000447668
0.000353305
0.000237256
0.000105364
-3.58346e-05
-0.000179282
-0.000317653
-0.000443685
-0.000550477
-0.000631923
-0.00068325
-0.000701403
-0.000685173
-0.000635071
-0.000553169
-0.000443029
-0.00030958
-0.000158946
1.91101e-06
0.00016558
0.000324359
0.000470546
0.000597076
0.000698115
0.000769452
0.000808608
0.000814757
0.00078861
0.000732266
0.000648993
0.00054292
0.000418808
0.000282017
0.000138392
-5.99385e-06
-0.00014509
-0.000273057
-0.000273057
-0.000384605
-0.000475482
-0.000542628
-0.000583962
-0.000598308
-0.000585604
-0.000547044
-0.000484757
-0.000401552
-0.000301026
-0.000187549
-6.61211e-05
5.78116e-05
0.000178623
0.000290799
0.0003892
0.000469293
0.000527426
0.000561011
0.00056854
0.000549635
0.000505136
0.000437043
0.000348412
0.000243257
0.000126428
3.36073e-06
-0.000120258
-0.000238843
-0.000347238
-0.000440979
-0.00051642
-0.00057083
-0.000602403
-0.000610132
-0.000593705
-0.000553622
-0.000491342
-0.000409316
-0.000310956
-0.000200573
-8.3174e-05
3.6003e-05
0.000152022
0.000260522
0.000357779
0.0004407
0.000506696
0.000553563
0.000579481
0.000583202
0.000564331
0.000523562
0.000462856
0.000385423
0.000295384
0.00019736
9.6145e-05
-3.5743e-06
-9.74897e-05
-0.000181834
-0.000253342
-0.000309216
-0.000347254
-0.000365989
-0.000364777
-0.000343867
-0.000304546
-0.00024915
-0.000180918
-0.000103827
-2.23429e-05
5.89744e-05
0.000135828
0.000204393
0.000261453
0.000304457
0.000331426
0.000340822
0.000331575
0.000303207
0.000255934
0.000190803
0.000109934
1.65459e-05
-8.54243e-05
-0.000191705
-0.000297825
-0.000399219
-0.000491531
-0.000570961
-0.000634235
-0.000678477
-0.000701322
-0.00070099
-0.000676433
-0.000627586
-0.000555431
-0.00046202
-0.000350541
-0.000225292
-9.14755e-05
4.5206e-05
0.000179012
0.000304494
0.000416738
0.000511523
0.000585488
0.000636243
0.000662328
0.00066326
0.000639683
0.000593414
0.000527284
0.000444916
0.000350555
0.000248812
0.000144279
4.12624e-05
-5.6165e-05
-0.000144184
-0.000219604
-0.000280087
-0.000324125
-0.000351156
-0.000361612
-0.000356738
-0.000338377
-0.000308772
-0.000270359
-0.000225644
-0.000177241
-0.000127918
-8.04101e-05
-3.72093e-05
-3.93716e-07
2.85824e-05
4.88887e-05
6.01674e-05
6.25651e-05
5.67094e-05
4.34867e-05
2.38825e-05
-1.02517e-06
-2.99637e-05
-6.14026e-05
-9.36061e-05
-0.000124711
-0.000152801
-0.000176053
-0.000192948
-0.000202428
-0.00020389
-0.000197158
-0.000182469
-0.000160448
-0.000131991
-9.81522e-05
-6.01625e-05
-1.95066e-05
2.21131e-05
6.29193e-05
0.000101189
0.00013531
0.00016392
0.000186095
0.000201382
0.00020967
0.000211111
0.000206211
0.000195838
0.000181107
0.000163334
0.000143967
0.000124421
0.000105916
8.93777e-05
7.53769e-05
6.4135e-05
5.56971e-05
5.00878e-05
4.72512e-05
4.70252e-05
4.92374e-05
5.37489e-05
6.03849e-05
6.88256e-05
7.86598e-05
8.95192e-05
0.000101109
0.000113196
0.000125517
0.000137632
0.0001489
0.000158506
0.000165453
0.000168621
0.000167024
0.000159991
0.000147002
0.000127642
0.000101715
6.91675e-05
3.00531e-05
-1.53128e-05
-6.61008e-05
-0.000120761
-0.000176903
-0.000231344
-0.000280697
-0.000322101
-0.000353309
-0.00037261
-0.000378972
-0.00037199
-0.000351786
-0.000318975
-0.000274621
-0.000220321
-0.000158415
-9.20224e-05
-2.46807e-05
4.00645e-05
9.88041e-05
0.000148515
0.000186879
0.000212287
0.000223726
0.000220791
0.000203805
0.000173821
0.000132534
8.2271e-05
2.59332e-05
-3.32184e-05
-9.18147e-05
-0.000146611
-0.000194675
-0.000233519
-0.000261187
-0.000276263
-0.000277798
-0.000265279
-0.000238694
-0.000198573
-0.000146043
-8.28776e-05
-1.14527e-05
6.53518e-05
0.000144248
0.000221691
0.000294157
0.000358416
0.000411562
0.000451009
0.000474561
0.000480486
0.000467788
0.000436489
0.000387554
0.00032279
0.000244914
0.000157383
6.39598e-05
-3.16326e-05
-0.000125717
-0.000214702
-0.00029525
-0.00036431
-0.000419132
-0.000457431
-0.000477653
-0.000479128
-0.00046204
-0.000427338
-0.000376777
-0.000312917
-0.000238806
-0.000157709
-7.31052e-05
1.13479e-05
9.20325e-05
0.000165625
0.000229209
0.00028034
0.00031719
0.00033866
0.000344362
0.000334538
0.000310037
0.000272332
0.000223447
0.000165847
0.000102384
3.62635e-05
-2.91037e-05
-9.03451e-05
-0.000144346
-0.000188413
-0.000220434
-0.000239007
-0.000243463
-0.000233788
-0.000210548
-0.000174817
-0.000128091
-7.21834e-05
-9.18712e-06
5.85315e-05
0.000128357
0.000197436
0.000262685
0.000320959
0.000369358
0.000405422
0.000427177
0.000433197
0.000422792
0.000396142
0.00035414
0.000298266
0.000230677
0.000230677
0.00015418
7.19289e-05
-1.28405e-05
-9.68029e-05
-0.000176589
-0.000249047
-0.000311348
-0.000360952
-0.00039563
-0.000413666
-0.00041407
-0.000396669
-0.000362152
-0.000312168
-0.000249243
-0.000176404
-9.6851e-05
-1.38398e-05
6.94743e-05
0.000150158
0.000225473
0.000292772
0.000349425
0.000392842
0.000420621
0.000430963
0.000423115
0.000397419
0.000355184
0.000298592
0.000230448
0.000153793
7.16369e-05
-1.31116e-05
-9.75634e-05
-0.000178732
-0.000253406
-0.000318199
-0.00036986
-0.000405685
-0.000423855
-0.000423645
-0.000405454
-0.000370715
-0.000321635
-0.000260825
-0.000191056
-0.000115185
-3.61928e-05
4.27696e-05
0.000118362
0.00018714
0.000245779
0.000291406
0.000321879
0.000335994
0.000333553
0.000315272
0.000282591
0.000237478
0.00018224
0.000119431
5.18191e-05
-1.75901e-05
-8.55736e-05
-0.000148793
-0.000203976
-0.000248189
-0.000279128
-0.00029528
-0.000295959
-0.000281284
-0.00025208
-0.000209756
-0.000156231
-9.38574e-05
-2.53837e-05
4.60644e-05
0.000117045
0.000184029
0.000243672
0.000292973
0.000329432
0.000351234
0.000357297
0.000347244
0.000321369
0.000280599
0.000226469
0.00016114
8.74458e-05
8.85687e-06
-7.07589e-05
-0.000147432
-0.000217335
-0.000277024
-0.000323679
-0.000355285
-0.00037066
-0.000369303
-0.00035131
-0.000317396
-0.00026891
-0.00020784
-0.000136848
-5.92585e-05
2.1113e-05
0.000100244
0.000174178
0.000239314
0.000292675
0.000332014
0.000355815
0.000363263
0.000354191
0.000329071
0.00028904
0.000235922
0.000172208
0.000101001
2.58476e-05
-4.95368e-05
-0.000121554
-0.000186912
-0.000242778
-0.000286909
-0.000317691
-0.000334084
-0.000335583
-0.000322294
-0.00029499
-0.000255108
-0.000204717
-0.000146416
-8.31456e-05
-1.79703e-05
4.61211e-05
0.000106384
0.000160425
0.000206228
0.000242156
0.000267008
0.00028006
0.000281071
0.000270319
0.000248609
0.000217245
0.000177949
0.000132719
8.36662e-05
3.28541e-05
-1.77459e-05
-6.62447e-05
-0.000110908
-0.000150207
-0.000182785
-0.000207444
-0.000223225
-0.000229576
-0.000226446
-0.000214301
-0.000194146
-0.000167507
-0.000136269
-0.000102411
-6.78423e-05
-3.43337e-05
-3.39181e-06
2.38774e-05
4.67168e-05
6.45034e-05
7.66821e-05
8.28782e-05
8.29592e-05
7.70493e-05
6.55773e-05
4.93745e-05
2.97169e-05
8.16708e-06
-1.36617e-05
-3.42705e-05
-5.23935e-05
-6.70994e-05
-7.78103e-05
-8.41703e-05
-8.58855e-05
-8.26749e-05
-7.43377e-05
-6.08675e-05
-4.25427e-05
-2.00345e-05
5.49233e-06
3.24423e-05
5.9091e-05
8.38999e-05
0.000105563
0.000123006
0.000135472
0.000142489
0.000143734
0.000138939
0.000127959
0.000110916
8.82988e-05
6.10165e-05
3.0386e-05
-1.9856e-06
-3.44189e-05
-6.53927e-05
-9.37045e-05
-0.000118538
-0.000139354
-0.000155694
-0.000167121
-0.000173235
-0.000173656
-0.000168145
-0.000156848
-0.000140397
-0.000119789
-9.6227e-05
-7.10024e-05
-4.53379e-05
-2.02926e-05
3.21104e-06
2.4303e-05
4.20869e-05
5.56161e-05
6.39567e-05
6.63693e-05
6.25062e-05
5.2489e-05
3.69142e-05
1.68065e-05
-6.53325e-06
-3.17695e-05
-5.76967e-05
-8.321e-05
-0.000107256
-0.000128843
-0.000147004
-0.000160766
-0.000169217
-0.000171695
-0.000167928
-0.000158051
-0.000142541
-0.000122108
-9.7596e-05
-6.98744e-05
-3.97506e-05
-7.98297e-06
2.46417e-05
5.72359e-05
8.88166e-05
0.000118394
0.000145061
0.000168078
0.000186929
0.000201298
0.000210971
0.000215766
0.000215515
0.000210081
0.00019941
0.000183696
0.000163486
0.000139577
0.000112914
8.45166e-05
5.53082e-05
2.6e-05
-2.88084e-06
-3.08839e-05
-5.75271e-05
-8.21971e-05
-0.000104093
-0.000122322
-0.000136141
-0.000145135
-0.000149278
-0.000148921
-0.00014474
-0.000137637
-0.000128561
-0.000118334
-0.000107637
-9.71009e-05
-8.7333e-05
-7.88778e-05
-7.21836e-05
-6.76101e-05
-6.53642e-05
-6.53868e-05
-6.73448e-05
-7.0773e-05
-7.51564e-05
-7.98301e-05
-8.39945e-05
-8.68671e-05
-8.77074e-05
-8.57993e-05
-8.05255e-05
-7.14811e-05
-5.8528e-05
-4.17957e-05
-2.1687e-05
1.17699e-06
2.60842e-05
5.23262e-05
7.92244e-05
0.00010612
0.000132359
0.0001573
0.000180313
0.000200769
0.000218049
0.000231575
0.000240839
0.000245484
0.000245378
0.000240566
0.000240566
0.000231201
0.000217538
0.000199906
0.000178743
0.000154626
0.000128151
9.98675e-05
7.02998e-05
3.99036e-05
9.08831e-06
-2.17005e-05
-5.19851e-05
-8.12692e-05
-0.000108981
-0.000134441
-0.000156976
-0.000176081
-0.000191446
-0.000202884
-0.000210308
-0.000213669
-0.000212976
-0.000208326
-0.000199813
-0.000187525
-0.000171658
-0.000152537
-0.000130639
-0.000106642
-8.13353e-05
-5.54866e-05
-2.97943e-05
-4.84781e-06
1.88814e-05
4.10119e-05
6.12494e-05
7.93611e-05
9.50956e-05
0.000108133
0.000118141
0.000124894
0.000128335
0.000128567
0.000125849
0.000120549
0.000113107
0.000104017
9.37757e-05
8.28837e-05
7.18847e-05
6.13337e-05
5.17061e-05
4.33609e-05
3.65818e-05
3.15611e-05
2.83359e-05
2.67934e-05
2.67347e-05
2.78941e-05
2.98821e-05
3.21815e-05
3.42013e-05
3.53006e-05
3.48426e-05
3.22812e-05
2.72099e-05
1.93782e-05
8.69247e-06
-4.79441e-06
-2.08716e-05
-3.9123e-05
-5.88935e-05
-7.92997e-05
-9.92409e-05
-0.000117456
-0.000132754
-0.000144225
-0.000151173
-0.000153079
-0.000149727
-0.000141218
-0.000127851
-0.000110019
-8.82548e-05
-6.33217e-05
-3.62264e-05
-8.19781e-06
1.93802e-05
4.50939e-05
6.76419e-05
8.59691e-05
9.93479e-05
0.000107395
0.00011003
0.000107403
9.98497e-05
8.78517e-05
7.19958e-05
5.30068e-05
3.17953e-05
9.4386e-06
-1.29054e-05
-3.40917e-05
-5.30702e-05
-6.89565e-05
-8.10549e-05
-8.88273e-05
-9.18513e-05
-8.98148e-05
-8.25267e-05
-6.99457e-05
-5.22788e-05
-3.00894e-05
-4.30424e-06
2.3829e-05
5.27849e-05
8.08806e-05
0.000106548
0.000128544
0.000145867
0.000157664
0.000163263
0.000162152
0.000153938
0.000138438
0.000115814
8.67096e-05
5.23035e-05
1.42579e-05
-2.5471e-05
-6.49066e-05
-0.000102234
-0.000135896
-0.000164646
-0.000187496
-0.000203631
-0.000212369
-0.000213171
-0.000205715
-0.000190018
-0.000166529
-0.000136195
-0.000100427
-6.09073e-05
-1.93859e-05
2.24103e-05
6.28271e-05
0.000100338
0.000133588
0.000161378
0.000182631
0.000196454
0.000202235
0.000199755
0.000189255
0.000171436
0.00014739
0.000118507
8.6359e-05
5.25729e-05
1.87561e-05
-1.35132e-05
-4.2722e-05
-6.74984e-05
-8.66704e-05
-9.93303e-05
-0.000104906
-0.000103219
-9.45176e-05
-7.94396e-05
-5.89341e-05
-3.4155e-05
-6.36123e-06
2.31478e-05
5.30776e-05
8.21747e-05
0.000109249
0.000133186
0.00015298
0.000167825
0.000177189
0.000180809
0.000178673
0.000171009
0.000158274
0.000141109
0.00012027
9.66078e-05
7.10619e-05
4.46744e-05
1.85875e-05
-6.01717e-06
-2.79943e-05
-4.62935e-05
-6.00297e-05
-6.85775e-05
-7.1605e-05
-6.9007e-05
-6.08691e-05
-4.74875e-05
-2.93666e-05
-7.23092e-06
1.79445e-05
4.49311e-05
7.22995e-05
9.85106e-05
0.000122032
0.000141511
0.000155902
0.00016444
0.000166617
0.000162193
0.000151163
0.000133742
0.000110402
8.19012e-05
4.92936e-05
1.38925e-05
-2.27976e-05
-5.92084e-05
-9.38536e-05
-0.000125435
-0.00015291
-0.000175525
-0.000192801
-0.000204486
-0.000210515
-0.000211027
-0.000206388
-0.000197186
-0.000184216
-0.000168468
-0.00015108
-0.000133234
-0.000116053
-0.000100527
-8.74565e-05
-7.74632e-05
-7.10167e-05
-6.84094e-05
-6.97445e-05
-7.49355e-05
-8.36806e-05
-9.54782e-05
-0.000109672
-0.000125476
-0.000142025
-0.000158441
-0.000173886
-0.000187581
-0.0001988
-0.000206852
-0.000211099
-0.000211005
-0.000206183
-0.00019649
-0.000182103
-0.000163504
-0.000141409
-0.000116757
-9.06347e-05
-6.4128e-05
-3.81974e-05
-1.37134e-05
8.48753e-06
2.76294e-05
4.30212e-05
5.40695e-05
6.03237e-05
6.15608e-05
5.78589e-05
4.9606e-05
3.74701e-05
2.23474e-05
5.27413e-06
-1.26622e-05
-3.03791e-05
-4.68341e-05
-6.105e-05
-7.21825e-05
-7.96013e-05
-8.28857e-05
-8.18116e-05
-7.63862e-05
-6.6855e-05
-5.36475e-05
-3.73301e-05
-1.86158e-05
1.64457e-06
2.25155e-05
4.3013e-05
6.21406e-05
7.89547e-05
9.26387e-05
0.000102563
0.000108318
0.000109723
0.00010683
9.99304e-05
8.95112e-05
7.62158e-05
6.08211e-05
4.4206e-05
2.72924e-05
1.0999e-05
-3.77003e-06
-1.61473e-05
-2.53592e-05
-3.07739e-05
-3.19357e-05
-2.85943e-05
-2.07172e-05
-8.49961e-06
7.6258e-06
2.69892e-05
4.87115e-05
7.17801e-05
9.51291e-05
0.000117689
0.000138433
0.000156434
0.000170905
0.000170905
0.000181214
0.000186859
0.000187451
0.000182737
0.000172607
0.000157175
0.00013686
0.000112371
8.46262e-05
5.47199e-05
2.38704e-05
-6.65559e-06
-3.56353e-05
-6.19537e-05
-8.46134e-05
-0.000102737
-0.00011558
-0.000122596
-0.000123471
-0.000118121
-0.00010672
-8.97294e-05
-6.78554e-05
-4.19881e-05
-1.31785e-05
1.74022e-05
4.85327e-05
7.90087e-05
0.000107682
0.000133489
0.000155489
0.000172902
0.000185123
0.000191715
0.000192433
0.00018729
0.000176623
0.00016105
0.000141394
0.000118674
9.40453e-05
6.86753e-05
4.36567e-05
2.00098e-05
-1.30016e-06
-1.93899e-05
-3.34952e-05
-4.30145e-05
-4.7573e-05
-4.70925e-05
-4.18305e-05
-3.23636e-05
-1.95264e-05
-4.30299e-06
1.22701e-05
2.91456e-05
4.53139e-05
5.98617e-05
7.1987e-05
8.09763e-05
8.62085e-05
8.7232e-05
8.38257e-05
7.60189e-05
6.41423e-05
4.88527e-05
3.10613e-05
1.18328e-05
-7.70071e-06
-2.64225e-05
-4.33008e-05
-5.74617e-05
-6.82033e-05
-7.49194e-05
-7.7086e-05
-7.43197e-05
-6.64155e-05
-5.34083e-05
-3.56684e-05
-1.39692e-05
1.05278e-05
3.63591e-05
6.18847e-05
8.55247e-05
0.00010597
0.000122161
0.000133229
0.000138515
0.000137525
0.000129899
0.000115458
9.4347e-05
6.71733e-05
3.5104e-05
-1.26998e-07
-3.64533e-05
-7.18329e-05
-0.000104404
-0.000132561
-0.000155062
-0.000171034
-0.000179884
-0.000181216
-0.000174804
-0.000160664
-0.000139165
-0.00011112
-7.78089e-05
-4.0902e-05
-2.30424e-06
3.60567e-05
7.24276e-05
0.00010534
0.000133641
0.000156472
0.000173229
0.000183523
0.000187155
0.000184155
0.000174849
0.000159904
0.000140321
0.000117369
9.24484e-05
6.69344e-05
4.2091e-05
1.90425e-05
-1.25141e-06
-1.79927e-05
-3.05197e-05
-3.831e-05
-4.10131e-05
-3.85069e-05
-3.09648e-05
-1.89035e-05
-3.21735e-06
1.48302e-05
3.37544e-05
5.20746e-05
6.84295e-05
8.16288e-05
9.07475e-05
9.51882e-05
9.46332e-05
8.89177e-05
7.7964e-05
6.18336e-05
4.07823e-05
1.52791e-05
-1.39577e-05
-4.5915e-05
-7.93168e-05
-0.000112744
-0.000144737
-0.000173852
-0.000198788
-0.000218564
-0.000232553
-0.000240403
-0.000241986
-0.000237385
-0.000226872
-0.000210875
-0.000189952
-0.000164832
-0.000136456
-0.000105969
-7.4692e-05
-4.40558e-05
-1.54792e-05
9.75356e-06
3.05843e-05
4.62274e-05
5.61839e-05
6.02337e-05
5.84111e-05
5.09744e-05
3.83824e-05
2.13079e-05
6.80068e-07
-2.23142e-05
-4.62925e-05
-6.97618e-05
-9.12205e-05
-0.0001093
-0.000122937
-0.00013146
-0.000134535
-0.000132105
-0.000124374
-0.000111742
-9.47085e-05
-7.38883e-05
-5.01253e-05
-2.45268e-05
1.62231e-06
2.69499e-05
5.01182e-05
6.99774e-05
8.5694e-05
9.67988e-05
0.000103155
0.000104883
0.00010227
9.56931e-05
8.5618e-05
7.26036e-05
5.73076e-05
4.04776e-05
2.29435e-05
5.59416e-06
-1.07119e-05
-2.52422e-05
-3.74427e-05
-4.69599e-05
-5.36174e-05
-5.73806e-05
-5.83461e-05
-5.67176e-05
-5.27717e-05
-4.68341e-05
-3.92567e-05
-3.04123e-05
-2.0709e-05
-1.05825e-05
-4.59223e-07
9.2667e-06
1.82271e-05
2.60965e-05
3.26413e-05
3.77358e-05
4.13458e-05
4.35226e-05
4.4391e-05
4.41192e-05
4.28814e-05
4.08487e-05
3.82053e-05
3.51494e-05
3.18992e-05
2.87025e-05
2.58249e-05
2.35253e-05
2.20253e-05
2.14837e-05
2.20011e-05
2.36453e-05
2.6479e-05
3.05802e-05
3.60555e-05
4.30101e-05
5.14114e-05
6.09602e-05
7.11204e-05
8.12052e-05
9.04189e-05
9.79623e-05
0.000103248
0.000106005
0.000106118
0.000103507
9.81198e-05
8.98772e-05
7.86256e-05
6.4234e-05
4.67721e-05
2.66182e-05
4.44594e-06
-1.88377e-05
-4.21939e-05
-6.45956e-05
-8.51564e-05
-0.000103181
-0.000118119
-0.00012951
-0.000137
-0.000140364
-0.000139442
-0.000134145
-0.000124552
-0.000110949
-9.38175e-05
-7.38162e-05
-5.1719e-05
-2.83474e-05
-4.51491e-06
1.90118e-05
4.15115e-05
6.2279e-05
8.06273e-05
9.59137e-05
0.000107539
0.000114969
0.000117868
0.000116214
0.000110248
0.000100393
8.72237e-05
7.13977e-05
5.35762e-05
3.43987e-05
1.45068e-05
-5.41685e-06
-2.46328e-05
-4.23585e-05
-5.7812e-05
-7.02907e-05
-7.92622e-05
-8.44125e-05
-8.56285e-05
-8.29483e-05
-7.65466e-05
-6.67422e-05
-5.39567e-05
-3.86781e-05
-2.14863e-05
-3.09138e-06
1.567e-05
3.391e-05
5.07709e-05
6.54749e-05
7.73847e-05
7.73847e-05
8.60599e-05
9.12687e-05
9.29546e-05
9.11839e-05
8.61262e-05
7.80626e-05
6.73862e-05
5.4602e-05
4.03443e-05
2.53776e-05
1.05196e-05
-3.47797e-06
-1.60242e-05
-2.67114e-05
-3.52812e-05
-4.16273e-05
-4.57863e-05
-4.78715e-05
-4.80439e-05
-4.65332e-05
-4.36594e-05
-3.98464e-05
-3.56171e-05
-3.15503e-05
-2.8198e-05
-2.59857e-05
-2.51393e-05
-2.56797e-05
-2.74723e-05
-3.02764e-05
-3.37937e-05
-3.77647e-05
-4.20261e-05
-4.6432e-05
-5.07855e-05
-5.48461e-05
-5.83234e-05
-6.08688e-05
-6.21259e-05
-6.18394e-05
-5.99224e-05
-5.64483e-05
-5.16248e-05
-4.57446e-05
-3.91204e-05
-3.20283e-05
-2.46804e-05
-1.72475e-05
-9.896e-06
-2.80693e-06
3.81331e-06
9.73376e-06
1.4725e-05
1.86076e-05
2.12952e-05
2.28027e-05
2.32212e-05
2.26957e-05
2.14037e-05
1.95183e-05
1.71816e-05
1.44975e-05
1.15256e-05
8.29474e-06
4.83628e-06
1.18222e-06
-2.64753e-06
-6.61132e-06
-1.06469e-05
-1.47368e-05
-1.8922e-05
-2.32701e-05
-2.78662e-05
-3.28014e-05
-3.81444e-05
-4.391e-05
-5.00465e-05
-5.64488e-05
-6.29873e-05
-6.95359e-05
-7.59891e-05
-8.22735e-05
-8.83337e-05
-9.40966e-05
-9.9457e-05
-0.000104296
-0.00010851
-0.000112012
-0.000114746
-0.000116702
-0.000117932
-0.00011852
-0.000118572
-0.00011819
-0.000117459
-0.000116429
-0.000115098
-0.00011341
-0.0001113
-0.00010871
-0.000105567
-0.000101765
-9.71285e-05
-9.14217e-05
-8.44148e-05
-7.58935e-05
-6.5689e-05
-5.37614e-05
-4.02504e-05
-2.54413e-05
-9.6765e-06
6.69583e-06
2.33302e-05
3.98897e-05
5.60139e-05
7.12764e-05
8.51913e-05
9.72414e-05
0.000106926
0.000113824
0.000117634
0.000118228
0.000115672
0.000110174
0.00010201
9.14808e-05
7.88905e-05
6.45649e-05
4.88838e-05
3.22847e-05
1.52528e-05
-1.68764e-06
-1.80019e-05
-3.31949e-05
-4.68544e-05
-5.86643e-05
-6.83791e-05
-7.57584e-05
-8.04918e-05
-8.2239e-05
-8.07652e-05
-7.59822e-05
-6.79424e-05
-5.68966e-05
-4.33084e-05
-2.77772e-05
-1.09304e-05
6.64838e-06
2.44271e-05
4.18974e-05
5.85311e-05
7.37526e-05
8.69489e-05
9.75095e-05
0.000104907
0.000108788
0.000109027
0.000105739
9.92577e-05
9.00855e-05
7.88098e-05
6.60313e-05
5.23431e-05
3.83433e-05
2.46352e-05
1.18236e-05
5.05039e-07
-8.77073e-06
-1.55624e-05
-1.95855e-05
-2.07228e-05
-1.90304e-05
-1.4725e-05
-8.13736e-06
3.23123e-07
1.01995e-05
2.10096e-05
3.22336e-05
4.33184e-05
5.37072e-05
6.28621e-05
7.03178e-05
7.57491e-05
7.89956e-05
8.00615e-05
7.91075e-05
7.64116e-05
7.23067e-05
6.71345e-05
6.1251e-05
5.50374e-05
4.88906e-05
4.32244e-05
3.84711e-05
3.50519e-05
3.3306e-05
3.34192e-05
3.53936e-05
3.90421e-05
4.40391e-05
5.00141e-05
5.65951e-05
6.34157e-05
7.01357e-05
7.64405e-05
8.20068e-05
8.64823e-05
8.94992e-05
9.071e-05
8.98428e-05
8.67606e-05
8.14936e-05
7.42285e-05
6.52569e-05
5.49205e-05
4.35758e-05
3.15706e-05
1.92366e-05
6.90458e-06
-5.07331e-06
-1.63116e-05
-2.63881e-05
-3.48525e-05
-4.12955e-05
-4.54388e-05
-4.71559e-05
-4.64548e-05
-4.34591e-05
-3.83532e-05
-3.13377e-05
-2.2624e-05
-1.24366e-05
-1.0378e-06
1.12326e-05
2.39338e-05
3.65376e-05
4.84923e-05
5.92959e-05
6.85503e-05
7.59933e-05
8.1493e-05
8.50197e-05
8.66087e-05
8.63237e-05
8.42511e-05
8.05201e-05
7.53135e-05
6.88813e-05
6.15596e-05
5.37577e-05
4.59134e-05
3.84363e-05
3.16391e-05
2.56717e-05
2.04927e-05
1.59099e-05
1.1677e-05
7.59394e-06
3.59652e-06
-2.10002e-07
-3.64479e-06
-6.5876e-06
-9.0266e-06
-1.10646e-05
-1.29194e-05
-1.48639e-05
-1.71112e-05
-1.97058e-05
-2.25112e-05
-2.53005e-05
-2.78565e-05
-3.0054e-05
-3.19224e-05
-3.36496e-05
-3.55019e-05
-3.77172e-05
-4.04404e-05
-4.37024e-05
-4.74289e-05
-5.14834e-05
-5.57336e-05
-6.00889e-05
-6.44663e-05
-6.87372e-05
-7.27235e-05
-7.61946e-05
-7.88563e-05
-8.03863e-05
-8.04979e-05
-7.90058e-05
-7.5853e-05
-7.10604e-05
-6.46866e-05
-5.68289e-05
-4.76239e-05
-3.72623e-05
-2.60213e-05
-1.42788e-05
-2.4979e-06
8.80409e-06
1.91023e-05
2.79384e-05
3.49787e-05
4.00178e-05
4.29703e-05
4.38589e-05
4.278e-05
3.98752e-05
3.53317e-05
2.94061e-05
2.24354e-05
1.48331e-05
7.07919e-06
-3.18201e-07
-6.87362e-06
-1.21702e-05
-1.59041e-05
-1.79072e-05
-1.81452e-05
-1.66975e-05
-1.37341e-05
-9.50846e-06
-9.50846e-06
-4.34732e-06
1.35792e-06
7.15412e-06
1.25742e-05
1.71803e-05
2.05534e-05
2.23202e-05
2.22254e-05
2.01575e-05
1.61209e-05
1.02016e-05
2.57044e-06
-6.51369e-06
-1.67279e-05
-2.76898e-05
-3.89638e-05
-5.00872e-05
-6.05923e-05
-7.00331e-05
-7.80188e-05
-8.42326e-05
-8.84404e-05
-9.05002e-05
-9.03523e-05
-8.79873e-05
-8.34179e-05
-7.66606e-05
-6.77705e-05
-5.68974e-05
-4.42681e-05
-3.01628e-05
-1.49334e-05
1.00738e-06
1.71882e-05
3.30831e-05
4.81538e-05
6.18813e-05
7.37742e-05
8.33837e-05
9.03588e-05
9.44878e-05
9.56572e-05
9.38368e-05
8.91116e-05
8.16677e-05
7.17751e-05
5.98034e-05
4.62387e-05
3.16748e-05
1.67667e-05
2.16834e-06
-1.15315e-05
-2.38623e-05
-3.44982e-05
-4.32508e-05
-5.00483e-05
-5.49064e-05
-5.78764e-05
-5.90037e-05
-5.83405e-05
-5.59755e-05
-5.20428e-05
-4.67308e-05
-4.03289e-05
-3.32359e-05
-2.58517e-05
-1.84987e-05
-1.14274e-05
-4.8055e-06
1.28865e-06
6.82163e-06
1.17421e-05
1.59452e-05
1.92668e-05
2.15026e-05
2.24738e-05
2.20981e-05
2.04205e-05
1.7601e-05
1.38724e-05
9.4876e-06
4.67679e-06
-3.71431e-07
-5.50169e-06
-1.05684e-05
-1.54022e-05
-1.97792e-05
-2.34374e-05
-2.61252e-05
-2.76375e-05
-2.78552e-05
-2.67752e-05
-2.45111e-05
-2.12697e-05
-1.72981e-05
-1.28403e-05
-8.12941e-06
-3.38653e-06
1.16773e-06
5.30441e-06
8.78594e-06
1.13582e-05
1.27803e-05
1.28815e-05
1.15939e-05
8.96451e-06
5.1493e-06
3.82954e-07
-5.06191e-06
-1.09071e-05
-1.68865e-05
-2.27577e-05
-2.8294e-05
-3.32657e-05
-3.74405e-05
-4.0594e-05
-4.25408e-05
-4.31835e-05
-4.25422e-05
-4.07591e-05
-3.80799e-05
-3.48131e-05
-3.12937e-05
-2.78339e-05
-2.46868e-05
-2.20742e-05
-2.02011e-05
-1.92334e-05
-1.92908e-05
-2.04501e-05
-2.2743e-05
-2.61337e-05
-3.04953e-05
-3.56097e-05
-4.11721e-05
-4.68037e-05
-5.20862e-05
-5.65973e-05
-5.99445e-05
-6.17887e-05
-6.18583e-05
-5.99805e-05
-5.60934e-05
-5.02147e-05
-4.24339e-05
-3.29457e-05
-2.207e-05
-1.02183e-05
2.15492e-06
1.45543e-05
2.64579e-05
3.73658e-05
4.68228e-05
5.44448e-05
5.99457e-05
6.31387e-05
6.39483e-05
6.24366e-05
5.87973e-05
5.33245e-05
4.63865e-05
3.84045e-05
2.98211e-05
2.10684e-05
1.25585e-05
4.69081e-06
-2.14833e-06
-7.62079e-06
-1.14701e-05
-1.35265e-05
-1.37217e-05
-1.21007e-05
-8.79844e-06
-4.0023e-06
2.07674e-06
9.22295e-06
1.72329e-05
2.58932e-05
3.49397e-05
4.4077e-05
5.30018e-05
6.13896e-05
6.89089e-05
7.52695e-05
8.02582e-05
8.37392e-05
8.56483e-05
8.59844e-05
8.47928e-05
8.21585e-05
7.82014e-05
7.30719e-05
6.69665e-05
6.01333e-05
5.28601e-05
4.54652e-05
3.82892e-05
3.16667e-05
2.58884e-05
2.11827e-05
1.77135e-05
1.55782e-05
1.48139e-05
1.53963e-05
1.72457e-05
2.02422e-05
2.42137e-05
2.89138e-05
3.40368e-05
3.92417e-05
4.4158e-05
4.84131e-05
5.16816e-05
5.37201e-05
5.43867e-05
5.36359e-05
5.14965e-05
4.80606e-05
4.34765e-05
3.7915e-05
3.15582e-05
2.46408e-05
1.746e-05
1.0352e-05
3.67414e-06
-2.2354e-06
-7.10188e-06
-1.07464e-05
-1.31042e-05
-1.4209e-05
-1.41535e-05
-1.30433e-05
-1.09759e-05
-8.05724e-06
-4.41742e-06
-2.19565e-07
4.3226e-06
8.94036e-06
1.33411e-05
1.72575e-05
2.04749e-05
2.28351e-05
2.42319e-05
2.46019e-05
2.39148e-05
2.21536e-05
1.93029e-05
1.53791e-05
1.04606e-05
4.69379e-06
-1.70602e-06
-8.47415e-06
-1.53295e-05
-2.19951e-05
-2.82194e-05
-3.37989e-05
-3.85726e-05
-4.24088e-05
-4.52154e-05
-4.69532e-05
-4.76393e-05
-4.73492e-05
-4.62173e-05
-4.44354e-05
-4.22421e-05
-3.99044e-05
-3.76913e-05
-3.5852e-05
-3.46136e-05
-3.41752e-05
-3.46968e-05
-3.62988e-05
-3.90583e-05
-4.29945e-05
-4.80613e-05
