-1.16378e-10
-1.55626e-09
-9.16547e-09
-3.45161e-08
-1.01445e-07
-2.54084e-07
-5.43153e-07
-9.67265e-07
-1.41811e-06
-1.72795e-06
-1.81327e-06
-1.74722e-06
-1.65485e-06
-1.57938e-06
-1.49875e-06
-1.41401e-06
-1.34383e-06
-1.2692e-06
-1.14969e-06
-9.70849e-07
-7.43976e-07
-4.98756e-07
-2.97449e-07
-2.15229e-07
-2.85867e-07
-4.85293e-07
-7.66568e-07
-1.09466e-06
-1.45541e-06
-1.84937e-06
-2.28333e-06
-2.76651e-06
-3.30822e-06
-3.90896e-06
-4.5495e-06
-5.19024e-06
-5.78242e-06
-6.28356e-06
-6.67034e-06
-6.94236e-06
-7.11326e-06
-7.19497e-06
-7.18773e-06
-7.08113e-06
-6.86021e-06
-6.51016e-06
-6.01993e-06
-5.38612e-06
-4.61688e-06
-3.73362e-06
-2.76593e-06
-1.73929e-06
-6.64842e-07
4.59558e-07
1.6404e-06
2.88012e-06
4.17286e-06
5.5049e-06
6.85897e-06
8.21757e-06
9.56381e-06
1.08845e-05
1.21765e-05
1.3449e-05
1.4719e-05
1.60036e-05
1.73129e-05
1.86458e-05
1.99922e-05
2.13372e-05
2.26618e-05
2.39394e-05
2.51312e-05
2.61871e-05
2.70512e-05
2.76686e-05
2.79905e-05
2.79793e-05
2.76133e-05
2.68879e-05
2.58082e-05
2.43768e-05
2.25862e-05
2.04182e-05
1.78513e-05
1.48705e-05
1.14776e-05
7.6992e-06
3.58949e-06
-7.75201e-07
-5.31045e-06
-9.94123e-06
-1.46182e-05
-1.9326e-05
-2.4076e-05
-2.88873e-05
-3.37665e-05
-3.86942e-05
-4.362e-05
-4.84654e-05
-5.31342e-05
-5.75262e-05
-6.15531e-05
-6.51528e-05
-6.82915e-05
-7.09518e-05
-7.31206e-05
-7.47887e-05
-7.5956e-05
-7.66267e-05
-7.67985e-05
-7.64508e-05
-7.55412e-05
-7.40054e-05
-7.17684e-05
-6.87685e-05
-6.49872e-05
-6.04712e-05
-5.53363e-05
-4.97503e-05
-4.38951e-05
-3.79183e-05
-3.18992e-05
-2.58465e-05
-1.97148e-05
-1.34185e-05
-6.84029e-06
1.54884e-07
7.70183e-06
1.59226e-05
2.49186e-05
3.47553e-05
4.54374e-05
5.68942e-05
6.89915e-05
8.15578e-05
9.43927e-05
0.000107249
0.000119812
0.000131698
0.000142456
0.000151583
0.000158562
0.000162911
0.000164245
0.000162322
0.000157065
0.000148543
0.000136888
0.000122183
0.000104341
8.30528e-05
5.78819e-05
2.85118e-05
-4.94787e-06
-4.16887e-05
-8.00621e-05
-0.000117709
-0.000152014
-0.000180692
-0.000202175
-0.000215751
-0.00022154
-0.00022033
-0.000213186
-0.000201013
-0.000184392
-0.000163738
-0.00013949
-0.00011224
-8.28534e-05
-5.25135e-05
-2.25639e-05
5.81547e-06
3.1851e-05
5.52419e-05
7.61225e-05
9.49545e-05
0.00011233
0.000128749
0.000144491
0.000159608
0.000173942
0.000187096
0.000198379
0.000206847
0.000211557
0.000211967
0.000208215
0.000201174
0.000192387
0.000183979
0.000178383
0.000177777
0.000183503
0.000195892
0.000214481
0.000238375
0.000266622
0.000298571
0.000334046
0.000373081
0.000415267
0.000458879
0.000499985
0.000531868
0.000545337
0.000530271
0.000478094
0.000384604
0.000252334
9.11656e-05
-8.38384e-05
-0.000256558
-0.000413463
-0.000545486
-0.000648723
-0.000724132
-0.000775376
-0.000805568
-0.000815522
-0.000804433
-0.000771272
-0.000715789
-0.000639726
-0.000547947
-0.000448017
-0.000348137
-0.000255084
-0.000173203
-0.000104201
-4.76063e-05
-2.01166e-06
3.33443e-05
5.76815e-05
6.89798e-05
6.51724e-05
4.55526e-05
1.1762e-05
-3.20181e-05
-7.9717e-05
-0.00012463
-0.000160835
-0.000184206
-0.000192638
-0.000185563
-0.000163156
-0.000125551
-7.23747e-05
-2.83987e-06
8.35519e-05
0.000186118
0.000302426
0.000428303
0.000558346
0.000686758
0.000808213
0.000918418
0.00101419
0.00109313
0.00115329
0.00119294
0.00121066
0.00120572
0.00117839
0.00113001
0.00106255
0.000977658
0.00087565
0.00075459
0.000609534
0.000432099
0.000211116
-6.43411e-05
-0.000398637
-0.000781673
-0.00118465
-0.00156462
-0.00187684
-0.00208738
-0.00217935
-0.00215309
-0.00202377
-0.00181638
-0.00155693
-0.0012636
-0.000944421
-0.000601274
-0.000235527
0.000147511
0.000535042
0.000906211
0.00123671
0.00150579
0.00170069
0.00181746
0.00185979
0.00183669
0.0017584
0.00163197
0.00145843
0.00123225
0.000943321
0.000582284
0.000149328
-0.000336829
-0.000835847
-0.00129328
-0.00165671
-0.00189131
-0.00198637
-0.00195268
-0.00181614
-0.00160942
-0.00136082
-0.00108486
-0.000782292
-0.000449567
-8.94405e-05
0.000282941
0.00063915
0.000942401
0.000942401
0.00115819
0.00126519
0.00125932
0.00114976
0.000951667
0.000680682
0.000350282
-2.82681e-05
-0.000443496
-0.000878818
-0.00130764
-0.00169276
-0.00199213
-0.00216828
-0.00219741
-0.0020751
-0.00181727
-0.00145548
-0.00102833
-0.000572846
-0.000118894
0.000312483
0.000707581
0.00105619
0.00134715
0.00156608
0.0016971
0.00172765
0.00165334
0.00148059
0.00122613
0.000914378
0.000573154
0.000228969
-9.6879e-05
-0.000389793
-0.000640827
-0.000844375
-0.000996118
-0.00109191
-0.00112773
-0.00110086
-0.00101192
-0.000866491
-0.000675084
-0.000451302
-0.000209673
3.60757e-05
0.000273944
0.00049336
0.00068368
0.000832891
0.000928272
0.000959205
0.000920759
0.000816354
0.000658131
0.000464318
0.000254492
4.5252e-05
-0.000151823
-0.000330209
-0.000487443
-0.000623014
-0.00073526
-0.000819158
-0.000866885
-0.000870589
-0.000825428
-0.000731975
-0.000597843
-0.000437989
-0.000272981
-0.000125003
-1.20295e-05
5.79769e-05
8.94466e-05
9.6093e-05
9.44709e-05
9.81857e-05
0.00011443
0.000142821
0.000177288
0.0002108
0.000239711
0.000264804
0.000289522
0.000316544
0.000342552
0.000352981
0.000322268
0.000223566
4.42173e-05
-0.000203136
-0.000482054
-0.000744896
-0.000947362
-0.00105861
-0.0010673
-0.00098339
-0.000832114
-0.000642201
-0.000437156
-0.000234051
-4.49573e-05
0.000122922
0.000266349
0.000383552
0.000473395
0.000536983
0.000578161
0.000601416
0.000609991
0.000606229
0.000592149
0.000568385
0.000533388
0.000485411
0.000425657
0.000359072
0.00029231
0.000231158
0.000178718
0.000134586
9.57041e-05
5.88995e-05
2.33467e-05
-8.80857e-06
-3.34812e-05
-4.61736e-05
-4.3365e-05
-2.3601e-05
1.19618e-05
5.98393e-05
0.000115409
0.000174654
0.000235526
0.000297961
0.000362491
0.000428289
0.000491613
0.000545308
0.000579762
0.000585115
0.000553858
0.000483001
0.000375399
0.000239819
8.93166e-05
-6.15969e-05
-0.000199621
-0.000314348
-0.000399165
-0.000451287
-0.000470369
-0.000456283
-0.000407955
-0.000324022
-0.000204067
-4.93892e-05
0.000136361
0.000346505
0.000571268
0.00079834
0.00101318
0.00119899
0.00133752
0.00141142
0.00140784
0.00132242
0.00116198
0.000943956
0.000691456
0.000426571
0.000165575
-8.27524e-05
-0.000316856
-0.000540039
-0.000755137
-0.000958702
-0.00113916
-0.00127979
-0.00136366
-0.00137837
-0.00132012
-0.00119507
-0.00101669
-0.000801041
-0.000562892
-0.00031356
-6.0075e-05
0.000193767
0.000444495
0.000686076
0.000909084
0.00110211
0.0012544
0.0013586
0.00141267
0.00142001
0.00138767
0.00132364
0.00123463
0.00112512
0.000997793
0.000854943
0.000700061
0.000538602
0.000376948
0.000219642
6.61585e-05
-9.04162e-05
-0.000260416
-0.000450321
-0.000655165
-0.000855906
-0.00102357
-0.00112787
-0.00114721
-0.00107715
-0.000933215
-0.000746017
-0.000551973
-0.000384364
-0.000265723
-0.000202491
-0.00018574
-0.000198699
-0.0002251
-0.000253349
-0.000277904
-0.000299746
-0.000323964
-0.000354119
-0.000388025
-0.000418395
-0.000436248
-0.000433695
-0.000405799
-0.000352075
-0.000276455
-0.000184935
-8.24531e-05
2.88077e-05
0.000149341
0.000281129
0.000425496
0.000579997
0.000735476
0.000875192
0.000977208
0.00101986
0.000988968
0.00088448
0.000722933
0.000532984
0.000345135
0.000181538
5.14121e-05
-4.78037e-05
-0.000126835
-0.000199448
-0.000275248
-0.000353349
-0.000421681
-0.000461926
-0.000455962
-0.000391679
-0.000268466
-0.000101144
8.02339e-05
0.00023572
0.000325604
0.000323255
0.000224994
5.08165e-05
-0.000164012
-0.000380877
-0.000568937
-0.000713353
-0.000817173
-0.000895316
-0.000965841
-0.00104448
-0.00114149
-0.00125758
-0.00138141
-0.00149184
-0.0015633
-0.00157065
-0.00149373
-0.00132249
-0.00106045
-0.000723874
-0.00033785
6.78942e-05
0.000462841
0.000820299
0.00112167
0.00135752
0.00152489
0.0016233
0.00165187
0.00160745
0.00148433
0.00127649
0.000982016
0.00060775
0.000171847
-0.000297033
-0.000764083
-0.00119484
-0.0015609
-0.00184266
-0.00202926
-0.00211683
-0.00210549
-0.00199633
-0.00179037
-0.00149041
-0.00110429
-0.000648102
-0.000648102
-0.000148318
0.000358832
0.000832598
0.00123718
0.00155115
0.00177115
0.0019076
0.0019758
0.0019885
0.00195232
0.00186703
0.00172736
0.0015284
0.00127249
0.00097274
0.000651271
0.000334637
4.8237e-05
-0.000189662
-0.00037208
-0.000502955
-0.000592817
-0.000653596
-0.000694563
-0.000720038
-0.000729558
-0.000720367
-0.000690365
-0.00063986
-0.000572144
-0.000493261
-0.000410622
-0.000330619
-0.000256875
-0.000190391
-0.000130893
-7.78949e-05
-3.11954e-05
8.78631e-06
4.10999e-05
6.528e-05
8.2552e-05
9.59138e-05
0.000108871
0.000123589
0.0001391
0.000150297
0.00014876
0.00012562
7.49812e-05
-3.62374e-06
-0.000104043
-0.000213745
-0.000316301
-0.000395932
-0.000441806
-0.000449836
-0.000422211
-0.000366074
-0.000291575
-0.000209033
-0.000126493
-4.92985e-05
1.89301e-05
7.57576e-05
0.000119934
0.000150716
0.00016682
0.000166472
0.000148365
0.000111995
5.7315e-05
-1.49683e-05
-0.000102419
-0.000200603
-0.000303764
-0.000405326
-0.000497943
-0.000573893
-0.000625872
-0.00064746
-0.000633302
-0.000579667
-0.000485286
-0.000351781
-0.000183733
1.11636e-05
0.000222213
0.000436916
0.0006431
0.000830672
0.000992282
0.00112358
0.0012236
0.00129455
0.00134
0.0013625
0.00136212
0.00133622
0.00127992
0.00118679
0.0010509
0.000869682
0.000646109
0.000388964
0.000111502
-0.000170619
-0.000441988
-0.000690113
-0.000906644
-0.00108654
-0.00122652
-0.00132431
-0.00137847
-0.00138836
-0.00135472
-0.00128067
-0.00117209
-0.00103627
-0.000880099
-0.000708998
-0.000526864
-0.000336217
-0.000138724
6.32867e-05
0.00026494
0.000458236
0.000633244
0.000779892
0.000889548
0.000956672
0.000980279
0.000963982
0.000914309
0.000838658
0.000743979
0.000636056
0.000519188
0.000396675
0.00027195
0.000149255
3.31956e-05
-7.22251e-05
-0.000164244
-0.000241555
-0.000304268
-0.000353375
-0.000389589
-0.000412236
-0.000419207
-0.000408159
-0.000378166
-0.000330851
-0.00027069
-0.000204533
-0.000140301
-8.50477e-05
-4.32622e-05
-1.62798e-05
-2.74079e-06
3.50751e-07
-3.93597e-06
-1.42642e-05
-3.20158e-05
-6.04949e-05
-0.000102658
-0.000158647
-0.000224353
-0.000291774
-0.00035111
-0.00039346
-0.000412808
-0.000406803
-0.000376525
-0.000325249
-0.0002565
-0.000172426
-7.33791e-05
4.1301e-05
0.000171845
0.000316508
0.000470677
0.000627236
0.000777974
0.000915229
0.00103321
0.00112877
0.0012013
0.00125159
0.00127999
0.00128436
0.00125917
0.00119636
0.00108789
0.000929197
0.000722176
0.000476933
0.000211151
-5.3446e-05
-0.000296182
-0.000501365
-0.000659888
-0.000769376
-0.000833342
-0.000858693
-0.000852453
-0.000820077
-0.00076583
-0.000693428
-0.00060622
-0.000507909
-0.000403437
-0.000298423
-0.000197446
-0.000103375
-1.83046e-05
5.561e-05
0.000116311
0.000161934
0.000190312
0.000198976
0.00018626
0.00015242
9.96363e-05
3.11469e-05
-4.96581e-05
-0.000139843
-0.00023708
-0.000339144
-0.000442899
-0.000543265
-0.000632721
-0.00070181
-0.000740872
-0.000742466
-0.000703232
-0.000624348
-0.00051071
-0.000369342
-0.000207504
-3.11463e-05
0.000155485
0.000348981
0.00054541
0.000739269
0.00092306
0.00108766
0.00122359
0.00132262
0.00137889
0.00138922
0.00135281
0.0012707
0.00114531
0.000980261
0.00078084
0.000554811
0.000312827
6.7789e-05
-0.000166705
-0.000378216
-0.000557312
-0.000699147
-0.000804001
-0.000876035
-0.000920781
-0.000942845
-0.000944615
-0.000925867
-0.000884484
-0.000818513
-0.000728471
-0.000618139
-0.000493747
-0.000362902
-0.000233652
-0.000113073
-5.71732e-06
8.66933e-05
0.000164119
0.000226819
0.000274603
0.000306587
0.00032137
0.000317718
0.000295378
0.000255341
0.000199593
0.000130825
5.2276e-05
-3.24427e-05
-0.000119365
-0.000203881
-0.000280492
-0.000343239
-0.000386892
-0.00040842
-0.000408156
-0.000390112
-0.000360862
-0.000327209
-0.000294107
-0.000264239
-0.000238875
-0.00021867
-0.000204007
-0.000195333
-0.000193407
-0.000199029
-0.000212457
-0.000233065
-0.000259261
-0.000288495
-0.000317517
-0.000343111
-0.000362915
-0.000375654
-0.000380664
-0.000377217
-0.000364063
-0.00033918
-0.000299687
-0.000299687
-0.000242232
-0.000164164
-6.52913e-05
5.04727e-05
0.000174472
0.000294335
0.000396767
0.000471191
0.000512517
0.000521814
0.000505187
0.000471754
0.000430946
0.000389426
0.000349206
0.000308401
0.000263826
0.000213405
0.000157542
9.96364e-05
4.54969e-05
1.38514e-06
-2.8261e-05
-4.19977e-05
-4.12086e-05
-2.92522e-05
-1.02752e-05
1.21638e-05
3.60773e-05
6.10507e-05
8.74342e-05
0.000115437
0.000144578
0.000173552
0.000200529
0.00022381
0.000242475
0.000256638
0.000267284
0.000275863
0.000283678
0.000291149
0.000297385
0.000300427
0.000298005
0.000288383
0.000270926
0.000246311
0.000216339
0.000183391
0.00014967
0.000116597
8.46717e-05
5.38278e-05
2.39018e-05
-5.03637e-06
-3.25093e-05
-5.76153e-05
-7.92008e-05
-9.607e-05
-0.000107055
-0.000111058
-0.000107299
-9.5781e-05
-7.7889e-05
-5.72706e-05
-4.08443e-05
-3.88696e-05
-6.28143e-05
-0.000121282
-0.000216087
-0.000340586
-0.000480915
-0.000619581
-0.000740167
-0.000831156
-0.000887282
-0.000908777
-0.000899771
-0.000865987
-0.000811628
-0.000737197
-0.000640247
-0.000518325
-0.000371596
-0.000203979
-2.31447e-05
0.000160649
0.000336877
0.000497067
0.000635739
0.000749947
0.000838178
0.00089901
0.000929856
0.000926741
0.000885765
0.000805543
0.000689084
0.000544197
0.000382495
0.000217359
6.11466e-05
-7.75131e-05
-0.000194938
-0.000291454
-0.000369027
-0.000428672
-0.00046845
-0.000482893
-0.00046461
-0.000407461
-0.000309354
-0.000173334
-7.17488e-06
0.000178068
0.000370339
0.000558747
0.000733832
0.000885277
0.000998736
0.00105462
0.00103099
0.000910772
0.000690338
0.00038491
2.68751e-05
-0.000342974
-0.000687128
-0.00098039
-0.00121329
-0.00139066
-0.00152649
-0.00163526
-0.00172212
-0.00177813
-0.00178401
-0.00171943
-0.00157207
-0.00134354
-0.00105058
-0.000719949
-0.000379048
-4.78455e-05
0.000264211
0.000556812
0.000834702
0.0011021
0.00135764
0.00159222
0.00179075
0.0019363
0.00201443
0.00201598
0.00193747
0.00178065
0.00155282
0.00126752
0.00094328
0.000600004
0.000255773
-7.39913e-05
-0.000376518
-0.000642231
-0.000864782
-0.0010399
-0.00116465
-0.00123789
-0.00126027
-0.00123355
-0.00116071
-0.00104695
-0.000899677
-0.000727001
-0.000536486
-0.000335171
-0.000129948
7.23775e-05
0.000265011
0.000440859
0.000592592
0.000713597
0.000799485
0.000849251
0.000865466
0.00085332
0.000818469
0.000763908
0.000686983
0.000578629
0.000426717
0.000223258
-2.78724e-05
-0.000307707
-0.000586437
-0.000832568
-0.00102104
-0.00113723
-0.00117835
-0.00115254
-0.00107422
-0.000956658
-0.000807182
-0.000628028
-0.000420702
-0.0001911
4.62608e-05
0.000267649
0.000445509
0.000557807
0.000595918
0.000566956
0.000489869
0.000387717
0.000279986
0.000177642
8.16478e-05
-1.45988e-05
-0.000118903
-0.000232886
-0.000348224
-0.00044821
-0.000512705
-0.000524422
-0.000474863
-0.000367235
-0.000214446
-3.38866e-05
0.000157656
0.00034725
0.000527025
0.000693041
0.000842208
0.000969216
0.00106563
0.00112154
0.00112842
0.001082
0.000983827
0.000840933
0.000663567
0.000462482
0.000247621
2.85636e-05
-0.000184491
-0.000380278
-0.000546718
-0.000671858
-0.000745494
-0.000761163
-0.000718133
-0.000622906
-0.000488996
-0.000333802
-0.000173575
-1.94372e-05
0.000123606
0.000255097
0.000376205
0.000486331
0.0005806
0.000649787
0.000682792
0.000670117
0.000606943
0.000495258
0.000344249
0.000168171
-1.75172e-05
-0.000199683
-0.000369275
-0.000521193
-0.000652564
-0.000760187
-0.000838716
-0.000880814
-0.000878962
-0.000827708
-0.000725547
-0.000576085
-0.000388198
-0.000175163
4.69328e-05
0.000261124
0.000451463
0.000604381
0.000709292
0.000758988
0.000750465
0.000685845
0.000572334
0.000420875
0.000244118
5.403e-05
-0.000140775
-0.000336531
-0.000532619
-0.000727279
-0.000913992
-0.00108053
-0.00121021
-0.00128481
-0.00128921
-0.0012157
-0.00106564
-0.000848282
-0.000578675
-0.000274702
4.66298e-05
0.000371896
0.000690854
0.000993832
0.00126955
0.00150465
0.00168459
0.00179572
0.00182832
0.00177946
0.00165384
0.00146245
0.00121986
0.000941529
0.000941529
0.000641846
0.000333336
2.68565e-05
-0.000267612
-0.000540144
-0.000780569
-0.000979053
-0.00112734
-0.00121995
-0.0012548
-0.00123325
-0.00115936
-0.00103852
-0.00087595
-0.000676284
-0.000444516
-0.000187383
8.59122e-05
0.000363762
0.000632595
0.000877724
0.00108481
0.00124158
0.00133916
0.00137261
0.00134099
0.00124704
0.00109635
0.000896186
0.00065442
0.000379623
8.2088e-05
-0.000225048
-0.000525662
-0.000801838
-0.00103602
-0.00121334
-0.00132349
-0.00136157
-0.00132814
-0.00122818
-0.00106965
-0.000862505
-0.000618673
-0.000352139
-7.85862e-05
0.000185331
0.000422877
0.000618633
0.00076047
0.000841411
0.000860467
0.000822121
0.000734855
0.000609329
0.000456548
0.000286237
0.000106141
-7.71345e-05
-0.000256436
-0.000423205
-0.000568093
-0.000682222
-0.000758566
-0.000793621
-0.000788952
-0.000751233
-0.000690236
-0.000615739
-0.000534883
-0.000451121
-0.000364974
-0.000275728
-0.000182976
-8.77212e-05
6.90509e-06
9.5837e-05
0.000173494
0.000235527
0.000279763
0.000306247
0.000316767
0.000313973
0.000300244
0.00027689
0.000244076
0.000201259
0.00014773
8.31287e-05
7.94454e-06
-7.6133e-05
-0.000166248
-0.000258873
-0.000350546
-0.000438479
-0.000520563
-0.000594523
-0.000656811
-0.00070238
-0.000725824
-0.000722984
-0.000692005
-0.000633724
-0.000551738
-0.000452054
-0.000342
-0.000228685
-0.00011778
-1.31705e-05
8.26919e-05
0.000168163
0.000241746
0.000301606
0.000345572
0.000371731
0.000379137
0.000368168
0.000340524
0.000299098
0.000247635
0.000190073
0.000129889
6.99478e-05
1.28056e-05
-3.89344e-05
-8.25122e-05
-0.000115118
-0.000134186
-0.000137866
-0.000125494
-9.77481e-05
-5.64177e-05
-3.96468e-06
5.69756e-05
0.000124084
0.000195702
0.000270868
0.000349102
0.000430148
0.000513718
0.000599114
0.00068484
0.000768396
0.000846147
0.000912786
0.000960486
0.000978835
0.000956575
0.000884655
0.000758964
0.000581666
0.000361263
0.000111626
-0.000150149
-0.000406631
-0.000642332
-0.000844695
-0.00100468
-0.00111765
-0.00118356
-0.00120545
-0.00118713
-0.00113224
-0.0010443
-0.000926577
-0.0007815
-0.000611203
-0.000419109
-0.000210855
5.90955e-06
0.000221803
0.000426002
0.000607516
0.000757001
0.000867421
0.000933553
0.000951929
0.000921615
0.000844551
0.00072493
0.000568621
0.000383142
0.000177472
-3.87163e-05
-0.000255843
-0.000464809
-0.000657284
-0.000826045
-0.000965027
-0.0010689
-0.0011326
-0.00115119
-0.00112006
-0.00103571
-0.000897141
-0.000707774
-0.000476552
-0.000217346
5.30052e-05
0.00031722
0.000560177
0.000770867
0.000942508
0.00107067
0.00115122
0.00118
0.0011541
0.0010736
0.000942663
0.000769851
0.000567285
0.000348774
0.000127355
-8.68702e-05
-0.000287616
-0.000471607
-0.000636792
-0.000780493
-0.000897969
-0.00098193
-0.00102373
-0.00101582
-0.000953977
-0.00083863
-0.000675642
-0.00047629
-0.000255413
-2.80672e-05
0.000193308
0.00039989
0.000585987
0.000747723
0.000881172
0.000980832
0.00103982
0.00105182
0.00101339
0.000925253
0.000792607
0.000624412
0.000431915
0.000226921
2.05375e-05
-0.000177448
-0.000358676
-0.00051592
-0.000642617
-0.000732808
-0.000781837
-0.000787517
-0.000751048
-0.000677186
-0.000573593
-0.000449477
-0.00031373
-0.000173237
-3.21954e-05
0.000107382
0.000244575
0.00037831
0.000506068
0.000623123
0.000723139
0.000799904
0.000848794
0.00086721
0.000854575
0.00081241
0.000744011
0.000653494
0.000544945
0.000422321
0.000289785
0.000151853
1.32529e-05
-0.000121285
-0.000247179
-0.000359972
-0.000455097
-0.000527786
-0.00057346
-0.00058853
-0.000571026
-0.00052085
-0.000439912
-0.000332258
-0.000203826
-6.17e-05
8.66489e-05
0.000233921
0.000373611
0.000500646
0.000611465
0.000703414
0.000774088
0.000821097
0.000842045
0.000834484
0.000795878
0.000723685
0.000615727
0.000471293
0.000292961
8.79553e-05
-0.000132416
-0.000355075
-0.000567454
-0.000758697
-0.00092033
-0.00104682
-0.00113528
-0.00118409
-0.00119172
-0.00115665
-0.00107814
-0.00095713
-0.000797026
-0.000604082
-0.000386709
-0.000154071
8.48191e-05
0.000320692
0.000320692
0.000542823
0.000738243
0.000892402
0.000991649
0.00102696
0.000997241
0.000910231
0.000780305
0.00062481
0.000460542
0.000300535
0.000151414
1.29233e-05
-0.000119833
-0.000253275
-0.000392697
-0.000539375
-0.000687865
-0.000825925
-0.000937614
-0.00100694
-0.00102061
-0.000971018
-0.000859311
-0.000695529
-0.000494872
-0.000273547
-4.69338e-05
0.000171208
0.000370113
0.000542578
0.00068355
0.000788571
0.000853973
0.000877813
0.000859992
0.000802051
0.000707536
0.000582292
0.000433793
0.000270039
9.90563e-05
-7.10577e-05
-0.000232315
-0.000377342
-0.000499636
-0.000593406
-0.000653532
-0.000675984
-0.000658447
-0.00060075
-0.000504954
-0.000375015
-0.000216036
-3.35338e-05
0.000166484
0.000376208
0.000584186
0.000774495
0.000928168
0.00102659
0.00105514
0.00100574
0.000878204
0.000680941
0.000430075
0.000146373
-0.000148911
-0.000437066
-0.000703269
-0.000937089
-0.00113204
-0.00128347
-0.00138618
-0.00143412
-0.00142226
-0.00134835
-0.00121361
-0.00102324
-0.000786844
-0.000517386
-0.000228937
6.51321e-05
0.000352498
0.000621152
0.000858169
0.00104874
0.00117699
0.00122944
0.00119942
0.00108929
0.000909361
0.00067493
0.000403513
0.000112478
-0.000182968
-0.000470415
-0.000738948
-0.000977311
-0.00117304
-0.00131265
-0.00138277
-0.00137262
-0.00127723
-0.00109946
-0.000849698
-0.00054354
-0.000198761
0.000167284
0.000538751
0.000900749
0.00123806
0.00153441
0.00177277
0.00193654
0.00201127
0.00198691
0.00186043
0.00163762
0.00133276
0.000965963
0.000559866
0.00013742
-0.000279178
-0.000669385
-0.00101529
-0.00130184
-0.00151634
-0.00164846
-0.00169153
-0.00164425
-0.00151165
-0.00130516
-0.00104151
-0.000740355
-0.000421043
-9.9942e-05
0.000210444
0.000500702
0.000763116
0.000990628
0.00117623
0.00131249
0.00139152
0.00140639
0.00135333
0.00123314
0.00105131
0.000817388
0.000544137
0.000245951
-6.31506e-05
-0.000370669
-0.000665523
-0.000937523
-0.00117697
-0.00137419
-0.00151907
-0.00160147
-0.00161284
-0.00154837
-0.00140899
-0.00120186
-0.000939319
-0.000636788
-0.000310781
2.25861e-05
0.000348638
0.00065456
0.000929066
0.0011619
0.00134391
0.00146775
0.00152855
0.00152435
0.00145592
0.00132584
0.00113738
0.000894068
0.000600855
0.000266142
-9.65228e-05
-0.000467961
-0.000824369
-0.00114008
-0.00139187
-0.00156312
-0.00164566
-0.00163903
-0.00154888
-0.00138512
-0.0011599
-0.000885952
-0.000576388
-0.000245805
8.91482e-05
0.00041066
0.000701466
0.000946496
0.0011345
0.00125973
0.00132274
0.00132907
0.0012863
0.00120166
0.00108124
0.000930383
0.00075427
0.000558611
0.000350371
0.000137784
-7.07274e-05
-0.000267894
-0.000448189
-0.000607544
-0.000742741
-0.000850913
-0.000929142
-0.000974038
-0.000981765
-0.000949128
-0.00087533
-0.000763034
-0.000618005
-0.000448052
-0.000262053
-6.89932e-05
0.000123031
0.000307302
0.000478021
0.000629197
0.000753634
0.000842787
0.000887903
0.000882063
0.000822112
0.000709727
0.000551612
0.000358965
0.000146112
-7.16514e-05
-0.000280242
-0.000468111
-0.000626608
-0.000749853
-0.000834327
-0.00087815
-0.000880672
-0.000842961
-0.000768488
-0.000662628
-0.000531079
-0.000378778
-0.000210047
-2.91204e-05
0.000159548
0.000350757
0.000537774
0.000712189
0.000864733
0.000986236
0.00106837
0.0011048
0.00109275
0.00103365
0.000932483
0.000796634
0.000635321
0.000459097
0.000278763
0.000104134
-5.66659e-05
-0.000197588
-0.000315252
-0.000409439
-0.000482649
-0.000538667
-0.000581052
-0.000612193
-0.000632796
-0.00064164
-0.00063609
-0.000613414
-0.000571836
-0.000510542
-0.000429465
-0.000329924
-0.000215482
-9.15823e-05
3.58158e-05
0.000161029
0.000278385
0.000381964
0.000465886
0.000524581
0.000552844
0.000546365
0.000502899
0.000423352
0.000312184
0.000177142
2.84778e-05
-0.000122298
-0.000264002
-0.000387437
-0.000486469
-0.000557864
-0.000600114
-0.000612543
-0.000595357
-0.000550033
-0.000479445
-0.000387914
-0.000281324
-0.00016682
-5.19077e-05
5.65549e-05
0.000152952
0.00023303
0.000293818
0.00033366
0.000352434
0.000352434
0.000351671
0.0003343
0.000304141
0.000265426
0.000222385
0.000178845
0.000137889
0.000101782
7.21795e-05
5.04183e-05
3.75517e-05
3.41539e-05
4.01152e-05
5.44037e-05
7.46478e-05
9.67939e-05
0.000115313
0.000123989
0.000116876
8.92151e-05
3.83561e-05
-3.52338e-05
-0.000127016
-0.000228082
-0.000326423
-0.000409886
-0.000469256
-0.000499629
-0.000499952
-0.000471993
-0.000419347
-0.000346152
-0.000255761
-0.00015051
-3.3006e-05
9.22102e-05
0.000218113
0.000336153
0.000438128
0.000518101
0.000573607
0.000605532
0.000616615
0.000609414
0.000584954
0.000542661
0.000481233
0.000399906
0.000299873
0.000185396
6.37462e-05
-5.63507e-05
-0.000166907
-0.000262397
-0.000340569
-0.000402216
-0.000449847
-0.000485831
-0.000511041
-0.00052448
-0.000523598
-0.000505086
-0.000466089
-0.000405477
-0.000324449
-0.000226366
-0.000116203
9.40523e-08
0.000116372
0.000226752
0.000325331
0.000405593
0.000460797
0.000485548
0.000477305
0.000436729
0.000367292
0.00027477
0.000166444
4.98624e-05
-6.82062e-05
-0.000182064
-0.000287005
-0.000379333
-0.000456251
-0.000515359
-0.000554203
-0.000570445
-0.000562465
-0.000529809
-0.000473297
-0.00039513
-0.000299164
-0.000191049
-7.77853e-05
3.32947e-05
0.000135773
0.000225248
0.000299922
0.000360393
0.000408806
0.000447849
0.000479878
0.000506256
0.000527209
0.000542319
0.000551073
0.000552885
0.00054689
0.000532053
0.000507449
0.000472303
0.000425896
0.000367758
0.000298099
0.000218086
0.000129722
3.55966e-05
-6.11896e-05
-0.000156994
-0.000247844
-0.000329886
-0.000399612
-0.000453696
-0.000488835
-0.000502019
-0.000491156
-0.0004557
-0.000396865
-0.00031738
-0.000221086
-0.000112659
2.5724e-06
0.000118861
0.000230202
0.00033034
0.000412855
0.000471632
0.000501676
0.000499896
0.000465458
0.000399631
0.000305384
0.000187055
5.00537e-05
-9.94439e-05
-0.000254578
-0.00040761
-0.00054988
-0.000672374
-0.000766874
-0.000827128
-0.000849541
-0.000833169
-0.000779381
-0.000691508
-0.000574486
-0.000434424
-0.000278377
-0.000114466
4.80607e-05
0.000199346
0.000330012
0.00043237
0.000501307
0.000534677
0.000533304
0.000500587
0.000441525
0.000361329
0.000264441
0.000154425
3.43667e-05
-9.27482e-05
-0.000223568
-0.000353724
-0.00047753
-0.000588442
-0.000679949
-0.000746362
-0.000783453
-0.000789057
-0.00076331
-0.000708241
-0.00062706
-0.000523739
-0.000402959
-0.000270021
-0.000130572
9.6329e-06
0.000144869
0.000269753
0.000379832
0.000472222
0.000546072
0.000602708
0.000645221
0.000677164
0.000700668
0.000715165
0.000717738
0.000704683
0.00067293
0.000620845
0.00054895
0.000460471
0.000360671
0.0002548
0.000146275
3.64844e-05
-7.40582e-05
-0.000184222
-0.000291098
-0.000389604
-0.000473112
-0.000534778
-0.000568986
-0.00057255
-0.000545344
-0.000490065
-0.000411291
-0.000314413
-0.000204769
-8.71011e-05
3.44796e-05
0.000156017
0.000273174
0.000381092
0.000474662
0.000548918
0.000599402
0.00062251
0.00061593
0.00057907
0.000513316
0.000422076
0.00031063
0.000185793
5.54312e-05
-7.21854e-05
-0.000189333
-0.000289887
-0.000369891
-0.000427394
-0.000462093
-0.000475188
-0.000469052
-0.000446472
-0.000409953
-0.000361588
-0.000303105
-0.000235702
-0.000159977
-7.64326e-05
1.37107e-05
0.000108016
0.000202706
0.000292568
0.000370963
0.000430495
0.000464435
0.000468161
0.000439888
0.000380899
0.00029567
0.000191592
7.77529e-05
-3.67459e-05
-0.000143976
-0.000237812
-0.000314461
-0.000372593
-0.000412411
-0.000434232
-0.000437878
-0.000423047
-0.00038969
-0.000338132
-0.000269546
-0.000186649
-9.37133e-05
4.22207e-06
0.000102127
0.000195374
0.000280072
0.000353341
0.000413171
0.000457963
0.000486312
0.000497173
0.000490135
0.000465627
0.000425088
0.000371058
0.00030702
0.000236984
0.000165021
9.49122e-05
2.99748e-05
-2.6965e-05
-7.35111e-05
-0.000107679
-0.000128077
-0.000134308
-0.000127357
-0.000109637
-8.45376e-05
-5.56771e-05
-2.6293e-05
1.00877e-06
2.43002e-05
4.24162e-05
5.5052e-05
6.27094e-05
6.65032e-05
6.79332e-05
6.85374e-05
6.92402e-05
6.95065e-05
6.6824e-05
5.70438e-05
3.55178e-05
3.55178e-05
-1.54802e-06
-5.5885e-05
-0.000126102
-0.000207187
-0.000291337
-0.000369919
-0.000435228
-0.000481327
-0.000504431
-0.000503019
-0.000477116
-0.000427049
-0.000353054
-0.000256247
-0.00013994
-1.03267e-05
0.000123565
0.000250662
0.000359598
0.000441161
0.000490428
0.000507462
0.000496087
0.000461441
0.000407791
0.000337469
0.000250784
0.000146836
2.54518e-05
-0.000110476
-0.00025373
-0.000393207
-0.00051562
-0.000608122
-0.000661371
-0.000671683
-0.000641127
-0.000575969
-0.000484526
-0.000374967
-0.000253489
-0.000123799
1.18376e-05
0.000150982
0.000289946
0.000423417
0.000544623
0.000646243
0.000721871
0.0007671
0.000779523
0.000758052
0.000702379
0.00061283
0.000490555
0.000338204
0.000161084
-3.20696e-05
-0.000229625
-0.000418755
-0.000587345
-0.000725599
-0.000827395
-0.000890878
-0.000917559
-0.000910313
-0.000871733
-0.000803531
-0.000706585
-0.000581449
-0.00042959
-0.000254768
-6.34564e-05
0.000135864
0.000333704
0.000520474
0.000687439
0.000827384
0.000934431
0.0010034
0.0010298
0.00101061
0.000945125
0.00083513
0.000684939
0.000501488
0.000294036
7.31438e-05
-0.000150583
-0.000367318
-0.000568279
-0.000745652
-0.000892242
-0.00100108
-0.0010654
-0.00107931
-0.00103886
-0.000943124
-0.000794942
-0.000600995
-0.000371143
-0.000117266
0.000147666
0.00040996
0.000655473
0.000870366
0.00104219
0.00116082
0.00121928
0.00121448
0.0011478
0.00102464
0.000853161
0.000642905
0.000403954
0.000146613
-0.000118756
-0.000381731
-0.000631582
-0.000857246
-0.00104799
-0.00119456
-0.00129014
-0.00133103
-0.00131695
-0.00125092
-0.00113849
-0.000986763
-0.00080345
-0.000596413
-0.000373636
-0.00014357
8.45218e-05
0.000300626
0.000494587
0.000657139
0.000781082
0.000862216
0.000899598
0.000895043
0.000852165
0.000775363
0.000669103
0.000537654
0.000385265
0.000216595
3.73007e-05
-0.000145501
-0.000323328
-0.000487161
-0.000628497
-0.00073999
-0.000815634
-0.00085087
-0.000842722
-0.000789846
-0.000692562
-0.000553088
-0.000375967
-0.000168342
6.02413e-05
0.000298439
0.000533848
0.000753944
0.000947381
0.00110521
0.00122122
0.00129144
0.00131343
0.00128628
0.00121057
0.00108848
0.000923791
0.000722039
0.000490459
0.000237755
-2.62328e-05
-0.000290916
-0.000545488
-0.000779484
-0.000983157
-0.00114775
-0.00126597
-0.00133259
-0.00134498
-0.00130305
-0.00120907
-0.00106759
-0.000885403
-0.00067106
-0.000434089
-0.000184133
6.95741e-05
0.000318391
0.00055421
0.000769317
0.000956386
0.00110868
0.00122037
0.00128688
0.00130506
0.00127353
0.00119279
0.00106518
0.000894819
0.0006877
0.00045203
0.000198148
-6.22903e-05
-0.000317534
-0.000556698
-0.000770271
-0.000950462
-0.00109141
-0.00118884
-0.00123919
-0.00123903
-0.00118526
-0.00107634
-0.000913661
-0.000702532
-0.000452092
-0.000174316
0.000117225
0.000408517
0.00068624
0.000938651
0.0011557
0.00132852
0.00144902
0.00151021
0.00150708
0.00143748
0.00130275
0.00110796
0.000861813
0.000575989
0.000263921
-6.05455e-05
-0.000384154
-0.000694677
-0.000980928
-0.00123264
-0.00144053
-0.00159661
-0.00169469
-0.00173082
-0.00170346
-0.00161338
-0.00146357
-0.00125914
-0.00100729
-0.000716922
-0.000398342
-6.30798e-05
0.000276237
0.000606291
0.000913767
0.00118599
0.00141151
0.00158079
0.00168698
0.00172608
0.00169649
0.00159861
0.00143528
0.00121262
0.00094071
0.000633182
0.000306064
-2.3782e-05
-0.000340095
-0.000628611
-0.000878294
-0.00108182
-0.001235
-0.00133566
-0.00138264
-0.00137487
-0.00131115
-0.00119092
-0.00101593
-0.000791455
-0.000526547
-0.000233662
7.22458e-05
0.000375427
0.000661434
0.00091842
0.00113721
0.00131085
0.00143429
0.00150382
0.00151651
0.00147011
0.00136386
0.00119965
0.0009829
0.000722874
0.000432049
0.000124768
-0.000184256
-0.000481098
-0.000753433
-0.000990949
-0.00118529
-0.00132978
-0.00141929
-0.00145061
-0.00142295
-0.0013384
-0.00120206
-0.00102186
-0.000807839
-0.000571122
-0.000322757
-7.29779e-05
0.000169001
0.000394803
0.000596582
0.000766766
0.000898168
0.000898168
0.000984607
0.00102182
0.00100815
0.000944773
0.00083573
0.000687689
0.000509346
0.000310501
0.000101257
-0.000108376
-0.000308711
-0.000490676
-0.000646092
-0.00076793
-0.00085071
-0.000891084
-0.000888328
-0.000844439
-0.000763821
-0.000652704
-0.000518457
-0.000368879
-0.000211621
-5.39248e-05
9.73045e-05
0.000235376
0.000353997
0.000447776
0.000512754
0.00054674
0.00054941
0.000522193
0.00046783
0.000389729
0.000291374
0.000176128
4.74728e-05
-9.05421e-05
-0.000232994
-0.000374075
-0.000507329
-0.000626177
-0.000724694
-0.000798337
-0.000844167
-0.000860558
-0.000846815
-0.000802928
-0.000729387
-0.00062697
-0.000496714
-0.000340365
-0.000161304
3.45412e-05
0.000238558
0.000440434
0.000629681
0.000796938
0.000934771
0.00103801
0.00110346
0.00112905
0.00111329
0.00105558
0.000957005
0.00082102
0.000653752
0.000463879
0.000262005
5.95347e-05
-0.000132753
-0.000306052
-0.000454289
-0.00057416
-0.000664792
-0.000727239
-0.000763586
-0.00077575
-0.000764779
-0.000731122
-0.000675315
-0.000598343
-0.000501693
-0.000387549
-0.000259022
-0.00012006
2.48587e-05
0.0001708
0.000312307
0.000443666
0.000559602
0.000655889
0.000729442
0.000778096
0.000800452
0.000795755
0.000763665
0.00070413
0.000617754
0.000506506
0.000374256
0.000226805
7.14044e-05
-8.41261e-05
-0.000232283
-0.000366396
-0.000480809
-0.000570961
-0.00063335
-0.000665378
-0.000665335
-0.000632693
-0.000568504
-0.000475642
-0.000358771
-0.000224066
-7.87506e-05
6.94388e-05
0.000212829
0.000344386
0.000458129
0.000549246
0.000614067
0.00065006
0.000655879
0.000631446
0.000578044
0.00049844
0.0003969
0.000278975
0.000150999
1.942e-05
-0.000109814
-0.000231663
-0.000342171
-0.00043842
-0.000518277
-0.00058008
-0.000622527
-0.000644848
-0.000647066
-0.000630123
-0.000595849
-0.000546795
-0.000485823
-0.000415314
-0.000336275
-0.000248019
-0.000149051
-3.88661e-05
8.04909e-05
0.000204178
0.000325472
0.000437065
0.000532399
0.000606965
0.000658987
0.000688921
0.000698108
0.000687542
0.000657244
0.000606376
0.000534133
0.000441148
0.000330635
0.000208603
8.30531e-05
-3.7513e-05
-0.000145722
-0.000236476
-0.000307243
-0.000357623
-0.000388568
-0.000401567
-0.00039804
-0.000379233
-0.000346659
-0.000302671
-0.000250675
-0.00019481
-0.000139315
-8.77497e-05
-4.22139e-05
-3.02778e-06
3.07029e-05
5.98811e-05
8.4466e-05
0.000103324
0.000114614
0.000116301
0.000106812
8.57735e-05
5.43645e-05
1.49519e-05
-2.968e-05
-7.69791e-05
-0.000124964
-0.000172269
-0.000217865
-0.000260531
-0.000298355
-0.000328626
-0.000348213
-0.000354236
-0.000344635
-0.000318411
-0.000275623
-0.000217328
-0.000145548
-6.32251e-05
2.58583e-05
0.000117162
0.000205485
0.000285298
0.0003515
0.000400354
0.000429979
0.000440141
0.000431769
0.000406601
0.000366817
0.000314582
0.000251842
0.000180598
0.000103289
2.29086e-05
-5.70909e-05
-0.000133038
-0.00020154
-0.000260129
-0.000307653
-0.00034413
-0.000370264
-0.000386928
-0.000394859
-0.000394549
-0.000386223
-0.00036979
-0.000344854
-0.000310923
-0.000267765
-0.000215712
-0.000155776
-8.96559e-05
-1.97023e-05
5.12408e-05
0.000120226
0.000184639
0.000242336
0.00029146
0.000330281
0.000357214
0.000370891
0.000370238
0.000354692
0.000324478
0.000280687
0.000225055
0.000159615
8.64124e-05
7.40193e-06
-7.53947e-05
-0.000159531
-0.000241753
-0.000317724
-0.000381957
-0.000428068
-0.000449628
-0.000441711
-0.00040258
-0.000334516
-0.000243403
-0.000137658
-2.70543e-05
7.88025e-05
0.000172247
0.000248546
0.000305458
0.000342237
0.000359175
0.000357547
0.000339346
0.000306983
0.000263354
0.000212029
0.000157004
0.000102118
5.06597e-05
5.39923e-06
-3.12834e-05
-5.75022e-05
-7.20896e-05
-7.47163e-05
-6.60652e-05
-4.82497e-05
-2.5111e-05
-1.82515e-06
1.61613e-05
2.43382e-05
2.00022e-05
2.53301e-06
-2.68531e-05
-6.53975e-05
-0.000108882
-0.000151984
-0.000189317
-0.000216544
-0.000230715
-0.000229975
-0.000213415
-0.000181249
-0.000134972
-7.73503e-05
-1.24159e-05
5.45668e-05
0.000117565
0.000170854
0.000210139
0.000232897
0.000237948
0.000224982
0.000194381
0.000194381
0.000146978
8.36567e-05
5.30188e-06
-8.66728e-05
-0.00018965
-0.000299326
-0.000409399
-0.000511606
-0.000596478
-0.000654727
-0.000678703
-0.000663542
-0.000607888
-0.000513909
-0.000386304
-0.000230763
-5.30208e-05
0.000141072
0.000345094
0.000551721
0.000752216
0.00093571
0.00108913
0.00119855
0.00125165
0.00124034
0.00116217
0.00102008
0.000820909
0.000573996
0.000290033
-1.99448e-05
-0.000345048
-0.000673872
-0.000993031
-0.00128617
-0.00153462
-0.00171974
-0.00182619
-0.00184452
-0.00177231
-0.00161394
-0.00137938
-0.00108225
-0.000737463
-0.000359946
3.51543e-05
0.000431376
0.000810403
0.00115276
0.00143945
0.001654
0.00178462
0.00182609
0.0017805
0.00165631
0.00146622
0.00122464
0.000945923
0.000643458
0.000329625
1.63307e-05
-0.000284228
-0.000559277
-0.000796231
-0.000984047
-0.0011142
-0.00118108
-0.00118236
-0.00111925
-0.000996224
-0.000820149
-0.000599683
-0.000345237
-6.8979e-05
0.000215445
0.000493274
0.000749111
0.000967897
0.00113642
0.00124466
0.00128659
0.00126048
0.00116891
0.00101838
0.000818159
0.000579068
0.000312669
3.10193e-05
-0.000253558
-0.00052895
-0.000783775
-0.00100777
-0.00119217
-0.00133036
-0.00141835
-0.00145473
-0.00144018
-0.001377
-0.001269
-0.00112142
-0.00094085
-0.000735203
-0.00051355
-0.000285445
-5.97491e-05
0.000156344
0.000357478
0.000539564
0.000698996
0.000832162
0.000935385
0.00100511
0.00103816
0.0010322
0.000986491
0.000902462
0.000783544
0.000634631
0.000461772
0.000272232
7.44976e-05
-0.000121996
-0.000307182
-0.000470558
-0.000601596
-0.000690931
-0.000732083
-0.000722751
-0.000665125
-0.000565642
-0.000434366
-0.00028347
-0.00012489
3.15496e-05
0.000178563
0.000310882
0.00042474
0.000517382
0.00058627
0.000628432
0.000640624
0.000620144
0.000565561
0.000477198
0.000357638
0.00021209
4.8057e-05
-0.000125706
-0.00030029
-0.000467418
-0.000620072
-0.000752988
-0.00086257
-0.000946121
-0.00100079
-0.00102278
-0.00100715
-0.000948641
-0.000843382
-0.00069065
-0.000493983
-0.000261471
-5.16597e-06
0.000260628
0.000521639
0.000765171
0.0009804
0.0011582
0.00129113
0.00137326
0.00139995
0.00136839
0.00127898
0.00113658
0.000950507
0.000733518
0.000500086
0.000264605
3.98119e-05
-0.000164198
-0.000340062
-0.000482355
-0.00058653
-0.000648465
-0.000664819
-0.000633738
-0.000555623
-0.000433964
-0.000275869
-9.1716e-05
0.000105976
0.00030378
0.000488253
0.000646542
0.000766825
0.000838763
0.000854215
0.000808223
0.000699844
0.000532421
0.000313647
5.60288e-05
-0.000222751
-0.000501046
-0.000756501
-0.000969618
-0.0011257
-0.00121522
-0.00123377
-0.00118179
-0.00106354
-0.000885695
-0.000656737
-0.000387639
-9.26727e-05
0.00021092
0.000504438
0.000769543
0.000989847
0.00115242
0.00124906
0.00127664
0.00123634
0.00113261
0.000972824
0.000767262
0.000529025
0.000273136
1.51943e-05
-0.000229731
-0.00044764
-0.000626014
-0.000754555
-0.000825951
-0.000836259
-0.000785075
-0.000675703
-0.000515099
-0.000313352
-8.27788e-05
0.000163135
0.000410766
0.000647143
0.000860497
0.00104077
0.00117997
0.00127218
0.00131334
0.0013012
0.00123537
0.00111738
0.000950407
0.000739143
0.000489822
0.000210347
-8.97954e-05
-0.000399871
-0.000708288
-0.00100312
-0.0012728
-0.00150674
-0.00169528
-0.00182951
-0.00190174
-0.00190676
-0.00184299
-0.00171266
-0.00152151
-0.00127828
-0.00099425
-0.000682322
-0.00035602
-2.8754e-05
0.000286377
0.000576552
0.000829418
0.00103373
0.00118031
0.00126302
0.00127955
0.0012316
0.00112455
0.000966555
0.000767417
0.000537608
0.000287734
2.83792e-05
-0.00022977
-0.000475719
-0.000698204
-0.000886221
-0.00102998
-0.00112194
-0.0011576
-0.00113611
-0.00106027
-0.000936131
-0.000772107
-0.000578053
-0.000364349
-0.000141171
8.18735e-05
0.000295728
0.000491839
0.000662349
0.000800438
0.000900621
0.000959111
0.000974326
0.000947256
0.000881355
0.00078202
0.000655966
0.000510689
0.000354032
0.000193879
3.79601e-05
-0.00010633
-0.000232194
-0.000333851
-0.000407067
-0.000407067
-0.000449668
-0.000461755
-0.000445467
-0.000404417
-0.00034311
-0.000266547
-0.000179925
-8.82535e-05
3.96647e-06
9.27965e-05
0.00017469
0.000246385
0.00030498
0.000348062
0.000373735
0.000380611
0.000367932
0.000335799
0.000285261
0.000218302
0.000137989
4.87631e-05
-4.35274e-05
-0.000132095
-0.000209984
-0.000270996
-0.000310702
-0.00032717
-0.000320882
-0.000293936
-0.000249292
-0.000190412
-0.000120939
-4.43132e-05
3.61993e-05
0.0001169
0.000193169
0.000259716
0.000311403
0.000344119
0.000355437
0.000344901
0.000313884
0.000265166
0.00020245
0.00012989
5.16976e-05
-2.80882e-05
-0.000105665
-0.000177527
-0.000240611
-0.000292487
-0.000331519
-0.000356929
-0.000368751
-0.000367633
-0.000354504
-0.000330301
-0.000296011
-0.000252941
-0.000202859
-0.000147877
-9.03013e-05
-3.25495e-05
2.30184e-05
7.43289e-05
0.000119651
0.000157402
0.000185905
0.000203294
0.000207658
0.000197398
0.000171695
0.000130936
7.69681e-05
1.299e-05
-5.6997e-05
-0.000128998
-0.000199627
-0.000266266
-0.000326874
-0.00037957
-0.000422121
-0.000451646
-0.000464883
-0.000458917
-0.000431969
-0.000383946
-0.000316647
-0.000233551
-0.00013931
-3.92037e-05
6.13073e-05
0.00015695
0.000242875
0.000314747
0.000368862
0.000402457
0.00041407
0.000403674
0.000372464
0.000322516
0.000256536
0.000177681
8.92939e-05
-5.37718e-06
-0.000103224
-0.000201107
-0.000295739
-0.000383715
-0.000461552
-0.000525782
-0.000573216
-0.000601254
-0.000608042
-0.000592554
-0.000554843
-0.000496308
-0.000419625
-0.000328312
-0.000226309
-0.000117792
-7.01841e-06
0.000101971
0.000205643
0.000301069
0.000385854
0.000458013
0.000515792
0.000557534
0.000581745
0.000587353
0.000573912
0.000541639
0.000491425
0.000424909
0.000344445
0.000252823
0.00015295
4.78117e-05
-5.93185e-05
-0.000164701
-0.000264203
-0.000353584
-0.00042887
-0.000486704
-0.000524672
-0.000541479
-0.000536825
-0.000511021
-0.000464717
-0.000398997
-0.000315714
-0.000217774
-0.00010918
5.19461e-06
0.000120006
0.000229912
0.000330064
0.000416589
0.000486862
0.000539419
0.000573625
0.000589348
0.000586701
0.000565921
0.000527428
0.000472002
0.000400882
0.000315799
0.000219083
0.000113837
3.84017e-06
-0.000106874
-0.000214433
-0.000315214
-0.000405718
-0.000482485
-0.000542072
-0.000580997
-0.00059581
-0.00058359
-0.00054281
-0.000474098
-0.000380363
-0.000266238
-0.000137358
1.92176e-07
0.000140288
0.00027714
0.00040534
0.000519496
0.000613902
0.000682782
0.000721126
0.000725728
0.000695925
0.000633705
0.000543287
0.000430436
0.000301686
0.000163555
2.2063e-05
-0.000117279
-0.000249224
-0.000368629
-0.000470485
-0.000550119
-0.000603635
-0.000628537
-0.000624236
-0.000592168
-0.000535489
-0.000458471
-0.000365817
-0.00026208
-0.000151318
-3.70651e-05
7.7364e-05
0.000188374
0.000291747
0.000382687
0.000456155
0.000507313
0.000532075
0.000527784
0.000493783
0.000431498
0.000344061
0.000235838
0.000112122
-2.10884e-05
-0.000157295
-0.0002896
-0.000410777
-0.000513629
-0.0005918
-0.000640603
-0.000657364
-0.000641247
-0.000592994
-0.000514757
-0.000409858
-0.000282421
-0.000137191
2.03479e-05
0.000183809
0.000345947
0.000498946
0.000634949
0.000746797
0.000828731
0.000876822
0.000889084
0.000865373
0.000807124
0.000716996
0.000598626
0.000456665
0.000296988
0.000126721
-4.6115e-05
-0.000213273
-0.000366996
-0.000500618
-0.00060898
-0.000688607
-0.000737597
-0.00075531
-0.00074201
-0.000698658
-0.000626929
-0.000529426
-0.000410013
-0.000274008
-0.000128014
2.06023e-05
0.000164331
0.000296035
0.000409372
0.000499109
0.000561261
0.000593086
0.000593071
0.000561044
0.00049829
0.000407573
0.000293045
0.00016014
1.54337e-05
-0.000133651
-0.000279323
-0.000413956
-0.000530518
-0.000622886
-0.000686037
-0.000716193
-0.000710992
-0.000669744
-0.000593707
-0.000486256
-0.000352789
-0.000200287
-3.66097e-05
0.000130146
0.00029201
0.000441334
0.000571067
0.000675174
0.000748993
0.000789404
0.0007949
0.00076575
0.000704216
0.00061452
0.000502413
0.000374491
0.000237579
9.82362e-05
-3.76484e-05
-0.000165138
-0.000280279
-0.000280279
-0.000379909
-0.000461409
-0.000522584
-0.000561665
-0.000577359
-0.000568982
-0.000536685
-0.00048161
-0.000405807
-0.000312074
-0.000204019
-8.62103e-05
3.6012e-05
0.000157043
0.000271392
0.000373748
0.000459066
0.000522933
0.000561984
0.000574145
0.000558742
0.000516593
0.000449958
0.000362319
0.000258043
0.000142108
1.99043e-05
-0.000102958
-0.000220904
-0.00032869
-0.000421629
-0.000495765
-0.000548095
-0.000576815
-0.000581431
-0.000562681
-0.000522321
-0.00046284
-0.000387134
-0.000298195
-0.000198964
-9.24478e-05
1.79968e-05
0.000128454
0.000234479
0.000331339
0.000414415
0.000479735
0.000524529
0.000547512
0.000548733
0.000529173
0.000490374
0.000434218
0.000362844
0.000278727
0.000184909
8.51931e-05
-1.58606e-05
-0.000113198
-0.000201712
-0.000276754
-0.000334559
-0.000372522
-0.000389339
-0.000385022
-0.000360739
-0.000318523
-0.000261024
-0.000191373
-0.000113085
-2.99351e-05
5.41128e-05
0.000134935
0.000208352
0.000270384
0.000317603
0.000347452
0.000358497
0.000350514
0.000324343
0.000281556
0.000224077
0.000153902
7.29997e-05
-1.65689e-05
-0.000112393
-0.000211466
-0.000310062
-0.000403804
-0.000488025
-0.000558254
-0.000610583
-0.000641844
-0.000649819
-0.000633547
-0.000593422
-0.000530919
-0.000448231
-0.000348135
-0.000234035
-0.000109951
1.95492e-05
0.000149403
0.000274127
0.000388022
0.000485558
0.000561902
0.00061345
0.000638163
0.000635647
0.000607069
0.000554982
0.000483065
0.000395763
0.000297966
0.000194763
9.12169e-05
-7.96207e-06
-9.87515e-05
-0.000178014
-0.000243518
-0.000293892
-0.000328534
-0.000347397
-0.000350801
-0.000339473
-0.000314786
-0.000278863
-0.000234394
-0.00018439
-0.000131985
-8.02037e-05
-3.16927e-05
1.1411e-05
4.74224e-05
7.50063e-05
9.31678e-05
0.000101359
9.9648e-05
8.88199e-05
7.02915e-05
4.58576e-05
1.74235e-05
-1.31763e-05
-4.42843e-05
-7.45132e-05
-0.00010283
-0.000128529
-0.000151015
-0.000169553
-0.000183156
-0.000190671
-0.000190932
-0.000182977
-0.000166329
-0.000141223
-0.000108639
-7.01632e-05
-2.78285e-05
1.60271e-05
5.89656e-05
9.87094e-05
0.000133331
0.000161302
0.000181525
0.000193419
0.000197016
0.000192917
0.000182183
0.000166222
0.000146659
0.000125117
0.000103018
8.15657e-05
6.18623e-05
4.49405e-05
3.16427e-05
2.24897e-05
1.7617e-05
1.67429e-05
1.91698e-05
2.39066e-05
2.99136e-05
3.63532e-05
4.27265e-05
4.8864e-05
5.48379e-05
6.09046e-05
6.74755e-05
7.49996e-05
8.3747e-05
9.3677e-05
0.000104497
0.000115762
0.000126836
0.000136779
0.000144312
0.000147926
0.000146067
0.00013737
0.000120917
9.64513e-05
6.44383e-05
2.58781e-05
-1.79958e-05
-6.58935e-05
-0.000116454
-0.000168164
-0.000219249
-0.00026746
-0.000309849
-0.000342838
-0.00036277
-0.000366754
-0.000353394
-0.000323032
-0.00027746
-0.000219455
-0.000152492
-8.05428e-05
-7.76354e-06
6.18543e-05
0.000124655
0.000177385
0.00021735
0.000242685
0.000252535
0.000247031
0.00022714
0.000194498
0.000151271
9.99267e-05
4.30171e-05
-1.68561e-05
-7.6936e-05
-0.000134311
-0.000186072
-0.00022946
-0.000261982
-0.000281627
-0.000287105
-0.000277971
-0.000254592
-0.000218034
-0.00016992
-0.000112221
-4.70794e-05
2.32598e-05
9.64059e-05
0.000169762
0.000240513
0.00030568
0.00036222
0.00040717
0.000437855
0.000452143
0.00044866
0.000426865
0.000386976
0.000329924
0.000257482
0.000172461
7.87507e-05
-1.89373e-05
-0.000115527
-0.000206045
-0.00028605
-0.000352027
-0.000401688
-0.000433961
-0.000448688
-0.00044634
-0.000427864
-0.000394568
-0.000347983
-0.000289847
-0.000222219
-0.000147502
-6.83707e-05
1.22348e-05
9.10523e-05
0.000164612
0.000229539
0.000282804
0.000321831
0.00034466
0.000350234
0.000338627
0.000310986
0.000269358
0.000216507
0.000155697
9.03589e-05
2.37886e-05
-4.09785e-05
-0.000101185
-0.000154386
-0.000198484
-0.000231686
-0.000252488
-0.000259774
-0.000252997
-0.000232304
-0.000198568
-0.00015336
-9.88658e-05
-3.76986e-05
2.73414e-05
9.3483e-05
0.000158127
0.000218936
0.000273869
0.000321107
0.000358927
0.000385587
0.000399351
0.000398658
0.000382426
0.00035031
0.000302816
0.000241319
0.000241319
0.000168108
8.64089e-05
2.11392e-07
-8.60998e-05
-0.000168105
-0.000241655
-0.000303236
-0.000350341
-0.000381574
-0.000396433
-0.000395081
-0.000378224
-0.000346954
-0.000302528
-0.000246319
-0.000180026
-0.000105893
-2.67501e-05
5.40742e-05
0.000132929
0.000206184
0.000270669
0.000323959
0.000364373
0.000390856
0.000402828
0.000399997
0.000382158
0.000349171
0.00030125
0.000239425
0.000165897
8.40514e-05
-1.89426e-06
-8.74236e-05
-0.000168215
-0.000240555
-0.000301643
-0.000349642
-0.000383418
-0.000402178
-0.000405272
-0.000392224
-0.000362951
-0.000318101
-0.000259346
-0.00018944
-0.000112021
-3.12506e-05
4.8626e-05
0.000123715
0.000190781
0.000247317
0.00029142
0.000321633
0.000336872
0.000336456
0.000320239
0.000288805
0.000243628
0.000187083
0.000122281
5.27719e-05
-1.77891e-05
-8.59446e-05
-0.000148643
-0.000203317
-0.000247849
-0.000280481
-0.000299757
-0.000304551
-0.000294225
-0.000268829
-0.000229262
-0.000177308
-0.000115504
-4.69146e-05
2.51093e-05
9.71192e-05
0.00016572
0.00022769
0.000280068
0.000320238
0.000346051
0.000356002
0.000349403
0.000326455
0.000288202
0.000236434
0.000173561
0.000102448
2.62145e-05
-5.19213e-05
-0.000128675
-0.000200672
-0.000264463
-0.000316647
-0.000354149
-0.000374591
-0.000376606
-0.000359999
-0.000325772
-0.000276027
-0.000213726
-0.0001423
-6.52885e-05
1.38434e-05
9.17364e-05
0.000165137
0.000230921
0.000286132
0.000328095
0.000354641
0.000364368
0.000356819
0.000332519
0.000292896
0.000240118
0.000176879
0.000106202
3.13284e-05
-4.435e-05
-0.000117363
-0.000184274
-0.00024185
-0.000287282
-0.000318442
-0.000334082
-0.000333908
-0.00031852
-0.000289281
-0.000248133
-0.000197397
-0.000139582
-7.72944e-05
-1.32475e-05
4.97619e-05
0.000108962
0.000161771
0.000205964
0.000239819
0.000262232
0.000272745
0.000271486
0.000259055
0.00023644
0.000204948
0.000166164
0.000121908
7.41561e-05
2.49802e-05
-2.35226e-05
-6.93312e-05
-0.000110652
-0.000146066
-0.00017459
-0.000195632
-0.000208892
-0.000214263
-0.000211788
-0.00020162
-0.000184016
-0.000159416
-0.000128637
-9.30421e-05
-5.45691e-05
-1.56163e-05
2.11599e-05
5.31498e-05
7.81869e-05
9.48883e-05
0.0001028
0.000102369
9.4813e-05
8.18559e-05
6.5304e-05
4.66558e-05
2.69752e-05
6.99699e-06
-1.27403e-05
-3.17908e-05
-4.96373e-05
-6.55237e-05
-7.8468e-05
-8.74788e-05
-9.17822e-05
-9.09235e-05
-8.47884e-05
-7.35918e-05
-5.77916e-05
-3.79374e-05
-1.45974e-05
1.15374e-05
3.94694e-05
6.77939e-05
9.47283e-05
0.000118237
0.000136281
0.000147205
0.000150095
0.000144895
0.000132237
0.000113221
8.92358e-05
6.17652e-05
3.21658e-05
1.56855e-06
-2.90101e-05
-5.8508e-05
-8.57803e-05
-0.00010967
-0.000129121
-0.00014333
-0.00015193
-0.000155067
-0.000153283
-0.000147236
-0.000137438
-0.000124149
-0.000107464
-8.74977e-05
-6.45892e-05
-3.94805e-05
-1.33867e-05
1.21393e-05
3.54993e-05
5.53036e-05
7.04733e-05
8.02582e-05
8.4233e-05
8.22372e-05
7.42749e-05
6.04863e-05
4.1244e-05
1.72999e-05
-1.0126e-05
-3.93752e-05
-6.85089e-05
-9.5554e-05
-0.000118778
-0.000136934
-0.000149383
-0.000156019
-0.000157052
-0.000152819
-0.000143687
-0.000130021
-0.000112184
-9.06275e-05
-6.60086e-05
-3.92015e-05
-1.11678e-05
1.71862e-05
4.50665e-05
7.17996e-05
9.68334e-05
0.000119698
0.000139911
0.000156907
0.000170077
0.000178907
0.000183107
0.000182659
0.000177778
0.000168805
0.000156092
0.000139912
0.000120469
9.80052e-05
7.29635e-05
4.60967e-05
1.8477e-05
-8.64167e-06
-3.40588e-05
-5.68447e-05
-7.64586e-05
-9.27637e-05
-0.000105938
-0.000116264
-0.000123881
-0.000128633
-0.000130099
-0.000127781
-0.000121381
-0.000111065
-9.75635e-05
-8.20804e-05
-6.61081e-05
-5.12212e-05
-3.88416e-05
-3.00076e-05
-2.52604e-05
-2.46809e-05
-2.7966e-05
-3.44592e-05
-4.31897e-05
-5.29976e-05
-6.26963e-05
-7.11835e-05
-7.75258e-05
-8.10664e-05
-8.14816e-05
-7.86794e-05
-7.26265e-05
-6.32864e-05
-5.06801e-05
-3.49229e-05
-1.62123e-05
5.12555e-06
2.85334e-05
5.31987e-05
7.81475e-05
0.000102371
0.000124936
0.000145099
0.000162362
0.000176443
0.000187197
0.000194561
0.000198519
0.000199063
0.000196141
0.000196141
0.000189657
0.000179531
0.000165787
0.000148636
0.000128482
0.000105858
8.1371e-05
5.56945e-05
2.95852e-05
3.82557e-06
-2.09111e-05
-4.41977e-05
-6.58957e-05
-8.60783e-05
-0.000104882
-0.000122357
-0.000138366
-0.00015255
-0.000164349
-0.000173079
-0.000178077
-0.000178887
-0.000175384
-0.000167742
-0.000156334
-0.000141662
-0.000124351
-0.00010509
-8.45129e-05
-6.31323e-05
-4.13684e-05
-1.96455e-05
1.54005e-06
2.16271e-05
4.00616e-05
5.63986e-05
7.03861e-05
8.19743e-05
9.12415e-05
9.83031e-05
0.000103261
0.00010617
0.000106992
0.000105582
0.000101754
9.54303e-05
8.67688e-05
7.61885e-05
6.43067e-05
5.18633e-05
3.96557e-05
2.84668e-05
1.89898e-05
1.17788e-05
7.21567e-06
5.45095e-06
6.33482e-06
9.41446e-06
1.40376e-05
1.9492e-05
2.50828e-05
3.01546e-05
3.41283e-05
3.6544e-05
3.70397e-05
3.52879e-05
3.0987e-05
2.39212e-05
1.40106e-05
1.32252e-06
-1.39198e-05
-3.13254e-05
-5.03452e-05
-7.02851e-05
-9.02797e-05
-0.000109244
-0.000125869
-0.000138701
-0.00014632
-0.000147586
-0.000141892
-0.000129329
-0.000110638
-8.70222e-05
-5.99731e-05
-3.11568e-05
-2.25252e-06
2.52769e-05
5.03066e-05
7.19651e-05
8.95043e-05
0.000102286
0.000109842
0.000111921
0.000108531
9.99992e-05
8.69817e-05
7.03662e-05
5.1132e-05
3.02471e-05
8.62706e-06
-1.28678e-05
-3.34241e-05
-5.22535e-05
-6.8562e-05
-8.15546e-05
-9.05098e-05
-9.48925e-05
-9.44222e-05
-8.90656e-05
-7.89848e-05
-6.44753e-05
-4.59098e-05
-2.37209e-05
1.55205e-06
2.91646e-05
5.80627e-05
8.68251e-05
0.000113698
0.00013674
0.000154055
0.000164076
0.000165843
0.000159168
0.000144557
0.000122933
9.53872e-05
6.30869e-05
2.72686e-05
-1.07618e-05
-4.95747e-05
-8.75153e-05
-0.0001227
-0.000153198
-0.000177307
-0.000193787
-0.000201995
-0.000201887
-0.000193891
-0.000178732
-0.000157253
-0.000130292
-9.86606e-05
-6.32315e-05
-2.50567e-05
1.45396e-05
5.39451e-05
9.13488e-05
0.000124938
0.000153122
0.000174666
0.000188708
0.000194739
0.000192623
0.000182586
0.000165175
0.000141219
0.000111849
7.85392e-05
4.30612e-05
7.36e-06
-2.66111e-05
-5.70512e-05
-8.24544e-05
-0.000101707
-0.000114107
-0.00011931
-0.000117276
-0.000108251
-9.27872e-05
-7.17427e-05
-4.62385e-05
-1.76107e-05
1.26444e-05
4.29629e-05
7.18481e-05
9.8001e-05
0.0001204
0.000138323
0.000151322
0.000159181
0.000161854
0.000159418
0.000152067
0.00014014
0.000124156
0.000104793
8.28293e-05
5.90931e-05
3.44664e-05
9.87805e-06
-1.37342e-05
-3.54591e-05
-5.44057e-05
-6.96841e-05
-8.04321e-05
-8.59007e-05
-8.55615e-05
-7.91987e-05
-6.69743e-05
-4.94503e-05
-2.75412e-05
-2.38862e-06
2.47755e-05
5.2695e-05
8.00767e-05
0.000105575
0.000127822
0.00014549
0.000157378
0.000162538
0.00016042
0.000150979
0.000134668
0.000112344
8.51042e-05
5.41635e-05
2.07862e-05
-1.37417e-05
-4.81329e-05
-8.11035e-05
-0.000111375
-0.000137721
-0.000159068
-0.00017461
-0.000183905
-0.000186925
-0.000184055
-0.000176022
-0.000163777
-0.000148366
-0.000130834
-0.000112185
-9.33871e-05
-7.53808e-05
-5.90573e-05
-4.52293e-05
-3.46001e-05
-2.77143e-05
-2.48916e-05
-2.61907e-05
-3.1434e-05
-4.02691e-05
-5.22162e-05
-6.66825e-05
-8.29555e-05
-0.000100207
-0.000117528
-0.000133985
-0.000148694
-0.000160876
-0.000169901
-0.000175315
-0.000176834
-0.00017432
-0.000167727
-0.00015706
-0.000142375
-0.000123845
-0.000101857
-7.7103e-05
-5.06175e-05
-2.37225e-05
2.11245e-06
2.54399e-05
4.49959e-05
5.98513e-05
6.95174e-05
7.39302e-05
7.33173e-05
6.80679e-05
5.86893e-05
4.58e-05
3.01038e-05
1.23796e-05
-6.48782e-06
-2.54978e-05
-4.35916e-05
-5.97358e-05
-7.2982e-05
-8.25128e-05
-8.76935e-05
-8.81153e-05
-8.3633e-05
-7.44069e-05
-6.09275e-05
-4.39781e-05
-2.45356e-05
-3.66556e-06
1.75534e-05
3.80937e-05
5.70407e-05
7.36186e-05
8.71743e-05
9.71657e-05
0.000103186
0.000104989
0.000102501
9.58341e-05
8.53201e-05
7.15192e-05
5.51915e-05
3.72547e-05
1.87396e-05
7.27585e-07
-1.5731e-05
-2.96911e-05
-4.03652e-05
-4.71593e-05
-4.96935e-05
-4.77944e-05
-4.14678e-05
-3.08856e-05
-1.63976e-05
1.46248e-06
2.19981e-05
4.43785e-05
6.76533e-05
9.07603e-05
0.000112555
0.00013188
0.000147668
0.000147668
0.000159061
0.000165477
0.00016664
0.000162561
0.000153506
0.000139922
0.000122345
0.000101318
7.73771e-05
5.11037e-05
2.32125e-05
-5.37689e-06
-3.35401e-05
-6.00294e-05
-8.35857e-05
-0.000103027
-0.000117325
-0.000125699
-0.000127704
-0.00012325
-0.000112576
-9.62061e-05
-7.49337e-05
-4.97746e-05
-2.18886e-05
7.50031e-06
3.71582e-05
6.58915e-05
9.26106e-05
0.000116382
0.000136439
0.000152175
0.000163157
0.000169135
0.000170018
0.00016584
0.000156759
0.000143058
0.000125159
0.000103657
7.93922e-05
5.34869e-05
2.72953e-05
2.25675e-06
-2.02569e-05
-3.90565e-05
-5.32362e-05
-6.22536e-05
-6.59299e-05
-6.43662e-05
-5.78676e-05
-4.69389e-05
-3.23047e-05
-1.48974e-05
4.17871e-06
2.36896e-05
4.23507e-05
5.8956e-05
7.25078e-05
8.22886e-05
8.78668e-05
8.90697e-05
8.59522e-05
7.87541e-05
6.78349e-05
5.36203e-05
3.66152e-05
1.74716e-05
-2.95548e-06
-2.36046e-05
-4.32474e-05
-6.05766e-05
-7.43556e-05
-8.35822e-05
-8.75948e-05
-8.61086e-05
-7.92078e-05
-6.72884e-05
-5.09405e-05
-3.08359e-05
-7.70203e-06
1.76189e-05
4.4093e-05
7.04422e-05
9.51303e-05
0.000116429
0.000132605
0.000142197
0.000144278
0.000138585
0.000125464
0.00010567
8.017e-05
5.0039e-05
1.64337e-05
-1.93862e-05
-5.59764e-05
-9.15882e-05
-0.000124147
-0.000151437
-0.000171461
-0.000182791
-0.000184781
-0.000177558
-0.000161879
-0.000138966
-0.000110313
-7.74764e-05
-4.19205e-05
-5.01749e-06
3.18571e-05
6.72625e-05
9.97073e-05
0.000127727
0.00015002
0.00016563
0.000174085
0.000175421
0.000170096
0.000158845
0.000142566
0.000122241
9.89086e-05
7.36551e-05
4.76431e-05
2.21243e-05
-1.60607e-06
-2.23245e-05
-3.90197e-05
-5.0998e-05
-5.79123e-05
-5.9719e-05
-5.66011e-05
-4.88991e-05
-3.70671e-05
-2.16521e-05
-3.31233e-06
1.71254e-05
3.85965e-05
5.97586e-05
7.90125e-05
9.46209e-05
0.000104946
0.000108749
0.000105407
9.4972e-05
7.81055e-05
5.59581e-05
2.99768e-05
1.63225e-06
-2.78186e-05
-5.74009e-05
-8.63484e-05
-0.000114011
-0.000139781
-0.000162997
-0.000182859
-0.000198444
-0.00020881
-0.000213134
-0.000210855
-0.000201841
-0.000186486
-0.000165647
-0.000140475
-0.00011226
-8.23592e-05
-5.21159e-05
-2.27706e-05
4.57283e-06
2.89121e-05
4.93167e-05
6.49534e-05
7.51441e-05
7.94323e-05
7.7652e-05
6.99798e-05
5.69328e-05
3.93082e-05
1.81e-05
-5.57339e-06
-3.0523e-05
-5.5519e-05
-7.92915e-05
-0.000100523
-0.000117876
-0.000130095
-0.000136153
-0.000135412
-0.000127761
-0.000113688
-9.42548e-05
-7.09174e-05
-4.52724e-05
-1.88441e-05
7.04225e-06
3.13235e-05
5.31886e-05
7.19726e-05
8.70369e-05
9.77666e-05
0.000103691
0.000104603
0.000100612
9.21634e-05
8.00156e-05
6.51446e-05
4.85848e-05
3.12982e-05
1.41158e-05
-2.26899e-06
-1.72885e-05
-3.04817e-05
-4.14745e-05
-4.99603e-05
-5.56929e-05
-5.85173e-05
-5.84306e-05
-5.56198e-05
-5.04388e-05
-4.33472e-05
-3.48576e-05
-2.55018e-05
-1.57975e-05
-6.20734e-06
2.89928e-06
1.12629e-05
1.8719e-05
2.51602e-05
3.05022e-05
3.4668e-05
3.75894e-05
3.92135e-05
3.95202e-05
3.85563e-05
3.6466e-05
3.34856e-05
2.99066e-05
2.60377e-05
2.21765e-05
1.85779e-05
1.54318e-05
1.28726e-05
1.10116e-05
9.95554e-06
9.80529e-06
1.0647e-05
1.2539e-05
1.54941e-05
1.94743e-05
2.44173e-05
3.02835e-05
3.70875e-05
4.48872e-05
5.37157e-05
6.3451e-05
7.36603e-05
8.35098e-05
9.18401e-05
9.74009e-05
9.91284e-05
9.63707e-05
8.90333e-05
7.75963e-05
6.29335e-05
4.60055e-05
2.76295e-05
8.42137e-06
-1.11812e-05
-3.08689e-05
-5.03334e-05
-6.91017e-05
-8.64865e-05
-0.000101688
-0.000113926
-0.000122526
-0.000127
-0.0001271
-0.000122811
-0.0001143
-0.000101904
-8.61313e-05
-6.76267e-05
-4.71009e-05
-2.53022e-05
-3.04024e-06
1.88194e-05
3.94308e-05
5.80613e-05
7.41447e-05
8.72963e-05
9.72923e-05
0.000104003
0.000107308
0.000107056
0.000103089
9.53085e-05
8.37754e-05
6.88114e-05
5.10751e-05
3.15218e-05
1.12465e-05
-8.68737e-06
-2.73471e-05
-4.39785e-05
-5.80369e-05
-6.91737e-05
-7.71617e-05
-8.18279e-05
-8.30489e-05
-8.07847e-05
-7.51117e-05
-6.62473e-05
-5.45573e-05
-4.0522e-05
-2.46815e-05
-7.6098e-06
1.00726e-05
2.76908e-05
4.45343e-05
5.98718e-05
7.29469e-05
7.29469e-05
8.3002e-05
8.93759e-05
9.16331e-05
8.96486e-05
8.3626e-05
7.40782e-05
6.17696e-05
4.76014e-05
3.24724e-05
1.71876e-05
2.44201e-06
-1.11636e-05
-2.31134e-05
-3.29736e-05
-4.03971e-05
-4.51631e-05
-4.72543e-05
-4.6901e-05
-4.45321e-05
-4.06613e-05
-3.57994e-05
-3.04225e-05
-2.49578e-05
-1.97657e-05
-1.51515e-05
-1.14162e-05
-8.89497e-06
-7.9324e-06
-8.80641e-06
-1.16357e-05
-1.62941e-05
-2.23681e-05
-2.92043e-05
-3.60415e-05
-4.21684e-05
-4.70493e-05
-5.04011e-05
-5.22e-05
-5.26021e-05
-5.18109e-05
-4.99785e-05
-4.71823e-05
-4.34404e-05
-3.87395e-05
-3.30972e-05
-2.66432e-05
-1.96432e-05
-1.24431e-05
-5.39486e-06
1.18981e-06
7.07124e-06
1.21044e-05
1.6224e-05
1.93973e-05
2.15896e-05
2.27636e-05
2.28963e-05
2.20006e-05
2.01535e-05
1.75205e-05
1.43505e-05
1.09347e-05
7.55275e-06
4.43021e-06
1.70822e-06
-5.82201e-07
-2.53002e-06
-4.32101e-06
-6.18441e-06
-8.33299e-06
-1.09173e-05
-1.40002e-05
-1.75521e-05
-2.14736e-05
-2.56508e-05
-3.00114e-05
-3.45404e-05
-3.92487e-05
-4.41412e-05
-4.92056e-05
-5.43972e-05
-5.96188e-05
-6.47268e-05
-6.95716e-05
-7.40334e-05
-7.80296e-05
-8.15067e-05
-8.4424e-05
-8.67339e-05
-8.8373e-05
-8.92845e-05
-8.94558e-05
-8.89392e-05
-8.7845e-05
-8.63267e-05
-8.45701e-05
-8.27721e-05
-8.10994e-05
-7.96474e-05
-7.84134e-05
-7.72823e-05
-7.6029e-05
-7.43533e-05
-7.19458e-05
-6.85424e-05
-6.39267e-05
-5.78927e-05
-5.02261e-05
-4.0745e-05
-2.93775e-05
-1.62269e-05
-1.6012e-06
1.39847e-05
2.98412e-05
4.52047e-05
5.93886e-05
7.18948e-05
8.24188e-05
9.07778e-05
9.68412e-05
0.000100491
0.000101603
0.000100066
9.58242e-05
8.89277e-05
7.95624e-05
6.80599e-05
5.48895e-05
4.06078e-05
2.57707e-05
1.08584e-05
-3.74169e-06
-1.77001e-05
-3.07038e-05
-4.24402e-05
-5.26094e-05
-6.09463e-05
-6.72434e-05
-7.13699e-05
-7.32746e-05
-7.29559e-05
-7.03928e-05
-6.54765e-05
-5.80072e-05
-4.77992e-05
-3.48472e-05
-1.94492e-05
-2.2154e-06
1.60008e-05
3.41931e-05
5.13215e-05
6.64764e-05
7.90129e-05
8.85642e-05
9.49602e-05
9.81465e-05
9.81419e-05
9.50162e-05
8.88946e-05
8.00008e-05
6.87153e-05
5.55983e-05
4.13587e-05
2.67861e-05
1.26709e-05
-2.71505e-07
-1.14599e-05
-2.0468e-05
-2.70019e-05
-3.08636e-05
-3.19382e-05
-3.0209e-05
-2.5781e-05
-1.89005e-05
-9.96256e-06
5.08867e-07
1.19069e-05
2.35972e-05
3.49664e-05
4.54637e-05
5.46288e-05
6.20958e-05
6.75768e-05
7.08515e-05
7.17801e-05
7.03374e-05
6.66549e-05
6.10507e-05
5.40223e-05
4.61957e-05
3.82408e-05
3.07798e-05
2.43144e-05
1.91888e-05
1.56022e-05
1.36567e-05
1.34031e-05
1.48599e-05
1.80142e-05
2.28038e-05
2.90695e-05
3.64932e-05
4.45801e-05
5.27167e-05
6.02796e-05
6.67402e-05
7.17243e-05
7.50137e-05
7.65096e-05
7.61895e-05
7.40673e-05
7.01617e-05
6.44869e-05
5.70869e-05
4.80925e-05
3.77633e-05
2.64934e-05
1.47781e-05
3.14566e-06
-7.92139e-06
-1.80368e-05
-2.69173e-05
-3.4362e-05
-4.02201e-05
-4.43551e-05
-4.66167e-05
-4.68366e-05
-4.48633e-05
-4.06317e-05
-3.42377e-05
-2.5966e-05
-1.62439e-05
-5.55068e-06
5.66076e-06
1.70037e-05
2.81607e-05
3.88573e-05
4.88135e-05
5.77051e-05
6.51602e-05
7.08007e-05
7.43158e-05
7.55408e-05
7.45024e-05
7.14137e-05
6.6628e-05
6.05738e-05
5.36852e-05
4.63491e-05
3.88856e-05
3.15601e-05
2.46064e-05
1.82469e-05
1.27043e-05
8.19494e-06
4.88943e-06
2.83913e-06
1.89991e-06
1.69763e-06
1.67147e-06
1.20626e-06
-1.76157e-07
-2.64252e-06
-5.97922e-06
-9.67491e-06
-1.3126e-05
-1.58675e-05
-1.77153e-05
-1.877e-05
-1.93292e-05
-1.97727e-05
-2.04364e-05
-2.14938e-05
-2.29162e-05
-2.45499e-05
-2.62461e-05
-2.7948e-05
-2.97156e-05
-3.17082e-05
-3.41241e-05
-3.71057e-05
-4.06643e-05
-4.46781e-05
-4.89429e-05
-5.32256e-05
-5.72945e-05
-6.09246e-05
-6.38757e-05
-6.58624e-05
-6.65584e-05
-6.56489e-05
-6.28927e-05
-5.81665e-05
-5.15043e-05
-4.31259e-05
-3.34143e-05
-2.28303e-05
-1.182e-05
-7.8267e-07
9.90887e-06
1.9878e-05
2.87335e-05
3.60761e-05
4.15237e-05
4.47617e-05
4.56056e-05
4.40496e-05
4.02801e-05
3.46516e-05
2.7632e-05
1.97383e-05
1.14786e-05
3.30986e-06
-4.37913e-06
-1.12529e-05
-1.69994e-05
-2.13211e-05
-2.39549e-05
-2.47058e-05
-2.34812e-05
-2.03244e-05
-1.54373e-05
-1.54373e-05
-9.17445e-06
-2.00886e-06
5.51507e-06
1.28271e-05
1.93668e-05
2.46108e-05
2.81022e-05
2.94894e-05
2.85649e-05
2.52854e-05
1.97639e-05
1.22502e-05
3.12018e-06
-7.13845e-06
-1.79812e-05
-2.88896e-05
-3.9421e-05
-4.9202e-05
-5.79079e-05
-6.52622e-05
-7.10391e-05
-7.5055e-05
-7.71686e-05
-7.73e-05
-7.54427e-05
-7.16582e-05
-6.60636e-05
-5.88211e-05
-5.01189e-05
-4.01388e-05
-2.90274e-05
-1.69019e-05
-3.90449e-06
9.73321e-06
2.36688e-05
3.74769e-05
5.068e-05
6.27499e-05
7.31116e-05
8.11856e-05
8.64618e-05
8.857e-05
8.7329e-05
8.27783e-05
7.51887e-05
6.5033e-05
5.2912e-05
3.94644e-05
2.53119e-05
1.10473e-05
-2.7727e-06
-1.56436e-05
-2.71125e-05
-3.67697e-05
-4.4278e-05
-4.944e-05
-5.22483e-05
-5.28843e-05
-5.16798e-05
-4.90579e-05
-4.5457e-05
-4.1249e-05
-3.66751e-05
-3.18225e-05
-2.66578e-05
-2.11049e-05
-1.51304e-05
-8.81075e-06
-2.36865e-06
3.84093e-06
9.42113e-06
1.40598e-05
1.76006e-05
2.00246e-05
2.13991e-05
2.18378e-05
2.14496e-05
2.02774e-05
1.82818e-05
1.53942e-05
1.1597e-05
6.98165e-06
1.76873e-06
-3.71812e-06
-9.11926e-06
-1.41122e-05
-1.84555e-05
-2.1995e-05
-2.46418e-05
-2.63338e-05
-2.70023e-05
-2.65632e-05
-2.49399e-05
-2.21076e-05
-1.8138e-05
-1.32241e-05
-7.67858e-06
-1.90763e-06
3.64273e-06
8.55989e-06
1.25274e-05
1.53456e-05
1.69131e-05
1.71964e-05
1.62058e-05
1.39783e-05
1.057e-05
6.07147e-06
6.43974e-07
-5.45332e-06
-1.18729e-05
-1.82239e-05
-2.41262e-05
-2.9255e-05
-3.33702e-05
-3.63281e-05
-3.80692e-05
-3.85898e-05
-3.7915e-05
-3.60878e-05
-3.31822e-05
-2.93362e-05
-2.47875e-05
-1.98871e-05
-1.50755e-05
-1.08243e-05
-7.56354e-06
-5.6163e-06
-5.15834e-06
-6.21237e-06
-8.67718e-06
-1.23703e-05
-1.70551e-05
-2.24506e-05
-2.82507e-05
-3.41563e-05
-3.98886e-05
-4.51676e-05
-4.96862e-05
-5.31081e-05
-5.50877e-05
-5.53011e-05
-5.34881e-05
-4.94979e-05
-4.33178e-05
-3.5081e-05
-2.5064e-05
-1.36732e-05
-1.4132e-06
1.11505e-05
2.3413e-05
3.47496e-05
4.4566e-05
5.23738e-05
5.78369e-05
6.0769e-05
6.11185e-05
5.89739e-05
5.45649e-05
4.82377e-05
4.04218e-05
3.16089e-05
2.23321e-05
1.31286e-05
4.48913e-06
-3.18381e-06
-9.59284e-06
-1.45416e-05
-1.79227e-05
-1.96974e-05
-1.98638e-05
-1.84336e-05
-1.54435e-05
-1.09931e-05
-5.26462e-06
1.48887e-06
8.96762e-06
1.68532e-05
2.48463e-05
3.27048e-05
4.02543e-05
4.73625e-05
5.38981e-05
5.97e-05
6.45738e-05
6.83093e-05
7.07039e-05
7.15824e-05
7.08299e-05
6.84378e-05
6.45275e-05
5.93272e-05
5.31305e-05
4.62659e-05
3.90744e-05
3.18805e-05
2.4976e-05
1.86233e-05
1.30628e-05
8.50823e-06
5.13508e-06
3.07236e-06
2.39421e-06
3.10586e-06
5.13206e-06
8.32362e-06
1.24798e-05
1.73673e-05
2.27289e-05
2.82898e-05
3.37645e-05
3.88543e-05
4.32387e-05
4.65819e-05
4.85663e-05
4.89368e-05
4.75398e-05
4.43596e-05
3.95458e-05
3.34113e-05
2.63806e-05
1.89181e-05
1.14672e-05
4.41028e-06
-1.95883e-06
-7.43805e-06
-1.18874e-05
-1.51886e-05
-1.72348e-05
-1.79599e-05
-1.73746e-05
-1.55828e-05
-1.27798e-05
-9.2347e-06
-5.24593e-06
-1.07759e-06
3.08688e-06
7.14372e-06
1.1028e-05
1.46651e-05
1.7941e-05
2.06964e-05
2.27386e-05
2.38711e-05
2.39397e-05
2.28678e-05
2.06576e-05
1.73689e-05
1.31052e-05
8.00828e-06
2.24736e-06
-3.99306e-06
-1.05063e-05
-1.70422e-05
-2.33026e-05
-2.89718e-05
-3.37623e-05
-3.7451e-05
-3.99015e-05
-4.10745e-05
-4.10249e-05
-3.9883e-05
-3.78293e-05
-3.508e-05
-3.18852e-05
-2.85232e-05
-2.52808e-05
-2.24283e-05
-2.02071e-05
-1.88255e-05
-1.84489e-05
-1.91838e-05
-2.10714e-05
-2.40967e-05
-2.82019e-05
-3.32934e-05
-3.92436e-05
-4.58872e-05
-5.30126e-05
-6.03424e-05
-6.75121e-05
-7.40575e-05
-7.94269e-05
-8.30352e-05
-8.43689e-05
-8.31042e-05
-7.9169e-05
-7.27196e-05
-6.40837e-05
-5.37237e-05
-4.22055e-05
-3.01365e-05
-1.80949e-05
-6.59807e-06
3.89323e-06
1.29745e-05
2.03108e-05
2.56456e-05
2.88008e-05
2.96826e-05
2.82993e-05
2.47737e-05
1.9331e-05
1.22746e-05
3.97228e-06
-5.15417e-06
-1.46525e-05
-2.40687e-05
-3.29619e-05
-4.0912e-05
-4.75378e-05
-5.25167e-05
-5.55951e-05
-5.65962e-05
-5.54335e-05
-5.21253e-05
-4.6793e-05
-3.96384e-05
-3.09125e-05
-2.08871e-05
-9.84479e-06
1.91608e-06
1.91608e-06
1.40685e-05
2.62476e-05
3.80482e-05
4.90261e-05
5.8705e-05
6.66065e-05
7.23096e-05
7.55168e-05
7.60949e-05
7.40847e-05
6.96944e-05
6.32778e-05
5.52896e-05
4.62396e-05
3.6678e-05
2.72015e-05
1.84271e-05
1.09217e-05
5.11934e-06
1.25866e-06
-6.60446e-07
-8.82404e-07
1.76199e-07
2.06482e-06
4.4189e-06
6.99536e-06
9.64739e-06
1.22943e-05
1.48902e-05
1.73735e-05
1.96277e-05
2.15029e-05
2.28782e-05
2.37003e-05
2.39733e-05
2.37313e-05
2.30194e-05
2.18721e-05
2.02768e-05
1.81485e-05
1.53576e-05
1.18075e-05
7.50447e-06
2.57744e-06
-2.7374e-06
-8.12127e-06
-1.32167e-05
-1.76985e-05
-2.1338e-05
-2.40225e-05
-2.57358e-05
-2.65294e-05
-2.65034e-05
-2.57968e-05
-2.45971e-05
-2.31735e-05
-2.19056e-05
-2.12545e-05
-2.16536e-05
-2.33712e-05
-2.64234e-05
-3.05697e-05
-3.53658e-05
-4.02583e-05
-4.47278e-05
-4.84385e-05
-5.1293e-05
-5.33555e-05
-5.47225e-05
-5.54361e-05
-5.54432e-05
-5.4586e-05
-5.26493e-05
-4.94685e-05
-4.50341e-05
-3.95308e-05
-3.33132e-05
-2.68395e-05
-2.05724e-05
-1.48784e-05
-9.9752e-06
-5.94924e-06
-2.8123e-06
-5.57799e-07
8.03375e-07
1.24273e-06
7.64303e-07
-5.15559e-07
-2.31812e-06
-4.22338e-06
-5.74801e-06
-6.43767e-06
-5.94552e-06
-4.08693e-06
-8.55207e-07
3.62088e-06
9.1672e-06
1.56456e-05
2.29709e-05
3.1062e-05
3.9759e-05
4.87351e-05
5.74339e-05
6.50779e-05
7.07807e-05
7.37386e-05
7.34274e-05
6.97178e-05
6.285e-05
5.32883e-05
4.15626e-05
2.81779e-05
1.35828e-05
-1.83263e-06
-1.76834e-05
-3.34817e-05
-4.85561e-05
-6.20831e-05
-7.32228e-05
-8.12848e-05
-8.58567e-05
-8.68514e-05
-8.44711e-05
-7.91167e-05
-7.12796e-05
-6.14501e-05
-5.0073e-05
-3.75628e-05
-2.4357e-05
-1.09694e-05
1.98617e-06
1.3824e-05
2.38696e-05
3.15722e-05
3.6604e-05
3.89087e-05
3.86864e-05
3.632e-05
3.22735e-05
2.70012e-05
2.09e-05
1.43063e-05
7.5203e-06
8.44685e-07
-5.38322e-06
-1.07945e-05
-1.50436e-05
-1.78813e-05
-1.91902e-05
-1.89701e-05
-1.73077e-05
-1.43492e-05
-1.02684e-05
-5.22443e-06
6.61837e-07
7.29238e-06
1.45546e-05
2.22919e-05
3.02914e-05
3.82859e-05
4.59723e-05
5.305e-05
5.92673e-05
6.44513e-05
6.85033e-05
7.13673e-05
7.3002e-05
7.33722e-05
7.24558e-05
7.02607e-05
6.68545e-05
6.23936e-05
5.71329e-05
5.14043e-05
4.55712e-05
3.99755e-05
3.48958e-05
3.05238e-05
2.69591e-05
2.42256e-05
2.23069e-05
2.11802e-05
2.08283e-05
2.12343e-05
2.23692e-05
2.41754e-05
2.6543e-05
2.92995e-05
3.22265e-05
3.50968e-05
3.77008e-05
3.98573e-05
4.1419e-05
4.22763e-05
4.23544e-05
4.16069e-05
4.00135e-05
3.75837e-05
3.43618e-05
3.04332e-05
2.59284e-05
2.10183e-05
1.59021e-05
1.0793e-05
5.90296e-06
1.42726e-06
-2.46858e-06
-5.65667e-06
-8.04876e-06
-9.59473e-06
-1.02808e-05
-1.0128e-05
-9.19091e-06
-7.55533e-06
-5.33756e-06
-2.6812e-06
2.53377e-07
3.30715e-06
6.34279e-06
9.26098e-06
1.20062e-05
1.45563e-05
1.68996e-05
1.90145e-05
2.08617e-05
2.23808e-05
2.34859e-05
2.40642e-05
2.39852e-05
2.31146e-05
2.13294e-05
1.8542e-05
1.47364e-05
9.99378e-06
4.48094e-06
-1.59148e-06
-8.00252e-06
-1.45318e-05
-2.09681e-05
-2.71238e-05
-3.28315e-05
-3.79104e-05
-4.21337e-05
-4.5229e-05
-4.69159e-05
-4.69674e-05
-4.5272e-05
-4.18654e-05
-3.69166e-05
-3.06878e-05
-2.34868e-05
-1.5618e-05
-7.33698e-06
1.16571e-06
9.73758e-06
1.8213e-05
2.63692e-05
3.39098e-05
4.04847e-05
4.57442e-05
4.94085e-05
5.1327e-05
5.15182e-05
5.01863e-05
4.76992e-05
4.45257e-05
4.1155e-05
3.80296e-05
3.54941e-05
3.37644e-05
3.29354e-05
3.30068e-05
3.38773e-05
3.53073e-05
3.69262e-05
3.83203e-05
3.91359e-05
3.91202e-05
3.81199e-05
3.60874e-05
3.30844e-05
2.924e-05
2.46764e-05
1.94643e-05
1.36345e-05
7.21815e-06
2.84091e-07
-7.02412e-06
-1.4457e-05
-2.16635e-05
-2.82481e-05
-3.38533e-05
-3.8228e-05
-4.12703e-05
-4.3042e-05
-4.3745e-05
-4.36608e-05
-4.30814e-05
-4.22461e-05
-4.12907e-05
-4.02289e-05
-3.8988e-05
-3.74782e-05
-3.56567e-05
-3.35698e-05
-3.13675e-05
-2.92749e-05
-2.75182e-05
-2.62581e-05
-2.55738e-05
-2.54771e-05
-2.5924e-05
-2.68308e-05
-2.81118e-05
-2.97105e-05
-3.15914e-05
-3.37078e-05
-3.59725e-05
-3.82459e-05
-4.03424e-05
-4.20616e-05
-4.32352e-05
-4.32352e-05
-4.37634e-05
-4.36255e-05
-4.28679e-05
-4.15821e-05
-3.98842e-05
-3.78986e-05
-3.57447e-05
-3.35298e-05
-3.13536e-05
-2.93212e-05
-2.75586e-05
-2.62093e-05
-2.53983e-05
-2.51752e-05
-2.54918e-05
-2.62448e-05
-2.73342e-05
-2.86596e-05
-3.00759e-05
-3.13984e-05
-3.24626e-05
-3.31585e-05
-3.34144e-05
-3.3188e-05
-3.24836e-05
-3.13537e-05
-2.98829e-05
-2.81783e-05
-2.63633e-05
-2.45524e-05
-2.28234e-05
-2.1215e-05
-1.97509e-05
-1.8466e-05
-1.74095e-05
-1.66294e-05
-1.61626e-05
-1.60354e-05
-1.62559e-05
-1.67928e-05
-1.75626e-05
-1.84394e-05
-1.92764e-05
-1.9933e-05
-2.03017e-05
-2.0321e-05
-1.99655e-05
-1.92286e-05
-1.81114e-05
-1.66152e-05
-1.47308e-05
-1.24399e-05
-9.73182e-06
-6.62234e-06
-3.16497e-06
5.48851e-07
4.39948e-06
8.25766e-06
1.20032e-05
1.55322e-05
1.87484e-05
2.15433e-05
2.37769e-05
2.5272e-05
2.58281e-05
2.52602e-05
2.34561e-05
2.04246e-05
1.63035e-05
1.13236e-05
5.76555e-06
-6.11145e-08
-5.82444e-06
-1.11799e-05
-1.57854e-05
-1.93167e-05
-2.14897e-05
-2.20997e-05
-2.10709e-05
-1.84904e-05
-1.46025e-05
-9.76124e-06
-4.36513e-06
1.20394e-06
6.63178e-06
1.16999e-05
1.62684e-05
2.0222e-05
2.3429e-05
2.57398e-05
2.70101e-05
2.713e-05
2.60647e-05
2.3898e-05
2.08421e-05
1.71964e-05
1.3281e-05
9.37948e-06
5.70945e-06
2.41789e-06
-4.0592e-07
-2.71579e-06
-4.49902e-06
-5.77061e-06
-6.57185e-06
-6.97394e-06
-7.07896e-06
-7.00843e-06
-6.88053e-06
-6.78881e-06
-6.79518e-06
-6.93288e-06
-7.20206e-06
-7.55721e-06
-7.90924e-06
-8.15186e-06
-8.19088e-06
-7.95962e-06
-7.43116e-06
-6.6353e-06
-5.66565e-06
-4.66248e-06
-3.77744e-06
-3.13845e-06
-2.82839e-06
-2.87861e-06
-3.27143e-06
-3.95091e-06
-4.84208e-06
-5.8663e-06
-6.94081e-06
-7.97307e-06
-8.86963e-06
-9.55681e-06
-9.99518e-06
-1.01853e-05
-1.01772e-05
-1.00792e-05
-1.00438e-05
-1.02243e-05
-1.07269e-05
-1.15894e-05
-1.27792e-05
-1.41939e-05
-1.56696e-05
-1.70135e-05
-1.80522e-05
-1.86648e-05
-1.87875e-05
-1.84066e-05
-1.75528e-05
-1.62881e-05
-1.4677e-05
-1.2763e-05
-1.05743e-05
-8.14759e-06
-5.53995e-06
-2.8289e-06
-1.18032e-07
2.4587e-06
4.75355e-06
6.63646e-06
8.02033e-06
8.87771e-06
9.25842e-06
9.30466e-06
9.25054e-06
9.39567e-06
1.0048e-05
1.14496e-05
1.37206e-05
1.6845e-05
2.06787e-05
2.49585e-05
2.93339e-05
3.34471e-05
3.70241e-05
3.99117e-05
4.20543e-05
4.34591e-05
4.41733e-05
4.42535e-05
4.37282e-05
4.25913e-05
4.0837e-05
3.84948e-05
3.56366e-05
3.23666e-05
2.88074e-05
2.5071e-05
2.12203e-05
1.72596e-05
1.31738e-05
8.98258e-06
4.76566e-06
6.59173e-07
-3.15405e-06
-6.45359e-06
-9.00694e-06
-1.06171e-05
-1.11685e-05
-1.06424e-05
-9.10202e-06
-6.67089e-06
-3.5134e-06
1.87205e-07
4.24996e-06
8.49618e-06
1.27237e-05
1.66808e-05
2.0067e-05
2.25655e-05
2.38878e-05
2.38167e-05
2.22401e-05
1.91699e-05
1.47381e-05
9.17052e-06
2.75023e-06
-4.20197e-06
-1.13235e-05
-1.82041e-05
-2.44071e-05
-2.9517e-05
-3.31879e-05
-3.51734e-05
-3.53437e-05
-3.37015e-05
-3.03895e-05
-2.56732e-05
-1.98946e-05
-1.34209e-05
-6.60687e-06
2.24211e-07
6.78749e-06
1.28319e-05
1.81235e-05
2.24329e-05
2.55473e-05
2.72989e-05
2.7585e-05
2.63771e-05
2.37336e-05
1.98082e-05
1.48362e-05
9.10533e-06
2.93313e-06
-3.34892e-06
-9.41729e-06
-1.49771e-05
-1.97694e-05
-2.35725e-05
-2.62089e-05
-2.75579e-05
-2.75614e-05
-2.62229e-05
-2.36077e-05
-1.98458e-05
-1.51298e-05
-9.70039e-06
-3.82832e-06
2.20075e-06
8.10187e-06
1.36097e-05
1.84964e-05
2.25844e-05
2.57557e-05
2.79567e-05
2.91974e-05
2.954e-05
2.90765e-05
2.79072e-05
2.61365e-05
2.38855e-05
2.12993e-05
1.85391e-05
1.57733e-05
1.31741e-05
1.09027e-05
9.0744e-06
7.72516e-06
6.79895e-06
6.16416e-06
5.65692e-06
5.13374e-06
4.50543e-06
3.74067e-06
2.85232e-06
1.87682e-06
8.47282e-07
-2.30421e-07
-1.37999e-06
-2.62649e-06
-3.94719e-06
-5.22576e-06
-6.23919e-06
-6.69165e-06
-6.28287e-06
-4.7846e-06
-2.10444e-06
1.67975e-06
6.32921e-06
1.14908e-05
1.67428e-05
2.16105e-05
2.55772e-05
2.81415e-05
2.89122e-05
2.76677e-05
2.43496e-05
1.90495e-05
1.20459e-05
3.85772e-06
-4.75525e-06
-1.28618e-05
-1.94667e-05
-2.36428e-05
-2.46861e-05
-2.22542e-05
-1.64181e-05
-7.60076e-06
3.51677e-06
3.51677e-06
1.60213e-05
2.8769e-05
4.05121e-05
5.01612e-05
5.6999e-05
6.07236e-05
6.14054e-05
5.94383e-05
5.54149e-05
4.98936e-05
4.32001e-05
3.53885e-05
2.63035e-05
1.56474e-05
3.09447e-06
-1.15017e-05
-2.79167e-05
-4.55164e-05
-6.33264e-05
-8.00782e-05
-9.42495e-05
-0.000104232
-0.00010863
-0.000106529
-9.76296e-05
-8.23174e-05
-6.17169e-05
-3.75948e-05
-1.20298e-05
1.2992e-05
3.58206e-05
5.52233e-05
7.04375e-05
8.11548e-05
8.73183e-05
8.88711e-05
8.57366e-05
7.80281e-05
6.62212e-05
5.11694e-05
3.40574e-05
1.63126e-05
-6.14969e-07
-1.55682e-05
-2.79131e-05
-3.75747e-05
-4.49004e-05
-5.04179e-05
-5.45604e-05
-5.74378e-05
-5.87281e-05
-5.77603e-05
-5.38041e-05
-4.64315e-05
-3.57354e-05
-2.23471e-05
-7.34422e-06
7.91786e-06
2.20979e-05
3.41861e-05
4.36356e-05
5.02799e-05
5.41952e-05
5.55813e-05
5.46185e-05
5.13528e-05
4.57358e-05
3.77813e-05
2.76773e-05
1.58003e-05
2.70414e-06
-1.09073e-05
-2.42764e-05
-3.6722e-05
-4.76982e-05
-5.67633e-05
-6.35376e-05
-6.76919e-05
-6.89482e-05
-6.70979e-05
-6.20685e-05
-5.40042e-05
-4.32881e-05
-3.04936e-05
-1.63223e-05
-1.55675e-06
1.29892e-05
2.65223e-05
3.82958e-05
4.76204e-05
5.39001e-05
5.67064e-05
5.58647e-05
5.151e-05
4.4082e-05
3.42552e-05
2.28326e-05
1.06309e-05
-1.62911e-06
-1.33936e-05
-2.4259e-05
-3.38872e-05
-4.19471e-05
-4.81232e-05
-5.21462e-05
-5.38172e-05
-5.30492e-05
-4.99208e-05
-4.4683e-05
-3.77084e-05
-2.94226e-05
-2.0253e-05
-1.05958e-05
-8.06437e-07
8.78306e-06
1.78314e-05
2.59664e-05
3.27951e-05
3.7949e-05
4.11388e-05
4.21942e-05
4.1082e-05
3.79102e-05
3.29117e-05
2.64e-05
1.87213e-05
1.02261e-05
1.26394e-06
-7.81388e-06
-1.66497e-05
-2.48774e-05
-3.21322e-05
-3.80776e-05
-4.24367e-05
-4.50139e-05
-4.57052e-05
-4.4501e-05
-4.14778e-05
-3.6781e-05
-3.06126e-05
-2.32325e-05
-1.49616e-05
-6.1688e-06
2.75102e-06
1.13936e-05
1.93587e-05
2.62721e-05
3.18122e-05
3.57286e-05
3.78464e-05
3.80715e-05
3.63982e-05
3.29151e-05
2.78027e-05
2.13253e-05
1.38184e-05
5.67198e-06
-2.68828e-06
-1.08234e-05
-1.83134e-05
-2.4791e-05
-2.99633e-05
-3.36203e-05
-3.56398e-05
-3.59897e-05
-3.47202e-05
-3.19458e-05
-2.78302e-05
-2.25803e-05
-1.64421e-05
-9.6931e-06
-2.63193e-06
4.43124e-06
1.11853e-05
1.73332e-05
2.26071e-05
2.67801e-05
2.96747e-05
3.11719e-05
3.12186e-05
2.98326e-05
2.71025e-05
2.31794e-05
1.82667e-05
1.26092e-05
6.48197e-06
1.74611e-07
-6.02424e-06
-1.18388e-05
-1.7018e-05
-2.13471e-05
-2.46513e-05
-2.67991e-05
-2.77098e-05
-2.73625e-05
-2.57962e-05
-2.31064e-05
-1.94395e-05
-1.49852e-05
-9.96382e-06
-4.61567e-06
8.08743e-07
6.06248e-06
1.09164e-05
1.5167e-05
1.86403e-05
2.11957e-05
2.27325e-05
2.31937e-05
2.25722e-05
2.0914e-05
1.83161e-05
1.49185e-05
1.08966e-05
6.4535e-06
1.80661e-06
-2.82491e-06
-7.22938e-06
-1.12103e-05
-1.45958e-05
-1.7245e-05
-1.90502e-05
-1.99409e-05
-1.98897e-05
-1.89147e-05
-1.70764e-05
-1.44734e-05
-1.12405e-05
-7.54191e-06
-3.55969e-06
5.17661e-07
4.50449e-06
8.22582e-06
1.15223e-05
1.42532e-05
1.63023e-05
1.75868e-05
1.80624e-05
1.77211e-05
1.65904e-05
1.47359e-05
1.22579e-05
9.28293e-06
5.95666e-06
2.43824e-06
-1.10723e-06
-4.51869e-06
-7.64562e-06
-1.03511e-05
-1.25167e-05
-1.40509e-05
-1.48945e-05
-1.50223e-05
-1.44411e-05
-1.31899e-05
-1.1338e-05
-8.98178e-06
-6.23924e-06
-3.2427e-06
-1.32279e-07
2.95035e-06
5.86697e-06
8.48725e-06
1.06956e-05
1.23992e-05
1.35316e-05
1.40516e-05
1.39447e-05
1.32274e-05
1.19452e-05
1.0168e-05
7.9872e-06
5.51141e-06
2.85828e-06
1.49778e-07
-2.48907e-06
-4.93689e-06
-7.08642e-06
-8.84737e-06
-1.01446e-05
-1.09229e-05
-1.11561e-05
-1.08475e-05
-1.00233e-05
-8.72887e-06
-7.02882e-06
-5.00693e-06
-2.76243e-06
-4.04188e-07
1.95648e-06
4.21268e-06
6.26594e-06
8.02817e-06
9.42481e-06
1.03989e-05
1.09131e-05
1.09503e-05
1.05155e-05
9.63775e-06
8.36702e-06
6.76902e-06
4.92261e-06
2.91777e-06
8.50476e-07
-1.18339e-06
-3.09173e-06
-4.78978e-06
-6.20521e-06
-7.28145e-06
-7.97716e-06
-8.26565e-06
-8.13808e-06
-7.60686e-06
-6.70465e-06
-5.48017e-06
-3.99532e-06
-2.32326e-06
-5.44741e-07
1.25678e-06
2.99902e-06
4.60416e-06
6.00235e-06
6.00235e-06
7.13459e-06
7.95435e-06
8.42916e-06
8.54255e-06
8.29536e-06
7.70571e-06
7.70571e-06
