8.42876e-12
-1.03202e-10
-2.50637e-09
-1.90424e-08
-8.6468e-08
-2.75951e-07
-6.60366e-07
-1.22587e-06
-1.81327e-06
-2.207e-06
-2.31648e-06
-2.23384e-06
-2.10151e-06
-1.9823e-06
-1.87538e-06
-1.7812e-06
-1.70019e-06
-1.60703e-06
-1.46181e-06
-1.23676e-06
-9.34944e-07
-6.05572e-07
-3.39846e-07
-2.29774e-07
-3.16148e-07
-5.72192e-07
-9.35848e-07
-1.35621e-06
-1.81284e-06
-2.30661e-06
-2.84804e-06
-3.4531e-06
-4.13669e-06
-4.89972e-06
-5.71719e-06
-6.53722e-06
-7.29467e-06
-7.93297e-06
-8.42254e-06
-8.76475e-06
-8.97877e-06
-9.08139e-06
-9.07456e-06
-8.94545e-06
-8.6735e-06
-8.23783e-06
-7.62276e-06
-6.82297e-06
-5.84941e-06
-4.73167e-06
-3.50916e-06
-2.21458e-06
-8.62204e-07
5.51079e-07
2.03533e-06
3.5953e-06
5.2238e-06
6.90355e-06
8.61238e-06
1.03263e-05
1.2022e-05
1.36825e-05
1.53042e-05
1.68994e-05
1.8491e-05
2.01028e-05
2.17478e-05
2.3425e-05
2.51221e-05
2.68207e-05
2.84974e-05
3.01185e-05
3.1635e-05
3.2983e-05
3.40906e-05
3.48862e-05
3.5306e-05
3.53016e-05
3.48472e-05
3.39388e-05
3.25849e-05
3.07907e-05
2.85471e-05
2.58299e-05
2.26092e-05
1.88624e-05
1.4589e-05
9.82197e-06
4.63165e-06
-8.81898e-07
-6.60691e-06
-1.24443e-05
-1.83308e-05
-2.42492e-05
-3.02176e-05
-3.62652e-05
-4.24056e-05
-4.86173e-05
-5.48363e-05
-6.09611e-05
-6.68655e-05
-7.24181e-05
-7.75055e-05
-8.20499e-05
-8.6009e-05
-8.93609e-05
-9.20907e-05
-9.419e-05
-9.56605e-05
-9.65096e-05
-9.67368e-05
-9.63191e-05
-9.52018e-05
-9.32989e-05
-9.05081e-05
-8.67436e-05
-8.1976e-05
-7.62627e-05
-6.97559e-05
-6.26785e-05
-5.52708e-05
-4.77262e-05
-4.01492e-05
-3.25527e-05
-2.48763e-05
-1.70054e-05
-8.7867e-06
-4.70436e-08
9.38785e-06
1.9679e-05
3.09617e-05
4.33226e-05
5.67673e-05
7.12052e-05
8.64682e-05
0.000102342
0.000118574
0.000134856
0.000150796
0.000165912
0.000179629
0.000191302
0.000200262
0.000205885
0.000207668
0.000205302
0.000198703
0.000187984
0.000173349
0.000154936
0.000132633
0.000106012
7.44522e-05
3.74558e-05
-4.92691e-06
-5.17016e-05
-0.000100728
-0.000148919
-0.000192859
-0.00022954
-0.000256892
-0.000274009
-0.000281132
-0.000279366
-0.000270116
-0.000254561
-0.000233463
-0.000207314
-0.000176592
-0.000141997
-0.000104642
-6.60715e-05
-2.80265e-05
7.95017e-06
4.08309e-05
7.02308e-05
9.63663e-05
0.000119879
0.000141562
0.00016208
0.000181823
0.000200882
0.000219075
0.000235888
0.000250395
0.000261325
0.000267415
0.00026791
0.000262916
0.000253505
0.00024169
0.000230302
0.000222552
0.000221276
0.000228226
0.000243825
0.000267402
0.00029768
0.000333352
0.000373592
0.000418272
0.000467643
0.000521502
0.000577979
0.000632243
0.000675652
0.000696118
0.000680074
0.000615807
0.00049742
0.000328141
0.000121006
-0.0001042
-0.000326224
-0.000527068
-0.000694857
-0.000825041
-0.000919543
-0.000983448
-0.00102097
-0.00103344
-0.00101975
-0.000978006
-0.000907379
-0.000810048
-0.000692391
-0.000564214
-0.000436258
-0.000317541
-0.000213725
-0.000126744
-5.56149e-05
1.7502e-06
4.649e-05
7.76028e-05
9.22988e-05
8.7615e-05
6.23694e-05
1.85375e-05
-3.84607e-05
-0.000100637
-0.000159166
-0.000206314
-0.000236769
-0.000247938
-0.00023931
-0.000211337
-0.000164302
-9.76806e-05
-1.03225e-05
9.85913e-05
0.000228356
0.000375949
0.000535993
0.000701457
0.000864813
0.0010192
0.00115916
0.0012807
0.00138089
0.0014573
0.00150771
0.00153029
0.00152406
0.00148938
0.00142812
0.00134297
0.00123633
0.00110903
0.000959023
0.000780204
0.000561398
0.000286888
-5.93455e-05
-0.000484472
-0.000975833
-0.00149562
-0.00198735
-0.00239204
-0.00266442
-0.00278167
-0.00274483
-0.00257544
-0.00230754
-0.00197528
-0.00160229
-0.00119869
-0.000765698
-0.000303064
0.000183561
0.000677584
0.00115171
0.00157426
0.00191783
0.00216533
0.00231181
0.00236295
0.00233136
0.00223113
0.00207217
0.00185614
0.00157511
0.00121396
0.000758083
0.000205869
-0.000418866
-0.00106294
-0.00165438
-0.00212389
-0.00242507
-0.00254338
-0.00249392
-0.00231301
-0.00204521
-0.00172743
-0.00137762
-0.000995588
-0.000574668
-0.000115968
0.000361906
0.000821238
0.00121309
0.00121309
0.00149207
0.00163026
0.00162242
0.00148119
0.00122738
0.000881968
0.000462069
-1.92151e-05
-0.000548878
-0.00110679
-0.00165909
-0.00215751
-0.00254677
-0.00277702
-0.00281631
-0.00265877
-0.00232568
-0.00185885
-0.00130923
-0.000725379
-0.000145869
0.000403127
0.000905427
0.00134914
0.00172054
0.00200111
0.00216992
0.00221002
0.002115
0.00189273
0.00156498
0.00116379
0.000725635
0.000284947
-0.000130953
-0.000503688
-0.000822402
-0.00108063
-0.00127337
-0.00139542
-0.00144132
-0.00140718
-0.00129355
-0.00110751
-0.000862519
-0.000576243
-0.000267532
4.61152e-05
0.000349787
0.000630418
0.000874579
0.00106677
0.00119026
0.00123078
0.00118145
0.0010466
0.000842231
0.000592348
0.00032265
5.49377e-05
-0.000195786
-0.000421673
-0.000620517
-0.000792411
-0.000935523
-0.00104345
-0.00110594
-0.00111227
-0.0010553
-0.000935119
-0.000761276
-0.000553329
-0.000338646
-0.000146977
-2.26598e-06
8.5194e-05
0.000121558
0.000125261
0.000118804
0.000120809
0.000140708
0.000177288
0.000221961
0.000265107
0.000301535
0.000332446
0.000363739
0.000400705
0.000439675
0.000460716
0.000428658
0.000306686
7.71593e-05
-0.000243867
-0.000608694
-0.000953989
-0.00121981
-0.00136452
-0.00137405
-0.0012629
-0.00106464
-0.000817084
-0.000551787
-0.000291341
-5.03664e-05
0.00016293
0.000344464
0.000491882
0.000604227
0.000683358
0.000734079
0.000761976
0.000771578
0.000766397
0.000748917
0.000719284
0.000675059
0.000613976
0.000537542
0.000452046
0.000366371
0.000288484
0.00022246
0.000167408
0.000118999
7.28682e-05
2.76851e-05
-1.38819e-05
-4.63418e-05
-6.35044e-05
-6.05225e-05
-3.54022e-05
1.02667e-05
7.17092e-05
0.000142674
0.00021787
0.000294755
0.000373542
0.000455377
0.000539667
0.000621833
0.00069259
0.00073925
0.000748627
0.000710493
0.000620616
0.000482639
0.00030807
0.000114008
-8.0519e-05
-0.000258025
-0.000405013
-0.000513323
-0.000579882
-0.00060454
-0.000587276
-0.000526871
-0.000421538
-0.000270362
-7.46011e-05
0.000161246
0.000428788
0.000715847
0.00100698
0.00128363
0.00152412
0.00170461
0.00180203
0.00179905
0.00168965
0.00148296
0.00120207
0.000877487
0.000538485
0.000206717
-0.000106733
-0.000401181
-0.00068234
-0.000954706
-0.0012143
-0.00144638
-0.00162877
-0.00173839
-0.00175847
-0.00168411
-0.0015235
-0.00129441
-0.00101828
-0.000714764
-0.000398344
-7.73907e-05
0.000243947
0.000561799
0.000868834
0.00115301
0.00139929
0.00159334
0.0017254
0.00179286
0.0018004
0.0017575
0.00167482
0.00156116
0.00142213
0.00126075
0.00107954
0.000882867
0.000678094
0.000474079
0.000277159
8.64359e-05
-0.0001081
-0.000321263
-0.00056263
-0.000826416
-0.00108783
-0.00130809
-0.00144595
-0.00147193
-0.00137987
-0.00119011
-0.00094315
-0.000687982
-0.000469504
-0.000317196
-0.00023852
-0.00022113
-0.000242459
-0.00027999
-0.000317667
-0.000348817
-0.00037596
-0.00040638
-0.000444963
-0.000489306
-0.000530151
-0.000555304
-0.000553796
-0.000519068
-0.000450818
-0.000354486
-0.000238124
-0.000108487
3.14098e-05
0.000182537
0.000348293
0.000531363
0.000729374
0.000930876
0.00111395
0.00124918
0.00130699
0.00126792
0.00113174
0.000920698
0.00067306
0.000429382
0.000219309
5.52808e-05
-6.67802e-05
-0.000162677
-0.000251945
-0.000347721
-0.000449082
-0.000540372
-0.000596928
-0.000593427
-0.000512453
-0.000352218
-0.000131658
0.000109474
0.000317445
0.00043873
0.000437746
0.000309584
8.0781e-05
-0.000201177
-0.00048386
-0.000726019
-0.000908695
-0.00103644
-0.00112926
-0.00121217
-0.00130757
-0.0014296
-0.00157908
-0.00174131
-0.00188894
-0.00198795
-0.00200444
-0.00191151
-0.00169596
-0.00136213
-0.000930935
-0.000435238
8.56223e-05
0.00059157
0.00104819
0.00143194
0.0017312
0.00194301
0.00206793
0.00210561
0.00205198
0.00189899
0.00163783
0.0012649
0.000788093
0.000230532
-0.000370494
-0.00096956
-0.00152178
-0.00199025
-0.00234987
-0.00258747
-0.00269908
-0.00268545
-0.00254806
-0.00228789
-0.0019076
-0.0014159
-0.000832469
-0.000832469
-0.000191413
0.000459607
0.0010668
0.00158316
0.00198106
0.00225684
0.00242509
0.0025071
0.00252079
0.00247517
0.0023689
0.00219363
0.00194193
0.001616
0.00123215
0.000819234
0.000412718
4.64122e-05
-0.00025587
-0.00048535
-0.000647632
-0.000757282
-0.000830763
-0.000880522
-0.000911986
-0.00092418
-0.000913039
-0.000875207
-0.000810635
-0.000723621
-0.000622312
-0.000516487
-0.000414429
-0.000320828
-0.000236932
-0.000162127
-9.54387e-05
-3.65139e-05
1.38915e-05
5.43342e-05
8.41648e-05
0.000105008
0.000120903
0.000136796
0.000155953
0.000177277
0.000193948
0.000194694
0.000167489
0.000103982
3.03696e-06
-0.000127329
-0.00027039
-0.000404372
-0.000508474
-0.000568286
-0.000578286
-0.000541564
-0.000467981
-0.000371088
-0.000264286
-0.000158003
-5.92302e-05
2.75565e-05
9.97128e-05
0.000155937
0.000195229
0.000215936
0.000215968
0.000193667
0.000148089
7.89392e-05
-1.2849e-05
-0.000124174
-0.000249568
-0.000381774
-0.000512257
-0.000631554
-0.000729882
-0.000797907
-0.000827262
-0.000810982
-0.00074426
-0.000625316
-0.000455961
-0.000241935
6.78902e-06
0.00027631
0.000550493
0.000813609
0.00105246
0.00125742
0.00142304
0.00154853
0.00163712
0.00169375
0.00172209
0.00172257
0.00169191
0.0016234
0.00150817
0.00133808
0.0011094
0.000825637
0.000498015
0.000143933
-0.000215993
-0.000561752
-0.000877385
-0.0011523
-0.00138024
-0.00155739
-0.00168116
-0.00174961
-0.00176169
-0.00171825
-0.00162342
-0.0014848
-0.00131182
-0.00111347
-0.000896877
-0.000666916
-0.000426314
-0.000176674
7.93197e-05
0.000335581
0.000581975
0.000805636
0.00099317
0.00113305
0.00121806
0.0012471
0.00122492
0.00116014
0.00106261
0.000941483
0.000804046
0.000655517
0.00049993
0.000341586
0.000185822
3.85103e-05
-9.50996e-05
-0.000211355
-0.000308685
-0.000387517
-0.000449387
-0.00049531
-0.000524371
-0.000533685
-0.000519963
-0.00048168
-0.000420694
-0.000342793
-0.000257059
-0.000173977
-0.000102826
-4.95199e-05
-1.57462e-05
5.76805e-07
3.8156e-06
-1.72449e-06
-1.42871e-05
-3.58702e-05
-7.11372e-05
-0.000124402
-0.000196202
-0.000281269
-0.000369077
-0.000446672
-0.000502223
-0.000527735
-0.000520287
-0.000481653
-0.000416432
-0.000329414
-0.000223466
-9.89105e-05
4.5484e-05
0.000210416
0.00039387
0.000589978
0.000789516
0.000981693
0.00115639
0.00130606
0.0014268
0.00151826
0.001582
0.00161893
0.00162655
0.00159761
0.0015212
0.00138622
0.00118591
0.000922229
0.000608246
0.000267185
-7.24894e-05
-0.000383634
-0.00064553
-0.000846365
-0.00098365
-0.0010626
-0.00109245
-0.00108245
-0.00103992
-0.000970296
-0.000877859
-0.000766544
-0.000641188
-0.000508236
-0.000374714
-0.000246349
-0.000126924
-1.91329e-05
7.4573e-05
0.000151841
0.00021021
0.000246668
0.000257964
0.00024197
0.000198966
0.000131744
4.46049e-05
-5.7972e-05
-0.000172283
-0.000295577
-0.000425336
-0.000557885
-0.00068692
-0.000802718
-0.000892844
-0.00094456
-0.000948034
-0.000898793
-0.000798436
-0.000653586
-0.000473645
-0.000268122
-4.46055e-05
0.00019167
0.000436692
0.00068585
0.000932378
0.00116669
0.00137697
0.00155092
0.00167787
0.00175025
0.00176404
0.00171835
0.00161459
0.00145575
0.00124624
0.000992596
0.0007046
0.000395838
8.29372e-05
-0.000216368
-0.000485731
-0.000712837
-0.000891591
-0.0010227
-0.00111191
-0.00116682
-0.0011938
-0.00119602
-0.00117282
-0.00112102
-0.0010378
-0.000923575
-0.000782925
-0.000623888
-0.000456619
-0.000291785
-0.000138477
-2.40924e-06
0.000114316
0.000211864
0.000290891
0.000351326
0.000391965
0.000410876
0.000406407
0.000378144
0.000327261
0.000256294
0.000168736
6.86816e-05
-3.94024e-05
-0.000150576
-0.000258954
-0.000357397
-0.000438059
-0.000493941
-0.000520913
-0.000519436
-0.000494959
-0.00045622
-0.000412107
-0.0003691
-0.000330715
-0.00029843
-0.000272769
-0.000254046
-0.000242864
-0.000240245
-0.000247252
-0.00026433
-0.00029081
-0.000324654
-0.000362464
-0.00039996
-0.000432992
-0.000458556
-0.000475069
-0.00048181
-0.000478061
-0.000462412
-0.000432301
-0.000383853
-0.000383853
-0.000312403
-0.000214081
-8.82164e-05
6.03465e-05
0.000220297
0.00037525
0.000507562
0.0006032
0.000655351
0.000665432
0.000641805
0.000596984
0.000543639
0.000490423
0.00043978
0.000389001
0.000333449
0.000269849
0.000198498
0.00012399
5.41155e-05
-2.81407e-06
-4.08403e-05
-5.7959e-05
-5.60855e-05
-3.98773e-05
-1.49438e-05
1.40359e-05
4.45195e-05
7.60683e-05
0.000109318
0.000144736
0.000181788
0.000218743
0.000253145
0.00028272
0.000306217
0.000323768
0.000336753
0.000347232
0.00035702
0.000366696
0.000375088
0.000379581
0.000377102
0.000365259
0.000343161
0.000311713
0.00027335
0.000231262
0.000188356
0.000146463
0.000106193
6.73781e-05
2.96883e-05
-6.86974e-06
-4.16983e-05
-7.36436e-05
-0.000101241
-0.00012294
-0.000137195
-0.000142534
-0.00013781
-0.0001227
-9.85452e-05
-6.97845e-05
-4.54882e-05
-3.94054e-05
-6.69878e-05
-0.000139962
-0.000261095
-0.000421792
-0.000603637
-0.000783379
-0.000939337
-0.00105634
-0.00112754
-0.00115376
-0.00114123
-0.00109793
-0.00102936
-0.000935992
-0.00081442
-0.000660956
-0.00047519
-0.000261957
-3.13636e-05
0.000203099
0.000427721
0.000631493
0.000807426
0.00095211
0.00106412
0.0011419
0.00118208
0.00117924
0.001128
0.00102613
0.000877195
0.000691222
0.000483522
0.000271821
7.23413e-05
-0.000103789
-0.00025208
-0.000373481
-0.000471255
-0.000547273
-0.000599116
-0.00061943
-0.000598266
-0.000527232
-0.000403163
-0.000229825
-1.75138e-05
0.000219181
0.000464802
0.000705887
0.000931076
0.00112785
0.00127799
0.00135556
0.00133083
0.00118024
0.000898241
0.000504593
4.21134e-05
-0.000435067
-0.000877069
-0.0012504
-0.00154309
-0.00176316
-0.00193117
-0.00206749
-0.00217928
-0.00225471
-0.0022678
-0.00219032
-0.00200469
-0.00171282
-0.0013372
-0.000913422
-0.000477898
-5.72062e-05
0.000336558
0.000704184
0.00105333
0.0013906
0.00171484
0.00201443
0.00226951
0.0024577
0.00256001
0.00256424
0.00246548
0.00226578
0.00197478
0.00161025
0.00119607
0.000757737
0.000318753
-0.000100877
-0.000485113
-0.000822209
-0.00110418
-0.0013256
-0.0014831
-0.00157545
-0.00160322
-0.00156843
-0.00147501
-0.00132979
-0.00114209
-0.000922207
-0.000679895
-0.00042415
-0.000163521
9.35967e-05
0.000338633
0.000562461
0.000755559
0.000909269
0.00101777
0.00107971
0.00109869
0.00108207
0.00103804
0.000971029
0.000877383
0.000744304
0.000554593
0.000296662
-2.49493e-05
-0.000385515
-0.000745924
-0.00106446
-0.00130743
-0.0014554
-0.00150563
-0.00147012
-0.00136834
-0.00121778
-0.00102794
-0.000800885
-0.000536867
-0.000242282
6.40852e-05
0.000350744
0.00058102
0.000725384
0.000772184
0.000731035
0.000627544
0.000492906
0.000353493
0.000223731
0.000103864
-1.61753e-05
-0.000147719
-0.000293727
-0.000443815
-0.000575788
-0.000662289
-0.000679926
-0.000617425
-0.000479075
-0.000282013
-4.95224e-05
0.000195985
0.000437773
0.000666301
0.000877265
0.00106731
0.00122999
0.00135444
0.00142751
0.0014377
0.0013792
0.00125407
0.0010716
0.000845107
0.000588453
0.000314346
3.4835e-05
-0.000237397
-0.000488167
-0.00070195
-0.000863141
-0.000958162
-0.00097814
-0.000921848
-0.000797934
-0.000624398
-0.000424199
-0.00021869
-2.24089e-05
0.000158509
0.000324353
0.000477592
0.00061804
0.000739564
0.000830092
0.000874758
0.00086051
0.000780568
0.00063748
0.000443426
0.000217205
-2.08287e-05
-0.000253476
-0.000469268
-0.000662249
-0.000829356
-0.00096688
-0.00106814
-0.00112361
-0.00112324
-0.0010595
-0.000930042
-0.000739303
-0.000498649
-0.000225255
6.00224e-05
0.000335276
0.000579999
0.000776704
0.000911659
0.000975492
0.000964337
0.000880972
0.000734781
0.000540216
0.000314176
7.24272e-05
-0.000174254
-0.000421741
-0.000669962
-0.000917449
-0.00115659
-0.00137182
-0.00154102
-0.00163995
-0.00164861
-0.00155666
-0.00136558
-0.00108768
-0.000743114
-0.000355376
5.37909e-05
0.000467478
0.000872973
0.00125853
0.0016103
0.00191128
0.0021424
0.00228559
0.00232801
0.00226571
0.0021048
0.00185969
0.00154952
0.00119439
0.00119439
0.000812763
0.000420462
3.0988e-05
-0.000343276
-0.000689864
-0.000995816
-0.00124849
-0.00143719
-0.00155474
-0.00159856
-0.00157061
-0.00147639
-0.00132291
-0.00111673
-0.000863602
-0.000569621
-0.000243014
0.000104816
0.000459154
0.000802539
0.00111601
0.00138106
0.00158185
0.00170689
0.00174983
0.00170966
0.00159012
0.00139857
0.00114424
0.000836956
0.00048735
0.000108246
-0.000283799
-0.000668185
-0.00102179
-0.00132182
-0.00154899
-0.00168989
-0.00173837
-0.00169536
-0.00156735
-0.00136456
-0.00109973
-0.000788033
-0.000447145
-9.69474e-05
0.000241183
0.000545584
0.000796259
0.000977484
0.00108023
0.00110327
0.00105261
0.000939514
0.000778069
0.000582565
0.000365291
0.000135819
-9.76852e-05
-0.000326323
-0.000539378
-0.000724833
-0.00087089
-0.000968066
-0.00101172
-0.00100402
-0.00095385
-0.00087422
-0.000778108
-0.000674858
-0.000568815
-0.000460357
-0.000348076
-0.00023094
-0.000110034
1.05059e-05
0.000124001
0.000223124
0.000302077
0.000357941
0.000390892
0.000403488
0.000399341
0.000381627
0.000352097
0.000310942
0.000257322
0.000190124
0.000108708
1.36075e-05
-9.30056e-05
-0.000207395
-0.000324945
-0.000441219
-0.00055282
-0.000657284
-0.000751822
-0.000831872
-0.000890912
-0.000921876
-0.000919158
-0.000880104
-0.000805706
-0.000700721
-0.000573069
-0.000432337
-0.000287762
-0.000146666
-1.39531e-05
0.000107452
0.000215693
0.000308992
0.000385002
0.0004409
0.000474163
0.000483458
0.000469162
0.000433464
0.000380184
0.000314204
0.000240569
0.000163702
8.72181e-05
1.4297e-05
-5.18413e-05
-0.000107708
-0.000149653
-0.000174308
-0.000179248
-0.0001636
-0.000128241
-7.55347e-05
-8.75175e-06
6.86344e-05
0.000153616
0.000244073
0.000338804
0.000437287
0.000539339
0.000644711
0.000752601
0.000861242
0.000967745
0.00106781
0.00115481
0.00121859
0.00124548
0.00122062
0.0011319
0.000973524
0.000748013
0.000466425
0.000146913
-0.000188325
-0.000516715
-0.000818083
-0.00107607
-0.00127921
-0.00142196
-0.00150461
-0.00153118
-0.00150684
-0.00143661
-0.00132515
-0.0011763
-0.000992828
-0.000777299
-0.000533866
-0.000269332
6.69989e-06
0.000282004
0.000542536
0.000774317
0.000965425
0.00110666
0.00119125
0.00121489
0.00117654
0.00107854
0.000926149
0.000726952
0.000490648
0.000228662
-4.67001e-05
-0.000323157
-0.000589068
-0.000833917
-0.00104868
-0.00122579
-0.00135861
-0.00144085
-0.00146619
-0.00142846
-0.0013227
-0.00114723
-0.000906181
-0.000610905
-0.000279327
6.65372e-05
0.000404101
0.000713933
0.000982253
0.00120073
0.00136394
0.00146679
0.00150393
0.00147139
0.00136884
0.00120142
0.000980179
0.000720948
0.000441817
0.00015976
-0.000112288
-0.000366522
-0.000599218
-0.000808393
-0.000991147
-0.00114152
-0.00124998
-0.00130517
-0.00129695
-0.00121927
-0.00107233
-0.000863797
-0.00060854
-0.000325932
-3.55617e-05
0.000246418
0.000508836
0.000744965
0.000950453
0.00112055
0.00124818
0.00132439
0.00134078
0.00129249
0.00118022
0.0010107
0.000795582
0.000549466
0.000287635
2.43569e-05
-0.000227983
-0.000458935
-0.000659424
-0.000821092
-0.000936237
-0.000998746
-0.00100565
-0.000958371
-0.000863095
-0.000729921
-0.000570975
-0.00039786
-0.000219455
-4.10433e-05
0.000135116
0.000308348
0.000477686
0.000640006
0.000789168
0.000916976
0.00101534
0.00107806
0.00110165
0.00108544
0.00103161
0.00094445
0.000829232
0.000691203
0.000535426
0.000367139
0.000192008
1.6002e-05
-0.000154924
-0.000315044
-0.000458749
-0.000580215
-0.000673308
-0.000732136
-0.000752019
-0.000730282
-0.000666661
-0.000563595
-0.000426315
-0.000262425
-8.10352e-05
0.000108147
0.00029567
0.000473274
0.000634623
0.000775279
0.000891977
0.000981836
0.00104197
0.00106941
0.00106108
0.00101374
0.000923853
0.000788193
0.000605458
0.000378817
0.000117552
-0.0001638
-0.000448308
-0.000719514
-0.000963268
-0.00116888
-0.00132964
-0.00144211
-0.00150437
-0.00151458
-0.00147079
-0.00137177
-0.00121846
-0.00101519
-0.000770038
-0.000493732
-0.000197837
0.000106389
0.000407431
0.000407431
0.000691797
0.000942781
0.00114125
0.00126904
0.00131405
0.00127475
0.00116116
0.000992197
0.000790994
0.000579997
0.00037626
0.000188124
1.49828e-05
-0.00015003
-0.000316278
-0.000491616
-0.000678045
-0.000868536
-0.00104734
-0.00119356
-0.00128559
-0.00130537
-0.00124296
-0.00110016
-0.000889997
-0.000632145
-0.00034805
-5.80602e-05
0.000220295
0.00047374
0.00069327
0.000872433
0.00100579
0.00108895
0.00111932
0.0010965
0.00102242
0.000901718
0.00074189
0.00055239
0.000343439
0.000125372
-9.14771e-05
-0.000297052
-0.000482078
-0.000638289
-0.000758275
-0.000835487
-0.000864735
-0.000842978
-0.000769984
-0.000648493
-0.000483677
-0.00028198
-5.01053e-05
0.000204775
0.000473123
0.000740477
0.000986349
0.00118612
0.0013154
0.00135477
0.00129322
0.00113039
0.000877402
0.000555408
0.000191455
-0.000186753
-0.000554822
-0.000893848
-0.00119114
-0.00143905
-0.00163189
-0.00176313
-0.00182515
-0.00181135
-0.0017183
-0.00154715
-0.00130469
-0.00100341
-0.000659986
-0.00029244
8.21934e-05
0.000448559
0.000791864
0.00109578
0.00134102
0.0015067
0.0015751
0.00153736
0.00139636
0.00116546
0.000864841
0.000517581
0.00014607
-0.000230546
-0.000596792
-0.000939168
-0.00124385
-0.00149523
-0.00167576
-0.00176774
-0.0017569
-0.00163654
-0.00141024
-0.00109155
-0.000700869
-0.000261232
0.000205175
0.000678354
0.00113968
0.00157017
0.00194934
0.00225547
0.00246702
0.00256487
0.00253563
0.00237516
0.00209094
0.00170138
0.00123244
0.000713393
0.000173867
-0.000357713
-0.000855396
-0.00129666
-0.0016624
-0.00193632
-0.00210513
-0.00216012
-0.0020993
-0.00192895
-0.00166388
-0.00132597
-0.000940765
-0.000533246
-0.000124385
0.00027003
0.000638364
0.0009713
0.00126037
0.0014969
0.00167124
0.00177305
0.00179323
0.00172668
0.00157413
0.00134246
0.00104415
0.000695818
0.000315971
-7.74865e-05
-0.000468606
-0.000843435
-0.0011894
-0.00149454
-0.00174665
-0.0019327
-0.00203948
-0.0020556
-0.00197457
-0.0017974
-0.00153327
-0.00119813
-0.000811981
-0.000396228
2.84758e-05
0.00044357
0.000832911
0.00118224
0.0014786
0.00171039
0.00186818
0.00194578
0.00194084
0.00185459
0.00169041
0.00145228
0.00114435
0.000772373
0.000346477
-0.00011649
-0.000591996
-0.00104907
-0.00145421
-0.00177724
-0.00199661
-0.00210174
-0.00209233
-0.00197624
-0.00176659
-0.00147893
-0.00112934
-0.000734421
-0.000312636
0.000114951
0.000525605
0.000896954
0.00120929
0.00144801
0.00160596
0.00168425
0.00169032
0.00163422
0.00152549
0.001372
0.00118029
0.000956571
0.000707944
0.000443313
0.000173216
-9.1582e-05
-0.000341761
-0.000570283
-0.00077211
-0.000943409
-0.00108081
-0.00118071
-0.0012386
-0.00124931
-0.00120852
-0.00111509
-0.000972263
-0.000787382
-0.000570649
-0.000333679
-8.80292e-05
0.000156088
0.000390354
0.000607702
0.000800772
0.000960443
0.00107563
0.00113485
0.00112886
0.00105324
0.000909874
0.000707398
0.000460408
0.000187547
-9.13733e-05
-0.000358162
-0.000597979
-0.000799905
-0.000956711
-0.00106407
-0.00111953
-0.00112226
-0.0010738
-0.000978746
-0.000843983
-0.000676793
-0.000483586
-0.000269846
-4.06489e-05
0.000198694
0.00044171
0.000679871
0.000902553
0.00109789
0.00125386
0.00135946
0.00140646
0.00139132
0.00131578
0.00118617
0.00101209
0.000805569
0.000580196
0.000349794
0.000127036
-7.74901e-05
-0.000255972
-0.000404217
-0.000522166
-0.000613242
-0.000682569
-0.000735053
-0.000773999
-0.000800263
-0.000812067
-0.000805911
-0.000778246
-0.00072659
-0.000649579
-0.000546999
-0.000420664
-0.000275211
-0.000117496
4.4923e-05
0.000204678
0.000354499
0.00048701
0.000594841
0.000670764
0.000707911
0.000700607
0.000645792
0.000544407
0.000402056
0.000228747
3.78312e-05
-0.000155657
-0.000337176
-0.000494948
-0.000621279
-0.000712145
-0.000765724
-0.000781324
-0.000759288
-0.000701367
-0.000611057
-0.00049387
-0.000357407
-0.000210856
-6.38655e-05
7.47394e-05
0.000197754
0.000299738
0.000376892
0.000427125
0.000450331
0.000450331
0.000448493
0.000425387
0.000385979
0.000335783
0.000280272
0.000224335
0.000171864
0.000125683
8.78676e-05
6.00853e-05
4.36583e-05
3.9387e-05
4.7299e-05
6.62218e-05
9.31667e-05
0.00012294
0.000148437
0.000161572
0.000154486
0.000120749
5.65975e-05
-3.76363e-05
-0.000156091
-0.000286986
-0.000414515
-0.000522793
-0.000599751
-0.000638933
-0.000639141
-0.000603107
-0.000535867
-0.000442804
-0.000328022
-0.000194258
-4.46156e-05
0.000115264
0.000276366
0.00042748
0.000557757
0.000659423
0.000729434
0.000769237
0.000782692
0.000773359
0.000742682
0.0006898
0.00061264
0.000509762
0.000382451
0.000236202
8.05182e-05
-7.31263e-05
-0.000214139
-0.000335244
-0.000433689
-0.000510828
-0.000570227
-0.000615245
-0.000647246
-0.000664971
-0.000664918
-0.000642536
-0.00059394
-0.000517507
-0.000414667
-0.000289751
-0.000149273
-8.87623e-07
0.000147674
0.000289031
0.000415581
0.000518838
0.000590082
0.000622319
0.000612094
0.000560117
0.000470958
0.000352269
0.000213519
6.44107e-05
-8.63162e-05
-0.000231339
-0.000364785
-0.000482168
-0.000580055
-0.000655401
-0.000705092
-0.000726155
-0.000716459
-0.000675274
-0.000603483
-0.0005038
-0.000381151
-0.000242825
-9.79123e-05
4.39906e-05
0.000174471
0.000287827
0.000381823
0.000457377
0.00051748
0.000565843
0.000605618
0.000638526
0.000664837
0.000684028
0.000695374
0.000698014
0.000690834
0.000672582
0.000642069
0.000598212
0.000540016
0.000466849
0.000378954
0.000277763
0.000165769
4.62591e-05
-7.67622e-05
-0.000198607
-0.000314256
-0.000418867
-0.000507982
-0.000577324
-0.000622633
-0.00063999
-0.000626649
-0.000581856
-0.000507128
-0.000405938
-0.000283221
-0.000144984
2.01896e-06
0.000150553
0.000293012
0.000421389
0.000527424
0.000603219
0.000642304
0.000640678
0.000597255
0.000513666
0.000393772
0.00024317
6.87033e-05
-0.00012189
-0.000319955
-0.00051562
-0.000697771
-0.00085479
-0.000976049
-0.00105347
-0.00108242
-0.00106169
-0.000993125
-0.000881092
-0.000731873
-0.000553152
-0.000353849
-0.00014432
6.35967e-05
0.000257225
0.000424436
0.000555246
0.000643004
0.00068497
0.000682384
0.000639869
0.000564018
0.000461596
0.00033835
0.000198806
4.66744e-05
-0.000114546
-0.000280768
-0.000446481
-0.000604453
-0.000746296
-0.000863537
-0.000948705
-0.000996316
-0.00100365
-0.000970929
-0.000900778
-0.00079734
-0.000665761
-0.000512029
-0.00034284
-0.000165338
1.31119e-05
0.000185144
0.000343811
0.000483308
0.000599836
0.000692318
0.000762703
0.000815337
0.000855081
0.000884779
0.000903702
0.000908032
0.000892746
0.000853453
0.000787737
0.00069635
0.000583749
0.000456897
0.000322613
0.000185324
4.66805e-05
-9.30334e-05
-0.000232751
-0.000368918
-0.000495009
-0.000602371
-0.000681931
-0.000726216
-0.000731038
-0.000696275
-0.000625489
-0.000524737
-0.000401118
-0.000261509
-0.000111876
4.26635e-05
0.000197193
0.000346307
0.000483897
0.000603457
0.000698599
0.000763539
0.000793582
0.000785697
0.000739044
0.000655316
0.000538822
0.000396304
0.000236516
6.96482e-05
-9.35645e-05
-0.000243171
-0.000371334
-0.000472962
-0.000545564
-0.000588915
-0.000604769
-0.000596266
-0.000567002
-0.000520286
-0.000458901
-0.000385016
-0.000299993
-0.000204445
-9.88896e-05
1.53084e-05
0.000135282
0.000256351
0.000371796
0.000472951
0.000550177
0.000594687
0.000600307
0.000564507
0.000488882
0.000379335
0.000245516
9.91966e-05
-4.77488e-05
-0.000184912
-0.000304416
-0.000401662
-0.000475216
-0.000525463
-0.000552938
-0.000557601
-0.000539072
-0.000497034
-0.000431677
-0.000344476
-0.000238921
-0.000120427
4.52498e-06
0.000129348
0.000248052
0.000355748
0.000448864
0.000524876
0.000581787
0.000617856
0.000631729
0.00062279
0.000591506
0.000539692
0.000470608
0.00038873
0.000299226
0.000207332
0.000117878
3.50632e-05
-3.75475e-05
-9.68918e-05
-0.000140378
-0.000166155
-0.000173669
-0.000164192
-0.00014087
-0.000108115
-7.06292e-05
-3.26339e-05
2.47827e-06
3.22387e-05
5.51954e-05
7.09786e-05
8.02405e-05
8.44866e-05
8.58146e-05
8.64127e-05
8.76389e-05
8.88737e-05
8.68498e-05
7.60923e-05
5.03398e-05
5.03398e-05
4.30946e-06
-6.45332e-05
-0.000154421
-0.000258762
-0.000367393
-0.000469037
-0.000553509
-0.000613062
-0.000643064
-0.000641862
-0.000609547
-0.000546453
-0.000452789
-0.000329771
-0.000181293
-1.50871e-05
0.000157131
0.000320784
0.000460887
0.000565342
0.000627818
0.000648657
0.000633153
0.000588339
0.000520087
0.000431467
0.000322481
0.000191377
3.74343e-05
-0.000136022
-0.000319934
-0.000499826
-0.000658069
-0.000777656
-0.00084633
-0.000859277
-0.00081931
-0.000734957
-0.000617453
-0.000477542
-0.000323119
-0.000158742
1.30016e-05
0.000189419
0.000366121
0.000536329
0.000691201
0.000821232
0.000918186
0.000976413
0.000992872
0.000966307
0.000896421
0.000783499
0.000628678
0.000435052
0.000209264
-3.75321e-05
-0.000290367
-0.000532543
-0.000748137
-0.000924379
-0.00105355
-0.00113359
-0.00116673
-0.00115696
-0.00110793
-0.00102189
-0.000899656
-0.00074156
-0.000549238
-0.000327324
-8.39445e-05
0.000170012
0.000422206
0.000660279
0.00087318
0.00105182
0.00118871
0.00127721
0.00131161
0.00128804
0.00120537
0.00106569
0.000874488
0.000640728
0.000376321
9.48117e-05
-0.000190195
-0.000466163
-0.000722048
-0.000948116
-0.00113536
-0.00127492
-0.00135811
-0.0013772
-0.00132689
-0.0012058
-0.00101748
-0.000770497
-0.000477445
-0.000153473
0.000184842
0.000519976
0.000833883
0.0011089
0.00132901
0.00148108
0.00155604
0.00155001
0.00146484
0.00130759
0.00108883
0.000820877
0.00051666
0.000189213
-0.000148491
-0.000483339
-0.000801694
-0.00108943
-0.00133282
-0.00151988
-0.00164177
-0.00169368
-0.00167536
-0.00159079
-0.00144723
-0.00125385
-0.00102053
-0.000757186
-0.000473805
-0.000180997
0.000109531
0.000384994
0.000632296
0.000839422
0.000997064
0.00109985
0.00114669
0.00114009
0.00108489
0.000986862
0.000851736
0.000684868
0.000491452
0.000277174
4.90844e-05
-0.000183767
-0.000410546
-0.000619725
-0.000800392
-0.000943099
-0.00104019
-0.00108593
-0.00107653
-0.00101021
-0.000887253
-0.000710365
-0.000485233
-0.000220874
7.05901e-05
0.000374606
0.000675138
0.000956027
0.00120278
0.00140404
0.00155195
0.00164151
0.0016698
0.00163573
0.00154001
0.00138532
0.00117642
0.000920286
0.000626056
0.000304782
-3.09931e-05
-0.000367787
-0.000691873
-0.000989932
-0.0012495
-0.00145936
-0.00161018
-0.00169533
-0.00171139
-0.00165818
-0.00153859
-0.00135848
-0.00112656
-0.000853821
-0.000552435
-0.000234721
8.76068e-05
0.000403649
0.000703203
0.000976547
0.00121442
0.00140827
0.00155067
0.00163571
0.00165939
0.00161991
0.00151788
0.00135616
0.00113984
0.000876491
0.000576581
0.000253326
-7.8366e-05
-0.000403421
-0.000707835
-0.000979456
-0.00120853
-0.00138787
-0.00151223
-0.00157716
-0.00157818
-0.00151116
-0.00137378
-0.0011676
-0.000899255
-0.000580373
-0.000226354
0.000145246
0.000516397
0.000870173
0.00119175
0.00146847
0.00168913
0.00184345
0.00192249
0.00191967
0.00183206
0.00166117
0.00141347
0.00110013
0.000736197
0.000338919
-7.39768e-05
-0.000485608
-0.0008805
-0.00124453
-0.00156473
-0.00182933
-0.00202815
-0.00215332
-0.00219978
-0.00216554
-0.00205155
-0.00186162
-0.00160228
-0.00128262
-0.000913874
-0.000509093
-8.29117e-05
0.000348633
0.00076864
0.00116014
0.00150689
0.00179419
0.00200997
0.0021456
0.00219601
0.00215905
0.00203511
0.00182762
0.00154426
0.00119776
0.000805537
0.000388183
-3.25176e-05
-0.000435548
-0.000802628
-0.00111979
-0.00137789
-0.00157188
-0.00169944
-0.00175934
-0.00175018
-0.0016702
-0.0015184
-0.00129668
-0.00101142
-0.000674033
-0.000300619
8.94415e-05
0.000475885
0.000840202
0.00116722
0.00144534
0.00166602
0.00182313
0.00191209
0.00192909
0.00187112
0.00173696
0.00152872
0.00125315
0.000922065
0.00055148
0.000159846
-0.000233883
-0.000611867
-0.000958462
-0.00126067
-0.00150794
-0.00169184
-0.00180584
-0.00184577
-0.00181053
-0.00170266
-0.00152867
-0.00129876
-0.00102588
-0.000724316
-0.000408202
-9.05338e-05
0.000217092
0.000504211
0.000760977
0.000977772
0.00114538
0.00114538
0.00125582
0.00130353
0.00128625
0.00120539
0.00106616
0.000877169
0.000649559
0.000395856
0.000128985
-0.000138291
-0.000393699
-0.000625741
-0.000823977
-0.000979377
-0.00108489
-0.00113618
-0.00113232
-0.00107585
-0.000972485
-0.000830291
-0.000658772
-0.000467896
-0.000267368
-6.63463e-05
0.000126417
0.000302419
0.000453637
0.000573159
0.000655871
0.00069895
0.000702056
0.000667132
0.000597799
0.000498466
0.000373567
0.000227306
6.39877e-05
-0.000111376
-0.000292628
-0.000472379
-0.000642306
-0.00079391
-0.000919598
-0.00101358
-0.00107213
-0.00109325
-0.0010762
-0.00102109
-0.000928573
-0.000799539
-0.000635075
-0.00043713
-0.000209813
3.93636e-05
0.000299363
0.000556885
0.000798326
0.00101156
0.00118714
0.00131867
0.00140221
0.00143517
0.00141563
0.00134275
0.00121768
0.00104462
0.000831319
0.000588907
0.000331098
7.2681e-05
-0.000172401
-0.000392807
-0.000580747
-0.000732091
-0.000846006
-0.00092418
-0.000969469
-0.000984381
-0.000970291
-0.000927765
-0.000857357
-0.000760118
-0.000637835
-0.000493282
-0.000330381
-0.000154053
3.00497e-05
0.000215594
0.000395553
0.000562623
0.000710084
0.000832532
0.000926032
0.000987913
0.00101653
0.001011
0.000970784
0.000895696
0.000786365
0.000645158
0.000476917
0.000289074
9.09672e-05
-0.000107351
-0.000296236
-0.000467135
-0.000612896
-0.000727815
-0.000807474
-0.000848539
-0.000848793
-0.0008075
-0.00072591
-0.000607622
-0.000458574
-0.000286662
-0.000101163
8.79728e-05
0.000270916
0.000438705
0.000583728
0.00069988
0.000782532
0.000828487
0.000836019
0.000804975
0.00073694
0.000635415
0.00050586
0.000355411
0.000192223
2.45996e-05
-0.000139821
-0.000294621
-0.000434837
-0.000556858
-0.000658043
-0.00073631
-0.00079001
-0.000818144
-0.000820687
-0.000798799
-0.000754872
-0.000692348
-0.000615095
-0.000526265
-0.000427038
-0.00031625
-0.000191661
-5.2364e-05
9.92112e-05
0.00025691
0.000411912
0.000554489
0.000676006
0.000770702
0.000836455
0.000874062
0.000885528
0.000872338
0.000834477
0.0007706
0.000679354
0.000561281
0.000420347
0.000264299
0.000103609
-5.05786e-05
-0.000188643
-0.000304001
-0.000393498
-0.000456831
-0.00049545
-0.000511381
-0.000506427
-0.000482096
-0.000440219
-0.00038372
-0.000316932
-0.000245257
-0.000174304
-0.00010874
-5.11902e-05
-1.8901e-06
4.04799e-05
7.72358e-05
0.000108475
0.000132785
0.000147657
0.000150259
0.000138442
0.00011171
7.16001e-05
2.12105e-05
-3.57689e-05
-9.59745e-05
-0.000156895
-0.000216912
-0.000274863
-0.000329304
-0.000377836
-0.000416965
-0.000442618
-0.000451031
-0.000439489
-0.000406661
-0.000352606
-0.000278673
-0.000187423
-8.25572e-05
3.11504e-05
0.000147895
0.000260934
0.000363071
0.000447712
0.000510058
0.000547686
0.000560328
0.000549321
0.000517053
0.000466351
0.000399926
0.000320215
0.000229711
0.000131416
2.90886e-05
-7.28028e-05
-0.000169456
-0.000256468
-0.000330676
-0.00039063
-0.000436429
-0.000469076
-0.000489789
-0.000499588
-0.000499152
-0.000488765
-0.000468259
-0.000437061
-0.000394476
-0.000340136
-0.000274382
-0.000198444
-0.000114488
-2.55718e-05
6.46206e-05
0.000152326
0.000234225
0.000307586
0.000370068
0.00041953
0.000453983
0.000471629
0.000471036
0.000451465
0.000413209
0.00035767
0.000287105
0.000204146
0.000111383
1.12318e-05
-9.38528e-05
-0.000200921
-0.000305997
-0.000403647
-0.000486797
-0.000547034
-0.000575803
-0.000566537
-0.000516835
-0.000429506
-0.000312135
-0.000175829
-3.35077e-05
0.000102344
0.000221936
0.000319228
0.00039138
0.000437634
0.000458606
0.000455986
0.000432239
0.000390418
0.00033428
0.000268405
0.00019787
0.000127561
6.16923e-05
3.81862e-06
-4.30497e-05
-7.65376e-05
-9.50874e-05
-9.81162e-05
-8.63851e-05
-6.26156e-05
-3.18114e-05
-7.27062e-07
2.34816e-05
3.48756e-05
2.99054e-05
7.70753e-06
-3.02037e-05
-8.01923e-05
-0.000136642
-0.000192613
-0.000241196
-0.000276794
-0.000295539
-0.000295057
-0.000274243
-0.000233358
-0.000174211
-0.00010026
-1.6704e-05
6.95726e-05
0.000150717
0.000219359
0.000269988
0.000299347
0.000305984
0.000289694
0.00025113
0.00025113
0.000191355
0.0001114
1.22889e-05
-0.000104354
-0.000235458
-0.000375729
-0.000517138
-0.000649023
-0.000759103
-0.000835236
-0.000867354
-0.000849104
-0.00077886
-0.000659612
-0.000497507
-0.000299898
-7.41797e-05
0.000172262
0.000431592
0.000694912
0.000951315
0.00118691
0.00138477
0.00152673
0.00159665
0.00158396
0.00148549
0.00130506
0.00105171
0.000737732
0.000376891
-1.69763e-05
-0.000430418
-0.000849314
-0.00125687
-0.00163224
-0.00195127
-0.00218973
-0.00232754
-0.00235228
-0.00226078
-0.00205892
-0.00175992
-0.00138138
-0.000942363
-0.000461707
4.15296e-05
0.000546634
0.00103043
0.00146799
0.0018347
0.00210906
0.00227569
0.00232787
0.00226844
0.00210856
0.00186485
0.00155606
0.00120063
0.000815498
0.000416118
1.73623e-05
-0.00036536
-0.000715817
-0.00101798
-0.00125767
-0.00142381
-0.00150915
-0.00151079
-0.00143041
-0.00127367
-0.00104931
-0.000768364
-0.000444034
-9.16473e-05
0.000271535
0.000626656
0.000953942
0.00123406
0.00145002
0.00158884
0.00164271
0.00160945
0.00149254
0.00130044
0.00104505
0.000740239
0.000400804
4.21047e-05
-0.000320242
-0.000670883
-0.00099531
-0.00128037
-0.00151489
-0.00169048
-0.00180212
-0.00184807
-0.00182925
-0.00174865
-0.00161114
-0.00142328
-0.00119339
-0.000931603
-0.000649628
-0.000359734
-7.32348e-05
0.000200748
0.000455522
0.000686079
0.000888037
0.00105695
0.00118821
0.0012772
0.00131969
0.00131256
0.00125485
0.00114832
0.000997274
0.0008079
0.000587914
0.000346531
9.44325e-05
-0.000156491
-0.000393431
-0.000602836
-0.000771029
-0.000885842
-0.000938785
-0.000926664
-0.000852182
-0.000723816
-0.000554843
-0.00036111
-0.000158019
4.17593e-05
0.000228904
0.000396942
0.000541469
0.000659243
0.000747114
0.00080131
0.00081768
0.000792613
0.000724002
0.000612047
0.000460006
0.000274572
6.53699e-05
-0.000156308
-0.000378889
-0.000591661
-0.00078571
-0.000954511
-0.00109374
-0.00120026
-0.00127071
-0.00130029
-0.00128251
-0.00121031
-0.00107833
-0.000885248
-0.000635341
-0.000339061
-1.20851e-05
0.000327118
0.000660198
0.00097082
0.00124519
0.00147193
0.00164178
0.00174711
0.00178178
0.00174198
0.00162805
0.00144604
0.00120788
0.000930103
0.000631511
0.000330739
4.41165e-05
-0.000215624
-0.000439357
-0.000620398
-0.000753124
-0.00083237
-0.00085377
-0.000814658
-0.000715269
-0.000559944
-0.000357732
-0.000121885
0.000131549
0.00038534
0.000622307
0.000826053
0.000981444
0.00107518
0.00109678
0.0010398
0.000902809
0.000689693
0.000409983
7.97003e-05
-0.000278237
-0.000635847
-0.000964293
-0.00123831
-0.0014388
-0.00155364
-0.00157758
-0.00151151
-0.00136095
-0.00113428
-0.000842206
-0.00049863
-0.000121652
0.000266772
0.000642632
0.000982183
0.0012642
0.00147212
0.00159558
0.00163064
0.00157885
0.00144596
0.00124141
0.000978372
0.000673584
0.000346213
1.61593e-05
-0.000297288
-0.000576177
-0.00080454
-0.00096927
-0.00106097
-0.0010745
-0.00100931
-0.000869628
-0.000664372
-0.000406483
-0.000111793
0.000202409
0.000518683
0.000820426
0.00109265
0.00132263
0.00150029
0.00161814
0.00167107
0.00165628
0.00157335
0.00142418
0.00121277
0.000945015
0.000628779
0.000274042
-0.00010721
-0.000501322
-0.000893482
-0.00126852
-0.00161184
-0.00191005
-0.00215078
-0.00232255
-0.00241546
-0.0024228
-0.00234236
-0.00217688
-0.00193369
-0.00162408
-0.00126253
-0.000865502
-0.000450198
-3.36226e-05
0.000367623
0.000737267
0.00105956
0.00132007
0.00150693
0.0016122
0.00163285
0.00157113
0.00143405
0.00123219
0.000978148
0.000685319
0.000367132
3.6894e-05
-0.000291957
-0.000605511
-0.000889419
-0.00112958
-0.00131336
-0.00143095
-0.00147651
-0.00144891
-0.00135181
-0.00119302
-0.00098345
-0.000735809
-0.000463373
-0.000179068
0.000104928
0.000377148
0.00062679
0.000843915
0.0010198
0.00114735
0.00122167
0.00124072
0.00120577
0.00112125
0.000994106
0.000832982
0.000647467
0.000447542
0.000243221
4.43198e-05
-0.000139736
-0.000300233
-0.000429722
-0.000522751
-0.000522751
-0.000576544
-0.000591272
-0.000569734
-0.000516614
-0.000437758
-0.000339644
-0.000228926
-0.000111954
5.58877e-06
0.000118722
0.000222977
0.000314264
0.000388942
0.000443954
0.00047686
0.000485866
0.000470004
0.000429369
0.000365185
0.000279856
0.000177225
6.2938e-05
-5.5532e-05
-0.000169405
-0.000269577
-0.000347942
-0.000398801
-0.000419733
-0.000411402
-0.000376595
-0.000319291
-0.00024405
-0.000155456
-5.77225e-05
4.50947e-05
0.000148316
0.000246071
0.000331565
0.000398088
0.000440242
0.000454862
0.000441369
0.00040157
0.000339118
0.00025884
0.000166085
6.62344e-05
-3.55581e-05
-0.000134453
-0.000225993
-0.00030627
-0.000372181
-0.000421643
-0.000453708
-0.000468495
-0.000466892
-0.000450088
-0.000419256
-0.000375645
-0.000320897
-0.000257205
-0.000187233
-0.000113961
-4.0509e-05
3.01392e-05
9.5393e-05
0.000153096
0.000201289
0.00023788
0.000260476
0.000266563
0.00025398
0.000221558
0.000169722
0.00010086
1.91582e-05
-7.01725e-05
-0.000161955
-0.000251834
-0.000336542
-0.000413649
-0.000480914
-0.000535539
-0.000573817
-0.000591492
-0.000584683
-0.000550953
-0.000490104
-0.000404434
-0.000298424
-0.000178081
-5.02275e-05
7.81392e-05
0.000200309
0.000310093
0.000401927
0.00047106
0.000513963
0.000528784
0.000515498
0.000475655
0.000411957
0.000327934
0.000227655
0.000115351
-4.88904e-06
-0.000129139
-0.000253458
-0.000373751
-0.000485723
-0.000584919
-0.000666908
-0.00072763
-0.000763731
-0.000772755
-0.000753332
-0.000705535
-0.000631171
-0.000533646
-0.000417453
-0.000287672
-0.00014969
-8.94568e-06
0.000129431
0.000260957
0.000381938
0.000489409
0.000580919
0.000654267
0.00070734
0.000738236
0.000745571
0.000728718
0.000687896
0.000624241
0.000539884
0.00043784
0.000321627
0.000194905
6.1432e-05
-7.46735e-05
-0.000208694
-0.000335369
-0.000449255
-0.000545214
-0.000618917
-0.000667309
-0.000688808
-0.000683075
-0.000650506
-0.000591908
-0.000508609
-0.000402881
-0.000278357
-0.000140118
5.59648e-06
0.000151898
0.000291875
0.000419284
0.000529198
0.000618314
0.000684837
0.000728066
0.000747923
0.000744584
0.000718347
0.000669733
0.000599685
0.000509686
0.000401855
0.000279152
0.000145552
5.87073e-06
-0.000134775
-0.000271456
-0.000399573
-0.00051475
-0.000612701
-0.000689088
-0.000739402
-0.0007591
-0.000744299
-0.000692946
-0.000605794
-0.000486544
-0.000341164
-0.000176967
-1.82026e-06
0.00017651
0.000350789
0.000514246
0.00066005
0.000780907
0.000869346
0.000918809
0.000925066
0.000887193
0.000807741
0.000692212
0.00054814
0.000383967
0.000208013
2.79132e-05
-0.000149386
-0.000317318
-0.000469424
-0.000599311
-0.000700931
-0.000769217
-0.000800909
-0.000795219
-0.000754015
-0.00068143
-0.000583044
-0.000464968
-0.000333045
-0.000192382
-4.7341e-05
9.80058e-05
0.000239203
0.000370969
0.00048722
0.000581454
0.000647346
0.000679542
0.000674588
0.000631622
0.000552452
0.000441098
0.000303183
0.000145474
-2.44449e-05
-0.000198362
-0.000367478
-0.000522499
-0.000654173
-0.000754352
-0.000817024
-0.000838741
-0.000818461
-0.000757231
-0.000657886
-0.000524651
-0.000362718
-0.000178071
2.23823e-05
0.000230591
0.000437346
0.000632624
0.000806324
0.000949239
0.00105396
0.00111546
0.00113125
0.00110124
0.00102729
0.000912777
0.000762272
0.000581638
0.000378319
0.000161383
-5.89132e-05
-0.000271976
-0.000467826
-0.00063792
-0.000775704
-0.000876824
-0.000938961
-0.00096139
-0.000944496
-0.000889482
-0.000798384
-0.000674407
-0.000522397
-0.000349099
-0.000162929
2.66854e-05
0.000210096
0.000378154
0.000522779
0.000637328
0.000716741
0.000757525
0.000757757
0.000717207
0.000637479
0.000522039
0.000376133
0.000206676
2.20639e-05
-0.000168228
-0.000354249
-0.000526252
-0.000675267
-0.000793501
-0.000874549
-0.000913565
-0.000907477
-0.000855335
-0.000758685
-0.000621827
-0.00045169
-0.000257213
-4.84446e-05
0.000164267
0.000370733
0.000561195
0.000726688
0.000859534
0.000953773
0.00100537
0.00101235
0.000975048
0.000896363
0.000781721
0.000638509
0.000475231
0.000300685
0.00012328
-4.95009e-05
-0.000211435
-0.000357573
-0.000357573
-0.000483975
-0.000587394
-0.000665095
-0.000714828
-0.000734903
-0.000724419
-0.000683558
-0.000613739
-0.000517485
-0.000398306
-0.000260816
-0.000110848
4.48356e-05
0.000199132
0.000345011
0.000475658
0.000584641
0.000666333
0.000716391
0.000732111
0.000712627
0.000659001
0.000574132
0.000462467
0.000329587
0.000181848
2.61258e-05
-0.000130432
-0.000280739
-0.000418112
-0.000536552
-0.00063099
-0.000697594
-0.000734068
-0.000739794
-0.000715754
-0.00066426
-0.000588555
-0.000492361
-0.00037946
-0.000253525
-0.000118297
2.20398e-05
0.000162567
0.000297628
0.000421122
0.000527052
0.000610285
0.000667279
0.000696419
0.000697821
0.000672821
0.000623453
0.000552114
0.000461456
0.000354547
0.000235182
0.000108155
-2.07277e-05
-0.000144981
-0.000258027
-0.000353871
-0.000427653
-0.000476027
-0.000497354
-0.000491696
-0.000460577
-0.000406618
-0.000333225
-0.000244398
-0.000144578
-3.85294e-05
6.87233e-05
0.000171926
0.000265741
0.000345063
0.000405463
0.000443641
0.000457777
0.000447628
0.000414334
0.000359974
0.000287057
0.000198121
9.56146e-05
-1.79304e-05
-0.000139552
-0.000265504
-0.000391053
-0.000510605
-0.000618188
-0.000708065
-0.000775175
-0.000815402
-0.000825922
-0.000805554
-0.000754815
-0.000675581
-0.000570663
-0.000443613
-0.000298727
-0.000141046
2.36705e-05
0.000189003
0.000347964
0.000493243
0.00061772
0.000715164
0.000780928
0.000812371
0.000808988
0.000772306
0.000705635
0.000613695
0.000502177
0.000377343
0.000245719
0.000113783
-1.24587e-05
-0.000127881
-0.000228491
-0.000311488
-0.000375206
-0.000418936
-0.000442618
-0.000446632
-0.000431899
-0.000400163
-0.000354093
-0.000297111
-0.000233106
-0.000166123
-0.000100019
-3.81481e-05
1.6782e-05
6.26421e-05
9.77434e-05
0.000120805
0.000131105
0.000128731
0.000114695
9.08235e-05
5.94383e-05
2.30115e-05
-1.6081e-05
-5.57076e-05
-9.41196e-05
-0.000130059
-0.000162686
-0.000191292
-0.000214979
-0.000232517
-0.000242407
-0.00024309
-0.000233275
-0.000212315
-0.000180482
-0.000139005
-8.99184e-05
-3.5858e-05
2.01509e-05
7.49804e-05
0.000125719
0.000169886
0.000205512
0.000231191
0.000246199
0.000250573
0.000245082
0.000231106
0.000210491
0.000185341
0.000157717
0.00012942
0.000101987
7.68258e-05
5.52389e-05
3.83052e-05
2.67206e-05
2.06792e-05
1.9802e-05
2.31574e-05
2.94388e-05
3.72809e-05
4.55864e-05
5.37056e-05
6.14183e-05
6.88314e-05
7.63185e-05
8.44573e-05
9.38413e-05
0.000104817
0.000117354
0.000131115
0.000145549
0.000159849
0.000172827
0.000182855
0.000187978
0.000186152
0.000175571
0.000155027
0.000124201
8.37139e-05
3.48641e-05
-2.07561e-05
-8.14862e-05
-0.000145625
-0.000211351
-0.000276517
-0.000338299
-0.000392892
-0.000435628
-0.000461703
-0.000467312
-0.000450614
-0.000412029
-0.000353851
-0.000279696
-0.000194091
-0.000102139
-9.12611e-06
7.98535e-05
0.000160103
0.000227451
0.000278461
0.000310754
0.000323238
0.00031609
0.000290571
0.000248827
0.000193651
0.000128171
5.56075e-05
-2.07314e-05
-9.73535e-05
-0.000170595
-0.000236759
-0.000292288
-0.000333969
-0.000359225
-0.000366395
-0.000354901
-0.000325226
-0.000278776
-0.000217648
-0.00014436
-6.16278e-05
2.77145e-05
0.000120663
0.000213956
0.000304047
0.000387156
0.000459394
0.000516954
0.000556395
0.000574986
0.000570977
0.000543657
0.000493254
0.000420904
0.000328825
0.000220577
0.000101113
-2.35309e-05
-0.000146812
-0.000262295
-0.000364244
-0.000448181
-0.000511232
-0.000552068
-0.000570546
-0.000567349
-0.000543742
-0.000501381
-0.000442184
-0.000368357
-0.000282492
-0.000187577
-8.69621e-05
1.56067e-05
0.000115968
0.00020972
0.000292565
0.00036059
0.000410447
0.000439607
0.000446721
0.000431856
0.000396464
0.000343191
0.000275627
0.000197969
0.000114595
2.97183e-05
-5.27922e-05
-0.000129457
-0.000197217
-0.000253427
-0.000295804
-0.000322425
-0.000331853
-0.000323365
-0.000297114
-0.000254199
-0.000196635
-0.000127231
-4.93397e-05
3.34497e-05
0.000117587
0.000199763
0.000277043
0.000346879
0.000407016
0.000455297
0.000489515
0.000507428
0.000507005
0.000486821
0.000446375
0.000386244
0.000308134
0.000308134
0.000214964
0.000110858
9.07469e-07
-0.000109259
-0.000213923
-0.000307722
-0.000386171
-0.0004461
-0.000485739
-0.000504487
-0.000502643
-0.000481182
-0.000441495
-0.000385137
-0.000313819
-0.000229658
-0.000135437
-3.4722e-05
6.8213e-05
0.000168654
0.000261939
0.000344014
0.000411775
0.000463111
0.000496761
0.000512076
0.000508714
0.000486374
0.000444797
0.00038415
0.000305658
0.000212083
0.000107753
-1.9004e-06
-0.000111016
-0.00021399
-0.000306067
-0.000383729
-0.000444709
-0.000487634
-0.000511562
-0.000515679
-0.000499322
-0.000462296
-0.000405349
-0.000330561
-0.000241432
-0.000142645
-3.95807e-05
6.22844e-05
0.000157966
0.000243357
0.000315299
0.000371421
0.000409912
0.000429401
0.000428987
0.000408432
0.000368435
0.000310849
0.000238703
0.000155993
6.72894e-05
-2.27101e-05
-0.000109585
-0.00018946
-0.000259104
-0.000315864
-0.000357534
-0.000382256
-0.000388575
-0.000375631
-0.000343445
-0.000293142
-0.000226989
-0.000148231
-6.07916e-05
3.10404e-05
0.000122866
0.000210373
0.000289467
0.000356377
0.000407756
0.000440847
0.000453716
0.00044547
0.000416355
0.000367702
0.000301812
0.000221783
0.00013127
3.42239e-05
-6.52832e-05
-0.000163104
-0.000254969
-0.000336479
-0.000403267
-0.000451362
-0.000477679
-0.000480419
-0.000459306
-0.000415637
-0.000352152
-0.000272674
-0.000181605
-8.34706e-05
1.73191e-05
0.000116521
0.000210041
0.000293923
0.000364392
0.000418012
0.000451988
0.000464502
0.000454949
0.000424002
0.000373506
0.000306247
0.000225664
0.000135608
4.01959e-05
-5.62713e-05
-0.000149384
-0.000234755
-0.000308234
-0.000366212
-0.000405954
-0.000425856
-0.000425546
-0.000405817
-0.000368443
-0.000315936
-0.000251257
-0.000177591
-9.82486e-05
-1.66725e-05
6.35884e-05
0.000139005
0.000206271
0.00026253
0.000305583
0.000334033
0.000347311
0.000345594
0.000329668
0.000300799
0.000260654
0.00021125
0.000154891
9.40836e-05
3.14703e-05
-3.02632e-05
-8.85301e-05
-0.000141042
-0.000185998
-0.00022216
-0.000248802
-0.00026557
-0.000272362
-0.000269246
-0.000256399
-0.000234099
-0.000202855
-0.000163666
-0.000118228
-6.89953e-05
-1.90614e-05
2.81136e-05
6.91305e-05
0.000101171
0.000122425
0.000132295
0.000131398
0.000121379
0.000104522
8.31762e-05
5.92811e-05
3.42073e-05
8.85534e-06
-1.61719e-05
-4.03754e-05
-6.31146e-05
-8.34185e-05
-0.000100027
-0.000111655
-0.000117274
-0.00011628
-0.000108543
-9.43714e-05
-7.43576e-05
-4.91835e-05
-1.95465e-05
1.37061e-05
4.93476e-05
8.5619e-05
0.000120227
0.000150504
0.000173776
0.000187889
0.000191659
0.000185003
0.000168758
0.000144395
0.000113752
7.87388e-05
4.1065e-05
2.15308e-06
-3.67219e-05
-7.42409e-05
-0.000108965
-0.000139395
-0.000164139
-0.000182149
-0.000192965
-0.000196807
-0.000194414
-0.000186668
-0.000174245
-0.000157471
-0.000136419
-0.000111163
-8.20744e-05
-5.00873e-05
-1.67708e-05
1.58703e-05
4.57689e-05
7.11149e-05
9.0515e-05
0.000103036
0.000108169
0.000105717
9.56722e-05
7.81923e-05
5.37198e-05
2.318e-05
-1.18833e-05
-4.9338e-05
-8.66675e-05
-0.000121298
-0.000150977
-0.00017411
-0.000189906
-0.000198262
-0.000199488
-0.000194061
-0.000182466
-0.000165146
-0.000142533
-0.00011519
-8.39548e-05
-4.99378e-05
-1.43667e-05
2.15857e-05
5.68986e-05
9.07336e-05
0.000122422
0.00015139
0.000177029
0.000198612
0.000215351
0.000226574
0.000231898
0.000231307
0.000225096
0.00021373
0.000197667
0.000177243
0.000152683
0.000124259
9.24973e-05
5.83511e-05
2.32084e-05
-1.12968e-05
-4.35944e-05
-7.24651e-05
-9.72159e-05
-0.000117714
-0.000134249
-0.000147234
-0.000156878
-0.000162982
-0.000164966
-0.000162121
-0.000154014
-0.000140819
-0.000123453
-0.000103471
-8.28342e-05
-6.36103e-05
-4.76457e-05
-3.62785e-05
-3.02131e-05
-2.95582e-05
-3.391e-05
-4.24013e-05
-5.3775e-05
-6.65391e-05
-7.91522e-05
-9.01725e-05
-9.84011e-05
-0.000103027
-0.000103662
-0.000100196
-9.2602e-05
-8.08584e-05
-6.49959e-05
-4.51275e-05
-2.14719e-05
5.56186e-06
3.52648e-05
6.66068e-05
9.83328e-05
0.000129125
0.000157777
0.000183345
0.000205199
0.000222991
0.000236557
0.000245846
0.000250857
0.000251583
0.000247952
0.000247952
0.000239828
0.000227087
0.000209749
0.000188076
0.000162574
0.000133916
0.000102871
7.03113e-05
3.72198e-05
4.61191e-06
-2.66423e-05
-5.59979e-05
-8.32945e-05
-0.000108657
-0.000132302
-0.000154329
-0.00017459
-0.000192627
-0.000207703
-0.000218903
-0.000225352
-0.000226458
-0.000222052
-0.00021235
-0.000197833
-0.000179173
-0.00015719
-0.000132764
-0.000106698
-7.96316e-05
-5.20851e-05
-2.45827e-05
2.25144e-06
2.76953e-05
5.10267e-05
7.16701e-05
8.93083e-05
0.000103885
0.000115513
0.000124364
0.000130595
0.000134285
0.000135373
0.000133646
0.000128843
0.000120842
0.000109828
9.63254e-05
8.11264e-05
6.51926e-05
4.95553e-05
3.52184e-05
2.30762e-05
1.38553e-05
8.05954e-06
5.88311e-06
7.12445e-06
1.11949e-05
1.72543e-05
2.43781e-05
3.16584e-05
3.82536e-05
4.34423e-05
4.66539e-05
4.74262e-05
4.53411e-05
4.00207e-05
3.11873e-05
1.87237e-05
2.70588e-06
-1.65821e-05
-3.86496e-05
-6.28176e-05
-8.82244e-05
-0.000113785
-0.000138128
-0.000159571
-0.000176224
-0.00018622
-0.000188053
-0.000180929
-0.000164958
-0.000141086
-0.000110872
-7.62698e-05
-3.94582e-05
-2.58662e-06
3.2499e-05
6.43716e-05
9.19255e-05
0.000114233
0.000130501
0.000140123
0.000142752
0.000138392
0.000127468
0.000110825
8.96066e-05
6.50737e-05
3.84687e-05
1.09542e-05
-1.63922e-05
-4.2558e-05
-6.65527e-05
-8.7363e-05
-0.000103967
-0.000115438
-0.000121088
-0.000120557
-0.00011381
-0.00010107
-8.27227e-05
-5.92351e-05
-3.11342e-05
9.28798e-07
3.60468e-05
7.29098e-05
0.000109717
0.000144214
0.00017388
0.000196229
0.000209207
0.000211581
0.000203135
0.00018454
0.000157002
0.000121952
8.08942e-05
3.53681e-05
-1.30155e-05
-6.24597e-05
-0.000110853
-0.000155783
-0.000194756
-0.000225557
-0.00024658
-0.000257008
-0.000256808
-0.000246571
-0.000227264
-0.00019998
-0.00016578
-0.000125671
-8.07211e-05
-3.22269e-05
1.81464e-05
6.83366e-05
0.000116013
0.000158848
0.000194799
0.000222278
0.000240178
0.000247869
0.000245189
0.000232426
0.00021026
0.000179731
0.000142276
9.97661e-05
5.44614e-05
8.85693e-06
-3.45314e-05
-7.33889e-05
-0.000105793
-0.000130332
-0.000146123
-0.000152735
-0.000150123
-0.000138606
-0.000118885
-9.20403e-05
-5.94956e-05
-2.29606e-05
1.56436e-05
5.43107e-05
9.11225e-05
0.000124416
0.000152891
0.00017564
0.000192115
0.00020206
0.000205425
0.000202308
0.000192951
0.000177786
0.000157472
0.000132864
0.000104945
7.47714e-05
4.34674e-05
1.2205e-05
-1.78395e-05
-4.55177e-05
-6.96981e-05
-8.92452e-05
-0.000103053
-0.000110148
-0.00010983
-0.000101804
-8.62696e-05
-6.39545e-05
-3.60379e-05
-3.97985e-06
3.06517e-05
6.62591e-05
0.000101205
0.000133792
0.000162282
0.000184965
0.000200284
0.000207004
0.000204411
0.000192443
0.000171697
0.00014328
0.00010861
6.92478e-05
2.68049e-05
-1.70963e-05
-6.08356e-05
-0.000102785
-0.000141312
-0.000174849
-0.00020201
-0.000221748
-0.000233486
-0.000237192
-0.000233369
-0.000222966
-0.000207215
-0.000187459
-0.000165032
-0.000141207
-0.00011721
-9.42258e-05
-7.33808e-05
-5.57153e-05
-4.21359e-05
-3.33408e-05
-2.97349e-05
-3.13899e-05
-3.80764e-05
-4.9342e-05
-6.45756e-05
-8.3025e-05
-0.000103787
-0.000125809
-0.000147929
-0.000168957
-0.000187754
-0.000203325
-0.000214869
-0.000221816
-0.000223818
-0.000220716
-0.000212456
-0.000199039
-0.000180514
-0.000157073
-0.000129177
-9.76899e-05
-6.39285e-05
-2.95907e-05
3.42176e-06
3.32232e-05
5.817e-05
7.70736e-05
8.93266e-05
9.48618e-05
9.39839e-05
8.72125e-05
7.5211e-05
5.87583e-05
3.87297e-05
1.61084e-05
-7.97982e-06
-3.22664e-05
-5.54066e-05
-7.60768e-05
-9.30588e-05
-0.000105307
-0.000112005
-0.000112616
-0.000106946
-9.51982e-05
-7.80032e-05
-5.63661e-05
-3.15421e-05
-4.90612e-06
2.21548e-05
4.83333e-05
7.24735e-05
9.3592e-05
0.00011086
0.000123595
0.000131284
0.000133606
0.000130456
0.000121971
0.000108569
9.09576e-05
7.0101e-05
4.71742e-05
2.3499e-05
4.59278e-07
-2.06002e-05
-3.8468e-05
-5.21377e-05
-6.08575e-05
-6.41501e-05
-6.17962e-05
-5.38023e-05
-4.03882e-05
-2.19995e-05
6.91041e-07
2.68068e-05
5.52986e-05
8.49611e-05
0.000114442
0.000142275
0.000166973
0.000187163
0.000187163
0.000201738
0.000209952
0.000211453
0.000206272
0.00019477
0.000177536
0.000155259
0.000128626
9.82977e-05
6.4986e-05
2.95771e-05
-6.77047e-06
-4.26294e-05
-7.64077e-05
-0.000106486
-0.000131334
-0.000149626
-0.000160363
-0.000162973
-0.00015734
-0.000143762
-0.00012292
-9.58331e-05
-6.37974e-05
-2.82922e-05
9.117e-06
4.68514e-05
8.33914e-05
0.000117357
0.000147563
0.000173035
0.000193008
0.000206946
0.000214537
0.000215667
0.000210385
0.00019889
0.000181526
0.000158802
0.000131455
0.000100544
6.74994e-05
3.40541e-05
2.06004e-06
-2.67037e-05
-5.0698e-05
-6.87688e-05
-8.02378e-05
-8.48835e-05
-8.28367e-05
-7.44941e-05
-6.05023e-05
-4.1774e-05
-1.94852e-05
4.9521e-06
2.9949e-05
5.38535e-05
7.51169e-05
9.24589e-05
0.000104961
0.00011208
0.00011361
0.000109643
0.000100499
8.66302e-05
6.85675e-05
4.69381e-05
2.25525e-05
-3.52148e-06
-2.99367e-05
-5.51106e-05
-7.73528e-05
-9.50657e-05
-0.00010695
-0.000112147
-0.000110299
-0.000101539
-8.63938e-05
-6.56212e-05
-4.00738e-05
-1.06639e-05
2.15674e-05
5.53426e-05
8.90547e-05
0.000120734
0.000148139
0.000169011
0.000181443
0.000184234
0.000177057
0.000160379
0.000135193
0.000102762
6.44606e-05
2.17293e-05
-2.38842e-05
-7.05766e-05
-0.00011612
-0.000157843
-0.000192871
-0.000218598
-0.000233165
-0.000235731
-0.000226467
-0.000206383
-0.000177095
-0.000140545
-9.87181e-05
-5.34668e-05
-6.52138e-06
4.03977e-05
8.54813e-05
0.000126827
0.000162541
0.000190939
0.000210785
0.000221474
0.000223064
0.000216158
0.00020172
0.000180909
0.000154977
0.000125229
9.30301e-05
5.98511e-05
2.72883e-05
-2.99698e-06
-2.943e-05
-5.07097e-05
-6.59497e-05
-7.47162e-05
-7.69693e-05
-7.29604e-05
-6.31367e-05
-4.8074e-05
-2.84509e-05
-5.07725e-06
2.10268e-05
4.85334e-05
7.5739e-05
0.000100579
0.000120791
0.00013424
0.000139304
0.00013516
0.000121868
0.000100306
7.20033e-05
3.8855e-05
2.76051e-06
-3.4667e-05
-7.21862e-05
-0.000108852
-0.000143892
-0.000176576
-0.000206082
-0.000231402
-0.000251353
-0.000264706
-0.00027036
-0.000267565
-0.000256144
-0.000236602
-0.000210038
-0.000177934
-0.000141967
-0.000103886
-6.53929e-05
-2.80524e-05
6.73953e-06
3.77159e-05
6.3703e-05
8.36397e-05
9.66478e-05
0.000102129
9.98629e-05
9.00729e-05
7.34197e-05
5.09257e-05
2.38659e-05
-6.33415e-06
-3.81711e-05
-7.00951e-05
-0.0001005
-0.00012771
-0.000150009
-0.000165771
-0.000173648
-0.000172791
-0.000163037
-0.000145022
-0.000120128
-9.02471e-05
-5.74544e-05
-2.37275e-05
9.24091e-06
4.01267e-05
6.79311e-05
9.1822e-05
0.00011099
0.000124655
0.000132202
0.000133336
0.000128182
0.000117317
0.000101731
8.26839e-05
6.15118e-05
3.94545e-05
1.75731e-05
-3.25985e-06
-2.23369e-05
-3.90869e-05
-5.30445e-05
-6.3818e-05
-7.1085e-05
-7.46422e-05
-7.44844e-05
-7.08486e-05
-6.4186e-05
-5.50891e-05
-4.42217e-05
-3.22701e-05
-1.98997e-05
-7.70154e-06
3.85675e-06
1.44518e-05
2.3883e-05
3.20234e-05
3.87742e-05
4.40426e-05
4.77394e-05
4.97882e-05
5.01546e-05
4.88953e-05
4.61929e-05
4.23483e-05
3.77381e-05
3.27663e-05
2.7818e-05
2.32148e-05
1.91934e-05
1.59218e-05
1.35362e-05
1.21667e-05
1.1942e-05
1.29769e-05
1.53477e-05
1.90658e-05
2.40747e-05
3.02867e-05
3.76462e-05
4.61801e-05
5.59918e-05
6.71681e-05
7.95938e-05
9.27324e-05
0.000105508
0.000116407
0.000123778
0.000126199
0.000122798
0.000113468
9.88655e-05
8.01455e-05
5.85708e-05
3.52232e-05
1.08954e-05
-1.38973e-05
-3.88134e-05
-6.34838e-05
-8.73169e-05
-0.000109448
-0.000128851
-0.000144499
-0.000155511
-0.000161264
-0.000161443
-0.000156021
-0.000145215
-0.000129466
-0.000109429
-8.59174e-05
-5.98249e-05
-3.21077e-05
-3.80385e-06
2.39829e-05
5.01724e-05
7.38222e-05
9.42108e-05
0.000110865
0.000123524
0.000132039
0.000136268
0.000136018
0.000131069
0.000121263
0.000106642
8.7605e-05
6.49981e-05
4.00513e-05
1.41772e-05
-1.12423e-05
-3.49986e-05
-5.61364e-05
-7.39843e-05
-8.8114e-05
-9.82455e-05
-0.000104169
-0.000105729
-0.000102867
-9.5668e-05
-8.44111e-05
-6.95634e-05
-5.1733e-05
-3.16035e-05
-9.90554e-06
1.25755e-05
3.49945e-05
5.64618e-05
7.60471e-05
9.27731e-05
9.27731e-05
0.000105658
0.000113845
0.000116758
0.00011422
0.000106491
9.42416e-05
7.84713e-05
6.03445e-05
4.10169e-05
2.15205e-05
2.73738e-06
-1.45806e-05
-2.97871e-05
-4.23253e-05
-5.17386e-05
-5.77383e-05
-6.03061e-05
-5.97431e-05
-5.66026e-05
-5.15516e-05
-4.52582e-05
-3.83378e-05
-3.13251e-05
-2.46614e-05
-1.87238e-05
-1.38927e-05
-1.0597e-05
-9.28891e-06
-1.03488e-05
-1.39521e-05
-1.99453e-05
-2.77916e-05
-3.66367e-05
-4.54794e-05
-5.33793e-05
-5.96354e-05
-6.38926e-05
-6.61424e-05
-6.66064e-05
-6.55642e-05
-6.3229e-05
-5.97045e-05
-5.49958e-05
-4.90622e-05
-4.1916e-05
-3.3721e-05
-2.48134e-05
-1.56391e-05
-6.66302e-06
1.70547e-06
9.16409e-06
1.55366e-05
2.07452e-05
2.47542e-05
2.75256e-05
2.9011e-05
2.91719e-05
2.8015e-05
2.56345e-05
2.22428e-05
1.81614e-05
1.37689e-05
9.43326e-06
5.45453e-06
2.01911e-06
-8.34978e-07
-3.22775e-06
-5.40597e-06
-7.67501e-06
-1.03196e-05
-1.35403e-05
-1.74169e-05
-2.19016e-05
-2.68558e-05
-3.2128e-05
-3.76242e-05
-4.33227e-05
-4.92404e-05
-5.53957e-05
-6.17833e-05
-6.83454e-05
-7.49529e-05
-8.1421e-05
-8.75566e-05
-9.32024e-05
-9.82544e-05
-0.000102651
-0.000106344
-0.00010927
-0.000111346
-0.000112495
-0.000112697
-0.000112015
-0.000110585
-0.00010861
-0.000106335
-0.000104018
-0.000101881
-0.000100056
-9.85469e-05
-9.72024e-05
-9.5725e-05
-9.3724e-05
-9.08044e-05
-8.66315e-05
-8.09293e-05
-7.34313e-05
-6.38576e-05
-5.1965e-05
-3.7644e-05
-2.10067e-05
-2.43767e-06
1.7393e-05
3.75806e-05
5.71319e-05
7.51632e-05
9.10382e-05
0.000104374
0.000114958
0.000122643
0.000127288
0.000128733
0.000126826
0.000121484
0.000112756
0.00010087
8.62528e-05
6.95136e-05
5.13723e-05
3.25416e-05
1.36326e-05
-4.86622e-06
-2.2545e-05
-3.90156e-05
-5.38868e-05
-6.67761e-05
-7.73412e-05
-8.53153e-05
-9.05385e-05
-9.2963e-05
-9.26054e-05
-8.9446e-05
-8.33341e-05
-7.39887e-05
-6.11434e-05
-4.4765e-05
-2.52112e-05
-3.25174e-06
2.00062e-05
4.32411e-05
6.50987e-05
8.44126e-05
0.000100361
0.000112481
0.000120576
0.000124599
0.000124586
0.000120616
0.000112835
0.000101516
8.71334e-05
7.03972e-05
5.2216e-05
3.36086e-05
1.55959e-05
-9.05033e-07
-1.51571e-05
-2.66243e-05
-3.49382e-05
-3.9852e-05
-4.12211e-05
-3.90191e-05
-3.33716e-05
-2.45883e-05
-1.31729e-05
2.03966e-07
1.47632e-05
2.96879e-05
4.41913e-05
5.75736e-05
6.92539e-05
7.87708e-05
8.57601e-05
8.99393e-05
9.11221e-05
8.92652e-05
8.45277e-05
7.73133e-05
6.82637e-05
5.81908e-05
4.79652e-05
3.83937e-05
3.01186e-05
2.35722e-05
1.89983e-05
1.65155e-05
1.6177e-05
1.80041e-05
2.19929e-05
2.80826e-05
3.60814e-05
4.55853e-05
5.59566e-05
6.63995e-05
7.61022e-05
8.43799e-05
9.07537e-05
9.49522e-05
9.68637e-05
9.64762e-05
9.38166e-05
8.8905e-05
8.17498e-05
7.23955e-05
6.09962e-05
4.78752e-05
3.35393e-05
1.86308e-05
3.83281e-06
-1.02333e-05
-2.30729e-05
-3.43314e-05
-4.37665e-05
-5.12012e-05
-5.64711e-05
-5.93841e-05
-5.97145e-05
-5.72518e-05
-5.18997e-05
-4.37768e-05
-3.32502e-05
-2.08737e-05
-7.27089e-06
6.9709e-06
2.13608e-05
3.5508e-05
4.90785e-05
6.17276e-05
7.30469e-05
8.25562e-05
8.97589e-05
9.42438e-05
9.57906e-05
9.44303e-05
9.04404e-05
8.42856e-05
7.6526e-05
6.77233e-05
5.83727e-05
4.88788e-05
3.95707e-05
3.07351e-05
2.26482e-05
1.55966e-05
9.87024e-06
5.70607e-06
3.1879e-06
2.13945e-06
2.0707e-06
2.23139e-06
1.79225e-06
1.08118e-07
-3.04461e-06
-7.37448e-06
-1.21883e-05
-1.66719e-05
-2.01992e-05
-2.25192e-05
-2.37676e-05
-2.43578e-05
-2.48158e-05
-2.55921e-05
-2.69068e-05
-2.87122e-05
-3.07959e-05
-3.29441e-05
-3.50662e-05
-3.72418e-05
-3.9694e-05
-4.26944e-05
-4.64342e-05
-5.09332e-05
-5.6036e-05
-6.1475e-05
-6.6946e-05
-7.2156e-05
-7.68262e-05
-8.06533e-05
-8.32717e-05
-8.42625e-05
-8.32152e-05
-7.98037e-05
-7.3855e-05
-6.54119e-05
-5.47657e-05
-4.2415e-05
-2.89524e-05
-1.4951e-05
-9.19782e-07
1.26739e-05
2.53622e-05
3.66522e-05
4.60303e-05
5.29985e-05
5.71438e-05
5.82202e-05
5.62146e-05
5.1367e-05
4.41376e-05
3.51346e-05
2.50282e-05
1.44719e-05
4.04457e-06
-5.76654e-06
-1.45401e-05
-2.18836e-05
-2.74205e-05
-3.08114e-05
-3.1797e-05
-3.0249e-05
-2.62172e-05
-1.99574e-05
-1.99574e-05
-1.19227e-05
-2.7207e-06
6.94996e-06
1.63584e-05
2.47855e-05
3.1558e-05
3.60882e-05
3.79246e-05
3.68005e-05
3.2658e-05
2.56376e-05
1.60596e-05
4.41432e-06
-8.66457e-06
-2.24792e-05
-3.63685e-05
-4.97654e-05
-6.21946e-05
-7.32522e-05
-8.25964e-05
-8.99408e-05
-9.50498e-05
-9.77453e-05
-9.79265e-05
-9.5583e-05
-9.07928e-05
-8.37103e-05
-7.45505e-05
-6.35589e-05
-5.09649e-05
-3.69444e-05
-2.16342e-05
-5.20575e-06
1.20546e-05
2.97219e-05
4.72636e-05
6.40715e-05
7.94667e-05
9.27106e-05
0.000103057
0.000109843
0.00011258
0.000111025
0.000105228
9.55425e-05
8.25829e-05
6.71231e-05
4.99834e-05
3.19629e-05
1.38165e-05
-3.75822e-06
-2.01278e-05
-3.47111e-05
-4.69775e-05
-5.64928e-05
-6.30005e-05
-6.64859e-05
-6.71835e-05
-6.55318e-05
-6.20905e-05
-5.74375e-05
-5.206e-05
-4.62673e-05
-4.01601e-05
-3.36769e-05
-2.66957e-05
-1.91494e-05
-1.11236e-05
-2.91183e-06
5.01369e-06
1.21329e-05
1.80386e-05
2.2522e-05
2.55609e-05
2.72618e-05
2.77927e-05
2.72993e-05
2.58316e-05
2.33314e-05
1.96973e-05
1.48888e-05
9.0134e-06
2.35691e-06
-4.65818e-06
-1.15625e-05
-1.79356e-05
-2.34673e-05
-2.79684e-05
-3.13362e-05
-3.34996e-05
-3.4374e-05
-3.38478e-05
-3.18132e-05
-2.8227e-05
-2.31703e-05
-1.6884e-05
-9.77152e-06
-2.36298e-06
4.76051e-06
1.10655e-05
1.61453e-05
1.97462e-05
2.17458e-05
2.21116e-05
2.08635e-05
1.80467e-05
1.37246e-05
8.00483e-06
1.08829e-06
-6.69565e-06
-1.49014e-05
-2.30232e-05
-3.05665e-05
-3.7111e-05
-4.23513e-05
-4.61094e-05
-4.83165e-05
-4.89737e-05
-4.81145e-05
-4.57881e-05
-4.2079e-05
-3.71532e-05
-3.13081e-05
-2.49928e-05
-1.87775e-05
-1.32773e-05
-9.05383e-06
-6.52704e-06
-5.92122e-06
-7.26098e-06
-1.04129e-05
-1.51388e-05
-2.11283e-05
-2.80169e-05
-3.5417e-05
-4.29547e-05
-5.02798e-05
-5.70403e-05
-6.28513e-05
-6.72871e-05
-6.99016e-05
-7.02725e-05
-6.80602e-05
-6.30647e-05
-5.5262e-05
-4.48191e-05
-3.20906e-05
-1.75949e-05
-1.97288e-06
1.40535e-05
2.97046e-05
4.41745e-05
5.6703e-05
6.66666e-05
7.36313e-05
7.73549e-05
7.77757e-05
7.50129e-05
6.93595e-05
6.12549e-05
5.12494e-05
3.99753e-05
2.81175e-05
1.63648e-05
5.34558e-06
-4.42578e-06
-1.25719e-05
-1.88497e-05
-2.31341e-05
-2.53837e-05
-2.55961e-05
-2.37822e-05
-1.9987e-05
-1.43333e-05
-7.04797e-06
1.54616e-06
1.10588e-05
2.10759e-05
3.12142e-05
4.11691e-05
5.07252e-05
5.97232e-05
6.80053e-05
7.53726e-05
8.158e-05
8.63579e-05
8.94386e-05
9.05858e-05
8.96468e-05
8.661e-05
8.16285e-05
7.49936e-05
6.70864e-05
5.83345e-05
4.91732e-05
4.00134e-05
3.12255e-05
2.31421e-05
1.60662e-05
1.02672e-05
5.97004e-06
3.34277e-06
2.48266e-06
3.39614e-06
5.98635e-06
1.00634e-05
1.53707e-05
2.1609e-05
2.84511e-05
3.55522e-05
4.25549e-05
4.90811e-05
5.47212e-05
5.90448e-05
6.16404e-05
6.21705e-05
6.04266e-05
5.63832e-05
5.02347e-05
4.23859e-05
3.33875e-05
2.38443e-05
1.43335e-05
5.34453e-06
-2.75526e-06
-9.71771e-06
-1.53694e-05
-1.95609e-05
-2.21561e-05
-2.3067e-05
-2.22994e-05
-1.99817e-05
-1.63693e-05
-1.18175e-05
-6.71588e-06
-1.40477e-06
3.88356e-06
9.02411e-06
1.39455e-05
1.85644e-05
2.2743e-05
2.62772e-05
2.89129e-05
3.03923e-05
3.05157e-05
2.91827e-05
2.63938e-05
2.22278e-05
1.68221e-05
1.03589e-05
3.04863e-06
-4.88035e-06
-1.31672e-05
-2.14924e-05
-2.94748e-05
-3.67084e-05
-4.28189e-05
-4.75152e-05
-5.06211e-05
-5.20888e-05
-5.19916e-05
-5.0497e-05
-4.78361e-05
-4.42863e-05
-4.01683e-05
-3.58372e-05
-3.1657e-05
-2.79731e-05
-2.50958e-05
-2.32924e-05
-2.27725e-05
-2.36698e-05
-2.60363e-05
-2.98517e-05
-3.50406e-05
-4.1484e-05
-4.90226e-05
-5.74541e-05
-6.65196e-05
-7.58775e-05
-8.50714e-05
-9.35081e-05
-0.000100469
-0.000105186
-0.000106989
-0.000105456
-0.000100488
-9.22822e-05
-8.1266e-05
-6.80469e-05
-5.33566e-05
-3.797e-05
-2.26255e-05
-7.98542e-06
5.36564e-06
1.69198e-05
2.62549e-05
3.30436e-05
3.70561e-05
3.8172e-05
3.6403e-05
3.19046e-05
2.49606e-05
1.59583e-05
5.36986e-06
-6.26678e-06
-1.83788e-05
-3.03885e-05
-4.17323e-05
-5.18767e-05
-6.0339e-05
-6.67075e-05
-7.06563e-05
-7.19579e-05
-7.05028e-05
-6.63163e-05
-5.95561e-05
-5.04839e-05
-3.94214e-05
-2.67147e-05
-1.27201e-05
2.18892e-06
2.18892e-06
1.76043e-05
3.30709e-05
4.80795e-05
6.20645e-05
7.44122e-05
8.45041e-05
9.17944e-05
9.58946e-05
9.66268e-05
9.40426e-05
8.84143e-05
8.01978e-05
6.99706e-05
5.83798e-05
4.61307e-05
3.399e-05
2.27514e-05
1.31505e-05
5.76019e-06
8.95916e-07
-1.45172e-06
-1.61688e-06
-1.51826e-07
2.35279e-06
5.41759e-06
8.72559e-06
1.21001e-05
1.54601e-05
1.87613e-05
2.19248e-05
2.47992e-05
2.71929e-05
2.89488e-05
2.9993e-05
3.03307e-05
3.00155e-05
2.9119e-05
2.76933e-05
2.57188e-05
2.30766e-05
1.95906e-05
1.51266e-05
9.6795e-06
3.40573e-06
-3.38692e-06
-1.02761e-05
-1.67932e-05
-2.25164e-05
-2.71495e-05
-3.0548e-05
-3.26961e-05
-3.36661e-05
-3.35847e-05
-3.26185e-05
-3.09961e-05
-2.90609e-05
-2.73103e-05
-2.63528e-05
-2.67632e-05
-2.89043e-05
-3.28093e-05
-3.81637e-05
-4.43687e-05
-5.06806e-05
-5.64168e-05
-6.1148e-05
-6.47574e-05
-6.7343e-05
-6.90579e-05
-6.99812e-05
-7.00449e-05
-6.90285e-05
-6.66363e-05
-6.26399e-05
-5.70103e-05
-4.99796e-05
-4.20158e-05
-3.37259e-05
-2.5717e-05
-1.84636e-05
-1.22422e-05
-7.15288e-06
-3.19424e-06
-3.4747e-07
1.36878e-06
1.90303e-06
1.24624e-06
-4.61704e-07
-2.86719e-06
-5.42652e-06
-7.50485e-06
-8.50114e-06
-7.9597e-06
-5.64723e-06
-1.57011e-06
4.09041e-06
1.11011e-05
1.92827e-05
2.85366e-05
3.87851e-05
4.98569e-05
6.13561e-05
7.25704e-05
8.24836e-05
8.9927e-05
9.3838e-05
9.3529e-05
8.88401e-05
8.00952e-05
6.7911e-05
5.29929e-05
3.60028e-05
1.74994e-05
-2.05355e-06
-2.21933e-05
-4.23107e-05
-6.15503e-05
-7.88472e-05
-9.31019e-05
-0.000103407
-0.000109225
-0.000110447
-0.000107351
-0.000100471
-9.0455e-05
-7.79317e-05
-6.34608e-05
-4.7554e-05
-3.07482e-05
-1.36852e-05
2.85197e-06
1.79757e-05
3.08061e-05
4.06214e-05
4.69925e-05
4.98509e-05
4.94666e-05
4.63485e-05
4.11057e-05
3.43283e-05
2.65224e-05
1.81057e-05
9.44564e-06
9.18652e-07
-7.04368e-06
-1.39653e-05
-1.94013e-05
-2.30293e-05
-2.46953e-05
-2.4402e-05
-2.22712e-05
-1.85031e-05
-1.33251e-05
-6.93896e-06
5.04993e-07
8.88806e-06
1.80772e-05
2.78828e-05
3.80367e-05
4.81945e-05
5.7963e-05
6.69532e-05
7.48428e-05
8.14144e-05
8.65463e-05
9.01729e-05
9.22474e-05
9.27254e-05
9.15711e-05
8.87854e-05
8.4447e-05
7.87517e-05
7.20259e-05
6.4699e-05
5.72431e-05
5.01027e-05
4.36384e-05
3.80934e-05
3.35871e-05
3.01418e-05
2.77303e-05
2.63181e-05
2.58813e-05
2.64026e-05
2.78538e-05
3.01669e-05
3.32027e-05
3.67398e-05
4.04991e-05
4.41878e-05
4.75341e-05
5.03057e-05
5.23172e-05
5.34315e-05
5.35545e-05
5.26277e-05
5.06255e-05
4.75578e-05
4.34785e-05
3.84951e-05
3.27728e-05
2.65291e-05
2.00194e-05
1.35176e-05
7.2956e-06
1.60334e-06
-3.34801e-06
-7.39589e-06
-1.04287e-05
-1.23835e-05
-1.32437e-05
-1.30362e-05
-1.18296e-05
-9.73252e-06
-6.89375e-06
-3.49828e-06
2.46563e-07
4.13457e-06
7.98834e-06
1.16823e-05
1.51497e-05
1.83667e-05
2.13231e-05
2.39972e-05
2.63439e-05
2.82883e-05
2.9721e-05
3.04987e-05
3.04534e-05
2.94077e-05
2.71949e-05
2.36966e-05
1.8891e-05
1.28834e-05
5.88682e-06
-1.82705e-06
-9.96923e-06
-1.8254e-05
-2.6417e-05
-3.42302e-05
-4.14886e-05
-4.79671e-05
-5.33786e-05
-5.73701e-05
-5.95718e-05
-5.96825e-05
-5.75537e-05
-5.32287e-05
-4.69277e-05
-3.89972e-05
-2.98437e-05
-1.98612e-05
-9.37254e-06
1.38841e-06
1.22403e-05
2.29862e-05
3.33512e-05
4.29565e-05
5.13468e-05
5.80625e-05
6.27304e-05
6.51443e-05
6.53226e-05
6.35311e-05
6.02497e-05
5.60893e-05
5.16901e-05
4.76285e-05
4.43446e-05
4.21129e-05
4.10612e-05
4.11958e-05
4.23811e-05
4.42972e-05
4.64631e-05
4.83458e-05
4.94802e-05
4.95286e-05
4.82949e-05
4.57325e-05
4.19348e-05
3.70741e-05
3.13114e-05
2.47399e-05
1.7394e-05
9.2974e-06
5.20785e-07
-8.76066e-06
-1.82258e-05
-2.74187e-05
-3.58225e-05
-4.29646e-05
-4.85104e-05
-5.23266e-05
-5.44991e-05
-5.52967e-05
-5.50954e-05
-5.4287e-05
-5.31886e-05
-5.19721e-05
-5.06462e-05
-4.91046e-05
-4.72147e-05
-4.49056e-05
-4.22333e-05
-3.9399e-05
-3.66994e-05
-3.44297e-05
-3.28042e-05
-3.19305e-05
-3.18186e-05
-3.23994e-05
-3.35597e-05
-3.51908e-05
-3.7222e-05
-3.96118e-05
-4.23086e-05
-4.52079e-05
-4.81303e-05
-5.08325e-05
-5.3052e-05
-5.45681e-05
-5.45681e-05
-5.52495e-05
-5.50699e-05
-5.4092e-05
-5.24376e-05
-5.02603e-05
-4.77214e-05
-4.49722e-05
-4.21451e-05
-3.93615e-05
-3.67543e-05
-3.44896e-05
-3.27591e-05
-3.17248e-05
-3.14459e-05
-3.18594e-05
-3.28407e-05
-3.42633e-05
-3.59882e-05
-3.78231e-05
-3.95386e-05
-4.09275e-05
-4.18395e-05
-4.21772e-05
-4.18932e-05
-4.09956e-05
-3.95475e-05
-3.76588e-05
-3.54752e-05
-3.3158e-05
-3.08524e-05
-2.86557e-05
-2.66151e-05
-2.47585e-05
-2.31282e-05
-2.17836e-05
-2.07856e-05
-2.01864e-05
-2.00263e-05
-2.03176e-05
-2.10208e-05
-2.20302e-05
-2.3182e-05
-2.42824e-05
-2.51477e-05
-2.56406e-05
-2.56831e-05
-2.52444e-05
-2.43216e-05
-2.2922e-05
-2.10476e-05
-1.86842e-05
-1.58059e-05
-1.23954e-05
-8.4685e-06
-4.09186e-06
6.16095e-07
5.50007e-06
1.03937e-05
1.51445e-05
1.96242e-05
2.37164e-05
2.72892e-05
3.01672e-05
3.21208e-05
3.28836e-05
3.22077e-05
2.99429e-05
2.60988e-05
2.08506e-05
1.44937e-05
7.39055e-06
-6.0599e-08
-7.43757e-06
-1.43041e-05
-2.02228e-05
-2.47731e-05
-2.75827e-05
-2.83814e-05
-2.70669e-05
-2.37509e-05
-1.87511e-05
-1.25307e-05
-5.61344e-06
1.50251e-06
8.41763e-06
1.48626e-05
2.06678e-05
2.56944e-05
2.97825e-05
3.27425e-05
3.43798e-05
3.45399e-05
3.31719e-05
3.03834e-05
2.64496e-05
2.17609e-05
1.67361e-05
1.17448e-05
7.06579e-06
2.88428e-06
-6.90412e-07
-3.6046e-06
-5.84449e-06
-7.42861e-06
-8.40942e-06
-8.87944e-06
-8.97141e-06
-8.84283e-06
-8.64626e-06
-8.50314e-06
-8.49646e-06
-8.67171e-06
-9.02722e-06
-9.50069e-06
-9.97642e-06
-1.0316e-05
-1.03917e-05
-1.01101e-05
-9.43423e-06
-8.40344e-06
-7.14054e-06
-5.8298e-06
-4.67127e-06
-3.83408e-06
-3.42758e-06
-3.49121e-06
-3.99842e-06
-4.87497e-06
-6.02508e-06
-7.34742e-06
-8.7333e-06
-1.00629e-05
-1.12168e-05
-1.20979e-05
-1.26494e-05
-1.28676e-05
-1.28187e-05
-1.26476e-05
-1.25554e-05
-1.27435e-05
-1.33558e-05
-1.44481e-05
-1.59794e-05
-1.78121e-05
-1.9729e-05
-2.14783e-05
-2.28337e-05
-2.36356e-05
-2.38008e-05
-2.33163e-05
-2.22296e-05
-2.06246e-05
-1.85833e-05
-1.61605e-05
-1.33926e-05
-1.03225e-05
-7.01492e-06
-3.56542e-06
-1.08916e-07
3.18055e-06
6.11225e-06
8.51438e-06
1.02665e-05
1.13258e-05
1.17518e-05
1.17262e-05
1.15551e-05
1.1634e-05
1.23684e-05
1.40775e-05
1.69256e-05
2.08999e-05
2.58108e-05
3.13049e-05
3.69189e-05
4.21884e-05
4.6758e-05
5.04273e-05
5.31293e-05
5.48884e-05
5.57786e-05
5.58747e-05
5.52099e-05
5.37748e-05
5.15588e-05
4.85927e-05
4.49653e-05
4.08162e-05
3.63116e-05
3.1596e-05
2.67441e-05
2.17559e-05
1.66064e-05
1.13111e-05
5.96255e-06
7.3107e-07
-4.14489e-06
-8.37477e-06
-1.16538e-05
-1.37255e-05
-1.44386e-05
-1.37672e-05
-1.17946e-05
-8.68585e-06
-4.65638e-06
6.14192e-08
5.24313e-06
1.06674e-05
1.60813e-05
2.11665e-05
2.5539e-05
2.87882e-05
3.05359e-05
3.04962e-05
2.85222e-05
2.46304e-05
1.89928e-05
1.18982e-05
3.70616e-06
-5.17566e-06
-1.42839e-05
-2.30938e-05
-3.10462e-05
-3.76066e-05
-4.23262e-05
-4.48828e-05
-4.51066e-05
-4.30028e-05
-3.87589e-05
-3.27195e-05
-2.5328e-05
-1.70593e-05
-8.36956e-06
3.31427e-07
8.68771e-06
1.63859e-05
2.31302e-05
2.8629e-05
3.2612e-05
3.48619e-05
3.52404e-05
3.37068e-05
3.03369e-05
2.53275e-05
1.89781e-05
1.16578e-05
3.77664e-06
-4.24134e-06
-1.19856e-05
-1.90808e-05
-2.51964e-05
-3.00503e-05
-3.34181e-05
-3.51462e-05
-3.5159e-05
-3.34591e-05
-3.01294e-05
-2.53364e-05
-1.93252e-05
-1.24024e-05
-4.9148e-06
2.77088e-06
1.02902e-05
1.73038e-05
2.35192e-05
2.87089e-05
3.27225e-05
3.54945e-05
3.70421e-05
3.74488e-05
3.68333e-05
3.53224e-05
3.30494e-05
3.01679e-05
2.68585e-05
2.33232e-05
1.978e-05
1.64557e-05
1.35616e-05
1.12496e-05
9.56794e-06
8.44063e-06
7.69034e-06
7.09915e-06
6.47722e-06
5.70601e-06
4.74688e-06
3.62433e-06
2.39346e-06
1.10022e-06
-2.50336e-07
-1.69698e-06
-3.2841e-06
-4.99307e-06
-6.67899e-06
-8.05253e-06
-8.72325e-06
-8.28947e-06
-6.44314e-06
-3.0582e-06
1.76664e-06
7.72679e-06
1.43727e-05
2.11617e-05
2.74744e-05
3.26382e-05
3.60088e-05
3.70848e-05
3.55715e-05
3.13767e-05
2.46061e-05
1.56102e-05
5.04622e-06
-6.11644e-06
-1.66708e-05
-2.53116e-05
-3.08212e-05
-3.22814e-05
-2.92493e-05
-2.18096e-05
-1.04905e-05
3.83654e-06
3.83654e-06
1.99737e-05
3.642e-05
5.15585e-05
6.39797e-05
7.27364e-05
7.74281e-05
7.81785e-05
7.55493e-05
7.03381e-05
6.32828e-05
5.48271e-05
4.50539e-05
3.37338e-05
2.04269e-05
4.66971e-06
-1.37521e-05
-3.45852e-05
-5.70576e-05
-7.99329e-05
-0.000101558
-0.000119946
-0.000133005
-0.000138911
-0.000136433
-0.000125135
-0.000105512
-7.90458e-05
-4.8043e-05
-1.51977e-05
1.69017e-05
4.60957e-05
7.08137e-05
9.01463e-05
0.000103755
0.000111573
0.000113524
0.000109512
9.96622e-05
8.45286e-05
6.51812e-05
4.31713e-05
2.03794e-05
-1.29954e-06
-2.03545e-05
-3.59619e-05
-4.80539e-05
-5.71403e-05
-6.39737e-05
-6.91724e-05
-7.29004e-05
-7.47157e-05
-7.3699e-05
-6.88555e-05
-5.95798e-05
-4.59439e-05
-2.87552e-05
-9.45003e-06
1.01728e-05
2.83664e-05
4.38235e-05
5.5834e-05
6.42094e-05
6.91078e-05
7.08294e-05
6.96062e-05
6.54854e-05
5.83974e-05
4.83374e-05
3.55101e-05
2.03821e-05
3.67722e-06
-1.36877e-05
-3.07427e-05
-4.66185e-05
-6.06158e-05
-7.21786e-05
-8.08399e-05
-8.61865e-05
-8.78508e-05
-8.55507e-05
-7.91861e-05
-6.89349e-05
-5.5278e-05
-3.89474e-05
-2.08485e-05
-1.98633e-06
1.66054e-05
3.39191e-05
4.89986e-05
6.09557e-05
6.90182e-05
7.2625e-05
7.15412e-05
6.59374e-05
5.63839e-05
4.37605e-05
2.91185e-05
1.35205e-05
-2.11446e-06
-1.70933e-05
-3.0912e-05
-4.31516e-05
-5.3407e-05
-6.12828e-05
-6.64228e-05
-6.85576e-05
-6.75734e-05
-6.35719e-05
-5.68752e-05
-4.79659e-05
-3.7399e-05
-2.57247e-05
-1.34436e-05
-9.98367e-07
1.11987e-05
2.27208e-05
3.30951e-05
4.1817e-05
4.84101e-05
5.24964e-05
5.38502e-05
5.24284e-05
4.83756e-05
4.19951e-05
3.36915e-05
2.39094e-05
1.30966e-05
1.69364e-06
-9.85886e-06
-2.11096e-05
-3.15925e-05
-4.0842e-05
-4.84271e-05
-5.39917e-05
-5.72837e-05
-5.81717e-05
-5.66461e-05
-5.28051e-05
-4.68324e-05
-3.89843e-05
-2.95922e-05
-1.90628e-05
-7.86269e-06
3.50533e-06
1.45237e-05
2.46807e-05
3.34996e-05
4.0571e-05
4.55738e-05
4.82837e-05
4.85803e-05
4.6456e-05
4.20217e-05
3.5506e-05
2.72454e-05
1.76669e-05
7.26815e-06
-3.40479e-06
-1.37893e-05
-2.33484e-05
-3.16123e-05
-3.82056e-05
-4.28605e-05
-4.54248e-05
-4.58612e-05
-4.42357e-05
-4.06951e-05
-3.54493e-05
-2.87621e-05
-2.09453e-05
-1.23505e-05
-3.35671e-06
5.64062e-06
1.42456e-05
2.20803e-05
2.88032e-05
3.41242e-05
3.78166e-05
3.97279e-05
3.97895e-05
3.80244e-05
3.45452e-05
2.95445e-05
2.32817e-05
1.60704e-05
8.26138e-06
2.23157e-07
-7.67558e-06
-1.50832e-05
-2.16818e-05
-2.71981e-05
-3.14087e-05
-3.41455e-05
-3.53067e-05
-3.48645e-05
-3.28678e-05
-2.94384e-05
-2.47641e-05
-1.90861e-05
-1.26853e-05
-5.86921e-06
1.04236e-06
7.73581e-06
1.39197e-05
1.93349e-05
2.37601e-05
2.70172e-05
2.89769e-05
2.95657e-05
2.87741e-05
2.66608e-05
2.33485e-05
1.90157e-05
1.38875e-05
8.22289e-06
2.29879e-06
-3.60511e-06
-9.21837e-06
-1.42915e-05
-1.86065e-05
-2.19834e-05
-2.42844e-05
-2.54201e-05
-2.5356e-05
-2.41142e-05
-2.17708e-05
-1.84521e-05
-1.43308e-05
-9.61606e-06
-4.54028e-06
6.55754e-07
5.73584e-06
1.04779e-05
1.46788e-05
1.81587e-05
2.07701e-05
2.24083e-05
2.30153e-05
2.25801e-05
2.11389e-05
1.87754e-05
1.56168e-05
1.18244e-05
7.58453e-06
3.10066e-06
-1.41769e-06
-5.76584e-06
-9.75146e-06
-1.31996e-05
-1.59599e-05
-1.79157e-05
-1.89915e-05
-1.91545e-05
-1.84137e-05
-1.68188e-05
-1.44583e-05
-1.14553e-05
-7.96003e-06
-4.14125e-06
-1.7741e-07
3.75131e-06
7.4685e-06
1.08076e-05
1.36218e-05
1.57935e-05
1.72371e-05
1.78992e-05
1.77629e-05
1.68489e-05
1.52142e-05
1.29484e-05
1.01691e-05
7.01396e-06
3.63192e-06
1.79786e-07
-3.18253e-06
-6.30218e-06
-9.04295e-06
-1.12879e-05
-1.29406e-05
-1.39322e-05
-1.42299e-05
-1.38368e-05
-1.27862e-05
-1.11365e-05
-8.96992e-06
-6.39291e-06
-3.53206e-06
-5.26455e-07
2.48208e-06
5.35744e-06
7.97392e-06
1.02194e-05
1.19993e-05
1.32414e-05
1.38971e-05
1.39444e-05
1.33904e-05
1.2272e-05
1.06522e-05
8.61483e-06
6.26124e-06
3.706e-06
1.07089e-06
-1.52151e-06
-3.95325e-06
-6.11668e-06
-7.92041e-06
-9.29234e-06
-1.01792e-05
-1.05468e-05
-1.03845e-05
-9.70793e-06
-8.55806e-06
-6.99701e-06
-5.10425e-06
-2.97315e-06
-7.06345e-07
1.58973e-06
3.80997e-06
5.85539e-06
7.63726e-06
7.63726e-06
9.08034e-06
1.01252e-05
1.07305e-05
1.08752e-05
1.05601e-05
9.80823e-06
9.80823e-06
