-2.91829e-10
-3.30937e-09
-1.59943e-08
-4.91615e-08
-1.17734e-07
-2.4528e-07
-4.57191e-07
-7.48073e-07
-1.05127e-06
-1.26604e-06
-1.34024e-06
-1.3144e-06
-1.26298e-06
-1.21375e-06
-1.1549e-06
-1.08841e-06
-1.02723e-06
-9.6016e-07
-8.62511e-07
-7.27941e-07
-5.67456e-07
-4.016e-07
-2.69501e-07
-2.18618e-07
-2.71011e-07
-4.12942e-07
-6.16751e-07
-8.61202e-07
-1.1364e-06
-1.44126e-06
-1.77893e-06
-2.15371e-06
-2.5693e-06
-3.02353e-06
-3.5017e-06
-3.97657e-06
-4.41569e-06
-4.79072e-06
-5.08501e-06
-5.296e-06
-5.43005e-06
-5.49305e-06
-5.48422e-06
-5.39646e-06
-5.22009e-06
-4.94578e-06
-4.56696e-06
-4.08232e-06
-3.49812e-06
-2.82867e-06
-2.09321e-06
-1.30867e-06
-4.83375e-07
3.82435e-07
1.29113e-06
2.24274e-06
3.23236e-06
4.25022e-06
5.28409e-06
6.32184e-06
7.35214e-06
8.36643e-06
9.3627e-06
1.03468e-05
1.13294e-05
1.23212e-05
1.33286e-05
1.43508e-05
1.53806e-05
1.64063e-05
1.74129e-05
1.8379e-05
1.92748e-05
2.00635e-05
2.07041e-05
2.11572e-05
2.13874e-05
2.13675e-05
2.10805e-05
2.05206e-05
1.96881e-05
1.85825e-05
1.71973e-05
1.55206e-05
1.35395e-05
1.12465e-05
8.64625e-06
5.7602e-06
2.62805e-06
-6.96524e-07
-4.15513e-06
-7.696e-06
-1.12839e-05
-1.4905e-05
-1.85624e-05
-2.22636e-05
-2.6008e-05
-2.97778e-05
-3.35347e-05
-3.7222e-05
-4.07711e-05
-4.41111e-05
-4.71785e-05
-4.99266e-05
-5.23271e-05
-5.43643e-05
-5.60266e-05
-5.73064e-05
-5.82016e-05
-5.87123e-05
-5.88327e-05
-5.8545e-05
-5.7817e-05
-5.66041e-05
-5.48577e-05
-5.25409e-05
-4.96477e-05
-4.62159e-05
-4.23279e-05
-3.80994e-05
-3.36545e-05
-2.90944e-05
-2.44759e-05
-1.98075e-05
-1.50588e-05
-1.01694e-05
-5.05489e-06
3.828e-07
6.24163e-06
1.26094e-05
1.95569e-05
2.71275e-05
3.53213e-05
4.40862e-05
5.33235e-05
6.2903e-05
7.26673e-05
8.24209e-05
9.19192e-05
0.000100867
0.000108925
0.000115721
0.000120877
0.000124046
0.000124951
0.000123415
0.000119369
0.000112836
0.000103873
9.25045e-05
7.86505e-05
6.21099e-05
4.26365e-05
2.01034e-05
-5.30154e-06
-3.29133e-05
-6.15169e-05
-8.94459e-05
-0.000114881
-0.000136224
-0.00015236
-0.000162747
-0.000167403
-0.000166803
-0.000161638
-0.000152534
-0.000139951
-0.00012426
-0.000105863
-8.52647e-05
-6.31293e-05
-4.03128e-05
-1.77548e-05
3.72393e-06
2.35757e-05
4.15689e-05
5.77644e-05
7.24467e-05
8.59984e-05
9.87529e-05
0.000110899
0.000122461
0.000133304
0.000143125
0.00015143
0.000157582
0.00016098
0.00016131
0.000158735
0.000153927
0.000148015
0.000142497
0.000139056
0.000139187
0.000143839
0.000153298
0.000167325
0.000185386
0.000206882
0.000231363
0.000258596
0.000288364
0.000320005
0.000351849
0.000380681
0.000401478
0.000407765
0.000392716
0.000350817
0.00027966
0.000181361
6.28529e-05
-6.55473e-05
-0.000192774
-0.000309386
-0.000408833
-0.000487924
-0.000546661
-0.000586942
-0.000610556
-0.000618064
-0.00060918
-0.000583621
-0.0005417
-0.000485029
-0.000417185
-0.000343428
-0.000269394
-0.0001998
-0.000137811
-8.49108e-05
-4.1168e-05
-5.99782e-06
2.08799e-05
3.89056e-05
4.68777e-05
4.36855e-05
2.91644e-05
4.69313e-06
-2.67061e-05
-6.07945e-05
-9.2919e-05
-0.000118913
-0.000135748
-0.000141703
-0.00013608
-0.00011873
-8.95895e-05
-4.83963e-05
5.24055e-06
7.14182e-05
0.000149399
0.000237277
0.000331999
0.000429699
0.000526231
0.000617719
0.000700932
0.000773362
0.00083307
0.000878483
0.000908298
0.000921537
0.000917727
0.000897073
0.000860454
0.000809072
0.000743803
0.000664456
0.000569144
0.000453915
0.000312822
0.000138802
-7.4101e-05
-0.000326789
-0.000610505
-0.000904612
-0.00117973
-0.00140558
-0.001559
-0.00162807
-0.00161233
-0.00152122
-0.00137091
-0.00117867
-0.000957375
-0.000713846
-0.000451293
-0.000172683
0.000116606
0.000406704
0.000682928
0.000928627
0.00112957
0.00127676
0.00136701
0.00140221
0.00138779
0.00132999
0.00123302
0.00109731
0.000919521
0.000694229
0.000417511
9.23269e-05
-0.000266308
-0.000629912
-0.000961571
-0.0012261
-0.00139984
-0.00147484
-0.00145734
-0.00136368
-0.00121494
-0.00103006
-0.00082001
-0.000587756
-0.000333919
-6.31698e-05
0.000212302
0.000472444
0.000692403
0.000692403
0.000849028
0.000927619
0.000924527
0.000844854
0.000698174
0.000495166
0.000246014
-3.96547e-05
-0.000351345
-0.000674895
-0.000989822
-0.00126935
-0.00148432
-0.0016093
-0.00162837
-0.00153872
-0.00135117
-0.00108718
-0.000773327
-0.000435724
-9.63015e-05
0.00022844
0.000526716
0.000789275
0.00100683
0.00116879
0.00126437
0.00128555
0.00123008
0.001103
0.000916349
0.000687329
0.000435564
0.000179977
-6.37692e-05
-0.000284345
-0.000474227
-0.000628362
-0.000742939
-0.000814731
-0.000841059
-0.000820477
-0.000753958
-0.00064584
-0.000503719
-0.000337325
-0.000157151
2.65947e-05
0.000204597
0.00036835
0.000509424
0.000618885
0.000687883
0.000709469
0.000680779
0.000604583
0.0004894
0.000347761
0.000193203
3.74772e-05
-0.000110818
-0.000246318
-0.000366289
-0.000469333
-0.000553519
-0.000615056
-0.000648681
-0.000649442
-0.00061469
-0.000545616
-0.000448201
-0.000333217
-0.00021487
-0.000108073
-2.47233e-05
2.98511e-05
5.82831e-05
6.92087e-05
7.32305e-05
7.92462e-05
9.22466e-05
0.000112555
0.000136913
0.000161301
0.000183538
0.000203755
0.000223085
0.000241574
0.000255362
0.000254048
0.000221339
0.000141224
7.33372e-06
-0.000170568
-0.000367751
-0.000552434
-0.000695019
-0.000774659
-0.00078318
-0.000726313
-0.000620175
-0.000483941
-0.000334163
-0.000183605
-4.17809e-05
8.52431e-05
0.000194434
0.000284189
0.000353672
0.000403659
0.000436749
0.000455989
0.000463659
0.000461417
0.000450673
0.000432037
0.000404897
0.000368591
0.000324275
0.000275338
0.000226125
0.000180375
0.00014018
0.000105523
7.47681e-05
4.61946e-05
1.94986e-05
-3.82044e-06
-2.10927e-05
-2.94234e-05
-2.65704e-05
-1.16398e-05
1.45836e-05
4.98404e-05
9.11425e-05
0.000135824
0.000182336
0.00023023
0.000279277
0.000328281
0.00037416
0.000411708
0.000434281
0.00043526
0.000409764
0.000356052
0.000276365
0.000176921
6.68322e-05
-4.37458e-05
-0.000145378
-0.000230489
-0.000293968
-0.000333231
-0.000347418
-0.000336058
-0.00029835
-0.000233538
-0.000141669
-2.40684e-05
0.000116234
0.000274037
0.000441866
0.00061032
0.000768361
0.000903545
0.00100281
0.00105423
0.00104937
0.00098571
0.000868237
0.000708842
0.000523159
0.000326284
0.000129684
-5.99027e-05
-0.000240225
-0.000412008
-0.000575697
-0.000727928
-0.000860426
-0.00096193
-0.0010213
-0.00103052
-0.000987159
-0.000895307
-0.000763928
-0.000603888
-0.000425485
-0.000237046
-4.43451e-05
0.000148819
0.000338902
0.000520903
0.000687909
0.000832016
0.000945952
0.00102477
0.00106703
0.00107482
0.00105272
0.00100605
0.00093954
0.000856691
0.000760009
0.00065176
0.000534809
0.000412904
0.00028998
0.000168577
4.81326e-05
-7.54772e-05
-0.000207863
-0.000351668
-0.000502132
-0.000645773
-0.000763242
-0.00083492
-0.000847265
-0.000798035
-0.000697977
-0.00056768
-0.000431573
-0.000312055
-0.000224592
-0.000174304
-0.000156282
-0.000160211
-0.000175658
-0.000194813
-0.000213452
-0.000231319
-0.000250748
-0.000273274
-0.000297028
-0.000317116
-0.00032768
-0.000323601
-0.000301629
-0.000261315
-0.000205001
-0.000136367
-5.85197e-05
2.70407e-05
0.000120296
0.000221867
0.000331588
0.000446561
0.000559468
0.000658333
0.000728373
0.000755625
0.000731466
0.000656555
0.000542155
0.00040717
0.000271709
0.000150674
5.07821e-05
-2.8796e-05
-9.41083e-05
-0.00015313
-0.000211252
-0.000267333
-0.000313256
-0.000337132
-0.000327598
-0.00027772
-0.000188523
-7.12865e-05
5.298e-05
0.000157402
0.000215939
0.000211448
0.00014173
1.98857e-05
-0.000131039
-0.000285676
-0.000423435
-0.00053381
-0.000617814
-0.000684431
-0.000745055
-0.00080971
-0.000884728
-0.000970032
-0.00105745
-0.00113227
-0.00117686
-0.00117405
-0.00111024
-0.000978874
-0.000782675
-0.000533154
-0.000248009
5.17403e-05
0.00034448
0.000611086
0.000837705
0.00101649
0.00114397
0.00121856
0.00123876
0.0012021
0.00110507
0.000944555
0.000720703
0.000439732
0.000115383
-0.00023175
-0.000577077
-0.000896178
-0.00116853
-0.00137938
-0.00151986
-0.00158597
-0.00157685
-0.00149299
-0.00133567
-0.00110816
-0.000817772
-0.000477631
-0.000477631
-0.000107573
0.00026664
0.000616882
0.000918636
0.00115678
0.00132782
0.00143728
0.00149424
0.00150665
0.00147902
0.00141195
0.00130328
0.00115136
0.000959271
0.000736928
0.000499905
0.000266423
5.37761e-05
-0.000125434
-0.000265942
-0.000369631
-0.000442843
-0.000493118
-0.000526607
-0.000546537
-0.000553201
-0.000545423
-0.000522379
-0.000484688
-0.000434786
-0.0003768
-0.000315704
-0.000255872
-0.000199976
-0.000149043
-0.000103235
-6.24814e-05
-2.67574e-05
3.7191e-06
2.85299e-05
4.76151e-05
6.19236e-05
7.33737e-05
8.40073e-05
9.4842e-05
0.000104833
0.000110359
0.000105853
8.56887e-05
4.63849e-05
-1.18478e-05
-8.44272e-05
-0.000162659
-0.000235396
-0.000291964
-0.000324931
-0.000331324
-0.000312407
-0.00027285
-0.000219473
-0.000159421
-9.85345e-05
-4.09545e-05
1.03586e-05
5.332e-05
8.67137e-05
0.000109765
0.00012147
0.000120593
0.000106251
7.81507e-05
3.64134e-05
-1.82337e-05
-8.38503e-05
-0.000157106
-0.000233708
-0.00030874
-0.000376736
-0.000431974
-0.000469037
-0.000483184
-0.00047053
-0.000428465
-0.000356232
-0.00025522
-0.000128984
1.67332e-05
0.000174159
0.000334331
0.000488519
0.00062941
0.00075162
0.000851871
0.000929191
0.000984688
0.00102039
0.00103767
0.00103629
0.00101433
0.000968447
0.000894506
0.000788904
0.000650424
0.000481598
0.000288834
8.15354e-05
-0.000129269
-0.000332634
-0.000519424
-0.000683166
-0.000819636
-0.000925984
-0.00100029
-0.0010415
-0.00104932
-0.00102456
-0.000969631
-0.000888706
-0.000786893
-0.00066905
-0.000539148
-0.000400234
-0.000254562
-0.000103945
4.93006e-05
0.000201225
0.000345926
0.000476345
0.000585454
0.00066731
0.000718116
0.000737134
0.000726712
0.000691232
0.000635797
0.000565377
0.00048431
0.000396061
0.000303442
0.000209266
0.00011673
2.91388e-05
-5.06843e-05
-0.00012076
-0.000180047
-0.000228391
-0.000266183
-0.000293674
-0.000310342
-0.000314899
-0.000306062
-0.000283562
-0.000248829
-0.000205144
-0.000157291
-0.000110695
-7.0179e-05
-3.88871e-05
-1.79112e-05
-6.60568e-06
-3.28609e-06
-6.19952e-06
-1.45955e-05
-2.92798e-05
-5.20865e-05
-8.44734e-05
-0.000126034
-0.000173669
-0.000221848
-0.000263923
-0.000293836
-0.000307387
-0.000302746
-0.000280314
-0.000241968
-0.00018987
-0.000125461
-4.92076e-05
3.89153e-05
0.000138554
0.000248054
0.000363934
0.000481137
0.000593933
0.000696982
0.000786161
0.000859017
0.000914663
0.000953046
0.000973744
0.000974804
0.000952258
0.000900805
0.000815533
0.000694093
0.000538579
0.000356515
0.000160348
-3.48684e-05
-0.000214742
-0.000368142
-0.000488328
-0.000573104
-0.000624315
-0.00064629
-0.000643769
-0.000620746
-0.000580597
-0.000526405
-0.000460999
-0.000387339
-0.000309056
-0.000230147
-0.000153954
-8.27488e-05
-1.83012e-05
3.76171e-05
8.33395e-05
0.000117396
0.000138242
0.000144263
0.000134443
0.000109027
6.95039e-05
1.80699e-05
-4.29086e-05
-0.000111233
-0.000184937
-0.000261963
-0.00033954
-0.000413613
-0.000478618
-0.000527892
-0.000554812
-0.000554327
-0.000524127
-0.000464928
-0.000379951
-0.000273917
-0.00015187
-1.81975e-05
0.00012364
0.000270609
0.000419289
0.000565263
0.000702895
0.000825589
0.000926578
0.000999966
0.00104146
0.0010486
0.00102059
0.00095812
0.000863019
0.000738225
0.000588014
0.000418447
0.00023751
5.45972e-05
-0.000120564
-0.000279172
-0.000414557
-0.000523155
-0.000604807
-0.00066194
-0.000697972
-0.000715847
-0.000717216
-0.000702195
-0.000669805
-0.000619224
-0.000551218
-0.000468647
-0.000375972
-0.000278545
-0.000181989
-9.12934e-05
-9.84594e-06
6.07908e-05
0.000120188
0.00016821
0.000204556
0.000228604
0.000239483
0.000236478
0.000219526
0.000189386
0.00014751
9.58852e-05
3.6954e-05
-2.64843e-05
-9.1312e-05
-0.00015398
-0.000210458
-0.000256589
-0.00028888
-0.000305409
-0.000306494
-0.000294834
-0.000274799
-0.000250991
-0.000226938
-0.00020477
-0.000185684
-0.000170406
-0.000159389
-0.000153031
-0.000151839
-0.000156277
-0.000166399
-0.000181643
-0.000200802
-0.000222056
-0.000243144
-0.000261823
-0.000276364
-0.000285701
-0.000289128
-0.000285878
-0.000274846
-0.000254465
-0.000222726
-0.000222726
-0.000177524
-0.000117468
-4.29906e-05
4.27063e-05
0.000133364
0.000220437
0.000294931
0.000349734
0.000381371
0.000390441
0.000380873
0.000358596
0.0003298
0.000299002
0.00026786
0.000235604
0.000200632
0.000161999
0.000120263
7.78088e-05
3.84787e-05
6.37031e-06
-1.55906e-05
-2.6396e-05
-2.68664e-05
-1.91292e-05
-5.87865e-06
1.04885e-05
2.85049e-05
4.76619e-05
6.79409e-05
8.92728e-05
0.000111206
0.000132827
0.000152934
0.000170437
0.000184751
0.000195944
0.000204621
0.000211653
0.000217794
0.000223234
0.000227346
0.000228849
0.00022629
0.000218573
0.00020532
0.000186996
0.000164794
0.000140289
0.000114968
8.98506e-05
6.53896e-05
4.16747e-05
1.87169e-05
-3.34495e-06
-2.41265e-05
-4.29718e-05
-5.90497e-05
-7.1488e-05
-7.94383e-05
-8.21543e-05
-7.92327e-05
-7.09883e-05
-5.88701e-05
-4.59504e-05
-3.73808e-05
-4.02111e-05
-6.19039e-05
-0.000107758
-0.000178505
-0.000269341
-0.000370779
-0.000470968
-0.000558696
-0.000625866
-0.000668441
-0.000686016
-0.00068079
-0.000656124
-0.00061463
-0.000556832
-0.000481591
-0.0003879
-0.000276467
-0.000150401
-1.51775e-05
0.000122075
0.000254024
0.000374591
0.000479557
0.000566299
0.000633148
0.000678623
0.000700724
0.000696858
0.00066478
0.00060409
0.000517359
0.000410304
0.000291091
0.000168976
5.25147e-05
-5.21254e-05
-0.00014191
-0.000216345
-0.000275998
-0.000320914
-0.000349417
-0.000357807
-0.000341373
-0.000296367
-0.000221741
-0.000119829
3.92276e-06
0.000141806
0.000285161
0.000425599
0.000555155
0.000665048
0.000744091
0.000778439
0.00075376
0.000659765
0.000495401
0.000271913
1.15116e-05
-0.000258296
-0.000512125
-0.000732478
-0.000911952
-0.00105228
-0.001161
-0.00124608
-0.00130992
-0.00134646
-0.00134365
-0.00128911
-0.00117575
-0.00100536
-0.00078922
-0.000545043
-0.000291099
-4.1163e-05
0.000197483
0.000423263
0.000637831
0.000842636
0.00103575
0.00121054
0.00135661
0.00146239
0.00151793
0.00151677
0.00145649
0.00133852
0.00116837
0.000955868
0.000714253
0.000457829
0.00019987
-4.80802e-05
-0.000276322
-0.000477408
-0.000646238
-0.000779354
-0.000874442
-0.000930567
-0.000948212
-0.00092881
-0.00087474
-0.000789902
-0.00067968
-0.000549984
-0.000406487
-0.000254606
-9.97143e-05
5.28667e-05
0.000197871
0.000329967
0.000443867
0.000534984
0.00060036
0.000639324
0.000653478
0.000645927
0.000619826
0.000576512
0.000513928
0.000426464
0.000307207
0.000152386
-3.40258e-05
-0.000238529
-0.00044084
-0.000619639
-0.000757767
-0.000844903
-0.000878418
-0.000862866
-0.000807113
-0.000719822
-0.000606534
-0.000470203
-0.000313825
-0.000143339
3.01243e-05
0.000190136
0.000318435
0.000400722
0.000431453
0.000415164
0.000364005
0.000292918
0.000214777
0.000137263
6.19731e-05
-1.40657e-05
-9.45067e-05
-0.000179185
-0.000261851
-0.000331217
-0.000374104
-0.000379354
-0.000341512
-0.000262674
-0.000151287
-1.8912e-05
0.000122957
0.000264973
0.000400778
0.000526431
0.000638626
0.000732905
0.000803179
0.000842746
0.000846064
0.000810451
0.000737055
0.000630668
0.000498393
0.000347992
0.000187031
2.30407e-05
-0.000135982
-0.000281419
-0.000404324
-0.000496145
-0.000549863
-0.000561327
-0.000530452
-0.000462007
-0.000365302
-0.00025214
-0.000133646
-1.77867e-05
9.12633e-05
0.000192158
0.00028459
0.000367231
0.00043622
0.00048516
0.000506713
0.000494815
0.00044662
0.000363801
0.000252737
0.000123159
-1.42944e-05
-0.000150304
-0.000278001
-0.000392944
-0.000492136
-0.000572534
-0.000629975
-0.000659302
-0.00065551
-0.000615177
-0.000537672
-0.000425914
-0.000286473
-0.000128986
3.49066e-05
0.000192876
0.000333234
0.00044595
0.000523212
0.000559801
0.000553655
0.00050638
0.000423081
0.000311374
0.000179991
3.72354e-05
-0.000110602
-0.000260071
-0.000409485
-0.000556311
-0.000694987
-0.000816429
-0.000908928
-0.000960095
-0.000959777
-0.000902855
-0.000790311
-0.000628517
-0.000427826
-0.000200713
4.05732e-05
0.000285752
0.000526376
0.000754339
0.000960668
0.00113535
0.00126801
0.00134924
0.00137252
0.00133599
0.00124296
0.00110104
0.000920471
0.000712332
0.000712332
0.000487266
0.000254865
2.36877e-05
-0.000198345
-0.000403516
-0.000584184
-0.00073318
-0.000844589
-0.000914485
-0.000941302
-0.000925812
-0.000870687
-0.000779643
-0.000656554
-0.000505183
-0.000329742
-0.000135711
6.9736e-05
0.000277812
0.000478452
0.000660915
0.000814796
0.000931198
0.00100362
0.00102837
0.0010046
0.000934076
0.000820724
0.000669836
0.000487494
0.000280557
5.72283e-05
-0.000172363
-0.000396206
-0.000601266
-0.000774916
-0.000906487
-0.000988473
-0.00101718
-0.000992747
-0.000918603
-0.000800534
-0.000646044
-0.000464223
-0.000265706
-6.23097e-05
0.000133579
0.000309707
0.000454954
0.000560655
0.000621805
0.000637573
0.000610945
0.000547745
0.000455427
0.000341872
0.000214338
7.89745e-05
-5.87349e-05
-0.000193027
-0.0003174
-0.000425064
-0.000509817
-0.000566935
-0.000594195
-0.000592755
-0.000567115
-0.0005238
-0.000469406
-0.000408946
-0.000345157
-0.000278915
-0.000210271
-0.000139421
-6.73973e-05
3.48986e-06
6.97703e-05
0.000127689
0.0001743
0.000208064
0.00022888
0.000237798
0.000236472
0.000226445
0.000208627
0.00018323
0.000150028
0.000108707
5.92014e-05
2.01246e-06
-6.15833e-05
-0.000129564
-0.000199457
-0.000268763
-0.0003353
-0.000397208
-0.000452483
-0.00049837
-0.000531283
-0.000547536
-0.000544374
-0.000520645
-0.000477056
-0.000416197
-0.000342286
-0.000260446
-0.000175711
-9.22377e-05
-1.30552e-05
5.9752e-05
0.000124679
0.000180414
0.000225544
0.000258555
0.000278192
0.000283892
0.000276009
0.000255799
0.000225333
0.00018727
0.000144444
9.94535e-05
5.4542e-05
1.17655e-05
-2.68219e-05
-5.91262e-05
-8.31021e-05
-9.69448e-05
-9.93878e-05
-8.99889e-05
-6.92201e-05
-3.83121e-05
1.03619e-06
4.69869e-05
9.78885e-05
0.000152507
0.00021006
0.000270079
0.000332242
0.000396193
0.000461269
0.000526192
0.000588866
0.000646256
0.000694103
0.000726526
0.00073614
0.000715272
0.000657953
0.000561677
0.00042827
0.000263919
7.85234e-05
-0.000115736
-0.000306333
-0.000482004
-0.00063353
-0.000754199
-0.000840374
-0.000891595
-0.000909599
-0.000896882
-0.000855985
-0.0007895
-0.000699934
-0.000589383
-0.000459875
-0.000314357
-0.000157278
5.54976e-06
0.000167175
0.000319726
0.000455228
0.000566789
0.000649106
0.000698253
0.000711682
0.000688725
0.000630797
0.000541005
0.000423748
0.000284648
0.000130378
-3.1876e-05
-0.000194965
-0.000352059
-0.000496853
-0.000623793
-0.000728107
-0.000805556
-0.000852185
-0.000864305
-0.000838737
-0.000773341
-0.000667977
-0.000525639
-0.000353066
-0.00016028
4.07278e-05
0.000237652
0.000419521
0.000577946
0.000707295
0.00080367
0.00086374
0.00088458
0.000864489
0.000803978
0.000706401
0.000578053
0.000427577
0.000264712
9.8709e-05
-6.30296e-05
-0.000215507
-0.000355647
-0.000481181
-0.00058951
-0.000676842
-0.000737943
-0.000766921
-0.000758821
-0.000711083
-0.000624399
-0.000503159
-0.00035535
-0.00019133
-2.1701e-05
0.000144502
0.000300477
0.000441395
0.000563649
0.000663787
0.000737634
0.000780429
0.000788047
0.000758404
0.000692275
0.000593464
0.000468368
0.000325034
0.00017202
1.75521e-05
-0.000130935
-0.000266947
-0.000384836
-0.000479591
-0.000546869
-0.000583464
-0.000588019
-0.000561554
-0.000507511
-0.000431276
-0.000339269
-0.000237729
-0.000131646
-2.43128e-05
8.23626e-05
0.00018717
0.000288823
0.000385176
0.000472764
0.000547173
0.000604107
0.000640332
0.000653989
0.00064462
0.000613222
0.000562058
0.000494055
0.000412253
0.000319707
0.000219642
0.000115513
1.09114e-05
-9.05549e-05
-0.000185352
-0.000270021
-0.000341079
-0.000394998
-0.000428494
-0.00043904
-0.000425292
-0.000387276
-0.000326477
-0.000245904
-0.0001499
-4.36363e-05
6.74294e-05
0.000177953
0.000283117
0.000379048
0.000462879
0.000532394
0.000585614
0.000620626
0.000635542
0.000628461
0.00059751
0.00054099
0.000457705
0.000347671
0.000213213
5.97352e-05
-0.000104673
-0.000270709
-0.000429338
-0.000572629
-0.000694226
-0.000789728
-0.000856557
-0.000893155
-0.000898249
-0.000870855
-0.000810735
-0.000718894
-0.00059802
-0.000452714
-0.000289098
-0.000113997
6.55645e-05
0.000242166
0.000242166
0.000407414
0.000551676
0.000664687
0.000737217
0.000763421
0.000742852
0.000680931
0.000587531
0.000474545
0.000353522
0.000233528
0.000119425
1.15641e-05
-9.27717e-05
-0.000197276
-0.000304812
-0.00041554
-0.00052522
-0.000625212
-0.000704512
-0.00075222
-0.000759421
-0.000721136
-0.000638245
-0.000517584
-0.000369637
-0.000205857
-3.73682e-05
0.000125676
0.00027506
0.000404978
0.000511244
0.000590347
0.000639561
0.000657506
0.000644205
0.000600919
0.000530356
0.000436828
0.000325818
0.000203263
7.52041e-05
-5.22485e-05
-0.000173065
-0.000281645
-0.000373012
-0.000442775
-0.000487142
-0.000503216
-0.00048938
-0.000445536
-0.000373133
-0.000274978
-0.00015484
-1.70885e-05
0.000133217
0.000289568
0.000443001
0.000581749
0.000692293
0.000761617
0.000779635
0.000740895
0.000645521
0.000499574
0.000314417
0.000104657
-0.000114579
-0.000329686
-0.000529534
-0.000705857
-0.000853038
-0.000966916
-0.00104335
-0.00107803
-0.00106763
-0.0010109
-0.000909083
-0.000766187
-0.000589199
-0.000387437
-0.000171148
4.95933e-05
0.000265117
0.000465825
0.000641646
0.000781669
0.000874818
0.000912038
0.000888995
0.000807448
0.000674548
0.000500988
0.000299193
8.17739e-05
-0.00013981
-0.000355735
-0.00055711
-0.000734915
-0.000879579
-0.000981241
-0.00103056
-0.00102032
-0.000947393
-0.000814001
-0.000627466
-0.000398773
-0.000140672
0.000133975
0.000412981
0.000684616
0.000936944
0.00115748
0.00133354
0.00145308
0.00150596
0.0014854
0.00138966
0.00122313
0.000996043
0.000722856
0.00042004
0.000104551
-0.000207018
-0.000499166
-0.000758217
-0.00097262
-0.00113278
-0.00123116
-0.00126317
-0.00122825
-0.00113031
-0.000977716
-0.000782442
-0.000558506
-0.000319846
-7.85836e-05
0.000155615
0.00037514
0.000573623
0.000745286
0.000884578
0.000985903
0.00104369
0.00105327
0.00101227
0.000921534
0.000785156
0.000610083
0.000405524
0.000181909
-5.04191e-05
-0.000281984
-0.000504175
-0.000708953
-0.000888653
-0.00103576
-0.00114273
-0.00120235
-0.00120881
-0.0011591
-0.00105415
-0.000899226
-0.000703171
-0.000477097
-0.000233041
1.70563e-05
0.000262097
0.00049221
0.000698654
0.000873588
0.00101018
0.001103
0.00114844
0.00114492
0.00109274
0.000993605
0.00084997
0.000664926
0.000442928
0.000191043
-8.00953e-05
-0.000356145
-0.000619875
-0.000853052
-0.00103924
-0.0011665
-0.00122865
-0.00122488
-0.00115881
-0.00103729
-0.000869145
-0.000664027
-0.000432144
-0.000184789
6.54563e-05
0.000305429
0.000522564
0.000706021
0.000847745
0.000943494
0.000993283
0.00100055
0.000970345
0.000907762
0.000817418
0.000703616
0.000570622
0.000423022
0.000266133
0.000105995
-5.12832e-05
-0.000200354
-0.00033699
-0.000457913
-0.000560428
-0.000642126
-0.000700653
-0.000733516
-0.000738148
-0.00071259
-0.000656574
-0.000572168
-0.000463551
-0.000336332
-0.000196898
-5.18035e-05
9.287e-05
0.000231819
0.000360256
0.000473286
0.000565364
0.000630293
0.000662006
0.000655889
0.000610027
0.000525892
0.000408456
0.000265803
0.000108182
-5.3426e-05
-0.00020877
-0.000349248
-0.000468226
-0.000561043
-0.000624821
-0.00065805
-0.000660299
-0.000632429
-0.000576928
-0.000497561
-0.000398397
-0.000283133
-0.000155174
-1.79608e-05
0.000124844
0.000269038
0.000409408
0.000539666
0.000653013
0.000742825
0.000803202
0.000829741
0.000820525
0.000776594
0.000701519
0.000600678
0.000480824
0.000349679
0.000215142
8.44094e-05
-3.65608e-05
-0.000143346
-0.000233431
-0.000306476
-0.00036398
-0.000408337
-0.000441842
-0.000466064
-0.000481497
-0.000487391
-0.000482063
-0.000463721
-0.000431182
-0.000383955
-0.000322161
-0.000246921
-0.000160863
-6.78971e-05
2.76209e-05
0.000121401
0.000209096
0.000286182
0.000348197
0.00039099
0.000410826
0.000404773
0.000371469
0.000311822
0.000229233
0.000129373
1.96219e-05
-9.17955e-05
-0.000196876
-0.000288911
-0.000363204
-0.000417037
-0.000449013
-0.000458522
-0.000445757
-0.000411935
-0.000359331
-0.000291258
-0.000212086
-0.000127024
-4.15233e-05
3.93899e-05
0.000111524
0.000171661
0.000217558
0.000247989
0.000262866
0.000262866
0.000263289
0.000251362
0.000229833
0.000201767
0.000170248
0.000138102
0.000107668
8.0725e-05
5.86089e-05
4.2368e-05
3.27711e-05
3.01693e-05
3.43445e-05
4.43571e-05
5.83086e-05
7.31581e-05
8.48887e-05
8.90593e-05
8.15037e-05
5.90141e-05
2.00075e-05
-3.48286e-05
-0.000102017
-0.000175224
-0.000246156
-0.000306441
-0.000349607
-0.000371996
-0.00037254
-0.000352134
-0.00031302
-0.000258004
-0.000189634
-0.000110038
-2.16467e-05
7.1877e-05
0.000165391
0.000252928
0.000328855
0.000389044
0.000431593
0.000456753
0.000466004
0.000460825
0.000441869
0.000408927
0.000361476
0.000299465
0.000224171
0.000138835
4.85738e-05
-4.06186e-05
-0.000123263
-0.000195479
-0.000255496
-0.000303504
-0.000340839
-0.000368812
-0.000387844
-0.000397216
-0.000395266
-0.000379892
-0.000349339
-0.000303003
-0.000241835
-0.000168257
-8.58392e-05
1.08702e-06
8.79087e-05
0.000170082
0.000243057
0.000302025
0.00034223
0.000359968
0.000353528
0.000323417
0.00027211
0.0002037
0.00012337
3.65651e-05
-5.17202e-05
-0.000137181
-0.000216184
-0.000285793
-0.000343724
-0.000388039
-0.000416886
-0.000428601
-0.000422092
-0.000397133
-0.000354461
-0.000295855
-0.000224276
-0.000143883
-5.96978e-05
2.30964e-05
9.99815e-05
0.000167809
0.000225173
0.000272281
0.00031042
0.000341303
0.000366498
0.000386988
0.00040303
0.000414423
0.000420835
0.000421838
0.000416794
0.000404944
0.000385609
0.000358231
0.000322339
0.000277679
0.000224491
0.000163679
9.67497e-05
2.56544e-05
-4.7276e-05
-0.000119331
-0.00018756
-0.000249054
-0.000301119
-0.00034122
-0.000366929
-0.000376119
-0.000367379
-0.000340382
-0.000296037
-0.000236342
-0.000164135
-8.29081e-05
3.32057e-06
9.01775e-05
0.000173087
0.000247334
0.000308175
0.000351183
0.000372785
0.000370758
0.000344473
0.000294811
0.000223921
0.000135008
3.21468e-05
-7.99289e-05
-0.000195933
-0.000309982
-0.000415644
-0.000506369
-0.000576236
-0.000620722
-0.000637157
-0.000624765
-0.000584467
-0.000518673
-0.000431046
-0.000326224
-0.000209616
-8.74019e-05
3.35208e-05
0.000145938
0.000243071
0.000319383
0.000371165
0.000396802
0.000396754
0.000373274
0.000329762
0.000269886
0.000196921
0.00011366
2.26402e-05
-7.36227e-05
-0.000172349
-0.000270108
-0.000362644
-0.000445194
-0.000513078
-0.000562226
-0.000589611
-0.00059364
-0.000574329
-0.000533063
-0.000472153
-0.000394555
-0.000303796
-0.000203876
-9.90584e-05
6.32871e-06
0.000108037
0.000202148
0.00028549
0.000356043
0.000413185
0.000457711
0.000491514
0.000516749
0.000534675
0.000544873
0.000545476
0.000534144
0.00050898
0.000469064
0.000414873
0.00034859
0.000273684
0.000193683
0.000111066
2.71574e-05
-5.71738e-05
-0.000140626
-0.000220791
-0.000293927
-0.000355372
-0.000400409
-0.0004252
-0.000427555
-0.000407349
-0.000366386
-0.000307808
-0.000235408
-0.000153076
-6.44212e-05
2.72872e-05
0.000118867
0.000206915
0.000287741
0.000357535
0.000412638
0.000449796
0.000466423
0.000460906
0.000432905
0.000383529
0.000315365
0.000232354
0.000139529
4.26444e-05
-5.23045e-05
-0.000139727
-0.000215137
-0.000275549
-0.000319409
-0.000346371
-0.000357178
-0.000353422
-0.000337035
-0.000309813
-0.000273293
-0.000228777
-0.000177239
-0.0001193
-5.55819e-05
1.2767e-05
8.37319e-05
0.000154357
0.000220721
0.000278008
0.00032099
0.000344986
0.000346819
0.000325331
0.000281547
0.000218735
0.000142165
5.82833e-05
-2.64168e-05
-0.000106213
-0.000176599
-0.000234628
-0.000279005
-0.000309523
-0.000326194
-0.000328844
-0.000317331
-0.000291767
-0.0002526
-0.000200888
-0.000138712
-6.91825e-05
4.07259e-06
7.74083e-05
0.000147429
0.000211214
0.000266513
0.00031169
0.000345455
0.000366745
0.000374832
0.000369497
0.000351144
0.000320904
0.000280671
0.000232991
0.000180784
0.000127039
7.45809e-05
2.59301e-05
-1.67425e-05
-5.16207e-05
-7.72644e-05
-9.2736e-05
-9.78377e-05
-9.3329e-05
-8.093e-05
-6.30228e-05
-4.21745e-05
-2.07278e-05
-6.05105e-07
1.67569e-05
3.04825e-05
4.03261e-05
4.66221e-05
5.01196e-05
5.17841e-05
5.25328e-05
5.28036e-05
5.20373e-05
4.84024e-05
3.90682e-05
2.09735e-05
2.09735e-05
-8.27018e-06
-4.95871e-05
-0.000101785
-0.00016128
-0.000222643
-0.000279854
-0.000327446
-0.000361087
-0.000377855
-0.000376341
-0.000356286
-0.000317871
-0.000261498
-0.0001884
-0.000101415
-5.34004e-06
9.32192e-05
0.000186438
0.000266443
0.000326881
0.000364235
0.000378235
0.000371091
0.000345979
0.00030566
0.000251816
0.000185016
0.000105259
1.31757e-05
-8.85368e-05
-0.000194379
-0.00029641
-0.000385411
-0.000452592
-0.000491551
-0.000499645
-0.000478072
-0.000430882
-0.000363617
-0.000281903
-0.000190279
-9.18172e-05
1.12734e-05
0.000116682
0.000221352
0.000321261
0.000411531
0.000486983
0.000543041
0.000576416
0.000585142
0.000568215
0.000525325
0.000456825
0.00036388
0.000248878
0.000116095
-2.79054e-05
-0.000174695
-0.000315119
-0.000440569
-0.000544047
-0.000621023
-0.00066981
-0.000691003
-0.000686244
-0.000657176
-0.000605061
-0.000530801
-0.000435244
-0.000319927
-0.000187925
-4.40978e-05
0.000105357
0.000253539
0.00039343
0.000518518
0.000623273
0.000703114
0.000754095
0.00077294
0.000757572
0.000707614
0.000624537
0.000511651
0.000374122
0.000218731
5.31912e-05
-0.000114672
-0.000277471
-0.000428461
-0.000561532
-0.000671056
-0.000751707
-0.000798517
-0.000807333
-0.000775526
-0.000702675
-0.000591017
-0.000445504
-0.00027339
-8.34917e-05
0.000114466
0.000310182
0.000493079
0.000652888
0.000780446
0.000868366
0.00091159
0.000907902
0.000858224
0.000766342
0.000638089
0.000480436
0.000300923
0.000107386
-9.21978e-05
-0.000289784
-0.000477186
-0.000646135
-0.000788745
-0.000898285
-0.000969831
-0.00100069
-0.000990596
-0.000941635
-0.000857742
-0.000744039
-0.000606258
-0.000450402
-0.000282688
-0.000109691
6.15024e-05
0.000223415
0.000368618
0.000490425
0.000583646
0.000645181
0.000674185
0.000671751
0.000640297
0.000582914
0.000502899
0.000403569
0.000288351
0.000161032
2.6091e-05
-0.000111049
-0.000244104
-0.000366459
-0.000471845
-0.000554781
-0.000610738
-0.00063626
-0.000629095
-0.000588274
-0.000514149
-0.000408557
-0.000275072
-0.000119148
5.20589e-05
0.00023014
0.000405982
0.000570434
0.000715165
0.00083346
0.000920505
0.000973096
0.000989292
0.000968341
0.000910726
0.000818154
0.00069357
0.000541215
0.000366588
0.000176257
-2.23805e-05
-0.000221379
-0.000412631
-0.000588269
-0.000740979
-0.000864237
-0.000952638
-0.00100234
-0.00101137
-0.000979676
-0.000908976
-0.000802685
-0.000665835
-0.000504737
-0.000326423
-0.000138089
5.32755e-05
0.000241048
0.000418979
0.000581146
0.00072198
0.000836411
0.000920095
0.000969621
0.000982686
0.000958276
0.000896804
0.000800117
0.000671432
0.000515401
0.000338252
0.000147673
-4.77586e-05
-0.000239383
-0.000419123
-0.000579844
-0.00071559
-0.00082171
-0.000894689
-0.000931661
-0.000930083
-0.000887954
-0.000804544
-0.000681264
-0.000522241
-0.000334249
-0.000126057
9.24009e-05
0.000310804
0.000519213
0.000708686
0.000871437
0.00100059
0.00109005
0.00113469
0.00113098
0.00107755
0.000975588
0.000828952
0.000644084
0.000429537
0.000195169
-4.87656e-05
-0.000292305
-0.00052613
-0.000741657
-0.000931045
-0.00108726
-0.00120434
-0.00127768
-0.00130434
-0.00128315
-0.0012147
-0.00110126
-0.000946704
-0.000756463
-0.000537295
-0.000297038
-4.44537e-05
0.000210911
0.000459045
0.000689979
0.000894263
0.00106338
0.00119022
0.00126959
0.00129838
0.00127536
0.00120097
0.00107762
0.000910207
0.000706363
0.00047622
0.000231544
-1.53183e-05
-0.000252465
-0.00046939
-0.000657801
-0.000811945
-0.000928255
-0.00100466
-0.00103996
-0.00103327
-0.000983951
-0.000892054
-0.000759363
-0.000590146
-0.000391279
-0.000171951
5.69737e-05
0.000284072
0.000498734
0.000692052
0.000856934
0.000987876
0.00108076
0.0011326
0.00114114
0.00110492
0.00102374
0.00089939
0.000736148
0.000540956
0.000322976
9.26975e-05
-0.000139062
-0.000361962
-0.000566714
-0.000745428
-0.000891652
-0.00100025
-0.00106739
-0.00109078
-0.00106999
-0.0010067
-0.000904752
-0.000769993
-0.000609768
-0.000432226
-0.00024556
-5.75085e-05
0.000124829
0.000294925
0.00044669
0.000574369
0.000672645
0.000672645
0.000737063
0.000764619
0.000754201
0.000706764
0.000625314
0.000514753
0.000381467
0.000232702
7.60129e-05
-8.10518e-05
-0.000231164
-0.000367466
-0.00048381
-0.000574976
-0.000636964
-0.000667372
-0.000665704
-0.00063342
-0.000573706
-0.000491086
-0.000390955
-0.000279093
-0.000161268
-4.30174e-05
7.03659e-05
0.000173819
0.000262662
0.000332935
0.000381747
0.000407476
0.00040983
0.000389747
0.000349118
0.000290373
0.000216108
0.000128956
3.17206e-05
-7.23739e-05
-0.000179517
-0.000285334
-0.000385071
-0.000473941
-0.000547624
-0.000602741
-0.000637005
-0.00064907
-0.000638277
-0.00060451
-0.000548082
-0.000469638
-0.000370177
-0.00025135
-0.000116019
3.12303e-05
0.000184059
0.000335024
0.000476565
0.00060185
0.000705312
0.0007829
0.000831956
0.000850765
0.000838247
0.000794151
0.00071956
0.000617288
0.00049202
0.00035019
0.000199527
4.82706e-05
-9.57919e-05
-0.000226229
-0.00033849
-0.00042996
-0.000499729
-0.00054825
-0.000576758
-0.000586503
-0.000578286
-0.000552585
-0.000509964
-0.000451294
-0.000377803
-0.000291213
-0.000193905
-8.88725e-05
2.04787e-05
0.000130416
0.000236874
0.00033566
0.0004229
0.000495428
0.000550864
0.000587485
0.000604136
0.000600172
0.000575347
0.000529758
0.000464082
0.000380003
0.000280526
0.00016996
5.35951e-05
-6.28625e-05
-0.00017388
-0.000274463
-0.000360314
-0.000427919
-0.000474568
-0.000498291
-0.000497868
-0.000473015
-0.000424634
-0.000354948
-0.000267457
-0.000166746
-5.81538e-05
5.26083e-05
0.000159862
0.000258363
0.000343598
0.000411901
0.000460463
0.000487356
0.000491585
0.000473138
0.000433045
0.000373428
0.000297481
0.000209291
0.00011349
1.47971e-05
-8.23934e-05
-0.000174296
-0.000257866
-0.000330789
-0.000391342
-0.000438214
-0.000470437
-0.000487491
-0.000489455
-0.000477064
-0.00045164
-0.000414937
-0.000368858
-0.000314973
-0.000254026
-0.000185793
-0.000109658
-2.5717e-05
6.42895e-05
0.000156836
0.000247207
0.000330338
0.000401669
0.000457959
0.000497721
0.000520925
0.00052818
0.000519987
0.000496383
0.000457035
0.000401783
0.000331502
0.000248773
0.000157978
6.47673e-05
-2.49031e-05
-0.000105813
-0.000174232
-0.000228136
-0.000266965
-0.000291155
-0.000301634
-0.000299443
-0.000285643
-0.00026155
-0.000229049
-0.000190675
-0.000149381
-0.000108124
-6.93804e-05
-3.46867e-05
-4.4589e-06
2.16564e-05
4.40465e-05
6.25465e-05
7.6345e-05
8.42265e-05
8.48987e-05
7.73983e-05
6.15473e-05
3.81718e-05
8.87595e-06
-2.44361e-05
-5.99625e-05
-9.62133e-05
-0.000132042
-0.000166488
-0.000198458
-0.000226445
-0.000248471
-0.000262329
-0.000266006
-0.000258049
-0.000237745
-0.000205143
-0.000161039
-0.000106972
-4.51897e-05
2.14329e-05
8.94844e-05
0.000155139
0.000214417
0.000263683
0.000300242
0.00032266
0.000330647
0.000324756
0.00030615
0.000276365
0.00023701
0.000189633
0.000135864
7.76395e-05
1.72433e-05
-4.2781e-05
-9.98021e-05
-0.000151416
-0.000195852
-0.00023221
-0.000260378
-0.000280732
-0.000293808
-0.000300089
-0.000299913
-0.000293439
-0.000280628
-0.000261253
-0.000235048
-0.000201946
-0.000162275
-0.000116839
-6.69207e-05
-1.42444e-05
3.91323e-05
9.10671e-05
0.000139608
0.000183096
0.000220071
0.000249189
0.000269248
0.000279251
0.000278457
0.000266507
0.000243596
0.000210506
0.000168464
0.000118936
6.34582e-05
3.57929e-06
-5.9029e-05
-0.000122336
-0.000183712
-0.000239798
-0.000286523
-0.00031935
-0.000333888
-0.000326904
-0.000297394
-0.000247098
-0.000180226
-0.000102732
-2.14971e-05
5.66807e-05
0.000126244
0.000183561
0.000226721
0.000254955
0.000268344
0.000267768
0.000254707
0.000231005
0.000198872
0.000160962
0.000120207
7.94388e-05
4.11329e-05
7.40544e-06
-1.99427e-05
-3.9518e-05
-5.05048e-05
-5.27703e-05
-4.697e-05
-3.47636e-05
-1.89461e-05
-3.15831e-06
8.81786e-06
1.38475e-05
1.00253e-05
-3.10264e-06
-2.46584e-05
-5.26375e-05
-8.4021e-05
-0.000115047
-0.000141888
-0.000161386
-0.000171311
-0.000170234
-0.000157475
-0.000133238
-9.87127e-05
-5.60307e-05
-8.21111e-06
4.092e-05
8.70686e-05
0.000126164
0.000155067
0.000171818
0.000175394
0.000165423
0.000142065
0.000142065
0.000105868
5.75259e-05
-2.13053e-06
-7.17859e-05
-0.000149208
-0.000230959
-0.000312241
-0.000386981
-0.00044838
-0.00048986
-0.00050603
-0.000493438
-0.000451038
-0.000380197
-0.000284094
-0.000166776
-3.2542e-05
0.000114032
0.000267813
0.000422907
0.000572408
0.000708054
0.000820306
0.000899292
0.000936428
0.000926047
0.000866347
0.000759237
0.000609462
0.000423671
0.000209698
-2.40743e-05
-0.000269041
-0.000516037
-0.000754544
-0.000972246
-0.00115557
-0.00129129
-0.00136861
-0.00138084
-0.00132621
-0.00120765
-0.00103213
-0.000809372
-0.00055039
-0.000266601
3.01623e-05
0.00032713
0.000610418
0.000865611
0.00107891
0.00123854
0.00133614
0.001368
0.00133546
0.00124438
0.00110363
0.000923588
0.00071484
0.000487585
0.000251479
1.58669e-05
-0.000209832
-0.000416009
-0.000593374
-0.000733821
-0.00083109
-0.000881063
-0.000882004
-0.000834752
-0.00074254
-0.000610464
-0.000445083
-0.000254347
-4.75348e-05
0.000164997
0.000372155
0.000562507
0.000724999
0.000849986
0.000930164
0.000961111
0.000941509
0.000873173
0.000760738
0.000610938
0.000431762
0.000231894
2.04462e-05
-0.000193269
-0.000400123
-0.000591559
-0.000759899
-0.000898632
-0.00100282
-0.0010694
-0.0010972
-0.0010866
-0.00103931
-0.000958192
-0.000847271
-0.000711576
-0.000557059
-0.000390416
-0.000218622
-4.81853e-05
0.000115463
0.000268095
0.000406347
0.000527259
0.000627971
0.00070569
0.000757812
0.000782109
0.000777025
0.000742154
0.000678603
0.000588925
0.000476791
0.000346799
0.000204498
5.63565e-05
-9.04555e-05
-0.000228337
-0.000349481
-0.000446253
-0.000512019
-0.000542285
-0.00053554
-0.000493456
-0.000420667
-0.000324303
-0.000212966
-9.51981e-05
2.17586e-05
0.000132304
0.00023221
0.000318315
0.000388227
0.00043982
0.000470835
0.000478979
0.000462451
0.000420423
0.000353359
0.000263333
0.000154232
3.15173e-05
-9.84665e-05
-0.000229241
-0.00035474
-0.000469733
-0.000570126
-0.000652902
-0.000715637
-0.000755863
-0.000770614
-0.000756389
-0.000709721
-0.00062827
-0.000511962
-0.000363679
-0.000189412
2.15786e-06
0.000200756
0.000395989
0.000578395
0.000739723
0.000872922
0.000972209
0.00103307
0.00105221
0.00102788
0.000960746
0.000854606
0.000716337
0.00055515
0.000381473
0.000205747
3.73676e-05
-0.000115983
-0.000248453
-0.000355588
-0.00043373
-0.00047976
-0.000491343
-0.000467386
-0.000408514
-0.000317568
-0.000199918
-6.3221e-05
8.33137e-05
0.000229741
0.00036602
0.000482513
0.000570385
0.00062199
0.000631403
0.000595112
0.000512631
0.000386731
0.000223479
3.24053e-05
-0.000173455
-0.00037849
-0.000566656
-0.000723837
-0.000839187
-0.000905478
-0.000919146
-0.000880176
-0.000791489
-0.000658053
-0.000486476
-0.000285305
-6.53937e-05
0.000160438
0.000378458
0.000575273
0.000738933
0.00085996
0.000932203
0.000953135
0.000923437
0.000846377
0.000727496
0.000574554
0.000397317
0.000206921
1.49617e-05
-0.000167294
-0.00032936
-0.000461896
-0.000557248
-0.000610004
-0.000617278
-0.000578832
-0.000497163
-0.000377436
-0.000227089
-5.51997e-05
0.000128266
0.000313184
0.000489859
0.00064946
0.000784382
0.000888524
0.00095733
0.00098767
0.000977802
0.000927423
0.00083766
0.000710936
0.000550861
0.000362241
0.000151124
-7.53014e-05
-0.000308949
-0.000541131
-0.000762905
-0.000965552
-0.001141
-0.00128191
-0.00138166
-0.00143472
-0.00143743
-0.00138874
-0.00129037
-0.00114659
-0.000963864
-0.00075052
-0.000516144
-0.00027087
-2.48653e-05
0.000211877
0.000429626
0.00061913
0.000772098
0.000881855
0.000943996
0.000956848
0.000921624
0.00084217
0.000724363
0.00057537
0.000403002
0.000215315
2.04561e-05
-0.000173326
-0.000357627
-0.000523985
-0.000664279
-0.000771374
-0.000839821
-0.000866417
-0.00085055
-0.000794252
-0.000701881
-0.000579549
-0.000434474
-0.000274352
-0.00010684
6.07412e-05
0.000221462
0.000368809
0.000496851
0.00060049
0.000675691
0.000719725
0.000731489
0.00071173
0.000662962
0.000589121
0.000495154
0.000386639
0.000269467
0.000149603
3.2893e-05
-7.51031e-05
-0.000169338
-0.000245574
-0.000300736
-0.000300736
-0.000333233
-0.00034309
-0.000331792
-0.00030192
-0.000256748
-0.000199956
-0.000135393
-6.68119e-05
2.36248e-06
6.9089e-05
0.000130623
0.00018446
0.000228395
0.000260597
0.000279638
0.000284497
0.000274651
0.000250225
0.000212078
0.000161808
0.000101839
3.55736e-05
-3.2648e-05
-9.78995e-05
-0.000155211
-0.000200186
-0.00022966
-0.000242165
-0.000237898
-0.000218228
-0.000185212
-0.000141341
-8.93325e-05
-3.18737e-05
2.83863e-05
8.85109e-05
0.000145019
0.000194079
0.000232051
0.000256038
0.000264317
0.000256531
0.000233616
0.000197528
0.000150925
9.68466e-05
3.84259e-05
-2.12929e-05
-7.94328e-05
-0.000133355
-0.000180775
-0.000219886
-0.000249458
-0.000268872
-0.000278081
-0.000277484
-0.000267725
-0.000249524
-0.000223683
-0.000191244
-0.00015356
-0.000112219
-6.89367e-05
-2.54986e-05
1.63381e-05
5.49881e-05
8.90754e-05
0.00011732
0.000138405
0.000150944
0.000153599
0.000145316
0.000125631
9.49325e-05
5.4593e-05
6.88852e-06
-4.5362e-05
-9.93036e-05
-0.000152428
-0.000202681
-0.000248346
-0.000287815
-0.000319293
-0.000340651
-0.000349607
-0.000344196
-0.000323278
-0.000286886
-0.00023636
-0.000174223
-0.000103853
-2.91198e-05
4.59323e-05
0.000117354
0.000181495
0.000235109
0.00027546
0.000300525
0.000309229
0.000301512
0.000278205
0.000240799
0.000191268
0.000131939
6.53025e-05
-6.16737e-06
-8.0058e-05
-0.000153924
-0.000225227
-0.000291368
-0.000349721
-0.000397704
-0.000432964
-0.000453594
-0.000458253
-0.000446243
-0.000417661
-0.000373558
-0.000315889
-0.00024723
-0.0001705
-8.8802e-05
-5.30233e-06
7.6984e-05
0.000155388
0.000227651
0.000291888
0.000346517
0.000390161
0.000421566
0.000439645
0.000443645
0.000433269
0.000408715
0.000370674
0.000320369
0.000259532
0.000190237
0.000114702
3.52548e-05
-4.55524e-05
-0.000124863
-0.000199589
-0.000266608
-0.000323014
-0.000366352
-0.000394819
-0.000407386
-0.000403733
-0.000384037
-0.000348818
-0.000298992
-0.00023607
-0.000162316
-8.07439e-05
5.03704e-06
9.11088e-05
0.000173571
0.000248876
0.000314148
0.000367364
0.000407314
0.000433393
0.000445401
0.000443374
0.000427499
0.000398137
0.000355935
0.000301898
0.000237401
0.000164259
8.48067e-05
1.83773e-06
-8.16611e-05
-0.000162773
-0.000238714
-0.000306762
-0.000364222
-0.000408446
-0.000436841
-0.000446958
-0.000436834
-0.000405531
-0.000353604
-0.000283172
-0.000197577
-0.000100909
2.3515e-06
0.000107615
0.000210433
0.000306571
0.000391844
0.000461972
0.000512786
0.00054078
0.000543767
0.00052133
0.000474905
0.000407497
0.000323235
0.000226855
0.000123184
1.67967e-05
-8.80372e-05
-0.000187236
-0.000276851
-0.000353118
-0.000412621
-0.000452584
-0.000471268
-0.000468284
-0.000444656
-0.000402609
-0.000345175
-0.000275738
-0.000197656
-0.000114029
-2.76663e-05
5.87353e-05
0.000142298
0.000219763
0.000287537
0.000341928
0.00037946
0.000397247
0.000393436
0.000367582
0.000320711
0.000255091
0.000173942
8.12311e-05
-1.84991e-05
-0.000120306
-0.000218976
-0.000309128
-0.000385495
-0.000443451
-0.000479552
-0.000491769
-0.000479408
-0.000442947
-0.000383931
-0.000304811
-0.000208708
-9.92831e-05
1.92217e-05
0.000141916
0.000263338
0.000377685
0.000479186
0.0005626
0.000623694
0.000659532
0.000668572
0.000650618
0.000606669
0.000538702
0.000449514
0.000342708
0.000222784
9.50956e-05
-3.44125e-05
-0.00015967
-0.000274964
-0.000375354
-0.000456963
-0.000517099
-0.000554209
-0.000567686
-0.000557662
-0.000524879
-0.000470697
-0.000397222
-0.000307477
-0.000205497
-9.62009e-05
1.49655e-05
0.000122448
0.000220949
0.000305724
0.000372825
0.000419225
0.000442838
0.000442537
0.000418222
0.0003709
0.000302686
0.00021674
0.00011717
8.90598e-06
-0.000102518
-0.000211308
-0.00031178
-0.000398669
-0.00046737
-0.000514107
-0.000536066
-0.000531543
-0.000500112
-0.000442799
-0.000362158
-0.00026219
-0.000148036
-2.55159e-05
9.93244e-05
0.000220498
0.000332261
0.000429335
0.000507208
0.000562396
0.000592584
0.00059669
0.000574974
0.000529143
0.000462307
0.000378669
0.000283057
0.000180492
7.58413e-05
-2.64778e-05
-0.000122696
-0.000209734
-0.000209734
-0.00028509
-0.000346697
-0.000392857
-0.000422234
-0.000433892
-0.00042737
-0.00040283
-0.000361158
-0.000303925
-0.00023329
-0.000152018
-6.3546e-05
2.81426e-05
0.000118858
0.000204466
0.000280976
0.000344631
0.000392175
0.000421135
0.000429997
0.000418278
0.000386589
0.000336597
0.000270876
0.000192677
0.000105731
1.40867e-05
-7.80449e-05
-0.000166484
-0.000247298
-0.000316982
-0.000372593
-0.000411907
-0.000433584
-0.000437233
-0.000423353
-0.000393182
-0.000348507
-0.000291449
-0.000224259
-0.000149229
-6.87457e-05
1.45444e-05
9.76294e-05
0.000177175
0.000249703
0.000311871
0.000360816
0.000394515
0.000411963
0.000413093
0.00039853
0.000369362
0.000327
0.000273114
0.000209677
0.000139086
6.42627e-05
-1.13739e-05
-8.40939e-05
-0.000150161
-0.000206179
-0.000249384
-0.000277851
-0.000290587
-0.000287553
-0.000269561
-0.000238085
-0.000195093
-0.000142938
-8.42843e-05
-2.20082e-05
4.08729e-05
0.000101246
0.000155993
0.000202186
0.00023732
0.000259532
0.000267756
0.000261775
0.000242129
0.000209893
0.000166442
0.000113267
5.19141e-05
-1.5948e-05
-8.83783e-05
-0.000163022
-0.000237044
-0.000307194
-0.000370037
-0.000422284
-0.000461059
-0.000484037
-0.000489597
-0.000477019
-0.00044655
-0.000399239
-0.000336711
-0.000261078
-0.000174946
-8.13981e-05
1.60719e-05
0.000113616
0.000207112
0.000292333
0.000365224
0.000422267
0.000460836
0.000479432
0.000477748
0.00045662
0.00041791
0.000364322
0.00029915
0.000226037
0.000148778
7.11384e-05
-3.3793e-06
-7.17679e-05
-0.00013165
-0.000181301
-0.000219623
-0.000246091
-0.000260631
-0.000263498
-0.000255293
-0.000237094
-0.000210497
-0.0001775
-0.000140323
-0.000101272
-6.25854e-05
-2.62503e-05
6.09585e-06
3.31466e-05
5.38806e-05
6.75688e-05
7.38382e-05
7.27649e-05
6.49278e-05
5.1345e-05
3.33071e-05
1.2197e-05
-1.06389e-05
-3.39718e-05
-5.67547e-05
-7.81717e-05
-9.76151e-05
-0.000114556
-0.000128384
-0.000138352
-0.000143629
-0.000143411
-0.000137059
-0.000124284
-0.000105295
-8.08223e-05
-5.20327e-05
-2.04172e-05
1.23131e-05
4.43719e-05
7.40793e-05
9.99991e-05
0.000120991
0.000136241
0.000145324
0.00014826
0.000145483
0.000137761
0.00012611
0.000111708
9.57455e-05
7.92977e-05
6.32965e-05
4.85878e-05
3.5939e-05
2.59586e-05
1.90112e-05
1.51818e-05
1.42647e-05
1.57742e-05
1.90284e-05
2.33104e-05
2.80321e-05
3.28276e-05
3.75559e-05
4.22493e-05
4.70705e-05
5.22834e-05
5.81748e-05
6.49157e-05
7.24691e-05
8.06139e-05
8.89974e-05
9.71117e-05
0.000104229
0.000109397
0.000111524
0.000109512
0.000102413
8.95931e-05
7.08749e-05
4.65681e-05
1.73609e-05
-1.58622e-05
-5.21301e-05
-9.03729e-05
-0.000129363
-0.000167652
-0.000203464
-0.000234591
-0.000258479
-0.000272591
-0.000274951
-0.000264601
-0.000241777
-0.00020774
-0.000164498
-0.000114596
-6.09651e-05
-6.68962e-06
4.52462e-05
9.21027e-05
0.000131454
0.000161311
0.000180301
0.000187778
0.000183812
0.000169085
0.000144784
0.000112493
7.40487e-05
3.13896e-05
-1.34838e-05
-5.84621e-05
-0.000101342
-0.00013994
-0.000172205
-0.000196308
-0.00021078
-0.000214682
-0.000207682
-0.000190028
-0.000162482
-0.000126218
-8.26942e-05
-3.35258e-05
1.9561e-05
7.47157e-05
0.000129936
0.000183071
0.000231869
0.000274055
0.000307436
0.000330052
0.000340337
0.000337272
0.000320449
0.000290055
0.000246847
0.000192232
0.000128373
5.81812e-05
-1.48705e-05
-8.70655e-05
-0.000154771
-0.000214733
-0.000264356
-0.000301892
-0.000326453
-0.000337827
-0.000336296
-0.000322526
-0.000297486
-0.000262343
-0.000218448
-0.000167395
-0.000111032
-5.14177e-05
9.2015e-06
6.8366e-05
0.00012349
0.000172068
0.000211854
0.000240958
0.000257967
0.000262137
0.000253532
0.000232998
0.000202031
0.000162656
0.000117267
6.83969e-05
1.85122e-05
-3.00887e-05
-7.53012e-05
-0.00011525
-0.000148319
-0.000173143
-0.000188602
-0.000193892
-0.000188642
-0.00017299
-0.000147607
-0.000113664
-7.27733e-05
-2.68597e-05
2.20087e-05
7.17687e-05
0.000120464
0.000166308
0.000207707
0.000243224
0.000271504
0.000291223
0.000301106
0.00030005
0.000287317
0.000262708
0.000226655
0.000180234
0.000180234
0.000125192
6.3946e-05
-5.52527e-07
-6.50739e-05
-0.000126372
-0.000181407
-0.000227597
-0.00026306
-0.000286694
-0.000298049
-0.000297176
-0.000284542
-0.000260933
-0.00022731
-0.000184776
-0.000134695
-7.8826e-05
-1.93216e-05
4.1339e-05
0.000100479
0.00015545
0.000203922
0.000244066
0.000274569
0.000294557
0.000303506
0.000301138
0.000287309
0.000262011
0.000225553
0.00017884
0.000123584
6.22887e-05
-1.97994e-06
-6.59517e-05
-0.000126483
-0.000180836
-0.00022688
-0.000263136
-0.000288631
-0.000302684
-0.000304796
-0.000294676
-0.000272373
-0.000238488
-0.000194337
-0.000141986
-8.41047e-05
-2.37228e-05
3.60611e-05
9.23722e-05
0.00014277
0.000185311
0.000218492
0.000241166
0.000252509
0.000252047
0.000239736
0.00021608
0.00018222
0.000139932
9.15065e-05
3.9545e-05
-1.32622e-05
-6.43448e-05
-0.000111399
-0.000152451
-0.000185853
-0.000210241
-0.000224512
-0.000227855
-0.00021985
-0.000200593
-0.000170795
-0.000131792
-8.54634e-05
-3.40759e-05
1.98752e-05
7.38065e-05
0.00012516
0.000171503
0.000210604
0.000240509
0.000259632
0.000266877
0.000261751
0.000244407
0.000215621
0.000176719
0.000129484
7.60525e-05
1.87692e-05
-3.99135e-05
-9.74783e-05
-0.000151351
-0.000198936
-0.000237722
-0.000265477
-0.000280496
-0.000281812
-0.000269303
-0.000243702
-0.000206535
-0.000159947
-0.000106452
-4.86858e-05
1.07264e-05
6.92156e-05
0.00012429
0.000173571
0.00021484
0.000246123
0.000265846
0.000273003
0.000267272
0.000249038
0.000219345
0.000179787
0.000132363
7.93453e-05
2.31874e-05
-3.35389e-05
-8.82147e-05
-0.00013827
-0.000181307
-0.000215265
-0.000238586
-0.00025035
-0.000250325
-0.00023893
-0.000217144
-0.000186384
-0.00014837
-0.00010499
-5.82299e-05
-1.01542e-05
3.71261e-05
8.15378e-05
0.000121164
0.000154357
0.000179838
0.000196774
0.000204802
0.000203989
0.000194766
0.000177861
0.000154257
0.000125154
9.19241e-05
5.60623e-05
1.91261e-05
-1.73191e-05
-5.17748e-05
-8.29117e-05
-0.000109664
-0.000131272
-0.000147254
-0.000157345
-0.000161437
-0.000159545
-0.000151797
-0.000138427
-0.000119834
-9.67005e-05
-7.00951e-05
-4.1476e-05
-1.26053e-05
1.45984e-05
3.8274e-05
5.6884e-05
6.94422e-05
7.5612e-05
7.56844e-05
7.04856e-05
6.11973e-05
4.90805e-05
3.52206e-05
2.04346e-05
5.3273e-06
-9.62804e-06
-2.40249e-05
-3.74238e-05
-4.92499e-05
-5.88023e-05
-6.53888e-05
-6.84676e-05
-6.77124e-05
-6.30277e-05
-5.45464e-05
-4.25827e-05
-2.75454e-05
-9.89756e-06
9.78038e-06
3.06832e-05
5.17318e-05
7.16085e-05
8.88529e-05
0.000102032
0.000109991
0.000112082
0.00010824
9.88861e-05
8.47813e-05
6.69056e-05
4.63296e-05
2.40669e-05
1.00362e-06
-2.20438e-05
-4.42407e-05
-6.47206e-05
-8.26395e-05
-9.7249e-05
-0.000107991
-0.000114601
-0.000117154
-0.000115985
-0.000111514
-0.00010409
-9.3929e-05
-8.1163e-05
-6.59589e-05
-4.86427e-05
-2.98042e-05
-1.03363e-05
8.65165e-06
2.60177e-05
4.07527e-05
5.20534e-05
5.93403e-05
6.22649e-05
6.06811e-05
5.45908e-05
4.41296e-05
2.96271e-05
1.16917e-05
-8.74568e-06
-3.04644e-05
-5.20654e-05
-7.21382e-05
-8.94423e-05
-0.000103065
-0.000112502
-0.000117614
-0.000118499
-0.000115365
-0.000108474
-9.81117e-05
-8.45855e-05
-6.82685e-05
-4.96669e-05
-2.94243e-05
-8.23954e-06
1.32218e-05
3.43642e-05
5.46669e-05
7.36866e-05
9.10351e-05
0.000106327
0.000119142
0.000129049
0.000135694
0.000138874
0.00013857
0.000134912
0.000128123
0.000118444
0.000106089
9.12494e-05
7.41636e-05
5.52094e-05
3.49676e-05
1.42182e-05
-6.15166e-06
-2.52986e-05
-4.25622e-05
-5.75396e-05
-7.00912e-05
-8.02795e-05
-8.82401e-05
-9.40268e-05
-9.75234e-05
-9.84682e-05
-9.65734e-05
-9.17001e-05
-8.40217e-05
-7.40882e-05
-6.27668e-05
-5.11185e-05
-4.02588e-05
-3.1199e-05
-2.46888e-05
-2.11331e-05
-2.0605e-05
-2.28912e-05
-2.75157e-05
-3.37756e-05
-4.08327e-05
-4.7827e-05
-5.39571e-05
-5.85399e-05
-6.10787e-05
-6.13001e-05
-5.90952e-05
-5.44146e-05
-4.72278e-05
-3.75587e-05
-2.55098e-05
-1.12555e-05
4.93087e-06
2.2617e-05
4.12012e-05
5.99765e-05
7.82149e-05
9.52412e-05
0.000110504
0.000123619
0.000134352
0.000142568
0.000148199
0.000151212
0.000151589
0.000149291
0.000149291
0.000144266
0.00013648
0.000125976
0.000112921
9.76164e-05
8.04616e-05
6.1914e-05
4.24808e-05
2.27159e-05
3.17775e-06
-1.5657e-05
-3.34752e-05
-5.01508e-05
-6.5694e-05
-8.01556e-05
-9.353e-05
-0.00010569
-0.000116367
-0.000125161
-0.000131604
-0.000135244
-0.000135773
-0.000133097
-0.000127336
-0.000118752
-0.000107709
-9.46576e-05
-8.00947e-05
-6.44911e-05
-4.8246e-05
-3.17051e-05
-1.52136e-05
8.47541e-07
1.60685e-05
3.0056e-05
4.24946e-05
5.31964e-05
6.21074e-05
6.92613e-05
7.47202e-05
7.85397e-05
8.07477e-05
8.13188e-05
8.01675e-05
7.71953e-05
7.23824e-05
6.58669e-05
5.7962e-05
4.91185e-05
3.98754e-05
3.08157e-05
2.25135e-05
1.54767e-05
1.01075e-05
6.6753e-06
5.27926e-06
5.80772e-06
7.94037e-06
1.12152e-05
1.51186e-05
1.91402e-05
2.27922e-05
2.56365e-05
2.73144e-05
2.75383e-05
2.60564e-05
2.26482e-05
1.71622e-05
9.54849e-06
-1.34694e-07
-1.17135e-05
-2.4887e-05
-3.92297e-05
-5.4197e-05
-6.91121e-05
-8.31439e-05
-9.53195e-05
-0.000104592
-0.000109963
-0.000110645
-0.00010623
-9.67888e-05
-8.2848e-05
-6.52713e-05
-4.51371e-05
-2.36517e-05
-2.03809e-06
1.86147e-05
3.74372e-05
5.37379e-05
6.69312e-05
7.65337e-05
8.22056e-05
8.37768e-05
8.12699e-05
7.49343e-05
6.52464e-05
5.28469e-05
3.84499e-05
2.27755e-05
6.51949e-06
-9.65364e-06
-2.511e-05
-3.92376e-05
-5.14341e-05
-6.11132e-05
-6.77537e-05
-7.09684e-05
-7.05465e-05
-6.64499e-05
-5.87816e-05
-4.77498e-05
-3.36375e-05
-1.67946e-05
2.33028e-06
2.31277e-05
4.47656e-05
6.61626e-05
8.60239e-05
0.000102949
0.000115593
0.000122852
0.000124042
0.000119002
0.000108054
9.18281e-05
7.11088e-05
4.67727e-05
1.97759e-05
-8.8538e-06
-3.79964e-05
-6.63916e-05
-9.26498e-05
-0.000115377
-0.000133352
-0.000145683
-0.000151885
-0.00015189
-0.000145966
-0.000134604
-0.000118406
-9.8005e-05
-7.40476e-05
-4.72439e-05
-1.8436e-05
1.1353e-05
4.0917e-05
6.89288e-05
9.4068e-05
0.000115167
0.000131305
0.000141827
0.000146345
0.000144746
0.000137196
0.000124112
0.000106134
8.41342e-05
5.92278e-05
3.27361e-05
6.09413e-06
-1.92622e-05
-4.20065e-05
-6.10202e-05
-7.54609e-05
-8.47822e-05
-8.87081e-05
-8.72e-05
-8.04461e-05
-6.88685e-05
-5.3117e-05
-3.4037e-05
-1.26288e-05
9.99692e-06
3.26867e-05
5.43376e-05
7.39861e-05
9.08623e-05
0.000104407
0.000114262
0.000120241
0.000122294
0.000120476
0.000114943
0.000105958
9.39181e-05
7.93304e-05
6.2779e-05
4.48929e-05
2.63412e-05
7.82841e-06
-9.93132e-06
-2.6239e-05
-4.04122e-05
-5.17804e-05
-5.97096e-05
-6.36634e-05
-6.32748e-05
-5.84063e-05
-4.91901e-05
-3.6041e-05
-1.96237e-05
-7.74615e-07
1.95859e-05
4.05013e-05
6.09809e-05
7.99997e-05
9.65287e-05
0.000109586
0.000118301
0.000121997
0.000120289
0.000113145
0.000100887
8.41239e-05
6.36542e-05
4.03773e-05
1.52464e-05
-1.07584e-05
-3.6651e-05
-6.14525e-05
-8.42008e-05
-0.000103989
-0.000120034
-0.000131756
-0.00013884
-0.000141264
-0.000139303
-0.000133474
-0.000124463
-0.000113037
-9.9978e-05
-8.60511e-05
-7.19982e-05
-5.85369e-05
-4.6342e-05
-3.6022e-05
-2.8096e-05
-2.29616e-05
-2.08535e-05
-2.18207e-05
-2.57412e-05
-3.23582e-05
-4.13112e-05
-5.21474e-05
-6.43244e-05
-7.72181e-05
-9.01496e-05
-0.000102428
-0.000113397
-0.000122479
-0.000129199
-0.00013321
-0.000134282
-0.000132294
-0.000127198
-0.000119002
-0.000107771
-9.36733e-05
-7.70372e-05
-5.84086e-05
-3.85665e-05
-1.84813e-05
7.82098e-07
1.81803e-05
3.28022e-05
4.39694e-05
5.13054e-05
5.47303e-05
5.43815e-05
5.05311e-05
4.35541e-05
3.39196e-05
2.21697e-05
8.90716e-06
-5.19118e-06
-1.93722e-05
-3.28467e-05
-4.48462e-05
-5.46651e-05
-6.16975e-05
-6.54761e-05
-6.57066e-05
-6.22931e-05
-5.53638e-05
-4.5283e-05
-3.26234e-05
-1.80994e-05
-2.49522e-06
1.33897e-05
2.87876e-05
4.30064e-05
5.54521e-05
6.5624e-05
7.31107e-05
7.76067e-05
7.89322e-05
7.70395e-05
7.20241e-05
6.41437e-05
5.38231e-05
4.16333e-05
2.82597e-05
1.44687e-05
1.06132e-06
-1.11844e-05
-2.15663e-05
-2.94958e-05
-3.45247e-05
-3.63611e-05
-3.48674e-05
-3.00458e-05
-2.20284e-05
-1.10833e-05
2.3839e-06
1.78433e-05
3.46617e-05
5.2116e-05
6.94049e-05
8.56768e-05
0.00010008
0.000111836
0.000111836
0.000120315
0.000125087
0.00012594
0.000122868
0.000116046
0.000105786
9.24747e-05
7.65234e-05
5.83599e-05
3.84577e-05
1.73882e-05
-4.13983e-06
-2.52833e-05
-4.51183e-05
-6.27166e-05
-7.72093e-05
-8.78434e-05
-9.40481e-05
-9.54947e-05
-9.21148e-05
-8.40814e-05
-7.17846e-05
-5.58143e-05
-3.69253e-05
-1.59807e-05
6.10485e-06
2.84078e-05
5.00337e-05
7.01632e-05
8.80887e-05
0.000103226
0.000115111
0.000123412
0.000127931
0.000128589
0.00012541
0.000118515
0.000108133
9.46048e-05
7.84096e-05
6.01991e-05
4.0819e-05
2.12665e-05
2.59219e-06
-1.42033e-05
-2.82506e-05
-3.88804e-05
-4.56785e-05
-4.84912e-05
-4.7378e-05
-4.25647e-05
-3.44375e-05
-2.35506e-05
-1.06108e-05
3.55368e-06
1.80294e-05
3.18746e-05
4.42069e-05
5.4291e-05
6.15881e-05
6.57633e-05
6.66707e-05
6.43329e-05
5.89132e-05
5.06746e-05
3.99482e-05
2.71394e-05
1.27671e-05
-2.50615e-06
-1.78787e-05
-3.24425e-05
-4.52471e-05
-5.54003e-05
-6.21776e-05
-6.50946e-05
-6.39321e-05
-5.8732e-05
-4.97616e-05
-3.74416e-05
-2.22767e-05
-4.83827e-06
1.42008e-05
3.40227e-05
5.36414e-05
7.19079e-05
8.75666e-05
9.93837e-05
0.000106328
0.000107738
0.000103405
9.35433e-05
7.86692e-05
5.94778e-05
3.67752e-05
1.14617e-05
-1.54613e-05
-4.28531e-05
-6.93777e-05
-9.35082e-05
-0.000113659
-0.000128416
-0.000136769
-0.000138244
-0.000132908
-0.000121278
-0.000104214
-8.2787e-05
-5.81432e-05
-3.13961e-05
-3.61613e-06
2.41218e-05
5.07112e-05
7.50347e-05
9.602e-05
0.000112731
0.00012448
0.000130922
0.000132063
0.000128214
0.000119896
0.000107762
9.25538e-05
7.50649e-05
5.61361e-05
3.66591e-05
1.75761e-05
-1.56817e-07
-1.56474e-05
-2.81576e-05
-3.7171e-05
-4.24142e-05
-4.38314e-05
-4.15376e-05
-3.57751e-05
-2.6885e-05
-1.52955e-05
-1.53346e-06
1.37398e-05
2.96909e-05
4.53004e-05
5.93897e-05
7.07111e-05
7.81082e-05
8.07121e-05
7.80851e-05
7.02604e-05
5.76987e-05
4.12041e-05
2.1794e-05
5.19256e-07
-2.16918e-05
-4.40863e-05
-6.60467e-05
-8.70354e-05
-0.000106547
-0.000124047
-0.000138925
-0.000150502
-0.000158108
-0.000161174
-0.000159328
-0.000152497
-0.000140973
-0.000125372
-0.000106525
-8.53804e-05
-6.29413e-05
-4.0213e-05
-1.81371e-05
2.43641e-06
2.07345e-05
3.60493e-05
4.77596e-05
5.53714e-05
5.85612e-05
5.722e-05
5.14851e-05
4.17379e-05
2.85639e-05
1.26994e-05
-5.01765e-06
-2.36848e-05
-4.23603e-05
-6.00719e-05
-7.5823e-05
-8.86234e-05
-9.75636e-05
-0.000101919
-0.000101255
-9.55144e-05
-8.5062e-05
-7.0656e-05
-5.33317e-05
-3.42336e-05
-1.44729e-05
4.96075e-06
2.32459e-05
3.97309e-05
5.38775e-05
6.51934e-05
7.32334e-05
7.76731e-05
7.83834e-05
7.54616e-05
6.92379e-05
6.02603e-05
4.92287e-05
3.68914e-05
2.39571e-05
1.10521e-05
-1.29015e-06
-1.26262e-05
-2.2593e-05
-3.08969e-05
-3.73038e-05
-4.16365e-05
-4.37922e-05
-4.37789e-05
-4.17367e-05
-3.79228e-05
-3.26719e-05
-2.636e-05
-1.93787e-05
-1.21094e-05
-4.89459e-06
1.98751e-06
8.33389e-06
1.40076e-05
1.89148e-05
2.29828e-05
2.61504e-05
2.83687e-05
2.96057e-05
2.9857e-05
2.91667e-05
2.7645e-05
2.54647e-05
2.28361e-05
1.99825e-05
1.71205e-05
1.44401e-05
1.20889e-05
1.01773e-05
8.79683e-06
8.03157e-06
7.95624e-06
8.63139e-06
1.00971e-05
1.23641e-05
1.54123e-05
1.92085e-05
2.37319e-05
2.89871e-05
3.49883e-05
4.17114e-05
4.90115e-05
5.65307e-05
6.36525e-05
6.9561e-05
7.33954e-05
7.44314e-05
7.22272e-05
6.67138e-05
5.82034e-05
4.72768e-05
3.45908e-05
2.07288e-05
6.15777e-06
-8.76005e-06
-2.37398e-05
-3.8499e-05
-5.26568e-05
-6.57031e-05
-7.7062e-05
-8.61748e-05
-9.25582e-05
-9.58566e-05
-9.58838e-05
-9.26217e-05
-8.61921e-05
-7.68444e-05
-6.49559e-05
-5.10071e-05
-3.55358e-05
-1.91132e-05
-2.35121e-06
1.41077e-05
2.96421e-05
4.37116e-05
5.58903e-05
6.58745e-05
7.34702e-05
7.85521e-05
8.10129e-05
8.07408e-05
7.76392e-05
7.16723e-05
6.29242e-05
5.1663e-05
3.83817e-05
2.37704e-05
8.61523e-06
-6.3129e-06
-2.03274e-05
-3.28604e-05
-4.34867e-05
-5.19192e-05
-5.79651e-05
-6.14855e-05
-6.23917e-05
-6.06649e-05
-5.63727e-05
-4.96836e-05
-4.087e-05
-3.02881e-05
-1.83437e-05
-5.47525e-06
7.84103e-06
2.10878e-05
3.37209e-05
4.5184e-05
5.49134e-05
5.49134e-05
6.23608e-05
6.70595e-05
6.87089e-05
6.72296e-05
6.27743e-05
5.57124e-05
4.65904e-05
3.60552e-05
2.47629e-05
1.33158e-05
2.24598e-06
-7.98174e-06
-1.697e-05
-2.43928e-05
-3.00004e-05
-3.3644e-05
-3.53192e-05
-3.51904e-05
-3.3558e-05
-3.07865e-05
-2.72465e-05
-2.3292e-05
-1.92481e-05
-1.5399e-05
-1.19922e-05
-9.26715e-06
-7.47326e-06
-6.84999e-06
-7.57592e-06
-9.71056e-06
-1.31433e-05
-1.75718e-05
-2.25363e-05
-2.75081e-05
-3.19919e-05
-3.56082e-05
-3.81435e-05
-3.95555e-05
-3.99246e-05
-3.93718e-05
-3.79958e-05
-3.58552e-05
-3.2978e-05
-2.93776e-05
-2.50901e-05
-2.02226e-05
-1.49685e-05
-9.5725e-06
-4.28328e-06
6.75461e-07
5.1262e-06
8.95299e-06
1.20939e-05
1.45132e-05
1.61803e-05
1.70707e-05
1.71757e-05
1.65161e-05
1.51578e-05
1.32261e-05
1.09002e-05
8.3864e-06
5.88114e-06
3.54213e-06
1.46722e-06
-3.22077e-07
-1.88596e-06
-3.34975e-06
-4.86792e-06
-6.58463e-06
-8.60365e-06
-1.09716e-05
-1.36751e-05
-1.66549e-05
-1.98395e-05
-2.31805e-05
-2.66621e-05
-3.02838e-05
-3.40404e-05
-3.79145e-05
-4.1868e-05
-4.583e-05
-4.97001e-05
-5.3374e-05
-5.67648e-05
-5.98078e-05
-6.24563e-05
-6.46739e-05
-6.6423e-05
-6.76612e-05
-6.83546e-05
-6.85008e-05
-6.81418e-05
-6.73594e-05
-6.62653e-05
-6.49921e-05
-6.36764e-05
-6.24309e-05
-6.13161e-05
-6.03235e-05
-5.93678e-05
-5.82897e-05
-5.68777e-05
-5.4909e-05
-5.21842e-05
-4.85331e-05
-4.37973e-05
-3.78248e-05
-3.04989e-05
-2.17893e-05
-1.17921e-05
-7.46122e-07
1.09704e-05
2.28656e-05
3.44002e-05
4.50822e-05
5.45389e-05
6.25233e-05
6.88728e-05
7.34685e-05
7.62114e-05
7.70116e-05
7.57968e-05
7.25421e-05
6.73007e-05
6.02214e-05
5.15532e-05
4.16373e-05
3.08737e-05
1.96664e-05
8.37505e-06
-2.69783e-06
-1.32888e-05
-2.31504e-05
-3.20432e-05
-3.97436e-05
-4.60575e-05
-5.08324e-05
-5.39662e-05
-5.54052e-05
-5.51255e-05
-5.30941e-05
-4.92329e-05
-4.34222e-05
-3.55695e-05
-2.57129e-05
-1.40964e-05
-1.17536e-06
1.24307e-05
2.6001e-05
3.87938e-05
5.01528e-05
5.95956e-05
6.68264e-05
7.16899e-05
7.41231e-05
7.413e-05
7.17672e-05
6.71452e-05
6.04527e-05
5.19903e-05
4.2181e-05
3.15476e-05
2.06667e-05
1.01157e-05
4.21648e-07
-7.97824e-06
-1.47537e-05
-1.96712e-05
-2.25745e-05
-2.3378e-05
-2.20763e-05
-1.87576e-05
-1.36136e-05
-6.94138e-06
8.71211e-07
9.37775e-06
1.81111e-05
2.66171e-05
3.44832e-05
4.13588e-05
4.69606e-05
5.10667e-05
5.35132e-05
5.42049e-05
5.31373e-05
5.04217e-05
4.63002e-05
4.11377e-05
3.53856e-05
2.95244e-05
2.4004e-05
1.91944e-05
1.53605e-05
1.26677e-05
1.12095e-05
1.10348e-05
1.21592e-05
1.4563e-05
1.81804e-05
2.28717e-05
2.83895e-05
3.43715e-05
4.03802e-05
4.59729e-05
5.07683e-05
5.44862e-05
5.69511e-05
5.80719e-05
5.78144e-05
5.61778e-05
5.31751e-05
4.88283e-05
4.31886e-05
3.63713e-05
2.85797e-05
2.01053e-05
1.13058e-05
2.56083e-06
-5.77838e-06
-1.34225e-05
-2.015e-05
-2.57947e-05
-3.02265e-05
-3.33307e-05
-3.4992e-05
-3.50951e-05
-3.35474e-05
-3.03221e-05
-2.55016e-05
-1.92926e-05
-1.19976e-05
-3.95706e-06
4.49954e-06
1.30795e-05
2.15305e-05
2.9626e-05
3.71387e-05
4.38181e-05
4.93926e-05
5.35971e-05
5.622e-05
5.71527e-05
5.6418e-05
5.41666e-05
5.06466e-05
4.61615e-05
4.10247e-05
3.55233e-05
2.99039e-05
2.43771e-05
1.91309e-05
1.43406e-05
1.01725e-05
6.77613e-06
4.25541e-06
2.62348e-06
1.75878e-06
1.39146e-06
1.13976e-06
5.98925e-07
-5.3824e-07
-2.37514e-06
-4.77214e-06
-7.40102e-06
-9.87429e-06
-1.189e-05
-1.33229e-05
-1.42295e-05
-1.47952e-05
-1.52614e-05
-1.58456e-05
-1.66681e-05
-1.77254e-05
-1.89357e-05
-2.02178e-05
-2.15448e-05
-2.29587e-05
-2.45595e-05
-2.64694e-05
-2.87739e-05
-3.14759e-05
-3.44919e-05
-3.76811e-05
-4.08764e-05
-4.3903e-05
-4.65831e-05
-4.8727e-05
-5.01181e-05
-5.05202e-05
-4.97123e-05
-4.7531e-05
-4.3899e-05
-3.88491e-05
-3.25402e-05
-2.52422e-05
-1.72829e-05
-8.99041e-06
-6.70521e-07
7.38398e-06
1.48786e-05
2.15141e-05
2.69943e-05
3.10447e-05
3.34456e-05
3.40736e-05
3.29315e-05
3.01566e-05
2.60034e-05
2.08077e-05
1.4944e-05
8.78585e-06
2.67725e-06
-3.08067e-06
-8.22395e-06
-1.25105e-05
-1.57164e-05
-1.76508e-05
-1.81784e-05
-1.72417e-05
-1.48823e-05
-1.12543e-05
-1.12543e-05
-6.62016e-06
-1.32766e-06
4.22186e-06
9.60568e-06
1.44073e-05
1.82391e-05
2.0765e-05
2.17278e-05
2.09764e-05
1.84794e-05
1.43208e-05
8.68656e-06
1.85361e-06
-5.82372e-06
-1.39507e-05
-2.21456e-05
-3.00743e-05
-3.74487e-05
-4.4017e-05
-4.95648e-05
-5.39178e-05
-5.69369e-05
-5.85174e-05
-5.86013e-05
-5.71841e-05
-5.43103e-05
-5.00639e-05
-4.456e-05
-3.79323e-05
-3.03145e-05
-2.18237e-05
-1.25653e-05
-2.66558e-06
7.68852e-06
1.82347e-05
2.86511e-05
3.85755e-05
4.76107e-05
5.53314e-05
6.13164e-05
6.5201e-05
6.67238e-05
6.57609e-05
6.23458e-05
5.66754e-05
4.9089e-05
4.00201e-05
2.99374e-05
1.9306e-05
8.57528e-06
-1.82971e-06
-1.15221e-05
-2.01584e-05
-2.74367e-05
-3.31171e-05
-3.70637e-05
-3.92746e-05
-3.98791e-05
-3.91097e-05
-3.72611e-05
-3.46389e-05
-3.15045e-05
-2.80338e-05
-2.43033e-05
-2.03131e-05
-1.60366e-05
-1.14761e-05
-6.70343e-06
-1.88191e-06
2.74486e-06
6.90872e-06
1.03952e-05
1.30892e-05
1.49651e-05
1.60553e-05
1.64243e-05
1.61379e-05
1.52259e-05
1.36722e-05
1.14484e-05
8.56295e-06
5.0952e-06
1.20709e-06
-2.87348e-06
-6.89447e-06
-1.06261e-05
-1.38886e-05
-1.6558e-05
-1.8554e-05
-1.98179e-05
-2.02937e-05
-1.99235e-05
-1.8663e-05
-1.65093e-05
-1.35285e-05
-9.87023e-06
-5.76486e-06
-1.50404e-06
2.59485e-06
6.23634e-06
9.18795e-06
1.12951e-05
1.24713e-05
1.26809e-05
1.19246e-05
1.02295e-05
7.64509e-06
4.2513e-06
1.7916e-07
-4.37469e-06
-9.15611e-06
-1.38833e-05
-1.82826e-05
-2.21173e-05
-2.52084e-05
-2.74424e-05
-2.8765e-05
-2.91648e-05
-2.86575e-05
-2.7281e-05
-2.51031e-05
-2.22412e-05
-1.88824e-05
-1.52886e-05
-1.17785e-05
-8.68797e-06
-6.32232e-06
-4.91325e-06
-4.59117e-06
-5.37979e-06
-7.21294e-06
-9.96164e-06
-1.34534e-05
-1.74817e-05
-2.18191e-05
-2.62383e-05
-3.05208e-05
-3.44458e-05
-3.77759e-05
-4.02582e-05
-4.1639e-05
-4.16859e-05
-4.02156e-05
-3.71249e-05
-3.24106e-05
-2.6175e-05
-1.86254e-05
-1.00647e-05
-8.69313e-07
8.53739e-06
1.77048e-05
2.61728e-05
3.35071e-05
3.93487e-05
4.34465e-05
4.56587e-05
4.59455e-05
4.43717e-05
4.1107e-05
3.64085e-05
3.05963e-05
2.40363e-05
1.71231e-05
1.02522e-05
3.78548e-06
-1.97677e-06
-6.80755e-06
-1.05516e-05
-1.31175e-05
-1.44661e-05
-1.45908e-05
-1.35032e-05
-1.124e-05
-7.88377e-06
-3.5738e-06
1.50262e-06
7.12753e-06
1.30709e-05
1.91144e-05
2.50752e-05
3.08129e-05
3.62143e-05
4.1168e-05
4.55464e-05
4.92031e-05
5.19847e-05
5.37468e-05
5.43693e-05
5.37779e-05
5.19728e-05
4.90437e-05
4.51555e-05
4.05207e-05
3.538e-05
2.99856e-05
2.4581e-05
1.93889e-05
1.4611e-05
1.0431e-05
7.01018e-06
4.47931e-06
2.93262e-06
2.42212e-06
2.94909e-06
4.45736e-06
6.83773e-06
9.94225e-06
1.35967e-05
1.76065e-05
2.17615e-05
2.58415e-05
2.96167e-05
3.28449e-05
3.52789e-05
3.66906e-05
3.69014e-05
3.58092e-05
3.34111e-05
2.98201e-05
2.52611e-05
2.00371e-05
1.44806e-05
8.91321e-06
3.61781e-06
-1.18036e-06
-5.31823e-06
-8.67884e-06
-1.11684e-05
-1.27111e-05
-1.32663e-05
-1.28501e-05
-1.15435e-05
-9.48826e-06
-6.87418e-06
-3.91027e-06
-7.84829e-07
2.36328e-06
5.44432e-06
8.39313e-06
1.114e-05
1.35925e-05
1.56322e-05
1.71223e-05
1.79266e-05
1.79379e-05
1.7101e-05
1.54153e-05
1.29217e-05
9.69478e-06
5.83966e-06
1.48501e-06
-3.22485e-06
-8.12749e-06
-1.30316e-05
-1.77169e-05
-2.19549e-05
-2.55389e-05
-2.83086e-05
-3.01644e-05
-3.10753e-05
-3.10785e-05
-3.0267e-05
-2.8774e-05
-2.67618e-05
-2.44181e-05
-2.19505e-05
-1.95723e-05
-1.74854e-05
-1.58706e-05
-1.48832e-05
-1.46461e-05
-1.52391e-05
-1.66954e-05
-1.90068e-05
-2.21317e-05
-2.59993e-05
-3.05099e-05
-3.55321e-05
-4.08951e-05
-4.63772e-05
-5.16943e-05
-5.64974e-05
-6.03861e-05
-6.29474e-05
-6.38244e-05
-6.27917e-05
-5.97971e-05
-5.49497e-05
-4.84849e-05
-4.07385e-05
-3.21225e-05
-2.30823e-05
-1.40483e-05
-5.41198e-06
2.47532e-06
9.30531e-06
1.48233e-05
1.88351e-05
2.1208e-05
2.18747e-05
2.08445e-05
1.82096e-05
1.41378e-05
8.85619e-06
2.64038e-06
-4.19395e-06
-1.13079e-05
-1.83596e-05
-2.50165e-05
-3.09624e-05
-3.59106e-05
-3.9619e-05
-4.18983e-05
-4.26182e-05
-4.17161e-05
-3.9205e-05
-3.51712e-05
-2.97599e-05
-2.31546e-05
-1.55596e-05
-7.19204e-06
1.71555e-06
1.71555e-06
1.09077e-05
2.01013e-05
2.8985e-05
3.72227e-05
4.44617e-05
5.03552e-05
5.46023e-05
5.69922e-05
5.74309e-05
5.59487e-05
5.26969e-05
4.79338e-05
4.19961e-05
3.52678e-05
2.81655e-05
2.11342e-05
1.46245e-05
9.04208e-06
4.69243e-06
1.74181e-06
1.92332e-07
-1.17902e-07
5.32645e-07
1.83674e-06
3.53558e-06
5.44463e-06
7.44104e-06
9.44649e-06
1.1409e-05
1.32725e-05
1.49525e-05
1.63474e-05
1.73758e-05
1.79996e-05
1.82168e-05
1.80438e-05
1.7503e-05
1.66092e-05
1.53492e-05
1.36679e-05
1.14874e-05
8.7557e-06
5.4902e-06
1.79061e-06
-2.17173e-06
-6.17128e-06
-9.95775e-06
-1.33023e-05
-1.60395e-05
-1.80813e-05
-1.94075e-05
-2.00499e-05
-2.00835e-05
-1.96206e-05
-1.88149e-05
-1.78763e-05
-1.70815e-05
-1.67492e-05
-1.71687e-05
-1.85119e-05
-2.07812e-05
-2.38079e-05
-2.72898e-05
-3.08542e-05
-3.41492e-05
-3.69358e-05
-3.91246e-05
-4.07297e-05
-4.17896e-05
-4.23139e-05
-4.22587e-05
-4.15216e-05
-3.99715e-05
-3.75163e-05
-3.41676e-05
-3.00642e-05
-2.54552e-05
-2.06569e-05
-1.59904e-05
-1.17167e-05
-8.00321e-06
-4.9314e-06
-2.53006e-06
-8.07219e-07
2.30117e-07
5.76811e-07
2.5923e-07
-6.18143e-07
-1.84484e-06
-3.1208e-06
-4.10782e-06
-4.48945e-06
-4.02181e-06
-2.56851e-06
-1.10144e-07
3.28158e-06
7.49784e-06
1.24406e-05
1.80314e-05
2.41783e-05
3.07246e-05
3.73972e-05
4.37747e-05
4.93008e-05
5.33609e-05
5.54054e-05
5.50734e-05
5.22651e-05
4.71276e-05
3.99673e-05
3.11499e-05
2.10419e-05
9.98884e-06
-1.68674e-06
-1.36566e-05
-2.55252e-05
-3.67863e-05
-4.6848e-05
-5.5121e-05
-6.11236e-05
-6.45631e-05
-6.53673e-05
-6.36633e-05
-5.97205e-05
-5.38823e-05
-4.65071e-05
-3.79378e-05
-2.85082e-05
-1.85724e-05
-8.53337e-06
1.14727e-06
9.97162e-06
1.74613e-05
2.32301e-05
2.70471e-05
2.88675e-05
2.88222e-05
2.7171e-05
2.42371e-05
2.03481e-05
1.58032e-05
1.08679e-05
5.78543e-06
7.97182e-07
-3.84066e-06
-7.86053e-06
-1.10175e-05
-1.31337e-05
-1.41211e-05
-1.39723e-05
-1.27416e-05
-1.05264e-05
-7.44672e-06
-3.61805e-06
8.6381e-07
5.9136e-06
1.14338e-05
1.72971e-05
2.334e-05
2.93647e-05
3.51523e-05
4.0487e-05
4.51855e-05
4.91154e-05
5.21937e-05
5.43689e-05
5.56044e-05
5.58744e-05
5.5169e-05
5.35054e-05
5.09451e-05
4.76115e-05
4.3694e-05
3.94327e-05
3.50876e-05
3.09044e-05
2.70863e-05
2.37776e-05
2.10603e-05
1.89635e-05
1.74857e-05
1.66157e-05
1.63404e-05
1.66423e-05
1.74917e-05
1.8837e-05
2.05917e-05
2.26278e-05
2.47873e-05
2.69054e-05
2.88278e-05
3.04192e-05
3.15676e-05
3.21882e-05
3.2222e-05
3.16329e-05
3.04063e-05
2.85515e-05
2.6105e-05
2.31334e-05
1.97358e-05
1.60397e-05
1.21928e-05
8.35276e-06
4.67613e-06
1.30778e-06
-1.62858e-06
-4.03627e-06
-5.84766e-06
-7.02384e-06
-7.55368e-06
-7.45304e-06
-6.76342e-06
-5.55022e-06
-3.90091e-06
-1.92145e-06
2.71652e-07
2.56373e-06
4.85514e-06
7.07148e-06
9.16702e-06
1.11182e-05
1.2909e-05
1.4518e-05
1.59119e-05
1.70426e-05
1.78442e-05
1.82324e-05
1.81122e-05
1.73883e-05
1.59772e-05
1.38232e-05
1.09205e-05
7.32935e-06
3.16807e-06
-1.41244e-06
-6.25106e-06
-1.11845e-05
-1.60526e-05
-2.07074e-05
-2.50106e-05
-2.88155e-05
-3.19483e-05
-3.42122e-05
-3.54126e-05
-3.53964e-05
-3.40905e-05
-3.15219e-05
-2.78089e-05
-2.31342e-05
-1.77144e-05
-1.17678e-05
-5.4853e-06
9.79003e-07
7.49237e-06
1.39123e-05
2.00608e-05
2.5716e-05
3.0627e-05
3.45503e-05
3.72952e-05
3.87641e-05
3.89784e-05
3.80874e-05
3.63529e-05
3.41068e-05
3.16975e-05
2.94437e-05
2.75988e-05
2.63258e-05
2.56977e-05
2.57114e-05
2.62868e-05
2.72488e-05
2.83366e-05
2.92611e-05
2.97716e-05
2.96848e-05
2.88862e-05
2.73338e-05
2.50595e-05
2.21421e-05
1.86615e-05
1.46709e-05
1.0204e-05
5.30051e-06
2.92916e-08
-5.48958e-06
-1.10676e-05
-1.64531e-05
-2.13694e-05
-2.55689e-05
-2.88783e-05
-3.12265e-05
-3.26538e-05
-3.32953e-05
-3.33412e-05
-3.29896e-05
-3.24048e-05
-3.1685e-05
-3.0851e-05
-2.98688e-05
-2.86937e-05
-2.73106e-05
-2.57601e-05
-2.41472e-05
-2.26237e-05
-2.13428e-05
-2.04165e-05
-1.99038e-05
-1.98187e-05
-2.01369e-05
-2.0806e-05
-2.17678e-05
-2.29777e-05
-2.44006e-05
-2.59907e-05
-2.76756e-05
-2.93508e-05
-3.08842e-05
-3.21371e-05
-3.29929e-05
-3.29929e-05
-3.33811e-05
-3.32845e-05
-3.27323e-05
-3.17869e-05
-3.053e-05
-2.90515e-05
-2.74409e-05
-2.5783e-05
-2.41587e-05
-2.26512e-05
-2.13524e-05
-2.0361e-05
-1.97599e-05
-1.95824e-05
-1.97984e-05
-2.0338e-05
-2.11264e-05
-2.20846e-05
-2.31054e-05
-2.40575e-05
-2.48231e-05
-2.5321e-05
-2.54974e-05
-2.53211e-05
-2.47951e-05
-2.39574e-05
-2.28687e-05
-2.1605e-05
-2.02529e-05
-1.8894e-05
-1.75872e-05
-1.63669e-05
-1.52576e-05
-1.42885e-05
-1.34959e-05
-1.29141e-05
-1.25682e-05
-1.24736e-05
-1.26308e-05
-1.30125e-05
-1.3557e-05
-1.41743e-05
-1.47619e-05
-1.52208e-05
-1.5473e-05
-1.54705e-05
-1.51895e-05
-1.46197e-05
-1.37574e-05
-1.26011e-05
-1.11448e-05
-9.37932e-06
-7.3024e-06
-4.93081e-06
-2.30642e-06
5.03892e-07
3.41428e-06
6.33128e-06
9.165e-06
1.18331e-05
1.42553e-05
1.63415e-05
1.79825e-05
1.90485e-05
1.94003e-05
1.8915e-05
1.75214e-05
1.52309e-05
1.21424e-05
8.42186e-06
4.2752e-06
-6.62214e-08
-4.35203e-06
-8.32248e-06
-1.1722e-05
-1.43129e-05
-1.58928e-05
-1.63214e-05
-1.55518e-05
-1.36501e-05
-1.07901e-05
-7.22098e-06
-3.22424e-06
9.26627e-07
4.9995e-06
8.82216e-06
1.22736e-05
1.52528e-05
1.76544e-05
1.93686e-05
2.02974e-05
2.03726e-05
1.95807e-05
1.79884e-05
1.57471e-05
1.30667e-05
1.01725e-05
7.26846e-06
4.51674e-06
2.03186e-06
-1.13115e-07
-1.8784e-06
-3.25175e-06
-4.24423e-06
-4.88775e-06
-5.23571e-06
-5.3623e-06
-5.35429e-06
-5.29589e-06
-5.25467e-06
-5.27564e-06
-5.38179e-06
-5.57164e-06
-5.81254e-06
-6.04298e-06
-6.1903e-06
-6.19072e-06
-6.0006e-06
-5.60472e-06
-5.02678e-06
-4.33303e-06
-3.62023e-06
-2.99257e-06
-2.53899e-06
-2.31867e-06
-2.35595e-06
-2.64113e-06
-3.13679e-06
-3.78966e-06
-4.5412e-06
-5.32906e-06
-6.08531e-06
-6.7435e-06
-7.25291e-06
-7.58849e-06
-7.75467e-06
-7.79007e-06
-7.77128e-06
-7.80239e-06
-7.98624e-06
-8.39364e-06
-9.04825e-06
-9.92495e-06
-1.09509e-05
-1.20122e-05
-1.29754e-05
-1.37192e-05
-1.41567e-05
-1.42393e-05
-1.39529e-05
-1.33144e-05
-1.23628e-05
-1.11418e-05
-9.68492e-06
-8.01816e-06
-6.17452e-06
-4.2014e-06
-2.16046e-06
-1.30239e-07
1.79212e-06
3.50232e-06
4.91045e-06
5.95914e-06
6.63579e-06
6.98394e-06
7.11131e-06
7.18659e-06
7.41944e-06
8.02182e-06
9.15873e-06
1.09106e-05
1.32627e-05
1.61106e-05
1.92695e-05
2.24968e-05
2.55446e-05
2.8218e-05
3.04003e-05
3.20399e-05
3.31298e-05
3.36929e-05
3.37626e-05
3.33595e-05
3.24861e-05
3.11473e-05
2.93712e-05
2.72119e-05
2.47421e-05
2.20449e-05
1.91968e-05
1.6245e-05
1.32024e-05
1.00716e-05
6.87886e-06
3.68977e-06
6.07644e-07
-2.23332e-06
-4.67566e-06
-6.55671e-06
-7.73972e-06
-8.14343e-06
-7.75262e-06
-6.60956e-06
-4.80011e-06
-2.44174e-06
3.30232e-07
3.3758e-06
6.55124e-06
9.69501e-06
1.2614e-05
1.50865e-05
1.68847e-05
1.78041e-05
1.76923e-05
1.64708e-05
1.41481e-05
1.08184e-05
6.64552e-06
1.84059e-06
-3.35229e-06
-8.65733e-06
-1.37678e-05
-1.83626e-05
-2.2139e-05
-2.48456e-05
-2.63041e-05
-2.64218e-05
-2.5202e-05
-2.27476e-05
-1.92481e-05
-1.49487e-05
-1.01162e-05
-5.01353e-06
1.14544e-07
5.04769e-06
9.58895e-06
1.35564e-05
1.6777e-05
1.90947e-05
2.03885e-05
2.05864e-05
1.96718e-05
1.76909e-05
1.47581e-05
1.10462e-05
6.76758e-06
2.15738e-06
-2.53797e-06
-7.07657e-06
-1.12362e-05
-1.48211e-05
-1.76637e-05
-1.96312e-05
-2.06333e-05
-2.0627e-05
-1.96159e-05
-1.76505e-05
-1.48292e-05
-1.12958e-05
-7.22921e-06
-2.83106e-06
1.6863e-06
6.11123e-06
1.02468e-05
1.39239e-05
1.70107e-05
1.94187e-05
2.11057e-05
2.20751e-05
2.23677e-05
2.20484e-05
2.11921e-05
1.988e-05
1.82068e-05
1.62834e-05
1.42319e-05
1.21777e-05
1.02449e-05
8.54568e-06
7.15788e-06
6.10468e-06
5.34834e-06
4.80182e-06
4.35621e-06
3.9142e-06
3.41223e-06
2.82353e-06
2.14978e-06
1.40872e-06
6.1835e-07
-2.16507e-07
-1.10411e-06
-2.04733e-06
-3.01385e-06
-3.90971e-06
-4.57389e-06
-4.80229e-06
-4.39277e-06
-3.19473e-06
-1.15081e-06
1.67916e-06
5.12155e-06
8.9176e-06
1.27549e-05
1.62832e-05
1.91277e-05
2.09294e-05
2.14073e-05
2.04008e-05
1.78728e-05
1.39057e-05
8.72509e-06
2.72912e-06
-3.51898e-06
-9.34454e-06
-1.40384e-05
-1.69471e-05
-1.75769e-05
-1.56866e-05
-1.13269e-05
-4.80629e-06
3.36889e-06
3.36889e-06
1.25244e-05
2.18362e-05
3.04229e-05
3.75171e-05
4.26054e-05
4.54588e-05
4.61041e-05
4.47876e-05
4.18906e-05
3.7778e-05
3.26688e-05
2.66086e-05
1.95097e-05
1.11987e-05
1.49462e-06
-9.65534e-06
-2.20484e-05
-3.51953e-05
-4.8364e-05
-6.0618e-05
-7.08572e-05
-7.79425e-05
-8.08995e-05
-7.9102e-05
-7.23661e-05
-6.09962e-05
-4.58074e-05
-2.8052e-05
-9.19922e-06
9.33071e-06
2.6334e-05
4.08854e-05
5.2376e-05
6.05095e-05
6.51863e-05
6.63537e-05
6.39913e-05
5.82352e-05
4.94782e-05
3.83693e-05
2.57716e-05
1.26954e-05
1.51277e-07
-1.10526e-05
-2.04558e-05
-2.79644e-05
-3.376e-05
-3.81434e-05
-4.13596e-05
-4.34537e-05
-4.42083e-05
-4.32002e-05
-3.99838e-05
-3.43186e-05
-2.6309e-05
-1.64161e-05
-5.39471e-06
5.81889e-06
1.62948e-05
2.53128e-05
3.24522e-05
3.75464e-05
4.05985e-05
4.17081e-05
4.09836e-05
3.84681e-05
3.41602e-05
2.81081e-05
2.04777e-05
1.15601e-05
1.76352e-06
-8.40521e-06
-1.84008e-05
-2.77219e-05
-3.59514e-05
-4.27415e-05
-4.77931e-05
-5.08535e-05
-5.17208e-05
-5.02573e-05
-4.64295e-05
-4.03577e-05
-3.23286e-05
-2.27649e-05
-1.2184e-05
-1.16636e-06
9.68007e-06
1.97579e-05
2.85056e-05
3.54122e-05
4.00468e-05
4.21097e-05
4.14874e-05
3.82849e-05
3.28187e-05
2.55691e-05
1.71076e-05
8.02111e-06
-1.15997e-06
-1.00092e-05
-1.8199e-05
-2.54529e-05
-3.15111e-05
-3.61368e-05
-3.91368e-05
-4.03756e-05
-3.9801e-05
-3.74751e-05
-3.35785e-05
-2.83764e-05
-2.2175e-05
-1.52883e-05
-8.01656e-06
-6.37559e-07
6.58457e-06
1.33817e-05
1.94714e-05
2.45653e-05
2.83985e-05
3.07653e-05
3.15455e-05
3.07159e-05
2.83531e-05
2.4622e-05
1.97483e-05
1.39864e-05
7.6003e-06
8.58088e-07
-5.96913e-06
-1.26068e-05
-1.87778e-05
-2.42107e-05
-2.86576e-05
-3.19151e-05
-3.38387e-05
-3.435e-05
-3.34393e-05
-3.11615e-05
-2.7625e-05
-2.29835e-05
-1.74352e-05
-1.12229e-05
-4.62397e-06
2.0648e-06
8.54034e-06
1.45039e-05
1.96769e-05
2.38194e-05
2.67436e-05
2.8319e-05
2.84762e-05
2.72126e-05
2.45962e-05
2.07635e-05
1.59133e-05
1.02974e-05
4.2074e-06
-2.03951e-06
-8.11809e-06
-1.37175e-05
-1.85651e-05
-2.24418e-05
-2.51895e-05
-2.67144e-05
-2.69893e-05
-2.60477e-05
-2.39729e-05
-2.08871e-05
-1.69466e-05
-1.23377e-05
-7.27021e-06
-1.96965e-06
3.33047e-06
8.39668e-06
1.30063e-05
1.69588e-05
2.00843e-05
2.22506e-05
2.33692e-05
2.34015e-05
2.23614e-05
2.03148e-05
1.73746e-05
1.36929e-05
9.45267e-06
4.85966e-06
1.30454e-07
-4.51857e-06
-8.88045e-06
-1.27664e-05
-1.6014e-05
-1.84917e-05
-2.01014e-05
-2.07835e-05
-2.05229e-05
-1.93492e-05
-1.73338e-05
-1.45862e-05
-1.12481e-05
-7.4844e-06
-3.47503e-06
5.92781e-07
4.53408e-06
8.17642e-06
1.13661e-05
1.39716e-05
1.58872e-05
1.70377e-05
1.73817e-05
1.69149e-05
1.56721e-05
1.3726e-05
1.11814e-05
8.16922e-06
4.8409e-06
1.35893e-06
-2.1125e-06
-5.41452e-06
-8.39951e-06
-1.0938e-05
-1.29239e-05
-1.42763e-05
-1.49429e-05
-1.49035e-05
-1.4172e-05
-1.27939e-05
-1.08434e-05
-8.42138e-06
-5.65012e-06
-2.66535e-06
3.91941e-07
3.38227e-06
6.17363e-06
8.64576e-06
1.0693e-05
1.22288e-05
1.31912e-05
1.35472e-05
1.32906e-05
1.24429e-05
1.10531e-05
9.19605e-06
6.96645e-06
4.47329e-06
1.83573e-06
-8.22531e-07
-3.38039e-06
-5.72454e-06
-7.75218e-06
-9.37498e-06
-1.05246e-05
-1.11568e-05
-1.12524e-05
-1.08167e-05
-9.87877e-06
-8.49071e-06
-6.72459e-06
-4.66856e-06
-2.42178e-06
-8.93984e-08
2.22202e-06
4.40859e-06
6.37284e-06
8.02843e-06
9.3057e-06
1.01545e-05
1.05441e-05
1.04641e-05
9.92664e-06
8.96586e-06
7.63404e-06
5.99948e-06
4.14337e-06
2.1542e-06
1.23739e-07
-1.85442e-06
-3.68952e-06
-5.30083e-06
-6.62036e-06
-7.59218e-06
-8.17563e-06
-8.35093e-06
-8.11986e-06
-7.50173e-06
-6.53073e-06
-5.25592e-06
-3.74037e-06
-2.05827e-06
-2.90743e-07
1.47913e-06
3.1711e-06
4.71096e-06
6.03239e-06
7.07939e-06
7.80924e-06
8.1941e-06
8.22148e-06
7.89548e-06
7.2377e-06
6.28534e-06
5.08766e-06
3.70387e-06
2.20133e-06
6.5184e-07
-8.72813e-07
-2.30366e-06
-3.57718e-06
-4.63891e-06
-5.44597e-06
-5.96712e-06
-6.18272e-06
-6.08664e-06
-5.68834e-06
-5.01211e-06
-4.09439e-06
-2.98153e-06
-1.72831e-06
-3.95153e-07
9.5544e-07
2.26177e-06
3.46541e-06
4.51385e-06
4.51385e-06
5.36269e-06
5.97704e-06
6.33267e-06
6.41744e-06
6.23217e-06
5.79052e-06
5.79052e-06
