-1.5448e-08
-1.24698e-07
-3.3864e-07
-5.01468e-07
-5.8953e-07
-6.966e-07
-7.82372e-07
-8.32237e-07
-8.93186e-07
-9.62809e-07
-1.03719e-06
-1.12173e-06
-1.20805e-06
-1.27168e-06
-1.27736e-06
-1.20578e-06
-1.07535e-06
-9.34629e-07
-8.29375e-07
-7.72756e-07
-7.5614e-07
-7.69363e-07
-8.06773e-07
-8.68913e-07
-9.54231e-07
-1.06463e-06
-1.21614e-06
-1.42667e-06
-1.70635e-06
-2.0557e-06
-2.4598e-06
-2.89015e-06
-3.31774e-06
-3.7282e-06
-4.11749e-06
-4.48187e-06
-4.82164e-06
-5.132e-06
-5.39854e-06
-5.60974e-06
-5.75107e-06
-5.80128e-06
-5.74492e-06
-5.5784e-06
-5.30819e-06
-4.94305e-06
-4.49248e-06
-3.96372e-06
-3.35333e-06
-2.65706e-06
-1.87809e-06
-1.01934e-06
-8.47037e-08
9.13912e-07
1.96178e-06
3.04565e-06
4.15118e-06
5.2691e-06
6.40023e-06
7.54865e-06
8.71584e-06
9.90271e-06
1.11056e-05
1.23154e-05
1.3528e-05
1.47376e-05
1.59325e-05
1.7101e-05
1.82274e-05
1.9294e-05
2.02804e-05
2.11608e-05
2.19119e-05
2.25108e-05
2.29372e-05
2.31758e-05
2.32049e-05
2.2999e-05
2.25343e-05
2.17816e-05
2.0712e-05
1.93098e-05
1.75711e-05
1.55002e-05
1.31194e-05
1.04625e-05
7.55794e-06
4.42865e-06
1.09032e-06
-2.45068e-06
-6.18927e-06
-1.01112e-05
-1.41904e-05
-1.83908e-05
-2.26634e-05
-2.69492e-05
-3.11869e-05
-3.5326e-05
-3.93318e-05
-4.31744e-05
-4.68259e-05
-5.02579e-05
-5.34418e-05
-5.63467e-05
-5.89383e-05
-6.11807e-05
-6.30378e-05
-6.44718e-05
-6.54365e-05
-6.58892e-05
-6.5797e-05
-6.51348e-05
-6.38991e-05
-6.21136e-05
-5.98291e-05
-5.7099e-05
-5.39637e-05
-5.04579e-05
-4.65994e-05
-4.23908e-05
-3.78299e-05
-3.29061e-05
-2.7611e-05
-2.19446e-05
-1.59059e-05
-9.47778e-06
-2.63798e-06
4.61685e-06
1.22932e-05
2.04097e-05
2.89691e-05
3.79539e-05
4.73306e-05
5.70315e-05
6.69373e-05
7.6882e-05
8.66578e-05
9.60065e-05
0.000104636
0.000112262
0.000118619
0.000123472
0.000126638
0.000127979
0.000127349
0.000124511
0.000119154
0.000110955
9.9608e-05
8.48948e-05
6.68982e-05
4.61487e-05
2.34401e-05
-3.4698e-07
-2.42757e-05
-4.74648e-05
-6.92583e-05
-8.93386e-05
-0.000107503
-0.000123432
-0.000136743
-0.000146957
-0.000153486
-0.00015577
-0.000153483
-0.00014669
-0.000135823
-0.000121569
-0.00010474
-8.61468e-05
-6.6453e-05
-4.60908e-05
-2.53322e-05
-4.37501e-06
1.65781e-05
3.72596e-05
5.73722e-05
7.66224e-05
9.47102e-05
0.000111259
0.000125822
0.00013813
0.000148112
0.000155744
0.000161143
0.000164701
0.000167088
0.000169069
0.000171287
0.000174243
0.000178271
0.000183495
0.000189933
0.000197722
0.00020729
0.00021928
0.000234399
0.000253326
0.000276355
0.000302667
0.000329981
0.000354847
0.000373014
0.00037967
0.000370888
0.000345798
0.000305869
0.000253316
0.000191293
0.000123393
5.2103e-05
-2.23065e-05
-0.000100363
-0.000181586
-0.000264599
-0.000346696
-0.00042343
-0.000489252
-0.000539071
-0.000569906
-0.000581208
-0.000574591
-0.000553222
-0.00052085
-0.000480771
-0.000435158
-0.000385234
-0.000331856
-0.000276271
-0.00022072
-0.000168195
-0.000121856
-8.45291e-05
-5.79189e-05
-4.20658e-05
-3.55528e-05
-3.61019e-05
-4.12217e-05
-4.87507e-05
-5.7114e-05
-6.52764e-05
-7.24083e-05
-7.73074e-05
-7.80818e-05
-7.23484e-05
-5.76302e-05
-3.18663e-05
6.05828e-06
5.60666e-05
0.00011699
0.000186909
0.000263612
0.000344942
0.000428871
0.000513444
0.000596645
0.000676213
0.000749574
0.0008141
0.000867552
0.000908133
0.000934469
0.000945784
0.00094142
0.000920375
0.000881413
0.000821904
0.000736836
0.000620153
0.000467146
0.000279096
6.59072e-05
-0.000159023
-0.00038264
-0.000592053
-0.00077672
-0.000931541
-0.00105774
-0.00115812
-0.00123292
-0.00128003
-0.00129371
-0.00126463
-0.00118368
-0.00104705
-0.000859109
-0.00063096
-0.000377797
-0.000116093
0.000139282
0.000377417
0.000592255
0.000781169
0.000942764
0.00107505
0.00117382
0.0012314
0.00123761
0.00118286
0.00106155
0.000877682
0.00064787
0.000393547
0.000134281
-0.00011245
-0.000333846
-0.000525066
-0.00068908
-0.000829989
-0.000947106
-0.00103498
-0.00108317
-0.00107876
-0.00101245
-0.00088417
-0.000705481
-0.0004963
-0.000279066
-7.30151e-05
0.00010818
0.000255882
0.000366381
0.000366381
0.000438929
0.000472042
0.000461526
0.000401696
0.000289558
0.000128304
-7.16129e-05
-0.000292788
-0.00051377
-0.000714095
-0.000878693
-0.000999426
-0.00107387
-0.00110313
-0.00108942
-0.00103392
-0.000935946
-0.000794175
-0.000609535
-0.000388221
-0.00014293
0.000108904
0.000348078
0.000556654
0.000721168
0.000834302
0.000894787
0.000906026
0.000873489
0.000802688
0.000698564
0.00056581
0.000409635
0.000236634
5.60389e-05
-0.000120484
-0.00028106
-0.000415328
-0.000515575
-0.000577611
-0.000600839
-0.000587419
-0.000540872
-0.000465149
-0.000364757
-0.000245535
-0.000114929
1.82794e-05
0.000144399
0.000254247
0.000341336
0.000402592
0.000437131
0.000445672
0.000430303
0.00039324
0.000335802
0.000258506
0.000162782
5.24099e-05
-6.64359e-05
-0.000185296
-0.000294396
-0.000384631
-0.000449531
-0.000486351
-0.000496112
-0.000484106
-0.000458765
-0.000426921
-0.000391564
-0.000353241
-0.000310379
-0.000259902
-0.000199903
-0.000132445
-6.26449e-05
3.84135e-06
6.14408e-05
0.000106245
0.000138116
0.000161145
0.000181555
0.000203393
0.00022491
0.000236377
0.000224682
0.00018357
0.000114265
2.21195e-05
-8.14532e-05
-0.000180938
-0.000263553
-0.000324971
-0.000367335
-0.000395045
-0.000414147
-0.000429014
-0.000439532
-0.000440675
-0.000424533
-0.000385346
-0.000322088
-0.000237449
-0.000136578
-2.7777e-05
7.93218e-05
0.000177982
0.00026458
0.000336874
0.000393084
0.000431935
0.00045347
0.000458979
0.000450825
0.000432561
0.000407903
0.000379249
0.000347504
0.000312824
0.000275166
0.000234926
0.000193441
0.000152727
0.000115364
8.43767e-05
6.21914e-05
4.96496e-05
4.59952e-05
4.95895e-05
5.89684e-05
7.35423e-05
9.37079e-05
0.000120485
0.000154525
0.000194972
0.000239105
0.00028278
0.000321055
0.00034881
0.000361979
0.000359043
0.000340775
0.000309217
0.000267326
0.000218439
0.000165264
0.000108937
5.01032e-05
-9.45582e-06
-6.69231e-05
-0.000118361
-0.00015865
-0.000182232
-0.000184178
-0.000161269
-0.000112394
-3.84591e-05
5.77067e-05
0.000171162
0.000294982
0.000421011
0.000540369
0.000643828
0.000724143
0.000778519
0.000806608
0.000808574
0.000785956
0.000740636
0.000672536
0.00057911
0.000458217
0.000310681
0.000140473
-4.4166e-05
-0.000230674
-0.000405038
-0.000555367
-0.000673942
-0.000757485
-0.000806565
-0.000824165
-0.000813726
-0.000777176
-0.000714266
-0.000623781
-0.00050529
-0.000360773
-0.000195536
-1.78993e-05
0.000162277
0.000335629
0.000494899
0.000635581
0.000755501
0.000853844
0.000930154
0.000983515
0.00101231
0.001015
0.000991422
0.000943323
0.000874214
0.000788939
0.000690961
0.000579724
0.000453283
0.000311707
0.00015734
-4.10865e-06
-0.000161704
-0.000301731
-0.00041427
-0.000494973
-0.00054372
-0.000566158
-0.000572978
-0.000575068
-0.00057768
-0.000579703
-0.000576877
-0.000563446
-0.00053441
-0.000488607
-0.000431301
-0.000372593
-0.000322436
-0.000288041
-0.000272343
-0.000273258
-0.000284713
-0.00029859
-0.000307749
-0.000308158
-0.000298657
-0.0002798
-0.000252869
-0.000218642
-0.000176192
-0.000122949
-5.59666e-05
2.62864e-05
0.000122055
0.000225425
0.000327121
0.000416374
0.000483394
0.000523655
0.000540275
0.000539562
0.000527178
0.000508055
0.000484594
0.000454633
0.000411902
0.000350494
0.000268889
0.000170346
6.34795e-05
-3.85652e-05
-0.000121571
-0.000174618
-0.000193049
-0.000178721
-0.000141295
-9.76449e-05
-6.39486e-05
-4.96661e-05
-5.79158e-05
-8.53493e-05
-0.000122174
-0.000156924
-0.000184323
-0.00020629
-0.000228306
-0.000259171
-0.000308967
-0.000385099
-0.000489052
-0.000614675
-0.000750235
-0.000881697
-0.000994863
-0.00107727
-0.00112113
-0.00112448
-0.00108887
-0.00101764
-0.000915706
-0.000789017
-0.000643261
-0.000482245
-0.000308023
-0.000122524
7.14471e-05
0.000269321
0.000463523
0.000642848
0.000793634
0.000902153
0.00095653
0.000949315
0.000880205
0.000755307
0.000584706
0.000380883
0.000156618
-7.69843e-05
-0.000311157
-0.000538145
-0.000749478
-0.00093549
-0.00108497
-0.0011858
-0.00122709
-0.00120206
-0.00111078
-0.000961088
-0.000767179
-0.000544812
-0.000305853
-0.000305853
-5.87448e-05
0.000189603
0.000434289
0.000670653
0.000891202
0.00108427
0.00123669
0.00133746
0.00137939
0.00136161
0.00129098
0.00118024
0.00104379
0.000893638
0.000737843
0.000580316
0.000421719
0.000262158
0.000103607
-4.93558e-05
-0.000190097
-0.000311431
-0.000407271
-0.000474091
-0.000512369
-0.000526225
-0.000521344
-0.000503162
-0.000475881
-0.000442343
-0.000403763
-0.000360304
-0.000312668
-0.000262499
-0.000211951
-0.000163181
-0.000117891
-7.68922e-05
-3.97271e-05
-5.41687e-06
2.60366e-05
5.32078e-05
7.37441e-05
8.47539e-05
8.3453e-05
6.82388e-05
4.00834e-05
3.02654e-06
-3.77192e-05
-7.74288e-05
-0.000112239
-0.00013986
-0.000160217
-0.000175241
-0.000186854
-0.00019544
-0.000200377
-0.000200448
-0.000193917
-0.000178758
-0.000154205
-0.000121964
-8.51796e-05
-4.74914e-05
-1.28909e-05
1.44044e-05
3.10707e-05
3.55111e-05
2.71545e-05
6.22626e-06
-2.60368e-05
-6.75596e-05
-0.000115798
-0.000167957
-0.000220844
-0.000270796
-0.000313902
-0.000346492
-0.000365153
-0.000366673
-0.000348616
-0.000310075
-0.000251871
-0.000175652
-8.36101e-05
2.11046e-05
0.000134855
0.000254178
0.000376251
0.000498587
0.000618158
0.000731389
0.000834373
0.000922655
0.000990996
0.00103385
0.001047
0.00102826
0.000977271
0.000895905
0.00078851
0.000660646
0.000517364
0.000362769
0.000200469
3.3724e-05
-0.000134258
-0.000299723
-0.00045769
-0.000602178
-0.000727368
-0.000828671
-0.000903083
-0.000948741
-0.000965265
-0.000953868
-0.000916076
-0.00085304
-0.000765981
-0.000657238
-0.000530425
-0.000390081
-0.000242007
-9.30064e-05
5.02284e-05
0.00018246
0.000300316
0.000401736
0.000485742
0.000552132
0.000600737
0.000630757
0.000641045
0.000631033
0.000601224
0.000553378
0.000490438
0.000416256
0.000335113
0.000250921
0.000166688
8.45606e-05
6.45724e-06
-6.5367e-05
-0.000128577
-0.000181019
-0.000220793
-0.00024683
-0.000259562
-0.000260945
-0.000253631
-0.000240283
-0.000223346
-0.00020449
-0.000184203
-0.000162222
-0.000138646
-0.000114703
-9.27733e-05
-7.62594e-05
-6.86679e-05
-7.18319e-05
-8.53796e-05
-0.000107251
-0.000133992
-0.000161523
-0.000186324
-0.000206242
-0.00022044
-0.000228811
-0.00023136
-0.000227345
-0.00021475
-0.000190689
-0.000152418
-9.83561e-05
-2.86996e-05
5.45259e-05
0.000147913
0.000247354
0.000348968
0.000449813
0.000547952
0.000642216
0.000731392
0.000812862
0.000882225
0.000933993
0.000962348
0.000961965
0.00092991
0.000867638
0.000779763
0.000672037
0.000551092
0.000423456
0.000293895
0.000164584
3.66658e-05
-8.79339e-05
-0.000206556
-0.000315733
-0.000410951
-0.000486886
-0.000539274
-0.000566753
-0.000570352
-0.000552535
-0.000516697
-0.000467174
-0.000408441
-0.000343952
-0.000276616
-0.000209381
-0.000145306
-8.74039e-05
-3.82616e-05
8.45469e-08
2.63967e-05
4.02608e-05
4.16572e-05
3.07641e-05
7.82172e-06
-2.69264e-05
-7.28266e-05
-0.000128267
-0.000190171
-0.000254098
-0.000315093
-0.000368345
-0.000409737
-0.000436562
-0.000447651
-0.000442699
-0.000421425
-0.000383269
-0.000327471
-0.000253195
-0.000160173
-4.96707e-05
7.50788e-05
0.000209114
0.000346339
0.00048036
0.000605247
0.000715981
0.000808617
0.000880052
0.000927611
0.000948828
0.000941837
0.000906118
0.000842605
0.000753721
0.000643634
0.00051791
0.000382365
0.000241789
0.000100023
-3.95564e-05
-0.000174156
-0.000301139
-0.000417058
-0.000517214
-0.00059701
-0.000653322
-0.000684519
-0.000690697
-0.000673996
-0.000638477
-0.000588881
-0.000529208
-0.000462537
-0.000390983
-0.000315869
-0.000238448
-0.000160568
-8.49323e-05
-1.47566e-05
4.68165e-05
9.71487e-05
0.000134337
0.000157468
0.00016668
0.000162807
0.00014693
0.000120352
8.49362e-05
4.29809e-05
-2.90563e-06
-4.96073e-05
-9.40316e-05
-0.000134269
-0.000169828
-0.000200619
-0.000226497
-0.000247415
-0.000263176
-0.000273406
-0.000277761
-0.000276281
-0.000269749
-0.000259682
-0.000248126
-0.00023735
-0.0002295
-0.00022588
-0.000226519
-0.000230687
-0.000237431
-0.000245849
-0.000255238
-0.000264959
-0.000274279
-0.000282294
-0.000287669
-0.000288328
-0.00028164
-0.000265025
-0.000236621
-0.000195974
-0.000144824
-0.000144824
-8.70719e-05
-2.70761e-05
3.15462e-05
8.59517e-05
0.000134613
0.000177856
0.000217299
0.000254051
0.000287536
0.000315828
0.000335996
0.000344773
0.000339873
0.000321224
0.000291323
0.000254351
0.000214953
0.000177266
0.000144111
0.000116514
9.39004e-05
7.50293e-05
5.90271e-05
4.58329e-05
3.61618e-05
3.12338e-05
3.21765e-05
3.93546e-05
5.2121e-05
6.90734e-05
8.84826e-05
0.000108607
0.000128189
0.000146775
0.000164455
0.000181517
0.000198057
0.000213611
0.000227247
0.000237876
0.000244536
0.00024663
0.000244151
0.00023777
0.000228383
0.000216683
0.000203115
0.000187769
0.000170401
0.00015073
0.000128722
0.000104748
7.95595e-05
5.41239e-05
2.9524e-05
6.93864e-06
-1.26198e-05
-2.84966e-05
-4.02206e-05
-4.73767e-05
-5.01948e-05
-5.07371e-05
-5.27946e-05
-6.05297e-05
-7.76802e-05
-0.000106671
-0.000147132
-0.000195913
-0.000249137
-0.00030332
-0.000355447
-0.000403718
-0.000448197
-0.000490488
-0.000531468
-0.00056955
-0.00060107
-0.00062077
-0.000622857
-0.000602875
-0.000559213
-0.000493424
-0.000409286
-0.000311675
-0.000205546
-9.50868e-05
1.67348e-05
0.000127901
0.00023631
0.000338706
0.000430436
0.000506411
0.000562092
0.000594239
0.000601896
0.000586757
0.000552466
0.000503071
0.000441981
0.000371759
0.000293924
0.000209373
0.00011982
2.92178e-05
-5.65163e-05
-0.000130764
-0.000187116
-0.000220485
-0.000228347
-0.000211308
-0.000172109
-0.000114125
-4.05932e-05
4.595e-05
0.000142854
0.00024497
0.000343488
0.00042706
0.000483865
0.000504812
0.00048734
0.000435257
0.000354921
0.000253594
0.00013846
1.33654e-05
-0.000123217
-0.000275639
-0.000445453
-0.000628323
-0.000813754
-0.00098531
-0.0011241
-0.00121519
-0.00125195
-0.00123616
-0.00117564
-0.00108089
-0.000961105
-0.000821624
-0.000663169
-0.000483347
-0.000280122
-5.5017e-05
0.000185267
0.000429153
0.000662843
0.000873509
0.00105116
0.00118858
0.00128141
0.00133001
0.0013375
0.00130631
0.00123885
0.00113821
0.00100743
0.000849564
0.000669099
0.000472681
0.000267748
6.18781e-05
-0.000136932
-0.000320233
-0.000480208
-0.000611078
-0.00070929
-0.000773186
-0.000802575
-0.000798659
-0.000763756
-0.000700757
-0.00061328
-0.000505649
-0.000382949
-0.000251229
-0.000116658
1.5146e-05
0.000139145
0.000251652
0.000350892
0.000436154
0.000506176
0.000557894
0.000586055
0.000583374
0.00054398
0.000468688
0.000363606
0.000236947
9.95517e-05
-3.69162e-05
-0.000163727
-0.000277404
-0.000378073
-0.000466514
-0.000543048
-0.000605115
-0.000645947
-0.000657147
-0.000632929
-0.000573317
-0.000484932
-0.000379818
-0.000271256
-0.0001689
-7.81938e-05
-9.52418e-07
6.4767e-05
0.000122034
0.000171151
0.00020788
0.000225559
0.000218277
0.000183001
0.000122282
4.52623e-05
-3.47803e-05
-0.000104751
-0.000155276
-0.000182
-0.000185434
-0.000169426
-0.000138637
-9.61151e-05
-4.21858e-05
2.475e-05
0.000106071
0.00020087
0.000305164
0.000411787
0.000511511
0.000595687
0.000658151
0.000695498
0.000706403
0.000691222
0.000651459
0.000588791
0.000505393
0.000404694
0.000291157
0.000170582
5.05092e-05
-6.08131e-05
-0.000156226
-0.000231473
-0.000285519
-0.000319021
-0.000333175
-0.000329037
-0.000306621
-0.000264976
-0.000203811
-0.000125154
-3.36402e-05
6.37258e-05
0.000157898
0.000239261
0.000300061
0.000336127
0.000347003
0.000335048
0.000304128
0.000257943
0.000198577
0.00012675
4.31954e-05
-5.03251e-05
-0.000150058
-0.000249927
-0.000342388
-0.00041956
-0.000474546
-0.000502769
-0.000502532
-0.000474981
-0.000423593
-0.000353026
-0.000268121
-0.000173718
-7.51556e-05
2.18183e-05
0.000112109
0.000190957
0.000253654
0.000296832
0.000318991
0.000319261
0.000295736
0.000246581
0.000171649
7.19854e-05
-4.92044e-05
-0.000184902
-0.000324858
-0.000457868
-0.000573458
-0.000662788
-0.000719886
-0.000742528
-0.000731886
-0.000690288
-0.000619274
-0.000519598
-0.00039172
-0.00023687
-5.83599e-05
0.000137301
0.000340286
0.000538942
0.000721519
0.000877929
0.00100107
0.00108685
0.00113365
0.00114166
0.00111181
0.00104533
0.000943839
0.000810061
0.000648666
0.000648666
0.000466423
0.000271843
7.44512e-05
-0.000116085
-0.000291199
-0.000444356
-0.000570866
-0.000667153
-0.000730211
-0.000757821
-0.000748823
-0.000703126
-0.000622253
-0.000509754
-0.000371192
-0.000213912
-4.62277e-05
0.00012341
0.000286962
0.00043721
0.000568102
0.00067497
0.00075382
0.000800833
0.000812879
0.000787727
0.00072468
0.000625733
0.000495626
0.000341281
0.000171344
-4.54094e-06
-0.000176925
-0.000337655
-0.000479843
-0.000597598
-0.000686227
-0.000742156
-0.000763023
-0.000747893
-0.000697666
-0.000615689
-0.000507682
-0.000381347
-0.00024544
-0.000108375
2.22908e-05
0.000140113
0.000240239
0.000319381
0.000375061
0.000404675
0.000406306
0.000379867
0.000326864
0.000250677
0.000156927
5.29645e-05
-5.33482e-05
-0.000155046
-0.000246864
-0.000325925
-0.0003915
-0.000443263
-0.000480648
-0.000503054
-0.000509455
-0.00049867
-0.000470273
-0.00042548
-0.000367337
-0.000300129
-0.000228808
-0.000158046
-9.13017e-05
-3.05427e-05
2.36534e-05
7.13969e-05
0.00011262
0.000146815
0.00017304
0.000189929
0.000195982
0.000190142
0.000172218
0.000142863
0.00010353
5.63553e-05
3.29326e-06
-5.4411e-05
-0.000115795
-0.000179645
-0.000244017
-0.000306341
-0.000363811
-0.000413466
-0.000452557
-0.000479018
-0.000491843
-0.000491245
-0.000478136
-0.000453638
-0.000418913
-0.000374875
-0.000322206
-0.0002618
-0.000195323
-0.000125371
-5.51109e-05
1.21059e-05
7.30784e-05
0.000125096
0.00016642
0.000196467
0.000215448
0.000223969
0.000222801
0.000212817
0.000195005
0.000170556
0.00014109
0.000108726
7.5877e-05
4.49585e-05
1.81366e-05
-2.83534e-06
-1.67584e-05
-2.30127e-05
-2.13556e-05
-1.16341e-05
6.26339e-06
3.23715e-05
6.66708e-05
0.000109059
0.000159189
0.000216143
0.000278525
0.000344828
0.000413441
0.000482176
0.000547471
0.000604602
0.000648676
0.000675042
0.000679816
0.000660604
0.000617097
0.000551037
0.000465041
0.0003621
0.000245846
0.000120335
-1.06331e-05
-0.000144325
-0.000277734
-0.000406296
-0.000525004
-0.000629037
-0.000713507
-0.000773398
-0.000804692
-0.000805439
-0.000775278
-0.000715254
-0.000628358
-0.000519812
-0.000395778
-0.000262018
-0.000124204
1.19327e-05
0.000140917
0.000258018
0.000359191
0.000440593
0.000498872
0.000531534
0.000537089
0.000515103
0.000466321
0.00039287
0.000298031
0.000185835
6.08515e-05
-7.1794e-05
-0.000206422
-0.000337003
-0.000457339
-0.000560877
-0.000640974
-0.000692313
-0.000711666
-0.000697798
-0.000651839
-0.00057737
-0.00047941
-0.000362731
-0.000231578
-9.04376e-05
5.59314e-05
0.000201916
0.000340626
0.000464865
0.000567838
0.000643686
0.000688625
0.0007017
0.000684346
0.000639162
0.000569321
0.000478231
0.000368878
0.000244059
0.000107544
-3.48964e-05
-0.000175909
-0.000307598
-0.000422049
-0.00051213
-0.000572778
-0.000602311
-0.000601994
-0.000574489
-0.00052321
-0.000451595
-0.000362225
-0.000256827
-0.000137578
-8.31832e-06
0.000125436
0.000256625
0.000377308
0.000480042
0.000558926
0.000610268
0.000632847
0.000627488
0.000596345
0.000542249
0.000468145
0.000377006
0.000272273
0.000158401
4.09578e-05
-7.38844e-05
-0.000179946
-0.000271734
-0.000345241
-0.000398327
-0.000430415
-0.000441629
-0.000432487
-0.000403857
-0.000356576
-0.000291443
-0.000209949
-0.000115327
-1.2257e-05
9.41325e-05
0.000198483
0.000295716
0.000381719
0.000453782
0.00051056
0.000551429
0.000576072
0.000584229
0.000575627
0.000550232
0.000508449
0.000451364
0.000380918
0.000299629
0.000210558
0.000117605
2.50581e-05
-6.30118e-05
-0.000142773
-0.000210663
-0.00026369
-0.000299831
-0.000317921
-0.000317459
-0.000298873
-0.000263457
-0.00021302
-0.000149512
-7.50123e-05
7.97558e-06
9.65271e-05
0.000187334
0.000276653
0.000360456
0.000434721
0.000495524
0.000539003
0.000561264
0.000559074
0.000531528
0.000479808
0.000405994
0.000313287
0.00020589
8.81918e-05
-3.59627e-05
-0.000163085
-0.000289476
-0.000411296
-0.000524189
-0.000622925
-0.000701993
-0.000756417
-0.000782606
-0.000779
-0.000745832
-0.000684333
-0.000596623
-0.000486074
-0.000357317
-0.000216248
-7.05997e-05
7.0703e-05
0.00020019
0.00020019
0.000312474
0.0004035
0.000471468
0.000517219
0.000542717
0.000548881
0.000535531
0.000502177
0.000447641
0.000370417
0.000270357
0.000151102
1.96294e-05
-0.000116023
-0.000247058
-0.000364076
-0.000458805
-0.000527109
-0.000568756
-0.000584791
-0.000577308
-0.000549274
-0.000503402
-0.000441032
-0.000362457
-0.000268705
-0.000162171
-4.6665e-05
7.25566e-05
0.00018893
0.000295118
0.000384514
0.000452374
0.000495837
0.000513618
0.000505917
0.00047443
0.000421883
0.000351483
0.000266927
0.000172503
7.31002e-05
-2.59559e-05
-0.000119243
-0.000201577
-0.000268401
-0.000316226
-0.000342699
-0.000346141
-0.000325315
-0.000279648
-0.00020981
-0.000118885
-1.27697e-05
0.000100986
0.00021396
0.000317236
0.000402319
0.000462641
0.000494965
0.000498524
0.000473765
0.000422355
0.000346702
0.00024889
0.000130069
-7.49409e-06
-0.000158574
-0.000316
-0.000471115
-0.000614015
-0.00073473
-0.000824859
-0.000878928
-0.000894519
-0.000871904
-0.000813365
-0.000722268
-0.000602478
-0.000458426
-0.000295871
-0.00012316
4.89635e-05
0.000210101
0.000351376
0.000465116
0.000546057
0.000591935
0.000602517
0.000578372
0.000520676
0.000431439
0.000313283
0.000170301
9.29696e-06
-0.000159985
-0.000325511
-0.000474719
-0.000596616
-0.000683113
-0.000729546
-0.000734249
-0.000697461
-0.000620522
-0.000505521
-0.000355583
-0.000175578
2.77082e-05
0.000245248
0.000465435
0.00067502
0.000860544
0.00101031
0.00111639
0.00117431
0.00118212
0.00114037
0.00105179
0.000920736
0.000752334
0.00055298
0.000331262
9.75179e-05
-0.000136483
-0.000358035
-0.000554958
-0.000717117
-0.000837512
-0.000912527
-0.00094155
-0.000925921
-0.000867823
-0.000770611
-0.000639045
-0.000478703
-0.000296151
-9.95822e-05
0.000100757
0.000293614
0.000468355
0.000615612
0.000728021
0.000801039
0.00083325
0.000825473
0.00077956
0.000698264
0.000585067
0.000443885
0.000279258
9.6831e-05
-9.62014e-05
-0.000291119
-0.000477881
-0.000645959
-0.00078617
-0.000891645
-0.000957826
-0.000982709
-0.000966624
-0.000911483
-0.000820114
-0.000696024
-0.000543571
-0.000368121
-0.000176311
2.38473e-05
0.000223395
0.000413044
0.000584024
0.000728872
0.000841289
0.000915617
0.000947355
0.000933835
0.000874261
0.000770145
0.000626396
0.000451617
0.00025644
5.18107e-05
-0.00015152
-0.000343897
-0.000517572
-0.000666576
-0.000786008
-0.000871103
-0.000917267
-0.00092097
-0.000880737
-0.000797833
-0.000676221
-0.000522993
-0.000348038
-0.000161949
2.5701e-05
0.00020703
0.00037537
0.00052498
0.000651196
0.000749788
0.000816876
0.000849637
0.000847
0.000810111
0.000742181
0.000648037
0.000533305
0.000403727
0.000265154
0.00012277
-1.92422e-05
-0.000156595
-0.000284404
-0.000397525
-0.000491327
-0.000562165
-0.000607517
-0.000626466
-0.000619626
-0.000588648
-0.000535866
-0.000463738
-0.000374621
-0.000271095
-0.000156443
-3.53173e-05
8.61601e-05
0.000201079
0.00030248
0.000384169
0.000441443
0.00047169
0.000474759
0.000452275
0.000406787
0.000341473
0.000259828
0.000165297
6.11874e-05
-4.8366e-05
-0.00015788
-0.000261439
-0.000353597
-0.00042974
-0.000485792
-0.000518523
-0.000526278
-0.000508584
-0.000465674
-0.000398711
-0.000310328
-0.000204291
-8.49407e-05
4.24344e-05
0.000171509
0.000295612
0.000408925
0.000506983
0.000586298
0.000644376
0.000679837
0.000692392
0.000682557
0.000651326
0.0006004
0.000532376
0.000450471
0.00035796
0.000257951
0.000153758
4.87661e-05
-5.39979e-05
-0.000151732
-0.000241373
-0.000319539
-0.000383596
-0.000432069
-0.000464031
-0.000478853
-0.000476531
-0.000458455
-0.000426674
-0.00038278
-0.000328428
-0.00026547
-0.000195703
-0.000121044
-4.39499e-05
3.23245e-05
0.000104098
0.000167427
0.000218421
0.000254065
0.00027237
0.000272444
0.000254952
0.000222018
0.000176443
0.000120671
5.70301e-05
-1.16449e-05
-8.23238e-05
-0.0001517
-0.000216009
-0.000271333
-0.000314069
-0.000341488
-0.000352084
-0.00034581
-0.000323928
-0.00028847
-0.000242142
-0.000188104
-0.000129489
-6.93306e-05
-1.04598e-05
4.46642e-05
9.3902e-05
0.000135534
0.00016839
0.000191952
0.000191952
0.000206257
0.000211659
0.000209021
0.000199748
0.000185451
0.000167917
0.000149157
0.000131279
0.000115977
0.000104112
9.58152e-05
9.03142e-05
8.59392e-05
8.07356e-05
7.25499e-05
5.90843e-05
3.86309e-05
1.08823e-05
-2.26039e-05
-5.93153e-05
-9.70001e-05
-0.000133689
-0.000167793
-0.000198296
-0.000224632
-0.00024637
-0.000262276
-0.00027004
-0.000266899
-0.000250282
-0.000218867
-0.000173219
-0.00011574
-5.02213e-05
1.92401e-05
8.92904e-05
0.000157562
0.000222089
0.000280974
0.000332369
0.000373979
0.00040283
0.000415984
0.000411729
0.000390129
0.000352953
0.000303468
0.000245622
0.000182864
0.000117435
5.05069e-05
-1.72287e-05
-8.50125e-05
-0.000151516
-0.000214474
-0.000270618
-0.000316325
-0.000348556
-0.000365378
-0.000366098
-0.000351345
-0.000323062
-0.000283539
-0.000234558
-0.000177784
-0.000115365
-5.01949e-05
1.46073e-05
7.59473e-05
0.0001305
0.000175241
0.00020804
0.000227674
0.000233528
0.000225536
0.000204307
0.000170811
0.000126205
7.19491e-05
1.0023e-05
-5.66464e-05
-0.000124303
-0.00018899
-0.000246933
-0.000294685
-0.000329365
-0.000349124
-0.000353338
-0.000342404
-0.000317742
-0.000281626
-0.00023642
-0.000184128
-0.000126519
-6.5157e-05
-1.2568e-06
6.40891e-05
0.000129267
0.000192257
0.000251154
0.000304169
0.000349806
0.000387058
0.000415447
0.000435084
0.000446377
0.000449695
0.000445136
0.000432571
0.000412042
0.000383594
0.000347191
0.000303219
0.000252502
0.000196148
0.000135472
7.1905e-05
7.09675e-06
-5.70305e-05
-0.000118168
-0.000173694
-0.000221232
-0.000258754
-0.000284489
-0.000297245
-0.00029645
-0.000282039
-0.000254512
-0.000214933
-0.000164956
-0.000106832
-4.35589e-05
2.1208e-05
8.37632e-05
0.000140506
0.000187946
0.000223185
0.000244058
0.000249003
0.000237054
0.000207895
0.000162037
0.000100968
2.74177e-05
-5.47091e-05
-0.000141069
-0.000227133
-0.000308228
-0.000380147
-0.000439386
-0.000483066
-0.00050894
-0.000515422
-0.00050177
-0.000468263
-0.000416521
-0.000349565
-0.000271241
-0.000186014
-9.88e-05
-1.41955e-05
6.40394e-05
0.000132981
0.000190116
0.000233183
0.000260379
0.000270241
0.000261654
0.000234173
0.000188541
0.000126943
5.27056e-05
-3.00297e-05
-0.000116535
-0.000201951
-0.000281991
-0.000353327
-0.000413391
-0.000460157
-0.000492064
-0.000507987
-0.000507256
-0.000489579
-0.000455196
-0.000405184
-0.000341475
-0.000266694
-0.00018398
-9.67131e-05
-8.00388e-06
7.97761e-05
0.000165217
0.000247282
0.000324128
0.000393396
0.000452955
0.000500622
0.000534138
0.000551884
0.000553923
0.000541746
0.000517267
0.000482599
0.000439255
0.00038755
0.000327398
0.000259011
0.000183268
0.000102223
1.92172e-05
-6.15942e-05
-0.000136078
-0.000200693
-0.00025285
-0.000291294
-0.000315791
-0.000326501
-0.000323594
-0.000306966
-0.000276434
-0.000232322
-0.000175795
-0.000108927
-3.47088e-05
4.3019e-05
0.000119957
0.000191908
0.000255035
0.000306081
0.000342787
0.000363817
0.000368502
0.00035698
0.000330414
0.000290788
0.000240288
0.000181272
0.000116523
4.89192e-05
-1.88608e-05
-8.43533e-05
-0.000145084
-0.000198575
-0.000242706
-0.000275784
-0.000296473
-0.000303748
-0.00029707
-0.000276715
-0.000243655
-0.000199329
-0.000145705
-8.55695e-05
-2.25645e-05
3.95435e-05
9.73274e-05
0.000147579
0.000187506
0.000215262
0.000230342
0.000233013
0.000223778
0.00020366
0.000174166
0.000136709
9.21199e-05
4.14579e-05
-1.32247e-05
-6.93706e-05
-0.000124088
-0.000174029
-0.00021555
-0.000245473
-0.000261819
-0.000263757
-0.00025154
-0.000226462
-0.000190547
-0.000146055
-9.50566e-05
-3.94601e-05
1.88243e-05
7.77673e-05
0.00013519
0.000188789
0.000236218
0.000275337
0.000304503
0.000322782
0.000329968
0.000326489
0.000313268
0.000291538
0.000262707
0.000228335
0.000190193
0.000150288
0.000110738
7.35589e-05
4.0333e-05
1.20416e-05
-1.06945e-05
-2.75775e-05
-3.87746e-05
-4.47078e-05
-4.59145e-05
-4.30502e-05
-3.67941e-05
-2.7836e-05
-1.69013e-05
-4.71063e-06
8.19993e-06
2.1324e-05
3.35663e-05
4.34228e-05
4.94229e-05
4.99103e-05
4.30562e-05
2.76058e-05
3.84444e-06
-2.67818e-05
-6.24655e-05
-6.24655e-05
-0.000100926
-0.000139625
-0.000176492
-0.000210511
-0.000241048
-0.0002669
-0.000286437
-0.000297498
-0.000297496
-0.00028432
-0.00025701
-0.000216182
-0.000164237
-0.000105135
-4.3241e-05
1.82331e-05
7.70206e-05
0.000131213
0.000179548
0.000220784
0.000252667
0.000271809
0.000274658
0.000258609
0.00022255
0.000167735
9.8385e-05
2.08434e-05
-5.81749e-05
-0.000132856
-0.000198913
-0.000253958
-0.000297356
-0.000329273
-0.000349366
-0.00035633
-0.000348282
-0.000323247
-0.000279886
-0.000218374
-0.000141132
-5.26347e-05
4.16127e-05
0.000136014
0.000225502
0.000305834
0.000373728
0.000426664
0.000462311
0.000478224
0.000472329
0.000443911
0.000393675
0.000323566
0.000237143
0.000139302
3.51709e-05
-7.0995e-05
-0.000175678
-0.00027556
-0.000367663
-0.000448973
-0.000515838
-0.000563981
-0.000589396
-0.000589322
-0.000562637
-0.000510048
-0.000434154
-0.00033923
-0.000230248
-0.000111942
1.11956e-05
0.00013461
0.000253543
0.000363382
0.000459626
0.000537647
0.000593308
0.00062355
0.000626689
0.000602582
0.000552406
0.000478404
0.000383639
0.000271694
0.000146645
1.33423e-05
-0.000122385
-0.000253959
-0.000374523
-0.000477283
-0.000556189
-0.000606914
-0.000626924
-0.000615177
-0.0005722
-0.000499966
-0.000401836
-0.00028239
-0.000147126
-2.46587e-06
0.000144387
0.000285848
0.000414699
0.000524767
0.000610811
0.000668595
0.000695321
0.000689463
0.000650555
0.000579334
0.000478201
0.000351409
0.000204741
4.52838e-05
-0.000118987
-0.000279999
-0.000430292
-0.000563522
-0.000674683
-0.000760096
-0.000817196
-0.000844239
-0.000840291
-0.00080545
-0.00074106
-0.000649937
-0.000536519
-0.000406682
-0.000267099
-0.000124539
1.46073e-05
0.000144849
0.000261793
0.000361837
0.000441983
0.000499819
0.00053339
0.000541204
0.00052258
0.000478324
0.000410917
0.000324185
0.00022301
0.000112867
-6.24847e-07
-0.000111957
-0.000216008
-0.000308112
-0.000383965
-0.000439569
-0.000471489
-0.000477391
-0.000456031
-0.000407339
-0.000332948
-0.0002362
-0.000121625
5.85387e-06
0.000141093
0.000278576
0.000412759
0.000538109
0.000649037
0.000740227
0.000806891
0.000845072
0.000852069
0.000826613
0.000768977
0.000681183
0.000566722
0.000430053
0.000276432
0.000111876
-5.70239e-05
-0.000223619
-0.000381467
-0.000524353
-0.000646645
-0.000743524
-0.00081122
-0.000847389
-0.000850995
-0.000822121
-0.000762063
-0.000673104
-0.000558357
-0.000422008
-0.000269232
-0.00010586
6.17836e-05
0.000227069
0.000383376
0.000524493
0.000644941
0.000740125
0.000806466
0.000841332
0.000843248
0.000812512
0.000750817
0.000660769
0.000546176
0.000411849
0.000263082
0.00010536
-5.57131e-05
-0.0002143
-0.000364369
-0.000499465
-0.000612782
-0.000698255
-0.000751285
-0.00076889
-0.000750112
-0.000696051
-0.000609519
-0.000494652
-0.000356274
-0.000199571
-3.01577e-05
0.000145645
0.000320642
0.000487129
0.000637167
0.000762973
0.0008579
0.000917
0.000937271
0.00091789
0.000859853
0.000765492
0.000638292
0.000482684
0.000304031
0.000108747
-9.57466e-05
-0.000301311
-0.000499563
-0.000682323
-0.000841949
-0.000971736
-0.00106635
-0.00112204
-0.00113669
-0.00110952
-0.00104116
-0.000934008
-0.000791965
-0.000620098
-0.000424877
-0.000213978
4.26646e-06
0.000221499
0.000429635
0.000620812
0.000787658
0.000923337
0.00102188
0.00107926
0.00109357
0.00106469
0.000994699
0.000887781
0.000749644
0.000586759
0.000405985
0.000214417
1.90181e-05
-0.000173433
-0.000355892
-0.000520589
-0.000659646
-0.000766204
-0.000834896
-0.000862221
-0.000847207
-0.000791915
-0.00070062
-0.000578652
-0.000432122
-0.000267433
-9.08194e-05
9.16559e-05
0.000273771
0.000448754
0.000609383
0.000748154
0.000857774
0.000932302
0.000967915
0.000963078
0.000918635
0.000837472
0.000723918
0.000583245
0.000421215
0.000243924
5.788e-05
-0.000129935
-0.000312115
-0.000481144
-0.000629793
-0.000751685
-0.000841985
-0.000897743
-0.000917883
-0.00090294
-0.000854746
-0.000776179
-0.000670954
-0.000543498
-0.000399095
-0.000244115
-8.565e-05
6.90554e-05
0.000212895
0.000339367
0.000443148
0.000520512
0.000520512
0.000569343
0.000588868
0.000579501
0.000542707
0.000480869
0.000397194
0.00029575
0.000181535
6.02945e-05
-6.18278e-05
-0.000178759
-0.000284948
-0.000375685
-0.000447346
-0.000497523
-0.000524985
-0.000529477
-0.000511497
-0.00047244
-0.000414737
-0.000341706
-0.000257448
-0.000166657
-7.4269e-05
1.49321e-05
9.66637e-05
0.000167363
0.000224288
0.000265355
0.00028891
0.000293861
0.000279816
0.000247078
0.00019681
0.000131238
5.36412e-05
-3.20812e-05
-0.000121891
-0.000211809
-0.000298112
-0.000377423
-0.000446732
-0.000503325
-0.000544632
-0.000568248
-0.000571797
-0.000553147
-0.000511478
-0.000447605
-0.000363587
-0.000262735
-0.000149374
-2.81275e-05
9.67204e-05
0.000221134
0.000340996
0.000452238
0.000550646
0.000631819
0.000691801
0.000727409
0.000736534
0.000718807
0.000675747
0.000610333
0.000526339
0.000427893
0.000319253
0.000204465
8.71081e-05
-2.96265e-05
-0.000142262
-0.000246845
-0.00033952
-0.000416799
-0.000475717
-0.000514117
-0.000530962
-0.000526449
-0.000501702
-0.000458507
-0.000399075
-0.000326
-0.000242386
-0.000151295
-5.55316e-05
4.18935e-05
0.000137885
0.000229552
0.000314145
0.000388858
0.000450863
0.000497583
0.000526721
0.000536536
0.000526492
0.00049719
0.000450069
0.00038746
0.000312302
0.00022778
0.00013719
4.39331e-05
-4.84547e-05
-0.000136341
-0.000215966
-0.0002836
-0.000336002
-0.00037066
-0.000385965
-0.000381474
-0.000357876
-0.000316834
-0.000260729
-0.000192431
-0.000115195
-3.2547e-05
5.17843e-05
0.000133918
0.000209968
0.000276207
0.000329326
0.000366749
0.000386847
0.00038903
0.000373646
0.000341846
0.000295432
0.000236617
0.00016782
9.16227e-05
1.09108e-05
-7.11785e-05
-0.000151474
-0.000226847
-0.000294416
-0.000351798
-0.000397276
-0.00042996
-0.000449722
-0.000456817
-0.000451207
-0.000432196
-0.000399295
-0.000352819
-0.000293713
-0.000223865
-0.000146268
-6.45312e-05
1.79013e-05
9.82716e-05
0.000174561
0.000245533
0.000310397
0.00036805
0.000416669
0.000453732
0.000476477
0.000482738
0.000471631
0.000443921
0.000401914
0.000348811
0.000288033
0.000222717
0.000155352
8.77542e-05
2.13903e-05
-4.21322e-05
-0.000100773
-0.000152181
-0.000194127
-0.000224946
-0.000243787
-0.000250937
-0.000247802
-0.000236262
-0.000218009
-0.000194289
-0.000166251
-0.0001351
-0.00010202
-6.85424e-05
-3.66583e-05
-8.5094e-06
1.40456e-05
2.9817e-05
3.83782e-05
4.00208e-05
3.55143e-05
2.57168e-05
1.13059e-05
-7.38244e-06
-3.02151e-05
-5.68519e-05
-8.64311e-05
-0.000117481
-0.000148109
-0.000176228
-0.000199749
-0.000216916
-0.000226398
-0.000227274
-0.000219168
-0.000202084
-0.000176226
-0.000142199
-0.000101268
-5.52836e-05
-6.17263e-06
4.41134e-05
9.34184e-05
0.000139761
0.000181504
0.000217183
0.000245361
0.000264664
0.000273965
0.000272456
0.000259795
0.000236352
0.00020335
0.000162695
0.000116592
6.72175e-05
1.64537e-05
-3.4189e-05
-8.33764e-05
-0.000129921
-0.000172795
-0.000210958
-0.000243362
-0.000268972
-0.000286788
-0.000296075
-0.000296537
-0.000288285
-0.000271703
-0.000247468
-0.000216685
-0.00018054
-0.000140066
-9.63694e-05
-5.05948e-05
-3.85362e-06
4.26589e-05
8.75643e-05
0.00012929
0.000166221
0.000196808
0.000219728
0.000234083
0.000239317
0.000235138
0.000221574
0.000198809
0.00016717
0.000127383
8.0623e-05
2.8559e-05
-2.63958e-05
-8.08584e-05
-0.000130831
-0.000172876
-0.000204505
-0.000223956
-0.000230605
-0.000225241
-0.000209617
-0.00018539
-0.000153805
-0.000116144
-7.36571e-05
-2.76922e-05
2.00005e-05
6.71995e-05
0.000111161
0.00014905
0.00017857
0.000198314
0.000207748
0.000207032
0.000197249
0.000180265
0.000158035
0.000132509
0.000105798
8.00121e-05
5.68429e-05
3.73197e-05
2.18775e-05
1.01108e-05
9.19527e-07
-6.64687e-06
-1.3419e-05
-2.04098e-05
-2.83941e-05
-3.76552e-05
-4.7937e-05
-5.87772e-05
-6.98937e-05
-8.10361e-05
-9.18986e-05
-0.000101936
-0.000110259
-0.000115864
-0.000117544
-0.000114076
-0.000104812
-8.99414e-05
-7.03235e-05
-4.68981e-05
-2.08453e-05
6.10697e-06
3.22606e-05
5.60711e-05
7.58885e-05
8.99108e-05
9.62118e-05
9.29371e-05
7.85328e-05
5.20121e-05
5.20121e-05
1.33907e-05
-3.58618e-05
-9.28658e-05
-0.000153843
-0.000214557
-0.000270494
-0.000317501
-0.000352773
-0.000374361
-0.000380393
-0.000369401
-0.000340242
-0.000291914
-0.000223815
-0.000136239
-3.10149e-05
8.8145e-05
0.000215223
0.000342255
0.000461212
0.000564958
0.000647289
0.000703602
0.000730889
0.000727235
0.000691552
0.000623151
0.000521819
0.000388437
0.000226005
4.06801e-05
-0.000158593
-0.000361147
-0.00055557
-0.000731134
-0.000878798
-0.000991747
-0.00106564
-0.00109768
-0.00108585
-0.00102915
-0.000927884
-0.000784407
-0.000603617
-0.000393249
-0.00016381
7.25513e-05
0.000303381
0.000517292
0.000705188
0.000860306
0.00097785
0.00105475
0.00108915
0.00108009
0.00102759
0.000933643
0.000802883
0.000642225
0.000460396
0.00026741
7.39613e-05
-0.000109735
-0.000275051
-0.000415021
-0.000524189
-0.00059861
-0.000635886
-0.00063504
-0.000596471
-0.000522323
-0.000416821
-0.000286187
-0.00013802
1.92473e-05
0.000176722
0.000325764
0.000458636
0.000568936
0.000651658
0.000702924
0.000720036
0.000701707
0.000648201
0.000561372
0.000444566
0.000302799
0.000142642
-2.84805e-05
-0.000202884
-0.000373056
-0.000531891
-0.00067302
-0.000791173
-0.0008821
-0.00094255
-0.000970567
-0.000965862
-0.000929715
-0.000864555
-0.000773803
-0.000661371
-0.000531307
-0.000388208
-0.000237062
-8.28026e-05
6.94136e-05
0.000214139
0.000345962
0.000460014
0.0005524
0.000620337
0.000662249
0.00067754
0.00066646
0.000630379
0.000571391
0.000492058
0.000395966
0.000287986
0.000173994
6.00929e-05
-4.77739e-05
-0.000143943
-0.000223824
-0.000284575
-0.000325108
-0.000345238
-0.00034515
-0.000325659
-0.00028805
-0.000233933
-0.000165448
-8.56765e-05
9.71347e-07
8.90851e-05
0.000172908
0.000246702
0.000305159
0.000344156
0.000361446
0.00035652
0.000330087
0.000283909
0.000220588
0.000143042
5.41294e-05
-4.32873e-05
-0.000146206
-0.000251455
-0.000355307
-0.000452898
-0.00053851
-0.000606381
-0.000651245
-0.000668762
-0.000656377
-0.000614208
-0.000544337
-0.000449772
-0.000334412
-0.000202688
-5.90951e-05
9.19498e-05
0.000245603
0.000395979
0.00053646
0.000660068
0.000760242
0.000832016
0.000872384
0.000880406
0.000857306
0.000805955
0.000730016
0.000633328
0.000520162
0.000395531
0.000265033
0.000134963
1.23124e-05
-9.57416e-05
-0.000182794
-0.000244129
-0.000277093
-0.000281242
-0.000258163
-0.000210951
-0.000143879
-6.21076e-05
2.85887e-05
0.000121663
0.000210074
0.000287268
0.000346993
0.000383151
0.00039095
0.000368141
0.000315728
0.00023712
0.000137125
2.19084e-05
-0.000101715
-0.000226788
-0.000346485
-0.000454516
-0.0005445
-0.000609894
-0.000644948
-0.000645477
-0.000609616
-0.000537973
-0.000433996
-0.000304142
-0.000156527
7.56725e-08
0.000156854
0.00030565
0.000438962
0.000550043
0.000633284
0.000684657
0.000702044
0.000684871
0.000634407
0.000554331
0.000450119
0.000328619
0.000197844
6.62087e-05
-5.8093e-05
-0.000167514
-0.000255499
-0.00031694
-0.000348548
-0.000348682
-0.000317424
-0.000256716
-0.000169901
-6.15295e-05
6.27786e-05
0.000196737
0.000333422
0.000465494
0.000585786
0.000687639
0.000765083
0.000813094
0.000827988
0.000807655
0.000751544
0.000660624
0.000537482
0.000386345
0.000212482
2.17147e-05
-0.000179446
-0.000383678
-0.000582952
-0.000769277
-0.00093526
-0.00107413
-0.00118024
-0.00124936
-0.00127882
-0.00126775
-0.00121684
-0.001128
-0.00100454
-0.000851011
-0.000673328
-0.00047876
-0.000275655
-7.29595e-05
0.000120451
0.000296457
0.000448217
0.000570416
0.000659238
0.000712338
0.000728755
0.000708696
0.000653532
0.000566121
0.000450987
0.000314207
0.000163156
6.06585e-06
-0.000148635
-0.000293062
-0.000420449
-0.000525423
-0.000604084
-0.000654022
-0.000674145
-0.000664286
-0.000625169
-0.000558689
-0.000467933
-0.000357088
-0.00023138
-9.69707e-05
3.94345e-05
0.000171219
0.000292311
0.000397601
0.000483219
0.000546492
0.000585916
0.00060109
0.000592544
0.000561714
0.00051097
0.000443559
0.00036352
0.000275484
0.000184339
9.47471e-05
1.07871e-05
-6.40171e-05
-0.000126843
-0.000175772
-0.000175772
-0.000209621
-0.000227903
-0.000230789
-0.000218934
-0.00019363
-0.000156915
-0.000111378
-5.99495e-05
-5.78273e-06
4.77798e-05
9.7579e-05
0.00014095
0.000175613
0.000199703
0.000211934
0.000211798
0.000199633
0.000176505
0.000144246
0.000105481
6.31876e-05
1.99217e-05
-2.21275e-05
-6.07986e-05
-9.42609e-05
-0.000121126
-0.00014022
-0.00015029
-0.000150164
-0.000139247
-0.000117687
-8.66584e-05
-4.84825e-05
-6.12255e-06
3.72307e-05
7.84687e-05
0.000114977
0.000144791
0.000166543
0.000179385
0.000182886
0.000176915
0.000161562
0.000137311
0.000105159
6.65296e-05
2.33087e-05
-2.22509e-05
-6.79076e-05
-0.000111649
-0.000151653
-0.000186184
-0.000213788
-0.00023348
-0.000244607
-0.000246876
-0.000240461
-0.000225996
-0.000204461
-0.00017706
-0.000145143
-0.000110085
-7.328e-05
-3.62899e-05
-8.19104e-07
3.13721e-05
5.84887e-05
7.88356e-05
9.11456e-05
9.48978e-05
9.01586e-05
7.73364e-05
5.71969e-05
3.06397e-05
-1.56716e-06
-3.86842e-05
-7.96585e-05
-0.00012293
-0.000166454
-0.000207672
-0.00024374
-0.000272097
-0.000290749
-0.000298372
-0.000294501
-0.000279436
-0.000253982
-0.000219275
-0.000176669
-0.000127747
-7.43953e-05
-1.88994e-05
3.62088e-05
8.84549e-05
0.000135359
0.000174515
0.000203998
0.000222436
0.00022892
0.00022297
0.000204588
0.0001743
0.000133085
8.23977e-05
2.42275e-05
-3.89039e-05
-0.000104204
-0.000168877
-0.000230147
-0.000285278
-0.000331781
-0.000367777
-0.000391974
-0.000403456
-0.000401788
-0.000387021
-0.000359632
-0.000320521
-0.000270931
-0.000212405
-0.000146773
-7.6043e-05
-2.39742e-06
7.16546e-05
0.000143426
0.000210353
0.00027009
0.000320527
0.000359877
0.000386903
0.000400957
0.000401821
0.000389684
0.000364995
0.000328408
0.00028106
0.000224528
0.000160708
9.1919e-05
2.08331e-05
-4.98091e-05
-0.000117465
-0.000179813
-0.000234676
-0.000280138
-0.00031446
-0.000336053
-0.000343841
-0.000337338
-0.000316598
-0.000282425
-0.000236384
-0.000180585
-0.000117451
-4.94868e-05
2.08503e-05
9.12444e-05
0.000159506
0.000223453
0.000280826
0.000329403
0.000367218
0.000392688
0.000404592
0.000402186
0.000385558
0.000355565
0.00031347
0.000260902
0.000199739
0.000131975
5.97676e-05
-1.45864e-05
-8.85923e-05
-0.000159451
-0.000223997
-0.000278954
-0.00032165
-0.000350123
-0.000362961
-0.000359629
-0.000340417
-0.000306135
-0.00025794
-0.000197267
-0.000125968
-4.64648e-05
3.79989e-05
0.000123334
0.000205193
0.000279379
0.000342072
0.00039033
0.000422301
0.000437057
0.000434367
0.000414527
0.000378308
0.00032691
0.000262068
0.000186264
0.000102807
1.5734e-05
-7.05459e-05
-0.000151744
-0.000224114
-0.000284735
-0.00033158
-0.000363438
-0.000379769
-0.000380483
-0.000365749
-0.00033599
-0.000292169
-0.000235999
-0.000169913
-9.70474e-05
-2.11684e-05
5.3553e-05
0.000123011
0.00018368
0.000232763
0.000268192
0.000288622
0.000293357
0.00028227
0.000255664
0.000214348
0.000159931
9.4965e-05
2.27974e-05
-5.29304e-05
-0.000128369
-0.000199459
-0.00026245
-0.000314109
-0.000351675
-0.000372926
-0.000376211
-0.000360533
-0.000325679
-0.000272395
-0.000202572
-0.000119211
-2.61779e-05
7.21271e-05
0.000171149
0.000266429
0.000353824
0.000429737
0.000491019
0.000534903
0.000559178
0.000562333
0.000543795
0.000504153
0.000445094
0.000369309
0.000280329
0.000182195
7.91111e-05
-2.47696e-05
-0.000125437
-0.000219091
-0.000302187
-0.00037138
-0.000423633
-0.000456576
-0.00046884
-0.000460186
-0.000431529
-0.000384845
-0.000322966
-0.00024933
-0.000167691
-8.19157e-05
4.10049e-06
8.64641e-05
0.000161383
0.000225375
0.000275336
0.00030866
0.000323563
0.000319246
0.000295947
0.000254954
0.000198481
0.000129482
5.14445e-05
-3.17227e-05
-0.000115799
-0.000196462
-0.000269414
-0.000330585
-0.000376502
-0.00040455
-0.000413128
-0.000401632
-0.000370369
-0.000320591
-0.000254447
-0.0001749
-8.55869e-05
9.50314e-06
0.00010609
0.000199614
0.000285593
0.000359962
0.000419386
0.000461463
0.000484752
0.000488773
0.000473918
0.000441334
0.000392765
0.0003304
0.0002569
0.000175372
8.92274e-05
2.07501e-06
-8.23429e-05
-0.000160263
-0.000160263
-0.000228335
-0.000283922
-0.000325002
-0.000350118
-0.000358496
-0.000350303
-0.000326453
-0.000288261
-0.000237549
-0.000176642
-0.000108271
-3.55079e-05
3.83694e-05
0.000110005
0.000176147
0.00023381
0.000280423
0.000313979
0.000333002
0.000336593
0.00032459
0.00029755
0.000256669
0.00020372
0.000141054
7.15396e-05
-1.62115e-06
-7.5096e-05
-0.000145614
-0.000210163
-0.000266108
-0.000311288
-0.000344078
-0.000363325
-0.000368242
-0.000358469
-0.000334234
-0.000296389
-0.000246414
-0.000186453
-0.000119268
-4.80392e-05
2.40489e-05
9.40634e-05
0.000159398
0.000217865
0.000267666
0.000307284
0.000335398
0.000350892
0.00035301
0.000341508
0.000316813
0.000280179
0.00023359
0.000179555
0.000120918
6.06268e-05
1.49736e-06
-5.3994e-05
-0.000103722
-0.000145825
-0.00017874
-0.000201263
-0.000212553
-0.000212161
-0.000200162
-0.000177291
-0.000144901
-0.000104904
-5.97153e-05
-1.20147e-05
3.55128e-05
8.03462e-05
0.000120261
0.000153413
0.00017832
0.000193743
0.000198661
0.000192352
0.000174442
0.000144964
0.000104548
5.46154e-05
-2.76997e-06
-6.51866e-05
-0.000129942
-0.000194145
-0.000254882
-0.000309594
-0.000356144
-0.000392629
-0.000417453
-0.000429331
-0.000427248
-0.000410654
-0.000379539
-0.000334482
-0.00027677
-0.00020842
-0.000132132
-5.11058e-05
3.12329e-05
0.000111454
0.000186353
0.000253097
0.000309315
0.000353199
0.00038344
0.000399215
0.000400296
0.000387093
0.000360617
0.000322369
0.000274321
0.000218882
0.000158664
9.62521e-05
3.41897e-05
-2.49208e-05
-7.868e-05
-0.000125177
-0.000162913
-0.000190893
-0.00020876
-0.000216725
-0.000215483
-0.00020609
-0.000189844
-0.000168153
-0.000142501
-0.000114505
-8.58216e-05
-5.80136e-05
-3.25412e-05
-1.06008e-05
6.98635e-06
1.96438e-05
2.70803e-05
2.93699e-05
2.68178e-05
1.9845e-05
8.92928e-06
-5.36055e-06
-2.22799e-05
-4.09056e-05
-6.01453e-05
-7.87632e-05
-9.54566e-05
-0.000109035
-0.000118587
-0.000123499
-0.000123442
-0.000118392
-0.000108628
-9.46729e-05
-7.71333e-05
-5.66536e-05
-3.39783e-05
-9.96455e-06
1.44669e-05
3.84066e-05
6.09342e-05
8.11448e-05
9.83096e-05
0.000111948
0.000121777
0.000127612
0.000129455
0.000127583
0.000122445
0.000114647
0.000104939
9.41394e-05
8.3038e-05
7.231e-05
6.24776e-05
5.38557e-05
4.66054e-05
4.0879e-05
3.67705e-05
3.42735e-05
3.33833e-05
3.41316e-05
3.65519e-05
4.05531e-05
4.58955e-05
5.23142e-05
5.95263e-05
6.72552e-05
7.52532e-05
8.32128e-05
9.07429e-05
9.73784e-05
0.000102569
0.000105668
0.000106059
0.000103361
9.72987e-05
8.75738e-05
7.40433e-05
5.66736e-05
3.54398e-05
1.03741e-05
-1.82972e-05
-4.9969e-05
-8.35698e-05
-0.000117448
-0.000149537
-0.00017797
-0.000201224
-0.000218013
-0.000227509
-0.000229336
-0.000223453
-0.000210135
-0.000189865
-0.000163307
-0.000131389
-9.54315e-05
-5.71092e-05
-1.82286e-05
1.9249e-05
5.3313e-05
8.2266e-05
0.000104798
0.00011991
0.000126891
0.00012543
0.000115707
9.8295e-05
7.41539e-05
4.46802e-05
1.16231e-05
-2.30467e-05
-5.73037e-05
-8.92136e-05
-0.000117033
-0.000139299
-0.000154896
-0.000163011
-0.000163067
-0.000154752
-0.000138035
-0.000113204
-8.09376e-05
-4.23155e-05
1.21956e-06
4.78791e-05
9.5582e-05
0.000142103
0.000185325
0.00022331
0.000254269
0.000276669
0.000289221
0.000290964
0.000281542
0.000261166
0.000230497
0.000190745
0.000143644
9.12315e-05
3.55635e-05
-2.12849e-05
-7.7184e-05
-0.000130131
-0.000178266
-0.0002198
-0.000253031
-0.000276501
-0.000289196
-0.000290591
-0.000280631
-0.000259773
-0.000229143
-0.000190381
-0.000145358
-9.61392e-05
-4.49764e-05
5.82386e-06
5.40942e-05
9.7913e-05
0.000135589
0.000165757
0.000187463
0.000200178
0.000203724
0.000198222
0.000184143
0.000162318
0.000133864
0.000100148
6.28168e-05
2.37866e-05
-1.4885e-05
-5.11579e-05
-8.31232e-05
-0.000109123
-0.000127879
-0.000138571
-0.000140821
-0.000134642
-0.000120393
-9.87325e-05
-7.05338e-05
-3.68366e-05
1.14749e-06
4.2028e-05
8.4232e-05
0.000125957
0.000165216
0.000200045
0.000228668
0.000249561
0.000261496
0.000263645
0.000255779
0.000238186
0.000211506
0.000176798
0.000135544
0.000135544
8.94849e-05
4.03647e-05
-1.00418e-05
-5.98145e-05
-0.000107082
-0.000150118
-0.000187294
-0.000217033
-0.000237894
-0.000248769
-0.000248985
-0.000238345
-0.000217244
-0.000186768
-0.000148518
-0.000104319
-5.61391e-05
-5.9697e-06
4.43153e-05
9.2984e-05
0.000138406
0.000178964
0.000213015
0.000238886
0.000255043
0.000260485
0.000254872
0.00023846
0.00021216
0.000177441
0.000136064
8.98397e-05
4.05101e-05
-1.02364e-05
-6.07449e-05
-0.000109283
-0.000153923
-0.000192611
-0.000223372
-0.000244563
-0.000255096
-0.000254559
-0.000243248
-0.000222113
-0.000192526
-0.000156063
-0.000114388
-6.91915e-05
-2.22111e-05
2.47219e-05
6.96459e-05
0.000110507
0.000145329
0.000172396
0.000190433
0.000198737
0.000197209
0.000186293
0.000166872
0.000140127
0.000107424
7.02548e-05
3.02398e-05
-1.08393e-05
-5.10585e-05
-8.84069e-05
-0.0001209
-0.000146786
-0.000164706
-0.000173764
-0.000173576
-0.00016425
-0.000146312
-0.000120657
-8.84729e-05
-5.11907e-05
-1.04625e-05
3.1829e-05
7.36395e-05
0.00011294
0.000147788
0.000176404
0.000197341
0.000209565
0.000212454
0.000205795
0.000189763
0.000164903
0.000132129
9.27577e-05
4.85608e-05
1.67528e-06
-4.55759e-05
-9.08194e-05
-0.000131787
-0.000166487
-0.000193343
-0.000211297
-0.000219726
-0.000218357
-0.000207277
-0.000186914
-0.000158019
-0.000121708
-7.95348e-05
-3.34798e-05
1.41983e-05
6.11021e-05
0.000104855
0.000143322
0.000174742
0.000197783
0.000211567
0.000215634
0.000209904
0.000194683
0.000170674
0.000138972
0.000101073
5.88294e-05
1.43413e-05
-3.02283e-05
-7.27795e-05
-0.000111377
-0.00014438
-0.000170507
-0.000188819
-0.000198669
-0.000199727
-0.000192041
-0.000176036
-0.00015253
-0.000122733
-8.81672e-05
-5.05668e-05
-1.17462e-05
2.6521e-05
6.26014e-05
9.50572e-05
0.000122652
0.000144395
0.000159572
0.000167729
0.000168691
0.000162592
0.000149892
0.00013136
0.000108013
8.10321e-05
5.16502e-05
2.10726e-05
-9.49793e-06
-3.89105e-05
-6.6126e-05
-9.01863e-05
-0.000110197
-0.00012535
-0.000135033
-0.000138927
-0.00013702
-0.000129646
-0.000117531
-0.000101724
-8.34143e-05
-6.37681e-05
-4.38942e-05
-2.4772e-05
-7.12545e-06
8.60537e-06
2.20836e-05
3.29336e-05
4.08023e-05
4.5396e-05
4.64886e-05
4.397e-05
3.79454e-05
2.88714e-05
1.75271e-05
4.86509e-06
-8.09441e-06
-2.0359e-05
-3.10831e-05
-3.96839e-05
-4.58197e-05
-4.92617e-05
-4.98202e-05
-4.73417e-05
-4.17693e-05
-3.31657e-05
-2.17496e-05
-8.00481e-06
7.26667e-06
2.30568e-05
3.8415e-05
5.25131e-05
6.46032e-05
7.41379e-05
8.07981e-05
8.43978e-05
8.47666e-05
8.17187e-05
7.51415e-05
6.5058e-05
5.16881e-05
3.55123e-05
1.72877e-05
-2.02759e-06
-2.14423e-05
-4.00678e-05
-5.72207e-05
-7.243e-05
-8.53008e-05
-9.54794e-05
-0.000102675
-0.000106588
-0.000106919
-0.000103522
-9.65601e-05
-8.64681e-05
-7.38588e-05
-5.95095e-05
-4.42552e-05
-2.88637e-05
-1.39862e-05
-1.67137e-07
1.20902e-05
2.22777e-05
2.9857e-05
3.43117e-05
3.52748e-05
3.25931e-05
2.63698e-05
1.70035e-05
5.14378e-06
-8.44685e-06
-2.30625e-05
-3.80603e-05
-5.28128e-05
-6.67534e-05
-7.93497e-05
-9.00342e-05
-9.81839e-05
-0.000103213
-0.000104704
-0.000102456
-9.64935e-05
-8.7045e-05
-7.45119e-05
-5.94101e-05
-4.22635e-05
-2.35646e-05
-3.7979e-06
1.65132e-05
3.67791e-05
5.63878e-05
7.4739e-05
9.12761e-05
0.000105555
0.000117267
0.000126208
0.000132216
0.000135146
0.000134889
0.000131348
0.000124512
0.000114587
0.00010195
8.70857e-05
7.06039e-05
5.31293e-05
3.51747e-05
1.71187e-05
-7.52254e-07
-1.81805e-05
-3.48695e-05
-5.03944e-05
-6.41815e-05
-7.56384e-05
-8.43073e-05
-8.99432e-05
-9.25553e-05
-9.24137e-05
-9.00226e-05
-8.60203e-05
-8.10081e-05
-7.54736e-05
-6.98146e-05
-6.43574e-05
-5.935e-05
-5.4963e-05
-5.13606e-05
-4.87145e-05
-4.71197e-05
-4.65377e-05
-4.68449e-05
-4.79285e-05
-4.95786e-05
-5.14076e-05
-5.299e-05
-5.3897e-05
-5.36644e-05
-5.18217e-05
-4.79727e-05
-4.18704e-05
-3.34197e-05
-2.27039e-05
-9.99495e-06
4.31614e-06
1.97967e-05
3.60232e-05
5.25997e-05
6.91472e-05
8.52927e-05
0.000100672
0.000114917
0.000127635
0.000138426
0.000146884
0.000152638
0.000155469
0.000155295
0.000152124
0.000152124
0.000146068
0.000137303
0.000126058
0.000112677
9.75412e-05
8.09803e-05
6.33121e-05
4.48039e-05
2.56629e-05
6.13457e-06
-1.34839e-05
-3.28774e-05
-5.16883e-05
-6.94728e-05
-8.57234e-05
-0.000100005
-0.000112012
-0.000121537
-0.000128489
-0.000132859
-0.000134667
-0.000134018
-0.000131008
-0.000125659
-0.000118028
-0.000108216
-9.63742e-05
-8.27945e-05
-6.79062e-05
-5.21774e-05
-3.6072e-05
-2.00102e-05
-4.34007e-06
1.06326e-05
2.46534e-05
3.75411e-05
4.91377e-05
5.92468e-05
6.76203e-05
7.40362e-05
7.83629e-05
8.05625e-05
8.07217e-05
7.90391e-05
7.57802e-05
7.12682e-05
6.58316e-05
5.97808e-05
5.34417e-05
4.71428e-05
4.11595e-05
3.56756e-05
3.08458e-05
2.68234e-05
2.36964e-05
2.14693e-05
2.00944e-05
1.95088e-05
1.95861e-05
2.00973e-05
2.07645e-05
2.12585e-05
2.12016e-05
2.02207e-05
1.79889e-05
1.42589e-05
8.88265e-06
1.80705e-06
-6.92927e-06
-1.7164e-05
-2.85778e-05
-4.07055e-05
-5.29584e-05
-6.4614e-05
-7.49116e-05
-8.3265e-05
-8.92363e-05
-9.24469e-05
-9.26907e-05
-8.9972e-05
-8.44327e-05
-7.62454e-05
-6.5596e-05
-5.27672e-05
-3.81508e-05
-2.22682e-05
-5.79406e-06
1.04796e-05
2.57129e-05
3.91323e-05
5.0116e-05
5.82262e-05
6.3212e-05
6.49815e-05
6.35985e-05
5.92643e-05
5.225e-05
4.28882e-05
3.16171e-05
1.90029e-05
5.70202e-06
-7.59101e-06
-2.01825e-05
-3.14335e-05
-4.08064e-05
-4.78732e-05
-5.22912e-05
-5.37882e-05
-5.2171e-05
-4.73198e-05
-3.9225e-05
-2.80762e-05
-1.42849e-05
1.52828e-06
1.85348e-05
3.573e-05
5.20789e-05
6.67532e-05
7.91122e-05
8.85921e-05
9.4769e-05
9.73263e-05
9.59822e-05
9.0503e-05
8.07667e-05
6.68765e-05
4.92236e-05
2.85164e-05
5.75421e-06
-1.79226e-05
-4.136e-05
-6.34809e-05
-8.33912e-05
-0.000100387
-0.000113893
-0.000123419
-0.000128536
-0.000128892
-0.000124266
-0.000114634
-0.00010025
-8.17217e-05
-5.99342e-05
-3.5906e-05
-1.07152e-05
1.45551e-05
3.88757e-05
6.13383e-05
8.11646e-05
9.76542e-05
0.00011019
0.000118277
0.000121588
0.000120026
0.000113758
0.000103206
8.90306e-05
7.20622e-05
5.32144e-05
3.34108e-05
1.35846e-05
-5.32817e-06
-2.24495e-05
-3.69883e-05
-4.82632e-05
-5.57374e-05
-5.90616e-05
-5.81269e-05
-5.30735e-05
-4.42661e-05
-3.22506e-05
-1.76861e-05
-1.2997e-06
1.61574e-05
3.39396e-05
5.1316e-05
6.75746e-05
8.20173e-05
9.40183e-05
0.000103091
0.000108891
0.00011122
0.000110032
0.000105453
9.77659e-05
8.73559e-05
7.46894e-05
6.03004e-05
4.47853e-05
2.88154e-05
1.31098e-05
-1.60548e-06
-1.46293e-05
-2.5327e-05
-3.31989e-05
-3.79403e-05
-3.93928e-05
-3.75008e-05
-3.23414e-05
-2.41173e-05
-1.31464e-05
1.20585e-07
1.50836e-05
3.09949e-05
4.70031e-05
6.21936e-05
7.56778e-05
8.67172e-05
9.47248e-05
9.92526e-05
0.000100028
9.69299e-05
8.99508e-05
7.92098e-05
6.49784e-05
4.77021e-05
2.79959e-05
6.63675e-06
-1.5481e-05
-3.74308e-05
-5.8333e-05
-7.74232e-05
-9.4102e-05
-0.000107946
-0.000118683
-0.000126152
-0.000130297
-0.000131192
-0.000129032
-0.000124132
-0.000116938
-0.000108031
-9.80834e-05
-8.77912e-05
-7.78275e-05
-6.87845e-05
-6.11469e-05
-5.53136e-05
-5.15736e-05
-5.00921e-05
-5.09329e-05
-5.40332e-05
-5.91983e-05
-6.61362e-05
-7.44625e-05
-8.37132e-05
-9.33839e-05
-0.000102963
-0.000111954
-0.000119894
-0.000126333
-0.000130831
-0.000132989
-0.000132464
-0.000129021
-0.000122618
-0.000113419
-0.000101746
-8.808e-05
-7.30419e-05
-5.73056e-05
-4.14698e-05
-2.60522e-05
-1.15472e-05
1.59327e-06
1.29642e-05
2.21859e-05
2.89036e-05
3.28298e-05
3.38192e-05
3.18992e-05
2.72731e-05
2.03234e-05
1.15828e-05
1.67749e-06
-8.72329e-06
-1.89561e-05
-2.83857e-05
-3.64284e-05
-4.26248e-05
-4.66457e-05
-4.82605e-05
-4.73604e-05
-4.39731e-05
-3.82442e-05
-3.03966e-05
-2.07423e-05
-9.69796e-06
2.25366e-06
1.45799e-05
2.67032e-05
3.80289e-05
4.79884e-05
5.60898e-05
6.19552e-05
6.53383e-05
6.61339e-05
6.43943e-05
6.0314e-05
5.41945e-05
4.64285e-05
3.74856e-05
2.78811e-05
1.81381e-05
8.78381e-06
3.51219e-07
-6.65291e-06
-1.17787e-05
-1.46535e-05
-1.50084e-05
-1.26918e-05
-7.67979e-06
-9.41847e-08
9.78946e-06
2.15406e-05
3.46096e-05
4.8389e-05
6.22449e-05
7.55483e-05
8.7711e-05
9.82106e-05
0.00010661
0.00010661
0.000112543
0.000115697
0.000115823
0.000112734
0.000106327
9.66786e-05
8.40657e-05
6.89218e-05
5.18286e-05
3.34882e-05
1.46812e-05
-3.79844e-06
-2.12126e-05
-3.68967e-05
-5.02735e-05
-6.085e-05
-6.82296e-05
-7.21454e-05
-7.24318e-05
-6.9035e-05
-6.20744e-05
-5.1823e-05
-3.86717e-05
-2.31248e-05
-5.79528e-06
1.26252e-05
3.14173e-05
4.98643e-05
6.72684e-05
8.297e-05
9.63834e-05
0.000107016
0.000114471
0.000118454
0.000118803
0.000115572
0.000109019
9.95358e-05
8.7658e-05
7.40435e-05
5.93969e-05
4.43857e-05
2.96269e-05
1.5713e-05
3.19323e-06
-7.44145e-06
-1.57675e-05
-2.14462e-05
-2.42639e-05
-2.41827e-05
-2.13562e-05
-1.6121e-05
-8.95105e-06
-3.8893e-07
8.97263e-06
1.85207e-05
2.76833e-05
3.59513e-05
4.28611e-05
4.79655e-05
5.08745e-05
5.13161e-05
4.91366e-05
4.43402e-05
3.71525e-05
2.80017e-05
1.7455e-05
6.16718e-06
-5.18221e-06
-1.59328e-05
-2.54971e-05
-3.34184e-05
-3.93143e-05
-4.28302e-05
-4.36764e-05
-4.16305e-05
-3.65589e-05
-2.84836e-05
-1.76524e-05
-4.57642e-06
1.00061e-05
2.51699e-05
3.99148e-05
5.33739e-05
6.48356e-05
7.36902e-05
7.9482e-05
8.18784e-05
8.06075e-05
7.54525e-05
6.63088e-05
5.32861e-05
3.67747e-05
1.75296e-05
-3.35776e-06
-2.46979e-05
-4.53273e-05
-6.4146e-05
-8.02598e-05
-9.30232e-05
-0.000101991
-0.000106859
-0.000107397
-0.000103462
-9.50358e-05
-8.22872e-05
-6.56477e-05
-4.58409e-05
-2.38562e-05
-8.34537e-07
2.20845e-05
4.38653e-05
6.36331e-05
8.0692e-05
9.45257e-05
0.000104778
0.000111211
0.000113695
0.000112236
0.000107019
9.84364e-05
8.70759e-05
7.36862e-05
5.90827e-05
4.40682e-05
2.94019e-05
1.57574e-05
3.70235e-06
-6.27769e-06
-1.37746e-05
-1.84636e-05
-2.01236e-05
-1.8678e-05
-1.42372e-05
-7.13913e-06
2.00844e-06
1.23667e-05
2.30347e-05
3.31557e-05
4.19407e-05
4.87449e-05
5.31315e-05
5.48668e-05
5.38305e-05
4.99237e-05
4.30815e-05
3.33033e-05
2.06565e-05
5.31124e-06
-1.23768e-05
-3.18145e-05
-5.2222e-05
-7.27115e-05
-9.23161e-05
-0.000110057
-0.000125109
-0.000136903
-0.000145087
-0.000149488
-0.000150095
-0.000147022
-0.000140485
-0.000130751
-0.000118139
-0.000103078
-8.61026e-05
-6.78699e-05
-4.91591e-05
-3.08241e-05
-1.37204e-05
1.37827e-06
1.38386e-05
2.31956e-05
2.91577e-05
3.15988e-05
3.05483e-05
2.61675e-05
1.87354e-05
8.67343e-06
-3.43183e-06
-1.68505e-05
-3.07474e-05
-4.42253e-05
-5.63958e-05
-6.64907e-05
-7.39714e-05
-7.8513e-05
-7.99523e-05
-7.82959e-05
-7.36865e-05
-6.6323e-05
-5.6414e-05
-4.42675e-05
-3.03666e-05
-1.53282e-05
1.13839e-07
1.51481e-05
2.89702e-05
4.08859e-05
5.0396e-05
5.72118e-05
6.12434e-05
6.25527e-05
6.12919e-05
5.76802e-05
5.19841e-05
4.45107e-05
3.56142e-05
2.57087e-05
1.5292e-05
4.90774e-06
-4.9287e-06
-1.37644e-05
-2.12509e-05
-2.71611e-05
-3.13694e-05
-3.38526e-05
-3.46714e-05
-3.39415e-05
-3.18208e-05
-2.84871e-05
-2.41247e-05
-1.89368e-05
-1.31595e-05
-7.04961e-06
-8.64984e-07
5.1354e-06
1.06961e-05
1.5607e-05
1.97265e-05
2.2968e-05
2.53061e-05
2.67776e-05
2.74689e-05
2.74832e-05
2.69165e-05
2.58718e-05
2.44569e-05
2.2783e-05
2.09812e-05
1.92001e-05
1.76012e-05
1.63443e-05
1.55619e-05
1.53524e-05
1.57878e-05
1.69289e-05
1.88354e-05
2.15745e-05
2.52327e-05
2.9857e-05
3.5333e-05
4.13801e-05
4.76184e-05
5.35797e-05
5.87384e-05
6.26431e-05
6.50745e-05
6.59699e-05
6.52943e-05
6.30718e-05
5.93319e-05
5.40157e-05
4.69789e-05
3.80949e-05
2.73798e-05
1.50259e-05
1.41245e-06
-1.29063e-05
-2.72706e-05
-4.10204e-05
-5.3589e-05
-6.45303e-05
-7.34866e-05
-8.01855e-05
-8.4478e-05
-8.62729e-05
-8.54788e-05
-8.2067e-05
-7.61001e-05
-6.77451e-05
-5.72911e-05
-4.51269e-05
-3.1703e-05
-1.74968e-05
-2.97774e-06
1.1409e-05
2.52165e-05
3.79856e-05
4.92741e-05
5.86652e-05
6.57518e-05
7.01899e-05
7.18235e-05
7.06848e-05
6.693e-05
6.08484e-05
5.28248e-05
4.32659e-05
3.25607e-05
2.10745e-05
9.17467e-06
-2.74754e-06
-1.42685e-05
-2.49299e-05
-3.42592e-05
-4.18251e-05
-4.7295e-05
-5.04615e-05
-5.12266e-05
-4.95878e-05
-4.56596e-05
-3.96529e-05
-3.18266e-05
-2.249e-05
-1.20219e-05
-8.89547e-07
1.03804e-05
2.12596e-05
3.12365e-05
3.9857e-05
4.67771e-05
4.67771e-05
5.17845e-05
5.47878e-05
5.57717e-05
5.47737e-05
5.1892e-05
4.72811e-05
4.11437e-05
3.37424e-05
2.54382e-05
1.66764e-05
7.91922e-06
-4.17495e-07
-8.00735e-06
-1.45904e-05
-1.9986e-05
-2.41295e-05
-2.70239e-05
-2.87034e-05
-2.92427e-05
-2.87665e-05
-2.74597e-05
-2.55755e-05
-2.34301e-05
-2.13749e-05
-1.97361e-05
-1.87427e-05
-1.84905e-05
-1.89606e-05
-2.00562e-05
-2.16182e-05
-2.34772e-05
-2.55419e-05
-2.77656e-05
-3.00818e-05
-3.24132e-05
-3.46519e-05
-3.66267e-05
-3.80987e-05
-3.88262e-05
-3.86442e-05
-3.74759e-05
-3.53469e-05
-3.23796e-05
-2.87569e-05
-2.46812e-05
-2.03235e-05
-1.58145e-05
-1.12635e-05
-6.76956e-06
-2.43495e-06
1.62145e-06
5.26155e-06
8.34663e-06
1.07715e-05
1.24894e-05
1.35083e-05
1.38801e-05
1.36959e-05
1.30629e-05
1.20746e-05
1.0802e-05
9.28317e-06
7.52283e-06
5.52404e-06
3.30358e-06
8.72571e-07
-1.73929e-06
-4.45666e-06
-7.21942e-06
-1.00143e-05
-1.2849e-05
-1.57554e-05
-1.8789e-05
-2.20163e-05
-2.5488e-05
-2.92142e-05
-3.31631e-05
-3.72707e-05
-4.14588e-05
-4.56447e-05
-4.97593e-05
-5.37587e-05
-5.76034e-05
-6.12402e-05
-6.46029e-05
-6.76295e-05
-7.02682e-05
-7.24688e-05
-7.42016e-05
-7.54738e-05
-7.63176e-05
-7.67874e-05
-7.69482e-05
-7.68546e-05
-7.65457e-05
-7.60259e-05
-7.5251e-05
-7.41658e-05
-7.2731e-05
-7.09076e-05
-6.86545e-05
-6.59e-05
-6.25238e-05
-5.84108e-05
-5.34527e-05
-4.75377e-05
-4.06078e-05
-3.27006e-05
-2.39514e-05
-1.45404e-05
-4.6548e-06
5.50548e-06
1.57515e-05
2.59064e-05
3.5765e-05
4.50815e-05
5.35707e-05
6.09184e-05
6.68222e-05
7.10148e-05
7.32975e-05
7.35975e-05
7.19654e-05
6.85309e-05
6.34679e-05
5.69586e-05
4.9183e-05
4.03432e-05
3.06717e-05
2.0427e-05
9.9018e-06
-5.81763e-07
-1.06974e-05
-2.01445e-05
-2.86682e-05
-3.60591e-05
-4.21402e-05
-4.67116e-05
-4.95272e-05
-5.03915e-05
-4.92028e-05
-4.59213e-05
-4.06207e-05
-3.35265e-05
-2.49799e-05
-1.53719e-05
-5.08002e-06
5.55179e-06
1.62196e-05
2.6648e-05
3.65556e-05
4.56315e-05
5.35213e-05
5.98558e-05
6.43197e-05
6.66982e-05
6.69076e-05
6.50083e-05
6.12003e-05
5.57926e-05
4.91366e-05
4.15863e-05
3.34986e-05
2.52286e-05
1.71298e-05
9.55745e-06
2.86303e-06
-2.63132e-06
-6.6729e-06
-9.09087e-06
-9.80907e-06
-8.86391e-06
-6.37923e-06
-2.54655e-06
2.39039e-06
8.17089e-06
1.45127e-05
2.11028e-05
2.7619e-05
3.37296e-05
3.91116e-05
4.35035e-05
4.67301e-05
4.87074e-05
4.94513e-05
4.90662e-05
4.77118e-05
4.55599e-05
4.27896e-05
3.95998e-05
3.61953e-05
3.27916e-05
2.96291e-05
2.69748e-05
2.50907e-05
2.41739e-05
2.43303e-05
2.55503e-05
2.77043e-05
3.06052e-05
3.40475e-05
3.7811e-05
4.16868e-05
4.54942e-05
4.90591e-05
5.21909e-05
5.46803e-05
5.63047e-05
5.68472e-05
5.6137e-05
5.40892e-05
5.07281e-05
4.61736e-05
4.06032e-05
3.42264e-05
2.72592e-05
1.99069e-05
1.23642e-05
4.82706e-06
-2.49313e-06
-9.3629e-06
-1.55091e-05
-2.0637e-05
-2.45059e-05
-2.6961e-05
-2.79276e-05
-2.74246e-05
-2.55372e-05
-2.23718e-05
-1.80506e-05
-1.26986e-05
-6.44774e-06
5.38431e-07
8.04744e-06
1.58007e-05
2.34744e-05
3.07379e-05
3.72887e-05
4.28937e-05
4.7406e-05
5.07593e-05
5.29497e-05
5.40029e-05
5.39539e-05
5.28525e-05
5.07657e-05
4.77806e-05
4.40321e-05
3.97184e-05
3.50845e-05
3.03967e-05
2.58995e-05
2.17622e-05
1.80385e-05
1.46641e-05
1.15107e-05
8.4495e-06
5.41231e-06
2.45031e-06
-2.92833e-07
-2.68649e-06
-4.65759e-06
-6.19923e-06
-7.40589e-06
-8.46453e-06
-9.59568e-06
-1.0959e-05
-1.25882e-05
-1.44118e-05
-1.62914e-05
-1.80682e-05
-1.96341e-05
-2.0994e-05
-2.22614e-05
-2.35924e-05
-2.51296e-05
-2.69685e-05
-2.91344e-05
-3.15823e-05
-3.42242e-05
-3.69741e-05
-3.97572e-05
-4.24828e-05
-4.50482e-05
-4.73482e-05
-4.92438e-05
-5.05662e-05
-5.1143e-05
-5.08302e-05
-4.95593e-05
-4.73181e-05
-4.41189e-05
-4.00064e-05
-3.50466e-05
-2.93216e-05
-2.29468e-05
-1.60913e-05
-8.98111e-06
-1.88892e-06
4.878e-06
1.10149e-05
1.62689e-05
2.0452e-05
2.34487e-05
2.52273e-05
2.58174e-05
2.52778e-05
2.36822e-05
2.11328e-05
1.77751e-05
1.37962e-05
9.43466e-06
4.97402e-06
7.13693e-07
-3.05458e-06
-6.08468e-06
-8.20355e-06
-9.31969e-06
-9.42458e-06
-8.57365e-06
-6.88108e-06
-4.51144e-06
-4.51144e-06
-1.65907e-06
1.44122e-06
4.53076e-06
7.37101e-06
9.72456e-06
1.13481e-05
1.20458e-05
1.16967e-05
1.02488e-05
7.6939e-06
4.06675e-06
-5.36011e-07
-5.98051e-06
-1.20971e-05
-1.86673e-05
-2.54391e-05
-3.21363e-05
-3.84753e-05
-4.41868e-05
-4.90291e-05
-5.27959e-05
-5.53324e-05
-5.65503e-05
-5.64063e-05
-5.4882e-05
-5.19638e-05
-4.76401e-05
-4.1963e-05
-3.50438e-05
-2.70174e-05
-1.80756e-05
-8.45836e-06
1.55688e-06
1.16425e-05
2.14525e-05
3.06501e-05
3.89202e-05
4.59771e-05
5.15822e-05
5.55883e-05
5.79057e-05
5.84687e-05
5.72808e-05
5.44061e-05
4.99443e-05
4.40386e-05
3.68935e-05
2.87936e-05
2.00862e-05
1.11502e-05
2.36293e-06
-5.93609e-06
-1.34753e-05
-2.00656e-05
-2.55939e-05
-3.00143e-05
-3.33189e-05
-3.54947e-05
-3.65245e-05
-3.64071e-05
-3.51666e-05
-3.28557e-05
-2.95902e-05
-2.56027e-05
-2.11776e-05
-1.65628e-05
-1.19785e-05
-7.5991e-06
-3.52256e-06
2.18917e-07
3.61608e-06
6.64134e-06
9.23417e-06
1.12867e-05
1.26662e-05
1.32641e-05
1.3031e-05
1.19971e-05
1.02676e-05
7.99303e-06
5.33362e-06
2.43075e-06
-5.99742e-07
-3.6618e-06
-6.67078e-06
-9.5238e-06
-1.2085e-05
-1.42069e-05
-1.57425e-05
-1.65686e-05
-1.66219e-05
-1.59117e-05
-1.45241e-05
-1.25966e-05
-1.02749e-05
-7.70443e-06
-5.01779e-06
-2.33361e-06
2.28701e-07
2.55212e-06
4.4999e-06
5.91444e-06
6.65844e-06
6.63523e-06
5.8057e-06
4.19929e-06
1.90966e-06
-9.23151e-07
-4.14056e-06
-7.5796e-06
-1.10899e-05
-1.45381e-05
-1.77914e-05
-2.07161e-05
-2.31759e-05
-2.50342e-05
-2.61852e-05
-2.658e-05
-2.62404e-05
-2.52648e-05
-2.38044e-05
-2.20456e-05
-2.01858e-05
-1.83851e-05
-1.67763e-05
-1.54863e-05
-1.46145e-05
-1.42333e-05
-1.43979e-05
-1.51553e-05
-1.65377e-05
-1.85334e-05
-2.10798e-05
-2.40565e-05
-2.72763e-05
-3.05037e-05
-3.34779e-05
-3.59397e-05
-3.76576e-05
-3.84299e-05
-3.81043e-05
-3.66058e-05
-3.39165e-05
-3.0058e-05
-2.51064e-05
-1.92089e-05
-1.2576e-05
-5.43751e-06
1.95411e-06
9.309e-06
1.63395e-05
2.27696e-05
2.83427e-05
3.28495e-05
3.61278e-05
3.80668e-05
3.86307e-05
3.78613e-05
3.58612e-05
3.27834e-05
2.88307e-05
2.42414e-05
1.92607e-05
1.41305e-05
9.0934e-06
4.40389e-06
3.09518e-07
-2.98513e-06
-5.31635e-06
-6.56874e-06
-6.69954e-06
-5.73467e-06
-3.75028e-06
-8.49906e-07
2.84475e-06
7.21201e-06
1.21382e-05
1.74781e-05
2.30603e-05
2.8713e-05
3.42402e-05
3.94198e-05
4.40353e-05
4.79114e-05
5.09218e-05
5.29878e-05
5.40854e-05
5.42305e-05
5.34663e-05
5.18567e-05
4.9471e-05
4.63974e-05
4.27552e-05
3.86853e-05
3.43493e-05
2.99335e-05
2.56441e-05
2.16804e-05
1.82137e-05
1.53832e-05
1.32872e-05
1.19864e-05
1.15032e-05
1.1817e-05
1.28835e-05
1.46351e-05
1.69567e-05
1.96883e-05
2.26462e-05
2.56208e-05
2.83813e-05
3.07099e-05
3.24274e-05
3.3412e-05
3.36054e-05
3.2998e-05
3.16167e-05
2.9528e-05
2.68162e-05
2.35516e-05
1.98239e-05
1.57673e-05
1.15419e-05
7.3397e-06
3.36915e-06
-1.72688e-07
-3.1201e-06
-5.36877e-06
-6.88053e-06
-7.66838e-06
-7.77107e-06
-7.22898e-06
-6.0908e-06
-4.41905e-06
-2.28609e-06
2.108e-07
2.93228e-06
5.70124e-06
8.33472e-06
1.06689e-05
1.25643e-05
1.39165e-05
1.46578e-05
1.47583e-05
1.4214e-05
1.30153e-05
1.11585e-05
8.669e-06
5.60204e-06
2.05163e-06
-1.84914e-06
-5.94576e-06
-1.00733e-05
-1.40683e-05
-1.7793e-05
-2.11395e-05
-2.40138e-05
-2.63421e-05
-2.80823e-05
-2.92204e-05
-2.97693e-05
-2.9768e-05
-2.92887e-05
-2.8439e-05
-2.73556e-05
-2.61913e-05
-2.50971e-05
-2.42188e-05
-2.36944e-05
-2.36404e-05
-2.41515e-05
-2.53056e-05
-2.71504e-05
-2.96964e-05
-3.2912e-05
