-1.14107e-10
-2.36608e-09
-2.06677e-08
-1.02499e-07
-3.30143e-07
-7.5149e-07
-1.2959e-06
-1.82134e-06
-2.25847e-06
-2.62607e-06
-2.90715e-06
-3.02847e-06
-2.97737e-06
-2.83488e-06
-2.68141e-06
-2.53831e-06
-2.38615e-06
-2.18944e-06
-1.92194e-06
-1.5933e-06
-1.24782e-06
-9.45065e-07
-7.41669e-07
-6.76263e-07
-7.68216e-07
-1.02633e-06
-1.44477e-06
-1.99466e-06
-2.63839e-06
-3.35627e-06
-4.15288e-06
-5.03942e-06
-6.01454e-06
-7.05658e-06
-8.12485e-06
-9.16663e-06
-1.01289e-05
-1.09684e-05
-1.16546e-05
-1.2168e-05
-1.25006e-05
-1.26511e-05
-1.26188e-05
-1.23968e-05
-1.19701e-05
-1.13193e-05
-1.04318e-05
-9.31243e-06
-7.98251e-06
-6.46936e-06
-4.79992e-06
-2.99787e-06
-1.0811e-06
9.37853e-07
3.0497e-06
5.24761e-06
7.52358e-06
9.8614e-06
1.2235e-05
1.46158e-05
1.6981e-05
1.93189e-05
2.16308e-05
2.39274e-05
2.62229e-05
2.85301e-05
3.0859e-05
3.32121e-05
3.55815e-05
3.79436e-05
4.02569e-05
4.24633e-05
4.44932e-05
4.62668e-05
4.76966e-05
4.86955e-05
4.91886e-05
4.91207e-05
4.84571e-05
4.71765e-05
4.52633e-05
4.27029e-05
3.94783e-05
3.55693e-05
3.0957e-05
2.56369e-05
1.96316e-05
1.2997e-05
5.82271e-06
-1.77918e-06
-9.69512e-06
-1.78299e-05
-2.6116e-05
-3.45156e-05
-4.30135e-05
-5.16016e-05
-6.02602e-05
-6.89424e-05
-7.75628e-05
-8.59979e-05
-9.41034e-05
-0.000101737
-0.000108774
-0.000115106
-0.000120649
-0.000125348
-0.00012918
-0.000132137
-0.000134216
-0.000135407
-0.000135681
-0.000134985
-0.000133237
-0.000130341
-0.000126208
-0.000120789
-0.000114104
-0.000106258
-9.74326e-05
-8.78501e-05
-7.77323e-05
-6.72711e-05
-5.65984e-05
-4.57587e-05
-3.47002e-05
-2.32907e-05
-1.13461e-05
1.34508e-06
1.50046e-05
2.98379e-05
4.59935e-05
6.35325e-05
8.24304e-05
0.000102587
0.000123818
0.000145838
0.000168262
0.000190609
0.000212297
0.000232636
0.000250848
0.000266096
0.000277552
0.000284478
0.0002863
0.000282657
0.000273399
0.000258525
0.00023803
0.00021177
0.000179417
0.000140541
9.47883e-05
4.22152e-05
-1.63191e-05
-7.89377e-05
-0.000142876
-0.000204811
-0.000261227
-0.000308896
-0.000345434
-0.00036964
-0.000381374
-0.000381213
-0.000370183
-0.00034953
-0.000320494
-0.000284208
-0.000241827
-0.000194733
-0.000144571
-9.31428e-05
-4.22335e-05
6.58292e-06
5.21631e-05
9.39477e-05
0.000131949
0.000166587
0.000198476
0.000228254
0.000256411
0.000283106
0.000307982
0.000330132
0.000348318
0.000361341
0.000368308
0.000368826
0.000363317
0.000353357
0.000341623
0.000331376
0.000325818
0.000327648
0.000338754
0.000359998
0.000391249
0.00043177
0.00048071
0.000537372
0.000601153
0.000671043
0.000744593
0.000816644
0.000878547
0.000918344
0.000922016
0.000876085
0.000771391
0.000606296
0.000387431
0.000128481
-0.000151611
-0.000431473
-0.000691689
-0.000918494
-0.00110429
-0.00124606
-0.00134387
-0.0013996
-0.00141516
-0.00139154
-0.00132969
-0.00123226
-0.00110471
-0.000955053
-0.000793117
-0.000629251
-0.000472766
-0.000330529
-0.0002065
-0.000102432
-1.91349e-05
4.25422e-05
8.1404e-05
9.61913e-05
8.63105e-05
5.28688e-05
-4.41195e-07
-6.72274e-05
-0.000139191
-0.000207393
-0.000263525
-0.000300921
-0.00031502
-0.000303141
-0.000263794
-0.000196042
-9.92914e-05
2.64822e-05
0.000180251
0.000359386
0.000559284
0.000773416
0.000993868
0.00121217
0.00142007
0.00161018
0.00177617
0.00191292
0.00201638
0.00208359
0.00211282
0.00210371
0.00205712
0.00197472
0.00185838
0.00170916
0.0015259
0.00130337
0.00103072
0.00069213
0.000271937
-0.000236373
-0.000821996
-0.00145495
-0.00209079
-0.0026772
-0.00316053
-0.00349498
-0.0036537
-0.00363395
-0.00345207
-0.00313411
-0.00270861
-0.00220166
-0.00163345
-0.00101873
-0.000371587
0.000289589
0.000940719
0.0015535
0.00209833
0.0025484
0.00288443
0.00309776
0.00319004
0.00316951
0.00304592
0.00282523
0.002506
0.00208002
0.0015386
0.000883508
0.000136751
-0.000657497
-0.00143996
-0.00214633
-0.00271626
-0.00310369
-0.00328808
-0.0032777
-0.0031004
-0.00278978
-0.00237619
-0.00188357
-0.00132998
-0.000731888
-0.000111184
0.00050006
0.00106103
0.00152867
0.00152867
0.00186502
0.00204266
0.00204792
0.00188222
0.00155965
0.00110115
0.000529486
-0.000130316
-0.000846743
-0.00157846
-0.00227454
-0.00287798
-0.00333229
-0.00359054
-0.00362452
-0.00343015
-0.00302753
-0.0024561
-0.00176684
-0.00101323
-0.000243815
0.000501175
0.00118893
0.00179116
0.00228211
0.00263868
0.00284224
0.0028812
0.00275439
0.0024737
0.00206429
0.00156128
0.00100441
0.000432613
-0.000119713
-0.000624814
-0.00106206
-0.00141686
-0.00167861
-0.00183947
-0.00189479
-0.00184433
-0.00169304
-0.00145135
-0.0011349
-0.000763399
-0.00035848
5.77915e-05
0.000463295
0.000835622
0.00115238
0.00139247
0.0015383
0.00157876
0.00151196
0.00134603
0.00109782
0.000790314
0.000449456
9.99613e-05
-0.000238578
-0.000552832
-0.000833736
-0.0010737
-0.00126491
-0.00139874
-0.0014661
-0.00145928
-0.00137516
-0.00121861
-0.00100478
-0.000758505
-0.000509484
-0.000284917
-0.000103593
2.64524e-05
0.00010813
0.00015373
0.000180212
0.000202822
0.000231124
0.000268614
0.000314077
0.000364029
0.00041603
0.000470156
0.000525761
0.000574843
0.000597397
0.000564357
0.000448383
0.000235313
-7.06509e-05
-0.000446326
-0.000849711
-0.00122507
-0.00151714
-0.00168696
-0.00171843
-0.00161641
-0.00140281
-0.00111136
-0.000779298
-0.000439017
-0.000114415
0.000178342
0.00042946
0.000635127
0.000796206
0.000915518
0.000996508
0.00104408
0.00106426
0.00106149
0.00103699
0.000990553
0.000923245
0.000838164
0.000740083
0.000634954
0.00052906
0.000427642
0.000333852
0.000248759
0.000172145
0.000103605
4.36466e-05
-5.49636e-06
-3.97699e-05
-5.42797e-05
-4.51461e-05
-1.12025e-05
4.56551e-05
0.000121536
0.000212013
0.000313147
0.000421861
0.000535591
0.000651139
0.000763218
0.000863506
0.000940725
0.000981844
0.000974436
0.000909909
0.000786322
0.000609408
0.000391816
0.000151456
-9.1074e-05
-0.000315981
-0.000507199
-0.000653089
-0.000745605
-0.000779596
-0.00075234
-0.000662716
-0.000510567
-0.000297204
-2.66263e-05
0.000293544
0.000651525
0.00103083
0.00140979
0.00176202
0.00205819
0.0022693
0.00237136
0.00235058
0.00220655
0.00195144
0.00160707
0.00120143
0.000763604
0.000317322
-0.000122724
-0.000548832
-0.000955548
-0.00133583
-0.00167844
-0.00196675
-0.00218063
-0.00230116
-0.00231562
-0.0022204
-0.0020219
-0.0017352
-0.00138041
-0.000978214
-0.000546685
-0.000100586
0.000347341
0.000784619
0.0011978
0.00157217
0.00189282
0.00214686
0.00232578
0.00242677
0.00245263
0.00241036
0.00230922
0.00215866
0.00196724
0.00174279
0.00149336
0.0012277
0.00095426
0.000678637
0.000400658
0.000114263
-0.000188247
-0.000510212
-0.000846146
-0.00117904
-0.00148011
-0.00171403
-0.00184898
-0.00186592
-0.00176412
-0.00156347
-0.00130192
-0.00102553
-0.0007755
-0.000579935
-0.000451682
-0.000388844
-0.000377674
-0.000399456
-0.000438493
-0.000485712
-0.000536971
-0.000589959
-0.000642236
-0.000689713
-0.000725325
-0.000739597
-0.000723572
-0.000671837
-0.000583457
-0.000460995
-0.000308915
-0.000131823
6.72628e-05
0.000287428
0.000528001
0.000784889
0.00104699
0.00129449
0.00150033
0.00163523
0.00167587
0.00161286
0.00145399
0.00122121
0.00094485
0.00065787
0.000388759
0.000153856
-4.52716e-05
-0.000216546
-0.000368961
-0.000506485
-0.00062473
-0.000709923
-0.000741737
-0.000700491
-0.000576272
-0.000376903
-0.000131574
0.000113464
0.0003069
0.000405784
0.000384919
0.000242232
-2.87268e-07
-0.000303455
-0.000623944
-0.000925719
-0.00118615
-0.00139915
-0.00157523
-0.00173511
-0.00189887
-0.00207687
-0.0022658
-0.00244848
-0.00259581
-0.00267179
-0.00264159
-0.0024799
-0.00217589
-0.00173525
-0.00118058
-0.000548949
0.000114657
0.000765486
0.00136477
0.00188224
0.00229678
0.00259542
0.00277037
0.00281525
0.00272316
0.00248782
0.00210716
0.00158796
0.000949499
0.000224128
-0.000545333
-0.00130999
-0.00202036
-0.00263247
-0.00311233
-0.00343697
-0.00359276
-0.00357332
-0.00337788
-0.00301087
-0.00248365
-0.00181797
-0.00104913
-0.00104913
-0.000225493
0.000597417
0.00136653
0.00203936
0.00258772
0.00299837
0.00327242
0.00342116
0.00345796
0.00339145
0.00322499
0.00296067
0.0026039
0.00216723
0.00167301
0.0011525
0.000640783
0.000169906
-0.000236639
-0.000566831
-0.00082012
-0.00100447
-0.00113166
-0.00121296
-0.00125642
-0.00126612
-0.00124309
-0.00118777
-0.00110266
-0.000993349
-0.000867517
-0.000733343
-0.000598494
-0.000469334
-0.000350037
-0.000242513
-0.000147508
-6.56262e-05
2.77126e-06
5.82295e-05
0.000102557
0.000138747
0.000170302
0.000199623
0.000226078
0.000245095
0.000248727
0.000227201
0.000171408
7.64915e-05
-5.47263e-05
-0.000210881
-0.000374369
-0.000524986
-0.000643383
-0.000714593
-0.000731359
-0.000695242
-0.000614643
-0.000501721
-0.000370198
-0.000233514
-0.000102691
1.47847e-05
0.000114029
0.000191277
0.000243548
0.000268788
0.00026529
0.000231216
0.000165372
6.84224e-05
-5.67822e-05
-0.00020538
-0.000370304
-0.000542119
-0.000709541
-0.000860299
-0.000981787
-0.00106174
-0.00108926
-0.00105588
-0.000956326
-0.000789171
-0.000557847
-0.000271296
5.67108e-05
0.000409346
0.00076837
0.00111545
0.00143415
0.0017123
0.0019433
0.00212515
0.00225851
0.00234514
0.00238643
0.00238149
0.00232581
0.00221199
0.00203246
0.00178244
0.00146208
0.00107805
0.000644215
0.000180108
-0.000292179
-0.000750833
-0.00117613
-0.00155179
-0.0018659
-0.00211052
-0.00228067
-0.00237387
-0.00239062
-0.00233471
-0.00221259
-0.00203243
-0.00180364
-0.00153613
-0.00123879
-0.000918418
-0.000580631
-0.00023167
0.000120419
0.000465444
0.000790827
0.00108204
0.00132463
0.00150708
0.00162266
0.00166992
0.0016524
0.00157777
0.00145614
0.00129797
0.00111299
0.000910091
0.000697544
0.000482968
0.000273321
7.49762e-05
-0.000106552
-0.00026726
-0.000404998
-0.000518885
-0.000608176
-0.000671569
-0.000707352
-0.000713936
-0.000690528
-0.000638198
-0.000561053
-0.000466485
-0.000364106
-0.000264072
-0.000175426
-0.000104533
-5.40936e-05
-2.35859e-05
-1.10729e-05
-1.51399e-05
-3.59166e-05
-7.48781e-05
-0.000133519
-0.000211498
-0.000305267
-0.000407705
-0.000508581
-0.000595907
-0.000658262
-0.000687182
-0.000678306
-0.000631008
-0.000547116
-0.000429364
-0.000280178
-0.000101399
0.000105027
0.000335955
0.00058611
0.000847644
0.00111044
0.00136324
0.00159543
0.00179864
0.0019675
0.00209903
0.00219082
0.00223898
0.00223696
0.00217585
0.00204589
0.00183957
0.0015557
0.00120252
0.000797666
0.000365846
-6.42615e-05
-0.000463931
-0.000809425
-0.00108571
-0.00128668
-0.00141325
-0.00147141
-0.00147033
-0.0014198
-0.00132847
-0.00120415
-0.0010549
-0.000888817
-0.000713294
-0.000535105
-0.000361021
-0.000197471
-4.96314e-05
7.8474e-05
0.000182939
0.000259569
0.000304636
0.000315805
0.000292444
0.000235541
0.000147548
3.21068e-05
-0.000106391
-0.000263236
-0.000433425
-0.000610987
-0.000787889
-0.000953393
-0.0010946
-0.001198
-0.00125136
-0.00124558
-0.00117624
-0.00104429
-0.000855223
-0.000617432
-0.000340451
-3.38377e-05
0.000293329
0.000632172
0.000973092
0.00130494
0.00161494
0.00188935
0.00211459
0.0022785
0.00237152
0.00238746
0.00232362
0.00218058
0.00196219
0.00167587
0.001333
0.000948679
0.000541133
0.000130751
-0.000261798
-0.000618419
-0.000926088
-0.00117772
-0.00137169
-0.00151074
-0.00159994
-0.00164416
-0.00164621
-0.00160721
-0.00152779
-0.00140917
-0.00125415
-0.00106848
-0.000861398
-0.000644248
-0.00042822
-0.000222821
-3.53348e-05
0.000129288
0.000268154
0.00037968
0.000462753
0.000516313
0.000539407
0.00053146
0.000492683
0.000424522
0.000329889
0.000212996
7.9148e-05
-6.51557e-05
-0.000212041
-0.000352526
-0.000477274
-0.000577727
-0.000647692
-0.00068486
-0.00069112
-0.000671475
-0.000632753
-0.000582721
-0.000529034
-0.000477895
-0.000433354
-0.000397723
-0.000372447
-0.000358624
-0.000357092
-0.000368263
-0.000391793
-0.000426105
-0.000468189
-0.000514031
-0.000559377
-0.000600237
-0.000633045
-0.000654767
-0.000662905
-0.000655091
-0.000628352
-0.000578613
-0.000501128
-0.000501128
-0.000391938
-0.000249875
-7.84716e-05
0.000113026
0.000310424
0.000497064
0.000656831
0.000776888
0.000850254
0.000877473
0.000865731
0.00082545
0.000766723
0.00069729
0.000621726
0.000541455
0.000456013
0.000365369
0.00027178
0.000180076
9.66695e-05
2.80916e-05
-2.05618e-05
-4.69528e-05
-5.19642e-05
-3.896e-05
-1.23624e-05
2.35892e-05
6.55408e-05
0.000111254
0.000159376
0.000208847
0.000258359
0.000306216
0.000350541
0.000389666
0.000422651
0.000449629
0.000471626
0.00048989
0.000505132
0.000517073
0.000524395
0.000525032
0.00051672
0.000497705
0.000467454
0.000426939
0.000378287
0.000324123
0.000267028
0.00020917
0.000152054
9.65345e-05
4.3131e-05
-7.60068e-06
-5.48406e-05
-9.73709e-05
-0.000133511
-0.000161236
-0.000178513
-0.000183662
-0.000175809
-0.00015592
-0.000128564
-0.000103172
-9.32323e-05
-0.000113445
-0.000176185
-0.000288121
-0.000447594
-0.000643998
-0.000859719
-0.00107348
-0.001264
-0.00141405
-0.00151368
-0.00156047
-0.00155662
-0.00150549
-0.00140988
-0.00127165
-0.00109192
-0.000872127
-0.000616052
-0.000331212
-2.87834e-05
0.000277739
0.000574367
0.000848429
0.00108983
0.00129109
0.00144629
0.00154982
0.00159617
0.00158096
0.00150221
0.00136181
0.00116681
0.000929884
0.000667845
0.000398653
0.000138431
-0.000100504
-0.000310435
-0.000487529
-0.000629549
-0.000733309
-0.000793582
-0.000803638
-0.000756634
-0.000647626
-0.000476024
-0.000247201
2.79814e-05
0.000335113
0.000657885
0.000978182
0.00127462
0.00152093
0.00168643
0.00173994
0.00165653
0.00142504
0.00105314
0.000567553
9.47458e-06
-0.000572395
-0.0011308
-0.00163018
-0.00205338
-0.00239952
-0.00267489
-0.00288395
-0.00302427
-0.00308497
-0.00304928
-0.0029015
-0.00263499
-0.00225669
-0.00178655
-0.00125345
-0.000688754
-0.000119531
0.000436037
0.000968959
0.00147571
0.00195276
0.00239229
0.00278071
0.00309966
0.00332856
0.00344738
0.00344029
0.00330008
0.00303108
0.00264816
0.00217316
0.00163243
0.00105544
0.000472013
-9.10741e-05
-0.000611634
-0.00107198
-0.00145908
-0.00176448
-0.00198323
-0.0021129
-0.00215383
-0.00210992
-0.00198827
-0.00179815
-0.00155022
-0.00125646
-0.000929804
-0.000583321
-0.000229714
0.000118433
0.00044825
0.000746987
0.00100324
0.00120826
0.00135704
0.00144905
0.00148789
0.00147904
0.00142584
0.00132606
0.00117125
0.00095038
0.000656781
0.000294234
-0.000121383
-0.000563466
-0.000996702
-0.00138176
-0.00168423
-0.00188286
-0.00197119
-0.00195375
-0.0018413
-0.00164668
-0.00138213
-0.00105966
-0.000694426
-0.000308162
7.02623e-05
0.000408217
0.000675709
0.000851836
0.000928695
0.000912445
0.000821525
0.00068083
0.000513146
0.000333019
0.000146544
-4.48007e-05
-0.000239343
-0.000430663
-0.00060474
-0.000741067
-0.000817667
-0.000817154
-0.000731207
-0.000562571
-0.000324327
-3.64641e-05
0.000279026
0.000602207
0.000916711
0.00120894
0.00146653
0.00167718
0.00182845
0.0019087
0.00190937
0.00182702
0.00166406
0.00142828
0.00113216
0.000791827
0.000425586
5.27717e-05
-0.000306776
-0.00063296
-0.000905897
-0.00110711
-0.00122217
-0.00124424
-0.00117634
-0.00103063
-0.000825381
-0.000581484
-0.000319101
-5.46939e-05
0.000200516
0.000439534
0.000656793
0.000845495
0.000996142
0.00109653
0.00113372
0.00109782
0.000985577
0.00080195
0.000559481
0.00027603
-2.84669e-05
-0.0003352
-0.000628325
-0.000895034
-0.00112457
-0.00130704
-0.0014326
-0.00149144
-0.0014749
-0.00137749
-0.0011992
-0.000947082
-0.000635604
-0.000285504
7.84238e-05
0.000429766
0.000742625
0.000993737
0.00116492
0.00124512
0.00123107
0.00112704
0.000944186
0.000698675
0.000407793
8.63522e-05
-0.000254033
-0.000603645
-0.000953118
-0.00129139
-0.00160308
-0.00186763
-0.00206144
-0.00216174
-0.00215039
-0.00201772
-0.0017653
-0.00140579
-0.000959509
-0.000450296
9.71726e-05
0.000658655
0.00121091
0.00173153
0.00219816
0.00258811
0.00287971
0.00305515
0.00310332
0.00302163
0.00281641
0.00250194
0.00209842
0.00162919
0.00162919
0.0011181
0.000587835
5.95461e-05
-0.000446943
-0.000913041
-0.00132164
-0.00165769
-0.00190909
-0.00206787
-0.00213084
-0.00209914
-0.00197694
-0.00177055
-0.0014882
-0.00113988
-0.000737345
-0.000294435
0.000172091
0.000642184
0.00109327
0.00150198
0.00184613
0.00210658
0.0022689
0.00232468
0.00227185
0.0021137
0.00185755
0.00151404
0.0010971
0.000624164
0.000116349
-0.000401877
-0.00090365
-0.00136121
-0.00174807
-0.00204173
-0.00222616
-0.00229282
-0.00224057
-0.00207532
-0.00180939
-0.00146037
-0.00104989
-0.000602658
-0.00014574
0.00029266
0.000685338
0.00100874
0.00124529
0.00138477
0.00142488
0.00137109
0.00123507
0.00103186
0.000777377
0.00048738
0.000177482
-0.000137044
-0.000441364
-0.000720714
-0.000960514
-0.00114796
-0.00127441
-0.00133722
-0.00134001
-0.00129128
-0.00120207
-0.00108381
-0.000946645
-0.000798007
-0.000642062
-0.000480838
-0.000316371
-0.000152181
6.53435e-06
0.000153479
0.000282206
0.000387299
0.000465434
0.000515799
0.000539665
0.000539424
0.000517631
0.000476294
0.000416464
0.000338263
0.000241528
0.000126692
-4.55831e-06
-0.000149101
-0.000302715
-0.00046081
-0.000618872
-0.000772125
-0.000914895
-0.00104053
-0.00114192
-0.00121204
-0.00124445
-0.00123413
-0.00117894
-0.00108077
-0.000945469
-0.000781691
-0.000599421
-0.000408724
-0.000218717
-3.68494e-05
0.000131164
0.000280821
0.000408307
0.000510339
0.000584216
0.000627972
0.000640799
0.000623621
0.000579318
0.00051232
0.000427926
0.000331813
0.000229761
0.000127415
3.01328e-05
-5.69983e-05
-0.000129131
-0.000181862
-0.000211648
-0.00021621
-0.000194813
-0.000148376
-7.9286e-05
9.11187e-06
0.000113169
0.000229458
0.000355131
0.000488145
0.000627202
0.000771293
0.000919134
0.00106885
0.00121769
0.00136108
0.00149123
0.00159637
0.00166176
0.0016718
0.0016123
0.0014729
0.00124969
0.000947412
0.00057957
0.000166563
-0.000266767
-0.000693603
-0.00108833
-0.00143012
-0.00170492
-0.00190491
-0.00202707
-0.00207267
-0.00204652
-0.00195487
-0.00180336
-0.00159701
-0.00134132
-0.00104277
-0.000709295
-0.000351309
1.76041e-05
0.000381631
0.000724301
0.00102934
0.00128128
0.00146691
0.00157692
0.00160634
0.00155413
0.00142298
0.00121948
0.000953881
0.000639194
0.000290226
-7.71567e-05
-0.00044683
-0.000803336
-0.00113251
-0.00142159
-0.00165909
-0.00183455
-0.00193829
-0.00196145
-0.00189697
-0.00174162
-0.00149773
-0.00117415
-0.000786463
-0.000356159
9.18758e-05
0.000532794
0.000944137
0.0013066
0.00160424
0.00182463
0.001959
0.00200216
0.00195276
0.001814
0.00159445
0.00130826
0.000973553
0.000609783
0.00023537
-0.000133874
-0.000485635
-0.000810761
-0.00110146
-0.00134934
-0.00154463
-0.00167657
-0.0017343
-0.00170881
-0.00159588
-0.00139868
-0.00112802
-0.000800516
-0.000436143
-5.57493e-05
0.000321401
0.000679219
0.00100462
0.00128629
0.00151375
0.00167723
0.00176808
0.00177987
0.00170988
0.0015605
0.00133968
0.00106046
0.000739479
0.000395085
4.56046e-05
-0.000291737
-0.000601217
-0.000868747
-0.00108225
-0.00123237
-0.00131324
-0.00132317
-0.00126521
-0.00114705
-0.00097975
-0.000775839
-0.000547572
-0.000305567
-5.78689e-05
0.000189993
0.000433604
0.000667964
0.000886813
0.00108289
0.00124827
0.00137483
0.00145559
0.00148623
0.00146582
0.00139626
0.00128163
0.00112761
0.000941101
0.000729806
0.000501671
0.000264613
2.64919e-05
-0.000204741
-0.000420829
-0.000613191
-0.000773347
-0.000893532
-0.000967091
-0.000988872
-0.000956028
-0.000868879
-0.000731117
-0.000549484
-0.000333351
-9.40566e-05
0.000156295
0.00040614
0.00064519
0.000864597
0.00105696
0.00121625
0.00133756
0.0014166
0.00144917
0.00143076
0.00135652
0.00122214
0.001026
0.000770972
0.000464919
0.000119976
-0.000247963
-0.000620077
-0.000976826
-0.00130072
-0.00157775
-0.0017973
-0.0019516
-0.00203529
-0.00204498
-0.0019792
-0.00183884
-0.0016278
-0.00135308
-0.00102444
-0.000653809
-0.000255245
0.000154659
0.000556596
0.000556596
0.00092884
0.00124844
0.00149394
0.00164905
0.00170534
0.00166348
0.00153383
0.00133544
0.00109196
0.000826021
0.000555247
0.000290372
3.44543e-05
-0.000215978
-0.000466664
-0.000720311
-0.000973575
-0.00121639
-0.00143192
-0.00159809
-0.00169239
-0.00169835
-0.0016089
-0.00142643
-0.00116217
-0.000835476
-0.000470838
-9.31809e-05
0.000275368
0.000616076
0.000913523
0.00115599
0.00133545
0.00144675
0.00148708
0.00145647
0.00135842
0.00119966
0.000989466
0.000739187
0.000462031
0.000172218
-0.000116149
-0.000389667
-0.000635656
-0.000842269
-0.000999021
-0.00109743
-0.00113157
-0.00109849
-0.000998443
-0.000834493
-0.000611913
-0.000337805
-2.17127e-05
0.000322988
0.000677956
0.00102011
0.00132317
0.00155975
0.00170393
0.00173502
0.00164223
0.00142733
0.00110403
0.000695292
0.000230268
-0.000259383
-0.000743937
-0.00119862
-0.0016036
-0.00194259
-0.00220245
-0.00237307
-0.00244678
-0.00241814
-0.00228545
-0.0020526
-0.00172962
-0.0013317
-0.000877663
-0.000388545
0.000113406
0.000604853
0.0010609
0.0014553
0.00176259
0.00196147
0.00203741
0.001984
0.00180424
0.00151123
0.00112633
0.000675252
0.000184723
-0.000319311
-0.000812415
-0.00127149
-0.00167381
-0.00199651
-0.00221758
-0.00231831
-0.00228626
-0.00211751
-0.00181755
-0.00140066
-0.000888115
-0.000305828
0.000317777
0.000953326
0.0015714
0.00214287
0.0026388
0.00303063
0.00329187
0.00340139
0.00334707
0.00312795
0.00275433
0.00224668
0.00163432
0.000953098
0.000241639
-0.00046235
-0.00112393
-0.00171131
-0.00219655
-0.00255688
-0.00277608
-0.00284573
-0.00276634
-0.00254794
-0.00220937
-0.00177586
-0.00127589
-0.000738184
-0.000189668
0.000345959
0.00084914
0.00130398
0.00169634
0.0020123
0.00223855
0.00236379
0.00238001
0.0022836
0.00207687
0.00176893
0.00137503
0.000914603
0.000409421
-0.000117897
-0.000645281
-0.00115211
-0.00161915
-0.0020278
-0.00235966
-0.00259706
-0.00272472
-0.0027321
-0.00261516
-0.00237721
-0.00202924
-0.00158932
-0.00108088
-0.000530039
3.6666e-05
0.000593748
0.00111758
0.00158693
0.00198344
0.00229203
0.0025014
0.00260423
0.00259694
0.00247896
0.00225207
0.00192082
0.0014934
0.00098272
0.00040776
-0.000205136
-0.000822678
-0.00140767
-0.00192327
-0.00233671
-0.00262265
-0.00276598
-0.00276286
-0.00261929
-0.00234848
-0.00196882
-0.00150285
-0.000976259
-0.000416724
0.000147159
0.000686559
0.00117398
0.00158627
0.00190743
0.00212933
0.00225067
0.00227561
0.00221257
0.00207235
0.00186626
0.00160532
0.00130072
0.000964296
0.000608558
0.000246093
-0.00011093
-0.000451113
-0.000764281
-0.00104202
-0.00127759
-0.0014648
-0.00159721
-0.00166861
-0.00167442
-0.00161257
-0.00148403
-0.00129334
-0.00104897
-0.000762739
-0.000448311
-0.000119592
0.000210195
0.00052843
0.000822409
0.00107885
0.00128409
0.0014249
0.00148973
0.00147029
0.00136352
0.00117333
0.000910995
0.000593933
0.000243466
-0.000117482
-0.00046663
-0.00078445
-0.00105537
-0.00126773
-0.00141351
-0.00148875
-0.00149368
-0.00143177
-0.00130838
-0.00113013
-0.000904894
-0.000641245
-0.000347611
-3.24321e-05
0.000294947
0.00062374
0.000941696
0.00123501
0.00148863
0.00168778
0.0018202
0.00187775
0.00185688
0.0017591
0.00159135
0.00136562
0.00109727
0.000803236
0.000500669
0.000205706
-6.81342e-05
-0.000311479
-0.000519503
-0.000691226
-0.000828576
-0.000935396
-0.00101589
-0.00107285
-0.00110694
-0.0011172
-0.00110162
-0.0010572
-0.000980691
-0.000870379
-0.00072755
-0.000556188
-0.000362002
-0.00015224
6.40922e-05
0.00027674
0.000475151
0.000648885
0.000787628
0.000881592
0.000922495
0.000904794
0.000826797
0.000691382
0.000506329
0.000284162
4.09817e-05
-0.000205877
-0.00044017
-0.000647922
-0.000817843
-0.000941841
-0.00101535
-0.00103697
-0.00100771
-0.000930803
-0.00081186
-0.000658894
-0.00048189
-0.000291939
-0.00010035
8.20035e-05
0.000245339
0.000381801
0.000486146
0.000555925
0.000591272
0.000591272
0.000594596
0.00057026
0.000524142
0.000462955
0.000393402
0.000321574
0.000252784
0.000191531
0.000141345
0.000104741
8.33772e-05
7.79579e-05
8.76967e-05
0.000109762
0.000139127
0.000168768
0.00019013
0.00019391
0.000171191
0.000115097
2.29829e-05
-0.000101742
-0.000249555
-0.000406717
-0.000557735
-0.000687328
-0.00078228
-0.000833499
-0.00083725
-0.000794425
-0.000708501
-0.000583981
-0.000426197
-0.000241841
-3.92984e-05
0.000171435
0.000379176
0.000572484
0.000741151
0.000877672
0.000977824
0.00104023
0.00106547
0.001055
0.00101002
0.000930933
0.00081808
0.000673428
0.000501794
0.000311022
0.000111325
-8.61031e-05
-0.00027102
-0.000435839
-0.000576321
-0.000691213
-0.000781251
-0.000847737
-0.000891052
-0.000909787
-0.000901023
-0.000861426
-0.000788479
-0.000681543
-0.000542709
-0.00037701
-0.000191747
4.32201e-06
0.00020111
0.000387155
0.000550461
0.00068
0.000766745
0.000804159
0.000788939
0.000721958
0.000608406
0.000456819
0.000277792
8.28518e-05
-0.000116669
-0.000310685
-0.000490812
-0.000650093
-0.000782514
-0.000882904
-0.000947125
-0.000972144
-0.000955997
-0.000898154
-0.000800336
-0.00066711
-0.000505833
-0.000326054
-0.000138493
4.63446e-05
0.000219519
0.000374586
0.000508111
0.000619691
0.00071116
0.000785287
0.000844803
0.000891979
0.000928269
0.00095396
0.000968259
0.000969827
0.000957235
0.000929011
0.000883554
0.000819337
0.000735413
0.000631803
0.000509468
0.000370297
0.000217412
5.53426e-05
-0.000110336
-0.000273594
-0.000428213
-0.000567771
-0.000685676
-0.000775529
-0.000831776
-0.000850332
-0.000828889
-0.000767041
-0.000666539
-0.00053149
-0.00036814
-0.000184362
1.07672e-05
0.000207196
0.000394106
0.000560348
0.000695253
0.000789562
0.000836098
0.000830199
0.000770179
0.000657603
0.000497037
0.000295472
6.19441e-05
-0.000192572
-0.000455275
-0.000712003
-0.000948176
-0.00114997
-0.00130529
-0.0014045
-0.00144136
-0.00141363
-0.001323
-0.00117455
-0.000976239
-0.000738636
-0.000474718
-0.000199336
7.17294e-05
0.000322928
0.000540022
0.000711204
0.00082839
0.000888118
0.000891282
0.00084197
0.000746316
0.000611607
0.000445331
0.0002544
4.51438e-05
-0.000175957
-0.000401546
-0.000623174
-0.000831407
-0.00101615
-0.00116742
-0.00127661
-0.0013375
-0.00134673
-0.00130379
-0.00121094
-0.00107304
-0.000896998
-0.000691037
-0.000464242
-0.000226342
1.26385e-05
0.000243015
0.000456208
0.00064556
0.000807171
0.00094036
0.00104707
0.00113019
0.00119194
0.00123322
0.00125342
0.00125017
0.00121965
0.00115837
0.00106542
0.000943032
0.000795641
0.000628564
0.000447185
0.000256463
6.08491e-05
-0.000135339
-0.00032722
-0.000508549
-0.000671255
-0.000806004
-0.000903681
-0.000957013
-0.000961766
-0.000917417
-0.000827095
-0.000696759
-0.000534039
-0.00034724
-0.00014477
6.50448e-05
0.000273969
0.000473837
0.000656439
0.000813452
0.00093674
0.00101905
0.00105478
0.00104065
0.000976219
0.000864161
0.000710322
0.000523612
0.000315518
9.89144e-05
-0.000113441
-0.000309945
-0.000480794
-0.000618776
-0.000719941
-0.000783461
-0.000810751
-0.000804652
-0.000768941
-0.00070774
-0.000624698
-0.000522513
-0.00040319
-0.000268675
-0.000121322
3.56873e-05
0.000197559
0.000357099
0.00050482
0.000630085
0.00072242
0.000772603
0.000774009
0.000724276
0.000626227
0.000487356
0.000318594
0.000133117
-5.52108e-05
-0.000233938
-0.000393538
-0.000527439
-0.000631344
-0.000702912
-0.000741425
-0.000746901
-0.00071942
-0.000659478
-0.000568833
-0.000450882
-0.000310576
-0.000154286
1.05067e-05
0.00017593
0.000334557
0.000479894
0.000606479
0.000709884
0.000786736
0.000834702
0.000852458
0.000839822
0.000798025
0.000729877
0.000639671
0.000532864
0.000415658
0.000294536
0.000175834
6.5452e-05
-3.13386e-05
-0.000110107
-0.000167624
-0.000202282
-0.000214358
-0.000205911
-0.00018043
-0.000142455
-9.71797e-05
-4.98387e-05
-4.96493e-06
3.41299e-05
6.55147e-05
8.86113e-05
0.000104114
0.000113759
0.000119691
0.000123373
0.000124558
0.000120955
0.000108468
8.16363e-05
3.46857e-05
3.46857e-05
-3.64566e-05
-0.000132219
-0.000248835
-0.000378909
-0.000512181
-0.000636724
-0.00074097
-0.000815572
-0.000853856
-0.000851336
-0.000805465
-0.000715834
-0.000584421
-0.000415929
-0.00021834
-3.29993e-06
0.00021428
0.000417939
0.000592465
0.000726396
0.000813043
0.000850372
0.000840388
0.000787655
0.000696956
0.000571633
0.000413809
0.000225897
1.23891e-05
-0.000218433
-0.000453543
-0.000676039
-0.000867734
-0.00101223
-0.00109755
-0.00111803
-0.00107485
-0.000974826
-0.000827845
-0.000644511
-0.000434694
-0.000206898
3.16204e-05
0.000273906
0.000512086
0.000736899
0.000938266
0.00110623
0.00123171
0.00130709
0.00132684
0.00128763
0.00118813
0.00102905
0.000813986
0.000550329
0.000249466
-7.36403e-05
-0.000401164
-0.000713922
-0.000993976
-0.00122711
-0.00140386
-0.00151924
-0.00157218
-0.00156436
-0.00149861
-0.0013777
-0.0012044
-0.000982433
-0.000717231
-0.000416584
-9.10857e-05
0.000246044
0.000580073
0.000896095
0.00117978
0.00141772
0.0015981
0.00171153
0.00175141
0.00171392
0.00159854
0.00140882
0.00115276
0.000842239
0.00049193
0.000118215
-0.000261883
-0.000631651
-0.000975266
-0.00127792
-0.00152579
-0.00170618
-0.00180812
-0.00182322
-0.00174685
-0.0015792
-0.00132578
-0.000997163
-0.000608596
-0.000179484
0.000267684
0.000708901
0.00112015
0.00147862
0.00176393
0.00195983
0.00205574
0.00204747
0.00193696
0.00173145
0.00144276
0.00108611
0.000678631
0.000238413
-0.000215789
-0.00066469
-0.00108899
-0.00147011
-0.00179101
-0.00203729
-0.00219845
-0.00226877
-0.00224761
-0.00213906
-0.00195104
-0.00169426
-0.00138131
-0.00102618
-0.000643928
-0.000250518
0.000137331
0.00050271
0.000829545
0.00110386
0.00131495
0.00145615
0.001525
0.00152289
0.00145412
0.00132499
0.00114282
0.000915434
0.000651294
0.000360117
5.31763e-05
-0.000256919
-0.000556647
-0.000832036
-0.00106934
-0.00125597
-0.0013814
-0.00143761
-0.00141931
-0.00132415
-0.00115319
-0.000911341
-0.000607384
-0.000253866
0.000133054
0.000534344
0.000929762
0.00129974
0.00162658
0.00189515
0.00209345
0.00221311
0.00224934
0.00220058
0.00206814
0.00185613
0.00157157
0.00122429
0.000826898
0.000394359
-5.65606e-05
-0.000508038
-0.000941837
-0.00133993
-0.00168543
-0.00196365
-0.00216291
-0.00227487
-0.00229489
-0.00222256
-0.00206189
-0.001821
-0.00151131
-0.00114659
-0.000742082
-0.000313782
0.00012228
0.000550515
0.000956096
0.00132519
0.00164513
0.00190453
0.00209363
0.00220484
0.00223318
0.00217644
0.00203535
0.00181388
0.00151977
0.00116456
0.000762998
0.000332056
-0.000109812
-0.00054358
-0.000951067
-0.00131627
-0.0016258
-0.00186853
-0.00203503
-0.0021174
-0.00210959
-0.00200834
-0.00181414
-0.00153175
-0.00117078
-0.000745847
-0.000275949
0.000217193
0.000711055
0.00118368
0.0016144
0.00198416
0.00227613
0.00247623
0.00257368
0.00256145
0.0024372
0.00220414
0.00187135
0.00145324
0.000968357
0.000437924
-0.000115519
-0.000669302
-0.00120156
-0.00169197
-0.00212219
-0.00247628
-0.0027411
-0.00290661
-0.00296619
-0.00291698
-0.00276018
-0.00250107
-0.0021486
-0.00171499
-0.00121555
-0.000668415
-9.39575e-05
0.000486044
0.00104901
0.00157231
0.00203454
0.00241694
0.0027041
0.00288413
0.00294893
0.00289468
0.00272275
0.00244017
0.00205958
0.00159867
0.00107969
0.00052839
-2.80626e-05
-0.000563674
-0.00105564
-0.00148542
-0.00183921
-0.00210757
-0.00228427
-0.002365
-0.00234715
-0.00223021
-0.00201639
-0.0017115
-0.00132605
-0.000875974
-0.000381765
0.000133448
0.000645758
0.00113211
0.00157189
0.00194811
0.00224745
0.00245964
0.00257682
0.00259348
0.00250693
0.00231823
0.00203307
0.00166209
0.00122079
0.000728889
0.000209014
-0.000315113
-0.000820423
-0.00128575
-0.00169254
-0.00202522
-0.00227157
-0.00242303
-0.00247497
-0.00242711
-0.00228378
-0.00205394
-0.00175054
-0.00138941
-0.000988047
-0.000564522
-0.000136514
0.000279216
0.000666923
0.00101188
0.00130068
0.00152173
0.00152173
0.00166584
0.00172689
0.00170263
0.00159542
0.00141211
0.00116343
0.000863133
0.000527163
0.00017267
-0.000182962
-0.000522877
-0.000831295
-0.00109409
-0.00129953
-0.00143905
-0.00150781
-0.00150493
-0.00143356
-0.00130052
-0.00111558
-0.000890405
-0.000637694
-0.000370582
-0.000102222
0.000154708
0.000388526
0.000588943
0.00074747
0.000857902
0.000916749
0.000923316
0.00087936
0.000788442
0.000655344
0.000485751
0.000286113
6.35768e-05
-0.000173888
-0.000417242
-0.000656439
-0.000881019
-0.00108093
-0.00124714
-0.00137211
-0.00145013
-0.00147759
-0.0014527
-0.00137501
-0.00124485
-0.00106333
-0.000833011
-0.000559042
-0.000249657
8.39656e-05
0.000428147
0.000767434
0.00108597
0.0013691
0.00160438
0.00178182
0.00189393
0.00193577
0.00190503
0.00180221
0.0016309
0.00139822
0.00111511
0.00079607
0.000457952
0.000118179
-0.000206814
-0.000502929
-0.000759652
-0.000970742
-0.00113374
-0.00124862
-0.00131665
-0.00133983
-0.00132045
-0.0012606
-0.00116207
-0.00102694
-0.000858234
-0.000660139
-0.000437983
-0.000198329
5.08912e-05
0.00030069
0.000541819
0.000765446
0.000963419
0.00112854
0.00125503
0.00133873
0.00137672
0.00136708
0.0013089
0.00120274
0.00105108
0.000858778
0.000633154
0.000383657
0.000121422
-0.000141372
-0.00039247
-0.000620483
-0.00081544
-0.000968996
-0.00107456
-0.00112744
-0.00112511
-0.0010675
-0.000957144
-0.000799246
-0.000601659
-0.000374592
-0.000129927
0.00011971
0.000361802
0.000584625
0.000777796
0.000932692
0.00104271
0.00110338
0.00111248
0.00107013
0.000978943
0.000844061
0.000672818
0.000474218
0.000258261
3.5185e-05
-0.00018532
-0.000394728
-0.00058592
-0.000753133
-0.000891889
-0.000998971
-0.00107238
-0.00111128
-0.00111609
-0.00108865
-0.00103213
-0.000950403
-0.0008469
-0.000723641
-0.000581291
-0.000420188
-0.000241428
-4.75491e-05
0.000156817
0.000364408
0.000565786
0.000750951
0.000911127
0.00103983
0.00113313
0.00118931
0.00120797
0.00118908
0.00113265
0.00103898
0.000909583
0.000748248
0.000561653
0.000359227
0.000152227
-4.76527e-05
-0.000229797
-0.000385948
-0.000510881
-0.00060228
-0.000660015
-0.000685368
-0.000680618
-0.000648922
-0.000594286
-0.000521581
-0.000436545
-0.0003454
-0.000253942
-0.000166611
-8.62558e-05
-1.45018e-05
4.78154e-05
0.000100249
0.000142117
0.00017193
0.000187493
0.00018669
0.000168316
0.000132515
8.08377e-05
1.6029e-05
-5.84217e-05
-0.000138871
-0.000221976
-0.000304749
-0.000384218
-0.000457044
-0.000519412
-0.000567184
-0.000596155
-0.00060242
-0.00058287
-0.000535732
-0.000460947
-0.000360291
-0.000237272
-9.70158e-05
5.37308e-05
0.000206819
0.000353493
0.000485455
0.000595571
0.000678258
0.000729946
0.000749417
0.000737534
0.000696508
0.00062932
0.000539475
0.000430897
0.000307902
0.000175305
3.84826e-05
-9.68639e-05
-0.00022525
-0.000342002
-0.000443643
-0.000528004
-0.000594163
-0.000642277
-0.000673249
-0.000688208
-0.000687986
-0.000672858
-0.000642638
-0.000596983
-0.000535697
-0.000458979
-0.000367699
-0.000263762
-0.000150225
-3.09649e-05
8.9779e-05
0.000207637
0.000318244
0.000417491
0.000501729
0.00056776
0.000612806
0.000634644
0.00063185
0.000604012
0.00055179
0.000476798
0.000381397
0.000268509
0.000141476
4.02204e-06
-0.000139584
-0.000284197
-0.000423344
-0.000548833
-0.000650963
-0.000719811
-0.000747095
-0.000727621
-0.000660203
-0.000548528
-0.00040144
-0.000231653
-5.32822e-05
0.000120218
0.00027715
0.000408389
0.000508117
0.000573883
0.000605839
0.000605859
0.000577166
0.000524282
0.000452741
0.000368504
0.000277572
0.000185965
9.95369e-05
2.34532e-05
-3.81493e-05
-8.21518e-05
-0.000106642
-0.000111528
-9.90431e-05
-7.37478e-05
-4.20312e-05
-1.11966e-05
1.1635e-05
2.03888e-05
1.07523e-05
-1.88957e-05
-6.67426e-05
-0.000127842
-0.000195376
-0.000261872
-0.00031988
-0.000362466
-0.000383926
-0.000380517
-0.00035076
-0.000295335
-0.000217068
-0.000121159
-1.49953e-05
9.2869e-05
0.000193897
0.000280206
0.000344946
0.000382962
0.000391284
0.000368828
0.000315642
0.000315642
0.000232458
0.000120708
-1.72278e-05
-0.000177561
-0.000354389
-0.000539088
-0.000720277
-0.000884493
-0.00101736
-0.00110521
-0.00113701
-0.00110602
-0.00101003
-0.000850856
-0.000633781
-0.000366966
-6.04631e-05
0.000274644
0.000626096
0.000979506
0.00131754
0.0016201
0.00186593
0.0020352
0.00211168
0.0020843
0.00194846
0.00170683
0.0013687
0.00094809
0.000461731
-7.18288e-05
-0.000631927
-0.00119496
-0.00173423
-0.002221
-0.00262645
-0.00292396
-0.00309186
-0.00311623
-0.00299293
-0.00272758
-0.00233378
-0.00183096
-0.00124281
-0.000596371
7.88868e-05
0.000751899
0.00139069
0.00196338
0.00244018
0.00279638
0.00301518
0.00308938
0.00302143
0.00282231
0.0025096
0.00210514
0.00163245
0.00111525
0.000576972
4.07864e-05
-0.000470813
-0.000936507
-0.00133647
-0.00165303
-0.00187215
-0.00198474
-0.00198719
-0.00188105
-0.00167276
-0.00137341
-0.000998201
-0.000565736
-9.75109e-05
0.000382486
0.000848712
0.00127558
0.00163908
0.00191837
0.00209738
0.00216632
0.00212239
0.00196945
0.00171699
0.00137913
0.000973591
0.000520506
4.10379e-05
-0.000443597
-0.00091268
-0.00134664
-0.00172806
-0.00204269
-0.00227981
-0.00243236
-0.00249694
-0.00247387
-0.00236685
-0.00218252
-0.0019303
-0.0016222
-0.00127223
-0.000895286
-0.000506001
-0.00011798
0.000256613
0.000607179
0.000924734
0.00120176
0.00143162
0.00160798
0.00172495
0.00177794
0.00176442
0.00168421
0.00153965
0.00133583
0.00108078
0.00078533
0.000462484
0.000126929
-0.000204925
-0.000515168
-0.000785658
-0.000999898
-0.00114457
-0.00121077
-0.00119555
-0.00110296
-0.000943528
-0.000732167
-0.000485927
-0.000222286
4.24237e-05
0.0002945
0.000523468
0.000721375
0.000881658
0.00099854
0.00106693
0.00108242
0.00104165
0.00094326
0.000789075
0.000584524
0.000338378
6.22023e-05
-0.000230464
-0.000525457
-0.000809495
-0.00107115
-0.00130108
-0.00149159
-0.0016357
-0.00172623
-0.00175559
-0.00171641
-0.0016026
-0.00141085
-0.00114262
-0.000805496
-0.000412954
1.70284e-05
0.000463509
0.000904171
0.0013173
0.00168345
0.0019859
0.00221061
0.00234643
0.00238617
0.00232761
0.00217431
0.00193571
0.00162676
0.00126695
0.000878369
0.00048331
0.000102183
-0.000247323
-0.000550402
-0.000795148
-0.00097233
-0.00107498
-0.00109846
-0.00104129
-0.000906153
-0.000700537
-0.000436652
-0.000130957
0.000196727
0.000524389
0.000829171
0.00108874
0.00128267
0.00139396
0.00141011
0.00132385
0.00113385
0.000846375
0.000476735
4.87086e-05
-0.000408098
-0.000861262
-0.00127801
-0.00162791
-0.00188607
-0.00203555
-0.00206777
-0.00198135
-0.00178099
-0.00147741
-0.00108718
-0.000631908
-0.000136996
0.000369312
0.000857095
0.00129703
0.00166323
0.00193531
0.00209943
0.00214859
0.00208285
0.00190928
0.00164139
0.00129768
0.000899995
0.000472515
4.09178e-05
-0.000369002
-0.000733124
-0.00103042
-0.00124392
-0.0013615
-0.0013767
-0.00128923
-0.00110507
-0.000835913
-0.000498164
-0.000111692
0.000301412
0.000718335
0.00111712
0.00147784
0.00178325
0.00201914
0.00217462
0.00224238
0.0022186
0.00210266
0.00189689
0.00160665
0.00124043
0.000809618
0.000328241
-0.000187188
-0.000718188
-0.00124525
-0.00174871
-0.00220903
-0.00260709
-0.00292508
-0.00314794
-0.00326445
-0.00326769
-0.00315565
-0.0029319
-0.00260584
-0.00219209
-0.0017091
-0.00117785
-0.000620963
-6.19419e-05
0.000475608
0.000968921
0.00139702
0.00174173
0.00198881
0.0021291
0.00215925
0.00208183
0.00190476
0.00164036
0.00130409
0.000913421
0.000486922
4.38449e-05
-0.000396123
-0.000813248
-0.00118833
-0.00150354
-0.00174351
-0.00189664
-0.00195623
-0.00192107
-0.00179547
-0.00158872
-0.00131398
-0.000986941
-0.000624631
-0.000244535
0.000136143
0.000501128
0.000835446
0.00112562
0.00136007
0.00152985
0.00162933
0.00165653
0.00161321
0.00150466
0.00133925
0.00112786
0.000882991
0.000618093
0.0003469
8.29553e-05
-0.000160955
-0.000373475
-0.000545427
-0.000670448
-0.000670448
-0.000745281
-0.000769751
-0.000746602
-0.000681179
-0.000580769
-0.000453681
-0.000308439
-0.000153344
3.70882e-06
0.000155379
0.000295105
0.000417203
0.000516751
0.000589497
0.000632081
0.000642314
0.000619225
0.000563093
0.000475788
0.000361215
0.000225483
7.67447e-05
-7.51544e-05
-0.000219415
-0.000345577
-0.000444876
-0.000511019
-0.000540465
-0.000532647
-0.000489895
-0.000416607
-0.000318114
-0.000200156
-6.90288e-05
6.82087e-05
0.000203822
0.000329728
0.000437976
0.000521349
0.000574049
0.000592417
0.000575446
0.000524834
0.000444558
0.000340254
0.000218573
8.66114e-05
-4.85285e-05
-0.000180124
-0.000302165
-0.00040958
-0.000498412
-0.000565993
-0.000610959
-0.000632971
-0.000632429
-0.000610421
-0.000568722
-0.000509618
-0.000435754
-0.000350191
-0.000256466
-0.000158445
-6.00341e-05
3.50243e-05
0.000123197
0.000201076
0.000265279
0.000312476
0.000339513
0.000343641
0.00032294
0.000276946
0.00020708
0.000116578
1.00758e-05
-0.000106916
-0.000228606
-0.000349513
-0.000464706
-0.000569596
-0.000659609
-0.000730034
-0.000776096
-0.000793329
-0.000778231
-0.000728963
-0.000645881
-0.000531827
-0.000392071
-0.00023383
-6.55535e-05
0.000103742
0.000265018
0.000409717
0.000530311
0.000620821
0.000677129
0.000696994
0.000680031
0.000627754
0.000543408
0.00043143
0.000296891
0.000145233
-1.78473e-05
-0.000186546
-0.000355022
-0.000517331
-0.000667427
-0.000799346
-0.000907444
-0.000986568
-0.00103234
-0.00104168
-0.00101333
-0.000947988
-0.00084805
-0.000717525
-0.000561904
-0.000387808
-0.000202369
-1.2656e-05
0.000174689
0.00035367
0.000519035
0.000666227
0.000791268
0.000890734
0.000961826
0.00100238
0.00101088
0.000986663
0.000930226
0.000843353
0.000728884
0.000590449
0.000432363
0.000259657
7.80739e-05
-0.000106086
-0.000286164
-0.000455283
-0.000606595
-0.000733795
-0.000831683
-0.00089639
-0.000925343
-0.000917206
-0.0008719
-0.000790663
-0.000676123
-0.000532313
-0.000364647
-0.000179904
1.39317e-05
0.000208223
0.000394494
0.000565131
0.000713833
0.000835847
0.000927984
0.000988388
0.00101624
0.00101149
0.000974753
0.000907087
0.000810045
0.000685932
0.000538161
0.000371279
0.000190648
2.18161e-06
-0.000187767
-0.000372577
-0.000545641
-0.000700524
-0.000830869
-0.000930264
-0.000992484
-0.00101228
-0.000986268
-0.000913472
-0.000795438
-0.000636414
-0.000443277
-0.000224877
8.9499e-06
0.000248058
0.000482159
0.000700793
0.00089347
0.00105019
0.00116224
0.00122294
0.00122827
0.00117753
0.00107362
0.000922758
0.000733577
0.000516105
0.000280989
3.88921e-05
-0.000199878
-0.000425489
-0.000628627
-0.000800688
-0.000934234
-0.00102362
-0.00106555
-0.00105945
-0.00100742
-0.000913964
-0.000785309
-0.000628602
-0.000451133
-0.000259987
-6.20952e-05
0.000135572
0.000325836
0.000501136
0.000653439
0.000774564
0.000857023
0.000894984
0.000884928
0.00082596
0.000719976
0.000571641
0.000388032
0.000178085
-4.78082e-05
-0.000278051
-0.000500291
-0.00070229
-0.000872838
-0.00100233
-0.00108323
-0.00111056
-0.00108239
-0.000999652
-0.000865641
-0.00068561
-0.000466566
-0.00021716
5.24206e-05
0.000330631
0.000604941
0.000862439
0.00109059
0.00127806
0.00141557
0.00149647
0.00151708
0.00147659
0.00137677
0.00122186
0.00101846
0.000775395
0.000503411
0.000214688
-7.77029e-05
-0.00036051
-0.00062119
-0.000848784
-0.00103453
-0.00117209
-0.00125747
-0.00128877
-0.00126597
-0.00119073
-0.00106651
-0.00089877
-0.000694932
-0.000464269
-0.000217621
3.30809e-05
0.000275542
0.000497924
0.000689536
0.000841305
0.000946099
0.00099902
0.000997588
0.000941767
0.000833936
0.000678934
0.000484045
0.000258761
1.43097e-05
-0.000236941
-0.000482132
-0.000708578
-0.000904365
-0.00105891
-0.0011635
-0.00121167
-0.00119972
-0.00112708
-0.000996516
-0.000814052
-0.000588505
-0.000330942
-5.4109e-05
0.000228257
0.000502273
0.000754782
0.000974006
0.0011499
0.00127449
0.00134236
0.00135123
0.00130213
0.0011992
0.00104926
0.000861337
0.000645958
0.000414271
0.00017713
-5.55562e-05
-0.000275096
-0.000474082
-0.000474082
-0.000646396
-0.000787094
-0.000892202
-0.000958661
-0.000984513
-0.000969069
-0.000912876
-0.000817754
-0.000687111
-0.000526152
-0.00034162
-0.00014131
6.61822e-05
0.000271567
0.000465229
0.000637862
0.000781062
0.000887736
0.000952465
0.000971891
0.000945013
0.000873252
0.000760252
0.000611606
0.000434569
0.000237672
3.019e-05
-0.000178352
-0.000378542
-0.000561445
-0.000719063
-0.000844803
-0.00093382
-0.000983205
-0.000992038
-0.000961301
-0.000893592
-0.000792672
-0.000663024
-0.000509625
-0.000337931
-0.000153901
3.59804e-05
0.00022464
0.000404496
0.000567872
0.000707678
0.000818038
0.000894679
0.000935118
0.000938688
0.00090633
0.000840239
0.000743568
0.000620325
0.000475418
0.000314755
0.000145243
-2.54035e-05
-0.000189037
-0.000337573
-0.000463586
-0.000560968
-0.000625435
-0.000654734
-0.000648581
-0.000608524
-0.000537726
-0.00044063
-0.000322611
-0.000189742
-4.86713e-05
9.3551e-05
0.000229725
0.000352826
0.000456418
0.000535105
0.000584926
0.000603585
0.000590479
0.000546496
0.000473649
0.000374719
0.000253013
0.000112246
-4.33986e-05
-0.000209042
-0.000378922
-0.000546482
-0.000704638
-0.000846023
-0.000963333
-0.00104997
-0.00110079
-0.00111248
-0.00108354
-0.0010142
-0.000906398
-0.000763714
-0.000591124
-0.000394747
-0.000181699
3.99464e-05
0.000261239
0.000472679
0.000664791
0.000828774
0.000957109
0.00104411
0.00108638
0.00108313
0.00103613
0.000949442
0.000828972
0.000682071
0.000517045
0.000342551
0.000166993
-1.89273e-06
-0.00015736
-0.000293964
-0.000407715
-0.000495947
-0.000557097
-0.000590702
-0.000597466
-0.000579171
-0.00053852
-0.000479088
-0.000405251
-0.000321932
-0.000234207
-0.00014695
-6.46013e-05
8.94917e-06
7.04436e-05
0.000117402
0.000148275
0.000162501
0.000160487
0.000143529
0.000113685
7.36123e-05
2.63476e-05
-2.50421e-05
-7.78245e-05
-0.00012975
-0.000178944
-0.000223736
-0.000262551
-0.000293803
-0.00031579
-0.000326733
-0.000325023
-0.000309539
-0.000279904
-0.000236637
-0.000181269
-0.000116348
-4.52203e-05
2.83523e-05
0.000100519
0.000167566
0.000226164
0.000273658
0.000308274
0.000329148
0.000336315
0.000330703
0.000314033
0.00028853
0.000256625
0.000220826
0.000183644
0.000147453
0.000114311
8.5889e-05
6.34301e-05
4.76614e-05
3.86879e-05
3.59779e-05
3.84925e-05
4.49311e-05
5.39748e-05
6.44406e-05
7.54145e-05
8.64284e-05
9.75415e-05
0.000109171
0.000121797
0.00013579
0.000151386
0.00016862
0.000187171
0.00020621
0.000224377
0.000239852
0.000250471
0.000253869
0.00024773
0.000230181
0.000200106
0.000157211
0.000101955
3.55203e-05
-4.02808e-05
-0.000123223
-0.000210799
-0.000300059
-0.000387306
-0.000467934
-0.000536622
-0.00058795
-0.000617173
-0.000620788
-0.000596897
-0.000545582
-0.000469162
-0.000371988
-0.000259827
-0.000139201
-1.6934e-05
0.000100179
0.00020575
0.000294264
0.000361453
0.000404413
0.000421643
0.000413142
0.000380371
0.000325925
0.000253185
0.000166152
6.93417e-05
-3.24264e-05
-0.000134209
-0.000231014
-0.000317907
-0.00039025
-0.000444026
-0.000476123
-0.000484534
-0.000468491
-0.000428473
-0.000366074
-0.000283775
-0.000184727
-7.26003e-05
4.85235e-05
0.000174234
0.000299836
0.000420382
0.000530723
0.000625683
0.000700382
0.0007506
0.00077301
0.000765292
0.000726297
0.00065629
0.000557185
0.000432626
0.000287835
0.000129357
-3.52271e-05
-0.000197757
-0.000350249
-0.000485676
-0.000598407
-0.000684362
-0.000741115
-0.000767847
-0.000765039
-0.000734101
-0.000677164
-0.000596993
-0.000496851
-0.000380434
-0.000251947
-0.000116217
2.14182e-05
0.00015537
0.000279984
0.000389678
0.000479284
0.000544562
0.000582587
0.000591917
0.000572696
0.000526725
0.000457324
0.000368964
0.000266836
0.000156495
4.35381e-05
-6.6703e-05
-0.000169371
-0.000260123
-0.000335128
-0.000391154
-0.000425706
-0.000437142
-0.000424774
-0.000389002
-0.000331383
-0.000254572
-0.000162128
-5.82613e-05
5.24591e-05
0.000165412
0.000276182
0.000380684
0.00047516
0.000556091
0.000620121
0.000664104
0.000685285
0.000681499
0.000651343
0.000594426
0.00051173
0.000405856
0.000405856
0.000280964
0.000142509
-3.00503e-06
-0.000148385
-0.000286386
-0.000410416
-0.000514957
-0.000595758
-0.000650015
-0.000676444
-0.000675043
-0.00064669
-0.000592913
-0.00051587
-0.000418372
-0.000303897
-0.000176671
-4.1702e-05
9.54116e-05
0.000228881
0.000353117
0.000463067
0.000554523
0.000624318
0.000670254
0.000690849
0.000685112
0.000652546
0.000593413
0.000509095
0.000402302
0.000277124
0.000138987
-5.58604e-06
-0.000149568
-0.000286188
-0.000409503
-0.000514654
-0.000597886
-0.000656434
-0.000688355
-0.000692444
-0.000668307
-0.000616544
-0.000538975
-0.000438817
-0.000320702
-0.00019045
-5.45808e-05
8.02552e-05
0.000207771
0.000322376
0.000419368
0.000494999
0.000546451
0.00057181
0.000570142
0.000541623
0.000487687
0.000411075
0.00031577
0.000206767
8.97237e-05
-2.94718e-05
-0.000145102
-0.000251911
-0.000345256
-0.000421152
-0.000476294
-0.000508111
-0.000514889
-0.000495936
-0.000451741
-0.00038404
-0.000295801
-0.000191117
-7.49798e-05
4.70247e-05
0.00016904
0.000285224
0.000389971
0.000478131
0.00054527
0.000587926
0.000603788
0.000591813
0.000552326
0.00048704
0.000398923
0.000291939
0.000170797
4.07484e-05
-9.25546e-05
-0.000223167
-0.000344997
-0.000452064
-0.000538834
-0.000600565
-0.000633673
-0.000636123
-0.000607714
-0.000550119
-0.000466624
-0.000361752
-0.000240901
-0.000109988
2.48945e-05
0.000157721
0.000282658
0.000394162
0.000487172
0.000557361
0.000601401
0.000617205
0.000604117
0.000562961
0.000495963
0.000406565
0.000299196
0.000179023
5.17168e-05
-7.67627e-05
-0.00020039
-0.000313332
-0.000410262
-0.000486703
-0.000539301
-0.000566031
-0.000566312
-0.000540993
-0.000492155
-0.00042284
-0.000336815
-0.0002384
-0.00013227
-2.32633e-05
8.37967e-05
0.000184268
0.000273899
0.000349053
0.000406915
0.000445602
0.0004642
0.000462729
0.000442074
0.000403888
0.000350438
0.000284468
0.000209105
0.000127774
4.406e-05
-3.84877e-05
-0.000116572
-0.000187317
-0.000248359
-0.000297881
-0.000334634
-0.000357903
-0.000367387
-0.000363047
-0.000345107
-0.000314189
-0.00027146
-0.000218744
-0.000158607
-9.43851e-05
-3.00081e-05
3.03924e-05
8.29525e-05
0.000124495
0.000152913
0.000167463
0.000168766
0.000158464
0.000138773
0.00011213
8.09141e-05
4.71573e-05
1.24134e-05
-2.20945e-05
-5.51974e-05
-8.56308e-05
-0.000112052
-0.000133101
-0.000147471
-0.00015406
-0.000152164
-0.000141554
-0.000122396
-9.51725e-05
-6.06947e-05
-2.01535e-05
2.48521e-05
7.2271e-05
0.000119535
0.000163629
0.000201418
0.000230082
0.000247434
0.000252119
0.000243788
0.000223165
0.000191831
0.000151831
0.000105361
5.46556e-05
1.92588e-06
-5.06922e-05
-0.000101149
-0.000147468
-0.000187813
-0.000220658
-0.000244991
-0.000260389
-0.000266929
-0.00026502
-0.000255247
-0.000238243
-0.000214584
-0.00018479
-0.000149529
-0.000109851
-6.72694e-05
-2.36915e-05
1.86835e-05
5.75253e-05
9.06245e-05
0.000116136
0.000132686
0.000139361
0.000135661
0.000121511
9.73257e-05
6.40944e-05
2.34125e-05
-2.25325e-05
-7.1041e-05
-0.000119115
-0.000163815
-0.00020261
-0.000233566
-0.000255418
-0.000267568
-0.000269998
-0.000263071
-0.000247332
-0.000223465
-0.00019234
-0.00015502
-0.000112714
-6.67546e-05
-1.85692e-05
3.03884e-05
7.876e-05
0.00012535
0.00016908
0.000208905
0.000243796
0.000272798
0.000295096
0.000310069
0.000317353
0.00031687
0.000308793
0.000293453
0.000271265
0.000242695
0.00020831
0.000168884
0.000125507
7.95948e-05
3.28095e-05
-1.30758e-05
-5.63761e-05
-9.57406e-05
-0.000130308
-0.000159679
-0.000183749
-0.000202502
-0.000215812
-0.000223368
-0.000224769
-0.000219731
-0.000208293
-0.000190999
-0.000169034
-0.000144221
-0.000118801
-9.50846e-05
-7.51421e-05
-6.06022e-05
-5.24848e-05
-5.10618e-05
-5.58458e-05
-6.57401e-05
-7.92251e-05
-9.44996e-05
-0.000109658
-0.00012295
-0.000132969
-0.000138648
-0.000139203
-0.000134146
-0.000123287
-0.000106631
-8.42689e-05
-5.64265e-05
-2.35707e-05
1.35301e-05
5.38076e-05
9.59327e-05
0.000138407
0.000179702
0.000218397
0.00025328
0.000283415
0.000308162
0.00032715
0.000340195
0.000347183
0.000348
0.000342524
0.000342524
0.000330686
0.000312549
0.000288341
0.000258455
0.000223478
0.000184245
0.000141841
9.75242e-05
5.25657e-05
8.09142e-06
-3.50093e-05
-7.61149e-05
-0.000114864
-0.000151097
-0.000184742
-0.000215667
-0.000243536
-0.000267711
-0.000287316
-0.000301438
-0.000309297
-0.000310333
-0.000304279
-0.000291255
-0.000271802
-0.000246787
-0.000217218
-0.000184096
-0.000148385
-0.000111038
-7.30004e-05
-3.52038e-05
1.43725e-06
3.60614e-05
6.79212e-05
9.64228e-05
0.000121147
0.000141872
0.000158566
0.000171329
0.000180259
0.000185343
0.000186455
0.000183459
0.000176324
0.000165187
0.00015041
0.000132641
0.000112827
9.2144e-05
7.18711e-05
5.32789e-05
3.75272e-05
2.55389e-05
1.78577e-05
1.45844e-05
1.54263e-05
1.97695e-05
2.67128e-05
3.51418e-05
4.38879e-05
5.18679e-05
5.81123e-05
6.17467e-05
6.20121e-05
5.83014e-05
5.01683e-05
3.73318e-05
1.97053e-05
-2.56436e-06
-2.90781e-05
-5.91733e-05
-9.18973e-05
-0.00012596
-0.000159701
-0.000191121
-0.000217974
-0.00023797
-0.000249082
-0.000249851
-0.000239559
-0.0002183
-0.000187054
-0.000147668
-0.000102577
-5.43966e-05
-5.66855e-06
4.12309e-05
8.4163e-05
0.000121325
0.000151295
0.000173009
0.000185756
0.000189227
0.000183577
0.000169425
0.000147778
0.000119942
8.74384e-05
5.18937e-05
1.4926e-05
-2.19094e-05
-5.7098e-05
-8.91493e-05
-0.000116644
-0.000138314
-0.000153105
-0.000160226
-0.000159201
-0.000149875
-0.000132393
-0.000107144
-7.47372e-05
-3.6015e-05
7.86919e-06
5.53489e-05
0.000104379
0.000152439
0.000196626
0.00023389
0.000261438
0.000277122
0.000279622
0.000268468
0.000244033
0.000207457
0.000160441
0.000105002
4.33826e-05
-2.19193e-05
-8.81193e-05
-0.000152212
-0.000211134
-0.000261986
-0.000302271
-0.000330108
-0.00034439
-0.000344824
-0.000331821
-0.000306287
-0.00026945
-0.000222745
-0.000167777
-0.000106359
-4.06084e-05
2.70187e-05
9.38031e-05
0.000156921
0.000213603
0.000261291
0.000297836
0.00032168
0.000331933
0.000328326
0.000311179
0.000281408
0.000240547
0.000190709
0.00013449
7.48462e-05
1.49312e-05
-4.21073e-05
-9.33642e-05
-0.000136366
-0.000169173
-0.000190426
-0.000199397
-0.000195985
-0.000180675
-0.000154464
-0.000118836
-7.57211e-05
-2.74111e-05
2.3594e-05
7.47614e-05
0.00012369
0.000168246
0.000206674
0.000237652
0.000260291
0.000274078
0.00027883
0.000274672
0.000262033
0.000241598
0.000214259
0.000181111
0.000143452
0.000102754
6.05705e-05
1.84854e-05
-2.1895e-05
-5.89328e-05
-9.09898e-05
-0.000116505
-0.000134089
-0.000142614
-0.000141342
-0.000130053
-0.000109118
-7.94571e-05
-4.24458e-05
1.61811e-07
4.6307e-05
9.37318e-05
0.000140081
0.00018297
0.000220045
0.000249103
0.000268256
0.000276122
0.000271974
0.000255775
0.000228146
0.0001903
0.000143937
9.1079e-05
3.39162e-05
-2.52757e-05
-8.41826e-05
-0.000140507
-0.000192044
-0.000236787
-0.000273056
-0.000299631
-0.000315862
-0.000321721
-0.000317781
-0.000305112
-0.000285143
-0.000259539
-0.000230087
-0.000198595
-0.000166809
-0.000136384
-0.000108867
-8.56455e-05
-6.78605e-05
-5.63392e-05
-5.15636e-05
-5.36718e-05
-6.24684e-05
-7.74323e-05
-9.77381e-05
-0.000122302
-0.000149842
-0.000178928
-0.000208047
-0.000235675
-0.000260359
-0.000280803
-0.000295948
-0.000304995
-0.00030739
-0.000302774
-0.00029096
-0.000271935
-0.000245907
-0.000213389
-0.000175292
-0.000132964
-8.81683e-05
-4.30184e-05
1.7832e-07
3.91771e-05
7.20704e-05
9.74384e-05
0.000114383
0.000122539
0.000122061
0.000113534
9.78259e-05
7.60112e-05
4.93572e-05
1.93162e-05
-1.25136e-05
-4.44383e-05
-7.4721e-05
-0.000101652
-0.000123641
-0.000139313
-0.000147609
-0.000147886
-0.000139994
-0.00012429
-0.000101592
-7.31208e-05
-4.04233e-05
-5.24145e-06
3.06436e-05
6.55168e-05
9.77874e-05
0.000126045
0.00014911
0.000166047
0.000176174
0.000179085
0.000174693
0.000163262
0.000145407
0.000122095
9.46132e-05
6.45155e-05
3.35222e-05
3.41173e-06
-2.40862e-05
-4.74004e-05
-6.5212e-05
-7.65041e-05
-8.05796e-05
-7.70782e-05
-6.59912e-05
-4.76507e-05
-2.2696e-05
7.95307e-06
4.31065e-05
8.13097e-05
0.000120868
0.000159917
0.000196531
0.000228856
0.000255222
0.000255222
0.000274259
0.000284998
0.000286941
0.000280054
0.000264676
0.000241412
0.000211039
0.000174465
0.000132743
8.71095e-05
3.90146e-05
-9.88282e-06
-5.77298e-05
-0.00010251
-0.000142149
-0.0001747
-0.000198522
-0.000212394
-0.000215578
-0.00020787
-0.000189635
-0.000161771
-0.000125615
-8.28408e-05
-3.53758e-05
1.47024e-05
6.53e-05
0.000114415
0.000160197
0.000201012
0.000235496
0.000262599
0.000281561
0.000291902
0.00029341
0.000286122
0.000270309
0.000246486
0.000215488
0.000178543
0.000137259
9.35598e-05
4.9601e-05
7.65868e-06
-3.00728e-05
-6.1706e-05
-8.57933e-05
-0.000101363
-0.000107939
-0.000105555
-9.47296e-05
-7.6401e-05
-5.18733e-05
-2.27812e-05
8.97122e-06
4.13322e-05
7.2261e-05
9.98739e-05
0.000122554
0.00013905
0.000148552
0.0001507
0.000145503
0.000133248
0.000114463
8.99268e-05
6.06682e-05
2.79791e-05
-6.55907e-06
-4.10928e-05
-7.36003e-05
-0.000102045
-0.000124543
-0.000139538
-0.000145967
-0.000143335
-0.000131673
-0.000111442
-8.34617e-05
-4.88545e-05
-9.01041e-06
3.44036e-05
7.93855e-05
0.000123568
0.000164291
0.000198806
0.000224579
0.000239593
0.00024253
0.000232836
0.000210738
0.000177178
0.000133628
8.19042e-05
2.41137e-05
-3.72854e-05
-9.94166e-05
-0.000159033
-0.000212728
-0.000257258
-0.000289841
-0.000308406
-0.000311839
-0.000300135
-0.000274321
-0.000236173
-0.00018792
-0.000132035
-7.11115e-05
-7.77987e-06
5.53309e-05
0.000115615
0.000170542
0.000217784
0.000255408
0.000282028
0.000296897
0.000299926
0.000291651
0.000273134
0.000245812
0.000211366
0.000171657
0.000128699
8.46235e-05
4.16001e-05
1.7213e-06
-3.31301e-05
-6.13952e-05
-8.19226e-05
-9.402e-05
-9.746e-05
-9.24242e-05
-7.94146e-05
-5.91902e-05
-3.27556e-05
-1.39375e-06
3.32719e-05
6.9212e-05
0.000104001
0.000134971
0.000159493
0.000175255
0.000180516
0.000174333
0.000156744
0.000128728
9.19477e-05
4.84313e-05
3.23992e-07
-5.02998e-05
-0.000101599
-0.000152027
-0.000200245
-0.000244962
-0.000284838
-0.000318447
-0.0003443
-0.000360965
-0.000367304
-0.000362689
-0.000347102
-0.000321144
-0.000286032
-0.000243525
-0.000195744
-0.000144944
-9.33607e-05
-4.31444e-05
3.67954e-06
4.52551e-05
7.99393e-05
0.000106347
0.000123418
0.000130499
0.000127417
0.0001145
9.2572e-05
6.28928e-05
2.70786e-05
-1.29948e-05
-5.52647e-05
-9.7523e-05
-0.000137461
-0.000172755
-0.000201183
-0.000220781
-0.000230043
-0.00022815
-0.000215122
-0.000191813
-0.000159797
-0.000121184
-7.83871e-05
-3.38208e-05
1.03147e-05
5.20869e-05
8.98058e-05
0.000122032
0.000147603
0.000165632
0.000175531
0.000177101
0.000170615
0.000156837
0.000136932
0.000112342
8.46377e-05
5.53944e-05
2.6077e-05
-2.0458e-06
-2.79259e-05
-5.06995e-05
-6.96468e-05
-8.42006e-05
-9.39912e-05
-9.88765e-05
-9.89424e-05
-9.44946e-05
-8.60526e-05
-7.43279e-05
-6.01665e-05
-4.44593e-05
-2.80522e-05
-1.16859e-05
4.02709e-06
1.86018e-05
3.16713e-05
4.29732e-05
5.23228e-05
5.95768e-05
6.46211e-05
6.74015e-05
6.79598e-05
6.64447e-05
6.31107e-05
5.83199e-05
5.25206e-05
4.61934e-05
3.97972e-05
3.37439e-05
2.83897e-05
2.40317e-05
2.09131e-05
1.92349e-05
1.91601e-05
2.0804e-05
2.42225e-05
2.94188e-05
3.63708e-05
4.5066e-05
5.55274e-05
6.78066e-05
8.19069e-05
9.76219e-05
0.000114369
0.000131132
0.000146518
0.000158877
0.000166525
0.000168079
0.000162763
0.000150482
0.00013173
0.000107464
7.89255e-05
4.73823e-05
1.39274e-05
-2.05257e-05
-5.51285e-05
-8.90027e-05
-0.000121189
-0.000150613
-0.000176105
-0.0001965
-0.000210775
-0.000218151
-0.000218161
-0.000210701
-0.000196052
-0.000174814
-0.000147817
-0.000116085
-8.08439e-05
-4.34749e-05
-5.4237e-06
3.1889e-05
6.71382e-05
9.9163e-05
0.000127018
0.000149983
0.000167518
0.000179219
0.000184769
0.000183912
0.00017648
0.0001625
0.000142338
0.000116751
8.68558e-05
5.40607e-05
1.99843e-05
-1.3704e-05
-4.54718e-05
-7.40359e-05
-9.83829e-05
-0.00011775
-0.000131599
-0.000139588
-0.000141555
-0.000137522
-0.000127702
-0.000112499
-9.24919e-05
-6.8428e-05
-4.12195e-05
-1.19075e-05
1.83924e-05
4.85053e-05
7.71715e-05
0.000103059
0.000124854
0.000124854
0.000141388
0.000151733
0.000155303
0.000151954
0.000142041
0.000126371
0.000106081
8.2503e-05
5.70489e-05
3.11064e-05
5.94408e-06
-1.73273e-05
-3.77535e-05
-5.45607e-05
-6.72262e-05
-7.55352e-05
-7.95692e-05
-7.96591e-05
-7.63561e-05
-7.03956e-05
-6.26055e-05
-5.37915e-05
-4.46842e-05
-3.59579e-05
-2.8261e-05
-2.22207e-05
-1.84204e-05
-1.73451e-05
-1.92883e-05
-2.4252e-05
-3.18928e-05
-4.15374e-05
-5.226e-05
-6.30147e-05
-7.28155e-05
-8.08998e-05
-8.67957e-05
-9.02994e-05
-9.14253e-05
-9.03338e-05
-8.72207e-05
-8.22292e-05
-7.546e-05
-6.70386e-05
-5.71627e-05
-4.61193e-05
-3.42956e-05
-2.21668e-05
-1.02428e-05
1.00462e-06
1.11889e-05
2.0019e-05
2.72896e-05
3.28676e-05
3.66731e-05
3.86658e-05
3.88558e-05
3.73352e-05
3.42995e-05
3.00423e-05
2.49349e-05
1.93952e-05
1.38349e-05
8.5879e-06
3.84761e-06
-3.59595e-07
-4.15918e-06
-7.78555e-06
-1.15286e-05
-1.56703e-05
-2.04148e-05
-2.58489e-05
-3.1964e-05
-3.87026e-05
-4.59812e-05
-5.37032e-05
-6.17921e-05
-7.0209e-05
-7.89245e-05
-8.78738e-05
-9.69394e-05
-0.000105961
-0.000114754
-0.000123128
-0.000130902
-0.000137918
-0.000144037
-0.000149134
-0.000153103
-0.000155876
-0.000157428
-0.000157783
-0.000157029
-0.000155344
-0.000152979
-0.000150227
-0.000147366
-0.000144618
-0.000142088
-0.000139723
-0.000137311
-0.000134519
-0.000130954
-0.000126184
-0.000119742
-0.000111157
-9.9999e-05
-8.5949e-05
-6.88308e-05
-4.86552e-05
-2.56944e-05
-5.41725e-07
2.59261e-05
5.26813e-05
7.86761e-05
0.000102928
0.000124585
0.000142977
0.000157621
0.000168173
0.000174384
0.000176071
0.000173124
0.000165538
0.000153479
0.000137325
0.000117663
9.52337e-05
7.08481e-05
4.53339e-05
1.9498e-05
-5.90313e-06
-3.01868e-05
-5.27488e-05
-7.30485e-05
-9.05983e-05
-0.000104982
-0.000115887
-0.000123109
-0.000126508
-0.000125927
-0.000121151
-0.000111938
-9.81292e-05
-7.97437e-05
-5.70402e-05
-3.06063e-05
-1.43709e-06
2.9108e-05
5.94899e-05
8.81959e-05
0.000113879
0.000135441
0.00015209
0.000163347
0.000168996
0.000169017
0.00016355
0.000152912
0.000137629
0.00011845
9.63348e-05
7.24243e-05
4.79651e-05
2.4201e-05
2.27783e-06
-1.68129e-05
-3.22655e-05
-4.34799e-05
-5.00662e-05
-5.18409e-05
-4.88301e-05
-4.12797e-05
-2.96561e-05
-1.46335e-05
2.93468e-06
2.20701e-05
4.17445e-05
6.09542e-05
7.87756e-05
9.43949e-05
0.000107125
0.000116419
0.000121899
0.00012338
0.000120917
0.000114825
0.00010568
9.4286e-05
8.16006e-05
6.86301e-05
5.63192e-05
4.54762e-05
3.6737e-05
3.05498e-05
2.71896e-05
2.68027e-05
2.94425e-05
3.50513e-05
4.34078e-05
5.40855e-05
6.64527e-05
7.97166e-05
9.29991e-05
0.00010542
0.000116174
0.000124607
0.000130264
0.000132882
0.000132328
0.000128552
0.000121565
0.000111455
9.84161e-05
8.27876e-05
6.50712e-05
4.59129e-05
2.60564e-05
6.28056e-06
-1.26662e-05
-3.01242e-05
-4.55537e-05
-5.85299e-05
-6.87062e-05
-7.57706e-05
-7.94276e-05
-7.94342e-05
-7.56704e-05
-6.8194e-05
-5.72548e-05
-4.32844e-05
-2.6868e-05
-8.68643e-06
1.0556e-05
3.01865e-05
4.95815e-05
6.8149e-05
8.52957e-05
0.000100414
0.00011291
0.000122264
0.000128089
0.000130204
0.000128665
0.000123774
0.000116028
0.000106046
9.44906e-05
8.20082e-05
6.91886e-05
5.65517e-05
4.45643e-05
3.36626e-05
2.42473e-05
1.66368e-05
1.09891e-05
7.21849e-06
4.9487e-06
3.54709e-06
2.25268e-06
3.64145e-07
-2.57211e-06
-6.64656e-06
-1.15971e-05
-1.69255e-05
-2.205e-05
-2.64612e-05
-2.98764e-05
-3.23285e-05
-3.41113e-05
-3.56156e-05
-3.71785e-05
-3.90168e-05
-4.12179e-05
-4.37633e-05
-4.65944e-05
-4.97008e-05
-5.31663e-05
-5.71406e-05
-6.17738e-05
-6.716e-05
-7.32964e-05
-8.00586e-05
-8.72072e-05
-9.44132e-05
-0.000101275
-0.000107329
-0.000112073
-0.000114997
-0.000115607
-0.000113453
-0.00010821
-9.97605e-05
-8.82402e-05
-7.40018e-05
-5.75592e-05
-3.95436e-05
-2.06667e-05
-1.67216e-06
1.67041e-05
3.37449e-05
4.87503e-05
6.10547e-05
7.00747e-05
7.53777e-05
7.6747e-05
7.42194e-05
6.80904e-05
5.88919e-05
4.73331e-05
3.42127e-05
2.03409e-05
6.49727e-06
-6.58975e-06
-1.82592e-05
-2.79263e-05
-3.50873e-05
-3.93364e-05
-4.04036e-05
-3.82001e-05
-3.28561e-05
-2.47319e-05
-2.47319e-05
-1.44007e-05
-2.61255e-06
9.7517e-06
2.17399e-05
3.23981e-05
4.08446e-05
4.63418e-05
4.83473e-05
4.6535e-05
4.08129e-05
3.13552e-05
1.86071e-05
3.21815e-06
-1.40522e-05
-3.2395e-05
-5.09866e-05
-6.90393e-05
-8.58524e-05
-0.000100831
-0.000113476
-0.000123377
-0.000130214
-0.00013377
-0.000133928
-0.000130677
-0.000124111
-0.000114423
-0.000101867
-8.67033e-05
-6.91807e-05
-4.95633e-05
-2.81722e-05
-5.3984e-06
1.82977e-05
4.23571e-05
6.60797e-05
8.86181e-05
0.000109029
0.000126351
0.000139683
0.000148259
0.000151529
0.000149248
0.000141529
0.000128809
0.000111783
9.13457e-05
6.85289e-05
4.44049e-05
2.00107e-05
-3.67414e-06
-2.57303e-05
-4.53334e-05
-6.18107e-05
-7.46911e-05
-8.37384e-05
-8.89694e-05
-9.06516e-05
-8.92659e-05
-8.54207e-05
-7.97331e-05
-7.27202e-05
-6.47449e-05
-5.60143e-05
-4.66117e-05
-3.6571e-05
-2.59906e-05
-1.51175e-05
-4.33284e-06
5.9204e-06
1.51951e-05
2.30884e-05
2.93146e-05
3.37576e-05
3.64408e-05
3.74444e-05
3.68376e-05
3.46535e-05
3.09066e-05
2.56375e-05
1.89628e-05
1.11088e-05
2.42171e-06
-6.6548e-06
-1.56329e-05
-2.40431e-05
-3.14804e-05
-3.7625e-05
-4.22345e-05
-4.51195e-05
-4.61272e-05
-4.51468e-05
-4.21321e-05
-3.71346e-05
-3.03448e-05
-2.2123e-05
-1.2988e-05
-3.55899e-06
5.52027e-06
1.36466e-05
2.03076e-05
2.51186e-05
2.78376e-05
2.83478e-05
2.66228e-05
2.27087e-05
1.6739e-05
8.95546e-06
-2.86673e-07
-1.05297e-05
-2.12326e-05
-3.18076e-05
-4.1676e-05
-5.03264e-05
-5.73581e-05
-6.24946e-05
-6.55729e-05
-6.65231e-05
-6.53566e-05
-6.21706e-05
-5.71669e-05
-5.06766e-05
-4.31702e-05
-3.52432e-05
-2.75742e-05
-2.08578e-05
-1.57192e-05
-1.26388e-05
-1.19131e-05
-1.36434e-05
-1.77321e-05
-2.39005e-05
-3.17458e-05
-4.08088e-05
-5.06066e-05
-6.06323e-05
-7.03529e-05
-7.92149e-05
-8.66492e-05
-9.20808e-05
-9.4956e-05
-9.47854e-05
-9.11944e-05
-8.39742e-05
-7.31293e-05
-5.89004e-05
-4.17517e-05
-2.23435e-05
-1.51356e-06
1.9755e-05
4.04152e-05
5.94552e-05
7.59626e-05
8.91598e-05
9.84541e-05
0.000103494
0.00010419
0.000100703
9.34048e-05
8.28611e-05
6.97992e-05
5.5062e-05
3.95342e-05
2.40746e-05
9.47048e-06
-3.60201e-06
-1.46165e-05
-2.3206e-05
-2.91332e-05
-3.22562e-05
-3.25236e-05
-2.99816e-05
-2.47695e-05
-1.71145e-05
-7.33752e-06
4.14815e-06
1.68687e-05
3.03401e-05
4.411e-05
5.77782e-05
7.09914e-05
8.34253e-05
9.47744e-05
0.00010474
0.000113009
0.000119242
0.000123114
0.000124388
0.000122956
0.000118853
0.000112261
0.000103517
9.3077e-05
8.14717e-05
6.9257e-05
5.69831e-05
4.5175e-05
3.43145e-05
2.4826e-05
1.70727e-05
1.13512e-05
7.86986e-06
6.72712e-06
7.90652e-06
1.12837e-05
1.66317e-05
2.36298e-05
3.18847e-05
4.09552e-05
5.03622e-05
5.95845e-05
6.80662e-05
7.52429e-05
8.05709e-05
8.35626e-05
8.38448e-05
8.12302e-05
7.57611e-05
6.77088e-05
5.75438e-05
4.58877e-05
3.34438e-05
2.09086e-05
8.90006e-06
-2.06437e-06
-1.15585e-05
-1.92461e-05
-2.48891e-05
-2.83473e-05
-2.95787e-05
-2.86554e-05
-2.57799e-05
-2.1273e-05
-1.55249e-05
-8.93444e-06
-1.86576e-06
5.36651e-06
1.24996e-05
1.93149e-05
2.56088e-05
3.11523e-05
3.56787e-05
3.89105e-05
4.05957e-05
4.05323e-05
3.85905e-05
3.4739e-05
2.90553e-05
2.17048e-05
1.29132e-05
2.96057e-06
-7.80518e-06
-1.89677e-05
-3.0063e-05
-4.0608e-05
-5.01275e-05
-5.81895e-05
-6.44495e-05
-6.86904e-05
-7.0837e-05
-7.0949e-05
-6.92088e-05
-6.59125e-05
-6.14462e-05
-5.62482e-05
-5.07784e-05
-4.55029e-05
-4.0879e-05
-3.73263e-05
-3.5196e-05
-3.47515e-05
-3.61661e-05
-3.95261e-05
-4.48304e-05
-5.19942e-05
