-7.03229e-09
-7.34762e-08
-2.99467e-07
-6.7732e-07
-1.02707e-06
-1.25661e-06
-1.45681e-06
-1.66121e-06
-1.83127e-06
-1.99602e-06
-2.18404e-06
-2.37272e-06
-2.53684e-06
-2.63487e-06
-2.6087e-06
-2.4393e-06
-2.16699e-06
-1.86619e-06
-1.6071e-06
-1.42468e-06
-1.31926e-06
-1.27976e-06
-1.29788e-06
-1.36885e-06
-1.49501e-06
-1.69056e-06
-1.98072e-06
-2.39643e-06
-2.95865e-06
-3.66199e-06
-4.47462e-06
-5.34888e-06
-6.23551e-06
-7.09978e-06
-7.92724e-06
-8.71156e-06
-9.44334e-06
-1.01103e-05
-1.06921e-05
-1.11561e-05
-1.14684e-05
-1.16003e-05
-1.15259e-05
-1.12321e-05
-1.07267e-05
-1.00294e-05
-9.15695e-06
-8.11992e-06
-6.92184e-06
-5.55874e-06
-4.02884e-06
-2.34243e-06
-5.1596e-07
1.4324e-06
3.47718e-06
5.58948e-06
7.74646e-06
9.93197e-06
1.21377e-05
1.43653e-05
1.66189e-05
1.88965e-05
2.11929e-05
2.35005e-05
2.58087e-05
2.81113e-05
3.04025e-05
3.26688e-05
3.48887e-05
3.7033e-05
3.90615e-05
4.09222e-05
4.25555e-05
4.39024e-05
4.4911e-05
4.55373e-05
4.57413e-05
4.54781e-05
4.4697e-05
4.33496e-05
4.13904e-05
3.87806e-05
3.55028e-05
3.15633e-05
2.69884e-05
2.1826e-05
1.61391e-05
9.98432e-06
3.40559e-06
-3.56133e-06
-1.08869e-05
-1.85392e-05
-2.6471e-05
-3.46169e-05
-4.28991e-05
-5.12289e-05
-5.95099e-05
-6.76485e-05
-7.55669e-05
-8.32033e-05
-9.04954e-05
-9.73691e-05
-0.000103743
-0.000109538
-0.00011468
-0.000119103
-0.000122752
-0.000125575
-0.000127522
-0.000128533
-0.00012854
-0.000127482
-0.000125317
-0.000122038
-0.000117691
-0.000112365
-0.000106157
-9.91471e-05
-9.14014e-05
-8.29762e-05
-7.39156e-05
-6.42566e-05
-5.40281e-05
-4.32457e-05
-3.19085e-05
-1.99799e-05
-7.37147e-06
6.02789e-06
2.03058e-05
3.55237e-05
5.17284e-05
6.89295e-05
8.70785e-05
0.000106066
0.000125704
0.000145695
0.00016564
0.000185044
0.000203321
0.000219838
0.000233976
0.000245175
0.00025295
0.000256904
0.000256727
0.000252108
0.000242624
0.00022775
0.000206951
0.000179787
0.00014606
0.000106123
6.10628e-05
1.2485e-05
-3.78319e-05
-8.80748e-05
-0.0001365
-0.000181657
-0.000222484
-0.000258047
-0.000287255
-0.000308927
-0.000322
-0.000325664
-0.000319562
-0.000304002
-0.000280009
-0.000249123
-0.000213095
-0.000173605
-0.000132075
-8.95692e-05
-4.681e-05
-4.33694e-06
3.73482e-05
7.77281e-05
0.000116288
0.000152602
0.000186411
0.000217539
0.000245687
0.00027038
0.000291194
0.000307883
0.000320284
0.000328418
0.000332809
0.000334569
0.000335099
0.000335729
0.000337591
0.000341652
0.000348732
0.000359571
0.000375039
0.000396273
0.000424531
0.000460895
0.000505933
0.000559066
0.000617617
0.000676368
0.000728016
0.000763878
0.000774797
0.000753515
0.000697405
0.000608184
0.000489583
0.000346585
0.000185239
1.08819e-05
-0.000173047
-0.000363164
-0.000553648
-0.000736156
-0.000901027
-0.00103827
-0.00113916
-0.00119844
-0.00121569
-0.0011948
-0.00114237
-0.00106596
-0.000972438
-0.000867002
-0.000753172
-0.000633756
-0.000511982
-0.000392316
-0.000280627
-0.000183317
-0.000105825
-5.14332e-05
-2.06242e-05
-1.10909e-05
-1.85918e-05
-3.82293e-05
-6.54636e-05
-9.65909e-05
-0.000128612
-0.000158661
-0.000183355
-0.000198366
-0.000198553
-0.000178754
-0.000134825
-6.44595e-05
3.23716e-05
0.00015352
0.000295279
0.00045318
0.000622655
0.000799309
0.000978772
0.00115634
0.00132677
0.00148426
0.00162283
0.00173717
0.00182331
0.00187885
0.00190263
0.0018943
0.00185354
0.00177921
0.00166887
0.00151732
0.00131549
0.00105224
0.000719965
0.000321916
-0.000124692
-0.000594671
-0.00106237
-0.00150363
-0.00189744
-0.00223045
-0.00249748
-0.00269482
-0.00281391
-0.00284187
-0.00276523
-0.00257386
-0.0022661
-0.00185331
-0.00135943
-0.000815893
-0.000255338
0.000293322
0.000808098
0.00127487
0.00168552
0.00203426
0.00231458
0.00251805
0.00263398
0.00264935
0.00255074
0.00232837
0.00198149
0.00152514
0.000992103
0.000423218
-0.000144346
-0.00068021
-0.00116144
-0.00157589
-0.00192074
-0.002193
-0.00238123
-0.00246662
-0.00242971
-0.00225855
-0.00195669
-0.00154721
-0.00106954
-0.000570193
-9.1734e-05
0.000335192
0.000692899
0.000972063
0.000972063
0.00116642
0.00126875
0.00126848
0.001153
0.000913946
0.000555334
9.81892e-05
-0.000421135
-0.000957157
-0.00146333
-0.00189996
-0.00223925
-0.00246586
-0.00257383
-0.00256263
-0.00243399
-0.00219072
-0.00183804
-0.00138694
-0.000857786
-0.000281851
0.000301063
0.000848756
0.00132353
0.00169716
0.00195334
0.00208766
0.00210515
0.00201668
0.0018352
0.00157373
0.0012459
0.000867812
0.000458945
4.19438e-05
-0.000358226
-0.000716445
-0.00101116
-0.0012274
-0.00135761
-0.00140119
-0.00136304
-0.00125132
-0.00107536
-0.000844939
-0.000571382
-0.000269255
4.29711e-05
0.000344
0.000612053
0.000828434
0.000981227
0.00106625
0.00108478
0.00104113
0.000941453
0.000792452
0.000600262
0.000371427
0.000115509
-0.000153381
-0.000417667
-0.000658744
-0.000859557
-0.00100724
-0.00109501
-0.00112254
-0.00109559
-0.00102586
-0.00092849
-0.00081632
-0.000696365
-0.000571678
-0.000443557
-0.000312285
-0.000179705
-5.2043e-05
6.16717e-05
0.000154029
0.000221898
0.000267501
0.000299021
0.000328644
0.000366998
0.000416259
0.000465145
0.000489573
0.000463266
0.000372787
0.000221842
2.53168e-05
-0.00019424
-0.000410064
-0.000601237
-0.000760491
-0.000890204
-0.000992814
-0.00106568
-0.00110067
-0.00108647
-0.00101343
-0.000878805
-0.000690168
-0.000464392
-0.00022189
1.88829e-05
0.000242844
0.000439146
0.000603033
0.000734501
0.000834319
0.000902255
0.000938092
0.000943177
0.000921163
0.000877801
0.000819981
0.00075382
0.000682825
0.000607924
0.000528923
0.000445842
0.00036016
0.000275695
0.000197959
0.000132555
8.38397e-05
5.38799e-05
4.20147e-05
4.57524e-05
6.25526e-05
9.13044e-05
0.000132668
0.000188235
0.000259116
0.000344441
0.00044016
0.000538957
0.00063139
0.000707439
0.000757981
0.00077656
0.000760821
0.000711989
0.000633157
0.000528571
0.000403606
0.000263968
0.000114954
-3.74193e-05
-0.000184706
-0.000316241
-0.00042052
-0.00048632
-0.000504071
-0.00046749
-0.000374525
-0.000227232
-3.09681e-05
0.000206198
0.000473301
0.000756155
0.00103762
0.00129825
0.00151805
0.00168071
0.00177742
0.0018056
0.00176572
0.00166094
0.00149628
0.00127542
0.00100002
0.000673877
0.000306974
-8.41274e-05
-0.000477589
-0.000848604
-0.00117412
-0.00143771
-0.00163114
-0.00175282
-0.00180526
-0.00179234
-0.00171676
-0.00157897
-0.0013784
-0.00111668
-0.000800465
-0.000442409
-6.02234e-05
0.000325841
0.000696457
0.00103627
0.00133529
0.0015883
0.00179309
0.00194837
0.00205238
0.00210268
0.00209712
0.0020359
0.00192328
0.00176765
0.00157991
0.00137067
0.00114573
0.000903328
0.000638155
0.000348363
3.87388e-05
-0.000278178
-0.000581337
-0.000846138
-0.00105435
-0.00119898
-0.00128232
-0.00131416
-0.0013094
-0.00128122
-0.0012346
-0.00116769
-0.00107835
-0.000968388
-0.000844221
-0.000717231
-0.000603407
-0.000519032
-0.000474013
-0.000468539
-0.00049424
-0.000537243
-0.000582094
-0.000615765
-0.000630454
-0.000624103
-0.000598297
-0.000555187
-0.000495355
-0.000416814
-0.00031514
-0.00018528
-2.42444e-05
0.00016653
0.000379419
0.000600145
0.000809637
0.000987696
0.00111783
0.00119291
0.00121714
0.0012004
0.00115128
0.00107554
0.000975731
0.000849828
0.000693077
0.000504532
0.000292168
7.2244e-05
-0.000134393
-0.000306307
-0.000426103
-0.000484393
-0.000480914
-0.000424106
-0.000331929
-0.000230053
-0.000142852
-8.50163e-05
-6.16988e-05
-7.10082e-05
-0.000104706
-0.000153464
-0.000215598
-0.000298306
-0.000411039
-0.000560611
-0.000749306
-0.000972663
-0.0012187
-0.00147024
-0.0017092
-0.00192019
-0.00209065
-0.0022095
-0.00226777
-0.0022596
-0.0021813
-0.00203067
-0.00180847
-0.00151943
-0.00117142
-0.000774175
-0.000339292
0.000118682
0.000581766
0.00102886
0.00143601
0.00177722
0.00202697
0.00216354
0.00217208
0.00204783
0.0017983
0.00144125
0.000999817
0.00049912
-3.55636e-05
-0.000580563
-0.00111404
-0.0016139
-0.00205571
-0.00241306
-0.00265979
-0.0027734
-0.00273921
-0.00255453
-0.00223103
-0.00179419
-0.0012785
-0.000718739
-0.000718739
-0.000142289
0.00043095
0.000984305
0.00150235
0.00196949
0.0023669
0.00267233
0.00286573
0.0029361
0.00288464
0.00272452
0.00247843
0.00217315
0.00183319
0.00147684
0.00111596
0.000757735
0.000407373
7.14494e-05
-0.000239996
-0.000514638
-0.000741106
-0.000911879
-0.00102477
-0.00108327
-0.00109596
-0.00107416
-0.00102822
-0.000965119
-0.000888733
-0.000801313
-0.00070447
-0.000600161
-0.000491951
-0.000385045
-0.00028472
-0.000194744
-0.00011659
-4.92119e-05
1.03132e-05
6.47587e-05
0.000114326
0.000155962
0.000184577
0.00019452
0.000180917
0.000141545
7.87358e-05
-6.53679e-07
-8.80192e-05
-0.000175854
-0.000258341
-0.000331173
-0.000391908
-0.00043952
-0.000472459
-0.000487479
-0.000481031
-0.000451309
-0.00039881
-0.000326252
-0.000239147
-0.000145808
-5.5399e-05
2.41824e-05
8.65763e-05
0.000126611
0.000140879
0.000128223
8.9045e-05
2.47964e-05
-6.16648e-05
-0.00016598
-0.000282712
-0.000405478
-0.000526769
-0.000638027
-0.00073026
-0.000794785
-0.000823632
-0.000809955
-0.00074916
-0.000640231
-0.000485845
-0.0002912
-6.32249e-05
0.000189341
0.000456481
0.00072835
0.000996309
0.00125273
0.00149008
0.00170078
0.00187764
0.00201393
0.00210273
0.00213724
0.00211245
0.0020264
0.00188013
0.00167769
0.0014262
0.00113454
0.000811405
0.000464931
0.00010361
-0.000263043
-0.000624248
-0.000967715
-0.00127989
-0.00154743
-0.0017597
-0.0019105
-0.00199802
-0.00202339
-0.00198978
-0.00190175
-0.00176391
-0.00158009
-0.00135437
-0.00109292
-0.000804389
-0.000499277
-0.000189351
0.000113006
0.000396331
0.000651683
0.000872983
0.0010562
0.00119862
0.00129845
0.00135438
0.00136533
0.00133132
0.00125471
0.00114075
0.000997045
0.000832604
0.000656631
0.00047736
0.000301161
0.000132305
-2.63037e-05
-0.000171758
-0.000300235
-0.000407384
-0.000489354
-0.000543594
-0.000569629
-0.000569729
-0.000548566
-0.000511762
-0.000464553
-0.00041124
-0.000354913
-0.000297385
-0.000240031
-0.000185198
-0.000136942
-0.000100659
-8.20944e-05
-8.55943e-05
-0.000111956
-0.000157847
-0.000217162
-0.000282539
-0.000346682
-0.000403887
-0.000450832
-0.00048583
-0.000507301
-0.000512569
-0.000497365
-0.000456251
-0.000384139
-0.000278165
-0.000138867
2.97652e-05
0.000221143
0.00042738
0.000640627
0.000854196
0.00106307
0.00126349
0.00145203
0.00162417
0.00177298
0.00188897
0.00196163
0.00198112
0.00193982
0.00183491
0.00167042
0.00145576
0.00120234
0.000922076
0.00062688
0.000327013
3.04718e-05
-0.000255063
-0.000520206
-0.00075444
-0.000947974
-0.00109281
-0.00118362
-0.00121952
-0.00120505
-0.00114848
-0.0010589
-0.000944798
-0.000814069
-0.000673679
-0.00052921
-0.000385591
-0.000248265
-0.000123285
-1.6505e-05
6.73458e-05
0.000125324
0.000156371
0.000160705
0.000138927
9.16532e-05
1.96785e-05
-7.57391e-05
-0.000192251
-0.000325297
-0.000467293
-0.000608205
-0.000737367
-0.000845177
-0.000923999
-0.000968686
-0.0009765
-0.000946034
-0.000875996
-0.000764986
-0.00061218
-0.000418281
-0.000186611
7.59732e-05
0.000359203
0.000650681
0.000937507
0.00120763
0.00145065
0.00165788
0.00182202
0.0019366
0.00199559
0.00199381
0.00192821
0.00179933
0.00161184
0.0013741
0.00109772
0.000796351
0.000483501
0.000170579
-0.000133249
-0.000420179
-0.000683389
-0.000916721
-0.00111374
-0.00126763
-0.00137304
-0.00142804
-0.00143416
-0.00139563
-0.00131894
-0.00121211
-0.00108299
-0.000937762
-0.000781012
-0.000616574
-0.000448354
-0.000281078
-0.000120675
2.62363e-05
0.000153433
0.000256048
0.000331029
0.000377178
0.000394957
0.000386005
0.00035236
0.000296024
0.000219462
0.000126453
2.22741e-05
-8.66438e-05
-0.000193137
-0.000290517
-0.000374437
-0.00044339
-0.000497271
-0.000536127
-0.000560104
-0.000569562
-0.000565161
-0.000548342
-0.000521891
-0.000490054
-0.000457929
-0.000430364
-0.00041104
-0.000402009
-0.000403484
-0.000414039
-0.000431498
-0.000453763
-0.000479029
-0.000505663
-0.000531948
-0.000555779
-0.000574476
-0.000584557
-0.000581544
-0.000560369
-0.000516507
-0.000447267
-0.000352952
-0.000352952
-0.000237704
-0.000108988
2.47111e-05
0.000155951
0.000278815
0.000389264
0.000485748
0.000568341
0.000636358
0.000686983
0.000716202
0.000720529
0.000698306
0.000650841
0.000583032
0.000502646
0.000418327
0.000337469
0.000264947
0.000202821
0.000150839
0.000107669
7.24085e-05
4.54926e-05
2.85077e-05
2.33292e-05
3.12027e-05
5.19478e-05
8.35491e-05
0.000122576
0.000165241
0.000208303
0.000249504
0.000287822
0.000323414
0.000356968
0.000388869
0.000418715
0.000445221
0.000466576
0.000481082
0.000487609
0.00048577
0.000476019
0.000459503
0.000437436
0.000410492
0.000378783
0.00034214
0.000300441
0.000254024
0.000203965
0.000151989
0.000100123
5.03222e-05
4.29661e-06
-3.64452e-05
-7.06358e-05
-9.72826e-05
-0.000115442
-0.000124306
-0.000124516
-0.000120015
-0.000118154
-0.000127637
-0.000156283
-0.0002091
-0.000286365
-0.000383662
-0.000494648
-0.000613405
-0.000734832
-0.000854876
-0.000970939
-0.00108074
-0.00117956
-0.00125888
-0.00130804
-0.00131713
-0.00127911
-0.00119157
-0.00105751
-0.000884415
-0.00068191
-0.000459635
-0.000225829
1.31328e-05
0.000252226
0.000486337
0.000708577
0.000909497
0.00107807
0.00120401
0.00127994
0.00130255
0.00127321
0.00119774
0.00108459
0.000942326
0.000778101
0.000597619
0.000405762
0.000207687
1.06438e-05
-0.000174846
-0.000336167
-0.000461258
-0.000540671
-0.000568827
-0.00054492
-0.00047259
-0.000357793
-0.00020635
-2.30063e-05
0.000187752
0.000418888
0.000656804
0.000879715
0.00106067
0.00117351
0.00119985
0.00113475
0.000986224
0.000768882
0.00049855
0.000189561
-0.00014853
-0.000512388
-0.000899706
-0.00130078
-0.0016949
-0.0020534
-0.00234516
-0.00254357
-0.002634
-0.0026172
-0.00250599
-0.00231853
-0.00207166
-0.00177605
-0.00143493
-0.0010472
-0.000612802
-0.000138033
0.000362075
0.000865146
0.00134572
0.00178065
0.00215299
0.00245201
0.00267006
0.00280141
0.00284377
0.00279798
0.00266558
0.00244978
0.00215823
0.00180257
0.0013968
0.000957258
0.00050255
5.18618e-05
-0.000376603
-0.000765975
-0.0011013
-0.00137112
-0.00156877
-0.00169206
-0.00174195
-0.00172167
-0.00163647
-0.00149315
-0.00129963
-0.00106487
-0.000799143
-0.000514073
-0.000222516
6.26482e-05
0.00033012
0.00057103
0.00077952
0.00095295
0.00109043
0.00119005
0.00124668
0.0012512
0.00119221
0.00106232
0.000864923
0.000613625
0.00032653
2.35971e-05
-0.000275308
-0.000555385
-0.000809598
-0.00103506
-0.00122731
-0.00137748
-0.00147221
-0.00149607
-0.00143769
-0.00129644
-0.00108503
-0.000827588
-0.000554204
-0.000292646
-6.09466e-05
0.000133602
0.000290745
0.000413565
0.000504314
0.000559921
0.000571681
0.000530695
0.000434374
0.000289706
0.000113414
-7.07417e-05
-0.000237867
-0.000368587
-0.000452642
-0.000488395
-0.00047982
-0.000432601
-0.000350588
-0.000234117
-8.1219e-05
0.00010883
0.000331637
0.000575882
0.000824427
0.00105728
0.00125544
0.00140479
0.00149796
0.0015329
0.00151028
0.00143191
0.00130036
0.00111915
0.000894236
0.000635696
0.000357585
7.68411e-05
-0.000187938
-0.000418949
-0.000602657
-0.000732152
-0.000806674
-0.000828868
-0.0008024
-0.000731015
-0.000618025
-0.00046665
-0.000282189
-7.4293e-05
0.000142914
0.000352472
0.000536781
0.000680535
0.000773852
0.00081358
0.000801962
0.000744163
0.000646093
0.000512762
0.000347631
0.000153977
-6.25933e-05
-0.000292568
-0.000522468
-0.000736044
-0.000916726
-0.00105034
-0.00112704
-0.00114222
-0.00109625
-0.000993559
-0.000841469
-0.000649156
-0.000427004
-0.00018705
5.63114e-05
0.000287204
0.000490502
0.000653093
0.000764445
0.00081824
0.00081329
0.000751304
0.000633972
0.000463297
0.00024367
-1.74338e-05
-0.000308647
-0.000613125
-0.000909616
-0.00117651
-0.00139521
-0.0015516
-0.00163684
-0.00164763
-0.00158471
-0.0014499
-0.00124441
-0.000969957
-0.000631198
-0.000237613
0.000195441
0.000646753
0.00109109
0.00150267
0.00185873
0.00214216
0.00234249
0.00245494
0.00247841
0.00241413
0.00226508
0.00203632
0.00173582
0.00137546
0.00137546
0.000971446
0.00054338
0.000112254
-0.000301732
-0.000680779
-0.0010107
-0.00128139
-0.00148605
-0.00161963
-0.00167806
-0.0016588
-0.00156191
-0.00139059
-0.00115171
-0.000856001
-0.000517662
-0.000153264
0.00021971
0.000584212
0.000924264
0.00122515
0.00147388
0.00165972
0.00177404
0.00181001
0.00176328
0.00163285
0.00142212
0.00114004
0.000800962
0.000423108
2.69949e-05
-0.000366092
-0.000736156
-0.00106609
-0.00134169
-0.00155094
-0.00168412
-0.0017346
-0.00169977
-0.00158185
-0.00138848
-0.0011328
-0.000832565
-0.000508401
-0.000181396
0.000129247
0.000407363
0.000640009
0.000817804
0.000935037
0.000988695
0.000977465
0.000902549
0.000769188
0.000586712
0.000367782
0.000127787
-0.000116539
-0.000349443
-0.000558311
-0.00073492
-0.000875695
-0.000980333
-0.00104923
-0.00108222
-0.00107917
-0.00104068
-0.000968251
-0.00086536
-0.000738247
-0.000595483
-0.000446328
-0.000299018
-0.000159634
-3.1795e-05
8.28111e-05
0.000183508
0.000269658
0.000339903
0.000392146
0.000424108
0.000433851
0.000420239
0.00038341
0.000324855
0.00024702
0.000152992
4.61679e-05
-7.05624e-05
-0.000195297
-0.000326317
-0.000460782
-0.000594101
-0.00072029
-0.000832821
-0.000925335
-0.000992333
-0.00103007
-0.00103717
-0.00101448
-0.000964051
-0.0008882
-0.000789401
-0.000670537
-0.000535179
-0.000387963
-0.000234853
-8.28474e-05
6.08751e-05
0.000189869
0.000299049
0.000385058
0.00044647
0.000483579
0.000497689
0.000490445
0.000463652
0.000419482
0.000360737
0.000291052
0.000214977
0.00013777
6.48457e-05
1.12239e-06
-4.94444e-05
-8.40816e-05
-0.000101205
-0.000100201
-8.1007e-05
-4.37766e-05
1.11159e-05
8.29121e-05
0.00017047
0.000272349
0.000386702
0.000511077
0.000642613
0.000778515
0.000915944
0.00105086
0.0011767
0.00128441
0.00136392
0.00140556
0.00140103
0.00134477
0.00123515
0.00107442
0.000867318
0.000620099
0.000340964
4.04518e-05
-0.0002696
-0.000577366
-0.000870702
-0.00113658
-0.00136272
-0.00153954
-0.00166
-0.00171895
-0.0017138
-0.0016454
-0.00151753
-0.00133618
-0.00110965
-0.00084867
-0.000564963
-0.000269814
2.57456e-05
0.00031032
0.000572568
0.000801969
0.000989039
0.00112534
0.00120412
0.0012213
0.00117595
0.00107018
0.00090898
0.0006999
0.00045241
0.000177273
-0.000113867
-0.000408738
-0.000694738
-0.000959267
-0.00118983
-0.001374
-0.00150018
-0.00155955
-0.0015475
-0.00146384
-0.00131281
-0.00110301
-0.000845721
-0.000552433
-0.000234231
9.70938e-05
0.000428137
0.000743549
0.0010265
0.00126076
0.0014331
0.0015348
0.00156282
0.00152004
0.0014136
0.00125209
0.00104404
0.000797768
0.000521665
0.000224827
-8.15925e-05
-0.000383697
-0.000666029
-0.000913659
-0.00111355
-0.00125546
-0.00133321
-0.00134579
-0.00129641
-0.00119038
-0.00103381
-0.000833294
-0.000595505
-0.000327528
-3.85058e-05
0.000259133
0.000550168
0.000818088
0.00104709
0.00122445
0.00134218
0.00139711
0.00139006
0.00132458
0.00120579
0.00103976
0.000833502
0.000595459
0.000336253
6.89173e-05
-0.000192024
-0.000432236
-0.000639173
-0.000803272
-0.000918821
-0.000984091
-0.00100032
-0.000970167
-0.000896906
-0.000784364
-0.0006368
-0.000458986
-0.000257145
-3.98794e-05
0.000182559
0.000400079
0.000603757
0.000786103
0.000941433
0.00106603
0.00115764
0.00121468
0.00123567
0.00121937
0.00116543
0.00107509
0.000951485
0.000799461
0.000625107
0.000435206
0.000237087
3.87769e-05
-0.000151413
-0.000325642
-0.000476651
-0.000597704
-0.000683215
-0.000729534
-0.000734992
-0.000699588
-0.000625055
-0.00051494
-0.000374191
-0.000208596
-2.45925e-05
0.000170661
0.000369393
0.000563499
0.000744763
0.000905197
0.00103747
0.00113501
0.00119165
0.00120156
0.00116042
0.00106735
0.000925101
0.000738669
0.000514865
0.000262498
-8.73206e-06
-0.000289502
-0.000570733
-0.000842719
-0.00109479
-0.00131541
-0.00149284
-0.00161658
-0.0016792
-0.00167718
-0.00161097
-0.0014841
-0.00130172
-0.00107006
-0.000797069
-0.000493209
-0.000172117
0.00014892
0.000450749
0.000450749
0.000716486
0.000933998
0.00109572
0.00119886
0.00124556
0.00124029
0.00118668
0.00108727
0.000945161
0.000764324
0.000549281
0.000306346
4.54149e-05
-0.000220892
-0.000479949
-0.000719772
-0.000928131
-0.00109404
-0.00121093
-0.00127669
-0.00129069
-0.0012527
-0.00116393
-0.00102699
-0.000845237
-0.000623633
-0.000370521
-9.81663e-05
0.000178426
0.000443225
0.000680798
0.000877911
0.00102498
0.00111672
0.00115156
0.00113069
0.00105755
0.000937629
0.000778026
0.000587133
0.000374512
0.000150799
-7.25891e-05
-0.000283931
-0.000471913
-0.000626491
-0.000739604
-0.000805563
-0.000820927
-0.000783886
-0.000693849
-0.000551796
-0.000361558
-0.00013164
0.000124139
0.000388249
0.000641584
0.000864841
0.00104025
0.00115424
0.00119922
0.00117258
0.00107471
0.000908798
0.000681223
0.00040072
7.76347e-05
-0.000274579
-0.000637976
-0.000991711
-0.00131463
-0.00158685
-0.00179161
-0.00191739
-0.00195894
-0.00191662
-0.00179487
-0.00160068
-0.00134226
-0.00102895
-0.000672288
-0.000287789
0.000103859
0.000478444
0.000812671
0.00108744
0.0012885
0.00140715
0.00144073
0.00139076
0.00126061
0.00105523
0.000782222
0.000452903
8.3319e-05
-0.000305219
-0.000687443
-0.00103699
-0.00132971
-0.00154645
-0.00167473
-0.00170855
-0.00164704
-0.0014925
-0.00124937
-0.000924466
-0.000528344
-7.6467e-05
0.000410569
0.000907652
0.00138643
0.00181784
0.00217543
0.00243845
0.00259373
0.00263495
0.0025608
0.00237463
0.00208488
0.00170468
0.00125083
0.00074391
0.000208795
-0.00032636
-0.0008324
-0.00128169
-0.00165082
-0.00192288
-0.0020884
-0.0021451
-0.00209678
-0.00195129
-0.0017187
-0.00141122
-0.00104372
-0.000633317
-0.000198814
0.000239188
0.000658632
0.00103803
0.00135903
0.00160758
0.00177404
0.00185335
0.00184498
0.00175193
0.00157942
0.00133448
0.00102622
0.000665775
0.000266519
-0.000155594
-0.000582163
-0.000993023
-0.00136724
-0.0016849
-0.00192965
-0.00209028
-0.00216058
-0.00213881
-0.00202737
-0.0018319
-0.00156044
-0.00122325
-0.00083327
-0.000406455
3.83386e-05
0.000480388
0.000898851
0.00127459
0.00159157
0.00183738
0.00200254
0.00207938
0.00206228
0.00194879
0.0017405
0.00144409
0.00107286
0.000646847
0.000189967
-0.000273479
-0.000720541
-0.0011305
-0.00148566
-0.00177123
-0.00197459
-0.00208488
-0.00209415
-0.00199953
-0.00180522
-0.00152276
-0.00116965
-0.000767848
-0.00034176
8.49697e-05
0.00049241
0.000865003
0.00119036
0.0014582
0.00166026
0.00179038
0.00184482
0.00182325
0.00172957
0.00157189
0.00136159
0.00111144
0.000833732
0.000539379
0.000238323
-6.03113e-05
-0.000348166
-0.000616627
-0.00085604
-0.00105663
-0.0012102
-0.00131123
-0.00135699
-0.00134747
-0.00128505
-0.00117381
-0.00101895
-0.000826182
-0.000601632
-0.000352482
-8.80945e-05
0.000179414
0.000435781
0.000666278
0.000857418
0.000998154
0.00108084
0.00110204
0.00106262
0.000966705
0.000820314
0.000631021
0.000408075
0.000162073
-9.5338e-05
-0.000351089
-0.000590831
-0.000800765
-0.000969833
-0.00109045
-0.00115793
-0.00117019
-0.00112778
-0.00103324
-0.000890133
-0.000703207
-0.000479299
-0.000227326
4.24144e-05
0.000318427
0.000588183
0.000839236
0.00106071
0.00124387
0.00138174
0.00146908
0.00150291
0.00148283
0.00141093
0.00129151
0.00113106
0.000938371
0.000723654
0.000497124
0.000267929
4.40159e-05
-0.000167885
-0.000362516
-0.00053586
-0.000684331
-0.000804605
-0.000894584
-0.000953916
-0.00098309
-0.000982447
-0.000952522
-0.000894906
-0.000811885
-0.000705496
-0.000577907
-0.000432332
-0.000273094
-0.000105532
6.37257e-05
0.000226777
0.000374878
0.000498998
0.000590826
0.000644223
0.00065594
0.000625525
0.000555413
0.000450857
0.000318762
0.000166278
7.54243e-07
-0.00016951
-0.000335331
-0.000487285
-0.000616238
-0.000714129
-0.000775024
-0.000795924
-0.000777159
-0.000722172
-0.000636514
-0.000526635
-0.000399397
-0.000262077
-0.000122103
1.33682e-05
0.000137859
0.000246018
0.000333871
0.000398996
0.000440737
0.000440737
0.000460146
0.000459421
0.000441375
0.000409449
0.000367812
0.000320976
0.000273369
0.00022922
0.00019226
0.000165025
0.0001483
0.000141081
0.000140673
0.000142969
0.000143151
0.00013612
0.000116724
8.08479e-05
2.70959e-05
-4.25247e-05
-0.000123762
-0.000211836
-0.000301949
-0.000389135
-0.000468569
-0.000535887
-0.000586787
-0.000616148
-0.000617992
-0.00058699
-0.000520533
-0.000420139
-0.000291531
-0.000143353
1.46874e-05
0.000173671
0.000326846
0.000469695
0.000598654
0.000709909
0.000798988
0.000860742
0.000889907
0.000882737
0.000838776
0.000761282
0.00065629
0.000531261
0.000393564
0.000249043
0.00010155
-4.62674e-05
-0.000191776
-0.000331555
-0.000461114
-0.000574977
-0.000667285
-0.000732984
-0.000768978
-0.000774367
-0.000749938
-0.000697753
-0.00062084
-0.000522327
-0.000404832
-0.000271337
-0.000126692
2.20359e-05
0.000166557
0.000298424
0.000409605
0.000493349
0.00054525
0.000563376
0.000547583
0.000499058
0.000420268
0.00031488
0.000187702
4.47259e-05
-0.000106921
-0.00025915
-0.000403465
-0.000531938
-0.000637908
-0.000716084
-0.000762634
-0.00077556
-0.000754934
-0.00070277
-0.000622841
-0.000520275
-0.000400631
-0.000269181
-0.000130857
9.81352e-06
0.000149038
0.000283515
0.00040975
0.000524185
0.00062409
0.000707977
0.000775431
0.000826849
0.000863102
0.000885149
0.000893625
0.000888447
0.000868753
0.000833452
0.000781914
0.000714042
0.000630068
0.000530838
0.00041811
0.000294402
0.000162767
2.66812e-05
-0.000109904
-0.00024235
-0.000365244
-0.000472847
-0.000559968
-0.000622408
-0.000656923
-0.00066145
-0.000635388
-0.000579511
-0.000495809
-0.000387502
-0.000259133
-0.000116772
3.18819e-05
0.000178045
0.000312967
0.00042865
0.00051804
0.000575423
0.000596782
0.000579701
0.000523257
0.000428219
0.0002974
0.00013609
-4.77329e-05
-0.00024398
-0.000441799
-0.000630552
-0.000800185
-0.000941803
-0.00104822
-0.00111395
-0.00113507
-0.00110951
-0.00103748
-0.00092209
-0.000769692
-0.00058947
-0.000392182
-0.000189141
8.42598e-06
0.000190376
0.000348617
0.000477109
0.000571197
0.000627295
0.000643181
0.000618219
0.000553347
0.000451233
0.000316628
0.000156364
-2.1279e-05
-0.000207373
-0.000392878
-0.000569156
-0.000728631
-0.000865121
-0.000973578
-0.00104977
-0.00109034
-0.00109303
-0.00105706
-0.000983234
-0.00087414
-0.000734324
-0.00057006
-0.000388762
-0.000198283
-6.18882e-06
0.000181074
0.00035887
0.000524449
0.000675866
0.000810495
0.000924978
0.00101625
0.0010817
0.00111895
0.00112681
0.00110646
0.00106106
0.000994054
0.000908018
0.000804092
0.000682149
0.00054228
0.000386324
0.00021827
4.42448e-05
-0.000127743
-0.000288992
-0.000431782
-0.00055037
-0.000641065
-0.000701816
-0.000731532
-0.000729468
-0.000695141
-0.000628626
-0.000531148
-0.000405842
-0.000258023
-9.47334e-05
7.58827e-05
0.000245133
0.00040445
0.000546055
0.000663231
0.000750474
0.000803803
0.000820857
0.000800823
0.000744779
0.000656151
0.000540323
0.000403649
0.000252999
9.58359e-05
-6.02141e-05
-0.000208183
-0.000342083
-0.000456748
-0.000547877
-0.000612466
-0.000649043
-0.00065738
-0.000638058
-0.000592348
-0.00052238
-0.000431082
-0.000321901
-0.000198897
-6.72696e-05
6.64896e-05
0.000195354
0.000312571
0.000411797
0.000487287
0.00053475
0.000552052
0.000538905
0.000496296
0.000426679
0.000334156
0.000223693
0.000100361
-3.02228e-05
-0.000161276
-0.000285475
-0.000395845
-0.000485965
-0.00055027
-0.000584968
-0.000588738
-0.000562516
-0.000508893
-0.000431628
-0.000335112
-0.000223793
-0.00010195
2.60896e-05
0.000155673
0.000281779
0.00039917
0.000502692
0.000587726
0.000650733
0.000689641
0.000703924
0.00069443
0.00066309
0.000612593
0.000546111
0.000467196
0.000379846
0.000288556
0.000198189
0.000113576
3.89398e-05
-2.27332e-05
-6.99308e-05
-0.000102299
-0.000120316
-0.00012523
-0.000118866
-0.000103334
-8.09346e-05
-5.4102e-05
-2.52372e-05
3.48884e-06
3.04692e-05
5.49348e-05
7.6501e-05
9.41747e-05
0.000106091
0.000109978
0.000103216
8.2879e-05
4.68907e-05
-4.63044e-06
-6.95704e-05
-6.95704e-05
-0.00014495
-0.000227265
-0.000312467
-0.000396634
-0.000476456
-0.000548409
-0.000607655
-0.000648159
-0.000663535
-0.000648143
-0.000598677
-0.000515456
-0.000402641
-0.000267814
-0.000120884
2.81805e-05
0.000171578
0.000303723
0.000419946
0.000515946
0.000587405
0.000629177
0.000635517
0.000601886
0.000526786
0.000412646
0.000266171
9.80315e-05
-7.8964e-05
-0.000252527
-0.000412579
-0.000551621
-0.000664633
-0.000748574
-0.000801133
-0.000819446
-0.000800129
-0.000740613
-0.000640505
-0.000502403
-0.00033236
-0.000139724
6.41563e-05
0.00026796
0.000461892
0.000638019
0.000789893
0.000911994
0.000999125
0.00104592
0.00104709
0.000998872
0.000900788
0.000756184
0.000571689
0.000356785
0.000122929
-0.000118362
-0.000357084
-0.000584617
-0.000792831
-0.000973852
-0.00112008
-0.00122397
-0.00127856
-0.00127897
-0.00122367
-0.00111473
-0.00095735
-0.000759226
-0.000529679
-0.000278349
-1.43139e-05
0.000253534
0.000515516
0.000760955
0.000978868
0.00115867
0.00129071
0.00136731
0.00138387
0.00133927
0.00123564
0.00107774
0.000872243
0.000627374
0.000352701
5.91645e-05
-0.0002408
-0.00053335
-0.00080389
-0.00103805
-0.00122273
-0.00134736
-0.00140513
-0.00139305
-0.00131126
-0.00116269
-0.000953224
-0.000691777
-0.000390175
-6.28152e-05
0.000273793
0.000601756
0.000903173
0.00116197
0.0013652
0.00150319
0.00156927
0.00156005
0.00147545
0.00131843
0.00109509
0.000815022
0.000491238
0.000139385
-0.00022336
-0.000579519
-0.000912681
-0.00120858
-0.00145562
-0.00164499
-0.00177063
-0.0018289
-0.0018183
-0.0017396
-0.0015963
-0.00139498
-0.00114527
-0.000859548
-0.000552174
-0.000238118
6.83861e-05
0.000354771
0.000610638
0.000827776
0.000999678
0.00112121
0.00118871
0.00120019
0.00115547
0.00105673
0.000909103
0.000720613
0.000501268
0.000262061
1.4266e-05
-0.000231013
-0.000463055
-0.00067166
-0.000847252
-0.000980872
-0.00106439
-0.00109136
-0.00105803
-0.000963796
-0.000811179
-0.000606054
-0.000357546
-7.70063e-05
0.000223277
0.000530633
0.000832033
0.00111438
0.00136498
0.00157189
0.00172462
0.00181485
0.00183699
0.00178865
0.00167084
0.00148775
0.00124642
0.00095616
0.000627937
0.000274095
-9.164e-05
-0.00045465
-0.000800362
-0.00111497
-0.00138582
-0.00160189
-0.00175444
-0.00183756
-0.0018485
-0.00178764
-0.00165801
-0.00146513
-0.0012167
-0.000922293
-0.000593161
-0.000242004
0.000117683
0.0004721
0.000807571
0.0011112
0.00137158
0.00157923
0.00172663
0.00180818
0.00182031
0.00176194
0.00163534
0.00144587
0.00120129
0.0009115
0.000588363
0.000244739
-0.000106331
-0.000451855
-0.000778827
-0.00107412
-0.00132449
-0.00151722
-0.00164188
-0.00169161
-0.00166347
-0.00155833
-0.00138086
-0.00113887
-0.000842409
-0.000502866
-0.000132701
0.000254179
0.000641931
0.00101311
0.00134991
0.00163545
0.00185494
0.00199691
0.00205407
0.0020236
0.00190688
0.00170877
0.00143684
0.00110099
0.000713507
0.000288973
-0.000156022
-0.000603451
-0.00103483
-0.00143237
-0.00177994
-0.00206374
-0.0022727
-0.00239883
-0.00243737
-0.00238662
-0.00224779
-0.00202517
-0.00172648
-0.00136264
-0.000947067
-0.000495393
-2.51487e-05
0.000445253
0.000897708
0.00131509
0.00168145
0.00198224
0.00220465
0.00233857
0.00237805
0.00232204
0.00217398
0.00194176
0.00163752
0.00127639
0.00087482
0.000449641
1.77036e-05
-0.000404444
-0.000800842
-0.00115601
-0.00145492
-0.00168408
-0.00183311
-0.00189556
-0.00186923
-0.00175658
-0.0015649
-0.00130492
-0.000989026
-0.000630465
-0.000243233
0.000158224
0.000559064
0.000943844
0.00129664
0.00160172
0.00184445
0.00201249
0.00209734
0.0020953
0.00200736
0.00183849
0.00159705
0.00129388
0.000941544
0.000553786
0.000145393
-0.00026773
-0.000668706
-0.00104047
-0.00136693
-0.00163418
-0.0018315
-0.0019522
-0.0019938
-0.00195765
-0.00184816
-0.0016721
-0.00143817
-0.00115674
-0.000839704
-0.000500573
-0.000154331
0.000183384
0.00049751
0.000774466
0.00100281
0.00117396
0.00117396
0.00128255
0.00132631
0.00130557
0.00122302
0.00108367
0.00089484
0.000665984
0.00040848
0.000135273
-0.000139788
-0.000402894
-0.000641297
-0.000844194
-0.00100327
-0.00111292
-0.00117026
-0.00117498
-0.00112892
-0.00103583
-0.0009014
-0.000733354
-0.00054117
-0.000335467
-0.000127302
7.26333e-05
0.000254779
0.000411227
0.000535969
0.000624809
0.000674954
0.000684667
0.000653427
0.000582314
0.000474131
0.000333438
0.000166608
-1.84582e-05
-0.000213139
-0.000408964
-0.000598029
-0.000773053
-0.000927332
-0.00105471
-0.00114956
-0.00120688
-0.00122232
-0.00119226
-0.00111444
-0.000989162
-0.000819854
-0.000612455
-0.000374795
-0.000116213
0.000153387
0.000424484
0.000687922
0.000934389
0.00115424
0.00133766
0.00147523
0.0015593
0.00158512
0.00155128
0.0014601
0.00131747
0.00113175
0.000912423
0.000669386
0.00041269
0.000152218
-0.000102837
-0.000344162
-0.000563895
-0.000754544
-0.000909768
-0.00102508
-0.00109789
-0.00112737
-0.00111447
-0.00106166
-0.000972482
-0.000850945
-0.000701325
-0.000528424
-0.000337919
-0.000136079
7.06883e-05
0.000275756
0.000472355
0.000654076
0.000814996
0.000949457
0.00105213
0.00111836
0.00114448
0.00112844
0.00107061
0.000973698
0.000842102
0.000681526
0.000498717
0.000300984
9.59154e-05
-0.000108552
-0.000304093
-0.000482156
-0.000634344
-0.000753139
-0.000832752
-0.000869613
-0.000862455
-0.000812338
-0.000722516
-0.000598049
-0.00044534
-0.000271771
-8.54767e-05
0.000104846
0.000290217
0.000461758
0.000611152
0.000731125
0.000815914
0.000861741
0.000867116
0.000832809
0.000761512
0.000657418
0.000525844
0.000372819
0.00020473
2.81898e-05
-0.000149912
-0.000322575
-0.000483133
-0.000625681
-0.000745416
-0.000838949
-0.00090448
-0.000941769
-0.000951817
-0.00093602
-0.000895048
-0.00082856
-0.000736391
-0.000619792
-0.000481573
-0.000326063
-0.000159167
1.23934e-05
0.00018243
0.000346128
0.000499984
0.000641209
0.000766817
0.000872784
0.000953974
0.00100499
0.00102144
0.00100112
0.00094489
0.000856673
0.000742646
0.000609866
0.000465068
0.000314146
0.000162168
1.36843e-05
-0.000126754
-0.000254162
-0.000363252
-0.000449251
-0.000508967
-0.000541423
-0.000547896
-0.000531642
-0.00049726
-0.000449496
-0.000392127
-0.0003278
-0.000258774
-0.000187549
-0.000116986
-5.04025e-05
8.49023e-06
5.62119e-05
9.03212e-05
0.000109842
0.000115146
0.000107427
8.80499e-05
5.80855e-05
1.8234e-05
-3.09494e-05
-8.86181e-05
-0.000153075
-0.000221412
-0.000289666
-0.000353429
-0.00040848
-0.000451178
-0.000478646
-0.000488726
-0.000479892
-0.000451287
-0.000402724
-0.000334706
-0.000248899
-0.000148675
-3.88495e-05
7.52592e-05
0.000188386
0.000295376
0.0003915
0.000472846
0.000536207
0.00057883
0.000598511
0.000593926
0.000564929
0.00051276
0.000440139
0.000351093
0.000250416
0.000142975
3.31733e-05
-7.53441e-05
-0.000179649
-0.000277204
-0.000365653
-0.00044288
-0.000507048
-0.000556624
-0.000590445
-0.000607753
-0.000608303
-0.000592419
-0.000560786
-0.000514236
-0.000453929
-0.000381616
-0.000299402
-0.00020939
-0.000113792
-1.51126e-05
8.38981e-05
0.000180213
0.00027046
0.000351079
0.000418623
0.000470081
0.000503207
0.000516727
0.000510192
0.000483686
0.000437707
0.000373118
0.00029123
0.000194144
8.49816e-05
-3.20262e-05
-0.000151256
-0.000265536
-0.000366992
-0.000448698
-0.000505572
-0.000534266
-0.000533406
-0.00050413
-0.000449557
-0.000373408
-0.000279442
-0.000172016
-5.6483e-05
6.09656e-05
0.000173611
0.000274717
0.000358188
0.000419337
0.000455712
0.000467407
0.000456477
0.000426113
0.000380307
0.000323639
0.000260737
0.000196039
0.000133959
7.86643e-05
3.33774e-05
-1.57996e-07
-2.18952e-05
-3.3582e-05
-3.82157e-05
-3.88895e-05
-3.84039e-05
-3.96231e-05
-4.51729e-05
-5.66767e-05
-7.45656e-05
-9.84805e-05
-0.000127603
-0.000160478
-0.00019466
-0.00022674
-0.00025282
-0.000269121
-0.000272309
-0.000259827
-0.000230728
-0.000186316
-0.000129726
-6.48644e-05
4.03858e-06
7.23566e-05
0.000135434
0.000188965
0.000228807
0.000250863
0.000251342
0.000227196
0.000176652
0.000176652
9.97033e-05
-1.49223e-06
-0.000122363
-0.000256142
-0.000394594
-0.00052867
-0.000649029
-0.000747078
-0.000816094
-0.000850929
-0.000847033
-0.000800624
-0.000709326
-0.000572336
-0.000390829
-0.000168799
8.62762e-05
0.000363115
0.000646741
0.000919893
0.0011658
0.00137006
0.00152076
0.00160859
0.00162707
0.0015722
0.00144202
0.00123649
0.000958041
0.000613025
0.000213396
-0.000222756
-0.000672768
-0.00111214
-0.00151692
-0.00186559
-0.00214059
-0.00232899
-0.00242235
-0.00241548
-0.00230551
-0.0020927
-0.00178221
-0.00138532
-0.000919658
-0.000408306
0.000121887
0.000642854
0.00112814
0.0015553
0.00190723
0.0021719
0.00234132
0.00241105
0.00238021
0.00225142
0.0020312
0.0017309
0.00136696
0.000959645
0.000530975
0.00010311
-0.000302947
-0.000668669
-0.00097899
-0.00122223
-0.00138951
-0.00147475
-0.00147505
-0.00139112
-0.00122743
-0.0009926
-0.000699476
-0.00036448
-6.35248e-06
0.000355176
0.000700486
0.00101124
0.00127152
0.00146855
0.00159286
0.00163819
0.00160168
0.00148422
0.00129082
0.0010303
0.000714779
0.000359126
-1.97449e-05
-0.00040424
-0.000777505
-0.00112424
-0.00143102
-0.00168647
-0.00188168
-0.0020102
-0.00206821
-0.00205483
-0.00197262
-0.00182732
-0.00162703
-0.0013813
-0.00110021
-0.000793779
-0.000472321
-0.000146542
0.000172955
0.000475758
0.000751548
0.000990712
0.00118534
0.00132981
0.00142076
0.00145662
0.00143728
0.00136407
0.00124032
0.00107125
0.000863735
0.000626816
0.000372205
0.000113571
-0.00013506
-0.000360495
-0.000551035
-0.000697449
-0.000794127
-0.000839214
-0.000833505
-0.000779491
-0.000681371
-0.000545171
-0.000378478
-0.000190244
9.17455e-06
0.000208184
0.00039479
0.000557844
0.000687886
0.000777522
0.000821892
0.000819056
0.000769678
0.000676367
0.000543374
0.000376416
0.000182174
-3.2156e-05
-0.000258896
-0.000489887
-0.000716575
-0.000929671
-0.00111871
-0.00127257
-0.00138088
-0.001435
-0.00142866
-0.00135906
-0.00122777
-0.00103984
-0.00080213
-0.00052277
-0.000211345
0.00012134
0.000463322
0.000800993
0.00111894
0.00140091
0.00163157
0.00179846
0.00189373
0.00191465
0.0018631
0.00174484
0.00156855
0.00134449
0.0010836
0.000797828
0.000500591
0.000206602
-6.88616e-05
-0.00031084
-0.00050598
-0.000644077
-0.000719163
-0.000729757
-0.000678449
-0.00057111
-0.000416078
-0.00022374
-6.44757e-06
0.000221552
0.000444325
0.000645187
0.000808331
0.000919669
0.000967249
0.000942966
0.000844833
0.000677701
0.000451859
0.00018117
-0.000117862
-0.000426901
-0.000727095
-0.00100035
-0.00123002
-0.00140081
-0.00149892
-0.00151394
-0.00144121
-0.00128292
-0.00104771
-0.000749785
-0.000407689
-4.23318e-05
0.000325221
0.000675133
0.00098948
0.00125231
0.00144976
0.00157111
0.00161037
0.00156694
0.00144506
0.00125349
0.00100541
0.000717372
0.000407769
9.57474e-05
-0.000199772
-0.000461135
-0.000672802
-0.000822301
-0.000901296
-0.000906038
-0.000837006
-0.000698536
-0.000498674
-0.000248636
3.79825e-05
0.000345948
0.000659144
0.00096117
0.00123598
0.00146891
0.00164755
0.00176195
0.00180484
0.00177195
0.0016623
0.00147807
0.00122438
0.000909273
0.000543525
0.000139866
-0.000287867
-0.000724828
-0.00115492
-0.00156117
-0.00192687
-0.00223675
-0.00247768
-0.00263926
-0.00271451
-0.00270032
-0.00259744
-0.0024101
-0.00214535
-0.00181311
-0.00142639
-0.00100114
-0.000555732
-0.000109879
0.000316703
0.000705573
0.00104077
0.00130974
0.00150368
0.0016173
0.00164854
0.00159838
0.00147072
0.00127248
0.00101384
0.000708201
0.000371547
2.14497e-05
-0.000324089
-0.000647884
-0.000934731
-0.00117216
-0.00135075
-0.00146414
-0.00150905
-0.00148516
-0.00139475
-0.00124267
-0.00103656
-0.000786728
-0.000505505
-0.000206627
9.53953e-05
0.000386167
0.000652491
0.000883199
0.00106965
0.00120591
0.00128858
0.00131667
0.00129146
0.00121641
0.00109701
0.000940711
0.000756697
0.000555467
0.000348181
0.000145742
-4.2156e-05
-0.000207567
-0.000344297
-0.000447924
-0.000447924
-0.000515953
-0.000547746
-0.000544303
-0.000508105
-0.000442935
-0.00035381
-0.000246897
-0.000129003
-6.94683e-06
0.00011268
0.000223582
0.000320112
0.000397676
0.000452719
0.000482589
0.000485718
0.000461973
0.000412867
0.000341539
0.000252716
0.000152548
4.78161e-05
-5.51669e-05
-0.00015085
-0.000234141
-0.000300606
-0.000346859
-0.000370409
-0.000369403
-0.000342981
-0.000291975
-0.000219295
-0.000129923
-3.04688e-05
7.18287e-05
0.000170061
0.00025813
0.000331074
0.000385273
0.000418331
0.000428829
0.000416209
0.000380811
0.00032409
0.000248854
0.000159193
6.00202e-05
-4.33551e-05
-0.000145613
-0.000241974
-0.000328557
-0.000402232
-0.000460368
-0.000500962
-0.00052288
-0.000525827
-0.000510291
-0.000477624
-0.000429986
-0.000370066
-0.000300779
-0.000225063
-0.000145784
-6.58707e-05
1.14309e-05
8.25437e-05
0.000143816
0.000191768
0.00022337
0.00023657
0.000230703
0.000206323
0.000164735
0.000107749
3.74717e-05
-4.39136e-05
-0.000133958
-0.000229417
-0.000325998
-0.000418516
-0.000501254
-0.000568607
-0.000615959
-0.000640179
-0.000639617
-0.000614004
-0.000564283
-0.000492285
-0.000400567
-0.000292509
-0.00017247
-4.58898e-05
8.0904e-05
0.000201325
0.000309254
0.000399328
0.000467082
0.000509334
0.000524345
0.000511568
0.000471438
0.000405405
0.000315985
0.000206668
8.17947e-05
-5.35512e-05
-0.000193726
-0.000332902
-0.000465434
-0.000585946
-0.000689347
-0.000771143
-0.000827889
-0.000857283
-0.000857978
-0.000829631
-0.000773055
-0.000690187
-0.00058396
-0.000458125
-0.00031705
-0.000165563
-8.77296e-06
0.000148067
0.000299593
0.000440559
0.000566223
0.000672513
0.000756007
0.000814068
0.000845108
0.000848597
0.000824815
0.000774653
0.000699517
0.000601423
0.000483308
0.000349115
0.00020354
5.19182e-05
-9.99205e-05
-0.000246145
-0.000381442
-0.000501144
-0.000601097
-0.000677589
-0.000727325
-0.000747628
-0.000736989
-0.000695405
-0.000624344
-0.000526752
-0.000406992
-0.000270369
-0.000122545
3.08358e-05
0.000184302
0.000332589
0.000470642
0.000593623
0.000697013
0.000776887
0.000830265
0.000855247
0.000850919
0.000817397
0.000756059
0.000669435
0.000560705
0.000433455
0.000291692
0.000139797
-1.74806e-05
-0.000175002
-0.000327231
-0.000468114
-0.000591089
-0.000689741
-0.000758877
-0.000795007
-0.000796162
-0.000761898
-0.000693339
-0.000592821
-0.000463566
-0.000309694
-0.000136482
4.92614e-05
0.000239005
0.000422987
0.000591448
0.00073571
0.00084869
0.000925319
0.000962793
0.000960272
0.000918353
0.000838805
0.000724622
0.000580219
0.000411622
0.000226469
3.3673e-05
-0.000157223
-0.000336876
-0.000496989
-0.000630938
-0.000734019
-0.000803353
-0.0008376
-0.000836681
-0.000801526
-0.000733892
-0.000636444
-0.000513098
-0.000369227
-0.000211437
-4.71751e-05
0.000115594
0.000268804
0.000404941
0.000517675
0.000602073
0.000654468
0.000672385
0.000654612
0.000601277
0.000513908
0.00039563
0.000251542
8.88386e-05
-8.37452e-05
-0.00025693
-0.000421552
-0.000568872
-0.000691102
-0.000781835
-0.000836048
-0.000850076
-0.000821778
-0.000750757
-0.000638666
-0.000489469
-0.000309426
-0.000106698
0.000109315
0.000328636
0.000541316
0.000737913
0.000909899
0.00104992
0.00115175
0.00121035
0.00122218
0.00118576
0.00110208
0.000974726
0.000809638
0.000614593
0.000398614
0.000171321
-5.7723e-05
-0.000279386
-0.00048509
-0.000666898
-0.000817664
-0.000931224
-0.00100276
-0.00102938
-0.00101054
-0.000948095
-0.000846062
-0.000710257
-0.00054783
-0.000366798
-0.000175623
1.70621e-05
0.000202576
0.000372315
0.00051812
0.000632817
0.000710638
0.000747535
0.000741532
0.000692936
0.000604281
0.000480155
0.000326902
0.000152206
-3.52788e-05
-0.000226214
-0.00041089
-0.000579654
-0.000723356
-0.000833828
-0.000904546
-0.00093122
-0.000912051
-0.000847626
-0.00074066
-0.000595829
-0.000419646
-0.000220242
-6.95618e-06
0.000210201
0.000420956
0.000615116
0.000783257
0.000917554
0.00101231
0.00106415
0.00107191
0.00103654
0.000960918
0.000849597
0.000708344
0.000543762
0.000363121
0.00017423
-1.48912e-05
-0.00019643
-0.000363046
-0.000363046
-0.000508137
-0.000626293
-0.000713623
-0.000767591
-0.000786748
-0.000770856
-0.00072117
-0.000640313
-0.0005319
-0.000400482
-0.000251659
-9.19432e-05
7.15356e-05
0.000231368
0.000380237
0.000511262
0.000618309
0.000696375
0.000741912
0.000752894
0.000728786
0.000670624
0.000581051
0.000464178
0.000325383
0.000171096
8.51359e-06
-0.000154817
-0.000311478
-0.000454612
-0.000578269
-0.000677602
-0.000748988
-0.000790091
-0.000799758
-0.000777833
-0.000725153
-0.000643718
-0.000536767
-0.000408692
-0.000264934
-0.000111777
4.40893e-05
0.000196196
0.000338751
0.000466752
0.000575955
0.000662814
0.000724389
0.000758345
0.000763149
0.000738381
0.000685017
0.000605591
0.000504179
0.000386046
0.000257121
0.000123584
-8.42104e-06
-0.000133094
-0.00024524
-0.000340352
-0.000414593
-0.000464941
-0.000489433
-0.000487315
-0.00045907
-0.000406489
-0.000332695
-0.000241975
-0.000139521
-3.11331e-05
7.7196e-05
0.000179753
0.000271412
0.000347812
0.000405479
0.000441788
0.00045482
0.000443313
0.000406796
0.000345724
0.000261573
0.000157023
3.60569e-05
-9.63489e-05
-0.000234758
-0.000373543
-0.000506922
-0.00062918
-0.000735104
-0.000820169
-0.000880437
-0.000912613
-0.000914266
-0.000884021
-0.000821777
-0.000728848
-0.000607929
-0.000463113
-0.000299898
-0.00012497
5.4277e-05
0.000230305
0.00039588
0.000544365
0.00066997
0.000768014
0.000835128
0.000869292
0.000869852
0.000837673
0.000775249
0.000686525
0.000576523
0.000451015
0.000316211
0.000178318
4.31105e-05
-8.41509e-05
-0.000198653
-0.000296288
-0.000374051
-0.000430113
-0.00046381
-0.000475706
-0.000467459
-0.000441517
-0.000400851
-0.000348721
-0.00028849
-0.000223624
-0.000157758
-9.45348e-05
-3.72723e-05
1.12942e-05
4.92108e-05
7.53868e-05
8.94485e-05
9.16334e-05
8.27891e-05
6.41953e-05
3.73073e-05
3.6911e-06
-3.48967e-05
-7.6447e-05
-0.00011875
-0.000159511
-0.000196427
-0.000227278
-0.000250127
-0.000263547
-0.000266673
-0.000259147
-0.00024109
-0.000213108
-0.000176252
-0.000131899
-8.17174e-05
-2.77263e-05
2.77131e-05
8.20888e-05
0.000132974
0.00017817
0.000215823
0.000244636
0.000263989
0.000273833
0.000274518
0.000266788
0.000251843
0.000231248
0.000206796
0.00018042
0.000154022
0.000129253
0.000107371
8.91575e-05
7.49144e-05
6.46284e-05
5.82045e-05
5.54901e-05
5.61763e-05
5.98642e-05
6.62085e-05
7.49127e-05
8.56088e-05
9.78425e-05
0.000111217
0.000125477
0.000140452
0.000155927
0.000171473
0.000186361
0.000199589
0.000209895
0.000215787
0.000215799
0.000208814
0.000194047
0.00017087
0.000138874
9.79484e-05
4.82159e-05
-9.87734e-06
-7.52851e-05
-0.000146103
-0.000219419
-0.000291337
-0.000357482
-0.000413877
-0.000457366
-0.000485484
-0.000496487
-0.00048949
-0.000464398
-0.000421854
-0.000363268
-0.000290893
-0.000207997
-0.000118896
-2.85166e-05
5.82454e-05
0.000136848
0.000203264
0.000254314
0.00028786
0.000302684
0.000298374
0.000275413
0.00023525
0.000180209
0.000113387
3.85505e-05
-4.00648e-05
-0.000118069
-0.000191208
-0.000255608
-0.000307946
-0.000345561
-0.000366501
-0.000369485
-0.00035387
-0.000319686
-0.000267693
-0.000199421
-0.000117201
-2.41283e-05
7.60868e-05
0.000179263
0.000280897
0.000376434
0.00046161
0.000532594
0.000585967
0.000618769
0.000628642
0.000614102
0.000574907
0.000512155
0.000428127
0.000326255
0.000211043
8.75998e-05
-3.89203e-05
-0.00016349
-0.000281203
-0.000387442
-0.000478092
-0.000549621
-0.0005992
-0.000624957
-0.000626178
-0.000603291
-0.000557692
-0.000491658
-0.000408364
-0.000311676
-0.000205787
-9.5102e-05
1.57293e-05
0.000121987
0.000219216
0.000303468
0.000371407
0.000420459
0.000448992
0.000456391
0.000442987
0.000409971
0.000359364
0.000293955
0.000217149
0.000132817
4.51934e-05
-4.12831e-05
-0.000122236
-0.000193639
-0.000252023
-0.000294648
-0.000319643
-0.000326061
-0.000313829
-0.000283647
-0.000236904
-0.000175584
-0.000102148
-1.94393e-05
6.93664e-05
0.000160812
0.000251217
0.000336697
0.000413294
0.000477292
0.000525511
0.000555402
0.000565066
0.000553418
0.000520416
0.00046702
0.00039501
0.000307019
0.000307019
0.000206623
9.80838e-05
-1.40948e-05
-0.000125356
-0.000231119
-0.000327019
-0.000409192
-0.000474333
-0.000519671
-0.000543121
-0.000543524
-0.000520783
-0.000475876
-0.000410875
-0.000328907
-0.000233832
-0.000129804
-2.10428e-05
8.82851e-05
0.000194229
0.000293099
0.000381383
0.000455683
0.000512746
0.000549613
0.000563995
0.000554799
0.000522343
0.000468179
0.000394913
0.00030602
0.000205457
9.72701e-05
-1.45566e-05
-0.000126034
-0.000233058
-0.000331354
-0.000416547
-0.0004845
-0.000531777
-0.000556055
-0.000556357
-0.000533106
-0.000488011
-0.000423802
-0.000343835
-0.000251765
-0.000151439
-4.69135e-05
5.75254e-05
0.000157402
0.000248184
0.000325553
0.000385782
0.000426097
0.00044491
0.000441903
0.00041794
0.000374842
0.000315155
0.00024194
0.000158637
6.89902e-05
-2.29703e-05
-0.000112977
-0.00019666
-0.000269786
-0.000328559
-0.000369957
-0.000391968
-0.000393643
-0.000375056
-0.000337205
-0.000281881
-0.000211558
-0.000129329
-3.88391e-05
5.57725e-05
0.000149963
0.00023904
0.000318531
0.00038446
0.00043351
0.000463213
0.000472083
0.000459593
0.000426124
0.000372913
0.000302016
0.000216292
0.000119427
1.58938e-05
-8.92812e-05
-0.000190896
-0.000283911
-0.000363735
-0.000426524
-0.00046943
-0.000490708
-0.000489604
-0.000466222
-0.000421524
-0.000357387
-0.000276574
-0.000182692
-8.01418e-05
2.60665e-05
0.000130661
0.000228481
0.000314817
0.000385721
0.00043818
0.000470133
0.000480434
0.000468824
0.000435914
0.000383209
0.000313129
0.000228977
0.000134841
3.53852e-05
-6.44735e-05
-0.000159945
-0.000246644
-0.000320775
-0.000379291
-0.000419991
-0.0004415
-0.000443209
-0.000425312
-0.000388892
-0.000335921
-0.000269169
-0.000192075
-0.000108514
-2.25211e-05
6.19675e-05
0.000141327
0.00021239
0.000272502
0.000319519
0.000351863
0.000368599
0.000369468
0.000354891
0.000325963
0.000284414
0.000232509
0.000172879
0.000108313
4.15648e-05
-2.47527e-05
-8.81721e-05
-0.000146418
-0.000197501
-0.000239722
-0.000271623
-0.000292042
-0.000300278
-0.000296242
-0.000280483
-0.000254178
-0.000219136
-0.000177688
-0.000132415
-8.58876e-05
-4.05443e-05
1.42033e-06
3.82459e-05
6.86896e-05
9.18703e-05
0.000107122
0.000114068
0.000112743
0.000103581
8.73835e-05
6.535e-05
3.91217e-05
1.06616e-05
-1.80217e-05
-4.51062e-05
-6.90584e-05
-8.86929e-05
-0.000103202
-0.000112066
-0.000114883
-0.000111268
-0.000100919
-8.37767e-05
-6.01727e-05
-3.09323e-05
2.5367e-06
3.82632e-05
7.39901e-05
0.000107585
0.000137235
0.000161414
0.000178923
0.000188959
0.000191018
0.000184788
0.000170173
0.000147444
0.000117375
8.1267e-05
4.08796e-05
-1.70884e-06
-4.43311e-05
-8.49932e-05
-0.000122085
-0.000154483
-0.000181472
-0.000202509
-0.000217074
-0.000224702
-0.000225016
-0.000217794
-0.000203196
-0.000181955
-0.000155299
-0.000124713
-9.17706e-05
-5.80075e-05
-2.48239e-05
6.51363e-06
3.47873e-05
5.87527e-05
7.71238e-05
8.86555e-05
9.23495e-05
8.77033e-05
7.48373e-05
5.44804e-05
2.79031e-05
-3.21994e-06
-3.70693e-05
-7.19319e-05
-0.00010625
-0.00013854
-0.000167387
-0.000191472
-0.000209569
-0.000220583
-0.000223729
-0.000218714
-0.000205778
-0.000185586
-0.000159078
-0.00012733
-9.14567e-05
-5.25219e-05
-1.15203e-05
3.05415e-05
7.25478e-05
0.000113257
0.000151401
0.000185821
0.000215563
0.000239941
0.000258518
0.000271025
0.000277248
0.00027699
0.000270096
0.000256517
0.000236462
0.00021056
0.000179806
0.000145388
0.000108576
7.06009e-05
3.24781e-05
-5.01376e-06
-4.12159e-05
-7.54633e-05
-0.00010699
-0.000134872
-0.000158086
-0.00017574
-0.00018731
-0.000192727
-0.000192352
-0.000186917
-0.000177435
-0.00016505
-0.000150846
-0.000135784
-0.000120796
-0.000106842
-9.48313e-05
-8.55044e-05
-7.93883e-05
-7.67527e-05
-7.75022e-05
-8.1128e-05
-8.68535e-05
-9.38267e-05
-0.000101115
-0.000107649
-0.000112343
-0.000114226
-0.000112426
-0.000106198
-9.50389e-05
-7.87794e-05
-5.75868e-05
-3.19472e-05
-2.61452e-06
2.9509e-05
6.34918e-05
9.84165e-05
0.000133377
0.000167475
0.000199829
0.000229589
0.000255939
0.000278115
0.000295435
0.000307325
0.000313364
0.000313371
0.000307395
0.000307395
0.000295622
0.000278338
0.000255935
0.000228925
0.00019799
0.000163917
0.000127478
8.94083e-05
5.03874e-05
1.10066e-05
-2.81755e-05
-6.65742e-05
-0.000103594
-0.000138597
-0.00017084
-0.00019954
-0.000224056
-0.00024397
-0.000259004
-0.000268957
-0.000273678
-0.000273088
-0.000267234
-0.000256256
-0.000240328
-0.000219738
-0.000194967
-0.00016668
-0.000135727
-0.000103109
-6.98266e-05
-3.67866e-05
-4.76243e-06
2.56299e-05
5.39101e-05
7.96928e-05
0.000102668
0.000122544
0.000138981
0.000151609
0.000160161
0.000164556
0.000164903
0.000161472
0.000154667
0.000144998
0.000133052
0.000119463
0.00010489
9.00523e-05
7.57356e-05
6.26761e-05
5.14462e-05
4.24545e-05
3.59681e-05
3.20583e-05
3.05669e-05
3.11719e-05
3.3454e-05
3.68698e-05
4.0714e-05
4.41722e-05
4.63964e-05
4.65651e-05
4.39683e-05
3.80765e-05
2.8557e-05
1.5275e-05
-1.713e-06
-2.21612e-05
-4.55911e-05
-7.12286e-05
-9.79869e-05
-0.000124487
-0.000149117
-0.00017024
-0.00018649
-0.000196837
-0.000200499
-0.000197016
-0.000186381
-0.000168958
-0.000145338
-0.000116326
-8.30332e-05
-4.69049e-05
-9.64627e-06
2.68952e-05
6.08723e-05
9.05966e-05
0.000114689
0.000132196
0.000142627
0.000145896
0.00014222
0.000132044
0.000116013
9.49435e-05
6.98163e-05
4.18174e-05
1.23376e-05
-1.71202e-05
-4.50735e-05
-7.01676e-05
-9.12494e-05
-0.000107399
-0.00011791
-0.000122239
-0.000119985
-0.000110906
-9.4954e-05
-7.23692e-05
-4.38089e-05
-1.03979e-05
2.63288e-05
6.44909e-05
0.00010196
0.000136617
0.000166656
0.000190626
0.000207296
0.000215646
0.000214928
0.000204657
0.000184645
0.000155162
0.000117088
7.19758e-05
2.1982e-05
-3.03575e-05
-8.24468e-05
-0.000131884
-0.000176574
-0.000214783
-0.000245134
-0.000266532
-0.000278093
-0.000279165
-0.000269411
-0.000248934
-0.000218373
-0.000178943
-0.000132409
-8.09064e-05
-2.66841e-05
2.80447e-05
8.11408e-05
0.00013058
0.000174515
0.000211304
0.000239496
0.000257886
0.000265646
0.000262469
0.000248654
0.000225103
0.000193234
0.000154861
0.00011207
6.70571e-05
2.20013e-05
-2.09835e-05
-5.98731e-05
-9.28199e-05
-0.000118262
-0.000135012
-0.000142338
-0.000140024
-0.000128402
-0.00010832
-8.1037e-05
-4.80945e-05
-1.1183e-05
2.79457e-05
6.75421e-05
0.000105918
0.000141497
0.000172837
0.000198661
0.000217945
0.000230018
0.00023458
0.000231658
0.000221568
0.000204896
0.000182466
0.00015526
0.000124374
9.10131e-05
5.65089e-05
2.23142e-05
-1.00534e-05
-3.91106e-05
-6.34874e-05
-8.19974e-05
-9.37445e-05
-9.82091e-05
-9.52136e-05
-8.48468e-05
-6.74652e-05
-4.37222e-05
-1.45763e-05
1.86909e-05
5.44716e-05
9.08919e-05
0.000125929
0.000157559
0.000183954
0.00020366
0.000215622
0.000219133
0.00021383
0.000199699
0.000177059
0.000146567
0.000109254
6.65337e-05
2.01472e-05
-2.79353e-05
-7.56648e-05
-0.000121087
-0.000162482
-0.000198442
-0.000227925
-0.000250259
-0.000265104
-0.000272397
-0.000272352
-0.00026549
-0.000252643
-0.000234906
-0.000213603
-0.000190224
-0.000166318
-0.000143356
-0.000122632
-0.000105198
-9.18689e-05
-8.3249e-05
-7.973e-05
-8.14537e-05
-8.83025e-05
-9.98897e-05
-0.000115558
-0.00013443
-0.000155465
-0.000177519
-0.000199424
-0.000220061
-0.000238395
-0.000253469
-0.000264399
-0.000270381
-0.00027074
-0.000264997
-0.00025294
-0.000234733
-0.000210937
-0.000182431
-0.000150365
-0.000116112
-8.11261e-05
-4.67652e-05
-1.42605e-05
1.52163e-05
4.05597e-05
6.0807e-05
7.51833e-05
8.31396e-05
8.443e-05
7.91938e-05
6.79752e-05
5.16716e-05
3.14505e-05
8.64941e-06
-1.53257e-05
-3.90688e-05
-6.12127e-05
-8.04665e-05
-9.56845e-05
-0.000105969
-0.000110719
-0.000109616
-0.000102645
-9.01183e-05
-7.26304e-05
-5.09747e-05
-2.61226e-05
7.77479e-07
2.84557e-05
5.55962e-05
8.08936e-05
0.000103122
0.00012122
0.000134368
0.000142023
0.00014394
0.000140169
0.000131057
0.000117222
9.9504e-05
7.89239e-05
5.66482e-05
3.3922e-05
1.19939e-05
-7.92287e-06
-2.46764e-05
-3.72368e-05
-4.47669e-05
-4.66696e-05
-4.26193e-05
-3.25806e-05
-1.68106e-05
4.13796e-06
2.94161e-05
5.79054e-05
8.82926e-05
0.00011917
0.000149115
0.000176747
0.000200799
0.000220188
0.000220188
0.000234049
0.000241718
0.000242713
0.000236742
0.000223727
0.000203851
0.000177646
0.000146006
0.0001101
7.1301e-05
3.11343e-05
-8.7899e-06
-4.68815e-05
-8.16527e-05
-0.000111751
-0.000135965
-0.000153257
-0.000162843
-0.00016427
-0.000157431
-0.000142563
-0.000120271
-9.15138e-05
-5.75075e-05
-1.96606e-05
2.04751e-05
6.12823e-05
0.000101168
0.000138629
0.000172292
0.00020095
0.000223609
0.000239507
0.000248115
0.000249136
0.000242566
0.000228776
0.000208516
0.000182827
0.000152986
0.000120469
8.6834e-05
5.35808e-05
2.21078e-05
-6.2676e-06
-3.03287e-05
-4.90275e-05
-6.15581e-05
-6.7433e-05
-6.65565e-05
-5.92694e-05
-4.63355e-05
-2.88656e-05
-8.1869e-06
1.42958e-05
3.71771e-05
5.90911e-05
7.87793e-05
9.51481e-05
0.000107267
0.000114356
0.000115851
0.000111488
0.000101338
8.58266e-05
6.57605e-05
4.22858e-05
1.67682e-05
-9.32301e-06
-3.45117e-05
-5.74028e-05
-7.67654e-05
-9.15829e-05
-0.000101017
-0.000104366
-0.00010112
-9.1037e-05
-7.42002e-05
-5.1094e-05
-2.26898e-05
9.5566e-06
4.37974e-05
7.794e-05
0.000109884
0.000137794
0.000160182
0.000175819
0.000183722
0.000183183
0.000173736
0.000155188
0.000127761
9.22594e-05
5.01823e-05
3.71785e-06
-4.44729e-05
-9.1668e-05
-0.000135378
-0.000173423
-0.000204019
-0.00022586
-0.000238063
-0.00024007
-0.000231618
-0.000212811
-0.000184247
-0.000147103
-0.000103116
-5.44783e-05
-3.65534e-06
4.68463e-05
9.47203e-05
0.000138022
0.000175213
0.000205137
0.00022697
0.000240186
0.000244552
0.000240152
0.000227453
0.00020736
0.000181201
0.000150639
0.000117506
8.36215e-05
5.06593e-05
2.01073e-05
-6.75001e-06
-2.88458e-05
-4.53168e-05
-5.54963e-05
-5.8953e-05
-5.55562e-05
-4.55449e-05
-2.95759e-05
-8.74984e-06
1.53917e-05
4.09777e-05
6.6053e-05
8.87799e-05
0.000107515
0.000120891
0.00012794
0.0001281
0.000121112
0.000106915
8.56709e-05
5.78462e-05
2.42253e-05
-1.41169e-05
-5.58123e-05
-9.92236e-05
-0.000142563
-0.000184029
-0.000221883
-0.000254525
-0.000280656
-0.000299382
-0.000310161
-0.00031273
-0.000307098
-0.000293552
-0.000272635
-0.000245117
-0.000212007
-0.000174591
-0.000134425
-9.32654e-05
-5.29765e-05
-1.5397e-05
1.78055e-05
4.52428e-05
6.58693e-05
7.90098e-05
8.4353e-05
8.19231e-05
7.20461e-05
5.53274e-05
3.26555e-05
5.23627e-06
-2.5395e-05
-5.74377e-05
-8.89425e-05
-0.00011794
-0.000142598
-0.000161419
-0.00017339
-0.000177984
-0.000175067
-0.000164864
-0.000147928
-0.000125038
-9.71374e-05
-6.54146e-05
-3.13756e-05
3.24797e-06
3.66581e-05
6.71376e-05
9.3212e-05
0.000113799
0.000128273
0.000136438
0.000138437
0.000134643
0.000125572
0.000111865
9.43108e-05
7.38367e-05
5.1475e-05
2.83281e-05
5.53727e-06
-1.57982e-05
-3.47399e-05
-5.05864e-05
-6.28851e-05
-7.14087e-05
-7.61136e-05
-7.7119e-05
-7.46905e-05
-6.92043e-05
-6.11097e-05
-5.09052e-05
-3.91192e-05
-2.63067e-05
-1.30407e-05
1.26429e-07
1.26988e-05
2.42332e-05
3.43375e-05
4.27163e-05
4.92091e-05
5.37765e-05
5.64743e-05
5.74448e-05
5.68957e-05
5.50605e-05
5.21756e-05
4.84902e-05
4.42783e-05
3.98374e-05
3.5492e-05
3.15837e-05
2.84417e-05
2.63473e-05
2.55062e-05
2.60439e-05
2.80345e-05
3.15402e-05
3.66412e-05
4.3451e-05
5.20964e-05
6.25955e-05
7.46829e-05
8.7765e-05
0.00010102
0.000113482
0.00012412
0.000132048
0.000136721
0.000137864
0.000135275
0.000128786
0.000118279
0.000103651
8.48563e-05
6.20778e-05
3.58657e-05
7.1267e-06
-2.29822e-05
-5.31823e-05
-8.22156e-05
-0.000108975
-0.000132566
-0.000152264
-0.000167443
-0.000177575
-0.000182279
-0.000181325
-0.000174606
-0.000162219
-0.000144543
-0.000122221
-9.61166e-05
-6.72518e-05
-3.6721e-05
-5.61305e-06
2.50397e-05
5.42839e-05
8.12231e-05
0.000104996
0.000124795
0.000139888
0.000149633
0.000153584
0.000151643
0.000144076
0.000131388
0.000114266
9.35338e-05
7.00715e-05
4.47605e-05
1.84953e-05
-7.78106e-06
-3.30624e-05
-5.63082e-05
-7.65097e-05
-9.27813e-05
-0.000104455
-0.00011114
-0.000112707
-0.000109225
-0.000100921
-8.81851e-05
-7.15504e-05
-5.16529e-05
-2.92337e-05
-5.1877e-06
1.94268e-05
4.34608e-05
6.57849e-05
8.53677e-05
0.000101334
0.000101334
0.000113033
0.000120087
0.000122374
0.000119969
0.00011311
0.000102193
8.77866e-05
7.06211e-05
5.15748e-05
3.16634e-05
1.19695e-05
-6.49764e-06
-2.29381e-05
-3.68126e-05
-4.78037e-05
-5.57789e-05
-6.07856e-05
-6.30061e-05
-6.26957e-05
-6.0186e-05
-5.59196e-05
-5.04635e-05
-4.44958e-05
-3.87546e-05
-3.39474e-05
-3.06442e-05
-2.91889e-05
-2.96668e-05
-3.19447e-05
-3.57358e-05
-4.0657e-05
-4.6316e-05
-5.24003e-05
-5.86461e-05
-6.47407e-05
-7.03127e-05
-7.49687e-05
-7.82977e-05
-7.99007e-05
-7.94909e-05
-7.69823e-05
-7.249e-05
-6.62773e-05
-5.8697e-05
-5.01275e-05
-4.09139e-05
-3.13392e-05
-2.16385e-05
-1.20419e-05
-2.80319e-06
5.79632e-06
1.34578e-05
1.9894e-05
2.48803e-05
2.83025e-05
3.01729e-05
3.06059e-05
2.97831e-05
2.79273e-05
2.52714e-05
2.20241e-05
1.83541e-05
1.43819e-05
1.01797e-05
5.7976e-06
1.27542e-06
-3.37464e-06
-8.1509e-06
-1.30298e-05
-1.80064e-05
-2.31427e-05
-2.85397e-05
-3.42998e-05
-4.05176e-05
-4.72613e-05
-5.45413e-05
-6.22933e-05
-7.03888e-05
-7.86687e-05
-8.69802e-05
-9.51953e-05
-0.000103215
-0.000110961
-0.00011834
-0.000125217
-0.000131436
-0.000136849
-0.000141342
-0.000144837
-0.000147315
-0.000148828
-0.00014948
-0.000149404
-0.000148738
-0.000147607
-0.000146111
-0.000144291
-0.000142122
-0.00013953
-0.000136433
-0.000132734
-0.000128286
-0.00012286
-0.000116141
-0.000107788
-9.74945e-05
-8.50106e-05
-7.02226e-05
-5.32439e-05
-3.44078e-05
-1.41641e-05
7.01232e-06
2.86423e-05
5.02349e-05
7.12709e-05
9.11696e-05
0.000109286
0.000124952
0.000137535
0.000146509
0.000151512
0.000152382
0.000149178
0.000142139
0.000131609
0.000117974
0.000101641
8.30531e-05
6.27127e-05
4.12031e-05
1.91659e-05
-2.72184e-06
-2.3776e-05
-4.33612e-05
-6.09487e-05
-7.61376e-05
-8.86256e-05
-9.81356e-05
-0.000104326
-0.00010679
-0.000105196
-9.93944e-05
-8.94219e-05
-7.55219e-05
-5.81983e-05
-3.81674e-05
-1.62269e-05
6.8437e-06
3.03049e-05
5.34237e-05
7.54344e-05
9.55288e-05
0.000112885
0.000126719
0.000136367
0.000141386
0.000141627
0.000137248
0.000128677
0.000116543
0.000101602
8.46477e-05
6.64765e-05
4.78895e-05
2.97005e-05
1.27232e-05
-2.2533e-06
-1.4509e-05
-2.3465e-05
-2.87477e-05
-3.02092e-05
-2.79219e-05
-2.21625e-05
-1.33669e-05
-2.07643e-06
1.10971e-05
2.54973e-05
4.04291e-05
5.5159e-05
6.89478e-05
8.10942e-05
9.09859e-05
9.81754e-05
0.000102433
0.000103746
0.000102304
9.8468e-05
9.26942e-05
8.54721e-05
7.73059e-05
6.87315e-05
6.0308e-05
5.25977e-05
4.61573e-05
4.15139e-05
3.90952e-05
3.91445e-05
4.16742e-05
4.64656e-05
5.31143e-05
6.11286e-05
7.00085e-05
7.92589e-05
8.83978e-05
9.69718e-05
0.000104536
0.000110623
0.00011476
0.000116515
0.00011556
0.000111729
0.000105055
9.57608e-05
8.42066e-05
7.08277e-05
5.60856e-05
4.04434e-05
2.43542e-05
8.27037e-06
-7.3339e-06
-2.19518e-05
-3.50482e-05
-4.6073e-05
-5.45157e-05
-6.00042e-05
-6.23588e-05
-6.15715e-05
-5.77722e-05
-5.11867e-05
-4.20799e-05
-3.07339e-05
-1.74586e-05
-2.61339e-06
1.3353e-05
2.98729e-05
4.62754e-05
6.18567e-05
7.59702e-05
8.80944e-05
9.78659e-05
0.000105081
0.000109669
0.000111656
0.000111125
0.000108205
0.000103088
9.60504e-05
8.74534e-05
7.77474e-05
6.74616e-05
5.7156e-05
4.73545e-05
3.8473e-05
3.07447e-05
2.41723e-05
1.85502e-05
1.35615e-05
8.90189e-06
4.39144e-06
4.03021e-08
-4.00473e-06
-7.61389e-06
-1.07717e-05
-1.35744e-05
-1.62121e-05
-1.89301e-05
-2.19247e-05
-2.52277e-05
-2.86779e-05
-3.20173e-05
-3.50258e-05
-3.76052e-05
-3.98188e-05
-4.18922e-05
-4.41423e-05
-4.6857e-05
-5.02078e-05
-5.42291e-05
-5.88386e-05
-6.3888e-05
-6.92313e-05
-7.47689e-05
-8.04177e-05
-8.60344e-05
-9.13843e-05
-9.61528e-05
-9.99514e-05
-0.000102347
-0.000102939
-0.000101445
-9.77423e-05
-9.18344e-05
-8.37883e-05
-7.37207e-05
-6.18166e-05
-4.83433e-05
-3.36745e-05
-1.8311e-05
-2.86337e-06
1.19907e-05
2.55653e-05
3.72491e-05
4.65823e-05
5.32746e-05
5.71853e-05
5.8311e-05
5.67675e-05
5.27555e-05
4.65465e-05
3.85015e-05
2.90871e-05
1.88656e-05
8.47005e-06
-1.43757e-06
-1.02264e-05
-1.73544e-05
-2.24156e-05
-2.51724e-05
-2.55581e-05
-2.36557e-05
-1.96724e-05
-1.39287e-05
-1.39287e-05
-6.85365e-06
1.02597e-06
9.10022e-06
1.67192e-05
2.32615e-05
2.81581e-05
3.0904e-05
3.11282e-05
2.86575e-05
2.34976e-05
1.57815e-05
5.75272e-06
-6.22704e-06
-1.96982e-05
-3.41336e-05
-4.89525e-05
-6.35437e-05
-7.72977e-05
-8.96396e-05
-0.000100068
-0.000108185
-0.000113701
-0.000116434
-0.000116302
-0.000113303
-0.000107475
-9.8866e-05
-8.75565e-05
-7.37183e-05
-5.76344e-05
-3.96594e-05
-2.02136e-05
2.02364e-07
2.10144e-05
4.15806e-05
6.12163e-05
7.92389e-05
9.49868e-05
0.000107835
0.000117261
0.000122919
0.000124635
0.000122358
0.00011618
0.000106354
9.32746e-05
7.74598e-05
5.95686e-05
4.03896e-05
2.07908e-05
1.63874e-06
-1.62865e-05
-3.23569e-05
-4.61296e-05
-5.73453e-05
-6.59049e-05
-7.18386e-05
-7.5253e-05
-7.62718e-05
-7.50225e-05
-7.16694e-05
-6.64271e-05
-5.95518e-05
-5.13707e-05
-4.23191e-05
-3.28724e-05
-2.34275e-05
-1.42802e-05
-5.65023e-06
2.32227e-06
9.55524e-06
1.59592e-05
2.13907e-05
2.56469e-05
2.84917e-05
2.97188e-05
2.92324e-05
2.70862e-05
2.3467e-05
1.86494e-05
1.29405e-05
6.63179e-06
-2.7565e-08
-6.82402e-06
-1.35497e-05
-1.99664e-05
-2.57792e-05
-3.06486e-05
-3.42475e-05
-3.63167e-05
-3.67007e-05
-3.5379e-05
-3.24733e-05
-2.82244e-05
-2.29421e-05
-1.69513e-05
-1.05701e-05
-4.11468e-06
2.09485e-06
7.73143e-06
1.24659e-05
1.59709e-05
1.7942e-05
1.81566e-05
1.65285e-05
1.3119e-05
8.12448e-06
1.84377e-06
-5.36814e-06
-1.31409e-05
-2.11126e-05
-2.89442e-05
-3.6319e-05
-4.2926e-05
-4.84558e-05
-5.26196e-05
-5.51835e-05
-5.60179e-05
-5.51386e-05
-5.27157e-05
-4.90533e-05
-4.45468e-05
-3.96341e-05
-3.47439e-05
-3.02485e-05
-2.64662e-05
-2.36917e-05
-2.21799e-05
-2.2111e-05
-2.35841e-05
-2.66192e-05
-3.11438e-05
-3.69716e-05
-4.38017e-05
-5.12342e-05
-5.87887e-05
-6.59335e-05
-7.21265e-05
-7.6854e-05
-7.96643e-05
-8.01901e-05
-7.81745e-05
-7.34963e-05
-6.61556e-05
-5.62525e-05
-4.40156e-05
-2.98429e-05
-1.42805e-05
2.04439e-06
1.84596e-05
3.42599e-05
4.87538e-05
6.13186e-05
7.143e-05
7.86936e-05
8.286e-05
8.38302e-05
8.16823e-05
7.66815e-05
6.92397e-05
5.98644e-05
4.91269e-05
3.76305e-05
2.59687e-05
1.4696e-05
4.3285e-06
-4.64966e-06
-1.181e-05
-1.68267e-05
-1.94965e-05
-1.97404e-05
-1.76124e-05
-1.32859e-05
-7.00918e-06
9.35974e-07
1.02592e-05
2.06787e-05
3.19095e-05
4.362e-05
5.54281e-05
6.69427e-05
7.77719e-05
8.75154e-05
9.58048e-05
0.000102356
0.000106981
0.000109575
0.000110106
0.000108609
0.000105182
9.99804e-05
9.32139e-05
8.51483e-05
7.61191e-05
6.65199e-05
5.67777e-05
4.73352e-05
3.86252e-05
3.10291e-05
2.48481e-05
2.02971e-05
1.75064e-05
1.65261e-05
1.73292e-05
1.98132e-05
2.38129e-05
2.91026e-05
3.53729e-05
4.22303e-05
4.92288e-05
5.58932e-05
6.17396e-05
6.63253e-05
6.93029e-05
7.04492e-05
6.96705e-05
6.69842e-05
6.24993e-05
5.64106e-05
4.89748e-05
4.04777e-05
3.12517e-05
2.17047e-05
1.22959e-05
3.49436e-06
-4.26209e-06
-1.06188e-05
-1.53447e-05
-1.83497e-05
-1.96752e-05
-1.94505e-05
-1.78328e-05
-1.49717e-05
-1.10194e-05
-6.15905e-06
-6.15334e-07
5.33898e-06
1.13764e-05
1.71377e-05
2.22867e-05
2.65538e-05
2.97405e-05
3.17046e-05
3.23475e-05
3.16074e-05
2.94505e-05
2.58584e-05
2.08472e-05
1.45105e-05
7.03754e-06
-1.29508e-06
-1.01446e-05
-1.91398e-05
-2.79141e-05
-3.61259e-05
-4.34858e-05
-4.97668e-05
-5.47888e-05
-5.84182e-05
-6.05917e-05
-6.13317e-05
-6.07468e-05
-5.90263e-05
-5.6432e-05
-5.32846e-05
-4.99411e-05
-4.6763e-05
-4.40858e-05
-4.22097e-05
-4.13973e-05
-4.18621e-05
-4.37582e-05
-4.71793e-05
-5.21497e-05
-5.86124e-05
