-5.0277e-10
-7.7511e-09
-5.21307e-08
-2.06003e-07
-5.4229e-07
-1.03381e-06
-1.54543e-06
-1.97978e-06
-2.3593e-06
-2.71962e-06
-3.01805e-06
-3.19217e-06
-3.2266e-06
-3.14214e-06
-2.9831e-06
-2.80106e-06
-2.60414e-06
-2.35506e-06
-2.03791e-06
-1.68993e-06
-1.36941e-06
-1.12146e-06
-9.71723e-07
-9.3725e-07
-1.03712e-06
-1.29131e-06
-1.70899e-06
-2.27923e-06
-2.97666e-06
-3.77892e-06
-4.67703e-06
-5.66752e-06
-6.73722e-06
-7.85594e-06
-8.98019e-06
-1.00638e-05
-1.10672e-05
-1.19568e-05
-1.27008e-05
-1.32708e-05
-1.36458e-05
-1.38133e-05
-1.37667e-05
-1.35004e-05
-1.30037e-05
-1.2264e-05
-1.12777e-05
-1.00554e-05
-8.61571e-06
-6.97947e-06
-5.16667e-06
-3.19543e-06
-1.08395e-06
1.1474e-06
3.48012e-06
5.90132e-06
8.39898e-06
1.09551e-05
1.35461e-05
1.61478e-05
1.87416e-05
2.13192e-05
2.38828e-05
2.64389e-05
2.89943e-05
3.15561e-05
3.41305e-05
3.67198e-05
3.93154e-05
4.18901e-05
4.43957e-05
4.67678e-05
4.89308e-05
5.07998e-05
5.2286e-05
5.33048e-05
5.37839e-05
5.36671e-05
5.2913e-05
5.14885e-05
4.93653e-05
4.65188e-05
4.29277e-05
3.85753e-05
3.34552e-05
2.75791e-05
2.09833e-05
1.37333e-05
5.92052e-06
-2.35124e-06
-1.09832e-05
-1.98903e-05
-2.90059e-05
-3.82814e-05
-4.76797e-05
-5.71659e-05
-6.66967e-05
-7.62087e-05
-8.56074e-05
-9.47704e-05
-0.000103563
-0.000111852
-0.00011951
-0.00012642
-0.000132485
-0.000137641
-0.000141854
-0.000145109
-0.000147394
-0.000148688
-0.000148944
-0.000148095
-0.000146054
-0.000142734
-0.000138073
-0.000132054
-0.000124731
-0.000116228
-0.000106716
-9.63861e-05
-8.54301e-05
-7.40211e-05
-6.22826e-05
-5.02624e-05
-3.79209e-05
-2.51389e-05
-1.17373e-05
2.50019e-06
1.78e-05
3.43593e-05
5.23059e-05
7.1687e-05
9.24765e-05
0.00011457
0.000137764
0.000161749
0.000186097
0.000210261
0.000233579
0.000255294
0.000274574
0.00029055
0.000302389
0.000309365
0.000310917
0.000306678
0.000296448
0.0002801
0.000257446
0.000228183
0.000191932
0.00014836
9.73985e-05
3.9577e-05
-2.3735e-05
-9.03573e-05
-0.000157516
-0.00022206
-0.000280734
-0.000330607
-0.000369484
-0.000396037
-0.000409728
-0.000410724
-0.000399779
-0.000378018
-0.000346751
-0.000307419
-0.00026161
-0.000211022
-0.000157414
-0.000102556
-4.81249e-05
4.44861e-06
5.41181e-05
0.000100279
0.000142757
0.000181739
0.000217661
0.000251051
0.000282333
0.000311578
0.000338308
0.000361559
0.000380203
0.000393274
0.000400141
0.000400719
0.000395796
0.000387199
0.000377557
0.000369834
0.000366896
0.000371183
0.000384453
0.000407682
0.00044117
0.000484758
0.000538002
0.000600256
0.000670509
0.000746726
0.000824783
0.000897617
0.000955099
0.000984679
0.000973041
0.000909096
0.000787156
0.000608262
0.000379639
0.000113919
-0.000171925
-0.000459244
-0.000731066
-0.000973838
-0.00117763
-0.00133629
-0.00144732
-0.00151068
-0.00152755
-0.00150005
-0.00143164
-0.00132732
-0.00119362
-0.0010386
-0.000871344
-0.000700979
-0.000535744
-0.000382423
-0.000246169
-0.000130664
-3.85387e-05
2.83076e-05
6.87234e-05
8.25134e-05
7.07315e-05
3.60508e-05
-1.69874e-05
-8.21048e-05
-0.000151781
-0.000217957
-0.000272855
-0.000309708
-0.000323149
-0.000309218
-0.00026519
-0.000189462
-8.15519e-05
5.78012e-05
0.000226474
0.000420794
0.000635525
0.000864049
0.00109872
0.00133133
0.00155355
0.00175747
0.00193597
0.00208304
0.00219397
0.00226564
0.00229653
0.00228655
0.00223652
0.00214771
0.0020211
0.00185641
0.00165065
0.00139628
0.00108041
0.000687741
0.000207894
-0.000355962
-0.000983334
-0.00163982
-0.00228315
-0.00286722
-0.00334619
-0.00368184
-0.00385087
-0.00384679
-0.00367708
-0.00335939
-0.00291712
-0.0023747
-0.00175537
-0.00108203
-0.000378486
0.000330572
0.00101959
0.00166205
0.00223174
0.00270549
0.00306595
0.00330324
0.0034151
0.00340487
0.0032774
0.00303442
0.00267265
0.0021868
0.00157728
0.000859337
6.71783e-05
-0.000750633
-0.00153968
-0.00224538
-0.00281756
-0.00321824
-0.00342889
-0.00345029
-0.00329685
-0.00299075
-0.00255757
-0.00202352
-0.00141562
-0.000764031
-0.000103229
0.000529623
0.00109735
0.00156502
0.00156502
0.00190177
0.00208283
0.00209241
0.00192631
0.00159197
0.00110626
0.000493622
-0.000213506
-0.000973773
-0.00173742
-0.00244902
-0.00305222
-0.00349612
-0.00374176
-0.00376703
-0.00356922
-0.00316502
-0.00258788
-0.00188269
-0.00109929
-0.000287063
0.000508188
0.00124528
0.00188806
0.00240615
0.00277597
0.00298171
0.00301628
0.00288267
0.00259486
0.00217738
0.00166285
0.00108836
0.000491746
-9.15438e-05
-0.00063075
-0.00110104
-0.00148341
-0.00176409
-0.00193447
-0.00199126
-0.00193637
-0.0017767
-0.00152387
-0.00119371
-0.000805158
-0.000379442
6.01708e-05
0.00048861
0.000879911
0.00120895
0.0014538
0.00159848
0.00163527
0.0015654
0.00139789
0.00114807
0.000836381
0.000486167
0.000120359
-0.000241091
-0.000581702
-0.000887729
-0.00114739
-0.00135023
-0.00148692
-0.00154976
-0.00153433
-0.00144146
-0.0012795
-0.00106581
-0.000824817
-0.000582387
-0.000360067
-0.000172416
-2.63278e-05
7.9164e-05
0.000151387
0.000200625
0.000237311
0.000270618
0.000307079
0.000349803
0.000399744
0.000457279
0.00052095
0.000583263
0.000626851
0.000625552
0.000552815
0.000392708
0.000144954
-0.000176814
-0.000546764
-0.000927425
-0.00127472
-0.00154725
-0.00171339
-0.00175478
-0.00166916
-0.00147107
-0.00118785
-0.000852696
-0.000498596
-0.000153934
0.00016061
0.00043329
0.000659763
0.000839816
0.000975179
0.00106944
0.00112774
0.0011549
0.00115385
0.00112616
0.00107363
0.000999375
0.000908181
0.000805927
0.000698186
0.000589141
0.000481772
0.000378672
0.000282338
0.000194954
0.000118367
5.44162e-05
5.33138e-06
-2.60204e-05
-3.64994e-05
-2.38169e-05
1.24465e-05
7.08482e-05
0.000148866
0.000243604
0.000352047
0.00047085
0.000595745
0.00072084
0.000838226
0.00093807
0.00100907
0.00103951
0.00101933
0.000942656
0.000809449
0.000625832
0.000403758
0.000159903
-8.67614e-05
-0.000317868
-0.000517289
-0.000671495
-0.000769888
-0.000805207
-0.000773295
-0.000672502
-0.000503482
-0.000269356
2.40842e-05
0.000367854
0.000748765
0.00114839
0.00154285
0.00190381
0.00220096
0.00240606
0.00249827
0.00246809
0.00231753
0.00205801
0.00170845
0.0012929
0.000835984
0.0003587
-0.000122355
-0.000593384
-0.0010418
-0.00145456
-0.00181663
-0.00211125
-0.00232225
-0.0024363
-0.0024446
-0.00234461
-0.00214134
-0.0018467
-0.00147712
-0.00105104
-0.000587159
-0.000103544
0.000382572
0.000854581
0.00129636
0.00169276
0.00203049
0.00229914
0.00249184
0.00260579
0.00264222
0.00260584
0.00250389
0.00234508
0.00213909
0.0018963
0.00162747
0.00134267
0.00104934
0.000749635
0.000439753
0.000113484
-0.000231987
-0.000592113
-0.000953509
-0.00129394
-0.00158538
-0.00180042
-0.0019182
-0.00192799
-0.00183266
-0.0016511
-0.00141479
-0.00115951
-0.000918049
-0.000716214
-0.00056964
-0.00048181
-0.000446137
-0.000451199
-0.000484939
-0.000536286
-0.000595826
-0.000656199
-0.000711455
-0.000755781
-0.000782907
-0.000786516
-0.000760999
-0.000702234
-0.000608284
-0.000479543
-0.000318041
-0.000126262
9.35521e-05
0.000338892
0.000605188
0.000883272
0.00115727
0.00140457
0.00159879
0.00171576
0.00174042
0.0016708
0.00151667
0.00129582
0.00103136
0.00074883
0.000470889
0.00021231
-2.04497e-05
-0.000226172
-0.000405252
-0.000556104
-0.000672108
-0.000741242
-0.000749213
-0.000684757
-0.000546227
-0.000348042
-0.000121997
8.99899e-05
0.000247069
0.000317732
0.000284781
0.000148691
-7.34038e-05
-0.000354165
-0.000662909
-0.000970255
-0.00125364
-0.00150325
-0.00172299
-0.00192496
-0.00212158
-0.00231898
-0.00251246
-0.00268482
-0.00280869
-0.0028524
-0.00278688
-0.00259119
-0.00225662
-0.00178974
-0.00121293
-0.000561032
0.000124573
0.000801753
0.00143199
0.00198313
0.0024303
0.00275513
0.00294395
0.00298636
0.00287494
0.00260629
0.0021839
0.00162128
0.000943089
0.000183727
-0.000615016
-0.00140672
-0.00214438
-0.00278492
-0.00329227
-0.00363869
-0.0038053
-0.00378191
-0.00356651
-0.00316556
-0.00259583
-0.00188657
-0.00107963
-0.00107963
-0.000225727
0.000622919
0.00141998
0.00212835
0.00272049
0.00317925
0.0034984
0.00368019
0.00373081
0.00365758
0.00346851
0.0031731
0.00278405
0.00231979
0.0018052
0.00126938
0.000742139
0.000250581
-0.000184108
-0.000549043
-0.000839814
-0.0010587
-0.00121242
-0.00130984
-0.00135961
-0.00136825
-0.00134019
-0.00127919
-0.00118977
-0.00107739
-0.000948204
-0.000808929
-0.000666543
-0.000527424
-0.000396579
-0.000277591
-0.000172817
-8.32912e-05
-8.61662e-06
5.28859e-05
0.000103955
0.000147876
0.000187137
0.00022176
0.000248602
0.00026191
0.000254306
0.000218073
0.00014741
4.13315e-05
-9.46349e-05
-0.00024907
-0.000406629
-0.000550122
-0.000662986
-0.000732408
-0.00075175
-0.000720932
-0.000645459
-0.00053532
-0.000403402
-0.00026298
-0.000125484
8.69152e-08
0.000106763
0.000189457
0.000244845
0.000270559
0.000264454
0.000224915
0.000151678
4.61686e-05
-8.83491e-05
-0.00024635
-0.000419867
-0.000598896
-0.000771872
-0.000925996
-0.0010479
-0.00112481
-0.00114574
-0.00110223
-0.000989135
-0.00080576
-0.000556799
-0.000252248
9.38432e-05
0.000464804
0.000842461
0.00120863
0.00154734
0.0018467
0.00209934
0.00230154
0.00245193
0.00255028
0.00259593
0.00258635
0.00251664
0.00238088
0.00217406
0.00189415
0.00154379
0.00113158
0.000671761
0.000182516
-0.00031578
-0.000801969
-0.00125575
-0.00165944
-0.00199897
-0.00226407
-0.00244833
-0.00254947
-0.00256915
-0.00251203
-0.00238473
-0.00219524
-0.00195261
-0.00166605
-0.00134407
-0.000994433
-0.000625139
-0.000245156
0.000135285
0.000504357
0.00084861
0.00115402
0.00140783
0.00160011
0.00172473
0.00177992
0.00176833
0.00169629
0.00157248
0.00140684
0.00120998
0.000992456
0.000764134
0.00053379
0.000309039
9.62961e-05
-9.93683e-05
-0.000274282
-0.000425854
-0.000551921
-0.000650244
-0.000718616
-0.000755353
-0.000759771
-0.000732695
-0.000677081
-0.000598307
-0.000503768
-0.000402066
-0.000302075
-0.00021171
-0.000136665
-7.99982e-05
-4.28684e-05
-2.57093e-05
-2.9079e-05
-5.38693e-05
-0.000100656
-0.000168472
-0.000254008
-0.000351689
-0.000453982
-0.000551652
-0.0006346
-0.000693332
-0.000720261
-0.000710352
-0.00066119
-0.000572504
-0.000445355
-0.000281623
-8.40916e-05
0.000143267
0.000395102
0.000664551
0.000943169
0.00122121
0.00148844
0.00173529
0.00195381
0.00213791
0.00228257
0.00238247
0.00243088
0.00241968
0.00234015
0.00218477
0.00195005
0.00163943
0.00126412
0.000841972
0.000396022
-4.74323e-05
-0.00046236
-0.000826927
-0.00112558
-0.00134943
-0.00149625
-0.00156984
-0.00157782
-0.00152942
-0.00143443
-0.00130305
-0.00114513
-0.000969209
-0.000782702
-0.000592773
-0.000406555
-0.000230662
-7.09795e-05
6.70668e-05
0.000178439
0.000258805
0.000304955
0.000315151
0.000289285
0.000228626
0.000135374
1.25164e-05
-0.000136025
-0.000305277
-0.000489037
-0.000679336
-0.000865908
-0.00103646
-0.00117784
-0.00127748
-0.00132466
-0.00131173
-0.00123499
-0.0010948
-0.000895073
-0.000642505
-0.000345793
-1.48389e-05
0.000339766
0.000706733
0.0010739
0.00142831
0.00175646
0.00204472
0.00227995
0.0024503
0.00254608
0.00256044
0.00248979
0.00233424
0.00209813
0.00179036
0.00142411
0.00101613
0.000585814
0.000153908
-0.000259684
-0.000638189
-0.000969267
-0.00124526
-0.00146302
-0.00162304
-0.00172774
-0.00177984
-0.00178196
-0.00173686
-0.00164752
-0.0015172
-0.00135043
-0.00115404
-0.000937003
-0.000709412
-0.00048138
-0.000262193
-5.96353e-05
0.00012024
0.000272932
0.000395306
0.000485504
0.000542663
0.000566464
0.000556974
0.000514928
0.000442088
0.000341396
0.000217062
7.48169e-05
-7.78888e-05
-0.000232133
-0.000378213
-0.000506625
-0.000609486
-0.000682075
-0.000723397
-0.000735365
-0.000721779
-0.00068801
-0.000640763
-0.000587236
-0.000534027
-0.000486403
-0.000448045
-0.000421196
-0.000407103
-0.000406408
-0.000419134
-0.000444323
-0.000479781
-0.000522313
-0.000568241
-0.000613765
-0.000655101
-0.000688556
-0.000710618
-0.000717927
-0.000707001
-0.000673848
-0.000613942
-0.000523025
-0.000523025
-0.000398646
-0.000241963
-5.90305e-05
0.000139337
0.000339306
0.00052626
0.00068663
0.000809775
0.000890022
0.000927508
0.000926887
0.000895098
0.000839645
0.000767381
0.000683593
0.000591877
0.000494929
0.000395504
0.000296958
0.000203451
0.00011982
5.09018e-05
4.90894e-07
-2.94673e-05
-3.90629e-05
-3.01248e-05
-5.69451e-06
3.06378e-05
7.53869e-05
0.000125539
0.000178576
0.0002324
0.000285277
0.000335714
0.000382343
0.000424059
0.000460345
0.000491329
0.000517489
0.000539202
0.00055639
0.000568364
0.000573906
0.000571506
0.000559691
0.00053747
0.000504725
0.000462282
0.000411681
0.000354908
0.00029416
0.000231552
0.000168893
0.000107626
4.8883e-05
-6.41184e-06
-5.73178e-05
-0.000102574
-0.000140458
-0.000168959
-0.000186111
-0.000190372
-0.000181414
-0.000161708
-0.000138138
-0.000121996
-0.000126856
-0.000165458
-0.000246699
-0.000373287
-0.000540889
-0.000739098
-0.000953017
-0.00116473
-0.00135571
-0.00151029
-0.00161812
-0.0016739
-0.00167565
-0.00162354
-0.00151915
-0.00136494
-0.00116428
-0.000921981
-0.00064472
-0.000341112
-2.16805e-05
0.000301412
0.000615309
0.000907731
0.00116772
0.00138563
0.0015528
0.00166172
0.00170667
0.00168459
0.00159579
0.00144468
0.00124024
0.000995445
0.000725684
0.000446756
0.000173218
-8.28918e-05
-0.000312486
-0.000508605
-0.000665012
-0.000775495
-0.000834041
-0.000835171
-0.000774525
-0.000650131
-0.000463783
-0.000221456
6.72047e-05
0.000389389
0.000728974
0.00106542
0.00137236
0.00161791
0.00176836
0.00179458
0.00167872
0.00141876
0.00102877
0.000535623
-2.4923e-05
-0.00061223
-0.00118699
-0.00171849
-0.00218772
-0.00258461
-0.00290324
-0.00313813
-0.00328189
-0.00332498
-0.00325843
-0.0030775
-0.00278389
-0.0023864
-0.00190109
-0.00134997
-0.000757663
-0.00014767
0.000460314
0.00105119
0.00161336
0.00213639
0.0026087
0.00301659
0.00334418
0.00357372
0.00368698
0.0036693
0.00351481
0.00322875
0.00282565
0.00232687
0.00175891
0.00115123
0.000533407
-6.68046e-05
-0.000624675
-0.00112013
-0.00153862
-0.00187027
-0.0021086
-0.00225066
-0.00229748
-0.00225382
-0.00212718
-0.00192705
-0.00166456
-0.00135217
-0.00100329
-0.000631987
-0.000252687
0.000120081
0.000472019
0.00078982
0.00106229
0.00128145
0.00144324
0.00154761
0.00159714
0.00159412
0.00153742
0.00142112
0.00123638
0.000977039
0.000645232
0.000252844
-0.000180633
-0.000629467
-0.0010625
-0.00144701
-0.00175484
-0.00196629
-0.00207094
-0.00206689
-0.0019589
-0.00175592
-0.00147059
-0.00112076
-0.000730362
-0.000328242
5.47049e-05
0.000389659
0.00065406
0.000833816
0.00092372
0.000927687
0.00085789
0.000731013
0.000563448
0.000368805
0.000157975
-5.97452e-05
-0.000274666
-0.000474481
-0.000643787
-0.000765935
-0.000825652
-0.000811346
-0.000717326
-0.000545485
-0.000305306
-1.20766e-05
0.000315582
0.000657853
0.000995221
0.00130938
0.00158367
0.00180331
0.00195577
0.00203159
0.00202516
0.00193474
0.0017625
0.00151498
0.00120359
0.000844303
0.000456638
6.23687e-05
-0.000315996
-0.000656432
-0.000938178
-0.0011432
-0.00125905
-0.00128167
-0.00121587
-0.00107337
-0.000870097
-0.000623846
-0.000352117
-7.05712e-05
0.000207372
0.00047
0.000706642
0.000906943
0.00106005
0.00115476
0.00118129
0.00113373
0.00101163
0.000820598
0.000571861
0.000280806
-3.51575e-05
-0.000358272
-0.000671288
-0.000958046
-0.00120398
-0.00139627
-0.00152381
-0.00157734
-0.00155015
-0.00143916
-0.0012464
-0.000980234
-0.000655672
-0.00029337
8.21268e-05
0.000444236
0.00076634
0.0010245
0.00120036
0.00128297
0.00126919
0.00116355
0.00097717
0.000724609
0.000420412
7.78268e-05
-0.000290477
-0.000671607
-0.00105158
-0.00141392
-0.00173904
-0.00200559
-0.00219234
-0.00227985
-0.00225311
-0.00210482
-0.00183714
-0.00146082
-0.000993066
-0.000455682
0.000126434
0.000726713
0.00131803
0.00187337
0.0023666
0.00277362
0.00307384
0.00325175
0.00329834
0.00321204
0.0029988
0.00267149
0.00224879
0.00175336
0.00175336
0.00120982
0.00064308
7.73204e-05
-0.000464739
-0.000962414
-0.00139749
-0.00175468
-0.00202222
-0.00219256
-0.00226224
-0.00223122
-0.00210236
-0.00188144
-0.00157723
-0.00120128
-0.000767619
-0.00029273
0.000204249
0.000701713
0.00117637
0.00160458
0.00196407
0.00223561
0.0024047
0.0024626
0.00240637
0.00223817
0.00196468
0.00159693
0.00115049
0.000645483
0.000106101
-0.000440732
-0.000966809
-0.0014441
-0.0018466
-0.00215251
-0.0023458
-0.002417
-0.00236388
-0.00219174
-0.00191305
-0.00154636
-0.00111503
-0.000646016
-0.000168416
0.000288361
0.000696855
0.0010339
0.00128236
0.00143213
0.00148058
0.0014322
0.00129706
0.00108863
0.000822466
0.000515643
0.000186049
-0.000148539
-0.000470864
-0.000764491
-0.00101476
-0.00121024
-0.00134414
-0.00141502
-0.0014264
-0.00138515
-0.00129995
-0.00118033
-0.00103578
-0.000874383
-0.000702285
-0.000524265
-0.000344718
-0.000168282
-9.01002e-08
0.000154344
0.000289688
0.000401505
0.000486765
0.000544045
0.000573436
0.000576194
0.000554178
0.000509201
0.000442585
0.000355184
0.000247806
0.000121757
-2.06875e-05
-0.000176191
-0.000340814
-0.000510464
-0.000680603
-0.000845502
-0.000998027
-0.00113031
-0.00123466
-0.00130421
-0.00133325
-0.001318
-0.00125743
-0.0011539
-0.00101294
-0.000842464
-0.000651743
-0.000450423
-0.000247708
-5.18388e-05
0.000130074
0.000292093
0.000429515
0.000538809
0.000617448
0.00066393
0.000678062
0.000661241
0.000616399
0.000547682
0.000460145
0.000359504
0.000251878
0.000143528
4.06387e-05
-5.09268e-05
-0.000125914
-0.000179956
-0.000209774
-0.000213364
-0.000190154
-0.000141026
-6.80737e-05
2.57936e-05
0.000137251
0.000262948
0.000399918
0.000545837
0.000698884
0.000857342
0.00101929
0.00118239
0.00134314
0.00149548
0.00162959
0.00173211
0.00178785
0.00178201
0.00170221
0.00154053
0.0012955
0.000973133
0.000586665
0.000155527
-0.000296053
-0.000741501
-0.00115555
-0.00151749
-0.00181229
-0.0020302
-0.00216652
-0.00222134
-0.00219818
-0.00210208
-0.00193876
-0.00171457
-0.00143652
-0.00111256
-0.000752577
-0.000369124
2.30963e-05
0.000408265
0.00076987
0.00109103
0.00135571
0.00155049
0.00166565
0.00169562
0.00163914
0.00149928
0.00128314
0.00100134
0.000667381
0.000296908
-9.33562e-05
-0.00048657
-0.000866444
-0.0012176
-0.00152583
-0.00177812
-0.00196248
-0.00206787
-0.00208487
-0.00200736
-0.00183412
-0.00156976
-0.00122512
-0.000817084
-0.00036709
0.000101359
0.000564638
0.000999905
0.00138583
0.00170367
0.00193841
0.00207979
0.00212284
0.00206783
0.00192004
0.00168967
0.00139118
0.00104178
0.000659616
0.00026243
-0.000133616
-0.000514587
-0.000868293
-0.00118326
-0.00144828
-0.00165242
-0.00178514
-0.00183685
-0.00180083
-0.00167556
-0.00146597
-0.00118293
-0.000841966
-0.00046164
-6.15575e-05
0.000339309
0.000723225
0.00107377
0.00137614
0.00161759
0.00178765
0.00187847
0.00188549
0.00180791
0.00164924
0.00141755
0.00112542
0.00078898
0.000426488
5.69284e-05
-0.000300997
-0.000629622
-0.000913151
-0.00113859
-0.00129654
-0.00138175
-0.00139352
-0.00133568
-0.00121584
-0.00104412
-0.000831903
-0.000590719
-0.000331137
-6.20231e-05
0.000209134
0.000475242
0.000729092
0.00096345
0.00117102
0.00134426
0.00147582
0.00155957
0.00159156
0.00157042
0.00149741
0.00137613
0.00121221
0.00101287
0.000786423
0.000541657
0.0002873
3.19065e-05
-0.000215788
-0.000446532
-0.000650815
-0.000819596
-0.000944851
-0.00101987
-0.00103979
-0.00100238
-0.000908438
-0.000761901
-0.000569753
-0.000341702
-8.92325e-05
0.000175623
0.000441174
0.000696527
0.000931896
0.0011388
0.00131008
0.00143976
0.00152271
0.0015541
0.0015288
0.00144168
0.00128927
0.001072
0.000794982
0.000467441
0.000102106
-0.000285061
-0.000675839
-0.0010516
-0.0013949
-0.00169049
-0.00192583
-0.00209131
-0.00218003
-0.00218784
-0.00211369
-0.00195987
-0.00173171
-0.00143701
-0.00108559
-0.000689571
-0.000264042
0.000172289
0.000597266
0.000597266
0.000986508
0.00131612
0.0015663
0.00172376
0.00178261
0.00174478
0.00162046
0.00142654
0.00118293
0.000909149
0.000621746
0.000331905
4.42517e-05
-0.000241219
-0.000525142
-0.00080571
-0.00107718
-0.00132857
-0.0015431
-0.00170079
-0.00178337
-0.00177814
-0.00167923
-0.00148848
-0.00121618
-0.000880118
-0.000502625
-0.000107595
0.000281537
0.000643586
0.000961066
0.00122065
0.00141282
0.00153159
0.00157445
0.00154229
0.00143918
0.001272
0.00105031
0.000786132
0.000493281
0.000186561
-0.000119036
-0.00040887
-0.000669034
-0.000886729
-0.00105078
-0.00115234
-0.00118555
-0.00114778
-0.00103938
-0.000863128
-0.000623863
-0.000329038
9.98406e-06
0.00037661
0.000748985
0.00110159
0.00140741
0.00163971
0.00177436
0.00179335
0.00168829
0.00146178
0.00112672
0.000704677
0.000223415
-0.000286874
-0.00079708
-0.00128069
-0.00171403
-0.00207701
-0.00235387
-0.00253296
-0.00260622
-0.00256953
-0.00242346
-0.00217359
-0.00183049
-0.00140924
-0.000928498
-0.00040954
0.000123899
0.000645249
0.0011255
0.00153558
0.00184999
0.00204951
0.00212198
0.00206285
0.00187591
0.00157331
0.00117411
0.000702358
0.000185126
-0.000349547
-0.000873978
-0.00136098
-0.00178389
-0.00211748
-0.0023397
-0.00243366
-0.00238936
-0.00220483
-0.00188613
-0.00144666
-0.000906236
-0.000290177
0.000371882
0.00104765
0.00170391
0.00230772
0.00282706
0.00323171
0.00349544
0.00359896
0.0035325
0.0032967
0.00290223
0.00236937
0.00172726
0.00101187
0.00026248
-0.000481256
-0.00118131
-0.00180275
-0.00231528
-0.00269476
-0.00292465
-0.00299751
-0.00291553
-0.00269007
-0.00234005
-0.00188982
-0.00136674
-0.00079935
-0.000215782
0.000357998
0.000899427
0.00138906
0.00180945
0.00214474
0.00238133
0.00250858
0.00251957
0.00241224
0.00219038
0.00186375
0.00144726
0.000959958
0.000423871
-0.000137563
-0.000700816
-0.00124294
-0.00174171
-0.00217566
-0.00252434
-0.00276933
-0.00289612
-0.00289593
-0.00276645
-0.00251214
-0.00214438
-0.00168098
-0.00114483
-0.000562088
3.9576e-05
0.000632622
0.00119101
0.00169125
0.00211331
0.00244118
0.00266325
0.00277188
0.00276264
0.0026337
0.00238621
0.00202543
0.00156172
0.00101147
0.000397976
-0.000248631
-0.000893463
-0.00150003
-0.00203305
-0.00246109
-0.00275941
-0.00291233
-0.00291399
-0.00276778
-0.00248537
-0.00208556
-0.00159285
-0.00103559
-0.00044414
0.000150505
0.00071808
0.00123115
0.00166755
0.00201173
0.00225468
0.00239323
0.00242955
0.00237029
0.00222532
0.00200652
0.00172695
0.0014002
0.00103991
0.000659475
0.000271775
-0.000110838
-0.000476549
-0.000814437
-0.00111493
-0.00136956
-0.00157038
-0.00170997
-0.00178243
-0.0017842
-0.00171442
-0.0015752
-0.00137194
-0.00111329
-0.000810617
-0.000477168
-0.000126965
0.000225751
0.00056639
0.000879727
0.00115021
0.00136293
0.00150471
0.00156505
0.00153737
0.00142037
0.00121926
0.000945658
0.000616529
0.000252608
-0.000123487
-0.000489422
-0.000824971
-0.00111292
-0.0013396
-0.00149576
-0.00157724
-0.0015844
-0.00152051
-0.00139066
-0.0012014
-0.000960549
-0.000676723
-0.000359299
-1.86564e-05
0.000333818
0.000685821
0.00102382
0.00133286
0.00159743
0.00180334
0.0019392
0.00199728
0.00197423
0.00187181
0.00169712
0.00146204
0.00118185
0.00087384
0.000555729
0.000243937
-4.81126e-05
-0.000310991
-0.000539287
-0.000731072
-0.000887186
-0.00101012
-0.00110254
-0.00116629
-0.00120228
-0.00121045
-0.00118945
-0.00113666
-0.00104958
-0.000927535
-0.000772436
-0.000588297
-0.000380929
-0.000157978
7.12483e-05
0.000296214
0.000505544
0.000687521
0.000830852
0.000925467
0.000963402
0.000939903
0.000854346
0.000710659
0.00051743
0.000287523
3.66383e-05
-0.000218745
-0.000462806
-0.000681061
-0.000861125
-0.000993673
-0.00107296
-0.0010968
-0.00106623
-0.00098529
-0.000860521
-0.000700623
-0.00051589
-0.000317493
-0.000116859
7.48268e-05
0.00024735
0.00039243
0.000504476
0.00058083
0.000621559
0.000621559
0.000629064
0.000607679
0.000563204
0.000502234
0.000431457
0.000357244
0.000285441
0.00022108
0.000168147
0.000129563
0.000107148
0.000101261
0.000110361
0.000130817
0.000156956
0.000181333
0.000195313
0.000189846
0.000156604
8.98539e-05
-1.12925e-05
-0.000141796
-0.000291704
-0.000448254
-0.000597553
-0.000725788
-0.000820714
-0.00087332
-0.000878679
-0.000835574
-0.000745623
-0.000612736
-0.000443088
-0.000245168
-2.94179e-05
0.000192645
0.000409532
0.000610792
0.00078771
0.000933554
0.00104346
0.00111432
0.00114473
0.00113458
0.00108444
0.000995494
0.000870181
0.000712799
0.000529741
0.000329335
0.000121221
-8.48108e-05
-0.000280022
-0.000457423
-0.000612032
-0.000740935
-0.000842907
-0.000917486
-0.000963964
-0.000980932
-0.000966452
-0.000918543
-0.000835885
-0.000718772
-0.00056982
-0.000393954
-0.000198033
9.07572e-06
0.000216256
0.000410792
0.000579997
0.000712734
0.000800213
0.000836514
0.000819173
0.000749456
0.000632166
0.000475187
0.000288802
8.45682e-05
-0.000125976
-0.000332194
-0.000524648
-0.000695084
-0.000836416
-0.000942856
-0.00101
-0.00103477
-0.00101542
-0.000952039
-0.000847124
-0.000705963
-0.000536487
-0.00034853
-0.000152559
4.15857e-05
0.00022553
0.000392944
0.000540041
0.000665548
0.000770001
0.000855025
0.000922892
0.000975974
0.00101596
0.0010434
0.0010578
0.00105802
0.00104254
0.00100969
0.000957775
0.00088545
0.000792095
0.000677992
0.000544306
0.000393257
0.000228386
5.45113e-05
-0.000122645
-0.000296813
-0.000461335
-0.00060921
-0.00073325
-0.00082664
-0.000883769
-0.00090078
-0.000875661
-0.000808298
-0.000700687
-0.000557071
-0.000383813
-0.00018914
1.71712e-05
0.00022413
0.00041996
0.000592823
0.000731794
0.000827656
0.000873312
0.000864173
0.000798576
0.000677969
0.000506764
0.000292127
4.38217e-05
-0.000226
-0.000503215
-0.000772603
-0.00101908
-0.00122874
-0.00138954
-0.00149186
-0.00152938
-0.00149953
-0.00140356
-0.00124641
-0.00103647
-0.000785304
-0.000507127
-0.000217916
6.58325e-05
0.000328272
0.000555146
0.000734853
0.000859541
0.00092554
0.000932904
0.000884679
0.000786235
0.000644474
0.000466933
0.000261244
3.51772e-05
-0.000203098
-0.000444835
-0.000680621
-0.000900395
-0.00109385
-0.0012513
-0.00136454
-0.0014275
-0.00143655
-0.00139082
-0.00129239
-0.00114606
-0.000958893
-0.000739597
-0.00049804
-0.000244733
9.72762e-06
0.000255313
0.000483349
0.000687423
0.000864089
0.00101273
0.00113434
0.00123002
0.00130035
0.00134537
0.00136442
0.00135569
0.0013168
0.00124627
0.00114452
0.00101375
0.000857381
0.000679497
0.000484508
0.000277312
6.36067e-05
-0.000150183
-0.000357121
-0.000549605
-0.000719263
-0.000857471
-0.000956292
-0.00100944
-0.00101316
-0.000966823
-0.000872934
-0.000736609
-0.000564921
-0.000366266
-0.000149846
7.47968e-05
0.000298179
0.000511071
0.000704449
0.000869493
0.000997889
0.00108238
0.00111745
0.0011001
0.00103028
0.000911088
0.00074886
0.000553093
0.00033565
0.000109384
-0.000113038
-0.000319849
-0.000500973
-0.000648952
-0.000759398
-0.000830717
-0.000863577
-0.00086042
-0.000824828
-0.000760688
-0.000671514
-0.000560277
-0.00042966
-0.000282423
-0.000121782
4.79819e-05
0.000220756
0.000388289
0.000540746
0.000667708
0.000759123
0.000806383
0.000803816
0.000749984
0.000648003
0.000505089
0.000331849
0.000141143
-5.37711e-05
-0.000240987
-0.000410628
-0.000554838
-0.000667928
-0.000746478
-0.000788818
-0.000794362
-0.000763466
-0.00069765
-0.000599652
-0.000473465
-0.000324449
-0.000159227
1.47848e-05
0.000189923
0.000358657
0.000513935
0.000649557
0.000760439
0.000842708
0.00089376
0.000912361
0.000898718
0.000854518
0.0007829
0.000688335
0.000576373
0.00045328
0.000325675
0.000200224
8.33427e-05
-1.91638e-05
-0.00010256
-0.000163669
-0.000201227
-0.00021586
-0.000209733
-0.000186183
-0.000149524
-0.000104752
-5.69869e-05
-1.08045e-05
3.0288e-05
6.4158e-05
9.01277e-05
0.000108838
0.000121815
0.00013059
0.000135606
0.000135641
0.000127883
0.000108189
7.1616e-05
1.37683e-05
1.37683e-05
-6.74833e-05
-0.000171108
-0.000292956
-0.000425929
-0.000560387
-0.000685405
-0.00079039
-0.000865979
-0.000904318
-0.000899487
-0.00084807
-0.000749567
-0.00060676
-0.000426043
-0.000217396
6.11229e-06
0.000229348
0.000436971
0.000615598
0.000755046
0.000848548
0.000892788
0.00088769
0.000835348
0.000738712
0.000601097
0.000426461
0.000220027
-1.06546e-05
-0.000254615
-0.000497532
-0.000723205
-0.000915507
-0.0010602
-0.00114675
-0.0011698
-0.0011294
-0.00102998
-0.000879134
-0.00068632
-0.000461756
-0.000215423
4.31501e-05
0.000304507
0.000558965
0.000796714
0.00100803
0.0011834
0.00131383
0.00139144
0.00140992
0.00136496
0.00125465
0.00108033
0.000847257
0.000564783
0.000245811
-9.37125e-05
-0.000435699
-0.000761697
-0.00105497
-0.00130177
-0.00149186
-0.00161876
-0.00167958
-0.00167409
-0.00160376
-0.00147144
-0.00128136
-0.00103916
-0.000752059
-0.000429314
-8.24696e-05
0.00027508
0.00062882
0.000963595
0.00126402
0.00151538
0.00170483
0.00182234
0.00186094
0.0018171
0.00169114
0.00148757
0.00121502
0.000885728
0.000514668
0.000118559
-0.000285055
-0.000678441
-0.00104414
-0.00136537
-0.00162658
-0.00181402
-0.00191644
-0.00192596
-0.00183905
-0.00165701
-0.00138595
-0.00103682
-0.000625481
-0.000172302
0.000299032
0.000763151
0.00119462
0.00156947
0.00186681
0.00207042
0.00216989
0.00216086
0.00204479
0.00182853
0.00152367
0.00114547
0.000711832
0.000242495
-0.000241631
-0.000719273
-0.00116957
-0.00157286
-0.00191157
-0.00217134
-0.00234182
-0.00241724
-0.00239668
-0.00228374
-0.00208588
-0.00181371
-0.00148042
-0.0011013
-0.000693196
-0.000273992
0.000138028
0.000525068
0.000870861
0.0011616
0.00138671
0.0015393
0.00161622
0.00161787
0.00154771
0.00141158
0.00121698
0.000972635
0.000688621
0.000376482
4.89658e-05
-0.000280341
-0.000597285
-0.000887447
-0.00113669
-0.00133192
-0.0014619
-0.00151789
-0.00149414
-0.00138839
-0.00120234
-0.000941814
-0.00061665
-0.000240625
0.000168929
0.000592302
0.00100906
0.00139938
0.00174487
0.00202937
0.00223977
0.00236649
0.0024038
0.00234971
0.00220579
0.00197679
0.00167052
0.0012978
0.000872315
0.000410121
-7.09931e-05
-0.0005521
-0.0010137
-0.00143658
-0.00180295
-0.00209749
-0.00230795
-0.00242558
-0.00244566
-0.00236792
-0.00219666
-0.00194038
-0.00161088
-0.0012224
-0.000790756
-0.000332779
0.000134288
0.000593333
0.00102798
0.00142304
0.00176472
0.00204081
0.00224107
0.00235768
0.00238546
0.00232212
0.00216857
0.00192952
0.00161385
0.0012343
0.000806543
0.000348398
-0.000120927
-0.000581861
-0.00101573
-0.00140559
-0.00173655
-0.00199567
-0.0021718
-0.00225583
-0.00224168
-0.00212714
-0.00191426
-0.00160942
-0.00122349
-0.000771887
-0.000273888
0.000248633
0.00077256
0.00127462
0.0017322
0.00212422
0.00243215
0.00264087
0.00273926
0.00272075
0.00258393
0.00233299
0.00197771
0.00153296
0.00101761
0.000453386
-0.000136267
-0.000727206
-0.0012957
-0.00181944
-0.00227839
-0.00265541
-0.00293657
-0.00311131
-0.00317266
-0.00311769
-0.00294777
-0.0026685
-0.00228941
-0.00182373
-0.00128813
-0.000702306
-8.81336e-05
0.000530956
0.00113071
0.00168719
0.00217816
0.00258403
0.00288835
0.00307815
0.00314449
0.00308345
0.00289718
0.00259414
0.00218859
0.00169971
0.00115097
0.000568764
-1.95569e-05
-0.000587698
-0.00111201
-0.00157266
-0.00195412
-0.0022447
-0.00243576
-0.00252147
-0.00249906
-0.00236901
-0.00213523
-0.00180572
-0.00139323
-0.000915048
-0.000391949
0.000152977
0.000695566
0.00121214
0.00168105
0.00208354
0.00240408
0.00263038
0.00275333
0.00276706
0.00266956
0.00246344
0.00215612
0.00175968
0.00129059
0.000769112
0.000218192
-0.000337955
-0.000875267
-0.00137104
-0.00180493
-0.00215974
-0.0024221
-0.00258291
-0.00263768
-0.00258672
-0.00243516
-0.00219255
-0.00187216
-0.00149002
-0.00106404
-0.000613049
-0.000155987
0.000288588
0.000702927
0.00107063
0.00137727
0.00161084
0.00161084
0.00176215
0.00182542
0.00179901
0.0016857
0.00149254
0.00123047
0.000913646
0.000558663
0.00018354
-0.000193188
-0.000553322
-0.000879846
-0.00115777
-0.00137495
-0.00152269
-0.00159621
-0.00159476
-0.00152157
-0.00138345
-0.00119009
-0.000953334
-0.000686432
-0.00040353
-0.000118969
0.000153473
0.000401228
0.000613449
0.000781432
0.000898944
0.000962407
0.000970835
0.000925508
0.000829532
0.000687557
0.000505621
0.000290964
5.184e-05
-0.000202505
-0.000461914
-0.000715705
-0.000953242
-0.00116441
-0.00133999
-0.00147204
-0.00155434
-0.00158258
-0.00155428
-0.00146839
-0.00132502
-0.00112567
-0.00087417
-0.00057737
-0.000245058
0.000110512
0.000475117
0.000833364
0.00116978
0.00146966
0.00171966
0.00190839
0.00202705
0.00206989
0.00203453
0.00192222
0.00173778
0.00148971
0.00119008
0.00085394
0.000498115
0.000139861
-0.000204383
-0.000520338
-0.0007971
-0.00102756
-0.00120781
-0.00133634
-0.00141339
-0.0014406
-0.00142026
-0.0013549
-0.00124712
-0.00109989
-0.000916876
-0.000702666
-0.0004631
-0.000205485
6.15055e-05
0.000328414
0.000585706
0.000824211
0.0010354
0.00121177
0.00134711
0.00143651
0.00147629
0.00146415
0.0013993
0.00128289
0.0011184
0.000911808
0.000671193
0.000406413
0.000128821
-0.000149247
-0.000415258
-0.000657223
-0.000864267
-0.00102713
-0.00113851
-0.00119341
-0.00118939
-0.0011268
-0.00100871
-0.000840947
-0.000631914
-0.000392267
-0.000134234
0.000129182
0.000384954
0.000620723
0.000825392
0.000989612
0.00110615
0.00117013
0.00117922
0.0011338
0.00103692
0.000894186
0.000713316
0.000503564
0.000275107
3.83546e-05
-0.000196722
-0.000421056
-0.000626715
-0.000807068
-0.000956949
-0.00107273
-0.00115225
-0.0011948
-0.00120112
-0.00117334
-0.00111463
-0.00102833
-0.000916934
-0.000781791
-0.000623891
-0.000444934
-0.00024782
-3.68153e-05
0.000182178
0.00040159
0.000612811
0.000807125
0.000976568
0.00111462
0.00121652
0.00127909
0.00130028
0.0012791
0.00121566
0.00111152
0.000970024
0.000796728
0.000599364
0.000387433
0.000171503
-3.7626e-05
-0.000229896
-0.00039697
-0.000532862
-0.000634033
-0.000699179
-0.000728977
-0.000725836
-0.000693561
-0.000637009
-0.000561827
-0.000474133
-0.000379889
-0.000284197
-0.000191045
-0.000103553
-2.42084e-05
4.50811e-05
0.000102823
0.000147582
0.000177791
0.00019191
0.000188753
0.000167816
0.00012953
7.53419e-05
7.58275e-06
-7.07734e-05
-0.000156366
-0.000245637
-0.000334869
-0.000420114
-0.000497195
-0.00056185
-0.000609895
-0.000637347
-0.000640594
-0.000616749
-0.000564129
-0.000482717
-0.000374379
-0.000242873
-9.38482e-05
6.52624e-05
0.000225837
0.000379095
0.000516926
0.000632286
0.000719591
0.000775158
0.000797355
0.000786362
0.000743853
0.000672708
0.000576694
0.000460235
0.000328371
0.000186698
4.11191e-05
-0.000102576
-0.000239113
-0.000364042
-0.000473896
-0.000566229
-0.000639629
-0.000693722
-0.000728978
-0.000746237
-0.000746197
-0.000729155
-0.000695095
-0.000643964
-0.000575912
-0.000491507
-0.000392048
-0.000279838
-0.000158102
-3.0667e-05
9.82394e-05
0.0002241
0.000342316
0.000448449
0.00053838
0.000608445
0.000655637
0.000677773
0.000673613
0.00064294
0.000586508
0.000505881
0.000403307
0.000281676
0.00014454
-3.82109e-06
-0.000158267
-0.000312573
-0.00045906
-0.000588483
-0.000690807
-0.00075679
-0.000779388
-0.00075459
-0.000682212
-0.000566649
-0.000416655
-0.000243899
-6.13194e-05
0.00011808
0.000282337
0.000421705
0.000529455
0.000602027
0.000638731
0.000641268
0.000613222
0.000559563
0.000486085
0.000398925
0.000304389
0.000208846
0.000118399
3.85001e-05
-2.62769e-05
-7.25385e-05
-9.862e-05
-0.000105063
-9.47466e-05
-7.26624e-05
-4.52103e-05
-1.91671e-05
-9.36633e-07
3.85319e-06
-8.88981e-06
-4.05423e-05
-8.91634e-05
-0.00015005
-0.000216832
-0.000282347
-0.00033923
-0.000380503
-0.000400305
-0.000394618
-0.000361717
-0.00030238
-0.000220019
-0.000120545
-1.1614e-05
9.84712e-05
0.00020148
0.000289581
0.00035583
0.000394807
0.000402895
0.000378132
0.000319953
0.000319953
0.000228992
0.000106993
-4.29549e-05
-0.000215847
-0.00040423
-0.000598079
-0.000785165
-0.000951743
-0.00108364
-0.0011679
-0.00119443
-0.00115679
-0.00105222
-0.000881596
-0.000649531
-0.000363894
-3.50111e-05
0.000324757
0.00070088
0.00107628
0.0014312
0.00174406
0.00199364
0.00216118
0.00223168
0.00219481
0.00204606
0.00178747
0.00142718
0.000978352
0.000458009
-0.000113487
-0.000712254
-0.00131085
-0.00187932
-0.00238721
-0.00280557
-0.0031088
-0.00327668
-0.00329636
-0.00316363
-0.00288294
-0.00246642
-0.00193295
-0.00130731
-0.00061905
9.90127e-05
0.000812362
0.00148628
0.00208755
0.00258651
0.00295939
0.00319027
0.00327209
0.00320654
0.00300333
0.00267882
0.00225424
0.00175378
0.00120331
0.000629359
5.7999e-05
-0.000486097
-0.00098007
-0.0014031
-0.00173719
-0.00196829
-0.00208715
-0.0020897
-0.00197719
-0.00175626
-0.00143857
-0.00104035
-0.000581771
-8.64587e-05
0.000419586
0.000909345
0.00135625
0.00173563
0.0020263
0.00221213
0.00228333
0.00223677
0.00207581
0.00180963
0.00145253
0.00102291
0.000541978
3.23205e-05
-0.000483148
-0.000982102
-0.00144378
-0.00184999
-0.00218575
-0.0024396
-0.00260374
-0.00267428
-0.00265115
-0.00253796
-0.00234185
-0.00207331
-0.00174546
-0.00137305
-0.000971333
-0.000555189
-0.000138665
0.000265124
0.000644162
0.000987911
0.00128739
0.00153474
0.00172299
0.00184634
0.00190069
0.00188401
0.00179648
0.00164078
0.00142242
0.00115004
0.000835233
0.000491983
0.000136424
-0.000213364
-0.000538229
-0.000819586
-0.00104103
-0.00118963
-0.00125731
-0.00124215
-0.00114873
-0.000987057
-0.000771004
-0.000516868
-0.000241914
3.72337e-05
0.00030587
0.000551669
0.000764521
0.000936177
0.00105991
0.00113018
0.00114261
0.00109452
0.00098571
0.000819051
0.000600608
0.000339538
4.76732e-05
-0.000261431
-0.000573748
-0.000875844
-0.0011556
-0.00140244
-0.00160696
-0.00176006
-0.00185281
-0.0018769
-0.00182536
-0.00169339
-0.00147975
-0.00118809
-0.000827368
-0.000411242
4.26562e-05
0.000513504
0.00097877
0.00141603
0.00180425
0.00212455
0.0023611
0.00250212
0.00254083
0.00247625
0.00231336
0.00206278
0.00174003
0.0013645
0.000957819
0.000542069
0.000138416
-0.000233725
-0.000557426
-0.000818758
-0.00100689
-0.00111411
-0.00113621
-0.00107298
-0.000928545
-0.000711585
-0.000435172
-0.000116385
0.000224371
0.000564263
0.000879228
0.00114556
0.00134184
0.00145055
0.00145904
0.00136008
0.00115328
0.000846913
0.00045856
1.34001e-05
-0.00045857
-0.000925006
-0.00135341
-0.00171363
-0.00198053
-0.00213592
-0.00216921
-0.00207727
-0.0018644
-0.00154223
-0.00112914
-0.000648822
-0.000128794
0.000401013
0.000909911
0.00136855
0.00175094
0.00203611
0.00220914
0.00226203
0.00219431
0.00201326
0.00173314
0.0013734
0.000957006
0.000509442
5.76755e-05
-0.000371326
-0.00075221
-0.00106272
-0.00128497
-0.00140648
-0.00142075
-0.00132773
-0.0011338
-0.000851113
-0.000496538
-9.06066e-05
0.00034377
0.000782853
0.00120359
0.00158474
0.00190767
0.00215686
0.00232041
0.00239023
0.00236199
0.00223481
0.00201123
0.00169722
0.00130211
0.00083837
0.000321419
-0.000230787
-0.000798595
-0.0013615
-0.00189855
-0.00238849
-0.00281053
-0.00314579
-0.00337874
-0.00349806
-0.00349716
-0.00337463
-0.00313465
-0.00278706
-0.0023468
-0.00183289
-0.00126732
-0.000674183
-7.88689e-05
0.000493028
0.00101695
0.00147065
0.00183537
0.00209686
0.00224616
0.00228001
0.00220081
0.00201621
0.00173835
0.00138296
0.000968331
0.00051461
4.31149e-05
-0.000424368
-0.000866341
-0.00126237
-0.00159396
-0.00184566
-0.00200609
-0.00206872
-0.00203242
-0.00190146
-0.00168504
-0.00139626
-0.00105104
-0.000667185
-0.00026341
0.000141679
0.000530348
0.000886224
0.00119475
0.00144379
0.00162426
0.00173059
0.00176092
0.0017171
0.00160452
0.00143167
0.00120968
0.000951636
0.000671854
0.000385121
0.000106006
-0.000151894
-0.000376757
-0.000559265
-0.000693027
-0.000693027
-0.00077466
-0.00080376
-0.00078287
-0.00071721
-0.000614015
-0.000481705
-0.000329164
-0.000165276
1.34489e-06
0.000162642
0.000311397
0.000441301
0.000546884
0.000623574
0.000667915
0.000677654
0.000651787
0.000590814
0.000497165
0.000375475
0.000232602
7.74287e-05
-7.96758e-05
-0.000227931
-0.000357391
-0.000459745
-0.00052869
-0.00056037
-0.00055381
-0.000510751
-0.000434926
-0.000331448
-0.000206575
-6.75941e-05
7.73478e-05
0.000219566
0.000350414
0.000461917
0.000547207
0.00060088
0.000619472
0.000601901
0.000549581
0.000466197
0.000357254
0.000229509
9.04089e-05
-5.24636e-05
-0.000191916
-0.000321535
-0.000435948
-0.000531026
-0.000603978
-0.000653163
-0.000677841
-0.000678139
-0.000655139
-0.000610767
-0.000547566
-0.000468572
-0.000377254
-0.000277404
-0.000172983
-6.80038e-05
3.35642e-05
0.000127806
0.000210794
0.000278602
0.000327493
0.000354163
0.000356028
0.000331672
0.000281272
0.000206676
0.000111172
-8.05159e-07
-0.000124031
-0.000252928
-0.000381871
-0.00050522
-0.000617307
-0.00071253
-0.000785495
-0.000831241
-0.00084565
-0.000825893
-0.000770774
-0.000681065
-0.000559793
-0.000412238
-0.000245584
-6.8403e-05
0.000109903
0.000279735
0.00043199
0.00055878
0.00065395
0.000713241
0.000734256
0.000716516
0.000661482
0.000572283
0.000453278
0.000309694
0.000147364
-2.75187e-05
-0.000208559
-0.000389186
-0.00056273
-0.000722607
-0.000862513
-0.000976504
-0.00105916
-0.00110602
-0.0011142
-0.00108264
-0.00101214
-0.000905189
-0.000765987
-0.000600206
-0.000414622
-0.0002166
-1.3567e-05
0.000187433
0.000379973
0.000558249
0.000717031
0.000851722
0.000958508
0.0010344
0.00107714
0.00108527
0.00105833
0.000997078
0.000903414
0.000780228
0.000631267
0.00046114
0.000275378
8.03764e-05
-0.00011688
-0.000309107
-0.000488965
-0.00064942
-0.000784176
-0.000887955
-0.000956586
-0.000987066
-0.000977683
-0.000928199
-0.000840052
-0.000716402
-0.000561956
-0.000382786
-0.000186219
1.9434e-05
0.000225437
0.000423267
0.000605144
0.00076445
0.00089596
0.000995858
0.00106164
0.00109204
0.00108686
0.00104674
0.000972923
0.00086731
0.000732766
0.000573282
0.000393794
0.000199943
-2.05111e-06
-0.000205483
-0.000403328
-0.000588408
-0.000753488
-0.000891318
-0.000994787
-0.00105748
-0.00107454
-0.00104323
-0.000963112
-0.000836137
-0.000666769
-0.000461851
-0.000230089
1.85167e-05
0.000273094
0.000522182
0.000753999
0.000956959
0.00112055
0.00123616
0.00129757
0.00130132
0.00124708
0.00113779
0.000979347
0.000780052
0.00054997
0.000300209
4.22709e-05
-0.000212402
-0.000452772
-0.000668551
-0.000850613
-0.000991458
-0.00108567
-0.00113024
-0.00112475
-0.00107122
-0.000973899
-0.000838702
-0.000672602
-0.000483105
-0.000278021
-6.53771e-05
0.000146664
0.000349826
0.000535637
0.000695489
0.000821101
0.000905258
0.000942471
0.000929434
0.000865356
0.000752188
0.000594628
0.000399888
0.000177381
-6.15994e-05
-0.000304396
-0.000537851
-0.000749308
-0.000927315
-0.00106205
-0.00114575
-0.00117328
-0.00114235
-0.0010535
-0.000909873
-0.000716991
-0.000482461
-0.000215829
7.1601e-05
0.000367174
0.000657502
0.000929136
0.00116923
0.00136626
0.00151071
0.00159562
0.00161686
0.00157315
0.0014661
0.00130021
0.00108279
0.000823602
0.00053434
0.000227986
-8.18163e-05
-0.000381447
-0.000658057
-0.000900277
-0.00109874
-0.00124636
-0.00133839
-0.00137236
-0.00134792
-0.00126696
-0.00113364
-0.000954298
-0.000737254
-0.000492536
-0.000231577
3.32496e-05
0.000289257
0.000524122
0.000726525
0.000886714
0.000996996
0.00105212
0.00104945
0.000989015
0.000873509
0.000708308
0.000501333
0.000262732
4.39401e-06
-0.000260676
-0.000519009
-0.000757274
-0.00096286
-0.0011245
-0.00123292
-0.00128136
-0.00126616
-0.00118712
-0.00104748
-0.000853658
-0.000614782
-0.000342306
-4.95277e-05
0.000249103
0.000538917
0.000805978
0.00103775
0.00122354
0.00135495
0.00142645
0.00143588
0.00138445
0.00127651
0.00111912
0.000921486
0.000694305
0.000448953
0.0001967
-5.18767e-05
-0.000287241
-0.000501106
-0.000501106
-0.000686522
-0.000837799
-0.000950437
-0.00102121
-0.00104824
-0.00103095
-0.000969983
-0.000867454
-0.000727306
-0.000555282
-0.00035856
-0.000145423
7.4909e-05
0.000292537
0.000497328
0.000679486
0.00083014
0.000941893
0.00100923
0.0010288
0.000999631
0.000923175
0.000803169
0.000645447
0.000457653
0.000248782
2.86482e-05
-0.000192603
-0.000404931
-0.000598873
-0.000766031
-0.000899517
-0.000994268
-0.00104723
-0.00105735
-0.00102548
-0.00095404
-0.000846663
-0.000707911
-0.00054317
-0.000358578
-0.000160925
4.24139e-05
0.00024358
0.000434502
0.00060739
0.000755239
0.000872216
0.000953933
0.000997636
0.00100226
0.000968351
0.000897929
0.000794344
0.000662145
0.000506999
0.00033562
0.000155603
-2.4874e-05
-0.000197396
-0.000353724
-0.000486349
-0.000589083
-0.000657491
-0.000689073
-0.000683326
-0.00064169
-0.000567336
-0.000464847
-0.000339928
-0.000199181
-4.98575e-05
0.000100413
0.000243925
0.000373288
0.000481886
0.000564276
0.000616459
0.000636024
0.000622141
0.000575379
0.000497466
0.000391094
0.000259764
0.00010767
-6.02586e-05
-0.000238269
-0.00041986
-0.000598
-0.000765272
-0.000914002
-0.00103668
-0.00112667
-0.00117878
-0.00118955
-0.00115729
-0.00108211
-0.000965954
-0.000812531
-0.000627148
-0.000416501
-0.000188451
4.81195e-05
0.000283514
0.000507658
0.000710718
0.000883707
0.00101902
0.00111093
0.00115601
0.00115338
0.00110476
0.00101418
0.000887741
0.000733119
0.000559003
0.000374419
0.00018817
8.41542e-06
-0.000157727
-0.000304454
-0.000427313
-0.000523093
-0.000589868
-0.000627105
-0.000635628
-0.000617428
-0.000575523
-0.000513824
-0.00043692
-0.000349826
-0.000257727
-0.000165708
-7.85198e-05
-4.30629e-07
6.49621e-05
0.000114985
0.000148058
0.000163703
0.000162427
0.000145557
0.000115123
7.37657e-05
2.4523e-05
-2.9533e-05
-8.55962e-05
-0.000141194
-0.000194107
-0.000242288
-0.000283781
-0.000316665
-0.000339052
-0.000349207
-0.000345741
-0.000327792
-0.000295181
-0.000248589
-0.00018969
-0.00012111
-4.62022e-05
3.12402e-05
0.000107249
0.000177955
0.000239909
0.000290371
0.000327468
0.00035027
0.000358822
0.000354094
0.000337771
0.000311988
0.000279176
0.000241978
0.000203094
0.000165078
0.000130171
0.00010017
7.63205e-05
5.92585e-05
4.90131e-05
4.5062e-05
4.64777e-05
5.21334e-05
6.08501e-05
7.14947e-05
8.31549e-05
9.53491e-05
0.000108052
0.000121504
0.000136001
0.000151813
0.000169118
0.000187886
0.0002077
0.000227605
0.000246078
0.000261123
0.00027045
0.000271683
0.00026266
0.000241742
0.000207938
0.000160912
0.000101018
2.93541e-05
-5.23267e-05
-0.000141735
-0.00023601
-0.000331569
-0.000423982
-0.00050804
-0.000578193
-0.000629269
-0.000657017
-0.000658339
-0.000631546
-0.000576779
-0.000496287
-0.000394298
-0.000276579
-0.000149874
-2.13805e-05
0.000101712
0.000212701
0.000305861
0.000376736
0.000422259
0.000440855
0.000432494
0.000398533
0.000341461
0.000264736
0.000172642
7.00531e-05
-3.78047e-05
-0.000145514
-0.000247631
-0.000338911
-0.00041456
-0.000470478
-0.000503493
-0.00051158
-0.000493947
-0.000451007
-0.000384268
-0.000296195
-0.000190068
-6.98346e-05
6.00232e-05
0.00019461
0.000328725
0.000456938
0.000573699
0.00067356
0.000751507
0.000803232
0.000825281
0.00081521
0.000771843
0.000695614
0.000588811
0.000455553
0.000301527
0.000133684
-4.00892e-05
-0.000211507
-0.000372586
-0.000516193
-0.000636386
-0.000728703
-0.00079034
-0.000820072
-0.000818032
-0.000785524
-0.000724832
-0.000638979
-0.00053153
-0.000406598
-0.000268937
-0.000123892
2.2807e-05
0.000165216
0.000297292
0.000413158
0.000507535
0.000576166
0.000616105
0.000625935
0.000605912
0.000557937
0.00048535
0.000392636
0.000285114
0.000168576
4.89153e-05
-6.81763e-05
-0.000177379
-0.000273862
-0.000353407
-0.000412543
-0.000448656
-0.000460096
-0.000446285
-0.000407796
-0.000346341
-0.000264684
-0.000166497
-5.61223e-05
6.17167e-05
0.000182199
0.000300614
0.000412473
0.000513527
0.000599738
0.000667312
0.000712862
0.000733601
0.00072745
0.000693162
0.000630603
0.000541108
0.000427611
0.000427611
0.000294552
0.000147704
-6.09261e-06
-0.000159439
-0.000305039
-0.000436204
-0.000547166
-0.000633381
-0.000691774
-0.00072072
-0.000719821
-0.000689717
-0.000631983
-0.000549038
-0.000444088
-0.000321151
-0.000185059
-4.12764e-05
0.000104389
0.000246061
0.000378039
0.000495118
0.00059286
0.000667717
0.000716977
0.000738671
0.000731531
0.00069513
0.000630171
0.00053868
0.000423991
0.000290668
0.000144413
-8.21048e-06
-0.000160278
-0.000305036
-0.000436315
-0.00054879
-0.0006381
-0.00070085
-0.000734636
-0.000738134
-0.000711194
-0.000654891
-0.000571583
-0.000464948
-0.000339924
-0.000202443
-5.90362e-05
8.3575e-05
0.000218868
0.000340849
0.000444306
0.000524967
0.000579613
0.000606172
0.000603806
0.000572966
0.000515419
0.000434216
0.00033356
0.000218589
9.50661e-05
-3.09691e-05
-0.000153539
-0.000267
-0.000366229
-0.000446759
-0.00050491
-0.000537923
-0.000544111
-0.000522974
-0.000475249
-0.000402905
-0.000309101
-0.000198101
-7.50854e-05
5.41051e-05
0.000183273
0.000306165
0.000416754
0.000509548
0.0005799
0.000624235
0.000640196
0.000626758
0.00058432
0.000514674
0.00042087
0.00030701
0.00017805
3.96111e-05
-0.000102153
-0.000240716
-0.000369454
-0.00048202
-0.000572699
-0.000636716
-0.000670573
-0.000672376
-0.000642035
-0.000581221
-0.000493167
-0.000382406
-0.00025447
-0.000115555
2.78137e-05
0.000169038
0.000301689
0.000419757
0.00051789
0.000591624
0.000637612
0.000653821
0.000639648
0.000595934
0.000524924
0.000430148
0.000316238
0.000188689
5.36037e-05
-8.25861e-05
-0.000213418
-0.000332732
-0.000435012
-0.000515671
-0.000571285
-0.00059977
-0.000600493
-0.000574222
-0.000522966
-0.000449793
-0.000358654
-0.000254173
-0.000141397
-2.55626e-05
8.81427e-05
0.000194805
0.000289994
0.000369944
0.000431711
0.00047327
0.000493568
0.000492526
0.00047101
0.000430726
0.000374071
0.000303991
0.000223867
0.000137382
4.83428e-05
-3.95313e-05
-0.000122813
-0.000198493
-0.00026404
-0.00031744
-0.000357246
-0.000382547
-0.000392864
-0.000388086
-0.000368533
-0.000335064
-0.000289166
-0.000233025
-0.000169567
-0.000102386
-3.54768e-05
2.71104e-05
8.16304e-05
0.000125022
0.000155291
0.000171714
0.000174733
0.000165667
0.000146453
0.000119389
8.68278e-05
5.09154e-05
1.35119e-05
-2.37271e-05
-5.92533e-05
-9.15862e-05
-0.000119303
-0.000141048
-0.000155599
-0.000161981
-0.000159539
-0.000147956
-0.000127258
-9.78781e-05
-6.07117e-05
-1.71525e-05
3.09017e-05
8.1036e-05
0.000130377
0.000175822
0.000214375
0.000243422
0.000260904
0.000265514
0.000256884
0.000235598
0.000203006
0.000160988
0.000111761
5.77293e-05
1.35484e-06
-5.4925e-05
-0.000108765
-0.000158009
-0.000200814
-0.00023577
-0.000261967
-0.000278968
-0.000286689
-0.000285298
-0.000275171
-0.000256842
-0.000230954
-0.000198311
-0.000159988
-0.000117379
-7.21676e-05
-2.63003e-05
1.80528e-05
5.86284e-05
9.32569e-05
0.000120021
0.000137372
0.000144201
0.000139894
0.000124391
9.826e-05
6.27319e-05
1.96597e-05
-2.85653e-05
-7.91521e-05
-0.000129153
-0.000175756
-0.000216492
-0.000249358
-0.000272914
-0.000286339
-0.000289374
-0.000282187
-0.000265294
-0.000239518
-0.000205924
-0.000165732
-0.00012026
-7.09085e-05
-1.91347e-05
3.35979e-05
8.58759e-05
0.000136353
0.000183733
0.000226772
0.000264319
0.000295382
0.000319179
0.000335162
0.000343014
0.000342625
0.000334053
0.000317513
0.000293372
0.000262161
0.000224639
0.000181856
0.000135147
8.60536e-05
3.62468e-05
-1.25768e-05
-5.88608e-05
-0.000101346
-0.000139123
-0.000171588
-0.000198352
-0.000219102
-0.000233505
-0.00024124
-0.000242115
-0.000236164
-0.000223731
-0.000205589
-0.000183044
-0.000157899
-0.00013226
-0.000108299
-8.80292e-05
-7.30906e-05
-6.45227e-05
-6.2621e-05
-6.69507e-05
-7.64615e-05
-8.96242e-05
-0.000104609
-0.000119539
-0.000132716
-0.000142686
-0.000148233
-0.000148417
-0.000142637
-0.00013059
-0.000112196
-8.75792e-05
-5.70995e-05
-2.13694e-05
1.87184e-05
6.19829e-05
0.000107024
0.000152346
0.000196456
0.000237932
0.000275506
0.000308145
0.000335097
0.000355868
0.000370152
0.00037774
0.000378468
0.000372224
0.000372224
0.000359022
0.000339029
0.000312555
0.000280051
0.000242158
0.00019978
0.000154081
0.000106372
5.79241e-05
9.82859e-06
-3.70557e-05
-8.20913e-05
-0.000124817
-0.000164892
-0.000202039
-0.000235947
-0.000266138
-0.00029192
-0.000312492
-0.000327078
-0.000335007
-0.000335769
-0.000329116
-0.000315171
-0.000294448
-0.000267768
-0.0002361
-0.000200457
-0.000161874
-0.000121423
-8.02e-05
-3.92977e-05
2.73215e-07
3.76504e-05
7.21253e-05
0.000103119
0.000130188
0.000153051
0.000171591
0.000185804
0.000195682
0.000201156
0.000202135
0.000198594
0.000190638
0.000178536
0.000162759
0.000144019
0.000123274
0.000101693
8.05674e-05
6.12078e-05
4.48025e-05
3.22501e-05
2.40413e-05
2.02569e-05
2.06251e-05
2.45494e-05
3.11383e-05
3.93051e-05
4.7897e-05
5.5775e-05
6.18534e-05
6.51495e-05
6.48292e-05
6.02277e-05
5.08687e-05
3.64898e-05
1.70535e-05
-7.2508e-06
-3.5985e-05
-6.84167e-05
-0.000103463
-0.000139651
-0.000175115
-0.000207672
-0.000234973
-0.000254765
-0.000265194
-0.000264971
-0.000253455
-0.000230769
-0.00019792
-0.000156724
-0.000109515
-5.88615e-05
-7.38458e-06
4.23766e-05
8.80948e-05
0.000127755
0.000159731
0.000182841
0.00019638
0.000200121
0.000194289
0.000179528
0.000156843
0.000127545
9.3178e-05
5.54267e-05
1.60289e-05
-2.32734e-05
-6.07585e-05
-9.47739e-05
-0.000123809
-0.000146557
-0.000161954
-0.000169216
-0.000167844
-0.000157625
-0.000138632
-0.000111226
-7.60716e-05
-3.41666e-05
1.30819e-05
6.38073e-05
0.000115684
0.000165973
0.00021166
0.000249748
0.000277619
0.00029327
0.000295376
0.000283355
0.000257434
0.000218606
0.000168488
0.000109197
4.32667e-05
-2.64317e-05
-9.67802e-05
-0.000164542
-0.000226557
-0.000279945
-0.000322272
-0.000351686
-0.000367019
-0.000367823
-0.000354307
-0.000327226
-0.000287773
-0.00023749
-0.00017822
-0.000112117
-4.16471e-05
3.04725e-05
0.000101392
0.000168234
0.000228177
0.000278598
0.000317273
0.000342547
0.00035341
0.000349519
0.00033121
0.000299513
0.00025613
0.000203366
0.000144014
8.11872e-05
1.81495e-05
-4.1886e-05
-9.5942e-05
-0.000141423
-0.000176226
-0.000198848
-0.000208462
-0.000204926
-0.000188744
-0.000161003
-0.000123323
-7.77771e-05
-2.67749e-05
2.70875e-05
8.11962e-05
0.000133071
0.000180488
0.000221575
0.000254867
0.000279316
0.000294279
0.000299509
0.000295146
0.000281673
0.000259835
0.000230597
0.000195145
0.000154879
0.000111363
6.62613e-05
2.12971e-05
-2.17579e-05
-6.11025e-05
-9.49604e-05
-0.000121673
-0.000139806
-0.000148255
-0.000146363
-0.000134008
-0.000111613
-8.01041e-05
-4.08648e-05
4.29044e-06
5.31891e-05
0.000103403
0.000152356
0.000197441
0.000236144
0.000266191
0.000285705
0.000293368
0.000288495
0.000271046
0.000241608
0.000201366
0.000152019
9.56483e-05
3.45945e-05
-2.86501e-05
-9.15462e-05
-0.000151601
-0.000206467
-0.00025406
-0.000292688
-0.000321155
-0.000338832
-0.000345695
-0.000342283
-0.000329619
-0.000309116
-0.000282482
-0.000251607
-0.000218438
-0.000184888
-0.000152778
-0.000123781
-9.93494e-05
-8.06537e-05
-6.85377e-05
-6.35061e-05
-6.57271e-05
-7.50247e-05
-9.0867e-05
-0.000112377
-0.000138383
-0.000167494
-0.000198178
-0.000228842
-0.000257899
-0.000283838
-0.000305311
-0.000321193
-0.000330598
-0.000332866
-0.000327543
-0.000314388
-0.000293405
-0.000264909
-0.000229602
-0.000188604
-0.000143434
-9.59796e-05
-4.84191e-05
-3.053e-06
3.79397e-05
7.26871e-05
9.97145e-05
0.000118015
0.000127114
0.000127067
0.000118382
0.000101936
7.89109e-05
5.07277e-05
1.89853e-05
-1.45838e-05
-4.81618e-05
-7.99112e-05
-0.000108047
-0.000130912
-0.000147069
-0.000155433
-0.000155383
-0.000146814
-0.000130115
-0.000106134
-7.61284e-05
-4.16759e-05
-4.54403e-06
3.34246e-05
7.0402e-05
0.000104669
0.000134697
0.0001592
0.000177149
0.000187812
0.000190787
0.000186025
0.000173836
0.000154907
0.000130289
0.000101359
6.97442e-05
3.72388e-05
5.69695e-06
-2.30818e-05
-4.74651e-05
-6.60634e-05
-7.7775e-05
-8.183e-05
-7.78308e-05
-6.5764e-05
-4.59837e-05
-1.91814e-05
1.36395e-05
5.11778e-05
9.18444e-05
0.000133802
0.000175063
0.000213619
0.000247563
0.000275197
0.000275197
0.000295125
0.000306356
0.000308347
0.000300991
0.000284546
0.000259559
0.0002268
0.000187258
0.000142155
9.29524e-05
4.1314e-05
-1.09335e-05
-6.18031e-05
-0.000109182
-0.000150948
-0.000185131
-0.000210059
-0.000224471
-0.000227604
-0.000219254
-0.0001998
-0.000170162
-0.000131725
-8.62486e-05
-3.57683e-05
1.75398e-05
7.14766e-05
0.000123908
0.000172847
0.000216538
0.000253516
0.00028262
0.000302996
0.000314102
0.000315686
0.000307767
0.000290636
0.00026491
0.000231605
0.000192143
0.000148291
0.000102098
5.58116e-05
1.17408e-05
-2.79322e-05
-6.1305e-05
-8.68498e-05
-0.000103491
-0.000110674
-0.00010839
-9.71595e-05
-7.79897e-05
-5.23162e-05
-2.19183e-05
1.11917e-05
4.48997e-05
7.71267e-05
0.000105946
0.000129684
0.000147025
0.000157082
0.000159397
0.00015388
0.000140774
0.00012064
9.43522e-05
6.30893e-05
2.83422e-05
-8.11064e-06
-4.42857e-05
-7.81073e-05
-0.000107527
-0.000130668
-0.000145999
-0.000152456
-0.000149481
-0.000136999
-0.000115389
-8.54567e-05
-4.83962e-05
-5.76685e-06
4.04947e-05
8.80785e-05
0.000134363
0.000176553
0.000211906
0.000238008
0.000252959
0.000255461
0.000244886
0.000221335
0.000185618
0.000139141
8.38211e-05
2.20515e-05
-4.33093e-05
-0.000108991
-0.00017148
-0.000227308
-0.000273319
-0.000306858
-0.000325945
-0.00032949
-0.000317405
-0.000290548
-0.000250539
-0.000199566
-0.0001402
-7.5251e-05
-7.64931e-06
5.96455e-05
0.000123752
0.00018199
0.000232009
0.000271913
0.000300337
0.000316506
0.000320262
0.000312057
0.000292887
0.000264198
0.000227781
0.00018569
0.000140163
9.35306e-05
4.81013e-05
6.03308e-06
-3.0769e-05
-6.07208e-05
-8.26155e-05
-9.5676e-05
-9.95756e-05
-9.44107e-05
-8.06542e-05
-5.91198e-05
-3.09503e-05
2.36148e-06
3.89248e-05
7.6435e-05
0.000112271
0.000143718
0.000168215
0.000183562
0.000188129
0.000181069
0.00016243
0.00013308
9.45055e-05
4.86054e-05
-2.5038e-06
-5.66888e-05
-0.000111954
-0.000166489
-0.000218632
-0.000266813
-0.000309485
-0.000345083
-0.000372057
-0.000389049
-0.000395078
-0.000389656
-0.000372828
-0.000345222
-0.000308067
-0.000263116
-0.000212493
-0.000158522
-0.000103594
-5.00501e-05
-1.12659e-07
4.41782e-05
8.10306e-05
0.000108982
0.000126971
0.000134385
0.000131093
0.00011746
9.43386e-05
6.30233e-05
2.51866e-05
-1.71868e-05
-6.18581e-05
-0.000106399
-0.000148288
-0.000185039
-0.000214338
-0.000234223
-0.000243288
-0.000240855
-0.000227043
-0.000202715
-0.000169402
-0.000129148
-8.42949e-05
-3.72413e-05
9.6836e-06
5.42925e-05
9.46283e-05
0.000129052
0.00015628
0.000175394
0.000185877
0.000187646
0.000181061
0.000166899
0.000146304
0.000120688
9.16219e-05
6.07236e-05
2.95471e-05
-5.15182e-07
-2.82726e-05
-5.27252e-05
-7.30583e-05
-8.86709e-05
-9.92065e-05
-0.000104554
-0.000104831
-0.000100365
-9.16907e-05
-7.95265e-05
-6.47288e-05
-4.8205e-05
-3.08246e-05
-1.33614e-05
3.52417e-06
1.92828e-05
3.34778e-05
4.57827e-05
5.59582e-05
6.38284e-05
6.92867e-05
7.23176e-05
7.30044e-05
7.15272e-05
6.81683e-05
6.33055e-05
5.738e-05
5.0857e-05
4.42002e-05
3.78512e-05
3.22079e-05
2.76152e-05
2.43643e-05
2.26895e-05
2.27593e-05
2.4675e-05
2.84823e-05
3.41962e-05
4.18305e-05
5.14215e-05
6.30295e-05
7.66873e-05
9.22707e-05
0.000109341
0.000127073
0.000144294
0.000159567
0.000171318
0.000178066
0.000178683
0.000172527
0.000159449
0.000139781
0.000114303
8.40866e-05
5.03019e-05
1.41203e-05
-2.33048e-05
-6.08541e-05
-9.74343e-05
-0.000131934
-0.000163201
-0.000190075
-0.000211452
-0.000226335
-0.000233924
-0.000233721
-0.000225624
-0.00020991
-0.000187171
-0.000158264
-0.000124302
-8.66168e-05
-4.66856e-05
-6.04221e-06
3.38189e-05
7.15313e-05
0.000105906
0.000135936
0.000160787
0.000179779
0.000192383
0.000198198
0.000196947
0.000188541
0.000173179
0.000151411
0.000124114
9.24533e-05
5.78513e-05
2.19069e-05
-1.37412e-05
-4.75368e-05
-7.80919e-05
-0.000104249
-0.000125108
-0.000140022
-0.000148587
-0.000150638
-0.000146245
-0.000135678
-0.000119374
-9.79409e-05
-7.21734e-05
-4.30512e-05
-1.169e-05
2.0696e-05
5.27944e-05
8.32023e-05
0.000110491
0.000133309
0.000133309
0.000150488
0.000161138
0.000164742
0.000161224
0.000150963
0.000134733
0.000113628
8.89635e-05
6.21788e-05
3.47244e-05
7.97731e-06
-1.68137e-05
-3.85833e-05
-5.65233e-05
-7.01421e-05
-7.92633e-05
-8.39769e-05
-8.46018e-05
-8.16701e-05
-7.58881e-05
-6.80591e-05
-5.90105e-05
-4.95563e-05
-4.04829e-05
-3.25434e-05
-2.64445e-05
-2.28014e-05
-2.20556e-05
-2.43918e-05
-2.96935e-05
-3.75454e-05
-4.72696e-05
-5.79938e-05
-6.87717e-05
-7.87248e-05
-8.71342e-05
-9.34728e-05
-9.7424e-05
-9.88835e-05
-9.79011e-05
-9.45947e-05
-8.9114e-05
-8.16481e-05
-7.24295e-05
-6.17348e-05
-4.99003e-05
-3.73311e-05
-2.44816e-05
-1.18206e-05
1.98267e-07
1.11635e-05
2.07322e-05
2.86447e-05
3.47205e-05
3.88509e-05
4.10013e-05
4.12242e-05
3.96653e-05
3.65573e-05
3.22098e-05
2.69941e-05
2.13116e-05
1.55427e-05
9.98785e-06
4.81997e-06
6.5896e-08
-4.3771e-06
-8.70488e-06
-1.31619e-05
-1.79827e-05
-2.33366e-05
-2.93185e-05
-3.597e-05
-4.32874e-05
-5.12183e-05
-5.96825e-05
-6.86019e-05
-7.79036e-05
-8.75044e-05
-9.72993e-05
-0.000107157
-0.000116919
-0.000126414
-0.000135463
-0.000143891
-0.000151521
-0.000158175
-0.000163697
-0.000167979
-0.000170968
-0.000172659
-0.000173103
-0.000172416
-0.000170787
-0.000168465
-0.000165723
-0.000162821
-0.000159945
-0.000157156
-0.00015437
-0.000151372
-0.000147861
-0.000143466
-0.000137748
-0.000130202
-0.000120309
-0.000107619
-9.18226e-05
-7.27929e-05
-5.0633e-05
-2.5728e-05
1.25416e-06
2.94419e-05
5.78622e-05
8.55135e-05
0.000111423
0.000134699
0.000154576
0.000170438
0.000181828
0.000188443
0.000190098
0.000186719
0.00017837
0.000165294
0.000147936
0.000126911
0.000102946
7.68442e-05
4.9445e-05
2.16059e-05
-5.83341e-06
-3.20922e-05
-5.64769e-05
-7.83846e-05
-9.73014e-05
-0.000112811
-0.000124601
-0.00013243
-0.000136077
-0.000135277
-0.000129741
-0.000119257
-0.000103784
-8.34969e-05
-5.88156e-05
-3.0475e-05
4.49858e-07
3.26212e-05
6.45732e-05
9.48397e-05
0.000122064
0.000145089
0.000163016
0.00017523
0.0001814
0.000181457
0.000175578
0.000164171
0.000147871
0.000127523
0.000104164
7.89768e-05
5.32156e-05
2.81332e-05
4.91562e-06
-1.53726e-05
-3.18398e-05
-4.38059e-05
-5.08246e-05
-5.26991e-05
-4.94874e-05
-4.1488e-05
-2.92196e-05
-1.34016e-05
5.07722e-06
2.52137e-05
4.59553e-05
6.6261e-05
8.51476e-05
0.000101727
0.000115236
0.000125078
0.000130855
0.000132412
0.000129864
0.000123592
0.00011422
0.000102568
8.95821e-05
7.62383e-05
6.34723e-05
5.21261e-05
4.29013e-05
3.63259e-05
3.27588e-05
3.24118e-05
3.53478e-05
4.14522e-05
5.04074e-05
6.16904e-05
7.4606e-05
8.83508e-05
0.000102077
0.00011494
0.000126142
0.000135001
0.000140996
0.000143771
0.000143108
0.000138914
0.000131203
0.000120114
0.000105923
8.90575e-05
7.00818e-05
4.9662e-05
2.85339e-05
7.46449e-06
-1.27933e-05
-3.15459e-05
-4.81867e-05
-6.2201e-05
-7.31499e-05
-8.0649e-05
-8.43789e-05
-8.41362e-05
-7.98819e-05
-7.17508e-05
-6.0038e-05
-4.5182e-05
-2.77418e-05
-8.36461e-06
1.22472e-05
3.33694e-05
5.42814e-05
7.42723e-05
9.26421e-05
0.000108722
0.000121916
0.00013174
0.000137869
0.000140166
0.000138708
0.000133776
0.000125831
0.000115458
0.000103314
9.00738e-05
7.63837e-05
6.28413e-05
4.9998e-05
3.83534e-05
2.83249e-05
2.01927e-05
1.40276e-05
9.63644e-06
6.56889e-06
4.20633e-06
1.90424e-06
-8.55767e-07
-4.35475e-06
-8.61369e-06
-1.34506e-05
-1.85519e-05
-2.35344e-05
-2.80363e-05
-3.18349e-05
-3.49069e-05
-3.7391e-05
-3.9509e-05
-4.1501e-05
-4.3579e-05
-4.58949e-05
-4.85412e-05
-5.15832e-05
-5.50873e-05
-5.91239e-05
-6.37619e-05
-6.90619e-05
-7.50549e-05
-8.17108e-05
-8.89183e-05
-9.64733e-05
-0.000104059
-0.000111236
-0.000117478
-0.000122227
-0.000124939
-0.000125105
-0.000122306
-0.000116279
-0.000106974
-9.45455e-05
-7.93272e-05
-6.18043e-05
-4.2597e-05
-2.24343e-05
-2.11616e-06
1.75286e-05
3.56834e-05
5.15794e-05
6.45268e-05
7.3957e-05
7.94777e-05
8.09156e-05
7.83348e-05
7.20399e-05
6.25551e-05
5.05699e-05
3.6872e-05
2.22954e-05
7.68102e-06
-6.16293e-06
-1.84942e-05
-2.86595e-05
-3.61166e-05
-4.04601e-05
-4.14502e-05
-3.90423e-05
-3.34079e-05
-2.49378e-05
-2.49378e-05
-1.42265e-05
-2.04554e-06
1.06955e-05
2.30069e-05
3.38944e-05
4.24462e-05
4.79095e-05
4.97288e-05
4.75649e-05
4.13324e-05
3.12322e-05
1.77263e-05
1.4583e-06
-1.68146e-05
-3.62645e-05
-5.60381e-05
-7.53066e-05
-9.33047e-05
-0.000109358
-0.000122902
-0.000133486
-0.000140772
-0.000144529
-0.000144636
-0.000141085
-0.000133977
-0.000123499
-0.000109884
-9.33733e-05
-7.42324e-05
-5.27866e-05
-2.94414e-05
-4.66797e-06
2.09976e-05
4.69205e-05
7.23302e-05
9.63215e-05
0.000117904
0.000136082
0.000149947
0.000158748
0.000161975
0.000159428
0.000151236
0.000137819
0.00011986
9.82607e-05
7.4072e-05
4.84062e-05
2.23829e-05
-2.90881e-06
-2.64589e-05
-4.73942e-05
-6.50285e-05
-7.89021e-05
-8.88048e-05
-9.47735e-05
-9.70712e-05
-9.6143e-05
-9.25386e-05
-8.68133e-05
-7.94489e-05
-7.08202e-05
-6.11912e-05
-5.07392e-05
-3.9627e-05
-2.80847e-05
-1.64284e-05
-5.01969e-06
5.76109e-06
1.55256e-05
2.39176e-05
3.06702e-05
3.56248e-05
3.87132e-05
3.99286e-05
3.92928e-05
3.68411e-05
3.26401e-05
2.68195e-05
1.95866e-05
1.1224e-05
2.08566e-06
-7.41415e-06
-1.68263e-05
-2.56995e-05
-3.36113e-05
-4.01894e-05
-4.51215e-05
-4.81585e-05
-4.91234e-05
-4.79212e-05
-4.4551e-05
-3.91274e-05
-3.19069e-05
-2.32953e-05
-1.382e-05
-4.07986e-06
5.3064e-06
1.37458e-05
2.07135e-05
2.57901e-05
2.86808e-05
2.92127e-05
2.73247e-05
2.3071e-05
1.66293e-05
8.29971e-06
-1.51006e-06
-1.23053e-05
-2.35313e-05
-3.46082e-05
-4.49694e-05
-5.41027e-05
-6.15848e-05
-6.70975e-05
-7.04292e-05
-7.14724e-05
-7.02296e-05
-6.6827e-05
-6.15289e-05
-5.47405e-05
-4.69924e-05
-3.89101e-05
-3.11698e-05
-2.44378e-05
-1.93055e-05
-1.62423e-05
-1.55644e-05
-1.74024e-05
-2.16781e-05
-2.81277e-05
-3.63605e-05
-4.59108e-05
-5.62617e-05
-6.68541e-05
-7.70935e-05
-8.63559e-05
-9.40061e-05
-9.9428e-05
-0.000102059
-0.000101422
-9.71629e-05
-8.91005e-05
-7.72718e-05
-6.19411e-05
-4.35908e-05
-2.29172e-05
-8.17576e-07
2.1671e-05
4.34714e-05
6.35481e-05
8.09568e-05
9.48923e-05
0.000104746
0.000110148
0.000110991
0.000107427
9.98463e-05
8.88457e-05
7.51912e-05
5.97569e-05
4.34541e-05
2.71709e-05
1.17265e-05
-2.17275e-06
-1.39613e-05
-2.32119e-05
-2.96188e-05
-3.29944e-05
-3.32772e-05
-3.05283e-05
-2.49175e-05
-1.67153e-05
-6.2833e-06
5.94837e-06
1.95121e-05
3.39317e-05
4.87464e-05
6.35222e-05
7.78443e-05
9.13164e-05
0.000103572
0.000114265
0.000123046
0.000129569
0.000133538
0.000134752
0.00013313
0.000128725
0.000121739
0.000112508
0.000101483
8.91966e-05
7.6228e-05
6.31677e-05
5.05855e-05
3.90058e-05
2.88942e-05
2.06469e-05
1.45736e-05
1.08784e-05
9.65247e-06
1.08755e-05
1.44171e-05
2.00404e-05
2.74134e-05
3.61276e-05
4.5711e-05
5.56315e-05
6.53077e-05
7.41341e-05
8.151e-05
8.68702e-05
8.97325e-05
8.97606e-05
8.68139e-05
8.09661e-05
7.24986e-05
6.18771e-05
4.97077e-05
3.66712e-05
2.34523e-05
1.06937e-05
-1.02346e-06
-1.12009e-05
-1.94484e-05
-2.54976e-05
-2.92055e-05
-3.05584e-05
-2.9672e-05
-2.67765e-05
-2.21876e-05
-1.62646e-05
-9.37435e-06
-1.87463e-06
5.89231e-06
1.36088e-05
2.09841e-05
2.77409e-05
3.36019e-05
3.82937e-05
4.15605e-05
4.31726e-05
4.29402e-05
4.07392e-05
3.65377e-05
3.04018e-05
2.24842e-05
1.30176e-05
2.31801e-06
-9.21699e-06
-2.11251e-05
-3.29075e-05
-4.40603e-05
-5.41056e-05
-6.26219e-05
-6.92758e-05
-7.38486e-05
-7.62504e-05
-7.65259e-05
-7.48575e-05
-7.15545e-05
-6.70201e-05
-6.17134e-05
-5.61218e-05
-5.07407e-05
-4.60506e-05
-4.24889e-05
-4.0422e-05
-4.01297e-05
-4.18009e-05
-4.55335e-05
-5.13341e-05
-5.91212e-05
-6.87264e-05
-7.98898e-05
-9.22491e-05
-0.000105319
-0.000118466
-0.000130902
-0.000141741
-0.000150106
-0.000155227
-0.000156491
-0.000153481
-0.000146057
-0.000134399
-0.000118998
-0.00010059
-8.00767e-05
-5.84471e-05
-3.67141e-05
-1.58562e-05
3.2337e-06
1.97794e-05
3.31406e-05
4.28358e-05
4.85596e-05
5.01825e-05
4.7748e-05
4.14766e-05
3.17605e-05
1.91398e-05
4.27505e-06
-1.20804e-05
-2.91152e-05
-4.59992e-05
-6.1919e-05
-7.61064e-05
-8.78676e-05
-9.66148e-05
-0.000101897
-0.000103422
-0.000101069
-9.48728e-05
-8.50049e-05
-7.17559e-05
-5.55206e-05
-3.67869e-05
-1.61203e-05
5.85531e-06
5.85531e-06
2.84612e-05
5.0953e-05
7.25199e-05
9.23186e-05
0.000109531
0.000123417
0.000133371
0.000138976
0.000140055
0.000136679
0.000129159
0.000118037
0.000104084
8.82541e-05
7.16085e-05
5.5225e-05
4.01102e-05
2.70976e-05
1.67534e-05
9.33816e-06
4.84304e-06
3.05072e-06
3.58074e-06
5.9419e-06
9.61378e-06
1.41211e-05
1.90615e-05
2.40997e-05
2.89617e-05
3.34316e-05
3.73451e-05
4.05741e-05
4.30108e-05
4.4572e-05
4.52126e-05
4.49128e-05
4.36381e-05
4.13176e-05
3.78659e-05
3.32161e-05
2.7342e-05
2.02836e-05
1.21796e-05
3.28975e-06
-6.01715e-06
-1.53022e-05
-2.41072e-05
-3.20043e-05
-3.86393e-05
-4.37629e-05
-4.72465e-05
-4.90936e-05
-4.94588e-05
-4.8674e-05
-4.72476e-05
-4.58031e-05
-4.49744e-05
-4.53108e-05
-4.7211e-05
-5.08574e-05
-5.6159e-05
-6.27728e-05
-7.0208e-05
-7.79284e-05
-8.54104e-05
-9.21903e-05
-9.79069e-05
-0.000102303
-0.00010519
-0.000106413
-0.000105835
-0.000103338
-9.88537e-05
-9.2417e-05
-8.42129e-05
-7.45805e-05
-6.39783e-05
-5.29372e-05
-4.20104e-05
-3.17162e-05
-2.24926e-05
-1.46827e-05
-8.53634e-06
-4.19958e-06
-1.69123e-06
-8.83204e-07
-1.49805e-06
-3.12532e-06
-5.24565e-06
-7.26089e-06
-8.54861e-06
-8.54207e-06
-6.79699e-06
-3.01309e-06
2.97533e-06
1.12128e-05
2.16353e-05
3.40769e-05
4.82486e-05
6.36909e-05
7.97276e-05
9.54539e-05
0.000109777
0.000121539
0.000129675
0.000133339
0.00013194
0.000125189
0.000113143
9.61881e-05
7.49496e-05
5.02076e-05
2.28562e-05
-6.09766e-06
-3.55256e-05
-6.41993e-05
-9.08608e-05
-0.000114311
-0.000133487
-0.000147536
-0.000155884
-0.000158291
-0.000154853
-0.000145959
-0.000132232
-0.000114456
-9.35314e-05
-7.04516e-05
-4.62867e-05
-2.21588e-05
8.0405e-07
2.15354e-05
3.91106e-05
5.28264e-05
6.22584e-05
6.72796e-05
6.80456e-05
6.49566e-05
5.8595e-05
4.96492e-05
3.88527e-05
2.69547e-05
1.47031e-05
2.81103e-06
-8.08198e-06
-1.74301e-05
-2.47809e-05
-2.9785e-05
-3.2223e-05
-3.20182e-05
-2.92204e-05
-2.39725e-05
-1.64784e-05
-6.97921e-06
4.25481e-06
1.69227e-05
3.06879e-05
4.51704e-05
5.99432e-05
7.45513e-05
8.85428e-05
0.000101491
0.000113005
0.000122744
0.000130431
0.000135857
0.000138884
0.000139454
0.000137594
0.000133431
0.000127209
0.000119277
0.000110076
0.000100111
8.99099e-05
7.99787e-05
7.07554e-05
6.25906e-05
5.57398e-05
5.03648e-05
4.6544e-05
4.42938e-05
4.35843e-05
4.43356e-05
4.64088e-05
4.96081e-05
5.36893e-05
5.83633e-05
6.33035e-05
6.81627e-05
7.25924e-05
7.62655e-05
7.88984e-05
8.02664e-05
8.02059e-05
7.86171e-05
7.54684e-05
7.08009e-05
6.47274e-05
5.743e-05
4.91547e-05
4.02022e-05
3.09139e-05
2.16511e-05
1.27727e-05
4.61402e-06
-2.53047e-06
-8.42154e-06
-1.28855e-05
-1.58183e-05
-1.71863e-05
-1.70267e-05
-1.54456e-05
-1.26113e-05
-8.74076e-06
-4.08167e-06
1.1121e-06
6.60517e-06
1.21932e-05
1.7703e-05
2.29916e-05
2.79468e-05
3.24788e-05
3.65021e-05
3.99144e-05
4.25846e-05
4.43462e-05
4.49975e-05
4.43161e-05
4.20999e-05
3.82153e-05
3.26192e-05
2.53537e-05
1.65479e-05
6.42522e-06
-4.70859e-06
-1.65003e-05
-2.85765e-05
-4.05525e-05
-5.20272e-05
-6.25693e-05
-7.17151e-05
-7.89995e-05
-8.40061e-05
-8.64038e-05
-8.59695e-05
-8.26118e-05
-7.6394e-05
-6.75324e-05
-5.6361e-05
-4.32838e-05
-2.87353e-05
-1.31597e-05
2.99365e-06
1.92564e-05
3.51307e-05
5.00969e-05
6.36293e-05
7.52169e-05
8.4411e-05
9.08994e-05
9.45672e-05
9.55227e-05
9.40975e-05
9.08189e-05
8.63398e-05
8.13474e-05
7.65017e-05
7.23938e-05
6.94728e-05
6.79525e-05
6.77759e-05
6.86702e-05
7.02297e-05
7.1971e-05
7.33735e-05
7.39395e-05
7.32646e-05
7.1081e-05
6.72532e-05
6.17466e-05
5.4599e-05
4.58997e-05
3.57734e-05
2.43834e-05
1.19539e-05
-1.20839e-06
-1.47106e-05
-2.80824e-05
-4.08053e-05
-5.23708e-05
-6.23486e-05
-7.04384e-05
-7.65063e-05
-8.06032e-05
-8.29422e-05
-8.38273e-05
-8.35721e-05
-8.24492e-05
-8.06625e-05
-7.83377e-05
-7.55468e-05
-7.23639e-05
-6.89008e-05
-6.53042e-05
-6.17515e-05
-5.84574e-05
-5.56559e-05
-5.35559e-05
-5.23043e-05
-5.1978e-05
-5.25888e-05
-5.40948e-05
-5.64145e-05
-5.94301e-05
-6.29812e-05
-6.68625e-05
-7.08344e-05
-7.46411e-05
-7.80284e-05
-8.07611e-05
-8.26423e-05
-8.26423e-05
-8.35321e-05
-8.33664e-05
-8.21678e-05
-8.00377e-05
-7.71351e-05
-7.36512e-05
-6.97951e-05
-6.57941e-05
-6.19021e-05
-5.83853e-05
-5.5465e-05
-5.32744e-05
-5.18869e-05
-5.13622e-05
-5.17161e-05
-5.28576e-05
-5.45925e-05
-5.66769e-05
-5.88521e-05
-6.08648e-05
-6.24905e-05
-6.35418e-05
-6.38744e-05
-6.3412e-05
-6.21649e-05
-6.022e-05
-5.77147e-05
-5.48048e-05
-5.16419e-05
-4.83717e-05
-4.51416e-05
-4.20927e-05
-3.93418e-05
-3.69797e-05
-3.50833e-05
-3.37196e-05
-3.29346e-05
-3.27384e-05
-3.30891e-05
-3.38827e-05
-3.49663e-05
-3.61642e-05
-3.72947e-05
-3.81754e-05
-3.8639e-05
-3.85511e-05
-3.78151e-05
-3.63652e-05
-3.41583e-05
-3.11687e-05
-2.73867e-05
-2.28251e-05
-1.75282e-05
-1.1577e-05
-5.08738e-06
1.79467e-06
8.90093e-06
1.60448e-05
2.30203e-05
2.9599e-05
3.55247e-05
4.05088e-05
4.42374e-05
4.64054e-05
4.6766e-05
4.51628e-05
4.15406e-05
3.59541e-05
2.8587e-05
1.97633e-05
9.93841e-06
-3.28591e-07
-1.04152e-05
-1.96774e-05
-2.74919e-05
-3.33118e-05
-3.67299e-05
-3.75242e-05
-3.56712e-05
-3.1343e-05
-2.48888e-05
-1.67849e-05
-7.56578e-06
2.22607e-06
1.20639e-05
2.14595e-05
2.99844e-05
3.72732e-05
4.30163e-05
4.69693e-05
4.89774e-05
4.89968e-05
4.71081e-05
4.35133e-05
3.85136e-05
3.24813e-05
2.58334e-05
1.89976e-05
1.23675e-05
6.26443e-06
9.18023e-07
-3.5373e-06
-7.05501e-06
-9.66622e-06
-1.14677e-05
-1.26001e-05
-1.32217e-05
-1.34976e-05
-1.35972e-05
-1.36745e-05
-1.38343e-05
-1.41151e-05
-1.44933e-05
-1.48957e-05
-1.52132e-05
-1.53227e-05
-1.51153e-05
-1.45274e-05
-1.35656e-05
-1.23069e-05
-1.08825e-05
-9.45737e-06
-8.20806e-06
-7.29467e-06
-6.83658e-06
-6.90229e-06
-7.50476e-06
-8.59599e-06
-1.00688e-05
-1.17749e-05
-1.35521e-05
-1.52458e-05
-1.67214e-05
-1.78837e-05
-1.87046e-05
-1.92358e-05
-1.95939e-05
-1.9932e-05
-2.04165e-05
-2.1202e-05
-2.23967e-05
-2.40268e-05
-2.60223e-05
-2.82315e-05
-3.04503e-05
-3.24485e-05
-3.39988e-05
-3.49136e-05
-3.50716e-05
-3.44141e-05
-3.29296e-05
-3.0648e-05
-2.76367e-05
-2.39858e-05
-1.97987e-05
-1.51974e-05
-1.03309e-05
-5.37459e-06
-5.26375e-07
4.00267e-06
8.01001e-06
1.13325e-05
1.388e-05
1.5673e-05
1.68719e-05
1.7768e-05
1.87287e-05
2.01379e-05
2.2354e-05
2.56605e-05
3.01938e-05
3.58911e-05
4.25074e-05
4.9682e-05
5.69998e-05
6.40349e-05
7.03979e-05
7.57831e-05
7.99873e-05
8.28955e-05
8.4461e-05
8.4692e-05
8.36357e-05
8.13626e-05
7.79666e-05
7.35703e-05
6.83135e-05
6.23284e-05
5.57272e-05
4.86108e-05
4.10847e-05
3.32657e-05
2.52811e-05
1.72773e-05
9.44447e-06
2.03778e-06
-4.63344e-06
-1.02452e-05
-1.45005e-05
-1.71602e-05
-1.80687e-05
-1.71753e-05
-1.45382e-05
-1.03098e-05
-4.71877e-06
1.93809e-06
9.29558e-06
1.69234e-05
2.43413e-05
3.10443e-05
3.65296e-05
4.03269e-05
4.20373e-05
4.13762e-05
3.82026e-05
3.25293e-05
2.45252e-05
1.45226e-05
3.01775e-06
-9.35599e-06
-2.18837e-05
-3.3828e-05
-4.44737e-05
-5.31646e-05
-5.935e-05
-6.26402e-05
-6.28499e-05
-6.00078e-05
-5.43354e-05
-4.62127e-05
-3.614e-05
-2.46921e-05
-1.24723e-05
-8.579e-08
1.18773e-05
2.28682e-05
3.24009e-05
4.00567e-05
4.54892e-05
4.84475e-05
4.87987e-05
4.65372e-05
4.17919e-05
3.48278e-05
2.60326e-05
1.58885e-05
4.93962e-06
-6.2389e-06
-1.70709e-05
-2.70098e-05
-3.55688e-05
-4.23401e-05
-4.70065e-05
-4.93527e-05
-4.92771e-05
-4.67972e-05
-4.20472e-05
-3.52709e-05
-2.68093e-05
-1.70813e-05
-6.55952e-06
4.25609e-06
1.48705e-05
2.48252e-05
3.37249e-05
4.12616e-05
4.72309e-05
5.1527e-05
5.41238e-05
5.50663e-05
5.44738e-05
5.25291e-05
4.94567e-05
4.55126e-05
4.09819e-05
3.61684e-05
3.13758e-05
2.68767e-05
2.28731e-05
1.94684e-05
1.66722e-05
1.44234e-05
1.26093e-05
1.10845e-05
9.69737e-06
8.31736e-06
6.8502e-06
5.23727e-06
3.44244e-06
1.44165e-06
-7.67476e-07
-3.13681e-06
-5.54002e-06
-7.76303e-06
-9.51311e-06
-1.04435e-05
-1.0198e-05
-8.473e-06
-5.07548e-06
4.22962e-08
6.75633e-06
1.473e-05
2.33883e-05
3.19667e-05
3.96321e-05
4.55869e-05
4.91166e-05
4.96303e-05
4.67409e-05
4.03643e-05
3.07941e-05
1.87233e-05
5.20696e-06
-8.42407e-06
-2.0692e-05
-3.0155e-05
-3.55928e-05
-3.6109e-05
-3.11938e-05
-2.08519e-05
-5.73868e-06
1.28805e-05
1.28805e-05
3.33672e-05
5.39685e-05
7.29989e-05
8.90075e-05
0.000100952
0.000108283
0.000110896
0.000109009
0.00010305
9.34974e-05
8.07014e-05
6.47932e-05
4.57484e-05
2.35237e-05
-1.82331e-06
-3.00136e-05
-6.03744e-05
-9.16759e-05
-0.000122113
-0.000149474
-0.000171404
-0.000185649
-0.000190355
-0.000184418
-0.00016774
-0.000141239
-0.000106679
-6.64882e-05
-2.35217e-05
1.93134e-05
5.94047e-05
9.45596e-05
0.000123001
0.000143424
0.000155071
0.000157733
0.000151709
0.000137795
0.000117262
9.17682e-05
6.32308e-05
3.36278e-05
4.75512e-06
-2.19683e-05
-4.55827e-05
-6.55831e-05
-8.18241e-05
-9.43063e-05
-0.000102945
-0.000107496
-0.000107623
-0.000102976
-9.32975e-05
-7.86215e-05
-5.9473e-05
-3.68752e-05
-1.2211e-05
1.29283e-05
3.69125e-05
5.82913e-05
7.59579e-05
8.91664e-05
9.74747e-05
0.000100708
9.89198e-05
9.23122e-05
8.11879e-05
6.59733e-05
4.72631e-05
2.58209e-05
2.55169e-06
-2.15206e-05
-4.52884e-05
-6.76287e-05
-8.74679e-05
-0.000103819
-0.000115822
-0.0001228
-0.000124329
-0.000120242
-0.000110641
-9.5906e-05
-7.67061e-05
-5.39787e-05
-2.88862e-05
-2.76847e-06
2.29247e-05
4.67207e-05
6.72186e-05
8.32009e-05
9.37555e-05
9.83541e-05
9.68762e-05
8.96125e-05
7.72401e-05
6.0726e-05
4.11906e-05
1.98157e-05
-2.20752e-06
-2.37462e-05
-4.37933e-05
-6.14914e-05
-7.61294e-05
-8.71514e-05
-9.41723e-05
-9.69882e-05
-9.55881e-05
-9.01584e-05
-8.10639e-05
-6.88161e-05
-5.40383e-05
-3.7428e-05
-1.97243e-05
-1.68863e-06
1.59108e-05
3.23256e-05
4.68544e-05
5.88626e-05
6.78107e-05
7.32952e-05
7.50859e-05
7.31419e-05
6.76091e-05
5.88036e-05
4.71847e-05
3.3321e-05
1.78584e-05
1.49279e-06
-1.50572e-05
-3.10799e-05
-4.5895e-05
-5.88724e-05
-6.94563e-05
-7.71946e-05
-8.17598e-05
-8.29585e-05
-8.07393e-05
-7.52041e-05
-6.66091e-05
-5.53476e-05
-4.1925e-05
-2.6938e-05
-1.10566e-05
5.0026e-06
2.05121e-05
3.47668e-05
4.71146e-05
5.69882e-05
6.39337e-05
6.76337e-05
6.79293e-05
6.48305e-05
5.85137e-05
4.93112e-05
3.77033e-05
2.42992e-05
9.80068e-06
-5.04518e-06
-1.94886e-05
-3.28163e-05
-4.43916e-05
-5.36914e-05
-6.03313e-05
-6.40743e-05
-6.48288e-05
-6.26442e-05
-5.76996e-05
-5.02872e-05
-4.07934e-05
-2.96802e-05
-1.74648e-05
-4.69874e-06
8.05152e-06
2.02253e-05
3.12911e-05
4.07683e-05
4.8248e-05
5.34164e-05
5.60721e-05
5.61312e-05
5.36292e-05
4.87218e-05
4.16756e-05
3.28512e-05
2.26855e-05
1.16697e-05
3.20212e-07
-1.08477e-05
-2.13365e-05
-3.06857e-05
-3.84954e-05
-4.44439e-05
-4.82986e-05
-4.99263e-05
-4.92981e-05
-4.64865e-05
-4.166e-05
-3.50774e-05
-2.70767e-05
-1.80529e-05
-8.43536e-06
1.3313e-06
1.08065e-05
1.95729e-05
2.72516e-05
3.35159e-05
3.81085e-05
4.08542e-05
4.1664e-05
4.05352e-05
3.7555e-05
3.2897e-05
2.68095e-05
1.96029e-05
1.16352e-05
3.29273e-06
-5.03232e-06
-1.29581e-05
-2.01271e-05
-2.62231e-05
-3.09866e-05
-3.42246e-05
-3.58153e-05
-3.57131e-05
-3.39525e-05
-3.06447e-05
-2.59705e-05
-2.01716e-05
-1.35363e-05
-6.38118e-06
9.60516e-07
8.15002e-06
1.48607e-05
2.07977e-05
2.57085e-05
2.93898e-05
3.16952e-05
3.25441e-05
3.19238e-05
2.98886e-05
2.65569e-05
2.21059e-05
1.67612e-05
1.07829e-05
4.45444e-06
-1.92805e-06
-8.07072e-06
-1.36961e-05
-1.85564e-05
-2.24442e-05
-2.51997e-05
-2.6716e-05
-2.69447e-05
-2.58983e-05
-2.3648e-05
-2.03195e-05
-1.60852e-05
-1.11528e-05
-5.75732e-06
-1.54418e-07
5.39492e-06
1.06412e-05
1.53539e-05
1.93275e-05
2.2394e-05
2.44312e-05
2.53645e-05
2.51709e-05
2.38832e-05
2.15831e-05
1.83925e-05
1.44715e-05
1.00158e-05
5.2413e-06
3.69817e-07
-4.37685e-06
-8.7826e-06
-1.26496e-05
-1.58105e-05
-1.81358e-05
-1.95359e-05
-1.99634e-05
-1.94144e-05
-1.79292e-05
-1.55925e-05
-1.25292e-05
-8.89513e-06
-4.86536e-06
-6.28286e-07
3.6199e-06
7.68498e-06
1.13857e-05
1.45605e-05
1.70733e-05
1.88211e-05
1.97394e-05
1.98018e-05
1.902e-05
1.74442e-05
1.51615e-05
1.22898e-05
8.9719e-06
5.36935e-06
1.65391e-06
-2.00279e-06
-5.43726e-06
-8.49855e-06
-1.1053e-05
-1.29921e-05
-1.42389e-05
-1.47501e-05
-1.45159e-05
-1.35604e-05
-1.19399e-05
-9.73989e-06
-7.07159e-06
-4.06656e-06
-8.68985e-07
2.37195e-06
5.50829e-06
8.39932e-06
1.09177e-05
1.09177e-05
1.29551e-05
1.44274e-05
1.52778e-05
1.54791e-05
1.50342e-05
1.39767e-05
1.39767e-05
