-3.09289e-11
-1.35975e-09
-1.54603e-08
-8.64445e-08
-2.97524e-07
-7.07127e-07
-1.25691e-06
-1.80152e-06
-2.25461e-06
-2.62608e-06
-2.90289e-06
-3.01441e-06
-2.94914e-06
-2.79647e-06
-2.64351e-06
-2.50677e-06
-2.3609e-06
-2.17152e-06
-1.91182e-06
-1.58566e-06
-1.23421e-06
-9.20199e-07
-7.06157e-07
-6.34816e-07
-7.26155e-07
-9.86927e-07
-1.40792e-06
-1.95684e-06
-2.59436e-06
-3.3015e-06
-4.08495e-06
-4.95815e-06
-5.92185e-06
-6.9559e-06
-8.01994e-06
-9.05993e-06
-1.00203e-05
-1.08556e-05
-1.15351e-05
-1.20413e-05
-1.23681e-05
-1.25165e-05
-1.24865e-05
-1.2271e-05
-1.18541e-05
-1.12151e-05
-1.034e-05
-9.23272e-06
-7.91476e-06
-6.41479e-06
-4.76124e-06
-2.97887e-06
-1.0857e-06
9.07035e-07
2.99181e-06
5.16286e-06
7.41262e-06
9.725e-06
1.20736e-05
1.44288e-05
1.6767e-05
1.9076e-05
2.13568e-05
2.36208e-05
2.58834e-05
2.8159e-05
3.04578e-05
3.27828e-05
3.51257e-05
3.74633e-05
3.97553e-05
4.19445e-05
4.39619e-05
4.5728e-05
4.71553e-05
4.81557e-05
4.86536e-05
4.85937e-05
4.7942e-05
4.66792e-05
4.47919e-05
4.22672e-05
3.90887e-05
3.52354e-05
3.06864e-05
2.54344e-05
1.94994e-05
1.29363e-05
5.83466e-06
-1.69153e-06
-9.52566e-06
-1.757e-05
-2.57566e-05
-3.40493e-05
-4.24366e-05
-5.09149e-05
-5.94686e-05
-6.80532e-05
-7.65844e-05
-8.4938e-05
-9.29673e-05
-0.000100528
-0.000107494
-0.00011376
-0.000119241
-0.000123887
-0.000127673
-0.000130594
-0.000132649
-0.000133828
-0.000134106
-0.000133432
-0.000131725
-0.000128887
-0.000124823
-0.000119479
-0.000112869
-0.000105096
-9.63429e-05
-8.68391e-05
-7.68128e-05
-6.64605e-05
-5.59157e-05
-4.52222e-05
-3.4326e-05
-2.30922e-05
-1.1335e-05
1.15766e-06
1.46076e-05
2.92224e-05
4.51544e-05
6.2468e-05
8.11395e-05
0.000101069
0.000122072
0.000143867
0.000166075
0.000188225
0.000209743
0.000229948
0.000248068
0.000263268
0.000274715
0.000281666
0.000283544
0.000279983
0.000270844
0.000256144
0.000235911
0.000210027
0.000178174
0.000139901
9.48069e-05
4.28685e-05
-1.51383e-05
-7.73844e-05
-0.000141095
-0.000202897
-0.00025921
-0.000306741
-0.000343064
-0.000366991
-0.000378445
-0.000378083
-0.000366984
-0.00034642
-0.000317623
-0.000281678
-0.000239674
-0.000192943
-0.000143117
-9.20143e-05
-4.14484e-05
6.97373e-06
5.20865e-05
9.33354e-05
0.000130765
0.000164837
0.000196201
0.000225516
0.000253286
0.000279682
0.000304364
0.000326433
0.000344634
0.000357719
0.000364741
0.000365252
0.000359621
0.000349388
0.000337245
0.000326517
0.000320484
0.000321907
0.000332705
0.000353721
0.000384753
0.000424961
0.000473417
0.00052941
0.000592406
0.000661559
0.000734684
0.000806928
0.000869863
0.000911571
0.000917848
0.000874761
0.00077252
0.000608983
0.000390677
0.000131564
-0.000148947
-0.000428928
-0.000688475
-0.000913686
-0.00109731
-0.00123687
-0.00133291
-0.00138761
-0.00140304
-0.00138
-0.00131898
-0.00122227
-0.00109513
-0.000945639
-0.000783792
-0.000620206
-0.000464431
-0.000323381
-0.00020083
-9.82093e-05
-1.60166e-05
4.5085e-05
8.38906e-05
9.89437e-05
8.9357e-05
5.5975e-05
2.36287e-06
-6.50382e-05
-0.000137752
-0.000206635
-0.000263247
-0.000300905
-0.000315167
-0.000303558
-0.000264794
-0.000198054
-0.000102722
2.13592e-05
0.00017335
0.000350788
0.000549158
0.000761911
0.000981046
0.001198
0.0014045
0.00159319
0.00175787
0.00189353
0.00199623
0.00206302
0.00209213
0.00208313
0.00203688
0.00195516
0.00183997
0.00169263
0.00151226
0.00129398
0.00102724
0.000696087
0.000283968
-0.000217278
-0.000798536
-0.00143058
-0.00206841
-0.00265823
-0.0031447
-0.00348057
-0.00363833
-0.00361579
-0.00343085
-0.00311119
-0.00268642
-0.00218304
-0.00162077
-0.00101305
-0.000372383
0.000283905
0.000931861
0.0015427
0.00208604
0.00253433
0.00286786
0.00307816
0.00316754
0.00314514
0.00302157
0.00280352
0.0024899
0.00207196
0.0015395
0.00089204
0.000149509
-0.000644628
-0.00143
-0.00214014
-0.00271252
-0.00309957
-0.0032804
-0.00326452
-0.00308216
-0.00276913
-0.00235683
-0.00186893
-0.00132199
-0.000730198
-0.000113348
0.000497248
0.00105994
0.00153
0.00153
0.001868
0.00204586
0.00205029
0.00188375
0.00156156
0.00110541
0.000537912
-0.000117005
-0.000829377
-0.00155917
-0.002256
-0.00286248
-0.00332086
-0.00358258
-0.00361823
-0.00342345
-0.00301905
-0.00244571
-0.00175573
-0.00100347
-0.000237577
0.000502473
0.00118515
0.00178339
0.00227213
0.00262826
0.00283251
0.00287246
0.0027462
0.00246534
0.00205527
0.00155172
0.000995073
0.000424679
-0.000125077
-0.000626831
-0.00106059
-0.00141243
-0.00167225
-0.0018323
-0.00188768
-0.00183777
-0.00168718
-0.00144618
-0.0011305
-0.000760047
-0.000356657
5.76806e-05
0.000461235
0.000832118
0.00114832
0.00138878
0.00153556
0.0015769
0.00151034
0.00134386
0.00109466
0.000786321
0.000445377
9.69406e-05
-0.000239366
-0.000550659
-0.000828627
-0.00106639
-0.00125655
-0.00139057
-0.00145905
-0.00145369
-0.00137067
-0.00121429
-0.000999437
-0.000751081
-0.000499674
-0.000273531
-9.23435e-05
3.5591e-05
0.000113579
0.000154837
0.000177534
0.000197847
0.000225486
0.000263409
0.00030961
0.000359842
0.000411182
0.000463933
0.000518573
0.000568658
0.000595218
0.000568774
0.000459958
0.000251975
-5.27753e-05
-0.000431384
-0.000840699
-0.00122273
-0.00151964
-0.00169094
-0.00172076
-0.00161532
-0.00139798
-0.00110372
-0.000770598
-0.000431044
-0.000108303
0.000182166
0.000430875
0.000634068
0.000792738
0.000909894
0.000989029
0.00103504
0.00105415
0.00105105
0.00102694
0.000981338
0.00091492
0.000830489
0.000732633
0.000627397
0.000521472
0.000420539
0.000327878
0.000244306
0.000169173
0.000101675
4.20908e-05
-7.32351e-06
-4.22739e-05
-5.75418e-05
-4.89717e-05
-1.52625e-05
4.16207e-05
0.000117538
0.000207763
0.000308164
0.000415693
0.000528062
0.000642525
0.000754229
0.000855076
0.000933734
0.000976873
0.000971607
0.000908843
0.000786294
0.000609637
0.00039172
0.000150766
-9.22553e-05
-0.000317226
-0.000507988
-0.000653149
-0.00074508
-0.000778992
-0.000752393
-0.000664227
-0.000514201
-0.000303322
-3.52944e-05
0.000282451
0.000638305
0.00101601
0.00139417
0.0017466
0.00204403
0.0022572
0.00236147
0.00234226
0.00219866
0.001943
0.00159775
0.00119177
0.000755014
0.000311767
-0.000123469
-0.000543976
-0.000945544
-0.00132215
-0.00166314
-0.00195183
-0.00216732
-0.0022896
-0.00230519
-0.00221028
-0.00201158
-0.00172478
-0.00137072
-0.000970597
-0.000542456
-0.000100568
0.000343036
0.000776545
0.0011869
0.00155941
0.00187878
0.00213163
0.0023091
0.00240839
0.00243256
0.00238906
0.00228755
0.00213766
0.0019478
0.00172539
0.00147807
0.00121436
0.000942919
0.000669942
0.000395903
0.000114834
-0.000181786
-0.000498736
-0.000831923
-0.00116514
-0.00146935
-0.00170776
-0.00184642
-0.0018647
-0.00176127
-0.00155638
-0.00128923
-0.00100782
-0.00075505
-0.000559631
-0.000433959
-0.000375124
-0.00036809
-0.000392845
-0.000432977
-0.000479675
-0.000529693
-0.000581624
-0.00063364
-0.000681906
-0.000719163
-0.00073534
-0.000720858
-0.000670051
-0.000582145
-0.000460098
-0.000308828
-0.000133332
6.32297e-05
0.000280204
0.00051757
0.000772077
0.00103339
0.00128211
0.00149093
0.0016296
0.00167326
0.00161117
0.00145071
0.00121464
0.00093479
0.000645617
0.000376691
0.000144654
-4.97055e-05
-0.000215888
-0.000364459
-0.000500385
-0.000619617
-0.000707995
-0.000744066
-0.000706606
-0.000584256
-0.000383796
-0.000134083
0.000117787
0.000318487
0.00042277
0.00040387
0.000259324
1.20718e-05
-0.000296527
-0.0006207
-0.00092299
-0.00118069
-0.00138847
-0.001558
-0.00171151
-0.00187048
-0.00204604
-0.00223512
-0.00242044
-0.00257247
-0.00265428
-0.00262995
-0.00247324
-0.00217289
-0.00173451
-0.00118086
-0.000549569
0.000113588
0.000763173
0.00136015
0.00187442
0.00228541
0.00258103
0.00275444
0.00279993
0.00271066
0.00247984
0.00210444
0.00159012
0.000955297
0.000232104
-0.000536224
-0.00130008
-0.00200932
-0.0026196
-0.00309712
-0.00341959
-0.00357425
-0.00355536
-0.00336234
-0.00299932
-0.00247678
-0.00181531
-0.00104923
-0.00104923
-0.000226717
0.000595947
0.00136424
0.00203444
0.00257802
0.00298242
0.0032501
0.00339394
0.00342855
0.00336288
0.00319952
0.00293927
0.00258628
0.00215218
0.00165898
0.00113846
0.000626797
0.000157072
-0.0002467
-0.000572597
-0.000820727
-0.00100008
-0.00112338
-0.00120237
-0.00124503
-0.001255
-0.00123274
-0.00117814
-0.00109336
-0.000984029
-0.000858118
-0.000724132
-0.00058991
-0.000461828
-0.000343922
-0.000237831
-0.000144031
-6.30408e-05
4.64934e-06
5.93805e-05
0.000102802
0.000137867
0.000168257
0.000196786
0.000223269
0.000243342
0.000248917
0.000229805
0.000176286
8.28351e-05
-4.81845e-05
-0.000205396
-0.000370726
-0.000523318
-0.000643232
-0.000715082
-0.000731483
-0.000694269
-0.000612369
-0.000498405
-0.000366323
-0.000229628
-9.93033e-05
1.73673e-05
0.000115816
0.000192503
0.000244506
0.000269794
0.000266708
0.000233379
0.000168466
7.24944e-05
-5.17519e-05
-0.00019949
-0.000363767
-0.000535202
-0.000702503
-0.000853421
-0.000975421
-0.00105627
-0.00108504
-0.00105321
-0.000955446
-0.000790215
-0.000560755
-0.00027586
5.06984e-05
0.000401981
0.000759621
0.00110517
0.00142204
0.00169799
0.00192648
0.00210576
0.00223687
0.00232193
0.00236268
0.0023585
0.00230491
0.00219425
0.00201849
0.00177233
0.00145548
0.00107434
0.000642771
0.000180612
-0.00028962
-0.000745867
-0.0011684
-0.00154115
-0.00185248
-0.00209483
-0.00226343
-0.00235577
-0.00237214
-0.00231619
-0.00219435
-0.00201487
-0.0017873
-0.00152171
-0.00122707
-0.000910083
-0.000575999
-0.00023061
0.000118395
0.000461045
0.000784836
0.00107508
0.001317
0.0014987
0.00161333
0.00165947
0.00164086
0.00156543
0.00144356
0.0012859
0.00110205
0.000900667
0.000689772
0.000476819
0.000268697
7.18088e-05
-0.000108224
-0.000267322
-0.000403394
-0.000515765
-0.000603945
-0.0006668
-0.000702616
-0.000709628
-0.000686755
-0.00063475
-0.000557522
-0.000462489
-0.000359486
-0.000258951
-0.000170166
-9.9635e-05
-5.00131e-05
-2.05027e-05
-8.74981e-06
-1.29818e-05
-3.31879e-05
-7.09956e-05
-0.000128327
-0.000205365
-0.000298918
-0.000401897
-0.000503827
-0.000592331
-0.000655608
-0.000684993
-0.000676219
-0.000628969
-0.000545444
-0.000428681
-0.000281217
-0.000104749
9.91249e-05
0.000327635
0.000575752
0.00083569
0.00109721
0.00134883
0.00157969
0.0017813
0.0019484
0.00207833
0.00216916
0.00221746
0.00221697
0.00215868
0.0020324
0.0018299
0.00154922
0.00119807
0.000794129
0.000362533
-6.74463e-05
-0.000466501
-0.000810473
-0.00108432
-0.00128237
-0.0014061
-0.00146193
-0.00145933
-0.00140821
-0.00131706
-0.00119337
-0.00104487
-0.000879628
-0.000705077
-0.000527996
-0.000355124
-0.000192866
-4.63044e-05
8.0743e-05
0.000184544
0.000260917
0.000306037
0.000317447
0.00029441
0.000237862
0.000150314
3.55518e-05
-0.000101925
-0.000257432
-0.000426145
-0.000602398
-0.000778499
-0.000943943
-0.00108582
-0.00119038
-0.00124507
-0.00124048
-0.00117206
-0.00104083
-0.000852624
-0.000616151
-0.000341152
-3.7171e-05
0.000286932
0.000622649
0.000960774
0.00129042
0.00159887
0.0018723
0.00209696
0.00226058
0.00235358
0.00236985
0.00230684
0.00216522
0.00194876
0.00166469
0.00132413
0.000941949
0.000536267
0.000127522
-0.000263397
-0.000618084
-0.000923313
-0.00117204
-0.00136292
-0.00149908
-0.00158609
-0.00162917
-0.00163123
-0.00159311
-0.00151503
-0.00139782
-0.00124402
-0.00105927
-0.000852857
-0.000636399
-0.000421333
-0.000217264
-3.14255e-05
0.0001314
0.000268585
0.000378813
0.000461092
0.000514319
0.000537419
0.0005297
0.000491286
0.000423584
0.000329513
0.000213307
8.0233e-05
-6.33353e-05
-0.000209672
-0.000349883
-0.000474615
-0.000575159
-0.000645045
-0.000681714
-0.000687028
-0.000666226
-0.000626451
-0.000575705
-0.000521746
-0.000470725
-0.000426502
-0.000391167
-0.000366037
-0.000352192
-0.00035051
-0.000361473
-0.000384836
-0.000419119
-0.000461335
-0.000507399
-0.000552952
-0.000593937
-0.000626792
-0.000648555
-0.000656865
-0.000649532
-0.000623736
-0.000575461
-0.000499867
-0.000499867
-0.000392727
-0.000252469
-8.22089e-05
0.000109047
0.000306996
0.000494543
0.000655022
0.000775153
0.000847718
0.000873335
0.000859633
0.00081768
0.000758093
0.000688815
0.000614308
0.000535616
0.000451734
0.000362152
0.00026894
0.000177069
9.32663e-05
2.43938e-05
-2.4205e-05
-5.01164e-05
-5.43646e-05
-4.0595e-05
-1.34937e-05
2.25634e-05
6.42305e-05
0.000109397
0.000156905
0.000205871
0.000255056
0.000302717
0.000346873
0.000385754
0.000418343
0.000444773
0.000466166
0.000483923
0.000498902
0.000510895
0.000518562
0.000519728
0.000511977
0.000493419
0.000463446
0.000423057
0.00037449
0.000320497
0.000263743
0.000206414
0.000149966
9.51564e-05
4.2401e-05
-7.80648e-06
-5.46601e-05
-9.6938e-05
-0.000132956
-0.000160684
-0.000178066
-0.00018339
-0.000175685
-0.000155686
-0.000127602
-0.00010057
-8.80888e-05
-0.00010526
-0.000165131
-0.000275095
-0.000433961
-0.000631057
-0.0008482
-0.00106338
-0.00125476
-0.00140478
-0.00150349
-0.00154897
-0.0015441
-0.00149284
-0.00139825
-0.00126209
-0.00108505
-0.000868018
-0.000614285
-0.000331209
-3.01453e-05
0.000275101
0.000570273
0.000842572
0.00108199
0.0012814
0.00143531
0.00153842
0.00158525
0.00157117
0.00149377
0.00135451
0.00116017
0.000923412
0.000661373
0.000392479
0.000133221
-0.000103971
-0.000311582
-0.000486289
-0.000626525
-0.000729632
-0.00079051
-0.000802165
-0.000757275
-0.000650361
-0.000480429
-0.000252764
2.15131e-05
0.000327632
0.000649144
0.00096823
0.00126424
0.00151178
0.00168058
0.00173901
0.00166081
0.00143314
0.00106255
0.000575785
1.52631e-05
-0.000568613
-0.001127
-0.0016234
-0.00204086
-0.00237999
-0.00264923
-0.00285485
-0.00299527
-0.00305933
-0.00302881
-0.00288604
-0.00262287
-0.00224589
-0.00177591
-0.00124315
-0.000680313
-0.000115208
0.000434155
0.000959804
0.00145958
0.00193115
0.00236729
0.00275436
0.00307348
0.00330341
0.00342371
0.00341835
0.00327989
0.00301251
0.00263113
0.00215779
0.00161901
0.0010444
0.000463947
-9.55991e-05
-0.000612362
-0.00106901
-0.00145269
-0.00175515
-0.00197166
-0.00209987
-0.00214003
-0.00209588
-0.00197449
-0.00178512
-0.00153844
-0.0012464
-0.000921919
-0.000577956
-0.000226979
0.00011869
0.000446362
0.000743335
0.000998109
0.00120176
0.00134909
0.00143947
0.00147669
0.00146677
0.00141383
0.0013163
0.00116577
0.00095041
0.000662003
0.000302845
-0.000111814
-0.000555017
-0.000990464
-0.00137752
-0.0016806
-0.00187802
-0.00196395
-0.00194407
-0.00183025
-0.00163607
-0.00137378
-0.00105448
-0.000691847
-0.000306448
7.30712e-05
0.000413281
0.000682736
0.000859182
0.000934168
0.000914327
0.000819314
0.000675529
0.000506955
0.000328423
0.000145251
-4.24583e-05
-0.000234431
-0.000425218
-0.000600978
-0.000740449
-0.000820364
-0.00082222
-0.000737197
-0.000568222
-0.000329075
-4.06642e-05
0.000274326
0.000595834
0.000907952
0.00119784
0.00145382
0.00166399
0.00181582
0.00189726
0.00189918
0.00181779
0.00165557
0.00142059
0.00112559
0.000786814
0.000422437
5.14631e-05
-0.00030664
-0.000632006
-0.000904784
-0.00110634
-0.00122185
-0.00124399
-0.00117545
-0.00102847
-0.000821834
-0.0005771
-0.000315
-5.22153e-05
0.00020035
0.000436478
0.000651468
0.000839115
0.000990092
0.00109195
0.00113117
0.00109711
0.000986004
0.00080272
0.000560095
0.000276511
-2.75587e-05
-0.000333014
-0.000624167
-0.00088873
-0.00111656
-0.00129825
-0.0014241
-0.00148414
-0.00146934
-0.00137377
-0.00119706
-0.000946088
-0.000635301
-0.000285551
7.8203e-05
0.000429432
0.000742228
0.000993349
0.00116457
0.00124477
0.00123062
0.00112635
0.000943207
0.000697672
0.000407563
8.80881e-05
-0.000249217
-0.00059515
-0.000941119
-0.00127692
-0.00158784
-0.00185336
-0.00204937
-0.00215235
-0.00214356
-0.00201287
-0.0017618
-0.00140334
-0.000958455
-0.000451488
9.27828e-05
0.000650402
0.00119869
0.00171595
0.00218035
0.00256933
0.00286093
0.00303685
0.00308555
0.00300423
0.00279934
0.00248548
0.00208322
0.00161614
0.00161614
0.00110806
0.000581396
5.68924e-05
-0.000446036
-0.000909069
-0.0013152
-0.00164933
-0.00189924
-0.00205685
-0.00211901
-0.00208701
-0.00196532
-0.00176039
-0.00148037
-0.00113505
-0.000735836
-0.000296185
0.000167457
0.000635207
0.00108451
0.00149192
0.00183517
0.002095
0.00225696
0.00231267
0.00226015
0.00210291
0.00184842
0.00150735
0.00109338
0.000623603
0.000118684
-0.00039722
-0.000897337
-0.00135381
-0.00173991
-0.00203294
-0.00221676
-0.00228296
-0.00223058
-0.00206569
-0.00180062
-0.00145292
-0.00104398
-0.000598269
-0.000142638
0.00029478
0.000686699
0.00100939
0.00124509
0.00138349
0.00142238
0.00136741
0.00123055
0.00102721
0.000773457
0.000484916
0.000176874
-0.000135771
-0.000438521
-0.000716816
-0.000956025
-0.00114304
-0.00126888
-0.00133066
-0.001332
-0.00128173
-0.00119136
-0.00107274
-0.00093617
-0.000788982
-0.000635021
-0.000475868
-0.000313161
-0.000150236
7.67011e-06
0.000154088
0.000282341
0.000386817
0.000464125
0.000513555
0.000536588
0.000535829
0.000513965
0.000473046
0.000414073
0.000337049
0.000241643
0.000128144
-1.85525e-06
-0.000145254
-0.000297772
-0.000454708
-0.000611508
-0.000763523
-0.000905311
-0.00103042
-0.00113181
-0.0012024
-0.00123554
-0.001226
-0.00117147
-0.00107373
-0.000938711
-0.00077525
-0.000593505
-0.00040367
-0.000214889
-3.45102e-05
0.000131962
0.000280249
0.000406679
0.000507993
0.000581438
0.000624954
0.00063763
0.000620314
0.000575889
0.000508849
0.00042457
0.000328756
0.000227157
0.000125338
2.85381e-05
-5.8263e-05
-0.000130265
-0.000183037
-0.00021297
-0.000217722
-0.000196528
-0.000150317
-8.15392e-05
6.37029e-06
0.000109687
0.000224951
0.000349325
0.000480806
0.000618176
0.000760537
0.000906709
0.0010549
0.00120246
0.00134503
0.0014751
0.00158116
0.0016485
0.00166129
0.00160496
0.00146866
0.00124806
0.000947706
0.000581201
0.000169219
-0.000263142
-0.000688894
-0.00108227
-0.00142233
-0.00169511
-0.00189302
-0.00201335
-0.00205762
-0.00203085
-0.00193949
-0.00178923
-0.00158491
-0.00133177
-0.00103607
-0.000705458
-0.000350048
1.672e-05
0.000378966
0.000720119
0.00102391
0.0012749
0.00145989
0.00156957
0.00159904
0.0015473
0.00141698
0.00121463
0.000950484
0.000637524
0.000290494
-7.48086e-05
-0.000442302
-0.000796593
-0.00112365
-0.00141089
-0.00164703
-0.00182183
-0.00192579
-0.00195008
-0.0018875
-0.00173445
-0.00149286
-0.00117127
-0.000785135
-0.000356051
9.0749e-05
0.000530064
0.000939357
0.00129958
0.0015952
0.00181422
0.00194807
0.00199149
0.00194282
0.00180492
0.00158615
0.00130063
0.000966752
0.000604291
0.000231895
-0.000134608
-0.00048313
-0.00080498
-0.00109296
-0.00133912
-0.00153388
-0.00166635
-0.0017254
-0.00170157
-0.0015902
-0.00139415
-0.00112425
-0.000797396
-0.000433915
-5.49817e-05
0.000319996
0.000675121
0.000997814
0.00127732
0.00150352
0.0016667
0.00175803
0.0017707
0.00170167
0.00155312
0.00133304
0.00105463
0.000734698
0.000391684
4.39026e-05
-0.000291587
-0.000599318
-0.000865432
-0.00107796
-0.00122751
-0.00130805
-0.00131773
-0.00125948
-0.00114102
-0.000973632
-0.000770111
-0.000542911
-0.000302702
-5.74218e-05
0.000187696
0.000428665
0.000660853
0.000878157
0.00107327
0.00123814
0.00136448
0.00144512
0.00147569
0.00145529
0.00138597
0.0012719
0.0011188
0.00093356
0.000723807
0.000497376
0.000262083
2.57155e-05
-0.00020386
-0.000418512
-0.000609785
-0.000769266
-0.000889186
-0.000962859
-0.000985059
-0.000952833
-0.000866411
-0.00072946
-0.000548718
-0.00033355
-9.53187e-05
0.000153807
0.000402221
0.000639677
0.000857445
0.00104827
0.00120631
0.0013268
0.00140556
0.00143848
0.00142114
0.00134869
0.00121671
0.00102321
0.000770695
0.000466781
0.000123578
-0.00024292
-0.000613697
-0.000968979
-0.00129117
-0.0015664
-0.00178433
-0.00193747
-0.00202071
-0.00203077
-0.0019661
-0.00182736
-0.00161819
-0.0013455
-0.00101909
-0.000650921
-0.00025498
0.000152421
0.00055238
0.00055238
0.000923531
0.00124299
0.00148895
0.00164448
0.00170063
0.00165787
0.00152668
0.00132655
0.00108186
0.000815926
0.000546652
0.000284727
3.29315e-05
-0.000212786
-0.000459027
-0.000709315
-0.000960736
-0.0012033
-0.00142006
-0.00158847
-0.00168527
-0.00169319
-0.0016049
-0.0014229
-0.00115868
-0.000831967
-0.000467722
-9.11588e-05
0.000275688
0.000614415
0.000909903
0.00115065
0.00132884
0.00143943
0.00147954
0.00144905
0.00135138
0.00119327
0.000983981
0.000734833
0.00045899
0.000170629
-0.000116227
-0.000388316
-0.000633096
-0.000838831
-0.000995106
-0.00109346
-0.00112793
-0.0010955
-0.000996363
-0.000833678
-0.00061281
-0.000340856
-2.71175e-05
0.000315506
0.00066921
0.00101125
0.00131534
0.00155382
0.00170031
0.00173361
0.00164246
0.00142848
0.00110557
0.000697051
0.000232494
-0.000256062
-0.000738654
-0.00119065
-0.00159275
-0.0019293
-0.00218754
-0.00235758
-0.00243174
-0.00240434
-0.00227328
-0.00204219
-0.00172103
-0.00132509
-0.000873333
-0.000386863
0.000112198
0.00060094
0.00105506
0.0014487
0.00175632
0.00195613
0.00203307
0.00198035
0.00180091
0.00150808
0.00112369
0.000673893
0.0001855
-0.00031578
-0.000805957
-0.00126251
-0.00166328
-0.0019857
-0.00220766
-0.00231006
-0.00227996
-0.00211307
-0.0018148
-0.00139966
-0.000889289
-0.000309867
0.00031025
0.000942055
0.00155665
0.00212542
0.00261979
0.00301136
0.00327346
0.00338455
0.00333205
0.0031147
0.00274275
0.00223686
0.00162654
0.000947787
0.000239281
-0.000461412
-0.00111969
-0.00170414
-0.00218711
-0.00254596
-0.00276444
-0.00283391
-0.00275459
-0.00253634
-0.00219804
-0.00176523
-0.0012667
-0.000731387
-0.00018615
0.000345606
0.000844762
0.00129593
0.00168544
0.00199965
0.00222527
0.00235081
0.002368
0.00227298
0.00206779
0.00176151
0.0013695
0.000911351
0.000408928
-0.000115185
-0.000639064
-0.00114238
-0.00160631
-0.00201265
-0.00234328
-0.00258054
-0.002709
-0.00271773
-0.00260235
-0.002366
-0.00201966
-0.00158156
-0.00107531
-0.000527173
3.63728e-05
0.00059007
0.00111059
0.001577
0.00197112
0.00227797
0.00248622
0.00258857
0.00258157
0.00246483
0.0022403
0.00191243
0.00148909
0.000982643
0.000411432
-0.000198719
-0.000814659
-0.0013989
-0.0019141
-0.00232709
-0.00261232
-0.00275471
-0.00275074
-0.00260689
-0.00233671
-0.00195863
-0.00149494
-0.000971005
-0.00041415
0.00014728
0.000684542
0.00117001
0.00158026
0.00189912
0.00211854
0.00223752
0.00226063
0.00219664
0.00205655
0.00185163
0.00159259
0.00129026
0.000956246
0.000602941
0.000242956
-0.000111494
-0.000449014
-0.000759517
-0.00103477
-0.00126825
-0.00145406
-0.00158588
-0.00165747
-0.00166401
-0.00160322
-0.00147585
-0.00128635
-0.0010432
-0.00075835
-0.000445598
-0.000118904
0.000208611
0.000524586
0.00081669
0.00107198
0.00127696
0.00141831
0.00148423
0.00146609
0.00136055
0.00117128
0.000909567
0.000592986
0.000243072
-0.000117074
-0.000465078
-0.000781443
-0.00105079
-0.00126173
-0.00140646
-0.00148103
-0.00148562
-0.00142375
-0.00130083
-0.00112355
-0.000899859
-0.000638335
-0.000347295
-3.48989e-05
0.00028982
0.000616291
0.00093241
0.00122449
0.00147749
0.00167647
0.00180898
0.00186672
0.00184611
0.00174863
0.00158124
0.00135599
0.00108833
0.000795228
0.000493818
0.000200267
-7.18385e-05
-0.000313083
-0.000518699
-0.00068786
-0.000822701
-0.000927317
-0.00100618
-0.00106226
-0.00109621
-0.0011069
-0.00109217
-0.00104893
-0.000973823
-0.000864971
-0.000723537
-0.000553494
-0.000360572
-0.00015201
6.31909e-05
0.000274786
0.000472309
0.000645485
0.000784121
0.00087843
0.000920039
0.000903246
0.00082616
0.000691489
0.000506916
0.000284982
4.19171e-05
-0.000204722
-0.000438518
-0.000645491
-0.000814498
-0.000937638
-0.00101053
-0.00103188
-0.0010027
-0.000926118
-0.000807588
-0.000655055
-0.000478495
-0.000289037
-9.80397e-05
8.36159e-05
0.000246182
0.000381848
0.000485404
0.000554416
0.000589027
0.000589027
0.00059166
0.000566706
0.000520088
0.000458566
0.00038888
0.000317108
0.000248502
0.000187484
0.000137519
0.000101073
7.97857e-05
7.44161e-05
8.43e-05
0.000106734
0.000136781
0.000167453
0.000190169
0.000195529
0.000174471
0.000119906
2.88935e-05
-9.54295e-05
-0.000243603
-0.000401667
-0.000553748
-0.000684211
-0.000779617
-0.000830838
-0.000834323
-0.000791318
-0.000705634
-0.000581914
-0.000425388
-0.000242464
-4.1196e-05
0.000168645
0.000375871
0.000568805
0.000736924
0.00087254
0.000971511
0.00103276
0.00105723
0.00104665
0.00100233
0.000924537
0.000813266
0.000670088
0.000499558
0.000309477
0.00011021
-8.67493e-05
-0.000270845
-0.000434342
-0.000573102
-0.000686164
-0.000774609
-0.000840045
-0.000883034
-0.000902167
-0.000894343
-0.000855973
-0.000784317
-0.000678581
-0.000540781
-0.000375985
-0.000191606
3.55601e-06
0.000199523
0.000385008
0.000548104
0.000677747
0.000764806
0.000802596
0.00078766
0.000720814
0.000607333
0.000455911
0.000277254
8.29394e-05
-0.000115686
-0.00030858
-0.000487495
-0.000645654
-0.000777202
-0.000877055
-0.000941101
-0.000966289
-0.0009506
-0.00089341
-0.000796321
-0.000663796
-0.000503126
-0.000323853
-0.000136788
4.73934e-05
0.0002196
0.000373332
0.000505209
0.000614973
0.000704683
0.000777322
0.000835723
0.000882146
0.000917997
0.000943517
0.000957863
0.000959667
0.000947501
0.000919918
0.000875325
0.000812162
0.000729428
0.00062709
0.000506071
0.000368225
0.000216621
5.57614e-05
-0.000108787
-0.000271001
-0.000424702
-0.000563528
-0.00068096
-0.000770647
-0.000827025
-0.000845945
-0.000825021
-0.0007638
-0.000664006
-0.000529747
-0.000367277
-0.000184448
9.73678e-06
0.000205334
0.000391635
0.000557561
0.000692439
0.000786953
0.000833865
0.00082848
0.000769104
0.000657334
0.000497779
0.000297441
6.52782e-05
-0.000187878
-0.000449392
-0.00070522
-0.000940808
-0.00114227
-0.00129742
-0.00139658
-0.0014335
-0.00140599
-0.00131581
-0.00116811
-0.000970803
-0.000734347
-0.000471569
-0.000197193
7.30509e-05
0.000323582
0.000540084
0.000710657
0.000827151
0.000886114
0.000888574
0.00083882
0.000743165
0.000608994
0.000443816
0.000254454
4.70293e-05
-0.000172232
-0.000396183
-0.000616498
-0.000823799
-0.00100797
-0.00115894
-0.00126798
-0.00132882
-0.00133812
-0.00129543
-0.00120307
-0.00106592
-0.000890908
-0.000686199
-0.000460798
-0.000224347
1.31795e-05
0.00024211
0.000453839
0.000641636
0.000801506
0.000932748
0.00103745
0.00111882
0.00117941
0.00122026
0.00124077
0.00123845
0.0012092
0.0011492
0.0010573
0.000935724
0.000789104
0.00062301
0.000443031
0.000254174
6.06932e-05
-0.00013345
-0.000323716
-0.000504045
-0.000666377
-0.000801214
-0.000899191
-0.000952821
-0.00095777
-0.000913535
-0.000823367
-0.000693399
-0.000531398
-0.000345698
-0.000144613
6.37023e-05
0.000271192
0.000469831
0.000651502
0.000807922
0.000930946
0.00101329
0.00104931
0.00103566
0.000971825
0.000860428
0.00070726
0.000521181
0.000313662
9.76319e-05
-0.000114065
-0.000309781
-0.000479716
-0.000616677
-0.000716768
-0.000779276
-0.000805751
-0.000799122
-0.00076322
-0.00070222
-0.000619806
-0.00051865
-0.000400659
-0.000267649
-0.000121829
3.37869e-05
0.000194594
0.000353545
0.000501181
0.000626778
0.000719725
0.000770644
0.000772727
0.000723454
0.000625596
0.000486721
0.000317886
0.00013239
-5.57445e-05
-0.000233918
-0.000392599
-0.000525389
-0.000628225
-0.000698957
-0.000737012
-0.000742502
-0.000715466
-0.000656235
-0.0005664
-0.000449266
-0.000309744
-0.000154196
9.84877e-06
0.000174441
0.000332133
0.000476493
0.000602161
0.0007048
0.000781111
0.000828792
0.000846497
0.000833974
0.000792382
0.00072449
0.00063458
0.000528121
0.000411336
0.000290719
0.000172583
6.27662e-05
-3.3525e-05
-0.000111894
-0.00016909
-0.000203439
-0.000215151
-0.00020627
-0.000180332
-0.000141946
-9.6369e-05
-4.88742e-05
-4.00592e-06
3.49406e-05
6.60584e-05
8.87829e-05
0.000103822
0.000112955
0.000118433
0.00012189
0.000123258
0.000120337
0.000109013
8.3699e-05
3.83695e-05
3.83695e-05
-3.13884e-05
-0.000126273
-0.000242581
-0.000372816
-0.000506546
-0.000631618
-0.000736254
-0.000811048
-0.000849486
-0.000847318
-0.000802149
-0.000713587
-0.000583477
-0.000416255
-0.000219589
-4.9394e-06
0.000212746
0.000416747
0.000591465
0.000725136
0.000811029
0.000847339
0.000836457
0.000783383
0.000693231
0.000569381
0.000413657
0.000227991
1.63698e-05
-0.000213336
-0.000448269
-0.000671336
-0.000863897
-0.00100909
-0.00109462
-0.00111475
-0.00107087
-0.000970225
-0.000823157
-0.00064053
-0.000432202
-0.000206452
2.98194e-05
0.000270046
0.00050663
0.000730363
0.00093105
0.0010986
0.00122384
0.0012992
0.00131925
0.0012808
0.00118263
0.00102537
0.000812322
0.000550584
0.000251322
-7.05905e-05
-0.000397272
-0.000709327
-0.000988533
-0.00122051
-0.00139585
-0.00150982
-0.00156166
-0.0015534
-0.0014881
-0.00136854
-0.00119725
-0.000977641
-0.000714856
-0.000416478
-9.29976e-05
0.000242334
0.000574671
0.000889067
0.00117129
0.0014081
0.00158782
0.00170112
0.00174141
0.00170482
0.00159067
0.00140237
0.00114786
0.000838991
0.000490475
0.00011872
-0.000259256
-0.000626824
-0.000968366
-0.00126934
-0.00151614
-0.00169622
-0.00179858
-0.00181471
-0.00173975
-0.00157373
-0.00132205
-0.000995288
-0.000608676
-0.000181554
0.000263691
0.000703175
0.00111301
0.00147044
0.00175511
0.00195067
0.00204645
0.00203827
0.00192814
0.00172343
0.00143607
0.00108133
0.000676291
0.000238863
-0.000212476
-0.000658695
-0.00108067
-0.0014599
-0.00177935
-0.00202456
-0.00218494
-0.00225473
-0.00223336
-0.00212502
-0.00193775
-0.00168231
-0.00137128
-0.00101849
-0.000638755
-0.000247801
0.000137845
0.000501348
0.000826582
0.00109947
0.00130923
0.00144918
0.001517
0.00151422
0.00144535
0.00131677
0.00113582
0.000910202
0.00064815
0.000359115
5.41637e-05
-0.0002542
-0.000552486
-0.00082672
-0.00106315
-0.00124924
-0.00137449
-0.00143101
-0.00141354
-0.0013197
-0.00115047
-0.000910601
-0.000608748
-0.000257316
0.000127656
0.000527165
0.000920912
0.00128926
0.00161455
0.00188171
0.00207892
0.00219795
0.00223419
0.00218609
0.00205494
0.00184478
0.00156249
0.00121783
0.000823249
0.000393615
-5.43997e-05
-0.00050307
-0.000934278
-0.00133012
-0.00167377
-0.00195059
-0.00214893
-0.00226047
-0.00228058
-0.00220882
-0.00204916
-0.0018097
-0.00150185
-0.00113936
-0.000737465
-0.000312096
0.000120843
0.000545948
0.000948588
0.0013151
0.00163292
0.00189076
0.0020789
0.00218974
0.00221831
0.00216241
0.00202273
0.00180316
0.00151128
0.00115847
0.000759372
0.00033092
-0.00010846
-0.000539747
-0.000944764
-0.00130758
-0.00161499
-0.00185611
-0.00202178
-0.00210426
-0.00209749
-0.00199802
-0.00180604
-0.00152608
-0.00116756
-0.000745067
-0.000277627
0.000212958
0.000704145
0.00117409
0.00160234
0.00197012
0.0022608
0.00246043
0.0025582
0.00254698
0.00242426
0.00219309
0.00186248
0.00144683
0.000964722
0.000437412
-0.000112604
-0.000662791
-0.00119151
-0.00167866
-0.00210611
-0.00245806
-0.00272141
-0.00288617
-0.00294573
-0.00289725
-0.00274191
-0.00248494
-0.00213525
-0.00170495
-0.00120919
-0.000665942
-9.54016e-05
0.000480816
0.0010403
0.00156053
0.00202017
0.00240047
0.00268612
0.00286537
0.0029302
0.00287684
0.00270651
0.00242604
0.00204782
0.00158939
0.00107292
0.000524153
-2.96294e-05
-0.000562359
-0.00105125
-0.0014779
-0.00182872
-0.00209462
-0.00226973
-0.00235
-0.00233285
-0.00221757
-0.00200611
-0.0017039
-0.00132115
-0.000873641
-0.000381893
0.000130823
0.000640515
0.00112412
0.00156111
0.00193471
0.00223191
0.00244273
0.0025595
0.00257674
0.00249162
0.00230497
0.00202218
0.0016537
0.00121493
0.000725629
0.000208463
-0.000312805
-0.000815162
-0.0012776
-0.00168177
-0.00201232
-0.00225717
-0.00240778
-0.00245951
-0.00241195
-0.00226932
-0.00204052
-0.00173851
-0.00137916
-0.000980004
-0.000559062
-0.000133889
0.000278977
0.000664055
0.00100684
0.00129403
0.00151405
0.00151405
0.00165765
0.00171862
0.00169461
0.00158791
0.00140537
0.00115774
0.000858775
0.000524386
0.000171661
-0.000182129
-0.000520273
-0.000827124
-0.00108864
-0.0012931
-0.00143192
-0.0015002
-0.00149707
-0.00142566
-0.00129283
-0.0011084
-0.000884089
-0.000632549
-0.000366815
-9.98993e-05
0.000155655
0.000388255
0.000587656
0.000745359
0.000855135
0.000913488
0.000919769
0.000875822
0.000785306
0.000653055
0.000484726
0.000286662
6.58508e-05
-0.000169912
-0.000411734
-0.000649631
-0.000873124
-0.00107211
-0.00123755
-0.00136192
-0.0014396
-0.00146705
-0.00144261
-0.00136592
-0.00123735
-0.00105794
-0.000830099
-0.000558675
-0.000251667
7.98796e-05
0.000422298
0.000760047
0.00107712
0.00135881
0.00159273
0.00176912
0.00188065
0.00192252
0.00189242
0.00179072
0.00162081
0.0013896
0.0011079
0.000790204
0.00045342
0.000115103
-0.000208222
-0.000502423
-0.000757013
-0.000965864
-0.00112673
-0.00123985
-0.00130669
-0.00132931
-0.00131001
-0.00125081
-0.00115337
-0.00101963
-0.000852518
-0.000656179
-0.000435881
-0.000198098
4.93246e-05
0.000297446
0.000537027
0.000759236
0.000955939
0.00111996
0.00124558
0.00132871
0.00136658
0.00135731
0.00129998
0.00119505
0.00104483
0.000854021
0.000629831
0.000381694
0.000120775
-0.000140716
-0.000390513
-0.000617273
-0.000811129
-0.000963853
-0.00106894
-0.00112174
-0.0011197
-0.00106266
-0.000953069
-0.000796072
-0.000599461
-0.000373419
-0.000129824
0.000118697
0.000359652
0.000581365
0.000773525
0.000927593
0.00103704
0.00109745
0.00110659
0.00106455
0.000973891
0.000839682
0.000669233
0.000471548
0.00025665
3.47989e-05
-0.000184316
-0.000392218
-0.000581888
-0.000747686
-0.000885233
-0.000991368
-0.0010641
-0.00110258
-0.00110716
-0.00107964
-0.00102322
-0.000941863
-0.000839167
-0.000717294
-0.000576881
-0.000418038
-0.000241535
-4.96127e-05
0.000153281
0.000359894
0.000560605
0.000745144
0.000904541
0.00103228
0.00112457
0.00117992
0.00119822
0.00117963
0.00112412
0.00103178
0.000903816
0.000743731
0.000558048
0.000356228
0.000149711
-4.95901e-05
-0.000230911
-0.00038597
-0.000509648
-0.000599829
-0.000656583
-0.000681308
-0.000676274
-0.000644536
-0.000589968
-0.000517333
-0.000432333
-0.000341261
-0.000250057
-0.000163275
-8.37416e-05
-1.29402e-05
4.84875e-05
0.000100275
0.000141858
0.000171752
0.000187643
0.000187244
0.000169219
0.000133661
8.21476e-05
1.75115e-05
-5.66484e-05
-0.000136621
-0.000219085
-0.000301161
-0.000380029
-0.000452481
-0.000514768
-0.000562732
-0.000592106
-0.00059891
-0.000579986
-0.000533539
-0.000459506
-0.000359657
-0.000237471
-9.80158e-05
5.20428e-05
0.000204605
0.000350888
0.000482513
0.000592283
0.000674589
0.000725869
0.000744971
0.000732874
0.000691895
0.000625049
0.000535812
0.000428042
0.000305953
0.000174248
3.82393e-05
-9.63614e-05
-0.000224005
-0.000339953
-0.000440703
-0.000524123
-0.000589375
-0.000636712
-0.000667116
-0.000681763
-0.000681508
-0.000666628
-0.000636911
-0.000591963
-0.000531526
-0.000455731
-0.000365388
-0.000262346
-0.000149641
-3.11748e-05
8.87845e-05
0.000205865
0.000315722
0.000414286
0.00049797
0.00056364
0.000608545
0.000630443
0.000627872
0.000600382
0.000548617
0.000474207
0.000379548
0.000267586
0.000141643
5.36815e-06
-0.000137099
-0.000280772
-0.000419347
-0.000544768
-0.000647355
-0.000717038
-0.000745273
-0.000726614
-0.000659704
-0.000548144
-0.000400834
-0.00023071
-5.21636e-05
0.000121187
0.000277629
0.000408115
0.000506963
0.000571897
0.000603207
0.000602804
0.000573869
0.000520868
0.00044931
0.000365152
0.000274385
0.000183004
9.68413e-05
2.10344e-05
-4.03276e-05
-8.41571e-05
-0.0001085
-0.000113156
-0.000100255
-7.43006e-05
-4.17067e-05
-9.89817e-06
1.38341e-05
2.32949e-05
1.41233e-05
-1.53303e-05
-6.32684e-05
-0.000124699
-0.000192697
-0.000259693
-0.000318173
-0.000361179
-0.000383016
-0.000379974
-0.000350606
-0.000295574
-0.000217626
-0.000121868
-1.56611e-05
9.23633e-05
0.000193561
0.000279985
0.000344774
0.000382805
0.000391201
0.000369018
0.00031641
0.00031641
0.000234133
0.000123572
-1.29994e-05
-0.000171979
-0.000347701
-0.000531741
-0.000712811
-0.000877429
-0.00101111
-0.00109999
-0.00113285
-0.00110283
-0.0010078
-0.000849764
-0.000634153
-0.00036922
-6.50098e-05
0.000267555
0.000616536
0.000967929
0.00130473
0.001607
0.00185342
0.00202384
0.00210171
0.00207579
0.00194145
0.00170149
0.00136545
0.00094754
0.000464547
-6.5192e-05
-0.00062145
-0.00118118
-0.00171811
-0.00220369
-0.00260896
-0.00290698
-0.0030757
-0.00310099
-0.00297867
-0.0027146
-0.0023227
-0.00182259
-0.00123793
-0.000595447
7.58324e-05
0.000745289
0.00138126
0.00195191
0.0024273
0.00278244
0.00300028
0.00307356
0.00300486
0.00280544
0.0024932
0.00209017
0.00161989
0.00110581
0.000570975
3.81451e-05
-0.000470456
-0.000933647
-0.00133165
-0.0016468
-0.00186497
-0.00197705
-0.00197949
-0.0018739
-0.00166673
-0.00136903
-0.000995896
-0.000565752
-9.98446e-05
0.00037807
0.000842579
0.00126813
0.00163072
0.00190945
0.00208818
0.00215706
0.00211336
0.00196102
0.00170964
0.00137338
0.000969948
0.000519375
4.26793e-05
-0.000439099
-0.00090541
-0.00133679
-0.00171589
-0.00202848
-0.00226393
-0.00241525
-0.00247913
-0.00245596
-0.00234946
-0.00216623
-0.00191554
-0.00160929
-0.00126141
-0.0008868
-0.000500143
-0.000115042
0.000256433
0.000603879
0.000918547
0.00119313
0.00142116
0.00159636
0.00171283
0.00176586
0.00175281
0.00167345
0.00153006
0.00132769
0.00107433
0.000780724
0.000459755
0.000125952
-0.00020447
-0.000513736
-0.000783709
-0.000997789
-0.0011425
-0.00120878
-0.00119349
-0.0011006
-0.000940763
-0.000729143
-0.000483025
-0.000220016
4.35288e-05
0.000294023
0.00052125
0.000717579
0.000876708
0.000993
0.00106141
0.00107749
0.00103776
0.000940666
0.000787845
0.000584644
0.000339815
6.49395e-05
-0.000226379
-0.000519887
-0.00080226
-0.00106213
-0.00129032
-0.00147937
-0.00162264
-0.00171321
-0.00174361
-0.00170634
-0.00159505
-0.00140609
-0.00114052
-0.000805743
-0.000415253
1.28076e-05
0.000457351
0.000895995
0.00130705
0.00167124
0.00197213
0.00219592
0.00233153
0.00237164
0.00231384
0.00216144
0.0019237
0.00161558
0.00125666
0.000869239
0.000475744
9.65734e-05
-0.000250786
-0.000551832
-0.000794956
-0.000971147
-0.00107353
-0.00109737
-0.00104096
-0.000906754
-0.00070206
-0.000439007
-0.000134033
0.000193034
0.000520211
0.000824736
0.0010844
0.00127888
0.00139114
0.00140866
0.00132411
0.00113601
0.000850357
0.000482121
5.49221e-05
-0.000401567
-0.000854721
-0.00127153
-0.00162138
-0.0018793
-0.00202849
-0.00206068
-0.00197474
-0.00177551
-0.00147361
-0.00108537
-0.000632137
-0.000139059
0.000365746
0.000852339
0.00129127
0.00165652
0.00192771
0.00209111
0.00213986
0.00207413
0.001901
0.00163389
0.00129122
0.000894754
0.00046859
3.83137e-05
-0.000370366
-0.000733422
-0.00102993
-0.00124299
-0.00136048
-0.00137591
-0.00128896
-0.00110556
-0.000837381
-0.000500828
-0.000115766
0.000295745
0.000710947
0.00110796
0.00146698
0.0017709
0.00200568
0.00216056
0.0022283
0.00220516
0.00209054
0.00188677
0.00159914
0.00123603
0.00080868
0.000330974
-0.000180746
-0.000708113
-0.0012317
-0.00173194
-0.00218948
-0.0025854
-0.00290201
-0.00312427
-0.00324088
-0.00324484
-0.00313403
-0.00291193
-0.00258793
-0.00217665
-0.00169652
-0.00116849
-0.00061502
-5.94259e-05
0.000474922
0.000965461
0.00139132
0.00173434
0.00198019
0.00211965
0.00214933
0.00207183
0.00189517
0.00163175
0.00129708
0.000908566
0.000484605
4.41934e-05
-0.000393251
-0.000808199
-0.00118157
-0.00149555
-0.0017347
-0.00188735
-0.00194672
-0.00191158
-0.00178627
-0.00158014
-0.00130644
-0.00098088
-0.000620455
-0.000242524
0.000135871
0.000498623
0.000830918
0.0011194
0.00135252
0.00152133
0.00162014
0.00164695
0.0016035
0.00149509
0.00133014
0.0011195
0.000875678
0.000612012
0.000342134
7.94757e-05
-0.000163253
-0.000374721
-0.000545733
-0.000669888
-0.000669888
-0.000743933
-0.000767732
-0.000744083
-0.000678383
-0.000577956
-0.00045113
-0.000306413
-0.00015205
4.14335e-06
0.00015492
0.000293799
0.000415173
0.000514182
0.000586612
0.000629106
0.000639472
0.000616734
0.000561143
0.000474486
0.000360564
0.000225383
7.70107e-05
-7.47462e-05
-0.00021904
-0.000345273
-0.00044455
-0.000510537
-0.000539738
-0.000531665
-0.000488756
-0.000415535
-0.0003174
-0.00020004
-6.96141e-05
6.69761e-05
0.000202127
0.000327816
0.000436053
0.000519518
0.000572313
0.000590731
0.000573778
0.000523206
0.000443063
0.000339037
0.00021779
8.63978e-05
-4.8088e-05
-0.000178995
-0.000300349
-0.000407106
-0.000495318
-0.000562325
-0.000606796
-0.00062846
-0.000627771
-0.00060583
-0.000564387
-0.000505691
-0.000432338
-0.000347334
-0.000254189
-0.000156771
-5.89912e-05
3.54296e-05
0.000123003
0.00020039
0.00026429
0.000311428
0.000338661
0.000343193
0.000323014
0.00027755
0.000208147
0.000118046
1.19429e-05
-0.00010457
-0.000225636
-0.000345771
-0.000460135
-0.000564305
-0.000653866
-0.0007242
-0.000770541
-0.000788342
-0.000773965
-0.000725447
-0.000643077
-0.000529684
-0.000390562
-0.000232969
-6.53788e-05
0.000103214
0.000263822
0.000407942
0.000528075
0.000618242
0.000674322
0.000694085
0.000677165
0.000625098
0.000541161
0.000429822
0.000296153
0.000145561
-1.63171e-05
-0.000183751
-0.00035099
-0.000512188
-0.000661362
-0.000792576
-0.000900205
-0.000979114
-0.00102492
-0.0010345
-0.00100657
-0.000941777
-0.000842531
-0.000712832
-0.000558171
-0.000385169
-0.000200951
-1.25627e-05
0.00017339
0.000350953
0.000514941
0.000660887
0.000784904
0.00088362
0.000954252
0.000994636
0.00100324
0.000979366
0.000923472
0.000837323
0.000723766
0.000586431
0.000429607
0.000258271
7.80775e-05
-0.000104764
-0.000283667
-0.000451797
-0.000602303
-0.000728853
-0.000826225
-0.000890582
-0.000919412
-0.00091144
-0.000866619
-0.000786161
-0.000672612
-0.000529904
-0.000363366
-0.000179722
1.30597e-05
0.000206321
0.00039155
0.000561121
0.000708754
0.000829756
0.000921025
0.000980811
0.00100836
0.00100368
0.000967333
0.000900378
0.000804312
0.000681362
0.000534859
0.000369295
0.000190014
2.91182e-06
-0.000185683
-0.000369187
-0.000541059
-0.000694969
-0.000824677
-0.00092386
-0.000986301
-0.00100666
-0.00098144
-0.00090953
-0.000792427
-0.000634372
-0.000442283
-0.000225077
7.39225e-06
0.000245045
0.00047774
0.000695194
0.00088706
0.00104338
0.00115539
0.00121627
0.0012219
0.0011715
0.00106799
0.000917672
0.000729274
0.000512875
0.000279096
3.85059e-05
-0.000198729
-0.000422935
-0.000624921
-0.00079613
-0.000929097
-0.0010181
-0.0010598
-0.00105357
-0.00100154
-0.00090827
-0.000780091
-0.000624204
-0.000447904
-0.00025819
-6.18395e-05
0.000134352
0.000323359
0.000497733
0.000649498
0.000770454
0.000853032
0.000891309
0.000881706
0.000823308
0.000718016
0.000570514
0.000387891
0.000179047
-4.57266e-05
-0.000274956
-0.000496377
-0.000697766
-0.00086789
-0.000997131
-0.00107793
-0.00110536
-0.00107752
-0.000995405
-0.000862361
-0.000683623
-0.000466131
-0.000218427
4.9443e-05
0.000326069
0.00059901
0.000855377
0.00108262
0.0012694
0.0014064
0.00148701
0.00150761
0.00146746
0.00136838
0.00121457
0.00101255
0.000771039
0.000500654
0.000213502
-7.73749e-05
-0.00035872
-0.00061798
-0.000844212
-0.00102871
-0.00116524
-0.0012499
-0.00128091
-0.00125828
-0.00118364
-0.00106036
-0.000893775
-0.00069118
-0.000461769
-0.000216338
3.31985e-05
0.000274551
0.000495904
0.000686622
0.000837701
0.000942075
0.000994882
0.000993654
0.000938343
0.000831287
0.000677258
0.000483468
0.000259343
1.60513e-05
-0.000234085
-0.000478248
-0.000703794
-0.000898871
-0.00105297
-0.00115741
-0.00120577
-0.00119431
-0.0011224
-0.000992741
-0.000811308
-0.000586911
-0.000330612
-5.51297e-05
0.000225854
0.000498527
0.000749806
0.000967975
0.00114305
0.00126708
0.00133467
0.0013435
0.00129456
0.00119197
0.00104256
0.000855361
0.000640927
0.000410422
0.00017468
-5.64516e-05
-0.000274381
-0.000471816
-0.000471816
-0.000642752
-0.000782346
-0.000886692
-0.000952747
-0.00097853
-0.000963325
-0.000907659
-0.000813323
-0.000683655
-0.000523788
-0.000340418
-0.000141296
6.50365e-05
0.000269348
0.000462066
0.000633928
0.000776565
0.0008829
0.000947505
0.000967
0.000940378
0.00086906
0.000756692
0.000608854
0.000432776
0.000236947
3.05936e-05
-0.000176815
-0.000375926
-0.000557852
-0.000714625
-0.00083967
-0.000928153
-0.000977175
-0.000985833
-0.000955136
-0.000887725
-0.000787402
-0.000658658
-0.000506431
-0.000336087
-0.000153468
3.50604e-05
0.000222523
0.000401386
0.000563954
0.000703089
0.000812872
0.000889027
0.000929107
0.000932512
0.000900254
0.000834573
0.000738604
0.000616279
0.000472403
0.000312774
0.000144215
-2.56023e-05
-0.000188533
-0.000336475
-0.000461985
-0.000558937
-0.000623052
-0.000652105
-0.000645852
-0.000605867
-0.000535326
-0.000438671
-0.000321245
-0.000189066
-4.87081e-05
9.28422e-05
0.000228436
0.000351077
0.000454328
0.000532774
0.000582438
0.000601033
0.000587991
0.000544258
0.000471907
0.000373751
0.00025308
0.000113545
-4.07777e-05
-0.000205131
-0.000373856
-0.000540447
-0.000697837
-0.000838667
-0.000955636
-0.00104213
-0.00109298
-0.00110488
-0.00107636
-0.00100766
-0.000900742
-0.000759177
-0.000587911
-0.000392991
-0.000181441
3.87578e-05
0.00025874
0.000469062
0.000660262
0.000823527
0.000951309
0.0010379
0.0010799
0.00107653
0.00102958
0.000943126
0.000823081
0.000676773
0.000512484
0.000338846
0.000164239
-3.63135e-06
-0.000158051
-0.00029361
-0.000406376
-0.000493757
-0.000554252
-0.000587412
-0.000593919
-0.000575523
-0.000534889
-0.000475553
-0.000401876
-0.00031879
-0.000231378
-0.000144503
-6.25741e-05
1.05616e-05
7.1692e-05
0.000118361
0.000149016
0.000163075
0.000160927
0.00014387
0.000113977
7.39272e-05
2.67692e-05
-2.44195e-05
-7.6906e-05
-0.000128463
-0.000177263
-0.000221695
-0.000260244
-0.000291369
-0.000313393
-0.000324523
-0.000323103
-0.000307962
-0.000278684
-0.000235765
-0.000180722
-0.000116104
-4.52675e-05
2.80113e-05
9.98797e-05
0.000166633
0.000224948
0.000272173
0.000306538
0.000327188
0.000334156
0.000328368
0.000311559
0.000285976
0.000254067
0.000218331
0.00018126
0.000145202
0.000112197
8.39015e-05
6.15661e-05
4.59369e-05
3.71332e-05
3.46188e-05
3.73324e-05
4.39378e-05
5.30826e-05
6.35674e-05
7.44765e-05
8.53459e-05
9.62471e-05
0.000107625
0.000119994
0.000133747
0.000149133
0.000166195
0.000184623
0.000203607
0.000221807
0.000237428
0.000248317
0.000252097
0.000246416
0.000229354
0.000199763
0.000157352
0.000102605
3.67273e-05
-3.84508e-05
-0.000120706
-0.000207575
-0.000296201
-0.000382993
-0.000463427
-0.000532201
-0.000583833
-0.000613459
-0.000617481
-0.000593958
-0.000542971
-0.000466866
-0.000370035
-0.000258268
-0.000138082
-1.62747e-05
0.000100394
0.000205561
0.000293723
0.000360619
0.000403355
0.000420437
0.000411873
0.000379144
0.000324875
0.000252454
0.000165858
6.95572e-05
-3.1674e-05
-0.000132947
-0.000229324
-0.000315896
-0.000388032
-0.000441709
-0.000473806
-0.000482313
-0.00046646
-0.000426739
-0.000364768
-0.000283042
-0.000184708
-7.34076e-05
4.68268e-05
0.000171646
0.00029642
0.000416255
0.000526046
0.000620638
0.000695153
0.000745362
0.000767939
0.000760576
0.000722126
0.00065283
0.000554549
0.000430859
0.000286924
0.000129255
-3.45772e-05
-0.000196396
-0.000348183
-0.000482891
-0.000594906
-0.0006802
-0.000736401
-0.000762755
-0.000759803
-0.000728979
-0.000672403
-0.000592804
-0.00049341
-0.000377865
-0.000250305
-0.000115492
2.12809e-05
0.000154457
0.000278416
0.000387599
0.000476835
0.000541866
0.000579754
0.000589045
0.000569867
0.000524012
0.000454811
0.000366756
0.000265043
0.000155213
4.28418e-05
-6.67763e-05
-0.000168837
-0.000259059
-0.000333659
-0.000389432
-0.00042389
-0.000435381
-0.000423197
-0.000387711
-0.00033046
-0.000254093
-0.000162169
-5.88956e-05
5.11614e-05
0.000163392
0.000273408
0.000377174
0.000470996
0.000551424
0.000615163
0.000659095
0.000680457
0.000677053
0.000647446
0.000591204
0.000509256
0.000404158
0.000404158
0.000280036
0.000142324
-2.49662e-06
-0.000147237
-0.000284629
-0.00040806
-0.000512024
-0.0005923
-0.000646121
-0.000672253
-0.000670758
-0.00064256
-0.00058919
-0.000512772
-0.000416063
-0.000302464
-0.000176119
-4.19833e-05
9.4356e-05
0.000227093
0.000350628
0.000459908
0.000550747
0.000620024
0.000665618
0.000686123
0.000680591
0.000648515
0.000590087
0.00050658
0.000400605
0.000276191
0.000138751
-5.16761e-06
-0.000148488
-0.0002844
-0.000406969
-0.00051139
-0.000593995
-0.000652112
-0.000683871
-0.000688082
-0.000664307
-0.000613065
-0.000536092
-0.000436542
-0.00031902
-0.000189353
-5.4094e-05
8.00857e-05
0.000206906
0.000320818
0.000417185
0.000492331
0.000543491
0.000568773
0.000567217
0.000538956
0.00048537
0.000409163
0.000314298
0.000205772
8.92532e-05
-2.93662e-05
-0.000144384
-0.000250586
-0.000343387
-0.000418865
-0.000473764
-0.000505533
-0.000512445
-0.000493773
-0.00044996
-0.000382713
-0.000294984
-0.000190857
-7.53169e-05
4.60658e-05
0.000167464
0.000283077
0.000387343
0.000475148
0.00054207
0.00058465
0.000600572
0.000588785
0.000549603
0.000484735
0.000397149
0.000290805
0.000170394
4.11308e-05
-9.1388e-05
-0.000221287
-0.00034254
-0.000449199
-0.000535733
-0.000597379
-0.000630523
-0.000633094
-0.000604874
-0.000547541
-0.000464406
-0.000360017
-0.000239774
-0.000109578
2.45242e-05
0.000156575
0.000280813
0.000391749
0.000484348
0.000554282
0.000598208
0.000614022
0.000601054
0.000560129
0.000493481
0.000404556
0.00029777
0.000178261
5.16524e-05
-7.61472e-05
-0.000199158
-0.000311572
-0.000408072
-0.000484173
-0.000536519
-0.000563082
-0.00056329
-0.000538009
-0.000489341
-0.000420339
-0.000334762
-0.000236896
-0.000131376
-2.29941e-05
8.34634e-05
0.000183378
0.000272506
0.000347217
0.000404701
0.000443091
0.000461491
0.00045994
0.000439331
0.000401316
0.000348148
0.000282552
0.000207629
0.000126775
4.35549e-05
-3.84947e-05
-0.000116082
-0.000186339
-0.000246915
-0.000296021
-0.000332436
-0.000355475
-0.000364863
-0.000360574
-0.000342822
-0.000312187
-0.000269789
-0.000217398
-0.000157533
-9.35001e-05
-2.92373e-05
3.10898e-05
8.35759e-05
0.000125008
0.000153252
0.000167557
0.000168574
0.000158009
0.000138137
0.000111436
8.0298e-05
4.6743e-05
1.22815e-05
-2.19292e-05
-5.47801e-05
-8.50394e-05
-0.000111372
-0.000132407
-0.000146817
-0.000153473
-0.000151659
-0.000141158
-0.000122162
-9.51688e-05
-6.09781e-05
-2.0752e-05
2.39553e-05
7.11439e-05
0.000118285
0.000162366
0.000200214
0.000228956
0.000246371
0.000251089
0.000242766
0.000222153
0.000190877
0.00015102
0.000104789
5.44004e-05
2.03236e-06
-5.02214e-05
-0.000100351
-0.000146403
-0.000186531
-0.000219184
-0.000243324
-0.000258526
-0.000264896
-0.000262886
-0.000253123
-0.000236262
-0.000212865
-0.00018341
-0.000148499
-0.000109126
-6.67799e-05
-2.33733e-05
1.88762e-05
5.76152e-05
9.06174e-05
0.00011604
0.000132535
0.000139214
0.000135598
0.000121608
9.76374e-05
6.46362e-05
2.41624e-05
-2.16204e-05
-7.00137e-05
-0.000117998
-0.000162597
-0.000201254
-0.000232037
-0.000253704
-0.000265695
-0.000268035
-0.000261117
-0.000245497
-0.000221839
-0.000190983
-0.000153967
-0.00011199
-6.63781e-05
-1.85637e-05
2.99946e-05
7.79418e-05
0.000124101
0.000167426
0.0002069
0.000241512
0.000270309
0.000292465
0.000307342
0.000314566
0.000314065
0.000306029
0.000290816
0.00026885
0.000240589
0.000206569
0.000167522
0.000124498
7.88999e-05
3.23952e-05
-1.3219e-05
-5.62279e-05
-9.52586e-05
-0.000129452
-0.000158441
-0.00018217
-0.000200675
-0.000213865
-0.000221429
-0.000222931
-0.000218028
-0.000206706
-0.000189471
-0.000167498
-0.000142621
-0.000117114
-9.3322e-05
-7.33386e-05
-5.8798e-05
-5.07191e-05
-4.93699e-05
-5.42535e-05
-6.4261e-05
-7.78659e-05
-9.32622e-05
-0.000108533
-0.00012191
-0.000131985
-0.00013771
-0.000138327
-0.000133365
-0.000122654
-0.000106208
-8.41167e-05
-5.6584e-05
-2.40536e-05
1.27236e-05
5.26933e-05
9.45324e-05
0.000136735
0.000177758
0.000216172
0.000250771
0.000280629
0.000305123
0.000323903
0.000336802
0.000343722
0.000344557
0.000339183
0.000339183
0.000327519
0.000309609
0.000285664
0.000256072
0.000221417
0.000182523
0.000140469
9.65094e-05
5.19187e-05
7.83575e-06
-3.48385e-05
-7.54815e-05
-0.000113747
-0.000149507
-0.000182724
-0.000213297
-0.00024091
-0.00026493
-0.000284469
-0.000298585
-0.000306472
-0.000307558
-0.000301574
-0.000288641
-0.000269308
-0.000244453
-0.000215093
-0.000182233
-0.000146833
-0.000109829
-7.21455e-05
-3.46896e-05
1.63644e-06
3.59673e-05
6.75433e-05
9.57638e-05
0.000120213
0.000140677
0.000157142
0.000169722
0.000178535
0.000183577
0.000184718
0.000181802
0.000174773
0.000163746
0.000149065
0.000131372
0.000111619
9.09867e-05
7.0759e-05
5.22062e-05
3.64887e-05
2.45362e-05
1.69042e-05
1.36997e-05
1.46264e-05
1.9062e-05
2.60978e-05
3.46108e-05
4.34249e-05
5.14601e-05
5.77608e-05
6.1468e-05
6.18325e-05
5.82536e-05
5.02879e-05
3.76494e-05
2.02428e-05
-1.79216e-06
-2.80604e-05
-5.79076e-05
-9.03976e-05
-0.000124265
-0.000157877
-0.000189255
-0.000216162
-0.00023629
-0.000247575
-0.000248518
-0.000238381
-0.000217255
-0.000186128
-0.000146857
-0.000101903
-5.39036e-05
-5.40251e-06
4.12396e-05
8.39074e-05
0.000120827
0.000150603
0.000172188
0.000184864
0.000188307
0.000182662
0.000168544
0.000146965
0.00011924
8.68927e-05
5.15485e-05
1.48119e-05
-2.1785e-05
-5.67553e-05
-8.86298e-05
-0.000115999
-0.000137593
-0.000152354
-0.000159487
-0.000158514
-0.000149293
-0.000131979
-0.000106971
-7.48705e-05
-3.64985e-05
7.02877e-06
5.41888e-05
0.000102975
0.000150892
0.000195039
0.000232347
0.000259979
0.000275748
0.000278324
0.000267259
0.000242953
0.000206578
0.000159857
0.0001048
4.36119e-05
-2.12619e-05
-8.70808e-05
-0.000150865
-0.000209553
-0.000260227
-0.000300366
-0.000328072
-0.000342244
-0.000342617
-0.000329634
-0.000304236
-0.000267662
-0.000221336
-0.000166829
-0.000105907
-4.06359e-05
2.65607e-05
9.29734e-05
0.000155772
0.000212179
0.000259636
0.000295998
0.000319717
0.000329916
0.00032634
0.000309306
0.000279716
0.000239085
0.000189501
0.00013354
7.41437e-05
1.44647e-05
-4.2345e-05
-9.33785e-05
-0.00013617
-0.000168797
-0.000189921
-0.000198826
-0.00019542
-0.000180183
-0.000154104
-0.00011865
-7.57374e-05
-2.76481e-05
2.31223e-05
7.4042e-05
0.000122711
0.000167
0.000205165
0.000235901
0.000258343
0.000271998
0.000276691
0.000272549
0.00025999
0.000239693
0.000212541
0.00017962
0.00014222
0.0001018
5.99045e-05
1.81012e-05
-2.20229e-05
-5.88494e-05
-9.07567e-05
-0.000116194
-0.00013377
-0.000142349
-0.000141176
-0.000130014
-0.000109223
-7.97283e-05
-4.29115e-05
-5.26957e-07
4.53763e-05
9.2559e-05
0.000138692
0.000181417
0.000218397
0.00024743
0.000266615
0.000274555
0.00027051
0.000254441
0.00022698
0.000189354
0.000143269
9.07473e-05
3.39642e-05
-2.483e-05
-8.3349e-05
-0.000139317
-0.000190543
-0.000235023
-0.000271072
-0.000297458
-0.000313524
-0.000319243
-0.000315194
-0.000302462
-0.000282486
-0.000256932
-0.00022758
-0.000196218
-0.000164576
-0.000134289
-0.000106889
-8.37588e-05
-6.60404e-05
-5.45629e-05
-4.98073e-05
-5.19076e-05
-6.0663e-05
-7.5551e-05
-9.57511e-05
-0.00012019
-0.000147597
-0.000176555
-0.000205554
-0.000233075
-0.000257666
-0.000278036
-0.00029313
-0.00030216
-0.000304587
-0.000300066
-0.00028842
-0.000269633
-0.000243896
-0.000211693
-0.000173903
-0.000131848
-8.72834e-05
-4.23208e-05
7.2005e-07
3.95736e-05
7.23153e-05
9.75256e-05
0.000114321
0.000122356
0.000121804
0.000113262
9.76026e-05
7.58875e-05
4.93638e-05
1.94652e-05
-1.2225e-05
-4.40254e-05
-7.42075e-05
-0.000101066
-0.000123013
-0.000138678
-0.000147002
-0.000147336
-0.000139522
-0.00012391
-0.000101317
-7.29659e-05
-4.04059e-05
-5.38209e-06
3.03255e-05
6.50121e-05
9.71015e-05
0.000125197
0.000148131
0.000164979
0.000175065
0.000177979
0.000173629
0.00016227
0.000144511
0.000121306
9.39355e-05
6.39479e-05
3.30594e-05
3.04461e-06
-2.43704e-05
-4.76173e-05
-6.53822e-05
-7.66575e-05
-8.07552e-05
-7.73204e-05
-6.63451e-05
-4.81587e-05
-2.33946e-05
7.0369e-06
4.19584e-05
7.99306e-05
0.000119275
0.00015814
0.000194605
0.000226814
0.000253095
0.000253095
0.000272073
0.000282781
0.000284726
0.000277884
0.00026261
0.000239522
0.000209403
0.000173154
0.000131802
8.65505e-05
3.88207e-05
-9.7497e-06
-5.73196e-05
-0.000101878
-0.000141351
-0.000173785
-0.000197537
-0.000211386
-0.000214593
-0.000206955
-0.000188838
-0.000161139
-0.000125193
-8.26669e-05
-3.5481e-05
1.4295e-05
6.45749e-05
0.000113368
0.00015884
0.000199367
0.000233598
0.000260495
0.00027931
0.000289572
0.000291075
0.000283859
0.000268192
0.000244575
0.000213818
0.00017712
0.000136071
9.25795e-05
4.88e-05
7.01329e-06
-3.05744e-05
-6.20681e-05
-8.60256e-05
-0.000101489
-0.000107993
-0.000105581
-9.47724e-05
-7.64983e-05
-5.20464e-05
-2.30349e-05
8.64158e-06
4.09322e-05
7.17924e-05
9.93355e-05
0.000121946
0.000138378
0.000147831
0.000149961
0.000144791
0.000132619
0.000113971
8.9612e-05
6.05509e-05
2.80519e-05
-6.32934e-06
-4.07534e-05
-7.31977e-05
-0.000101617
-0.000124115
-0.000139126
-0.000145581
-0.000142993
-0.00013141
-0.000111312
-8.35242e-05
-4.91635e-05
-9.59721e-06
3.3545e-05
7.8304e-05
0.000122345
0.000163017
0.00019756
0.000223407
0.000238507
0.000241529
0.000231933
0.000209971
0.000176611
0.000133342
8.19748e-05
2.45775e-05
-3.64475e-05
-9.82776e-05
-0.000157697
-0.000211296
-0.000255798
-0.00028838
-0.000306947
-0.000310377
-0.000298679
-0.000272914
-0.000234894
-0.000186865
-0.000131297
-7.07595e-05
-7.84389e-06
5.48653e-05
0.000114797
0.000169432
0.000216438
0.000253862
0.000280308
0.00029503
0.000297949
0.000289622
0.000271125
0.000243902
0.000209624
0.000170127
0.000127397
8.35397e-05
4.07137e-05
1.00984e-06
-3.36827e-05
-6.18005e-05
-8.21958e-05
-9.41883e-05
-9.75668e-05
-9.2528e-05
-7.95814e-05
-5.94808e-05
-3.32124e-05
-2.02946e-06
3.24813e-05
6.83275e-05
0.000103106
0.000134147
0.000158794
0.000174704
0.000180106
0.000174041
0.000156543
0.000128614
9.19544e-05
4.86263e-05
7.91723e-07
-4.94756e-05
-0.000100353
-0.000150331
-0.000198119
-0.000242468
-0.000282065
-0.000315501
-0.00034129
-0.000357982
-0.000364406
-0.000359907
-0.000344452
-0.000318644
-0.000283705
-0.000241403
-0.00019387
-0.000143358
-9.20893e-05
-4.21918e-05
4.33289e-06
4.56512e-05
8.01379e-05
0.000106414
0.000123414
0.000130474
0.000127412
0.000114554
9.27201e-05
6.31725e-05
2.75256e-05
-1.23538e-05
-5.44223e-05
-9.64987e-05
-0.0001363
-0.000171519
-0.000199938
-0.000219584
-0.000228926
-0.000227116
-0.000214158
-0.000190907
-0.000158952
-0.000120428
-7.77694e-05
-3.34057e-05
1.04722e-05
5.19654e-05
8.94229e-05
0.000121434
0.000146851
0.000164786
0.000174637
0.000176181
0.000169682
0.000155901
0.000136016
0.000111478
8.38693e-05
5.47644e-05
2.56197e-05
-2.31168e-06
-2.80001e-05
-5.06e-05
-6.94047e-05
-8.38509e-05
-9.35646e-05
-9.83967e-05
-9.84276e-05
-9.3961e-05
-8.55171e-05
-7.381e-05
-5.96879e-05
-4.40425e-05
-2.77199e-05
-1.14593e-05
4.13163e-06
1.85764e-05
3.15185e-05
4.27058e-05
5.19614e-05
5.91463e-05
6.41453e-05
6.68978e-05
6.74378e-05
6.5909e-05
6.2563e-05
5.77612e-05
5.19551e-05
4.56301e-05
3.9247e-05
3.32149e-05
2.78843e-05
2.35456e-05
2.04348e-05
1.87483e-05
1.86489e-05
2.02548e-05
2.36244e-05
2.87592e-05
3.56309e-05
4.42186e-05
5.45385e-05
6.66453e-05
8.05627e-05
9.61218e-05
0.000112781
0.000129547
0.000145028
0.000157551
0.00016539
0.000167113
0.000161914
0.000149704
0.000131011
0.000106829
7.84341e-05
4.71151e-05
1.39586e-05
-2.01579e-05
-5.44293e-05
-8.80108e-05
-0.000119963
-0.000149221
-0.000174605
-0.000194935
-0.000209176
-0.000216552
-0.000216597
-0.000209208
-0.000194668
-0.00017358
-0.000146773
-0.000115264
-8.02651e-05
-4.31476e-05
-5.34884e-06
3.1716e-05
6.6722e-05
9.85069e-05
0.000126131
0.000148887
0.000166261
0.000177866
0.000183398
0.000182604
0.000175302
0.00016149
0.000141503
0.000116081
8.6337e-05
5.36864e-05
1.97592e-05
-1.37624e-05
-4.53422e-05
-7.37083e-05
-9.7867e-05
-0.000117075
-0.000130811
-0.000138743
-0.000140707
-0.000136716
-0.000126976
-0.000111884
-9.20206e-05
-6.81278e-05
-4.11112e-05
-1.20035e-05
1.80913e-05
4.80146e-05
7.65244e-05
0.0001023
0.000124029
0.000124029
0.000140535
0.00015088
0.000154463
0.000151126
0.000141224
0.000125572
0.000105321
8.18113e-05
5.64593e-05
3.06473e-05
5.63165e-06
-1.74947e-05
-3.77922e-05
-5.44899e-05
-6.70575e-05
-7.52711e-05
-7.92097e-05
-7.92085e-05
-7.58262e-05
-6.9807e-05
-6.1986e-05
-5.31692e-05
-4.40773e-05
-3.53687e-05
-2.76771e-05
-2.16187e-05
-1.77739e-05
-1.66373e-05
-1.85224e-05
-2.34522e-05
-3.10947e-05
-4.0774e-05
-5.155e-05
-6.23546e-05
-7.21788e-05
-8.02481e-05
-8.60966e-05
-8.95399e-05
-9.06138e-05
-8.94983e-05
-8.64022e-05
-8.14692e-05
-7.47858e-05
-6.64591e-05
-5.66734e-05
-4.57091e-05
-3.39526e-05
-2.18853e-05
-1.00266e-05
1.14589e-06
1.1248e-05
1.99961e-05
2.71936e-05
3.27149e-05
3.64845e-05
3.84609e-05
3.86472e-05
3.71267e-05
3.40888e-05
2.9826e-05
2.47117e-05
1.91689e-05
1.36164e-05
8.39534e-06
3.70352e-06
-4.32334e-07
-4.14185e-06
-7.66738e-06
-1.13083e-05
-1.53559e-05
-2.00209e-05
-2.53897e-05
-3.14456e-05
-3.81209e-05
-4.53253e-05
-5.29596e-05
-6.09479e-05
-6.92565e-05
-7.78648e-05
-8.67149e-05
-9.56912e-05
-0.000104632
-0.00011335
-0.000121651
-0.000129352
-0.000136298
-0.000142356
-0.000147406
-0.000151342
-0.000154092
-0.000155628
-0.000155969
-0.000155201
-0.000153497
-0.000151114
-0.000148346
-0.000145478
-0.000142738
-0.000140238
-0.000137932
-0.000135607
-0.000132924
-0.000129482
-0.000124848
-0.00011856
-0.000110151
-9.91979e-05
-8.53751e-05
-6.84968e-05
-4.85583e-05
-2.58148e-05
-8.49409e-07
2.54577e-05
5.2064e-05
7.7907e-05
0.000101997
0.000123485
0.000141715
0.000156223
0.000166684
0.000172858
0.00017456
0.000171671
0.000164178
0.000152233
0.000136204
0.000116677
9.43967e-05
7.01813e-05
4.48611e-05
1.92385e-05
-5.94095e-06
-3.00088e-05
-5.23729e-05
-7.25003e-05
-8.99052e-05
-0.000104169
-0.000114979
-0.000122134
-0.000125506
-0.000124958
-0.000120285
-0.000111243
-9.76515e-05
-7.94997e-05
-5.702e-05
-3.07797e-05
-1.76549e-06
2.86542e-05
5.89205e-05
8.75039e-05
0.000113051
0.00013447
0.000150983
0.000162132
0.000167721
0.000167736
0.000162313
0.000151755
0.000136571
0.000117497
9.54843e-05
7.16733e-05
4.73148e-05
2.36576e-05
1.84697e-06
-1.71333e-05
-3.24886e-05
-4.36299e-05
-5.01751e-05
-5.19419e-05
-4.89512e-05
-4.14407e-05
-2.98698e-05
-1.49088e-05
2.59078e-06
2.165e-05
4.12396e-05
6.03573e-05
7.80847e-05
9.36168e-05
0.000106275
0.000115522
0.000120978
0.000122455
0.000119995
0.000113904
0.000104753
9.33467e-05
8.065e-05
6.76788e-05
5.53848e-05
4.4575e-05
3.58766e-05
2.97259e-05
2.63851e-05
2.59906e-05
2.85935e-05
3.41454e-05
4.24403e-05
5.30669e-05
6.54017e-05
7.86501e-05
9.19239e-05
0.000104331
0.000115061
0.000123463
0.00012909
0.000131694
0.000131155
0.00012743
0.000120531
0.000110538
9.7631e-05
8.21358e-05
6.45454e-05
4.55059e-05
2.57663e-05
6.1118e-06
-1.27062e-05
-3.00305e-05
-4.53304e-05
-5.81942e-05
-6.82893e-05
-7.53143e-05
-7.89769e-05
-7.90267e-05
-7.53292e-05
-6.7928e-05
-5.7066e-05
-4.31763e-05
-2.68517e-05
-8.78286e-06
1.03221e-05
2.97957e-05
4.90283e-05
6.74451e-05
8.44683e-05
9.9498e-05
0.000111939
0.000121259
0.000127063
0.000129158
0.000127599
0.00012269
0.00011494
0.000104975
9.34636e-05
8.10492e-05
6.83149e-05
5.57701e-05
4.38696e-05
3.30407e-05
2.3683e-05
1.61226e-05
1.0533e-05
6.84667e-06
4.69897e-06
3.45274e-06
2.32363e-06
5.7518e-07
-2.27873e-06
-6.34231e-06
-1.13393e-05
-1.6736e-05
-2.19117e-05
-2.63294e-05
-2.96961e-05
-3.20547e-05
-3.37263e-05
-3.51327e-05
-3.66304e-05
-3.84385e-05
-4.06328e-05
-4.31751e-05
-4.59853e-05
-4.90398e-05
-5.24248e-05
-5.63047e-05
-6.08466e-05
-6.61563e-05
-7.22351e-05
-7.89557e-05
-8.6071e-05
-9.32477e-05
-0.000100088
-0.000106138
-0.000110903
-0.000113877
-0.000114565
-0.00011251
-0.000107374
-9.90285e-05
-8.76054e-05
-7.34621e-05
-5.71207e-05
-3.92184e-05
-2.04673e-05
-1.60498e-06
1.66455e-05
3.35804e-05
4.85082e-05
6.07638e-05
6.97587e-05
7.50513e-05
7.64162e-05
7.38851e-05
6.77539e-05
5.85587e-05
4.70154e-05
3.39284e-05
2.01083e-05
6.32831e-06
-6.69357e-06
-1.83073e-05
-2.79369e-05
-3.50826e-05
-3.93367e-05
-4.04224e-05
-3.8243e-05
-3.29223e-05
-2.48169e-05
-2.48169e-05
-1.44993e-05
-2.72001e-06
9.64048e-06
2.16319e-05
3.23027e-05
4.07723e-05
4.63022e-05
4.83489e-05
4.65866e-05
4.09223e-05
3.15277e-05
1.88461e-05
3.53013e-06
-1.3656e-05
-3.19014e-05
-5.03836e-05
-6.83184e-05
-8.50129e-05
-9.98826e-05
-0.000112437
-0.000122271
-0.000129067
-0.000132606
-0.000132774
-0.000129557
-0.000123051
-0.00011345
-0.00010101
-8.59995e-05
-6.86644e-05
-4.92609e-05
-2.80969e-05
-5.54994e-06
1.79297e-05
4.17921e-05
6.53451e-05
8.77474e-05
0.00010806
0.000125322
0.00013863
0.00014721
0.000150504
0.000148258
0.000140581
0.000127916
0.000110964
9.06241e-05
6.79284e-05
4.39477e-05
1.97104e-05
-3.81737e-06
-2.5728e-05
-4.52017e-05
-6.15647e-05
-7.43412e-05
-8.3289e-05
-8.84214e-05
-9.00081e-05
-8.85385e-05
-8.46341e-05
-7.89249e-05
-7.19371e-05
-6.40341e-05
-5.54139e-05
-4.61437e-05
-3.62363e-05
-2.57686e-05
-1.49754e-05
-4.24236e-06
5.97355e-06
1.52114e-05
2.30587e-05
2.92262e-05
3.3604e-05
3.62311e-05
3.72033e-05
3.65984e-05
3.44494e-05
3.07624e-05
2.55626e-05
1.89509e-05
1.11448e-05
2.49127e-06
-6.55836e-06
-1.55071e-05
-2.38798e-05
-3.12724e-05
-3.73726e-05
-4.19491e-05
-4.4822e-05
-4.58419e-05
-4.48948e-05
-4.19262e-05
-3.69769e-05
-3.02275e-05
-2.20321e-05
-1.29103e-05
-3.48758e-06
5.58423e-06
1.36969e-05
2.03376e-05
2.51262e-05
2.78285e-05
2.83368e-05
2.66302e-05
2.27544e-05
1.68359e-05
9.10741e-06
-8.36133e-08
-1.02834e-05
-2.09504e-05
-3.14926e-05
-4.13257e-05
-4.99366e-05
-5.6926e-05
-6.20233e-05
-6.50729e-05
-6.60114e-05
-6.4852e-05
-6.16873e-05
-5.67097e-05
-5.02387e-05
-4.27368e-05
-3.47971e-05
-2.71023e-05
-2.03552e-05
-1.51901e-05
-1.20918e-05
-1.13552e-05
-1.30764e-05
-1.71534e-05
-2.3304e-05
-3.11222e-05
-4.01474e-05
-4.98996e-05
-5.9878e-05
-6.95577e-05
-7.83947e-05
-8.58284e-05
-9.12883e-05
-9.4219e-05
-9.41266e-05
-9.06311e-05
-8.35181e-05
-7.27868e-05
-5.86748e-05
-4.16452e-05
-2.23562e-05
-1.6401e-06
1.95252e-05
4.00936e-05
5.90519e-05
7.54877e-05
8.86242e-05
9.78692e-05
0.000102872
0.000103548
0.000100057
9.27715e-05
8.22542e-05
6.92297e-05
5.45391e-05
3.90668e-05
2.36712e-05
9.13823e-06
-3.85788e-06
-1.4795e-05
-2.33143e-05
-2.91885e-05
-3.22836e-05
-3.25501e-05
-3.00315e-05
-2.48619e-05
-1.72624e-05
-7.54885e-06
3.86668e-06
1.6507e-05
2.98839e-05
4.35445e-05
5.70917e-05
7.01809e-05
8.2499e-05
9.37501e-05
0.000103642
0.000111865
0.000118078
0.000121953
0.000123244
0.000121838
0.000117765
0.000111208
0.000102504
9.21115e-05
8.05648e-05
6.84184e-05
5.62182e-05
4.4484e-05
3.36925e-05
2.42634e-05
1.65562e-05
1.08663e-05
7.40409e-06
6.2697e-06
7.44756e-06
1.08136e-05
1.61412e-05
2.311e-05
3.13273e-05
4.03552e-05
4.97206e-05
5.89102e-05
6.73743e-05
7.4552e-05
7.99002e-05
8.2928e-05
8.32547e-05
8.06839e-05
7.52521e-05
6.72303e-05
5.70923e-05
4.54657e-05
3.30609e-05
2.05798e-05
8.6395e-06
-2.25038e-06
-1.16744e-05
-1.93045e-05
-2.49066e-05
-2.83401e-05
-2.95575e-05
-2.86238e-05
-2.57379e-05
-2.12226e-05
-1.54752e-05
-8.90234e-06
-1.87185e-06
5.30474e-06
1.23733e-05
1.91268e-05
2.5373e-05
3.08898e-05
3.54107e-05
3.8653e-05
4.03592e-05
4.03238e-05
3.8416e-05
3.46047e-05
2.89695e-05
2.16788e-05
1.29581e-05
3.08335e-06
-7.60435e-06
-1.86949e-05
-2.97283e-05
-4.02224e-05
-4.97e-05
-5.77248e-05
-6.39491e-05
-6.81547e-05
-7.02687e-05
-7.03535e-05
-6.8593e-05
-6.52824e-05
-6.08064e-05
-5.56017e-05
-5.0126e-05
-4.48431e-05
-4.02083e-05
-3.66401e-05
-3.44888e-05
-3.40165e-05
-3.53948e-05
-3.87085e-05
-4.3955e-05
-5.10484e-05
-5.98301e-05
-7.00745e-05
-8.14789e-05
-9.36414e-05
-0.000106032
-0.000117964
-0.000128609
-0.000137065
-0.000142493
-0.000144216
-0.000141786
-0.000135037
-0.000124152
-0.000109648
-9.22891e-05
-7.29723e-05
-5.2651e-05
-3.22852e-05
-1.27904e-05
5.01375e-06
2.04316e-05
3.28883e-05
4.19322e-05
4.72629e-05
4.87532e-05
4.64427e-05
4.05297e-05
3.1376e-05
1.94952e-05
5.51636e-06
-9.85566e-06
-2.58667e-05
-4.17415e-05
-5.67196e-05
-7.00887e-05
-8.12072e-05
-8.95242e-05
-9.46072e-05
-9.6171e-05
-9.40958e-05
-8.84221e-05
-7.93309e-05
-6.71193e-05
-5.21752e-05
-3.49547e-05
-1.59654e-05
4.24289e-06
4.24289e-06
2.50783e-05
4.58928e-05
6.59648e-05
8.45096e-05
0.00010073
0.000113885
0.00012335
0.00012868
0.000129668
0.000126387
0.000119162
0.00010853
9.52141e-05
8.00992e-05
6.41823e-05
4.8491e-05
3.40093e-05
2.15996e-05
1.18977e-05
5.21128e-06
1.49859e-06
4.44414e-07
1.56333e-06
4.28375e-06
8.03844e-06
1.23653e-05
1.69514e-05
2.15859e-05
2.60862e-05
3.02708e-05
3.39702e-05
3.70358e-05
3.93376e-05
4.07768e-05
4.13165e-05
4.09854e-05
3.98235e-05
3.78132e-05
3.48684e-05
3.08782e-05
2.57517e-05
1.94494e-05
1.2032e-05
3.71535e-06
-5.12092e-06
-1.39915e-05
-2.23914e-05
-2.98659e-05
-3.60567e-05
-4.07357e-05
-4.3817e-05
-4.53412e-05
-4.54541e-05
-4.44176e-05
-4.26428e-05
-4.06942e-05
-3.92226e-05
-3.88581e-05
-4.01093e-05
-4.32719e-05
-4.83314e-05
-5.49192e-05
-6.24044e-05
-7.00842e-05
-7.73368e-05
-8.36904e-05
-8.88534e-05
-9.27134e-05
-9.52599e-05
-9.64628e-05
-9.61993e-05
-9.42742e-05
-9.04971e-05
-8.47735e-05
-7.71878e-05
-6.80502e-05
-5.78731e-05
-4.72798e-05
-3.68944e-05
-2.72561e-05
-1.87661e-05
-1.16762e-05
-6.1258e-06
-2.19334e-06
8.73919e-08
7.58728e-07
-1.32428e-08
-1.90761e-06
-4.44517e-06
-7.01162e-06
-8.9192e-06
-9.51642e-06
-8.30869e-06
-5.01957e-06
4.30604e-07
7.98343e-06
1.74962e-05
2.87837e-05
4.16326e-05
5.57554e-05
7.06899e-05
8.57082e-05
9.97975e-05
0.000111745
0.000120322
0.000124507
0.000123634
0.000117447
0.000106113
9.01633e-05
7.03512e-05
4.74821e-05
2.23329e-05
-4.30664e-06
-3.15469e-05
-5.83467e-05
-8.353e-05
-0.000105868
-0.000124198
-0.000137562
-0.000145344
-0.000147345
-0.000143765
-0.00013511
-0.000122072
-0.000105426
-8.59744e-05
-6.45473e-05
-4.20324e-05
-1.94053e-05
2.2793e-06
2.19478e-05
3.86142e-05
5.15025e-05
6.01484e-05
6.44476e-05
6.46319e-05
6.11931e-05
5.47819e-05
4.61059e-05
3.58511e-05
2.46556e-05
1.31331e-05
1.89667e-06
-8.45432e-06
-1.73715e-05
-2.43871e-05
-2.91382e-05
-3.14031e-05
-3.11332e-05
-2.84347e-05
-2.35055e-05
-1.6575e-05
-7.87677e-06
2.35681e-06
1.38884e-05
2.64592e-05
3.97617e-05
5.34168e-05
6.698e-05
7.99846e-05
9.19928e-05
0.000102625
0.000111573
0.000118606
0.000123569
0.000126365
0.000126936
0.000125274
0.000121447
0.000115636
0.000108147
9.94027e-05
8.99106e-05
8.02178e-05
7.08496e-05
6.22464e-05
5.47292e-05
4.85011e-05
4.36681e-05
4.02621e-05
3.82687e-05
3.76535e-05
3.83671e-05
4.03225e-05
4.33683e-05
4.72857e-05
5.17988e-05
5.65855e-05
6.1296e-05
6.55848e-05
6.91421e-05
7.17108e-05
7.30927e-05
7.3146e-05
7.1783e-05
6.89711e-05
6.47385e-05
5.91781e-05
5.24495e-05
4.47778e-05
3.64466e-05
2.77831e-05
1.91373e-05
1.08564e-05
3.26118e-06
-3.37145e-06
-8.81997e-06
-1.29265e-05
-1.55998e-05
-1.68135e-05
-1.66017e-05
-1.50594e-05
-1.23401e-05
-8.64797e-06
-4.22266e-06
6.81244e-07
5.82101e-06
1.09907e-05
1.60319e-05
2.08296e-05
2.53043e-05
2.94006e-05
3.30667e-05
3.62277e-05
3.87705e-05
4.05419e-05
4.13546e-05
4.09934e-05
3.92386e-05
3.59155e-05
3.09432e-05
2.4349e-05
1.62581e-05
6.89244e-06
-3.43459e-06
-1.43561e-05
-2.55059e-05
-3.65419e-05
-4.71301e-05
-5.69181e-05
-6.55168e-05
-7.25027e-05
-7.74493e-05
-7.99789e-05
-7.98146e-05
-7.68257e-05
-7.10623e-05
-6.27608e-05
-5.23018e-05
-4.01343e-05
-2.67057e-05
-1.24273e-05
2.32684e-06
1.71964e-05
3.17965e-05
4.56868e-05
5.83697e-05
6.93196e-05
7.80377e-05
8.41375e-05
8.7438e-05
8.80161e-05
8.6204e-05
8.25504e-05
7.77517e-05
7.25463e-05
6.76101e-05
6.35012e-05
6.06348e-05
5.92339e-05
5.92705e-05
6.04746e-05
6.24184e-05
6.45942e-05
6.64523e-05
6.74516e-05
6.71544e-05
6.53067e-05
6.1836e-05
5.67837e-05
5.0245e-05
4.23431e-05
3.32077e-05
2.29563e-05
1.17157e-05
-3.14145e-07
-1.28104e-05
-2.53282e-05
-3.73366e-05
-4.82773e-05
-5.76503e-05
-6.51048e-05
-7.04964e-05
-7.38992e-05
-7.55788e-05
-7.59185e-05
-7.53139e-05
-7.4082e-05
-7.24197e-05
-7.04034e-05
-6.80183e-05
-6.52252e-05
-6.20459e-05
-5.86052e-05
-5.51131e-05
-5.18295e-05
-4.90332e-05
-4.69709e-05
-4.57968e-05
-4.55519e-05
-4.61952e-05
-4.76473e-05
-4.9815e-05
-5.25961e-05
-5.58735e-05
-5.9501e-05
-6.32863e-05
-6.69878e-05
-7.03329e-05
-7.30535e-05
-7.49256e-05
-7.49256e-05
-7.57993e-05
-7.5618e-05
-7.44236e-05
-7.23416e-05
-6.95483e-05
-6.62383e-05
-6.26056e-05
-5.88431e-05
-5.51561e-05
-5.17741e-05
-4.89304e-05
-4.68047e-05
-4.54915e-05
-4.50305e-05
-4.54292e-05
-4.66154e-05
-4.83974e-05
-5.05161e-05
-5.272e-05
-5.47759e-05
-5.64545e-05
-5.75527e-05
-5.79296e-05
-5.75219e-05
-5.63431e-05
-5.44749e-05
-5.20562e-05
-4.92606e-05
-4.62614e-05
-4.32053e-05
-4.02171e-05
-3.74113e-05
-3.48834e-05
-3.2702e-05
-3.09269e-05
-2.96272e-05
-2.88692e-05
-2.86852e-05
-2.90538e-05
-2.98922e-05
-3.10565e-05
-3.2358e-05
-3.35931e-05
-3.45678e-05
-3.51149e-05
-3.5111e-05
-3.44842e-05
-3.3201e-05
-3.1244e-05
-2.85971e-05
-2.52442e-05
-2.11786e-05
-1.64175e-05
-1.10155e-05
-5.07284e-06
1.26566e-06
7.82385e-06
1.44125e-05
2.08403e-05
2.69128e-05
3.24243e-05
3.71426e-05
4.07959e-05
4.30806e-05
4.37072e-05
4.2461e-05
3.92446e-05
3.40937e-05
2.7188e-05
1.88538e-05
9.54328e-06
-2.08475e-07
-9.82459e-06
-1.87127e-05
-2.62867e-05
-3.20041e-05
-3.54283e-05
-3.62943e-05
-3.45466e-05
-3.03443e-05
-2.4047e-05
-1.61722e-05
-7.30977e-06
1.97329e-06
1.11828e-05
1.99018e-05
2.77852e-05
3.45494e-05
3.99457e-05
4.3739e-05
4.57292e-05
4.58061e-05
4.39972e-05
4.04825e-05
3.55766e-05
2.96884e-05
2.32693e-05
1.67602e-05
1.05399e-05
4.89248e-06
3.6326e-09
-4.02501e-06
-7.16122e-06
-9.43369e-06
-1.09278e-05
-1.17781e-05
-1.21491e-05
-1.22122e-05
-1.21359e-05
-1.20774e-05
-1.2154e-05
-1.2412e-05
-1.28248e-05
-1.3312e-05
-1.37566e-05
-1.40175e-05
-1.39569e-05
-1.34807e-05
-1.2573e-05
-1.1307e-05
-9.82667e-06
-8.31879e-06
-6.98585e-06
-6.01299e-06
-5.53063e-06
-5.59569e-06
-6.19944e-06
-7.28123e-06
-8.73423e-06
-1.04143e-05
-1.21617e-05
-1.38249e-05
-1.52709e-05
-1.63924e-05
-1.71325e-05
-1.7517e-05
-1.76607e-05
-1.77369e-05
-1.794e-05
-1.84568e-05
-1.94329e-05
-2.09256e-05
-2.28722e-05
-2.51011e-05
-2.73769e-05
-2.94448e-05
-3.10598e-05
-3.20205e-05
-3.22064e-05
-3.15873e-05
-3.01923e-05
-2.80753e-05
-2.53072e-05
-2.19738e-05
-1.81629e-05
-1.39614e-05
-9.47762e-06
-4.86214e-06
-3.05123e-07
3.98185e-06
7.78629e-06
1.09217e-05
1.32645e-05
1.47955e-05
1.5635e-05
1.60531e-05
1.64349e-05
1.72107e-05
1.87877e-05
2.14949e-05
2.55178e-05
3.08278e-05
3.7167e-05
4.41176e-05
5.12032e-05
5.79594e-05
6.3978e-05
6.8959e-05
7.27467e-05
7.53072e-05
7.66615e-05
7.68413e-05
7.5885e-05
7.38403e-05
7.07628e-05
6.67312e-05
6.1869e-05
5.63349e-05
5.02816e-05
4.38255e-05
3.7052e-05
3.00337e-05
2.28437e-05
1.55699e-05
8.35057e-06
1.41145e-06
-4.9346e-06
-1.03372e-05
-1.44704e-05
-1.70731e-05
-1.79758e-05
-1.71252e-05
-1.45966e-05
-1.05715e-05
-5.2946e-06
9.54384e-07
7.85954e-06
1.50573e-05
2.21334e-05
2.86314e-05
3.40693e-05
3.7967e-05
3.98948e-05
3.95355e-05
3.6733e-05
3.15075e-05
2.40409e-05
1.46601e-05
3.82769e-06
-7.87408e-06
-1.97802e-05
-3.11924e-05
-4.14208e-05
-4.98189e-05
-5.58305e-05
-5.9052e-05
-5.92873e-05
-5.65655e-05
-5.11191e-05
-4.33428e-05
-3.37484e-05
-2.29146e-05
-1.14285e-05
1.55943e-07
1.13243e-05
2.1596e-05
3.05333e-05
3.77527e-05
4.29257e-05
4.57915e-05
4.61929e-05
4.41074e-05
3.9653e-05
3.30798e-05
2.47597e-05
1.5162e-05
4.8158e-06
-5.73094e-06
-1.59403e-05
-2.53047e-05
-3.33695e-05
-3.97556e-05
-4.41716e-05
-4.6416e-05
-4.63861e-05
-4.40911e-05
-3.96545e-05
-3.33039e-05
-2.53586e-05
-1.62152e-05
-6.32572e-06
3.83202e-06
1.37849e-05
2.30946e-05
3.13833e-05
3.83551e-05
4.38154e-05
4.76763e-05
4.99393e-05
5.067e-05
4.99888e-05
4.80675e-05
4.51143e-05
4.13557e-05
3.70385e-05
3.24392e-05
2.78527e-05
2.35612e-05
1.97925e-05
1.66809e-05
1.42478e-05
1.24123e-05
1.10205e-05
9.88078e-06
8.80482e-06
7.64983e-06
6.34067e-06
4.86131e-06
3.22371e-06
1.43497e-06
-5.13359e-07
-2.62287e-06
-4.84499e-06
-7.04128e-06
-8.96371e-06
-1.02624e-05
-1.05278e-05
-9.36952e-06
-6.51213e-06
-1.86551e-06
4.45186e-06
1.21114e-05
2.0569e-05
2.90866e-05
3.68244e-05
4.29683e-05
4.68066e-05
4.77532e-05
4.53963e-05
3.95978e-05
3.05772e-05
1.8933e-05
5.61891e-06
-8.10253e-06
-2.07484e-05
-3.07836e-05
-3.68582e-05
-3.80054e-05
-3.37205e-05
-2.39953e-05
-9.40911e-06
8.83006e-06
8.83006e-06
2.90531e-05
4.94351e-05
6.82269e-05
8.38924e-05
9.529e-05
0.000101869
0.000103691
0.000101233
9.51361e-05
8.60389e-05
7.44166e-05
6.04238e-05
4.38782e-05
2.44589e-05
1.96153e-06
-2.35415e-05
-5.15855e-05
-8.11536e-05
-0.000110572
-0.00013763
-0.000159894
-0.000175019
-0.000180994
-0.000176456
-0.000161062
-0.000135662
-0.000102123
-6.30068e-05
-2.12892e-05
1.99644e-05
5.80516e-05
9.09493e-05
0.00011727
0.000136062
0.000146754
0.000149182
0.000143557
0.000130424
0.00011075
8.60272e-05
5.82089e-05
2.94436e-05
1.73493e-06
-2.33481e-05
-4.48418e-05
-6.24215e-05
-7.62884e-05
-8.68872e-05
-9.4525e-05
-9.9109e-05
-0.000100162
-9.70221e-05
-8.90614e-05
-7.59462e-05
-5.7942e-05
-3.60683e-05
-1.19313e-05
1.26235e-05
3.5804e-05
5.60886e-05
7.24221e-05
8.42873e-05
9.15652e-05
9.43134e-05
9.26464e-05
8.67145e-05
7.6699e-05
6.28404e-05
4.55428e-05
2.54747e-05
3.55391e-06
-1.91604e-05
-4.15649e-05
-6.25749e-05
-8.1191e-05
-9.65526e-05
-0.000107936
-0.000114736
-0.000116499
-0.000112989
-0.000104232
-9.05376e-05
-7.25127e-05
-5.10636e-05
-2.73329e-05
-2.60793e-06
2.17549e-05
4.43885e-05
6.39798e-05
7.9353e-05
8.95756e-05
9.40613e-05
9.26338e-05
8.55474e-05
7.34788e-05
5.74528e-05
3.86794e-05
1.83755e-05
-2.32957e-06
-2.24234e-05
-4.104e-05
-5.74711e-05
-7.11268e-05
-8.14936e-05
-8.8154e-05
-9.08482e-05
-8.95233e-05
-8.4346e-05
-7.56868e-05
-6.40811e-05
-5.01727e-05
-3.46486e-05
-1.81876e-05
-1.4464e-06
1.49231e-05
3.02639e-05
4.39287e-05
5.53028e-05
6.38359e-05
6.90937e-05
7.08206e-05
6.89748e-05
6.37207e-05
5.53942e-05
4.44622e-05
3.14804e-05
1.70532e-05
1.80639e-06
-1.36235e-05
-2.85953e-05
-4.24783e-05
-5.46756e-05
-6.465e-05
-7.19562e-05
-7.62751e-05
-7.74309e-05
-7.53896e-05
-7.02531e-05
-6.22579e-05
-5.17671e-05
-3.92476e-05
-2.5247e-05
-1.03814e-05
4.67923e-06
1.92447e-05
3.26468e-05
4.4272e-05
5.35849e-05
6.01546e-05
6.36804e-05
6.40091e-05
6.11434e-05
5.52421e-05
4.66123e-05
3.5699e-05
2.30703e-05
9.39012e-06
-4.62693e-06
-1.82622e-05
-3.08337e-05
-4.17323e-05
-5.04598e-05
-5.66579e-05
-6.0118e-05
-6.0772e-05
-5.86796e-05
-5.40172e-05
-4.70637e-05
-3.81793e-05
-2.77878e-05
-1.63641e-05
-4.41956e-06
7.51751e-06
1.89233e-05
2.92998e-05
3.81954e-05
4.52254e-05
5.00907e-05
5.2597e-05
5.26634e-05
5.03226e-05
4.57189e-05
3.91035e-05
3.08195e-05
2.1279e-05
1.0943e-05
2.98672e-07
-1.01675e-05
-1.99926e-05
-2.87504e-05
-3.6068e-05
-4.16438e-05
-4.52606e-05
-4.67907e-05
-4.62023e-05
-4.3562e-05
-3.90296e-05
-3.28489e-05
-2.5337e-05
-1.68671e-05
-7.84578e-06
1.30921e-06
1.01859e-05
1.83948e-05
2.55846e-05
3.14543e-05
3.57639e-05
3.83454e-05
3.91116e-05
3.80577e-05
3.52616e-05
3.08843e-05
2.51619e-05
1.83893e-05
1.09038e-05
3.06912e-06
-4.74399e-06
-1.21776e-05
-1.89003e-05
-2.46185e-05
-2.90883e-05
-3.21285e-05
-3.36255e-05
-3.35356e-05
-3.18873e-05
-2.87832e-05
-2.4394e-05
-1.89477e-05
-1.27167e-05
-6.0026e-06
8.80769e-07
7.61925e-06
1.39096e-05
1.9475e-05
2.40797e-05
2.75347e-05
2.97018e-05
3.05016e-05
2.9921e-05
2.80121e-05
2.48863e-05
2.07085e-05
1.5691e-05
1.0081e-05
4.14555e-06
-1.83999e-06
-7.60178e-06
-1.28796e-05
-1.74405e-05
-2.10896e-05
-2.36768e-05
-2.51016e-05
-2.53172e-05
-2.43353e-05
-2.22238e-05
-1.91007e-05
-1.51274e-05
-1.05011e-05
-5.44263e-06
-1.88697e-07
5.01657e-06
9.93647e-06
1.43554e-05
1.80833e-05
2.0961e-05
2.28715e-05
2.37467e-05
2.35659e-05
2.23566e-05
2.01956e-05
1.7201e-05
1.35234e-05
9.3429e-06
4.86267e-06
2.94093e-07
-4.15619e-06
-8.28962e-06
-1.19203e-05
-1.48879e-05
-1.70691e-05
-1.83816e-05
-1.87822e-05
-1.82671e-05
-1.68744e-05
-1.46837e-05
-1.1811e-05
-8.40102e-06
-4.61915e-06
-6.43627e-07
3.34127e-06
7.15308e-06
1.06216e-05
1.35973e-05
1.59549e-05
1.75969e-05
1.84602e-05
1.85197e-05
1.7787e-05
1.63086e-05
1.41654e-05
1.14692e-05
8.3552e-06
4.97422e-06
1.48685e-06
-1.94431e-06
-5.16425e-06
-8.03271e-06
-1.04272e-05
-1.22465e-05
-1.34172e-05
-1.38982e-05
-1.36806e-05
-1.27855e-05
-1.12647e-05
-9.19923e-06
-6.69463e-06
-3.87453e-06
-8.74236e-07
2.16593e-06
5.10709e-06
7.81773e-06
1.01792e-05
1.01792e-05
1.20906e-05
1.34727e-05
1.42717e-05
1.44615e-05
1.40443e-05
1.30506e-05
1.30506e-05
