-4.13346e-09
-4.91044e-08
-2.35834e-07
-6.31482e-07
-1.10998e-06
-1.48356e-06
-1.75948e-06
-2.0375e-06
-2.31123e-06
-2.55e-06
-2.7871e-06
-3.02981e-06
-3.21669e-06
-3.28911e-06
-3.2194e-06
-3.00669e-06
-2.6919e-06
-2.33845e-06
-2.00344e-06
-1.73216e-06
-1.5502e-06
-1.45813e-06
-1.44319e-06
-1.49827e-06
-1.63343e-06
-1.87167e-06
-2.24007e-06
-2.76646e-06
-3.46842e-06
-4.33633e-06
-5.3326e-06
-6.40827e-06
-7.51597e-06
-8.61419e-06
-9.6742e-06
-1.06809e-05
-1.16206e-05
-1.24738e-05
-1.32136e-05
-1.38023e-05
-1.41983e-05
-1.43689e-05
-1.42913e-05
-1.39516e-05
-1.33518e-05
-1.25095e-05
-1.14438e-05
-1.01665e-05
-8.68454e-06
-7.00064e-06
-5.11577e-06
-3.04024e-06
-7.96055e-07
1.59132e-06
4.09467e-06
6.68344e-06
9.33064e-06
1.20178e-05
1.47323e-05
1.7468e-05
2.02247e-05
2.30011e-05
2.57924e-05
2.85924e-05
3.13935e-05
3.41894e-05
3.69771e-05
3.97487e-05
4.2483e-05
4.51453e-05
4.76861e-05
5.00403e-05
5.21306e-05
5.38781e-05
5.52108e-05
5.60666e-05
5.63912e-05
5.61309e-05
5.52276e-05
5.36251e-05
5.12737e-05
4.81306e-05
4.41695e-05
3.93914e-05
3.38222e-05
2.75092e-05
2.05206e-05
1.29317e-05
4.80896e-06
-3.79053e-06
-1.2815e-05
-2.22143e-05
-3.19314e-05
-4.18931e-05
-5.20145e-05
-6.22035e-05
-7.23604e-05
-8.23803e-05
-9.21636e-05
-0.000101622
-0.000110669
-0.000119204
-0.000127114
-0.000134291
-0.000140641
-0.000146088
-0.000150568
-0.000154035
-0.000156443
-0.000157735
-0.000157831
-0.000156652
-0.000154131
-0.000150236
-0.000144991
-0.000138476
-0.000130808
-0.000122099
-0.000112451
-0.000101962
-9.07234e-05
-7.88156e-05
-6.62992e-05
-5.32055e-05
-3.9526e-05
-2.51995e-05
-1.00988e-05
5.94896e-06
2.31008e-05
4.1462e-05
6.10997e-05
8.2042e-05
0.000104247
0.000127584
0.000151832
0.000176646
0.000201544
0.000225918
0.000249051
0.000270147
0.0002884
0.000303057
0.000313452
0.000319024
0.000319343
0.000314053
0.000302753
0.000284912
0.000259947
0.000227339
0.000186765
0.00013837
8.3093e-05
2.26505e-05
-4.08266e-05
-0.000105074
-0.000167767
-0.000226687
-0.000279975
-0.000326101
-0.000363563
-0.000390854
-0.000406739
-0.000410492
-0.000401971
-0.000381711
-0.000351006
-0.000311746
-0.000266072
-0.000216036
-0.000163413
-0.000109637
-5.58016e-05
-2.73938e-06
4.88495e-05
9.83271e-05
0.00014514
0.000188908
0.000229502
0.000266954
0.000301185
0.000331785
0.000358139
0.000379711
0.000396085
0.000407001
0.000412667
0.000414078
0.000412869
0.000410852
0.00040975
0.000411202
0.000416725
0.000427639
0.000445129
0.000470456
0.000504946
0.000549687
0.000605167
0.000670824
0.00074419
0.000820036
0.00089034
0.000944981
0.000972602
0.000962501
0.000907941
0.000807871
0.000665244
0.000485166
0.00027487
4.30125e-05
-0.000202414
-0.000454173
-0.000703275
-0.000938092
-0.00114626
-0.00131666
-0.00144042
-0.00151221
-0.00153168
-0.00150342
-0.00143514
-0.00133559
-0.00121295
-0.00107414
-0.000924666
-0.000769212
-0.000612607
-0.000460602
-0.000320118
-0.000198474
-0.000101815
-3.38276e-05
4.76104e-06
1.61384e-05
4.81168e-06
-2.35972e-05
-6.35451e-05
-0.000110064
-0.000158586
-0.000204509
-0.000242776
-0.000267638
-0.000272803
-0.00025217
-0.000200914
-0.00011636
1.62873e-06
0.000150751
0.00032681
0.000524509
0.000738155
0.000961997
0.00119013
0.00141619
0.00163314
0.00183346
0.00200961
0.00215484
0.00226409
0.00233439
0.00236447
0.00235417
0.00230362
0.00221228
0.00207827
0.00189709
0.00165998
0.00135402
0.000966853
0.000495054
-4.88135e-05
-0.000638148
-0.00124103
-0.0018258
-0.00236227
-0.0028251
-0.00319778
-0.00346947
-0.00362754
-0.00365661
-0.00354416
-0.00328502
-0.00288344
-0.00235536
-0.00172938
-0.0010426
-0.000333496
0.000363952
0.00102295
0.00162406
0.00215366
0.00260119
0.00295657
0.00320924
0.00334838
0.00336291
0.00324155
0.0029748
0.00255943
0.00200579
0.00134393
0.000619216
-0.000121008
-0.000835741
-0.00149068
-0.00205982
-0.0025281
-0.00288612
-0.00312012
-0.00321061
-0.00314025
-0.0029023
-0.00250597
-0.00197909
-0.00136664
-0.000722756
-9.90513e-05
0.000465147
0.000945327
0.00132652
0.00132652
0.00159636
0.00174164
0.00174799
0.00160154
0.00129425
0.000832189
0.000241112
-0.000435084
-0.0011414
-0.00182003
-0.00241814
-0.00289435
-0.00322174
-0.00338617
-0.00338249
-0.00321174
-0.00288041
-0.00240135
-0.00179566
-0.00109467
-0.000340374
0.000417171
0.00112616
0.0017406
0.00222583
0.00256074
0.00273766
0.00276034
0.00264057
0.00239458
0.00204078
0.00159972
0.00109546
0.000556031
1.2084e-05
-0.000504905
-0.000964621
-0.00134115
-0.00161642
-0.0017815
-0.00183554
-0.00178402
-0.00163679
-0.00140593
-0.00110455
-0.000747413
-0.000352907
5.58234e-05
0.000451856
0.000807339
0.00109739
0.00130435
0.00142032
0.00144563
0.00138553
0.00124815
0.00104359
0.000782954
0.000478008
0.000142851
-0.00020437
-0.000542335
-0.000849403
-0.00110627
-0.00129794
-0.00141536
-0.00145629
-0.00142518
-0.00133305
-0.00119666
-0.00103404
-0.000858976
-0.000680168
-0.000503537
-0.000333121
-0.000171817
-2.42861e-05
0.000102105
0.000201326
0.000272705
0.000321319
0.000356876
0.000392087
0.000438589
0.00050028
0.00056731
0.000614581
0.000609348
0.000527584
0.000365364
0.000135715
-0.000138683
-0.000428871
-0.000706065
-0.00095214
-0.001161
-0.00132802
-0.00144241
-0.00148951
-0.00145669
-0.00133813
-0.00113773
-0.000870962
-0.000563286
-0.000243468
6.44662e-05
0.000344343
0.000586027
0.000784629
0.000940593
0.00105683
0.00113506
0.00117551
0.00117939
0.00115054
0.00109513
0.00102059
0.000934222
0.000841403
0.00074449
0.000643631
0.000538833
0.000431842
0.00032705
0.00023075
0.000149165
8.69163e-05
4.64451e-05
2.78198e-05
2.92149e-05
4.84029e-05
8.42869e-05
0.000137271
0.00020848
0.000298538
0.000406243
0.000527263
0.000653581
0.000774381
0.000877822
0.000952643
0.00098963
0.000983268
0.000932318
0.000838644
0.000706213
0.00054134
0.000352609
0.000149606
-5.75031e-05
-0.000256657
-0.000433531
-0.000573267
-0.00066239
-0.000689975
-0.000648776
-0.000536317
-0.00035495
-0.000110838
0.00018696
0.000526316
0.00089102
0.00126032
0.00160966
0.00191248
0.00214441
0.00228877
0.00233847
0.00229292
0.00215574
0.00193441
0.00163812
0.00127478
0.000852686
0.000385369
-0.000106888
-0.000599304
-0.00106511
-0.00147859
-0.00181943
-0.00207561
-0.00224251
-0.00232
-0.00230987
-0.00221408
-0.00203413
-0.00177196
-0.00143253
-0.00102628
-0.000570009
-8.55069e-05
0.000403159
0.000872995
0.00130507
0.00168617
0.00200851
0.00226804
0.00246229
0.00258892
0.00264569
0.00263141
0.00254761
0.0024002
0.00219976
0.00195984
0.00169399
0.0014114
0.00111287
0.000792287
0.000444307
7.09381e-05
-0.000316574
-0.000697334
-0.00104326
-0.00132832
-0.00153783
-0.00166878
-0.0017261
-0.00172087
-0.00166733
-0.00157652
-0.00145383
-0.00130415
-0.00113707
-0.000966336
-0.000807109
-0.000675096
-0.000584758
-0.000544077
-0.000550379
-0.000591612
-0.000651027
-0.000711669
-0.000759462
-0.000785331
-0.000785953
-0.000762133
-0.000715466
-0.000645615
-0.000549783
-0.000423627
-0.000262655
-6.41527e-05
0.000170566
0.000434124
0.000712015
0.000983544
0.00122487
0.00141355
0.00153449
0.00158495
0.00157245
0.00150692
0.00139616
0.0012463
0.00106163
0.000843859
0.000595976
0.000328288
5.89475e-05
-0.000190738
-0.000400508
-0.000553526
-0.000638671
-0.000652423
-0.000599188
-0.000492283
-0.000355179
-0.000216645
-0.000101013
-2.35523e-05
8.04111e-06
-6.78538e-06
-6.24843e-05
-0.000154649
-0.000285865
-0.000461109
-0.000680266
-0.000936875
-0.00122021
-0.00151644
-0.00180994
-0.0020863
-0.00233447
-0.00254541
-0.00270854
-0.00281047
-0.00283754
-0.00277815
-0.00262311
-0.00236707
-0.00201136
-0.00156522
-0.00104426
-0.000468399
0.000138506
0.000748827
0.00133253
0.00185889
0.0022974
0.00261905
0.00279911
0.00282041
0.00267612
0.00237205
0.00192631
0.00136527
0.00071941
2.11049e-05
-0.000696715
-0.00140188
-0.00206246
-0.00264501
-0.00311501
-0.00343994
-0.00359314
-0.00355753
-0.00332929
-0.00292059
-0.00235985
-0.00168825
-0.000951544
-0.000951544
-0.000190247
0.000564457
0.0012872
0.00195473
0.00254531
0.00303757
0.00340889
0.00363899
0.00371742
0.00364763
0.0034452
0.0031344
0.00274432
0.00230385
0.00183709
0.00136201
0.00089209
0.000438479
1.231e-05
-0.00037381
-0.000706584
-0.000975022
-0.00117334
-0.00130195
-0.0013668
-0.00137801
-0.00134782
-0.00128755
-0.00120514
-0.00110505
-0.000990306
-0.000863971
-0.000729664
-0.000592138
-0.000457623
-0.000332591
-0.000221662
-0.000126416
-4.55203e-05
2.44585e-05
8.73769e-05
0.000144941
0.000195029
0.000232306
0.000250112
0.000242131
0.000204014
0.000135482
4.15318e-05
-6.91684e-05
-0.000187464
-0.000305178
-0.000414701
-0.000509121
-0.000583108
-0.000632433
-0.000652584
-0.000639492
-0.000592121
-0.000513705
-0.00041066
-0.000291527
-0.000166903
-4.82321e-05
5.47049e-05
0.000134915
0.000187253
0.000207798
0.000194579
0.000147742
6.88252e-05
-3.93423e-05
-0.000172079
-0.000322769
-0.000483288
-0.000644156
-0.000794499
-0.000922489
-0.0010163
-0.00106506
-0.00105953
-0.000992975
-0.000862694
-0.000670984
-0.000424385
-0.000132212
0.00019393
0.000540357
0.000892711
0.00123793
0.001565
0.00186421
0.00212657
0.00234426
0.0025108
0.0026201
0.00266561
0.00264135
0.00254391
0.00237294
0.00213096
0.00182379
0.00146062
0.00105241
0.000610447
0.000146749
-0.000324857
-0.000788727
-0.00122803
-0.00162544
-0.00196447
-0.00223184
-0.00241981
-0.00252653
-0.00255424
-0.00250733
-0.00239167
-0.00221384
-0.00197997
-0.00169576
-0.00136844
-0.00100812
-0.000627087
-0.000238726
0.000142861
0.00050362
0.000831266
0.00111655
0.00135288
0.00153537
0.00166065
0.001727
0.0017342
0.00168368
0.00157948
0.00142901
0.00124246
0.00103136
0.000807088
0.0005797
0.000357176
0.000145078
-5.29267e-05
-0.000233662
-0.000393067
-0.0005262
-0.000628485
-0.000696826
-0.000730243
-0.000730512
-0.000702364
-0.00065234
-0.00058704
-0.000512278
-0.00043303
-0.000353323
-0.000276329
-0.000205311
-0.000144674
-9.99677e-05
-7.69798e-05
-8.03355e-05
-0.000111536
-0.000167672
-0.000242212
-0.000326906
-0.000413286
-0.000493881
-0.000563214
-0.000617554
-0.000653446
-0.000666532
-0.000651382
-0.000602065
-0.000513378
-0.000382514
-0.000210315
-1.40087e-06
0.000236715
0.000494955
0.000764002
0.00103535
0.00130185
0.0015576
0.00179717
0.00201464
0.00220227
0.00234994
0.00244598
0.00247904
0.00243961
0.00232216
0.00212791
0.00186533
0.00154711
0.00118744
0.00080166
0.000405604
1.37836e-05
-0.000360588
-0.000703683
-0.0010011
-0.00124052
-0.00141379
-0.00151718
-0.00155159
-0.0015234
-0.00144355
-0.00132415
-0.00117586
-0.00100771
-0.000827922
-0.000643711
-0.000461317
-0.000287092
-0.000128239
7.90959e-06
0.000115349
0.000190261
0.000230997
0.000237491
0.000210448
0.00015085
5.99391e-05
-6.05359e-05
-0.000207686
-0.000376322
-0.000557892
-0.000740672
-0.000911514
-0.00105792
-0.00116931
-0.00123762
-0.00125765
-0.00122648
-0.00114225
-0.00100364
-0.000810485
-0.000564875
-0.000271995
5.93121e-05
0.000416603
0.000784986
0.00114891
0.00149364
0.00180604
0.00207467
0.00228951
0.00244159
0.00252277
0.00252625
0.00244776
0.00228743
0.00205071
0.00174799
0.00139369
0.00100508
0.000600366
0.000195998
-0.000194548
-0.000560137
-0.000891303
-0.00118028
-0.00142055
-0.00160601
-0.00173169
-0.00179589
-0.00180097
-0.00175213
-0.00165628
-0.0015217
-0.00135724
-0.0011707
-0.000968426
-0.000756175
-0.000540051
-0.000326873
-0.000124164
6.02169e-05
0.000219003
0.000346599
0.000439672
0.000497087
0.000519394
0.000508242
0.000465795
0.000394366
0.00029676
0.000177263
4.22573e-05
-0.000100125
-0.000240733
-0.000370495
-0.000482358
-0.000572805
-0.00064117
-0.000687745
-0.000713036
-0.000718122
-0.000704917
-0.000676352
-0.000636761
-0.00059196
-0.00054844
-0.000511996
-0.000486679
-0.000474563
-0.000475957
-0.000489561
-0.000512926
-0.000543292
-0.000578132
-0.000615111
-0.000651766
-0.000685229
-0.00071208
-0.000728218
-0.000728657
-0.000707639
-0.000659576
-0.000580469
-0.000469234
-0.000469234
-0.000328837
-0.000166672
7.02547e-06
0.000181876
0.000348842
0.000500522
0.000631812
0.000740236
0.000824396
0.000881951
0.000909797
0.000905923
0.000870637
0.000806912
0.000720589
0.000620091
0.000514817
0.000412876
0.000319691
0.000237949
0.000168375
0.000110741
6.49422e-05
3.17949e-05
1.29761e-05
1.0119e-05
2.37966e-05
5.29321e-05
9.4687e-05
0.000144898
0.000199078
0.000253472
0.000305559
0.000354084
0.000398924
0.000440605
0.000479536
0.00051544
0.000547197
0.000573092
0.000591357
0.000600679
0.000600407
0.000590582
0.000571938
0.000545532
0.000512098
0.000471852
0.000424866
0.000371475
0.000312519
0.000249508
0.000184587
0.000120164
5.84421e-05
1.21461e-06
-4.99832e-05
-9.36782e-05
-0.000128466
-0.000152977
-0.000165895
-0.000166931
-0.000159015
-0.000149655
-0.000149542
-0.000169647
-0.000218633
-0.000300532
-0.000413404
-0.000550951
-0.000705751
-0.00087064
-0.00103839
-0.00120188
-0.00135435
-0.00148798
-0.00159227
-0.00165514
-0.00166604
-0.00161822
-0.00150976
-0.00134403
-0.00112922
-0.000876343
-0.000596623
-0.000299969
5.28773e-06
0.000311691
0.000611483
0.000895351
0.00115172
0.0013674
0.00152984
0.00162971
0.00166239
0.00162845
0.00153352
0.00138713
0.00120027
0.000983186
0.000744823
0.000493485
0.000237533
-1.35652e-05
-0.000247957
-0.000451626
-0.000610837
-0.000714748
-0.000756636
-0.000734355
-0.000650353
-0.000510306
-0.00032068
-8.73482e-05
0.000183672
0.000483559
0.000796643
0.00109758
0.00135314
0.0015286
0.00159604
0.00154202
0.00137025
0.00109655
0.000741062
0.000324007
-0.000136435
-0.000626564
-0.00113573
-0.00164926
-0.00214303
-0.00258587
-0.00294572
-0.00319532
-0.00331771
-0.00331066
-0.0031855
-0.0029604
-0.00265297
-0.00227559
-0.00183458
-0.00133312
-0.000776171
-0.000174934
0.000451324
0.00107684
0.00167358
0.00221631
0.00268612
0.00307026
0.00335885
0.00354211
0.00361207
0.00356528
0.00340222
0.00312694
0.00274948
0.00228674
0.00175959
0.00119056
0.000604134
2.59293e-05
-0.000519934
-0.00101257
-0.00143456
-0.00177249
-0.00201817
-0.00216894
-0.00222643
-0.00219518
-0.00208193
-0.00189547
-0.00164614
-0.00134547
-0.00100626
-0.00064286
-0.000271112
9.27735e-05
0.000434189
0.000741426
0.00100614
0.00122373
0.00139278
0.00151253
0.00157955
0.00158593
0.00152006
0.00137145
0.00113886
0.000833945
0.000476559
8.92861e-05
-0.00030441
-0.0006831
-0.00103177
-0.00134113
-0.00160152
-0.00179932
-0.00191832
-0.00194286
-0.00186231
-0.00167685
-0.00140127
-0.00106382
-0.000700737
-0.000347765
-3.12036e-05
0.000235597
0.00044865
0.000608291
0.000715796
0.000770008
0.00076546
0.00069603
0.000561954
0.000373468
0.000149813
-8.36691e-05
-0.000299972
-0.000476356
-0.000598921
-0.000662824
-0.000669108
-0.000620937
-0.000520744
-0.000369092
-0.000165807
8.69077e-05
0.000380931
0.000700511
0.00102372
0.00132614
0.00158499
0.0017827
0.00190912
0.00196077
0.00193782
0.00184169
0.00167491
0.00144197
0.00115087
0.000814723
0.000452011
8.47922e-05
-0.000263416
-0.000569897
-0.000815917
-0.000989905
-0.0010883
-0.00111341
-0.00107055
-0.000966355
-0.000808026
-0.00060296
-0.000359822
-9.09458e-05
0.000186735
0.000453507
0.00068961
0.0008777
0.00100532
0.00106657
0.00106162
0.000994446
0.00087078
0.000696826
0.000478645
0.000222753
-6.18681e-05
-0.000362046
-0.000660455
-0.00093719
-0.00117234
-0.00134884
-0.00145451
-0.0014828
-0.00143257
-0.00130736
-0.00111459
-0.000864984
-0.00057209
-0.000252286
7.48608e-05
0.000387314
0.000663295
0.00088404
0.001035
0.0011071
0.00109822
0.0010121
0.000854345
0.000630257
0.000346633
1.35974e-05
-0.000355032
-0.000740726
-0.0011198
-0.00146644
-0.00175734
-0.00197402
-0.0021031
-0.0021365
-0.00207126
-0.0019078
-0.00164804
-0.00129572
-0.000858778
-0.000351337
0.000205808
0.000785836
0.00135767
0.00188932
0.00235198
0.00272319
0.00298816
0.00313901
0.0031729
0.00309064
0.00289639
0.00259798
0.00220736
0.00174123
0.00174123
0.00122115
0.000672293
0.000121054
-0.000407514
-0.00089138
-0.00131255
-0.0016577
-0.00191781
-0.00208675
-0.00215993
-0.00213461
-0.00201115
-0.00179392
-0.00149155
-0.001117
-0.00068726
-0.000222349
0.000256241
0.000726941
0.00116891
0.00156236
0.00188922
0.00213434
0.002286
0.0023358
0.00227872
0.00211404
0.00184643
0.0014868
0.00105256
0.000566404
5.4164e-05
-0.000457084
-0.000941047
-0.00137432
-0.00173724
-0.0020133
-0.00218913
-0.00225566
-0.00220957
-0.00205419
-0.00179979
-0.00146349
-0.00106821
-0.000640621
-0.000208484
0.00020228
0.000569447
0.000875108
0.00110604
0.00125427
0.00131666
0.00129351
0.00118817
0.00100844
0.000767169
0.000481005
0.000169041
-0.00014831
-0.000451282
-0.000723367
-0.000953072
-0.00113431
-0.00126554
-0.00134744
-0.00138097
-0.00136741
-0.00130923
-0.00121033
-0.00107617
-0.00091452
-0.000735304
-0.000548951
-0.000364511
-0.000188789
-2.63377e-05
0.000120028
0.000248517
0.000357595
0.000445323
0.000509251
0.000547006
0.000556994
0.00053868
0.000492659
0.000420667
0.000325321
0.000209753
7.74576e-05
-6.81268e-05
-0.000224248
-0.000388578
-0.000557894
-0.000726922
-0.000888393
-0.00103405
-0.00115569
-0.00124605
-0.0012997
-0.00131386
-0.0012885
-0.00122556
-0.00112793
-0.000999202
-0.000843974
-0.000667996
-0.000478046
-0.000281954
-8.8463e-05
9.35836e-05
0.000256397
0.000394001
0.000502435
0.000579743
0.000625873
0.000642179
0.000630701
0.00059382
0.000534475
0.000456506
0.000364766
0.000265076
0.000164011
6.83854e-05
-1.55135e-05
-8.25804e-05
-0.000129159
-0.000152998
-0.00015307
-0.000129254
-8.19879e-05
-1.21235e-05
7.89556e-05
0.000189306
0.000316642
0.000458491
0.000612059
0.000774176
0.000941665
0.00111148
0.00127974
0.00143991
0.00158195
0.0016934
0.00176133
0.00177386
0.00172162
0.00159957
0.00140794
0.00115129
0.000837128
0.000476028
8.25524e-05
-0.000325479
-0.000729521
-0.00111185
-0.00145531
-0.00174406
-0.00196609
-0.00211397
-0.0021835
-0.00217289
-0.00208383
-0.00192161
-0.00169389
-0.00141
-0.00108161
-0.000722538
-0.000347067
3.09112e-05
0.000397176
0.000736846
0.00103537
0.00127968
0.00145849
0.00156285
0.00158716
0.00153018
0.00139488
0.00118791
0.000918983
0.000600474
0.000246647
-0.000127191
-0.000505307
-0.000871832
-0.00121103
-0.00150757
-0.00174663
-0.00191417
-0.00199852
-0.00199252
-0.00189445
-0.00170808
-0.00144258
-0.00111171
-0.000731289
-0.000317162
0.000114285
0.000544862
0.000954301
0.00132109
0.00162457
0.00184781
0.00197984
0.00201655
0.00196091
0.00182163
0.00161009
0.00133804
0.0010173
0.000660234
0.000279833
-0.000109704
-0.000492065
-0.000849244
-0.00116371
-0.00142026
-0.00160663
-0.00171414
-0.00173905
-0.00168287
-0.00155079
-0.00134996
-0.00108916
-0.000778625
-0.000429745
-5.55864e-05
0.000327784
0.000701301
0.00104468
0.00133881
0.00156813
0.00172235
0.00179678
0.0017914
0.00170963
0.00155724
0.00134187
0.0010731
0.000762796
0.000425494
7.82863e-05
-0.000260145
-0.000571399
-0.000839356
-0.0010516
-0.00120031
-0.0012826
-0.00129984
-0.00125598
-0.00115615
-0.00100633
-0.000813395
-0.0005848
-0.000328826
-5.54773e-05
0.000223483
0.000496226
0.000752431
0.000983482
0.00118226
0.0013433
0.00146278
0.00153787
0.00156618
0.00154597
0.00147699
0.00136123
0.00120311
0.00100914
0.00078725
0.000546168
0.000294979
4.31894e-05
-0.000199231
-0.000422392
-0.000617016
-0.000774536
-0.000887504
-0.000950566
-0.000960988
-0.00091835
-0.000824389
-0.000683287
-0.000501578
-0.000287404
-4.97702e-05
0.000201646
0.000456597
0.000704642
0.000935557
0.00113968
0.00130828
0.00143369
0.00150908
0.0015279
0.00148442
0.00137576
0.00120351
0.000972969
0.000691981
0.000370966
2.25098e-05
-0.000340217
-0.000704329
-0.00105643
-0.00138204
-0.00166616
-0.00189439
-0.00205421
-0.00213657
-0.00213697
-0.00205567
-0.00189697
-0.00166753
-0.00137518
-0.00102933
-0.000642361
-0.000230673
0.000184877
0.000580059
0.000580059
0.000931394
0.0012207
0.00143634
0.00157267
0.00163007
0.00161388
0.00153102
0.00138792
0.00119182
0.000951613
0.000676419
0.000374753
5.62062e-05
-0.000267347
-0.000583491
-0.000880667
-0.00114678
-0.00136847
-0.00153405
-0.00163632
-0.00167113
-0.00163522
-0.00152734
-0.00135013
-0.00110985
-0.000815569
-0.000480158
-0.000121207
0.00024045
0.000583672
0.00088942
0.00114195
0.00132966
0.00144593
0.00148897
0.00146059
0.00136509
0.00120912
0.00100175
0.000754084
0.000478652
0.000189084
-0.000100083
-0.000373965
-0.00061826
-0.000820198
-0.000969288
-0.00105785
-0.00108123
-0.00103733
-0.000925904
-0.000748365
-0.00050896
-0.000216861
0.000112285
0.000457225
0.000793756
0.00109702
0.00134321
0.00151218
0.00159026
0.00157086
0.0014527
0.00123915
0.000939096
0.000566698
0.000139267
-0.000323409
-0.00079768
-0.00125663
-0.00167341
-0.00202408
-0.0022889
-0.00245374
-0.00251148
-0.00246187
-0.00230976
-0.00206335
-0.00173304
-0.00133118
-0.000872935
-0.00037773
0.000129404
0.000618474
0.00105872
0.00142383
0.00169421
0.00185711
0.00190693
0.00184449
0.00167458
0.00140455
0.00104561
0.000614282
0.000132629
-0.00037214
-0.000869006
-0.00132573
-0.00171217
-0.00200345
-0.00218208
-0.00223846
-0.00216973
-0.001978
-0.00166901
-0.00125222
-0.000741944
-0.000158748
0.000470385
0.00111327
0.00173446
0.00229788
0.00276993
0.00312293
0.0033376
0.00340346
0.00331734
0.00308246
0.00270905
0.00221463
0.00162268
0.000961528
0.000264305
-0.00043204
-0.00108973
-0.0016735
-0.0021534
-0.00250701
-0.00272106
-0.00279176
-0.00272372
-0.00252782
-0.00221871
-0.00181376
-0.0013335
-0.000801405
-0.000242581
0.000317159
0.000851461
0.00133474
0.00174484
0.00206464
0.00228195
0.00238922
0.00238404
0.00226896
0.00205022
0.00173684
0.00134081
0.00087738
0.000364767
-0.000176171
-0.000722239
-0.00124858
-0.00172976
-0.00214126
-0.00246197
-0.00267643
-0.00277535
-0.00275509
-0.00261731
-0.00236862
-0.00201961
-0.00158425
-0.0010802
-0.000529051
4.42674e-05
0.000612957
0.00115045
0.00163251
0.00203887
0.00235393
0.0025663
0.00266732
0.00265048
0.00251245
0.00225462
0.00188429
0.00141606
0.000872859
0.000283973
-0.000319139
-0.000905963
-0.001448
-0.00191957
-0.00229878
-0.00256769
-0.00271213
-0.00272265
-0.00259671
-0.00234089
-0.00197114
-0.00151077
-0.000987958
-0.000433593
0.000121544
0.0006504
0.00113161
0.00154864
0.00188819
0.00214003
0.00229749
0.00235765
0.00232166
0.00219541
0.00198973
0.00171916
0.00139964
0.00104644
0.000673031
0.000291604
-8.62511e-05
-0.000449649
-0.000788038
-0.0010902
-0.00134445
-0.00154053
-0.00167125
-0.00173272
-0.0017241
-0.00164739
-0.00150714
-0.00130973
-0.00106274
-0.000774696
-0.000455431
-0.000117014
0.000225659
0.00055531
0.000853841
0.00110425
0.00129217
0.00140696
0.00144263
0.00139832
0.00127784
0.00108839
0.000839935
0.000545291
0.000219856
-0.000119468
-0.00045488
-0.000767814
-0.00104036
-0.001258
-0.00141127
-0.00149528
-0.00150844
-0.00145205
-0.00132996
-0.00114744
-0.000910705
-0.000627838
-0.000309617
3.12547e-05
0.00038108
0.000725238
0.00104849
0.0013364
0.00157666
0.00175936
0.00187673
0.00192373
0.00189893
0.00180485
0.00164742
0.00143572
0.00118182
0.000900067
0.000605115
0.000309951
2.52292e-05
-0.000240483
-0.000480791
-0.000691549
-0.000870028
-0.00101387
-0.0011214
-0.00119259
-0.0012286
-0.00123019
-0.00119724
-0.00113005
-0.00103018
-0.000899678
-0.000740853
-0.000557344
-0.000354768
-0.00014028
7.77383e-05
0.000289383
0.000483383
0.000647989
0.00077223
0.000847502
0.000868671
0.00083419
0.000746101
0.000610263
0.00043571
0.000232862
1.24735e-05
-0.000213837
-0.000433351
-0.000633234
-0.000801644
-0.000928515
-0.00100652
-0.00103211
-0.00100599
-0.000932645
-0.000819262
-0.000674325
-0.000506824
-0.000326286
-0.000142652
3.43549e-05
0.000195962
0.000334933
0.00044603
0.000526321
0.000575266
0.000575266
0.00059455
0.000587507
0.000558363
0.000511946
0.000453808
0.000389943
0.000326134
0.000267582
0.000218806
0.000183148
0.00016197
0.000154366
0.00015735
0.000166108
0.000174532
0.000175846
0.000163003
0.000129529
7.13948e-05
-1.1237e-05
-0.000114192
-0.000231134
-0.000354907
-0.000477728
-0.000591467
-0.000688408
-0.000761561
-0.000804043
-0.000808818
-0.000770012
-0.000685105
-0.000556426
-0.000391139
-0.000199908
5.0249e-06
0.000211896
0.000411202
0.00059631
0.000762332
0.000904357
0.00101679
0.00109378
0.00112988
0.00112116
0.00106695
0.000970698
0.00083913
0.000680672
0.000504053
0.000317084
0.000125859
-6.49796e-05
-0.00025112
-0.00042769
-0.000589108
-0.000729378
-0.000842578
-0.000923659
-0.000969386
-0.000978662
-0.000951985
-0.000890832
-0.000797597
-0.000675393
-0.000527465
-0.000357503
-0.00017123
2.25248e-05
0.000212653
0.00038759
0.000536476
0.000649983
0.000721488
0.000747764
0.00072843
0.000665016
0.000560836
0.000421245
0.000253495
6.62738e-05
-0.00013077
-0.000327365
-0.00051305
-0.000678054
-0.00081422
-0.000915251
-0.000976507
-0.000995183
-0.000970808
-0.000905351
-0.000802999
-0.000669916
-0.00051358
-0.000341711
-0.0001616
2.00817e-05
0.000197581
0.000366254
0.00052208
0.000661339
0.000781302
0.000880944
0.000960701
0.00102174
0.0010654
0.0010928
0.00110446
0.00110002
0.00107824
0.00103745
0.000976448
0.000894864
0.00079288
0.000671225
0.00053168
0.000377246
0.000211797
3.97739e-05
-0.000133742
-0.00030286
-0.000460829
-0.000600369
-0.000714552
-0.000797597
-0.000845078
-0.00085405
-0.000823378
-0.000753827
-0.000647817
-0.000509331
-0.000344135
-0.000159967
3.34611e-05
0.000224946
0.000402976
0.000556903
0.000677397
0.000756712
0.00078918
0.000771436
0.000702251
0.000582577
0.000415993
0.000209177
-2.79308e-05
-0.000282583
-0.000540622
-0.000787989
-0.00101145
-0.00119909
-0.00134099
-0.00142962
-0.00145977
-0.00142867
-0.00133663
-0.00118768
-0.000989901
-0.000755025
-0.000497124
-0.0002311
2.82696e-05
0.000267257
0.000474416
0.000641235
0.00076165
0.000831417
0.000848296
0.000812436
0.000726208
0.00059388
0.000421681
0.000217951
-7.36124e-06
-0.000243639
-0.000480218
-0.000706639
-0.000913105
-0.0010911
-0.00123356
-0.00133456
-0.00138932
-0.00139465
-0.00134948
-0.00125508
-0.00111512
-0.000935612
-0.000724741
-0.000492178
-0.000248125
-2.45985e-06
0.000236062
0.000460689
0.000667219
0.000853388
0.00101714
0.00115556
0.00126561
0.00134495
0.00139157
0.00140395
0.00138233
0.00132931
0.00124832
0.00114204
0.00101198
0.000858744
0.000683084
0.000487405
0.000276621
5.80758e-05
-0.000158915
-0.000364058
-0.000547811
-0.000702675
-0.000823232
-0.000905651
-0.000947338
-0.000946688
-0.000903037
-0.000816948
-0.000690719
-0.000528949
-0.000338766
-0.000129332
8.90916e-05
0.000305897
0.000510657
0.000693714
0.000846561
0.000961952
0.00103419
0.00105956
0.00103652
0.000965999
0.000851817
0.00070076
0.000521539
0.000323723
0.000117472
-8.67442e-05
-0.000279125
-0.000451443
-0.000597112
-0.000710994
-0.000789715
-0.00083206
-0.000838664
-0.000811206
-0.000751853
-0.000663362
-0.000549228
-0.000413456
-0.000260448
-9.55889e-05
7.40584e-05
0.000240078
0.000393804
0.000526867
0.000631251
0.000700031
0.000728721
0.000715765
0.000661937
0.000570163
0.000445964
0.000297043
0.000131819
-4.12539e-05
-0.0002131
-0.000374115
-0.000515392
-0.000629516
-0.000710523
-0.000754218
-0.00075902
-0.000726084
-0.000658517
-0.000560607
-0.000437446
-0.000294623
-0.000137889
2.69004e-05
0.000193566
0.000355502
0.000505891
0.000638194
0.000746705
0.000827056
0.000876588
0.000894505
0.000881746
0.000840646
0.000774561
0.000687605
0.000584512
0.000470595
0.000351723
0.000234182
0.000124263
2.75846e-05
-5.16885e-05
-0.000111326
-0.000150851
-0.000171012
-0.000173519
-0.000160938
-0.0001364
-0.000103341
-6.53576e-05
-2.59742e-05
1.17716e-05
4.57612e-05
7.50963e-05
9.98149e-05
0.000119757
0.000133638
0.000139233
0.00013375
0.000113786
7.59606e-05
1.8635e-05
-5.71979e-05
-5.71979e-05
-0.000148844
-0.000252763
-0.000364335
-0.000477917
-0.000587715
-0.000687928
-0.000771703
-0.000830822
-0.000856844
-0.000842643
-0.000783932
-0.000680616
-0.000537347
-0.000363091
-0.000170013
2.85837e-05
0.000221004
0.000398362
0.000553459
0.000679754
0.000771385
0.000822911
0.000828897
0.000784993
0.000690072
0.000547323
0.000364157
0.000151906
-7.51717e-05
-0.000302129
-0.000515564
-0.000704467
-0.000860174
-0.000976279
-0.00104816
-0.00107202
-0.00104454
-0.00096396
-0.00083155
-0.000652194
-0.000434277
-0.000189218
6.9597e-05
0.000328691
0.000576224
0.000802492
0.000999327
0.00115931
0.00127534
0.00134042
0.00134782
0.00129239
0.00117264
0.000992033
0.000758508
0.000483483
0.000181075
-0.000133399
-0.000445548
-0.000742833
-0.0010138
-0.00124758
-0.00143423
-0.00156511
-0.00163295
-0.0016327
-0.001563
-0.00142666
-0.00122993
-0.000981612
-0.000692327
-0.000373641
-3.71098e-05
0.000305796
0.000642744
0.000959903
0.00124268
0.00147712
0.00165084
0.0017539
0.00177997
0.00172707
0.00159749
0.001397
0.00113413
0.000819664
0.000466411
8.88714e-05
-0.000296937
-0.000673605
-0.00102284
-0.00132663
-0.00156849
-0.00173482
-0.00181613
-0.0018077
-0.00170905
-0.00152329
-0.00125729
-0.000921992
-0.000532515
-0.000107615
0.000331059
0.00076005
0.00115572
0.00149646
0.0017646
0.00194715
0.00203539
0.00202491
0.00191594
0.00171316
0.00142521
0.00106477
0.000648599
0.000196685
-0.000269252
-0.000727244
-0.00115643
-0.00153827
-0.00185739
-0.00210195
-0.0022637
-0.00233782
-0.00232273
-0.00221998
-0.00203462
-0.00177545
-0.00145486
-0.00108844
-0.000694103
-0.000290778
0.000103271
0.00047166
0.000800527
0.00107875
0.00129771
0.00145093
0.00153409
0.00154532
0.00148536
0.00135764
0.00116873
0.00092843
0.000648949
0.000343729
2.66014e-05
-0.000288605
-0.000588291
-0.000859276
-0.001089
-0.00126573
-0.00137887
-0.00141987
-0.00138345
-0.00126848
-0.00107785
-0.000818454
-0.000501271
-0.000140733
0.000246851
0.000644564
0.00103515
0.00140126
0.00172615
0.00199448
0.00219297
0.00231118
0.00234228
0.00228354
0.00213638
0.00190604
0.00160113
0.00123315
0.000815946
0.000365179
-0.000101857
-0.000566593
-0.00101016
-0.00141457
-0.00176343
-0.00204246
-0.00224022
-0.00234881
-0.00236442
-0.00228739
-0.00212177
-0.00187493
-0.00155718
-0.00118117
-0.000761481
-0.000314218
0.000143466
0.000594151
0.00102081
0.00140744
0.00173974
0.00200572
0.00219579
0.00230279
0.00232198
0.00225156
0.00209361
0.00185441
0.00154377
0.00117423
0.000760857
0.000320466
-0.000129624
-0.000572363
-0.000990969
-0.00136887
-0.00168987
-0.00193865
-0.00210214
-0.00217128
-0.00214177
-0.00201399
-0.00179287
-0.0014875
-0.00111025
-0.000675753
-0.000200486
0.000297139
0.000796509
0.0012752
0.00171038
0.0020806
0.00236712
0.00255512
0.0026348
0.00260192
0.00245755
0.00220745
0.0018613
0.00143214
0.000936218
0.000392727
-0.000176764
-0.000749111
-0.00130072
-0.00180896
-0.00225351
-0.00261708
-0.00288584
-0.0030496
-0.00310207
-0.00304094
-0.00286771
-0.00258773
-0.00221051
-0.00174972
-0.00122237
-0.000648063
-4.87406e-05
0.000552159
0.00113118
0.00166614
0.00213656
0.00252387
0.0028118
0.00298731
0.00304213
0.00297407
0.00278707
0.00249078
0.00210021
0.00163479
0.00111631
0.000567311
1.04162e-05
-0.000532078
-0.00103906
-0.00149108
-0.00187032
-0.00216095
-0.00235058
-0.00243158
-0.00240129
-0.00226207
-0.00202164
-0.00169244
-0.00128978
-0.000830468
-0.000332648
0.000184265
0.000700126
0.00119449
0.00164694
0.00203776
0.00234909
0.00256602
0.002678
0.00267995
0.00257239
0.00236085
0.00205515
0.00166867
0.00121747
0.000719554
0.000194534
-0.000336563
-0.000851721
-0.00132892
-0.00174762
-0.00209019
-0.00234307
-0.00249756
-0.00255023
-0.00250262
-0.00236039
-0.00213244
-0.00183029
-0.00146773
-0.00106044
-0.000625818
-0.000182701
0.000249321
0.000651294
0.00100619
0.00129962
0.0015204
0.0015204
0.00166112
0.00171825
0.00169182
0.00158502
0.00140428
0.0011592
0.000862315
0.000528573
0.000174744
-0.000181337
-0.000521863
-0.000830329
-0.00109267
-0.00129797
-0.0014388
-0.00151125
-0.0015149
-0.00145242
-0.00132912
-0.0011527
-0.000933361
-0.000683449
-0.000416711
-0.00014731
0.000111084
0.000346173
0.000547742
0.00070799
0.000821503
0.000884891
0.00089635
0.000855621
0.000764369
0.000626394
0.00044753
0.000235552
1.50572e-08
-0.000248427
-0.000499063
-0.000741792
-0.000967201
-0.00116649
-0.00133154
-0.00145505
-0.00153072
-0.00155337
-0.00151901
-0.00142511
-0.00127163
-0.00106199
-0.00080295
-0.000503747
-0.000175636
0.000168767
0.000516675
0.000855766
0.00117371
0.00145777
0.00169514
0.00187386
0.00198417
0.00201989
0.00197914
0.00186444
0.00168258
0.00144386
0.00116055
0.00084578
0.000513175
0.00017648
-0.000151283
-0.000458646
-0.000735676
-0.000973625
-0.00116534
-0.00130608
-0.00139366
-0.00142786
-0.00141015
-0.00134353
-0.00123214
-0.00108059
-0.000893732
-0.000676967
-0.000436947
-0.000181565
8.07783e-05
0.000341547
0.000592039
0.000823751
0.00102893
0.00120055
0.00133209
0.00141774
0.00145304
0.00143534
0.00136462
0.00124373
0.0010779
0.000874081
0.00064064
0.000386997
0.000123163
-0.000140404
-0.000392744
-0.000622674
-0.00081942
-0.000973412
-0.0010772
-0.00112612
-0.00111841
-0.00105518
-0.000940278
-0.000779997
-0.000582576
-0.000357669
-0.000116017
0.000130882
0.000371225
0.000593464
0.000786903
0.000942258
0.0010522
0.00111185
0.00111919
0.00107509
0.000982963
0.000848273
0.000678023
0.000480294
0.000263729
3.71609e-05
-0.00019048
-0.000410294
-0.000613882
-0.000793932
-0.000944608
-0.00106179
-0.00114324
-0.0011886
-0.0011991
-0.00117686
-0.00112363
-0.00103999
-0.000925961
-0.000782607
-0.00061282
-0.000421178
-0.000213918
1.36372e-06
0.000216948
0.000426307
0.000624246
0.00080619
0.000967452
0.00110268
0.00120578
0.00127063
0.00129225
0.00126808
0.00119883
0.00108869
0.000944618
0.00077496
0.000588173
0.000392158
0.000194221
1.26339e-06
-0.000179973
-0.000342711
-0.000480334
-0.000587203
-0.000659759
-0.000697232
-0.000701579
-0.000676969
-0.00062911
-0.000564191
-0.000487566
-0.000403141
-0.000313961
-0.000223178
-0.000134333
-5.12145e-05
2.22075e-05
8.2128e-05
0.000125677
0.000151535
0.000159834
0.000151568
0.000127974
9.01693e-05
3.91274e-05
-2.41179e-05
-9.81414e-05
-0.000180647
-0.000268058
-0.000355593
-0.000437906
-0.000509864
-0.000566969
-0.000605489
-0.000622447
-0.000615529
-0.000583144
-0.000524606
-0.000440317
-0.000332163
-0.000204108
-6.22387e-05
8.62158e-05
0.000233992
0.000374111
0.000500039
0.000606193
0.000688221
0.000742742
0.000767204
0.000760251
0.000722127
0.000654768
0.00056171
0.000447882
0.000319175
0.000181748
4.13426e-05
-9.7147e-05
-0.00022973
-0.000353027
-0.000463989
-0.000559943
-0.000638773
-0.000698961
-0.000739554
-0.000760103
-0.000760592
-0.000741394
-0.000703162
-0.000646676
-0.000572956
-0.000483679
-0.000381231
-0.000268289
-0.000147669
-2.25778e-05
0.000103298
0.000225946
0.000341088
0.00044423
0.00053098
0.000597491
0.000640842
0.000659284
0.00065217
0.000619617
0.000562286
0.000481357
0.000378587
0.000256554
0.000118987
-2.90697e-05
-0.000181122
-0.000328975
-0.000463082
-0.000574088
-0.000654451
-0.000698822
-0.000704085
-0.000670033
-0.000599673
-0.000498076
-0.000371077
-0.000225404
-6.92617e-05
8.79959e-05
0.000236811
0.000368292
0.00047488
0.000551089
0.000594307
0.000605142
0.000586789
0.000543766
0.000481215
0.000404903
0.000320929
0.000235149
0.000153108
8.01182e-05
2.06681e-05
-2.25484e-05
-4.90952e-05
-6.07943e-05
-6.13507e-05
-5.52755e-05
-4.69224e-05
-4.05037e-05
-4.0144e-05
-4.90979e-05
-6.89231e-05
-9.95117e-05
-0.000139535
-0.000186476
-0.000236439
-0.000284313
-0.000324406
-0.000351274
-0.000360251
-0.000347794
-0.000312281
-0.000254969
-0.000179958
-9.28617e-05
3.58693e-07
9.344e-05
0.000179859
0.000253427
0.000308591
0.000340235
0.000343739
0.000315565
0.000253851
0.000253851
0.000158735
3.26008e-05
-0.000119625
-0.000290346
-0.000469748
-0.000646639
-0.000809107
-0.00094538
-0.00104522
-0.0011006
-0.00110509
-0.00105341
-0.000942291
-0.000771142
-0.000542222
-0.000261039
6.29535e-05
0.000416059
0.000780524
0.00113551
0.00145958
0.00173335
0.00194042
0.00206741
0.00210433
0.00204491
0.00188628
0.00162876
0.00127639
0.000838136
0.000329165
-0.000228439
-0.000806887
-0.00137554
-0.00190382
-0.00236354
-0.00273066
-0.00298655
-0.0031184
-0.00311834
-0.00298268
-0.00271232
-0.0023146
-0.00180468
-0.00120556
-0.000546718
0.000137879
0.000812527
0.00144301
0.00199948
0.00245836
0.00280257
0.00302087
0.00310729
0.00306133
0.00288794
0.00259735
0.00220532
0.00173341
0.0012077
0.000656195
0.00010651
-0.000415424
-0.000886318
-0.00128664
-0.00160102
-0.00181781
-0.00192885
-0.00193011
-0.00182247
-0.00161183
-0.00130919
-0.00093058
-0.000496678
-3.14275e-05
0.000439756
0.000891494
0.0012997
0.00164293
0.00190365
0.00206893
0.0021305
0.00208482
0.00193344
0.00168331
0.00134652
0.00093927
0.000480989
-6.5815e-06
-0.000500783
-0.000979841
-0.00142413
-0.00181657
-0.0021427
-0.00239115
-0.00255394
-0.00262651
-0.00260791
-0.00250126
-0.00231388
-0.00205634
-0.00174122
-0.00138185
-0.000991539
-0.000583497
-0.000171186
0.000231994
0.00061319
0.000960141
0.00126143
0.0015074
0.00169102
0.00180781
0.00185539
0.00183314
0.00174226
0.00158633
0.00137163
0.00110686
0.000803219
0.000475036
0.000139482
-0.000185175
-0.000481479
-0.00073373
-0.000928851
-0.0010579
-0.00111711
-0.00110721
-0.00103197
-0.000897718
-0.000713511
-0.000490799
-0.000242523
1.74456e-05
0.000274508
0.000514026
0.000722672
0.000889475
0.00100598
0.00106619
0.00106699
0.00100837
0.000892942
0.000725428
0.000512617
0.000263178
-1.29605e-05
-0.000305153
-0.000602246
-0.000892787
-0.00116509
-0.00140688
-0.00160526
-0.00174783
-0.001824
-0.0018257
-0.00174828
-0.00159173
-0.00136075
-0.0010632
-0.000708941
-0.000310091
0.000118755
0.00056099
0.000998269
0.00141048
0.00177667
0.00207711
0.00229564
0.00242164
0.0024509
0.00238522
0.00223143
0.00200058
0.00170654
0.00136462
0.000991237
0.000604362
0.000223364
-0.000132193
-0.00044383
-0.00069529
-0.000873923
-0.000972005
-0.000987198
-0.000922085
-0.000783377
-0.000581154
-0.000328427
-4.10171e-05
0.000262586
0.000561604
0.000833974
0.00105832
0.00121576
0.00129074
0.00127208
0.00115533
0.000944725
0.000652538
0.000296798
-0.000100457
-0.000514269
-0.000918385
-0.0012873
-0.00159775
-0.00182912
-0.00196366
-0.00198824
-0.00189709
-0.0016934
-0.00138863
-0.00100103
-0.000554199
-7.52716e-05
0.000407864
0.000868716
0.00128317
0.00162971
0.00188985
0.00204937
0.00210019
0.00204154
0.00187959
0.00162636
0.00129918
0.000919676
0.00051194
0.000100838
-0.000288992
-0.000634262
-0.000914462
-0.0011132
-0.00121932
-0.00122763
-0.00113876
-0.000958475
-0.000697393
-0.000370451
4.16096e-06
0.000406195
0.000814401
0.00120743
0.00156474
0.00186765
0.00210046
0.0022509
0.00231016
0.00227307
0.00213841
0.00190893
0.00159103
0.0011945
0.000732571
0.000221312
-0.000321526
-0.00087715
-0.00142555
-0.00194545
-0.00241545
-0.00281563
-0.00312877
-0.0033411
-0.00344304
-0.00342997
-0.00330231
-0.00306519
-0.00272775
-0.00230299
-0.00180782
-0.00126286
-0.000691617
-0.000119202
0.000429125
0.000929539
0.00136119
0.00170745
0.00195649
0.00210126
0.00213903
0.00207134
0.00190376
0.00164586
0.00131106
0.000916598
0.000482754
3.16684e-05
-0.000414049
-0.000832637
-0.00120447
-0.00151308
-0.00174571
-0.00189354
-0.00195182
-0.00191993
-0.00180119
-0.00160252
-0.00133433
-0.00101036
-0.000646909
-0.00026176
0.000126673
0.000500241
0.000842199
0.00113826
0.00137724
0.0015513
0.00165588
0.00168964
0.00165425
0.00155432
0.00139719
0.00119264
0.000952662
0.00069086
0.000421634
0.000159102
-8.40042e-05
-0.000297174
-0.000472333
-0.000603769
-0.000603769
-0.00068824
-0.000725048
-0.000715847
-0.000664333
-0.000575939
-0.000457558
-0.000317261
-0.000163801
-5.88692e-06
0.000148278
0.000291028
0.000415389
0.000515566
0.000587143
0.000626858
0.000632585
0.000603768
0.000541885
0.00045052
0.00033527
0.000203642
6.44861e-05
-7.32846e-05
-0.000201687
-0.000313641
-0.00040286
-0.000464375
-0.000494891
-0.000492552
-0.000456883
-0.000389391
-0.000294071
-0.000177287
-4.72292e-05
8.70254e-05
0.000216586
0.000333473
0.000431002
0.00050405
0.000549085
0.00056395
0.000547769
0.000501138
0.00042633
0.000327377
0.000209903
8.05677e-05
-5.36132e-05
-0.000185771
-0.000309698
-0.000420332
-0.00051381
-0.000587099
-0.000637853
-0.000664708
-0.000667436
-0.000646818
-0.000604586
-0.00054342
-0.000466717
-0.00037817
-0.000281486
-0.000180317
-7.83547e-05
2.04279e-05
0.000111678
0.000190894
0.00025376
0.00029643
0.000315988
0.000311042
0.000281856
0.000229871
0.000157278
6.68783e-05
-3.811e-05
-0.000154128
-0.000276915
-0.000401089
-0.000520247
-0.000627458
-0.000715898
-0.000779681
-0.000814549
-0.000818
-0.000789128
-0.000728509
-0.000638079
-0.000520985
-0.000381644
-0.000225912
-6.10896e-05
0.000104401
0.000261739
0.000402679
0.000520176
0.00060854
0.000663643
0.000683212
0.000666723
0.000615031
0.000530227
0.000415743
0.000276243
0.000117332
-5.46737e-05
-0.000232872
-0.000410053
-0.000579145
-0.000733469
-0.000866729
-0.000973137
-0.00104792
-0.00108777
-0.00109077
-0.00105632
-0.000985311
-0.000880198
-0.000744863
-0.000584293
-0.000404325
-0.000211398
-1.22502e-05
0.000186381
0.000377894
0.000555908
0.00071455
0.000848793
0.000954515
0.0010285
0.00106861
0.00107398
0.00104485
0.000982282
0.000888054
0.000764733
0.000615922
0.000446452
0.000262198
6.98065e-05
-0.000123474
-0.000310186
-0.000483351
-0.000636864
-0.000765359
-0.000864038
-0.00092872
-0.000956057
-0.000944038
-0.000892499
-0.00080323
-0.000679839
-0.000527624
-0.000353221
-0.000163932
3.28257e-05
0.000229734
0.000419684
0.000595944
0.000752305
0.000883206
0.000983941
0.001051
0.00108228
0.00107697
0.00103538
0.000959016
0.000850723
0.000714337
0.000554272
0.000375464
0.00018343
-1.57922e-05
-0.000215728
-0.000409459
-0.000589543
-0.000747994
-0.000876748
-0.000968814
-0.00101922
-0.00102504
-0.000985172
-0.000900498
-0.000773793
-0.000609305
-0.000412529
-0.000190466
4.80442e-05
0.000292239
0.000529888
0.000748511
0.000936787
0.00108537
0.00118729
0.00123833
0.00123694
0.00118378
0.00108122
0.000933418
0.000746577
0.000528917
0.000290468
4.2601e-05
-0.000202682
-0.000433643
-0.000639734
-0.00081235
-0.000945205
-0.0010343
-0.00107771
-0.00107529
-0.00102847
-0.000940005
-0.00081386
-0.000655364
-0.00047142
-0.000270296
-6.11113e-05
0.000146587
0.000343113
0.000519147
0.000666447
0.000778292
0.000849484
0.000876303
0.00085669
0.000790515
0.00067969
0.000528263
0.0003427
0.000132104
-9.22394e-05
-0.000318087
-0.00053339
-0.000726788
-0.000888004
-0.00100844
-0.00108146
-0.00110239
-0.00106853
-0.000979544
-0.000837734
-0.000648202
-0.000418766
-0.000159578
0.000117544
0.000399892
0.000674628
0.000929435
0.00115303
0.00133555
0.00146879
0.00154623
0.0015634
0.00151842
0.00141254
0.00125027
0.00103913
0.000789063
0.000511617
0.000219223
-7.55892e-05
-0.000360789
-0.000625112
-0.000858224
-0.00105099
-0.00119579
-0.00128687
-0.00132075
-0.00129674
-0.00121709
-0.00108671
-0.00091276
-0.000704128
-0.000470934
-0.00022405
2.52877e-05
0.00026573
0.000486056
0.000675623
0.000825074
0.000926976
0.000976187
0.00097013
0.000909048
0.000796034
0.000636806
0.000439362
0.000213553
-2.94211e-05
-0.000277466
-0.000518022
-0.000738582
-0.000927279
-0.00107349
-0.00116855
-0.0012066
-0.00118499
-0.00110432
-0.000968056
-0.000782219
-0.000555214
-0.00029758
-2.15359e-05
0.000259722
0.000532735
0.000784347
0.0010024
0.00117667
0.00129961
0.00136666
0.00137623
0.00132953
0.00123044
0.00108511
0.000901395
0.000688257
0.0004554
0.000213023
-2.85769e-05
-0.000259568
-0.000470981
-0.000470981
-0.000654876
-0.000804645
-0.000915436
-0.000984169
-0.00100914
-0.000989921
-0.000927671
-0.00082541
-0.000687646
-0.000520087
-0.000329715
-0.000124764
8.56443e-05
0.000292007
0.000484856
0.000655169
0.000794846
0.000897223
0.000957537
0.000973085
0.00094314
0.000868978
0.000753988
0.000603569
0.000424773
0.00022594
1.63559e-05
-0.000194227
-0.000396201
-0.000580672
-0.00073989
-0.000867538
-0.000958925
-0.00101109
-0.00102276
-0.000994072
-0.000926414
-0.000822504
-0.000686509
-0.000523945
-0.000341485
-0.000146756
5.2003e-05
0.000246582
0.000429431
0.000593931
0.000734382
0.000845991
0.000924892
0.000968192
0.000974116
0.000942311
0.000874144
0.000772838
0.000643407
0.000492318
0.000326941
0.000155048
-1.55194e-05
-0.000177144
-0.000322808
-0.000446369
-0.000542668
-0.00060769
-0.000638883
-0.000635395
-0.000598082
-0.000529423
-0.000433496
-0.000315814
-0.00018299
-4.23533e-05
9.847e-05
0.00023207
0.000351711
0.000451616
0.000527142
0.000574847
0.000592379
0.000578355
0.000532425
0.000455417
0.00034939
0.000217697
6.50959e-05
-0.000102412
-0.000278127
-0.000455114
-0.000626257
-0.000784304
-0.000922289
-0.00103401
-0.00111415
-0.00115827
-0.00116313
-0.00112696
-0.0010497
-0.000933033
-0.000780409
-0.000597005
-0.000389665
-0.000166713
6.25554e-05
0.000288518
0.000501771
0.000693548
0.000856088
0.000983022
0.0010697
0.00111335
0.00111314
0.00107024
0.000988009
0.000871772
0.000728326
0.000565364
0.000391042
0.00021351
4.03432e-05
-0.000121762
-0.000266915
-0.000390075
-0.000487476
-0.000556917
-0.000597705
-0.00061057
-0.000597601
-0.00056196
-0.000507491
-0.00043843
-0.000359201
-0.000274344
-0.00018853
-0.000106445
-3.23834e-05
3.01256e-05
7.85493e-05
0.000111463
0.00012847
0.000129986
0.000117127
9.16201e-05
5.55672e-05
1.12252e-05
-3.90123e-05
-9.25614e-05
-0.000146707
-0.000198728
-0.000245961
-0.000285827
-0.000315964
-0.000334491
-0.00034017
-0.000332358
-0.000310944
-0.000276408
-0.000229891
-0.000173142
-0.000108399
-3.83781e-05
3.37361e-05
0.0001045
0.000170578
0.000229016
0.000277374
0.000313904
0.000337756
0.000348961
0.000348179
0.000336521
0.000315605
0.00028754
0.000254736
0.00021971
0.000184925
0.000152561
0.000124291
0.000101154
8.35628e-05
7.14516e-05
6.4537e-05
6.24565e-05
6.46808e-05
7.05047e-05
7.92462e-05
9.03967e-05
0.000103539
0.000118243
0.000134158
0.000151119
0.000169085
0.000187945
0.00020733
0.000226482
0.000244222
0.000258973
0.000268806
0.000271667
0.000265805
0.000249978
0.000223273
0.00018502
0.000134963
7.33285e-05
8.03322e-07
-8.1292e-05
-0.000170677
-0.000263915
-0.000356431
-0.000442859
-0.000517899
-0.000577092
-0.000616923
-0.000634711
-0.000628771
-0.000598583
-0.000544774
-0.000469159
-0.000374879
-0.000266477
-0.000149771
-3.13683e-05
8.21489e-05
0.000184805
0.000271394
0.000337722
0.000380951
0.000399628
0.000393435
0.000363107
0.000310578
0.000238955
0.000152279
5.5329e-05
-4.65774e-05
-0.000147876
-0.000243132
-0.000327356
-0.00039621
-0.00044615
-0.000474524
-0.000479626
-0.000460672
-0.00041779
-0.000352048
-0.00026549
-0.00016113
-4.28843e-05
8.45986e-05
0.000216138
0.000346186
0.000469051
0.000579254
0.000671814
0.000742293
0.000786819
0.000802254
0.000786496
0.000738905
0.000660582
0.000554307
0.000424367
0.000276438
0.000117204
-4.63487e-05
-0.000207423
-0.000359453
-0.000496238
-0.000612321
-0.000703261
-0.000765715
-0.000797562
-0.00079812
-0.000768173
-0.000709704
-0.000625634
-0.000519784
-0.000396832
-0.000262006
-0.000120798
2.10516e-05
0.000157587
0.000282985
0.000391996
0.000480159
0.000543951
0.000581025
0.00059042
0.000572565
0.000529104
0.000462765
0.000377298
0.000277293
0.00016791
5.46215e-05
-5.69588e-05
-0.000161324
-0.000253408
-0.000328866
-0.000384245
-0.000417108
-0.000426134
-0.000411129
-0.000372927
-0.000313276
-0.00023474
-0.000140578
-3.45834e-05
7.90579e-05
0.000195884
0.000311252
0.000420401
0.000518528
0.000601053
0.000663965
0.000704022
0.000718763
0.000706601
0.000667095
0.000601111
0.000510695
0.000399017
0.000399017
0.000270493
0.000130675
-1.43124e-05
-0.000158292
-0.000295167
-0.000419093
-0.000524883
-0.000608291
-0.000666002
-0.000695625
-0.000695896
-0.000666871
-0.000609905
-0.000527557
-0.000423547
-0.000302579
-0.000169893
-3.0867e-05
0.000109151
0.000244963
0.000371658
0.000484648
0.000579649
0.000652703
0.000700316
0.000719743
0.0007095
0.000669744
0.000602192
0.000509853
0.000396846
0.000268121
0.000129002
-1.5133e-05
-0.000158853
-0.000296613
-0.000422819
-0.00053199
-0.000619067
-0.000679861
-0.000711499
-0.000712708
-0.000683875
-0.000626926
-0.000545082
-0.000442488
-0.000323864
-0.000194304
-5.92359e-05
7.56194e-05
0.000204385
0.000321249
0.000420775
0.000498296
0.000550326
0.000574827
0.00057131
0.000540741
0.00048533
0.000408274
0.000313533
0.000205646
8.95867e-05
-2.93402e-05
-0.000145607
-0.000253648
-0.00034814
-0.00042433
-0.000478384
-0.00050768
-0.000510916
-0.00048807
-0.000440286
-0.000369757
-0.000279607
-0.000173805
-5.7084e-05
6.51821e-05
0.000187137
0.000302724
0.000406126
0.000492176
0.000556581
0.000596094
0.000608693
0.000593645
0.000551431
0.000483668
0.000393049
0.000283294
0.000159101
2.60842e-05
-0.000109434
-0.000240825
-0.000361606
-0.000465818
-0.000548354
-0.000605288
-0.000634086
-0.000633602
-0.000603938
-0.000546401
-0.00046354
-0.000359114
-0.000237933
-0.000105698
3.12005e-05
0.000166052
0.000292302
0.000403963
0.000495943
0.000564271
0.000606181
0.000620098
0.000605628
0.000563548
0.000495816
0.000405579
0.000297124
0.000175708
4.73056e-05
-8.1766e-05
-0.000205293
-0.000317558
-0.000413595
-0.000489363
-0.000541913
-0.000569441
-0.00057124
-0.000547672
-0.000500231
-0.000431548
-0.000345262
-0.000245806
-0.000138144
-2.74461e-05
8.12316e-05
0.000183221
0.000274426
0.000351411
0.00041143
0.000452471
0.000473364
0.000473846
0.000454543
0.00041692
0.000363219
0.000296338
0.00021964
0.000136712
5.11366e-05
-3.36825e-05
-0.000114582
-0.000188669
-0.000253418
-0.000306733
-0.00034691
-0.000372617
-0.000383024
-0.000377985
-0.000358102
-0.000324697
-0.000279819
-0.00022622
-0.000167143
-0.000105974
-4.60168e-05
9.63155e-06
5.83019e-05
9.80093e-05
0.000127478
0.000145959
0.000153182
0.000149474
0.000135765
0.000113435
8.42004e-05
5.01215e-05
1.35463e-05
-2.31445e-05
-5.78168e-05
-8.86863e-05
-0.000114297
-0.000133534
-0.000145621
-0.000149994
-0.000146147
-0.000133661
-0.000112413
-8.27875e-05
-4.5779e-05
-3.04202e-06
4.3094e-05
8.9813e-05
0.00013426
0.000173922
0.000206667
0.000230711
0.00024473
0.000247935
0.000239978
0.000220899
0.000191237
0.000152177
0.000105533
5.3605e-05
-1.01064e-06
-5.56201e-05
-0.000107695
-0.000155133
-0.000196417
-0.000230579
-0.000256961
-0.000274992
-0.000284179
-0.00028419
-0.000274901
-0.000256531
-0.000229878
-0.00019635
-0.000157703
-0.000115785
-7.2445e-05
-2.9491e-05
1.1347e-05
4.83845e-05
7.99199e-05
0.000104242
0.000119747
0.000125154
0.000119781
0.000103713
7.7802e-05
4.35719e-05
3.09442e-06
-4.12463e-05
-8.70751e-05
-0.000132202
-0.000174571
-0.000212224
-0.000243386
-0.000266543
-0.000280461
-0.00028429
-0.000277754
-0.00026123
-0.000235613
-0.0002021
-0.000162023
-0.000116765
-6.76834e-05
-1.6073e-05
3.67898e-05
8.95346e-05
0.000140647
0.000188566
0.000231858
0.000269329
0.000300084
0.000323526
0.000339297
0.000347155
0.000346891
0.000338341
0.000321486
0.000296573
0.000264289
0.000225786
0.000182506
0.000136002
8.78287e-05
3.93972e-05
-8.13478e-06
-5.3807e-05
-9.67109e-05
-0.000135905
-0.000170379
-0.000199062
-0.00022098
-0.000235495
-0.000242458
-0.000242188
-0.000235396
-0.000223129
-0.000206674
-0.00018741
-0.000166692
-0.000145892
-0.000126457
-0.000109808
-9.71146e-05
-8.91397e-05
-8.62078e-05
-8.81446e-05
-9.42116e-05
-0.000103221
-0.000113831
-0.000124712
-0.000134477
-0.000141708
-0.000145132
-0.000143711
-0.000136611
-0.000123246
-0.000103411
-7.73107e-05
-4.55134e-05
-8.88484e-06
3.14891e-05
7.44113e-05
0.000118657
0.000163002
0.000206238
0.00024718
0.000284699
0.000317758
0.000345449
0.000367014
0.000381842
0.000389482
0.000389703
0.000382523
0.000382523
0.000368147
0.000346895
0.0003192
0.000285645
0.000247008
0.000204264
0.000158472
0.000110671
6.18269e-05
1.27785e-05
-3.57602e-05
-8.31185e-05
-0.000128617
-0.000171566
-0.000211222
-0.000246766
-0.000277432
-0.000302638
-0.000321959
-0.000335027
-0.000341519
-0.00034121
-0.000334061
-0.000320238
-0.000300056
-0.000273973
-0.00024267
-0.000207045
-0.00016816
-0.000127212
-8.54541e-05
-4.40522e-05
-3.99157e-06
3.3946e-05
6.91544e-05
0.000101145
0.000129512
0.000153912
0.000174017
0.000189478
0.000200008
0.000205494
0.000206025
0.000201854
0.000193384
0.000181161
0.000165863
0.000148263
0.000129214
0.000109669
9.06972e-05
7.33774e-05
5.85939e-05
4.69436e-05
3.87767e-05
3.4196e-05
3.29988e-05
3.47043e-05
3.86681e-05
4.41248e-05
5.0139e-05
5.56308e-05
5.94965e-05
6.07106e-05
5.83907e-05
5.18576e-05
4.06765e-05
2.46613e-05
3.86154e-06
-2.14468e-05
-5.07305e-05
-8.31124e-05
-0.000117308
-0.000151639
-0.000184108
-0.000212563
-0.000235037
-0.000249984
-0.000256254
-0.000253075
-0.00024021
-0.000218048
-0.000187453
-0.000149636
-0.000106197
-5.91546e-05
-1.08165e-05
3.64112e-05
8.01911e-05
0.000118399
0.000149288
0.000171642
0.000184842
0.000188792
0.000183786
0.000170399
0.000149481
0.000122136
8.96776e-05
5.36286e-05
1.57289e-05
-2.21367e-05
-5.81042e-05
-9.04737e-05
-0.000117781
-0.000138834
-0.000152712
-0.000158727
-0.000156384
-0.000145386
-0.000125688
-9.75746e-05
-6.17944e-05
-1.96444e-05
2.70606e-05
7.60741e-05
0.000124802
0.000170496
0.000210609
0.000243027
0.000265997
0.000278053
0.000278118
0.000265585
0.000240334
0.000202814
0.000154216
9.65452e-05
3.25113e-05
-3.47153e-05
-0.000101844
-0.000165764
-0.000223709
-0.000273326
-0.000312717
-0.000340413
-0.000355304
-0.000356641
-0.000344128
-0.000318034
-0.000279255
-0.000229317
-0.00017035
-0.000104947
-3.59023e-05
3.40034e-05
0.00010207
0.000165682
0.000222374
0.000269929
0.000306426
0.000330289
0.000340444
0.000336483
0.000318767
0.000288419
0.000247219
0.000197479
0.000141889
8.33374e-05
2.4717e-05
-3.11859e-05
-8.17263e-05
-0.000124485
-0.000157426
-0.000179037
-0.000188416
-0.000185317
-0.000170178
-0.000144089
-0.000108673
-6.59278e-05
-1.80707e-05
3.2585e-05
8.37254e-05
0.000133129
0.000178747
0.000218758
0.000251592
0.000275998
0.00029116
0.000296745
0.000292843
0.000279886
0.00025861
0.000230033
0.000195391
0.000156068
0.000113579
6.95827e-05
2.58792e-05
-1.56468e-05
-5.31297e-05
-8.48215e-05
-0.000109175
-0.000124953
-0.000131366
-0.000128104
-0.000115249
-9.32311e-05
-6.28708e-05
-2.54121e-05
1.7486e-05
6.37701e-05
0.000111051
0.000156739
0.000198239
0.000233157
0.00025952
0.000275875
0.000281254
0.000275137
0.00025749
0.000228764
0.000189874
0.0001422
8.75952e-05
2.83134e-05
-3.31362e-05
-9.41586e-05
-0.000152259
-0.000205209
-0.000251151
-0.000288675
-0.000316849
-0.000335211
-0.000343709
-0.000342674
-0.000332842
-0.000315351
-0.000291684
-0.000263571
-0.000232916
-0.000201684
-0.000171744
-0.000144745
-0.000122041
-0.000104682
-9.34365e-05
-8.8803e-05
-9.09715e-05
-9.97931e-05
-0.000114773
-0.000135075
-0.000159561
-0.000186881
-0.000215562
-0.000244096
-0.00027102
-0.00029498
-0.000314743
-0.000329201
-0.000337374
-0.000338454
-0.000331859
-0.00031731
-0.00029493
-0.000265318
-0.000229503
-0.000188861
-0.000145063
-9.9977e-05
-5.54793e-05
-1.33069e-05
2.49212e-05
5.76877e-05
8.36786e-05
0.000101899
0.000111716
0.000112896
0.000105679
9.08053e-05
6.94469e-05
4.30835e-05
1.33855e-05
-1.78814e-05
-4.89314e-05
-7.80138e-05
-0.000103463
-0.000123768
-0.000137691
-0.000144375
-0.000143374
-0.000134652
-0.000118593
-9.59815e-05
-6.79072e-05
-3.56806e-05
-8.16556e-07
3.50109e-05
7.00776e-05
0.000102713
0.000131374
0.000154725
0.000171722
0.000181667
0.000184232
0.000179452
0.000167726
0.00014981
0.000126769
9.9918e-05
7.07681e-05
4.09548e-05
1.21398e-05
-1.40761e-05
-3.62004e-05
-5.29039e-05
-6.31034e-05
-6.60343e-05
-6.12888e-05
-4.883e-05
-2.89902e-05
-2.46246e-06
2.97072e-05
6.61398e-05
0.000105186
0.000145038
0.000183838
0.000219772
0.000251157
0.000276533
0.000276533
0.000294733
0.000304892
0.000306427
0.000299034
0.000282705
0.00025774
0.000224807
0.000184987
0.000139714
9.06668e-05
3.96952e-05
-1.1225e-05
-6.0083e-05
-0.000104938
-0.000143984
-0.00017558
-0.000198314
-0.000211101
-0.000213306
-0.000204785
-0.00018586
-0.000157322
-0.000120424
-7.67885e-05
-2.82715e-05
2.31225e-05
7.53103e-05
0.000126234
0.000173969
0.000216785
0.000253181
0.000281924
0.000302081
0.00031303
0.000314432
0.000306267
0.000288922
0.000263255
0.000230529
0.000192313
0.000150435
0.000106901
6.37264e-05
2.28072e-05
-1.40902e-05
-4.53353e-05
-6.9525e-05
-8.56074e-05
-9.29739e-05
-9.15206e-05
-8.16905e-05
-6.44659e-05
-4.12825e-05
-1.38754e-05
1.59004e-05
4.61894e-05
7.51869e-05
0.000101206
0.00012278
0.000138709
0.000148051
0.00015014
0.000144682
0.000131808
0.000112062
8.64087e-05
5.62232e-05
2.32001e-05
-1.08014e-05
-4.38837e-05
-7.42042e-05
-0.000100072
-0.000120044
-0.000132958
-0.0001379
-0.000134232
-0.000121679
-0.000100406
-7.10586e-05
-3.48245e-05
6.53658e-06
5.07724e-05
9.52986e-05
0.000137425
0.000174659
0.000204904
0.000226444
0.000237885
0.000238207
0.000226817
0.000203548
0.000168759
0.000123516
6.97026e-05
9.99363e-06
-5.23277e-05
-0.000113772
-0.000171055
-0.000221268
-0.000261942
-0.000291157
-0.000307599
-0.000310494
-0.000299558
-0.000275069
-0.000237976
-0.000189944
-0.00013328
-7.07792e-05
-5.53245e-06
5.93072e-05
0.000120794
0.000176408
0.000224132
0.000262427
0.000290184
0.000306711
0.000311742
0.000305459
0.000288535
0.000262174
0.000228094
0.000188407
0.000145439
0.000101521
5.88256e-05
1.92874e-05
-1.54168e-05
-4.38864e-05
-6.50096e-05
-7.79636e-05
-8.22447e-05
-7.77359e-05
-6.47709e-05
-4.41668e-05
-1.72359e-05
1.42085e-05
4.79113e-05
8.13875e-05
0.000112197
0.000138108
0.000157181
0.000167912
0.000169354
0.000161086
0.000143089
0.000115713
7.97505e-05
3.64347e-05
-1.26583e-05
-6.5706e-05
-0.000120673
-0.000175396
-0.000227734
-0.000275669
-0.000317324
-0.000351049
-0.000375575
-0.000390066
-0.000394057
-0.000387424
-0.000370426
-0.000343731
-0.000308381
-0.00026576
-0.0002176
-0.00016596
-0.000113123
-6.14554e-05
-1.32593e-05
2.93613e-05
6.46289e-05
9.11841e-05
0.000108129
0.000115028
0.000111878
9.90762e-05
7.74043e-05
4.80181e-05
1.24575e-05
-2.73428e-05
-6.91078e-05
-0.00011036
-0.000148585
-0.000181403
-0.000206775
-0.000223217
-0.000229891
-0.000226536
-0.000213399
-0.000191213
-0.000161123
-0.000124557
-8.31926e-05
-3.90237e-05
5.69503e-06
4.86639e-05
8.77482e-05
0.000121131
0.000147448
0.000165878
0.000176134
0.000178362
0.000173023
0.000160802
0.00014258
0.000119446
9.26792e-05
6.36737e-05
3.38658e-05
4.68245e-06
-2.25256e-05
-4.66012e-05
-6.66741e-05
-8.21785e-05
-9.28215e-05
-9.85437e-05
-9.94919e-05
-9.59998e-05
-8.8559e-05
-7.77794e-05
-6.43506e-05
-4.90067e-05
-3.24937e-05
-1.55441e-05
1.15305e-06
1.69893e-05
3.14445e-05
4.40721e-05
5.45215e-05
6.25888e-05
6.82207e-05
7.14768e-05
7.25086e-05
7.15561e-05
6.89213e-05
6.49275e-05
5.99119e-05
5.42426e-05
4.83189e-05
4.25599e-05
3.73889e-05
3.32082e-05
3.03636e-05
2.9112e-05
2.96101e-05
3.19391e-05
3.61539e-05
4.23269e-05
5.05679e-05
6.1014e-05
7.37402e-05
8.85672e-05
0.000104919
0.000121873
0.000138285
0.000152882
0.000164412
0.000171907
0.00017477
0.000172601
0.000165071
0.000151992
0.000133357
0.000109326
8.02948e-05
4.70456e-05
1.07564e-05
-2.71465e-05
-6.5155e-05
-0.000101804
-0.000135766
-0.000165906
-0.000191276
-0.000211037
-0.000224432
-0.000230862
-0.000229973
-0.000221653
-0.000206053
-0.000183654
-0.000155285
-0.000122058
-8.52812e-05
-4.63706e-05
-6.75478e-06
3.22088e-05
6.92826e-05
0.000103346
0.000133355
0.000158333
0.000177407
0.000189841
0.000195094
0.000192959
0.000183661
0.000167772
0.000146091
0.000119603
8.94415e-05
5.68064e-05
2.29288e-05
-1.0908e-05
-4.33614e-05
-7.30834e-05
-9.88137e-05
-0.00011948
-0.00013428
-0.000142741
-0.000144711
-0.0001403
-0.000129802
-0.00011368
-9.25774e-05
-6.72996e-05
-3.87876e-05
-8.14423e-06
2.33366e-05
5.42206e-05
8.30635e-05
0.000108524
0.000129432
0.000129432
0.000144862
0.000154219
0.000157265
0.000154079
0.000144983
0.000130533
0.000111534
8.90157e-05
6.41765e-05
3.83372e-05
1.28801e-05
-1.08891e-05
-3.1915e-05
-4.94915e-05
-6.32285e-05
-7.29739e-05
-7.87897e-05
-8.09353e-05
-7.98026e-05
-7.58744e-05
-6.97505e-05
-6.21746e-05
-5.40039e-05
-4.61431e-05
-3.94614e-05
-3.46951e-05
-3.23463e-05
-3.26141e-05
-3.54013e-05
-4.03852e-05
-4.70907e-05
-5.49622e-05
-6.34633e-05
-7.21181e-05
-8.04434e-05
-8.79042e-05
-9.39704e-05
-9.81736e-05
-0.000100118
-9.95235e-05
-9.63219e-05
-9.06732e-05
-8.28989e-05
-7.34011e-05
-6.26084e-05
-5.0936e-05
-3.8754e-05
-2.63882e-05
-1.41578e-05
-2.40988e-06
8.47914e-06
1.81321e-05
2.62078e-05
3.24415e-05
3.66892e-05
3.89526e-05
3.93642e-05
3.81432e-05
3.55601e-05
3.19138e-05
2.75018e-05
2.25891e-05
1.73877e-05
1.20428e-05
6.64009e-06
1.22104e-06
-4.22419e-06
-9.7524e-06
-1.54191e-05
-2.12673e-05
-2.73796e-05
-3.38877e-05
-4.09173e-05
-4.85534e-05
-5.68437e-05
-6.57863e-05
-7.53044e-05
-8.52506e-05
-9.54431e-05
-0.000105706
-0.00011589
-0.000125866
-0.000135517
-0.00014472
-0.000153314
-0.000161099
-0.000167876
-0.000173489
-0.000177843
-0.000180906
-0.000182721
-0.000183407
-0.000183122
-0.000182046
-0.000180363
-0.000178238
-0.000175793
-0.000173057
-0.000169966
-0.000166409
-0.000162243
-0.00015727
-0.000151194
-0.000143604
-0.000134031
-0.000122032
-0.000107251
-8.9482e-05
-6.87727e-05
-4.54724e-05
-2.01424e-05
6.58159e-06
3.40393e-05
6.15339e-05
8.83266e-05
0.000113633
0.000136625
0.000156465
0.00017238
0.000183746
0.000190148
0.000191392
0.000187515
0.00017876
0.000165529
0.000148308
0.000127635
0.000104099
7.83643e-05
5.1186e-05
2.33904e-05
-4.16556e-06
-3.0635e-05
-5.52332e-05
-7.73025e-05
-9.6344e-05
-0.000111988
-0.00012392
-0.000131782
-0.000135133
-0.000133545
-0.000126767
-0.000114785
-9.78216e-05
-7.63721e-05
-5.12269e-05
-2.33608e-05
6.20803e-06
3.64633e-05
6.63609e-05
9.48109e-05
0.000120702
0.00014296
0.00016061
0.000172854
0.000179167
0.000179382
0.000173708
0.000162669
0.000147027
0.000127714
0.000105754
8.2196e-05
5.80994e-05
3.45374e-05
1.25811e-05
-6.74782e-06
-2.2537e-05
-3.40544e-05
-4.0823e-05
-4.26569e-05
-3.96489e-05
-3.21417e-05
-2.06845e-05
-5.97652e-06
1.11798e-05
2.99129e-05
4.93042e-05
6.84032e-05
8.62596e-05
0.000101978
0.00011478
0.000124077
0.000129538
0.00013112
0.000129041
0.000123741
0.000115827
0.000105982
9.49149e-05
8.33652e-05
7.2098e-05
6.18649e-05
5.33688e-05
4.72402e-05
4.39886e-05
4.39169e-05
4.70581e-05
5.31711e-05
6.17811e-05
7.22687e-05
8.39704e-05
9.62238e-05
0.00010837
0.000119767
0.0001298
0.000137866
0.000143377
0.00014582
0.000144823
0.000140202
0.000131988
0.000120427
0.000105943
8.90673e-05
7.03839e-05
5.04946e-05
3.00064e-05
9.5323e-06
-1.02982e-05
-2.88335e-05
-4.54142e-05
-5.93926e-05
-7.0168e-05
-7.72694e-05
-8.04365e-05
-7.96234e-05
-7.49551e-05
-6.66858e-05
-5.51515e-05
-4.07297e-05
-2.38391e-05
-4.96774e-06
1.5294e-05
3.6233e-05
5.70274e-05
7.68155e-05
9.4795e-05
0.000110299
0.000122835
0.000132093
0.000137934
0.000140356
0.00013946
0.000135437
0.000128574
0.000119275
0.000108051
9.54999e-05
8.22833e-05
6.90886e-05
5.65627e-05
4.52373e-05
3.54534e-05
2.72969e-05
2.05847e-05
1.49382e-05
9.9195e-06
5.17208e-06
5.279e-07
-3.98356e-06
-8.26014e-06
-1.22689e-05
-1.6073e-05
-1.97887e-05
-2.35541e-05
-2.74797e-05
-3.1558e-05
-3.56198e-05
-3.94186e-05
-4.27742e-05
-4.56563e-05
-4.81882e-05
-5.06245e-05
-5.33036e-05
-5.6545e-05
-6.0543e-05
-6.53347e-05
-7.08401e-05
-7.69224e-05
-8.34441e-05
-9.03038e-05
-9.74148e-05
-0.000104621
-0.000111629
-0.000118018
-0.000123277
-0.00012685
-0.000128205
-0.000126926
-0.000122787
-0.000115743
-0.00010586
-9.32862e-05
-7.82643e-05
-6.11628e-05
-4.2485e-05
-2.28785e-05
-3.12534e-06
1.59098e-05
3.33586e-05
4.84367e-05
6.05279e-05
6.92201e-05
7.42905e-05
7.5691e-05
7.35461e-05
6.81308e-05
5.9836e-05
4.91656e-05
3.67521e-05
2.33418e-05
9.7511e-06
-3.18503e-06
-1.46742e-05
-2.40307e-05
-3.07295e-05
-3.44426e-05
-3.50492e-05
-3.26223e-05
-2.74029e-05
-1.97872e-05
-1.97872e-05
-1.03263e-05
2.88209e-07
1.12494e-05
2.16834e-05
3.07331e-05
3.76278e-05
4.17068e-05
4.24653e-05
3.9635e-05
3.32098e-05
2.33874e-05
1.05153e-05
-4.9104e-06
-2.22587e-05
-4.08144e-05
-5.98179e-05
-7.84862e-05
-9.60443e-05
-0.000111771
-0.000125046
-0.000135385
-0.000142438
-0.000145976
-0.000145893
-0.000142188
-0.000134937
-0.000124242
-0.000110226
-9.30888e-05
-7.31566e-05
-5.08596e-05
-2.66959e-05
-1.2432e-06
2.48268e-05
5.07529e-05
7.57011e-05
9.8795e-05
0.000119154
0.000135931
0.000148383
0.000155976
0.000158426
0.000155655
0.000147772
0.000135104
0.000118206
9.78041e-05
7.47736e-05
5.01352e-05
2.5006e-05
4.9899e-07
-2.23815e-05
-4.2818e-05
-6.02202e-05
-7.42332e-05
-8.472e-05
-9.17286e-05
-9.54406e-05
-9.60998e-05
-9.39658e-05
-8.93233e-05
-8.24964e-05
-7.38278e-05
-6.3678e-05
-5.24795e-05
-4.07379e-05
-2.89203e-05
-1.73815e-05
-6.39525e-06
3.81143e-06
1.30615e-05
2.11995e-05
2.80341e-05
3.33246e-05
3.68185e-05
3.83071e-05
3.76935e-05
3.50342e-05
3.05303e-05
2.44835e-05
1.72463e-05
9.17397e-06
5.89112e-07
-8.21546e-06
-1.69432e-05
-2.52613e-05
-3.2786e-05
-3.90964e-05
-4.37885e-05
-4.65431e-05
-4.71675e-05
-4.56166e-05
-4.20032e-05
-3.65878e-05
-2.97383e-05
-2.1873e-05
-1.34245e-05
-4.83539e-06
3.43911e-06
1.09393e-05
1.72203e-05
2.18676e-05
2.45141e-05
2.48912e-05
2.289e-05
1.85867e-05
1.22203e-05
4.1546e-06
-5.16467e-06
-1.52562e-05
-2.56383e-05
-3.58472e-05
-4.54453e-05
-5.40149e-05
-6.11566e-05
-6.65111e-05
-6.97961e-05
-7.08527e-05
-6.96869e-05
-6.649e-05
-6.16234e-05
-5.55731e-05
-4.88949e-05
-4.21596e-05
-3.58963e-05
-3.05674e-05
-2.6588e-05
-2.43239e-05
-2.40435e-05
-2.58752e-05
-2.98109e-05
-3.57162e-05
-4.33206e-05
-5.22204e-05
-6.19041e-05
-7.17791e-05
-8.11951e-05
-8.94766e-05
-9.59695e-05
-0.000100088
-0.000101344
-9.93721e-05
-9.39611e-05
-8.50656e-05
-7.27936e-05
-5.74151e-05
-3.94083e-05
-1.94695e-05
1.55958e-06
2.27758e-05
4.32472e-05
6.20525e-05
7.83523e-05
9.14475e-05
0.000100812
0.000106113
0.000107227
0.00010426
9.75601e-05
8.76825e-05
7.53133e-05
6.12117e-05
4.61782e-05
3.1007e-05
1.64319e-05
3.10755e-06
-8.37691e-06
-1.75034e-05
-2.38738e-05
-2.72486e-05
-2.75449e-05
-2.48284e-05
-1.93069e-05
-1.12962e-05
-1.16429e-06
1.07075e-05
2.39385e-05
3.81472e-05
5.29191e-05
6.77857e-05
8.226e-05
9.58732e-05
0.000108167
0.000118701
0.000127103
0.000133114
0.000136567
0.00013738
0.00013556
0.000131213
0.000124538
0.000115818
0.000105412
9.37658e-05
8.14006e-05
6.88782e-05
5.67613e-05
4.55892e-05
3.58462e-05
2.7922e-05
2.20944e-05
1.85325e-05
1.73051e-05
1.83834e-05
2.16389e-05
2.6853e-05
3.37303e-05
4.18871e-05
5.08372e-05
6.00158e-05
6.88231e-05
7.66515e-05
8.29224e-05
8.71501e-05
8.89965e-05
8.82914e-05
8.50215e-05
7.93112e-05
7.14132e-05
6.16925e-05
5.05823e-05
3.85612e-05
2.61734e-05
1.40222e-05
2.71298e-06
-7.20881e-06
-1.53046e-05
-2.12821e-05
-2.50203e-05
-2.65631e-05
-2.60771e-05
-2.3785e-05
-1.99106e-05
-1.46765e-05
-8.3365e-06
-1.19185e-06
6.41336e-06
1.4094e-05
2.14332e-05
2.80294e-05
3.35523e-05
3.77562e-05
4.04538e-05
4.14952e-05
4.07697e-05
3.82138e-05
3.38047e-05
2.75664e-05
1.96112e-05
1.01723e-05
-4.02584e-07
-1.1684e-05
-2.31997e-05
-3.44725e-05
-4.50503e-05
-5.45362e-05
-6.26104e-05
-6.90268e-05
-7.36031e-05
-7.62442e-05
-7.69765e-05
-7.59533e-05
-7.34358e-05
-6.9774e-05
-6.53885e-05
-6.07437e-05
-5.63108e-05
-5.25312e-05
-4.97962e-05
-4.84439e-05
-4.87494e-05
-5.0907e-05
-5.50265e-05
-6.11335e-05
-6.91598e-05
-7.8928e-05
-9.01344e-05
-0.00010233
-0.000114901
-0.000127082
-0.000138058
-0.000147086
-0.000153527
-0.000156841
-0.000156625
-0.000152666
-0.00014494
-0.000133603
-0.000118992
-0.000101644
-8.22851e-05
-6.17895e-05
-4.10847e-05
-2.10948e-05
-2.71309e-06
1.32564e-05
2.61686e-05
3.55602e-05
4.11388e-05
4.27847e-05
4.05604e-05
3.46963e-05
2.55659e-05
1.36736e-05
-3.55483e-07
-1.58027e-05
-3.18929e-05
-4.78263e-05
-6.28123e-05
-7.61014e-05
-8.70216e-05
-9.50217e-05
-9.9696e-05
-0.000100783
-9.81585e-05
-9.18231e-05
-8.18951e-05
-6.86129e-05
-5.23384e-05
-3.35479e-05
-1.28206e-05
9.16456e-06
9.16456e-06
3.16325e-05
5.37458e-05
7.46679e-05
9.36113e-05
0.000109861
0.000122813
0.000132026
0.000137239
0.000138345
0.000135399
0.000128664
0.000118653
0.000106092
9.18577e-05
7.6914e-05
6.22137e-05
4.85703e-05
3.65581e-05
2.6527e-05
1.86923e-05
1.3169e-05
9.95109e-06
8.91886e-06
9.86566e-06
1.24867e-05
1.63575e-05
2.09715e-05
2.5833e-05
3.05474e-05
3.48515e-05
3.85801e-05
4.16264e-05
4.39359e-05
4.54788e-05
4.61809e-05
4.58923e-05
4.44412e-05
4.17097e-05
3.76568e-05
3.23132e-05
2.57948e-05
1.8312e-05
1.01426e-05
1.57811e-06
-7.1052e-06
-1.56364e-05
-2.37348e-05
-3.11151e-05
-3.75047e-05
-4.2662e-05
-4.64167e-05
-4.87466e-05
-4.98516e-05
-5.01548e-05
-5.01958e-05
-5.04959e-05
-5.14867e-05
-5.34638e-05
-5.65213e-05
-6.05519e-05
-6.53779e-05
-7.08691e-05
-7.69142e-05
-8.3345e-05
-8.99127e-05
-9.62777e-05
-0.000102
-0.000106569
-0.000109502
-0.000110446
-0.000109245
-0.00010594
-0.000100731
-9.39253e-05
-8.58601e-05
-7.6842e-05
-6.71538e-05
-5.70823e-05
-4.69427e-05
-3.7108e-05
-2.80185e-05
-2.01322e-05
-1.38301e-05
-9.31485e-06
-6.55072e-06
-5.28255e-06
-5.10438e-06
-5.52746e-06
-6.04599e-06
-6.2076e-06
-5.65358e-06
-4.08682e-06
-1.20783e-06
3.29939e-06
9.72782e-06
1.82964e-05
2.90852e-05
4.19434e-05
5.64175e-05
7.1759e-05
8.69939e-05
0.000101051
0.000112958
0.000121969
0.000127522
0.000129163
0.000126542
0.000119423
0.000107673
9.13047e-05
7.05906e-05
4.61533e-05
1.89822e-05
-9.6522e-06
-3.83656e-05
-6.58319e-05
-9.08886e-05
-0.000112587
-0.00013021
-0.000143236
-0.000151284
-0.000154088
-0.000151535
-0.000143724
-0.000131027
-0.000114116
-9.39332e-05
-7.16218e-05
-4.84145e-05
-2.5507e-05
-3.95849e-06
1.53697e-05
3.18377e-05
4.50002e-05
5.4561e-05
6.03596e-05
6.23838e-05
6.07826e-05
5.58811e-05
4.81975e-05
3.84403e-05
2.74449e-05
1.60553e-05
5.02074e-06
-5.03632e-06
-1.36158e-05
-2.03449e-05
-2.49671e-05
-2.73019e-05
-2.72165e-05
-2.46343e-05
-1.9562e-05
-1.21105e-05
-2.49825e-06
8.96612e-06
2.19024e-05
3.58688e-05
5.03977e-05
6.50506e-05
7.94358e-05
9.31868e-05
0.000105947
0.000117364
0.000127095
0.000134817
0.000140264
0.000143261
0.00014376
0.000141862
0.000137797
0.000131878
0.000124475
0.000115989
0.000106827
9.73774e-05
8.80156e-05
7.91088e-05
7.10103e-05
6.40297e-05
5.84121e-05
5.43318e-05
5.18742e-05
5.10095e-05
5.16031e-05
5.34557e-05
5.63284e-05
5.99569e-05
6.40658e-05
6.83728e-05
7.25869e-05
7.6412e-05
7.95549e-05
8.17376e-05
8.27188e-05
8.23186e-05
8.04345e-05
7.7046e-05
7.22116e-05
6.60635e-05
5.87977e-05
5.06617e-05
4.19406e-05
3.29427e-05
2.39866e-05
1.53913e-05
7.46245e-06
4.75412e-07
-5.33899e-06
-9.80378e-06
-1.28057e-05
-1.43065e-05
-1.43445e-05
-1.30258e-05
-1.0512e-05
-7.00082e-06
-2.6989e-06
2.19859e-06
7.50466e-06
1.30338e-05
1.86063e-05
2.40512e-05
2.9206e-05
3.39106e-05
3.80076e-05
4.13445e-05
4.37637e-05
4.50854e-05
4.51163e-05
4.36981e-05
4.07442e-05
3.62235e-05
3.01455e-05
2.25819e-05
1.36748e-05
3.61197e-06
-7.38621e-06
-1.9048e-05
-3.10328e-05
-4.29234e-05
-5.42281e-05
-6.4418e-05
-7.29926e-05
-7.95312e-05
-8.37177e-05
-8.53513e-05
-8.43448e-05
-8.07127e-05
-7.4538e-05
-6.59439e-05
-5.51034e-05
-4.22686e-05
-2.77832e-05
-1.20932e-05
4.25149e-06
2.06376e-05
3.64483e-05
5.11039e-05
6.40974e-05
7.50448e-05
8.37165e-05
9.00256e-05
9.40062e-05
9.58197e-05
9.57493e-05
9.41524e-05
9.14315e-05
8.8062e-05
8.45804e-05
8.14747e-05
7.90632e-05
7.74707e-05
7.6673e-05
7.65182e-05
7.6731e-05
7.6962e-05
7.68667e-05
7.61515e-05
7.45542e-05
7.18073e-05
6.76598e-05
6.19322e-05
5.45347e-05
4.54664e-05
3.48416e-05
2.2919e-05
1.00793e-05
-3.23117e-06
-1.65451e-05
-2.9419e-05
-4.14773e-05
-5.24261e-05
-6.20459e-05
-7.01908e-05
-7.67944e-05
-8.18501e-05
-8.53771e-05
-8.74219e-05
-8.80806e-05
-8.74933e-05
-8.58288e-05
-8.33073e-05
-8.02133e-05
-7.68363e-05
-7.34057e-05
-7.00905e-05
-6.70242e-05
-6.43091e-05
-6.20245e-05
-6.02567e-05
-5.91193e-05
-5.87375e-05
-5.92127e-05
-6.05853e-05
-6.28085e-05
-6.57389e-05
-6.91547e-05
-7.27908e-05
-7.6379e-05
-7.96866e-05
-8.2532e-05
-8.47733e-05
-8.62981e-05
-8.62981e-05
-8.70231e-05
-8.6895e-05
-8.58977e-05
-8.40621e-05
-8.14741e-05
-7.82807e-05
-7.46951e-05
-7.09963e-05
-6.74834e-05
-6.43708e-05
-6.17667e-05
-5.9773e-05
-5.85004e-05
-5.7975e-05
-5.81306e-05
-5.8876e-05
-6.00944e-05
-6.16108e-05
-6.32121e-05
-6.46832e-05
-6.58319e-05
-6.65098e-05
-6.6615e-05
-6.60899e-05
-6.49346e-05
-6.3203e-05
-6.09703e-05
-5.83188e-05
-5.53573e-05
-5.22292e-05
-4.90883e-05
-4.60791e-05
-4.33432e-05
-4.10147e-05
-3.91905e-05
-3.79152e-05
-3.7187e-05
-3.69565e-05
-3.71306e-05
-3.7597e-05
-3.8242e-05
-3.89435e-05
-3.95731e-05
-4.00053e-05
-4.0113e-05
-3.97619e-05
-3.88181e-05
-3.71626e-05
-3.47089e-05
-3.14154e-05
-2.72905e-05
-2.2389e-05
-1.6802e-05
-1.06442e-05
-4.03839e-06
2.89026e-06
1.00042e-05
1.7135e-05
2.40684e-05
3.05362e-05
3.62152e-05
4.07572e-05
4.38555e-05
4.52983e-05
4.49687e-05
4.28255e-05
3.89e-05
3.33006e-05
2.62192e-05
1.79419e-05
8.86103e-06
-5.24044e-07
-9.62784e-06
-1.78349e-05
-2.45911e-05
-2.94785e-05
-3.2233e-05
-3.27391e-05
-3.10317e-05
-2.72757e-05
-2.17086e-05
-1.46075e-05
-6.31534e-06
2.73725e-06
1.2056e-05
2.11195e-05
2.9407e-05
3.64444e-05
4.1872e-05
4.5487e-05
4.72435e-05
4.72242e-05
4.55887e-05
4.25293e-05
3.82658e-05
3.30521e-05
2.71721e-05
2.0938e-05
1.46818e-05
8.72316e-06
3.32976e-06
-1.31567e-06
-5.13684e-06
-8.15515e-06
-1.04471e-05
-1.21119e-05
-1.32742e-05
-1.40776e-05
-1.46489e-05
-1.50755e-05
-1.54129e-05
-1.56885e-05
-1.58943e-05
-1.59903e-05
-1.59193e-05
-1.56325e-05
-1.51171e-05
-1.43983e-05
-1.35197e-05
-1.25396e-05
-1.15363e-05
-1.05972e-05
-9.80288e-06
-9.22971e-06
-8.95806e-06
-9.05923e-06
-9.56606e-06
-1.04532e-05
-1.16455e-05
-1.30385e-05
-1.4506e-05
-1.59152e-05
-1.71689e-05
-1.82412e-05
-1.917e-05
-2.00216e-05
-2.08728e-05
-2.18069e-05
-2.29001e-05
-2.41941e-05
-2.56803e-05
-2.73128e-05
-2.90331e-05
-3.07669e-05
-3.24049e-05
-3.38134e-05
-3.4868e-05
-3.54563e-05
-3.54576e-05
-3.47557e-05
-3.32788e-05
-3.10114e-05
-2.79834e-05
-2.42711e-05
-2.00065e-05
-1.53657e-05
-1.05428e-05
-5.73458e-06
-1.12869e-06
3.1108e-06
6.85577e-06
1.00358e-05
1.26716e-05
1.4893e-05
1.69059e-05
1.89369e-05
2.1217e-05
2.39786e-05
2.74103e-05
3.15936e-05
3.64976e-05
4.2031e-05
4.80735e-05
5.44549e-05
6.09441e-05
6.72822e-05
7.32129e-05
7.84704e-05
8.27738e-05
8.58766e-05
8.76227e-05
8.79541e-05
8.6899e-05
8.45637e-05
8.11083e-05
7.66937e-05
7.14337e-05
6.53931e-05
5.86268e-05
5.1224e-05
4.33183e-05
3.50814e-05
2.67263e-05
1.85125e-05
1.07246e-05
3.63005e-06
-2.5413e-06
-7.58491e-06
-1.13165e-05
-1.35912e-05
-1.43212e-05
-1.34697e-05
-1.10451e-05
-7.12238e-06
-1.87756e-06
4.39172e-06
1.12779e-05
1.83014e-05
2.49511e-05
3.07238e-05
3.51671e-05
3.79178e-05
3.87168e-05
3.73958e-05
3.38648e-05
2.81315e-05
2.03455e-05
1.08275e-05
5.39142e-08
-1.13877e-05
-2.28427e-05
-3.36343e-05
-4.31181e-05
-5.07405e-05
-5.60819e-05
-5.88704e-05
-5.89743e-05
-5.63983e-05
-5.1289e-05
-4.39263e-05
-3.46869e-05
-2.4028e-05
-1.24976e-05
-7.07801e-07
1.07284e-05
2.12345e-05
3.02897e-05
3.74642e-05
4.24513e-05
4.50663e-05
4.5235e-05
4.29932e-05
3.84865e-05
3.19657e-05
2.37743e-05
1.43318e-05
4.12176e-06
-6.32463e-06
-1.64644e-05
-2.57806e-05
-3.38035e-05
-4.01293e-05
-4.44481e-05
-4.65613e-05
-4.63843e-05
-4.39446e-05
-3.93781e-05
-3.292e-05
-2.48909e-05
-1.5679e-05
-5.71658e-06
4.54669e-06
1.46666e-05
2.42275e-05
3.2876e-05
4.034e-05
4.64117e-05
5.09388e-05
5.38486e-05
5.51599e-05
5.49632e-05
5.34118e-05
5.07288e-05
4.71926e-05
4.31061e-05
3.87687e-05
3.44358e-05
3.02848e-05
2.6417e-05
2.28835e-05
1.97035e-05
1.68736e-05
1.4378e-05
1.21904e-05
1.02649e-05
8.52328e-06
6.85206e-06
5.11538e-06
3.18939e-06
1.01425e-06
-1.36406e-06
-3.78571e-06
-5.9986e-06
-7.69716e-06
-8.57131e-06
-8.36358e-06
-6.91485e-06
-4.16124e-06
-9.63639e-08
5.2243e-06
1.1612e-05
1.86903e-05
2.59419e-05
3.27921e-05
3.86239e-05
4.27873e-05
4.46835e-05
4.38773e-05
4.01806e-05
3.37057e-05
2.48879e-05
1.44762e-05
3.49389e-06
-6.88999e-06
-1.55808e-05
-2.16644e-05
-2.43459e-05
-2.29832e-05
-1.73057e-05
-7.56497e-06
5.55904e-06
2.11307e-05
2.11307e-05
3.80138e-05
5.49374e-05
7.07064e-05
8.43946e-05
9.53199e-05
0.000102906
0.000106671
0.00010631
0.000101669
9.26587e-05
7.92681e-05
6.16782e-05
4.02827e-05
1.55949e-05
-1.17772e-05
-4.09985e-05
-7.08761e-05
-9.99143e-05
-0.000126473
-0.000148837
-0.000165264
-0.00017423
-0.000174801
-0.000166749
-0.000150373
-0.000126424
-9.61985e-05
-6.14306e-05
-2.39974e-05
1.41744e-05
5.09586e-05
8.40829e-05
0.000111459
0.000131468
0.000143097
0.000146035
0.000140729
0.000128283
0.0001102
8.80966e-05
6.34427e-05
3.74632e-05
1.12012e-05
-1.44079e-05
-3.85159e-05
-6.02859e-05
-7.87617e-05
-9.29309e-05
-0.000102017
-0.000105649
-0.000103795
-9.67346e-05
-8.51071e-05
-6.98082e-05
-5.17206e-05
-3.1616e-05
-1.02705e-05
1.1459e-05
3.26634e-05
5.23713e-05
6.94982e-05
8.29354e-05
9.17717e-05
9.54519e-05
9.37994e-05
8.69969e-05
7.5561e-05
6.02408e-05
4.18601e-05
2.12245e-05
-8.61385e-07
-2.35457e-05
-4.59123e-05
-6.69703e-05
-8.56571e-05
-0.000100918
-0.000111853
-0.000117832
-0.000118519
-0.000113874
-0.000104139
-8.9798e-05
-7.15269e-05
-5.01822e-05
-2.68128e-05
-2.64315e-06
2.09724e-05
4.26406e-05
6.10917e-05
7.53217e-05
8.46403e-05
8.86899e-05
8.74721e-05
8.12997e-05
7.06651e-05
5.61786e-05
3.86206e-05
1.89572e-05
-1.73283e-06
-2.23256e-05
-4.17046e-05
-5.88517e-05
-7.29555e-05
-8.34647e-05
-9.00838e-05
-9.27313e-05
-9.14778e-05
-8.65062e-05
-7.81032e-05
-6.66555e-05
-5.26527e-05
-3.67087e-05
-1.9571e-05
-2.07518e-06
1.4935e-05
3.06665e-05
4.44163e-05
5.56119e-05
6.38357e-05
6.88162e-05
7.04066e-05
6.85748e-05
6.34124e-05
5.51456e-05
4.41386e-05
3.08908e-05
1.60255e-05
2.52904e-07
-1.56855e-05
-3.10627e-05
-4.52005e-05
-5.75036e-05
-6.74787e-05
-7.47301e-05
-7.89573e-05
-7.99702e-05
-7.77162e-05
-7.22952e-05
-6.39504e-05
-5.30568e-05
-4.01143e-05
-2.57244e-05
-1.05466e-05
4.73812e-06
1.94458e-05
3.29143e-05
4.45345e-05
5.37767e-05
6.02207e-05
6.35839e-05
6.37322e-05
6.06845e-05
5.46196e-05
4.58747e-05
3.49247e-05
2.23443e-05
8.77448e-06
-5.10576e-06
-1.86135e-05
-3.1103e-05
-4.20014e-05
-5.08279e-05
-5.72044e-05
-6.08727e-05
-6.17113e-05
-5.97376e-05
-5.50976e-05
-4.80581e-05
-3.89925e-05
-2.83549e-05
-1.66561e-05
-4.4403e-06
7.74211e-06
1.93531e-05
2.98823e-05
3.88728e-05
4.5948e-05
5.0823e-05
5.33101e-05
5.33345e-05
5.09392e-05
4.6273e-05
3.95821e-05
3.12063e-05
2.15571e-05
1.10892e-05
2.86178e-07
-1.03544e-05
-2.03512e-05
-2.92641e-05
-3.67082e-05
-4.2373e-05
-4.60402e-05
-4.75888e-05
-4.69934e-05
-4.43242e-05
-3.97455e-05
-3.35054e-05
-2.59172e-05
-1.73464e-05
-8.19861e-06
1.10391e-06
1.01413e-05
1.85074e-05
2.58303e-05
3.17974e-05
3.61663e-05
3.87698e-05
3.95266e-05
3.84462e-05
3.56194e-05
3.12098e-05
2.54498e-05
1.86315e-05
1.10885e-05
3.17917e-06
-4.72498e-06
-1.22552e-05
-1.90676e-05
-2.48613e-05
-2.93873e-05
-3.24574e-05
-3.39571e-05
-3.385e-05
-3.21723e-05
-2.90312e-05
-2.46008e-05
-1.9105e-05
-1.28064e-05
-6.00488e-06
9.76918e-07
7.81644e-06
1.42056e-05
1.98602e-05
2.45328e-05
2.80278e-05
3.0212e-05
3.10134e-05
3.04199e-05
2.84841e-05
2.53216e-05
2.10985e-05
1.6024e-05
1.03441e-05
4.32977e-06
-1.7363e-06
-7.57268e-06
-1.29165e-05
-1.75341e-05
-2.12253e-05
-2.38373e-05
-2.5273e-05
-2.54879e-05
-2.44927e-05
-2.23568e-05
-1.91973e-05
-1.51713e-05
-1.04781e-05
-5.34889e-06
-2.38267e-08
5.25563e-06
1.02479e-05
1.47276e-05
1.85036e-05
2.14189e-05
2.33534e-05
2.42386e-05
2.4059e-05
2.2842e-05
2.06573e-05
1.76246e-05
1.39032e-05
9.67395e-06
5.13481e-06
5.00234e-07
-4.01107e-06
-8.19285e-06
-1.18623e-05
-1.48647e-05
-1.70756e-05
-1.84065e-05
-1.88108e-05
-1.82853e-05
-1.68712e-05
-1.46518e-05
-1.17434e-05
-8.28947e-06
-4.45805e-06
-4.31472e-07
3.60605e-06
7.47358e-06
1.0996e-05
1.40149e-05
1.64016e-05
1.8061e-05
1.8931e-05
1.89863e-05
1.82408e-05
1.67442e-05
1.4578e-05
1.18528e-05
8.70454e-06
5.28653e-06
1.75867e-06
-1.71913e-06
-4.98866e-06
-7.90142e-06
-1.03301e-05
-1.21734e-05
-1.33576e-05
-1.38407e-05
-1.36148e-05
-1.27042e-05
-1.11637e-05
-9.07515e-06
-6.54308e-06
-3.69014e-06
-6.51909e-07
2.42961e-06
5.41279e-06
8.16272e-06
1.05574e-05
1.05574e-05
1.24936e-05
1.38916e-05
1.4698e-05
1.4888e-05
1.44666e-05
1.34674e-05
1.34674e-05
