-1.04203e-10
-1.38809e-09
-8.30668e-09
-3.25357e-08
-1.00048e-07
-2.59189e-07
-5.64383e-07
-1.01302e-06
-1.48873e-06
-1.81443e-06
-1.90378e-06
-1.83383e-06
-1.73454e-06
-1.65233e-06
-1.56719e-06
-1.48007e-06
-1.40765e-06
-1.32979e-06
-1.2056e-06
-1.01859e-06
-7.78854e-07
-5.18955e-07
-3.06047e-07
-2.18732e-07
-2.92259e-07
-5.01905e-07
-7.97926e-07
-1.14253e-06
-1.52057e-06
-1.93269e-06
-2.38622e-06
-2.89141e-06
-3.4585e-06
-4.08817e-06
-4.76028e-06
-5.43308e-06
-6.05491e-06
-6.58076e-06
-6.98609e-06
-7.27073e-06
-7.44931e-06
-7.53467e-06
-7.52733e-06
-7.41649e-06
-7.1862e-06
-6.82064e-06
-6.30796e-06
-5.64436e-06
-4.83843e-06
-3.91291e-06
-2.8992e-06
-1.82416e-06
-6.99528e-07
4.77009e-07
1.71256e-06
3.00999e-06
4.36323e-06
5.75792e-06
7.17591e-06
8.59862e-06
1.0008e-05
1.13902e-05
1.27418e-05
1.40726e-05
1.54008e-05
1.67445e-05
1.81144e-05
1.95096e-05
2.09193e-05
2.23279e-05
2.37159e-05
2.50551e-05
2.6305e-05
2.74131e-05
2.83206e-05
2.89696e-05
2.93088e-05
2.92986e-05
2.89165e-05
2.81579e-05
2.70284e-05
2.55313e-05
2.36586e-05
2.13911e-05
1.8706e-05
1.55869e-05
1.20352e-05
8.07869e-06
3.77441e-06
-7.97168e-07
-5.54683e-06
-1.03953e-05
-1.52907e-05
-2.0217e-05
-2.51871e-05
-3.02216e-05
-3.53283e-05
-4.04874e-05
-4.56461e-05
-5.07218e-05
-5.5613e-05
-6.02139e-05
-6.44317e-05
-6.82015e-05
-7.14879e-05
-7.42728e-05
-7.65428e-05
-7.82888e-05
-7.95107e-05
-8.02135e-05
-8.0395e-05
-8.00342e-05
-7.90863e-05
-7.74835e-05
-7.5146e-05
-7.20078e-05
-6.80488e-05
-6.33176e-05
-5.79362e-05
-5.2082e-05
-4.59474e-05
-3.96881e-05
-3.33878e-05
-2.70559e-05
-2.06442e-05
-1.40623e-05
-7.18644e-06
1.25296e-07
8.01475e-06
1.66108e-05
2.60206e-05
3.63134e-05
4.74943e-05
5.94888e-05
7.21565e-05
8.53181e-05
9.87638e-05
0.000112235
0.000125404
0.000137869
0.000149156
0.000158738
0.00016607
0.000170645
0.000172057
0.000170052
0.000164552
0.000155632
0.000143437
0.000128059
0.000109408
8.71534e-05
6.08276e-05
3.0084e-05
-4.97672e-06
-4.35128e-05
-8.37899e-05
-0.00012332
-0.000159346
-0.000189453
-0.000211988
-0.000226201
-0.000232233
-0.000230926
-0.000223407
-0.000210628
-0.000193206
-0.000171565
-0.000146156
-0.000117592
-8.67776e-05
-5.49619e-05
-2.3559e-05
6.1861e-06
3.34549e-05
5.79312e-05
7.97628e-05
9.94422e-05
0.000117598
0.000134759
0.000151225
0.000167053
0.000182079
0.000195888
0.000207746
0.000216653
0.00022161
0.000222036
0.000218067
0.000210614
0.000201303
0.000192378
0.000186411
0.000185696
0.000191651
0.00020462
0.000224106
0.00024915
0.000278736
0.000312182
0.000349314
0.000390203
0.000434466
0.000480347
0.000523752
0.000557625
0.00057227
0.000556961
0.000502581
0.000404631
0.000265758
9.63921e-05
-8.75605e-05
-0.000269068
-0.000433821
-0.000572259
-0.000680342
-0.000759183
-0.000812705
-0.000844223
-0.000854632
-0.000843072
-0.000808375
-0.000750198
-0.00067035
-0.000573955
-0.000468979
-0.000364079
-0.000266426
-0.000180602
-0.000108366
-4.91624e-05
-1.46278e-06
3.5566e-05
6.11095e-05
7.30151e-05
6.90597e-05
4.84525e-05
1.28923e-05
-3.32235e-05
-8.34871e-05
-0.000130817
-0.000168964
-0.000193586
-0.000202489
-0.000195111
-0.000171676
-0.000132348
-7.67316e-05
-3.98046e-06
8.64612e-05
0.000193908
0.000315825
0.000447827
0.000584222
0.000718904
0.000846267
0.000961807
0.00106219
0.00114494
0.001208
0.00124956
0.00126815
0.00126298
0.00123433
0.00118364
0.00111299
0.00102416
0.000917544
0.00079118
0.000639917
0.000454897
0.000224186
-6.39988e-05
-0.000414508
-0.000816819
-0.00124057
-0.00164042
-0.00196906
-0.00219058
-0.00228707
-0.00225899
-0.00212257
-0.00190437
-0.00163188
-0.00132428
-0.000989944
-0.000630661
-0.000247551
0.000154008
0.000560577
0.000950165
0.00129714
0.00157956
0.00178392
0.00190606
0.00195
0.00192539
0.00184313
0.00171078
0.0015295
0.00129336
0.000991404
0.000613386
0.000159181
-0.000351627
-0.000876461
-0.00135776
-0.00174008
-0.00198655
-0.00208581
-0.00204941
-0.00190501
-0.00168738
-0.00142638
-0.00113719
-0.000820401
-0.00047191
-9.42158e-05
0.000296925
0.000671476
0.000990513
0.000990513
0.00121757
0.00133012
0.00132389
0.00120864
0.00100055
0.000716199
0.000369727
-2.7217e-05
-0.000462842
-0.000919938
-0.00137065
-0.00177584
-0.00209113
-0.00227687
-0.00230781
-0.00217926
-0.00190805
-0.00152753
-0.00107852
-0.000600091
-0.000123674
0.000328741
0.000742979
0.00110853
0.00141381
0.00164371
0.00178147
0.00181374
0.00173578
0.00155423
0.00128673
0.000959014
0.000600462
0.000239008
-0.000102953
-0.000410135
-0.000673252
-0.00088655
-0.00104559
-0.00114606
-0.00118369
-0.00115555
-0.00106221
-0.000909539
-0.000708548
-0.000473573
-0.000219918
3.7993e-05
0.000287616
0.000517926
0.000717793
0.000874606
0.00097495
0.00100757
0.000967199
0.000857398
0.000690976
0.000487175
0.000266661
4.69534e-05
-0.000159757
-0.000346683
-0.000511374
-0.000653418
-0.000771139
-0.000859282
-0.000909599
-0.000913737
-0.000866469
-0.000768279
-0.000627118
-0.000458745
-0.000284914
-0.000129133
-1.04504e-05
6.27273e-05
9.51251e-05
0.000101303
9.88662e-05
0.000102295
0.000119194
0.000149055
0.000185362
0.000220611
0.00025088
0.00027702
0.000302868
0.000331535
0.000359661
0.000371801
0.000340753
0.000237911
4.96887e-05
-0.000210696
-0.000504789
-0.000782169
-0.000995823
-0.00111303
-0.00112192
-0.00103318
-0.000873553
-0.000673407
-0.00045765
-0.000244316
-4.59633e-05
0.000129997
0.000280204
0.000402816
0.000496722
0.000563139
0.000606086
0.000630245
0.000639057
0.000635033
0.00062029
0.000595424
0.000558757
0.000508444
0.000445735
0.000375813
0.000305713
0.000241584
0.000186699
0.000140584
9.99673e-05
6.14752e-05
2.42043e-05
-9.60192e-06
-3.56201e-05
-4.90729e-05
-4.62197e-05
-2.55137e-05
1.18227e-05
6.2095e-05
0.000120405
0.000182509
0.000246262
0.000311639
0.000379265
0.000448342
0.00051498
0.000571653
0.000608215
0.00061423
0.000581718
0.000507473
0.000394478
0.000251974
9.37309e-05
-6.49379e-05
-0.000209992
-0.000330474
-0.000419475
-0.000474146
-0.000494185
-0.000479494
-0.000428969
-0.000341172
-0.000215605
-5.35659e-05
0.000141148
0.000361554
0.00059744
0.000835922
0.00106174
0.00125724
0.00140318
0.00148121
0.0014777
0.001388
0.00121933
0.000990104
0.000724756
0.000446643
0.000172966
-8.70793e-05
-0.000332048
-0.000565639
-0.000790989
-0.00100456
-0.0011942
-0.00134223
-0.00143066
-0.00144632
-0.00138519
-0.0012538
-0.00106637
-0.00083991
-0.000590048
-0.000328676
-6.3087e-05
0.000202848
0.000465586
0.00071887
0.000952809
0.00115536
0.00131514
0.00142437
0.00148088
0.00148829
0.00145408
0.00138672
0.00129329
0.00117848
0.00104507
0.000895362
0.000733014
0.000563794
0.000394505
0.000230002
6.97218e-05
-9.37525e-05
-0.000271517
-0.000470603
-0.000685905
-0.000897369
-0.00107431
-0.00118455
-0.0012051
-0.0011312
-0.000979226
-0.000781525
-0.000576702
-0.000400058
-0.000275387
-0.000209363
-0.000192454
-0.000206846
-0.000235189
-0.000265118
-0.000290857
-0.000313618
-0.000338886
-0.000370492
-0.000406217
-0.000438415
-0.000457541
-0.000455169
-0.000426061
-0.000369731
-0.000290374
-0.000194356
-8.69495e-05
2.95048e-05
0.000155568
0.000293452
0.000444709
0.000606914
0.000770517
0.000917877
0.00102575
0.00107109
0.00103878
0.000928702
0.000758377
0.000558162
0.000360366
0.00018847
5.22421e-05
-5.11359e-05
-0.00013324
-0.000208836
-0.00028818
-0.000370396
-0.000442762
-0.000485843
-0.000480275
-0.000413029
-0.000283293
-0.000106614
8.52559e-05
0.000249969
0.000345384
0.000343256
0.000239677
5.58176e-05
-0.000170903
-0.000399464
-0.000597181
-0.000748458
-0.000856617
-0.000937506
-0.00101039
-0.00109212
-0.00119362
-0.00131565
-0.00144627
-0.00156321
-0.00163942
-0.00164823
-0.00156832
-0.00138906
-0.00111414
-0.000760668
-0.000355105
7.11469e-05
0.000485897
0.00086107
0.00117717
0.00142438
0.00159971
0.00170285
0.001733
0.00168683
0.00155827
0.00134082
0.00103226
0.000639664
0.000182048
-0.000310406
-0.000801005
-0.00125343
-0.00163777
-0.00193343
-0.00212914
-0.00222096
-0.00220914
-0.00209486
-0.00187914
-0.00156477
-0.00115978
-0.000680916
-0.000680916
-0.00015597
0.000376829
0.000874436
0.00129905
0.0016281
0.00185815
0.00200036
0.00207109
0.00208398
0.00204606
0.00195696
0.00181089
0.0016025
0.0013341
0.00101935
0.000681589
0.000348907
4.81946e-05
-0.000201271
-0.000392169
-0.000528728
-0.000622185
-0.000685269
-0.000727825
-0.000754388
-0.000764408
-0.000754891
-0.000723514
-0.000670521
-0.000599371
-0.000516472
-0.000429667
-0.000345706
-0.000268412
-0.000198826
-0.000136608
-8.11857e-05
-3.23175e-05
9.53437e-06
4.33361e-05
6.85755e-05
8.65329e-05
0.00010038
0.000113865
0.000129345
0.000145842
0.000157964
0.000156797
0.000132914
7.99933e-05
-2.5484e-06
-0.000108246
-0.000223844
-0.000331971
-0.000415944
-0.000464293
-0.000472683
-0.000443458
-0.000384228
-0.000305748
-0.0002189
-0.000132158
-5.11431e-05
2.0378e-05
7.99227e-05
0.00012623
0.000158525
0.00017546
0.000175183
0.000156315
0.000118283
6.10039e-05
-1.47798e-05
-0.000106511
-0.000209555
-0.00031788
-0.000424569
-0.000521907
-0.000601802
-0.000656594
-0.000679522
-0.000664946
-0.000608937
-0.000510132
-0.000370197
-0.000193921
1.05994e-05
0.000232101
0.000457434
0.000673786
0.000870522
0.0010399
0.00117737
0.00128199
0.00135612
0.00140359
0.00142715
0.00142689
0.00140008
0.00134152
0.00124437
0.0011023
0.000912548
0.000678188
0.000408436
0.000117276
-0.000178764
-0.000463449
-0.000723663
-0.000950654
-0.00113916
-0.00128582
-0.00138827
-0.001445
-0.00145531
-0.00141994
-0.0013422
-0.00122825
-0.00108579
-0.000922058
-0.000742784
-0.000552038
-0.000352402
-0.000145543
6.61454e-05
0.000277579
0.000480373
0.000664074
0.000818034
0.000933114
0.00100347
0.00102808
0.00101076
0.000958414
0.000878871
0.000779468
0.000666266
0.000543738
0.000415313
0.000284571
0.000155947
3.42782e-05
-7.6213e-05
-0.000172605
-0.000253537
-0.000319163
-0.000370565
-0.000408514
-0.000432302
-0.000439688
-0.000428164
-0.000396702
-0.000346971
-0.000283674
-0.000214048
-0.000146463
-8.83722e-05
-4.45186e-05
-1.63031e-05
-2.24875e-06
8.71228e-07
-3.65508e-06
-1.4406e-05
-3.28626e-05
-6.25632e-05
-0.000106702
-0.000165491
-0.000234624
-0.000305655
-0.000368223
-0.00041291
-0.00043335
-0.000427082
-0.000395298
-0.000341504
-0.000269453
-0.000181426
-7.77754e-05
4.22514e-05
0.000178966
0.000330578
0.000492256
0.000656512
0.000814676
0.000958651
0.00108233
0.00118243
0.00125835
0.00131104
0.00134091
0.0013458
0.00131986
0.00125454
0.00114128
0.000975117
0.000757969
0.000500456
0.000221236
-5.67635e-05
-0.000311713
-0.000527041
-0.00069316
-0.000807658
-0.000874338
-0.00090053
-0.000893662
-0.000859505
-0.00080253
-0.000726564
-0.000635067
-0.000531924
-0.000422341
-0.000312204
-0.000206313
-0.000107694
-1.85456e-05
5.89141e-05
0.000122565
0.000170447
0.000200259
0.000209394
0.000196094
0.000160618
0.000105251
3.34181e-05
-5.12988e-05
-0.000145821
-0.000247736
-0.000354756
-0.000463641
-0.000569091
-0.000663205
-0.000736004
-0.000777289
-0.000779191
-0.000738151
-0.00065542
-0.000536191
-0.000387902
-0.000218216
-3.33852e-05
0.000162163
0.000364905
0.000570779
0.000774057
0.000966874
0.00113964
0.00128236
0.00138636
0.0014455
0.00145643
0.00141834
0.00133232
0.00120091
0.00102789
0.00081876
0.000581654
0.000327743
7.0587e-05
-0.000175488
-0.000397358
-0.000585081
-0.000733574
-0.000843177
-0.000918333
-0.000964933
-0.00098789
-0.000989731
-0.000970175
-0.000926923
-0.000857866
-0.000763497
-0.00064775
-0.000517176
-0.000379822
-0.000244197
-0.000117745
-5.23902e-06
9.15323e-05
0.000172567
0.000238193
0.000288241
0.000321777
0.000337306
0.000333518
0.000310125
0.000268152
0.000209682
0.000137549
5.51479e-05
-3.37467e-05
-0.00012499
-0.000213747
-0.000294235
-0.000360164
-0.000405999
-0.000428519
-0.000428072
-0.000408912
-0.000377996
-0.000342501
-0.000307651
-0.000276271
-0.00024967
-0.000228492
-0.000213114
-0.000204007
-0.000201969
-0.000207846
-0.000221927
-0.000243575
-0.00027112
-0.000301872
-0.000332399
-0.000359318
-0.000380146
-0.00039355
-0.000398855
-0.000395328
-0.000381686
-0.000355815
-0.000314668
-0.000314668
-0.000254671
-0.000172962
-6.92725e-05
5.23249e-05
0.000182712
0.000308814
0.000416567
0.000494779
0.000538054
0.000547526
0.00052969
0.000494248
0.000451205
0.00040759
0.0003655
0.000322898
0.000276347
0.00022357
0.000164949
0.000104086
4.71388e-05
7.36622e-07
-3.04102e-05
-4.47595e-05
-4.37866e-05
-3.10748e-05
-1.10306e-05
1.25816e-05
3.76709e-05
6.38179e-05
9.14244e-05
0.000120746
0.000151296
0.000181696
0.000210007
0.000234424
0.000253965
0.000268744
0.000279814
0.000288729
0.000296886
0.000304738
0.000311349
0.000314644
0.00031221
0.000302191
0.000283906
0.000258071
0.000226597
0.000192008
0.00015664
0.000121985
8.85662e-05
5.62956e-05
2.49801e-05
-5.32287e-06
-3.41159e-05
-6.04513e-05
-8.31166e-05
-0.000100851
-0.000112419
-0.000116658
-0.000112728
-0.000100582
-8.1615e-05
-5.96164e-05
-4.18735e-05
-3.92459e-05
-6.38986e-05
-0.000124986
-0.000224487
-0.000355416
-0.000503113
-0.000649072
-0.000775942
-0.00087156
-0.000930389
-0.000952747
-0.000943111
-0.0009076
-0.000850662
-0.000772808
-0.000671417
-0.000543822
-0.000390094
-0.000214315
-2.45768e-05
0.000168291
0.000353193
0.000521199
0.000666558
0.000786227
0.000878699
0.000942533
0.000975012
0.000971922
0.000929099
0.000845014
0.000722772
0.000570572
0.000400673
0.000227217
6.32531e-05
-8.21326e-05
-0.000205104
-0.000306088
-0.00038727
-0.000449813
-0.000491706
-0.000507159
-0.000488328
-0.000428671
-0.00032591
-0.000183219
-8.80714e-06
0.000185646
0.000387461
0.000585264
0.000769233
0.000928653
0.0010485
0.0011081
0.00108418
0.0009585
0.000727106
0.000406
2.93942e-05
-0.000359562
-0.000721175
-0.0010288
-0.0012725
-0.00145762
-0.00159926
-0.00171293
-0.00180418
-0.00186357
-0.00187064
-0.00180369
-0.00164948
-0.00140965
-0.00110193
-0.000754638
-0.000396774
-4.94843e-05
0.000277297
0.00058342
0.000874116
0.00115403
0.00142184
0.00166802
0.00187664
0.00202979
0.00211221
0.00211421
0.00203205
0.00186754
0.00162838
0.00132889
0.000988555
0.000628306
0.000267172
-7.86405e-05
-0.000395782
-0.000674281
-0.000907502
-0.00109096
-0.00122163
-0.00129832
-0.00132167
-0.00129351
-0.00121699
-0.00109758
-0.000943079
-0.000761969
-0.000562205
-0.000351161
-0.000136023
7.61119e-05
0.000278129
0.000462573
0.00062172
0.000748592
0.000838544
0.000890512
0.000907246
0.00089431
0.000857788
0.000800928
0.000720916
0.000608054
0.000449342
0.000236155
-2.75313e-05
-0.000321738
-0.000614989
-0.000873973
-0.00107213
-0.00119403
-0.00123681
-0.00120928
-0.00112677
-0.00100331
-0.000846605
-0.000658887
-0.000441469
-0.000200343
4.92451e-05
0.000282216
0.000469407
0.000587452
0.000627178
0.000596125
0.000514406
0.000406507
0.000293117
0.000185826
8.55153e-05
-1.49969e-05
-0.000124141
-0.000243782
-0.000365237
-0.000470843
-0.000539211
-0.00055197
-0.000500109
-0.000387007
-0.000226321
-3.64798e-05
0.00016473
0.000363684
0.000552183
0.000726211
0.000882636
0.00101596
0.00111733
0.00117627
0.00118374
0.00113517
0.00103219
0.000882216
0.000696046
0.000484999
0.000259524
2.96532e-05
-0.000193957
-0.000399518
-0.000574351
-0.000705872
-0.000783297
-0.000799753
-0.000754412
-0.000654129
-0.000513188
-0.000349971
-0.000181642
-1.99394e-05
0.000129917
0.000267577
0.00039442
0.000509925
0.000609006
0.000681943
0.000716979
0.000703998
0.000637836
0.00052056
0.000361873
0.000176836
-1.82194e-05
-0.000209429
-0.000387296
-0.000546551
-0.00068428
-0.000797201
-0.000879739
-0.000924175
-0.000922547
-0.000869037
-0.000761992
-0.000605158
-0.000407852
-0.000184044
4.93255e-05
0.000274403
0.000474419
0.000635107
0.000745335
0.000797523
0.000788515
0.000720551
0.000601225
0.000442089
0.000256525
5.7166e-05
-0.000146969
-0.000352022
-0.000557464
-0.000761577
-0.000957624
-0.00113278
-0.00126942
-0.00134829
-0.00135337
-0.00127652
-0.0011191
-0.000890928
-0.000607908
-0.000288925
4.81502e-05
0.000389254
0.000723701
0.00104144
0.00133073
0.00157756
0.0017666
0.00188342
0.00191777
0.00186651
0.00173459
0.00153359
0.00127891
0.000986828
0.000986828
0.000672463
0.00034894
2.76012e-05
-0.00028114
-0.00056691
-0.000819047
-0.00102722
-0.00118274
-0.00127982
-0.00131629
-0.0012936
-0.00121605
-0.00108934
-0.000918924
-0.000709657
-0.000466733
-0.000197161
8.94548e-05
0.000380956
0.00066309
0.00092041
0.00113783
0.00130245
0.00140492
0.00144005
0.00140688
0.00130832
0.00115029
0.000940404
0.000686907
0.000398737
8.66368e-05
-0.000235649
-0.000551205
-0.000841187
-0.00108711
-0.00127332
-0.00138894
-0.00142887
-0.00139371
-0.00128873
-0.00112228
-0.000904838
-0.000648898
-0.00036911
-8.19061e-05
0.000195222
0.000444674
0.00065022
0.000799089
0.000883933
0.000903718
0.000863192
0.000771328
0.000639388
0.000478967
0.00030026
0.000111348
-8.08894e-05
-0.000268991
-0.00044401
-0.000596123
-0.000715946
-0.000796022
-0.000832641
-0.00082746
-0.000787539
-0.000723224
-0.000644863
-0.000559995
-0.000472235
-0.000382079
-0.000288699
-0.000191586
-9.17529e-05
7.49951e-06
0.000100821
0.000182317
0.000247378
0.000293699
0.000321344
0.000332235
0.000329193
0.000314744
0.000290278
0.000255966
0.000211211
0.000155233
8.76217e-05
8.87091e-06
-7.92451e-05
-0.000173713
-0.00027081
-0.000366893
-0.000459058
-0.000545128
-0.000622746
-0.00068819
-0.000736153
-0.000760929
-0.000758105
-0.000725688
-0.000664542
-0.000578463
-0.000473792
-0.000358259
-0.000239356
-0.000123051
-1.34106e-05
8.70263e-05
0.000176575
0.00025369
0.00031645
0.000362566
0.000390012
0.000397776
0.000386234
0.00035717
0.00031364
0.00025959
0.000199161
0.000136004
7.3115e-05
1.3163e-05
-4.11395e-05
-8.69038e-05
-0.000121174
-0.000141242
-0.000145153
-0.000132204
-0.000103104
-5.97442e-05
-4.72744e-06
5.9162e-05
0.00012948
0.000204485
0.000283171
0.000365051
0.000449881
0.000537376
0.000626821
0.000716667
0.000804333
0.000886052
0.00095628
0.00100678
0.00102658
0.00100379
0.000928799
0.000797223
0.000611293
0.00037996
0.000117848
-0.000157043
-0.000426361
-0.000673792
-0.000886114
-0.00105384
-0.00117217
-0.00124109
-0.00126384
-0.00124447
-0.00118684
-0.00109468
-0.000971367
-0.000819396
-0.000640977
-0.000439662
-0.000221313
6.06415e-06
0.000232589
0.000446868
0.000637367
0.000794276
0.000910191
0.000979616
0.000998931
0.000967168
0.000886349
0.000760863
0.000596881
0.000402304
0.000186551
-4.02304e-05
-0.000267978
-0.000487143
-0.000688997
-0.000865989
-0.00101178
-0.00112082
-0.0011878
-0.00120755
-0.00117519
-0.00108697
-0.000941782
-0.000743163
-0.000500491
-0.000228358
5.54814e-05
0.000332809
0.000587728
0.00080872
0.000988726
0.00112314
0.00120767
0.00123793
0.00121084
0.00112639
0.00098894
0.000807487
0.000594803
0.00036545
0.000133167
-9.14309e-05
-0.000301779
-0.000494514
-0.00066758
-0.000818254
-0.000941582
-0.00102989
-0.00107404
-0.00106603
-0.00100134
-0.000880347
-0.000709227
-0.000499884
-0.000267967
-2.9347e-05
0.000202875
0.000419454
0.000614501
0.000784048
0.000924027
0.00102867
0.00109071
0.00110348
0.00106328
0.000970828
0.000831592
0.000655009
0.000452925
0.000237768
2.12105e-05
-0.000186488
-0.000376592
-0.000541546
-0.000674475
-0.000769115
-0.000820555
-0.000826466
-0.000788087
-0.000710421
-0.000601555
-0.000471212
-0.000328769
-0.000181471
-3.37163e-05
0.000112434
0.000256091
0.000396195
0.00053013
0.000652925
0.000757908
0.000838527
0.000889885
0.000909223
0.000895947
0.000851685
0.000779916
0.00068497
0.000571143
0.000442587
0.000303657
0.00015907
1.37769e-05
-0.000127273
-0.000259293
-0.000377612
-0.000477443
-0.000553771
-0.000601781
-0.000617688
-0.000599408
-0.000546819
-0.000461925
-0.00034898
-0.000214219
-6.50863e-05
9.05568e-05
0.00024503
0.00039151
0.000524691
0.000640854
0.000737234
0.000811337
0.00086068
0.000882765
0.000875034
0.000834821
0.000759419
0.000646474
0.000495175
0.000308195
9.31221e-05
-0.000138153
-0.00037186
-0.000594747
-0.000795382
-0.000964887
-0.0010975
-0.00119025
-0.00124146
-0.00124954
-0.00121289
-0.0011307
-0.0010039
-0.000836067
-0.000633764
-0.00040583
-0.000161863
8.87106e-05
0.000336218
0.000336218
0.00056944
0.000774749
0.000936793
0.00104113
0.00107819
0.00104679
0.000955088
0.000818256
0.000654651
0.000482047
0.000314201
0.000158057
1.3298e-05
-0.000125314
-0.000264694
-0.000410567
-0.000564349
-0.000720326
-0.000865622
-0.00098341
-0.00105673
-0.00107146
-0.00101956
-0.000902288
-0.000730214
-0.000519362
-0.000286855
-4.89354e-05
0.000179962
0.000388604
0.000569471
0.000717275
0.000827379
0.000895967
0.000920981
0.000902276
0.000841459
0.000742264
0.000610831
0.000454998
0.000283164
0.000103766
-7.47007e-05
-0.000243875
-0.000396041
-0.000524382
-0.000622825
-0.000685994
-0.000709649
-0.000691345
-0.000630897
-0.000530482
-0.000394275
-0.000227626
-3.62788e-05
0.000173537
0.0003937
0.000612227
0.000812389
0.000974217
0.00107807
0.00110849
0.00105688
0.000923048
0.000715845
0.000452288
0.000154266
-0.000155818
-0.000458253
-0.000737483
-0.000982654
-0.00118706
-0.00134587
-0.00145367
-0.00150412
-0.00149188
-0.00141452
-0.00127326
-0.00107357
-0.000825549
-0.000542841
-0.000240229
6.8256e-05
0.000369736
0.000651695
0.000900608
0.00110089
0.00123579
0.00129107
0.00125965
0.001144
0.000954987
0.000708749
0.000423778
0.000118346
-0.00019162
-0.000493152
-0.000774868
-0.00102504
-0.00123065
-0.0013775
-0.00145147
-0.00144116
-0.00134128
-0.00115482
-0.000892716
-0.000571425
-0.000209659
0.000174353
0.000564016
0.000943767
0.00129771
0.00160881
0.0018592
0.00203143
0.00211024
0.00208497
0.0019524
0.00171861
0.0013986
0.00101354
0.000587255
0.000143882
-0.00029327
-0.000702679
-0.0010656
-0.00136627
-0.00159136
-0.00173002
-0.00177522
-0.00172554
-0.00158622
-0.00136929
-0.00109237
-0.000776192
-0.000441094
-0.000104281
0.000221152
0.000525392
0.000800429
0.00103894
0.00123363
0.00137666
0.00145974
0.00147554
0.00142003
0.00129404
0.00110328
0.000857818
0.000571117
0.000258307
-6.58904e-05
-0.000388364
-0.00069752
-0.000982736
-0.00123391
-0.0014409
-0.0015931
-0.00167982
-0.001692
-0.00162454
-0.00147838
-0.00126104
-0.000985507
-0.000668024
-0.000325971
2.37277e-05
0.000365696
0.000686526
0.000974402
0.00121859
0.0014095
0.0015394
0.00160319
0.00159884
0.00152718
0.00139095
0.00119354
0.000938627
0.0006313
0.00028028
-0.000100283
-0.000490264
-0.000864601
-0.00119624
-0.00146072
-0.00164054
-0.0017271
-0.00171999
-0.0016252
-0.00145323
-0.00121685
-0.000929384
-0.000604579
-0.000257715
9.37694e-05
0.000431184
0.000736364
0.000993427
0.00119053
0.00132165
0.00138742
0.00139372
0.00134859
0.00125965
0.0011333
0.000975127
0.000790499
0.000585371
0.000367046
0.000144166
-7.44279e-05
-0.000281097
-0.000470042
-0.000637015
-0.00077868
-0.000892072
-0.000974149
-0.00102134
-0.00102958
-0.000995481
-0.000918172
-0.000800423
-0.000648282
-0.000469975
-0.000274861
-7.23865e-05
0.000128964
0.000322176
0.000501216
0.000659851
0.000790546
0.000884314
0.000931917
0.000926029
0.000863272
0.000745367
0.000579353
0.000377024
0.000153473
-7.51979e-05
-0.000294169
-0.000491308
-0.000657555
-0.000786787
-0.000875341
-0.000921248
-0.000923824
-0.000884209
-0.000806064
-0.000695035
-0.000557108
-0.000397477
-0.000220668
-3.10788e-05
0.000166669
0.000367146
0.000563302
0.000746329
0.000906494
0.00103413
0.00112045
0.00115877
0.00114617
0.00108414
0.000977902
0.00083524
0.000665865
0.00048087
0.0002916
0.000108379
-6.02412e-05
-0.000207902
-0.000331073
-0.000429557
-0.000506014
-0.000564465
-0.000608698
-0.000641256
-0.000662875
-0.000672244
-0.000666575
-0.000642984
-0.000599576
-0.000535455
-0.000450529
-0.00034619
-0.000226187
-9.62274e-05
3.74349e-05
0.000168821
0.000291979
0.000400721
0.000488897
0.000550648
0.000580481
0.000573843
0.000528345
0.000444903
0.00032818
0.000186324
3.01352e-05
-0.000128255
-0.000277068
-0.000406636
-0.000510543
-0.000585417
-0.000629697
-0.000642701
-0.000624654
-0.000577088
-0.00050299
-0.000406892
-0.000294978
-0.000174757
-5.41178e-05
5.97302e-05
0.000160886
0.000244886
0.000308611
0.000350325
0.000369909
0.000369909
0.000368973
0.0003506
0.000318815
0.000278073
0.000232823
0.00018708
0.000144075
0.000106172
7.5102e-05
5.22633e-05
3.87597e-05
3.52041e-05
4.15049e-05
5.66007e-05
7.80111e-05
0.00010148
0.000121198
0.000130617
0.000123459
9.46755e-05
4.14281e-05
-3.58359e-05
-0.000132351
-0.000238711
-0.000342235
-0.000430102
-0.000492586
-0.000524517
-0.000524816
-0.000495411
-0.000440142
-0.000363376
-0.000268611
-0.00015826
-3.50159e-05
9.63885e-05
0.000228575
0.000352523
0.000459564
0.000543431
0.000601549
0.000634895
0.000646405
0.000638814
0.00061322
0.000569004
0.000504737
0.000419546
0.000314639
0.000194491
6.67641e-05
-5.93302e-05
-0.000175344
-0.00027544
-0.000357268
-0.000421711
-0.000471461
-0.000509065
-0.000535479
-0.000549663
-0.000548907
-0.000529684
-0.000488956
-0.0004255
-0.00034056
-0.000237668
-0.000122074
-3.24035e-08
0.000122011
0.000237904
0.000341448
0.000425791
0.000483838
0.000509909
0.000501303
0.000458697
0.000385753
0.000288567
0.00017481
5.24171e-05
-7.14914e-05
-0.000190928
-0.000300971
-0.000397776
-0.000478433
-0.000540432
-0.000581205
-0.0005983
-0.000590004
-0.000555814
-0.000496568
-0.000414555
-0.000313823
-0.00020031
-8.13907e-05
3.52005e-05
0.000142691
0.000236449
0.000314596
0.000377791
0.000428325
0.000469063
0.000502501
0.000530067
0.000551993
0.000567836
0.000577047
0.000578997
0.00057278
0.000557316
0.000531636
0.000494911
0.000446379
0.000385536
0.000312599
0.000228779
0.000136174
3.7499e-05
-6.39882e-05
-0.000164459
-0.00025975
-0.000345827
-0.000419013
-0.000475816
-0.000512765
-0.000526688
-0.000515376
-0.000478244
-0.000416561
-0.000333193
-0.000232174
-0.000118416
2.49572e-06
0.000124543
0.000241434
0.000346603
0.000433304
0.000495106
0.000526751
0.000524983
0.000488927
0.000419916
0.000321076
0.000196969
5.32621e-05
-0.000103583
-0.000266384
-0.000427025
-0.000576407
-0.000705058
-0.000804325
-0.000867636
-0.000891206
-0.000874051
-0.00081762
-0.000725424
-0.000602643
-0.000455671
-0.000291899
-0.000119846
5.07799e-05
0.000209621
0.000346808
0.000454246
0.000526552
0.000561475
0.000559903
0.000525447
0.000463386
0.000379215
0.000277604
0.000162289
3.64757e-05
-9.67523e-05
-0.000233909
-0.000370425
-0.000500338
-0.000616773
-0.000712871
-0.000782629
-0.000821594
-0.000827498
-0.000800493
-0.000742717
-0.000657549
-0.000549168
-0.00042249
-0.000283064
-0.000136807
1.02409e-05
0.000152066
0.000283008
0.000398372
0.000495113
0.000572337
0.000631472
0.00067582
0.000709167
0.000733779
0.00074906
0.000751929
0.000738448
0.000705326
0.000650796
0.000575411
0.000482606
0.000377946
0.000266968
0.000153274
3.82996e-05
-7.74767e-05
-0.000192932
-0.000305041
-0.000408467
-0.000496223
-0.000561075
-0.000597081
-0.00060087
-0.000572316
-0.000514267
-0.000431563
-0.000329896
-0.000214886
-9.14958e-05
3.59808e-05
0.000163417
0.000286286
0.000399506
0.000497717
0.000575701
0.000628762
0.000653102
0.00064628
0.000607659
0.000538684
0.000442928
0.000325934
0.000194864
5.79943e-05
-7.5973e-05
-0.000198916
-0.000304405
-0.000388283
-0.000448505
-0.000484776
-0.000498383
-0.000491835
-0.000468067
-0.000429727
-0.000379024
-0.000317769
-0.000247196
-0.000167909
-8.0413e-05
1.40453e-05
0.000112944
0.00021234
0.000306754
0.000389193
0.000451861
0.000487662
0.000491703
0.000462078
0.000400124
0.000310566
0.000201192
8.15699e-05
-3.87076e-05
-0.00015128
-0.000249709
-0.000330048
-0.00039094
-0.000432626
-0.000455464
-0.00045929
-0.000443787
-0.000408866
-0.000354837
-0.00028292
-0.000195966
-9.84571e-05
4.30977e-06
0.00010703
0.000204835
0.000293651
0.000370471
0.000433194
0.000480153
0.000509881
0.000521278
0.0005139
0.000488184
0.000445635
0.000388918
0.000321694
0.000248181
0.000172656
9.90903e-05
3.09598e-05
-2.87768e-05
-7.76064e-05
-0.000113439
-0.000134804
-0.000141275
-0.000133888
-0.000115183
-8.87318e-05
-5.83458e-05
-2.74354e-05
1.25571e-06
2.57025e-05
4.46858e-05
5.78886e-05
6.584e-05
6.97233e-05
7.11408e-05
7.17407e-05
7.2522e-05
7.29364e-05
7.03396e-05
6.03472e-05
3.80281e-05
3.80281e-05
-6.6525e-07
-5.75999e-05
-0.000131323
-0.000216547
-0.000305047
-0.000387719
-0.000456425
-0.000504908
-0.000529226
-0.000527825
-0.000500747
-0.000448329
-0.000370804
-0.000269307
-0.000147259
-1.11315e-05
0.000129575
0.000263175
0.000377664
0.000463318
0.000514956
0.00053268
0.000520574
0.00048411
0.000427832
0.000354205
0.000263498
0.000154674
2.7466e-05
-0.000115156
-0.000265643
-0.0004123
-0.000541083
-0.000638405
-0.000694402
-0.000705185
-0.000672957
-0.000604375
-0.000508269
-0.000393271
-0.000265889
-0.000129984
1.21222e-05
0.00015794
0.000303652
0.000443688
0.000570914
0.000677614
0.000757048
0.000804583
0.000817702
0.000795284
0.000737026
0.000643257
0.000515137
0.0003554
0.000169588
-3.31386e-05
-0.000240554
-0.000439148
-0.000616136
-0.000761193
-0.000867901
-0.000934354
-0.00096219
-0.000954487
-0.000914018
-0.000842595
-0.000741095
-0.000610043
-0.000450931
-0.000267672
-6.70392e-05
0.000142058
0.000349627
0.000545579
0.000720757
0.000867606
0.000979963
0.0010524
0.0010802
0.0010602
0.000991618
0.000876306
0.000718783
0.000526337
0.000308696
7.69567e-05
-0.000157738
-0.000385073
-0.000595858
-0.000781926
-0.00093576
-0.00105006
-0.00111772
-0.00113252
-0.00109027
-0.000989987
-0.000834617
-0.000631176
-0.000390018
-0.000123612
0.000154428
0.000429728
0.000687444
0.000913053
0.00109347
0.00121805
0.00127944
0.00127442
0.00120443
0.00107517
0.000895238
0.000674658
0.000424024
0.00015413
-0.000124186
-0.000400014
-0.00066211
-0.000898864
-0.00109901
-0.0012528
-0.00135309
-0.00139595
-0.00138112
-0.00131177
-0.00119377
-0.00103459
-0.000842319
-0.0006252
-0.000391578
-0.000150291
8.896e-05
0.00031567
0.000519163
0.000689686
0.000819663
0.000904682
0.000943768
0.000938857
0.000893778
0.000813174
0.00070174
0.000563943
0.000404205
0.000227375
3.93583e-05
-0.000152388
-0.000338962
-0.000510893
-0.000659246
-0.000776301
-0.000855758
-0.000892844
-0.000884437
-0.000829122
-0.000727218
-0.000581034
-0.000395317
-0.000177548
6.227e-05
0.000312221
0.000559262
0.000790223
0.000993189
0.00115877
0.00128048
0.00135414
0.00137725
0.00134883
0.00126952
0.00114158
0.000968965
0.000757469
0.000514668
0.000249686
-2.71546e-05
-0.000304747
-0.000571758
-0.00081721
-0.00103087
-0.00120356
-0.00132759
-0.00139752
-0.00141055
-0.0013666
-0.00126804
-0.00111965
-0.000928563
-0.000703765
-0.000455258
-0.000193164
7.28354e-05
0.000333695
0.000580928
0.000806463
0.00100263
0.00116235
0.00127954
0.00134935
0.00136851
0.00133554
0.00125097
0.00111724
0.000938645
0.000721459
0.000474292
0.000207996
-6.51897e-05
-0.00033292
-0.000583759
-0.000807726
-0.000996672
-0.00114449
-0.00124672
-0.00129966
-0.00129968
-0.00124351
-0.00112948
-0.000958992
-0.000737614
-0.000474927
-0.000183515
0.000122345
0.000427924
0.000719254
0.000984033
0.00121174
0.0013931
0.00151963
0.00158399
0.00158088
0.00150803
0.00136682
0.00116256
0.000904387
0.000604579
0.000277254
-6.30469e-05
-0.000402418
-0.000728047
-0.00102822
-0.00129219
-0.00151023
-0.00167395
-0.00177687
-0.00181484
-0.00178623
-0.00169186
-0.00153484
-0.00132057
-0.00105655
-0.000752127
-0.0004181
-6.6553e-05
0.000289278
0.000635431
0.00095794
0.0012435
0.00148007
0.00165766
0.00176911
0.00181021
0.00177928
0.00167673
0.00150548
0.00127196
0.000986703
0.000664034
0.000320789
-2.52985e-05
-0.000357126
-0.00065971
-0.000921485
-0.0011348
-0.00129529
-0.00140078
-0.00145005
-0.00144201
-0.00137535
-0.00124945
-0.00106608
-0.000830716
-0.000552844
-0.000245558
7.54052e-05
0.000393485
0.000693503
0.000963021
0.00119243
0.00137449
0.00150394
0.00157693
0.00159036
0.00154186
0.0014306
0.0012585
0.00103122
0.000758471
0.000453373
0.000130999
-0.000193181
-0.000504543
-0.000790164
-0.00103925
-0.00124306
-0.00139459
-0.00148848
-0.00152134
-0.00149232
-0.00140361
-0.00126055
-0.00107146
-0.000846908
-0.000598586
-0.000338092
-7.61588e-05
0.00017757
0.000414342
0.000625951
0.000804466
0.000942336
0.000942336
0.00103306
0.00107215
0.00105783
0.000991333
0.000876897
0.000721534
0.000534383
0.000325732
0.000106191
-0.000113741
-0.000323912
-0.000514819
-0.00067788
-0.000805712
-0.000892556
-0.000934889
-0.000931943
-0.000885816
-0.000801141
-0.000684476
-0.00054357
-0.000386613
-0.000221625
-5.61908e-05
0.000102455
0.0002473
0.000371743
0.000470121
0.000538271
0.000573887
0.000576641
0.000548046
0.000491001
0.000409093
0.000305978
0.000185173
5.03098e-05
-9.43889e-05
-0.000243778
-0.000391768
-0.000531574
-0.000656276
-0.000759649
-0.000836924
-0.00088502
-0.000902246
-0.000887892
-0.000841971
-0.000765003
-0.000657789
-0.000521384
-0.000357576
-0.000169875
3.55136e-05
0.000249545
0.00046137
0.00065995
0.00083543
0.000980013
0.00108831
0.00115698
0.00118387
0.00116743
0.00110699
0.00100367
0.000861053
0.000685563
0.000486308
0.000274442
6.19706e-05
-0.000139764
-0.000321502
-0.000476863
-0.000602394
-0.000697221
-0.000762505
-0.000800468
-0.000813138
-0.000801621
-0.000766378
-0.000707951
-0.000627339
-0.000526088
-0.000406483
-0.000271784
-0.000126118
2.58208e-05
0.000178853
0.000327245
0.000464999
0.000586579
0.000687551
0.000764679
0.000815707
0.000839182
0.000834326
0.000800769
0.000738436
0.00064794
0.000531324
0.000392632
0.000237955
7.49169e-05
-8.82639e-05
-0.000243704
-0.000384399
-0.000504421
-0.000599003
-0.000664477
-0.000698115
-0.000698119
-0.000663923
-0.000596619
-0.000499211
-0.00037659
-0.000235238
-8.27432e-05
7.27645e-05
0.000223226
0.000361262
0.000480597
0.000576189
0.000644196
0.000681966
0.000688088
0.00066247
0.000606453
0.000522932
0.000416386
0.000292647
0.000158373
2.0342e-05
-0.000115195
-0.00024295
-0.000358785
-0.000459656
-0.000543338
-0.000608096
-0.000652565
-0.000675934
-0.000678219
-0.000660401
-0.000624406
-0.00057294
-0.000509038
-0.000435219
-0.000352529
-0.000260208
-0.00015663
-4.12181e-05
8.39134e-05
0.000213684
0.000341001
0.000458135
0.000558161
0.000636338
0.000690826
0.000722136
0.000731728
0.000720677
0.000689006
0.000635793
0.000560141
0.000462669
0.000346723
0.00021862
8.67944e-05
-3.97822e-05
-0.000153336
-0.000248501
-0.000322633
-0.000375344
-0.000407672
-0.000421202
-0.000417428
-0.000397646
-0.000363425
-0.000317219
-0.000262596
-0.000203915
-0.000145656
-9.15746e-05
-4.38733e-05
-2.86521e-06
3.24179e-05
6.29534e-05
8.87235e-05
0.000108545
0.000120463
0.000122308
0.000112405
9.0352e-05
5.73899e-05
1.60146e-05
-3.08294e-05
-8.04449e-05
-0.000130752
-0.000180335
-0.000228137
-0.000272898
-0.000312622
-0.00034446
-0.000365116
-0.000371553
-0.000361591
-0.000334175
-0.000289361
-0.000228258
-0.000152985
-6.66246e-05
2.68602e-05
0.000122702
0.000215431
0.000299226
0.000368717
0.000419979
0.000451037
0.000461651
0.000452817
0.000426382
0.000384642
0.000329864
0.000264081
0.000189385
0.000108319
2.4013e-05
-5.99012e-05
-0.000139555
-0.000211376
-0.000272771
-0.000322533
-0.000360694
-0.000388008
-0.000405407
-0.000413676
-0.000413342
-0.00040464
-0.000387469
-0.000361402
-0.000325912
-0.000280741
-0.000226225
-0.000163416
-9.40972e-05
-2.07437e-05
5.36507e-05
0.00012599
0.000193533
0.000254032
0.000305546
0.00034627
0.000374545
0.00038893
0.000388285
0.000372016
0.000340358
0.000294459
0.000236145
0.000167559
9.08444e-05
8.04112e-06
-7.87491e-05
-0.000166987
-0.000253284
-0.00033311
-0.000400693
-0.000449299
-0.000472127
-0.000463958
-0.000422934
-0.000351437
-0.000255654
-0.000144476
-2.82229e-05
8.29833e-05
0.000181091
0.000261136
0.000320775
0.000359259
0.00037693
0.000375135
0.000355957
0.000321921
0.000276073
0.000222157
0.000164367
0.00010673
5.27015e-05
5.18885e-06
-3.33132e-05
-6.08283e-05
-7.6122e-05
-7.88271e-05
-6.96432e-05
-5.07895e-05
-2.6311e-05
-1.66269e-06
1.74076e-05
2.61373e-05
2.16734e-05
3.35615e-06
-2.75418e-05
-6.81115e-05
-0.000113895
-0.000159282
-0.000198609
-0.000227312
-0.000242281
-0.000241574
-0.000224245
-0.000190516
-0.000141941
-8.14132e-05
-1.31703e-05
5.72422e-05
0.00012347
0.000179492
0.000220792
0.000244721
0.000250051
0.000236483
0.000204442
0.000204442
0.000154806
8.84891e-05
6.40467e-06
-8.9993e-05
-0.000197999
-0.00031313
-0.000428778
-0.000536257
-0.000625597
-0.000687004
-0.000712403
-0.000696664
-0.000638377
-0.000539852
-0.00040605
-0.000242962
-5.66167e-05
0.000146861
0.000360788
0.000577546
0.000788009
0.000980775
0.00114209
0.00125728
0.00131335
0.00130174
0.00121991
0.00107093
0.000862041
0.000603099
0.000305347
-1.96677e-05
-0.000360584
-0.000705507
-0.00104044
-0.00134825
-0.00160927
-0.00180388
-0.00191589
-0.00193534
-0.00185966
-0.00169349
-0.00144738
-0.00113566
-0.000774
-0.000378026
3.64127e-05
0.000452094
0.000849832
0.00120918
0.00151015
0.00173538
0.00187245
0.00191586
0.00186781
0.00173726
0.00153758
0.00128399
0.000991543
0.000674284
0.000345148
1.65729e-05
-0.000298674
-0.000587206
-0.000835818
-0.0010329
-0.00116949
-0.00123966
-0.001241
-0.00117478
-0.0010457
-0.000860975
-0.000629684
-0.00036274
-7.28819e-05
0.000225597
0.000517212
0.00078579
0.00101551
0.00119248
0.00130617
0.00135022
0.00132281
0.0012267
0.00106871
0.000858615
0.000607764
0.000328301
3.28703e-05
-0.000265616
-0.000554464
-0.000821737
-0.00105665
-0.00125003
-0.00139492
-0.00148714
-0.00152522
-0.00150989
-0.00144359
-0.0013303
-0.0011755
-0.000986108
-0.000770417
-0.000537966
-0.000298792
-6.2198e-05
0.000164276
0.000375031
0.00056581
0.000732866
0.000872433
0.000980664
0.00105382
0.00108855
0.00108237
0.0010345
0.000946437
0.000821765
0.000665611
0.000484323
0.000285514
7.80673e-05
-0.000128136
-0.00032254
-0.000494104
-0.000631752
-0.000725618
-0.000768866
-0.000759041
-0.00069843
-0.000593822
-0.00045584
-0.00029731
-0.000130795
3.33766e-05
0.00018756
0.000326266
0.000445603
0.000542726
0.000614993
0.00065929
0.000672209
0.000650886
0.000593775
0.000501183
0.000375809
0.000223124
5.10135e-05
-0.000131312
-0.000314474
-0.000489763
-0.000649821
-0.000789153
-0.00090403
-0.000991674
-0.00104914
-0.00107244
-0.00105638
-0.000995373
-0.000885291
-0.00072531
-0.000519107
-0.00027519
-6.24808e-06
0.000272666
0.000546551
0.000802066
0.00102786
0.0012144
0.00135391
0.00144016
0.00146827
0.00143523
0.00134145
0.00119198
0.00099662
0.000768788
0.000523728
0.000276585
4.0739e-05
-0.000173235
-0.000357655
-0.000506869
-0.000616139
-0.000681155
-0.000698397
-0.000665873
-0.00058396
-0.000456296
-0.000290334
-9.69648e-05
0.00011066
0.000318433
0.000512243
0.000678602
0.000805099
0.000880872
0.000897363
0.000849357
0.000735827
0.000560228
0.00033059
6.00328e-05
-0.000232843
-0.000525263
-0.000793709
-0.00101766
-0.00118163
-0.00127565
-0.00129513
-0.0012406
-0.00111655
-0.000929967
-0.000689731
-0.000407333
-9.77276e-05
0.000220999
0.0005292
0.000807579
0.00103889
0.00120956
0.00131098
0.00133988
0.00129751
0.00118857
0.00102079
0.000804962
0.000554844
0.0002862
1.53994e-05
-0.00024174
-0.00047052
-0.000657806
-0.000792793
-0.000867795
-0.000878658
-0.000824953
-0.00071015
-0.000541556
-0.000329771
-8.77406e-05
0.00017037
0.000430261
0.000678311
0.000902181
0.00109133
0.00123739
0.00133417
0.00137741
0.00136476
0.00129583
0.00117222
0.000997245
0.00077583
0.000514497
0.000221522
-9.31598e-05
-0.000418291
-0.000741706
-0.00105089
-0.00133375
-0.00157917
-0.00177702
-0.00191793
-0.00199382
-0.00199923
-0.00193243
-0.0017958
-0.00159532
-0.00134021
-0.0010423
-0.000715133
-0.000372903
-2.96611e-05
0.000300868
0.000605246
0.000870516
0.00108486
0.00123863
0.00132538
0.00134264
0.00129223
0.00117982
0.00101399
0.000805033
0.000563953
0.000301862
2.98348e-05
-0.000240947
-0.000498967
-0.000732413
-0.00092973
-0.00108063
-0.00117715
-0.00121457
-0.00119199
-0.00111235
-0.000982016
-0.000809853
-0.000606221
-0.000382019
-0.000147916
8.60196e-05
0.000310303
0.000515979
0.000694815
0.000839655
0.000944728
0.00100605
0.00102195
0.00099348
0.000924256
0.000819956
0.000687643
0.000535184
0.000370805
0.000202772
3.91867e-05
-0.000112196
-0.000244239
-0.000350865
-0.000427624
-0.000427624
-0.000472233
-0.000484801
-0.000467586
-0.000424393
-0.000359964
-0.000279561
-0.000188642
-9.24595e-05
4.27474e-06
9.74369e-05
0.000183318
0.000258506
0.000319966
0.000365169
0.000392125
0.00039937
0.000386111
0.000352446
0.000299463
0.000229224
0.000144935
5.12508e-05
-4.56905e-05
-0.000138749
-0.000220593
-0.000284687
-0.000326373
-0.00034363
-0.000336974
-0.000308625
-0.000261721
-0.000199915
-0.000127025
-4.66335e-05
3.785e-05
0.000122556
0.000202643
0.000272554
0.000326872
0.000361258
0.000373155
0.000362084
0.000329495
0.000278322
0.000212467
0.000136299
5.42397e-05
-2.94731e-05
-0.000110852
-0.000186224
-0.000252375
-0.000306756
-0.000347652
-0.000374253
-0.000386605
-0.000385397
-0.000371606
-0.000346214
-0.000310253
-0.000265091
-0.000212574
-0.000154915
-9.45388e-05
-3.39841e-05
2.4276e-05
7.80743e-05
0.000125603
0.000165211
0.000195146
0.00021345
0.000218106
0.000207416
0.000180504
0.000137764
8.11375e-05
1.39965e-05
-5.94429e-05
-0.000134975
-0.000209043
-0.00027891
-0.000342461
-0.000397749
-0.000442441
-0.00047351
-0.000487518
-0.000481383
-0.00045321
-0.000402887
-0.000332303
-0.000245115
-0.000146214
-4.11553e-05
6.43266e-05
0.0001647
0.000254877
0.000330305
0.000387096
0.000422348
0.00043453
0.000423616
0.000390864
0.000338461
0.000269254
0.000186564
9.38933e-05
-5.35652e-06
-0.000107931
-0.000210546
-0.000309767
-0.000402031
-0.000483683
-0.000551083
-0.000600885
-0.000630356
-0.000637536
-0.00062134
-0.000581822
-0.00052045
-0.000440034
-0.00034427
-0.000237298
-0.000123507
-7.3669e-06
0.000106887
0.000215551
0.00031556
0.000404415
0.000480045
0.000540617
0.000584391
0.0006098
0.000615715
0.00060166
0.000567855
0.000515233
0.000445519
0.000361185
0.000265153
0.000160468
5.02524e-05
-6.20688e-05
-0.000172581
-0.000276947
-0.000370715
-0.000449702
-0.000510378
-0.000550213
-0.000567859
-0.000563008
-0.000535988
-0.000487479
-0.000418607
-0.000331303
-0.000228603
-0.000114702
5.27917e-06
0.000125725
0.000241016
0.000346053
0.000436774
0.00051043
0.000565496
0.000601325
0.000617791
0.00061502
0.00059326
0.000552948
0.000494894
0.000420384
0.000331218
0.000229841
0.000119506
4.18164e-06
-0.000111901
-0.00022468
-0.000330359
-0.00042528
-0.000505831
-0.00056841
-0.000609354
-0.000625024
-0.000612328
-0.000569645
-0.000497623
-0.000399313
-0.000279592
-0.000144389
-1.05484e-07
0.000146837
0.000290385
0.000424885
0.000544689
0.000643811
0.000716176
0.000756497
0.000761388
0.000730137
0.000664836
0.000569929
0.000451494
0.000316402
0.0001715
2.30964e-05
-0.000123039
-0.000261422
-0.000386673
-0.000493537
-0.0005771
-0.000633258
-0.000659378
-0.000654833
-0.000621136
-0.000561614
-0.000480772
-0.000383563
-0.000274773
-0.00015865
-3.88808e-05
8.10831e-05
0.000197492
0.000305939
0.000401395
0.000478561
0.00053234
0.000558417
0.000553993
0.000518373
0.000453056
0.000361332
0.000247793
0.000117996
-2.17742e-05
-0.000164712
-0.000303583
-0.000430795
-0.000538787
-0.00062088
-0.000672148
-0.000689782
-0.000672909
-0.000622321
-0.000540292
-0.000430306
-0.000296684
-0.000144393
2.08265e-05
0.00019229
0.000362401
0.000522952
0.000665688
0.000783082
0.000869083
0.000919563
0.000932445
0.000907593
0.00084652
0.000752016
0.000627887
0.000479004
0.000311518
0.000132906
-4.84167e-05
-0.000223783
-0.000385041
-0.00052519
-0.000638819
-0.000722293
-0.000773634
-0.000792185
-0.000778232
-0.000732785
-0.000657583
-0.000555341
-0.000430097
-0.000287425
-0.00013425
2.16926e-05
0.000172511
0.00031071
0.000429634
0.000523797
0.000589024
0.000622436
0.000622453
0.00058889
0.000523092
0.000427949
0.000307811
0.000168374
1.65377e-05
-0.000139908
-0.000292785
-0.000434088
-0.000556437
-0.00065341
-0.00071974
-0.000751458
-0.000746079
-0.000702868
-0.000623136
-0.000510422
-0.000370397
-0.00021039
-3.86531e-05
0.000136314
0.000306147
0.000462821
0.00059894
0.000708175
0.000785633
0.000828035
0.000833793
0.000803186
0.000738588
0.000644436
0.000526772
0.000392532
0.00024889
0.000102737
-3.97532e-05
-0.00017341
-0.000294101
-0.000294101
-0.000398524
-0.000483947
-0.000548077
-0.00058906
-0.000605533
-0.000596774
-0.000562937
-0.000505215
-0.000425746
-0.000327458
-0.000214136
-9.05733e-05
3.76318e-05
0.000164604
0.00028458
0.000391983
0.000481522
0.000548566
0.000589576
0.000602365
0.000586228
0.000542022
0.000472124
0.000380187
0.000270797
0.000149178
2.09835e-05
-0.0001079
-0.000231628
-0.000344699
-0.000442194
-0.000519958
-0.000574841
-0.000604948
-0.000609764
-0.00059007
-0.000547719
-0.000485333
-0.000405957
-0.000312724
-0.00020871
-9.70536e-05
1.87406e-05
0.000134576
0.000245791
0.000347412
0.000434574
0.000503098
0.000550076
0.000574162
0.000575417
0.000554884
0.000514193
0.000455319
0.000380494
0.0002923
0.000193915
8.93199e-05
-1.67046e-05
-0.000118849
-0.000211745
-0.000290502
-0.000351161
-0.000390986
-0.000408612
-0.000404057
-0.000378555
-0.000334244
-0.000273909
-0.000200834
-0.000118702
-3.14648e-05
5.67245e-05
0.000141542
0.000218598
0.000283716
0.000333287
0.000364622
0.000376217
0.000367844
0.000340396
0.000295533
0.000235285
0.000161745
7.69692e-05
-1.68974e-05
-0.000117343
-0.000221227
-0.000324644
-0.000423001
-0.000511395
-0.000585128
-0.00064009
-0.000672946
-0.000681368
-0.000664353
-0.000622318
-0.000556812
-0.000470138
-0.000365211
-0.000245594
-0.000115492
2.03118e-05
0.000156513
0.00028736
0.000406866
0.000509218
0.000589334
0.000643424
0.000669342
0.000666676
0.000636654
0.000581967
0.000506475
0.00041485
0.000312224
0.000203942
9.53182e-05
-8.70436e-06
-0.000103905
-0.000186995
-0.000255639
-0.000308411
-0.000344687
-0.000364421
-0.000367944
-0.000356017
-0.000330078
-0.000292348
-0.00024565
-0.000193151
-0.000138145
-8.38051e-05
-3.29074e-05
1.23095e-05
5.00812e-05
7.90095e-05
9.8049e-05
0.000106621
0.000104796
9.34e-05
7.39224e-05
4.82521e-05
1.83945e-05
-1.37207e-05
-4.63521e-05
-7.80465e-05
-0.000107728
-0.000134666
-0.000158245
-0.000177699
-0.000191999
-0.000199931
-0.00020026
-0.000191966
-0.000174542
-0.000148229
-0.000114054
-7.36809e-05
-2.92516e-05
1.67752e-05
6.18376e-05
0.000103544
0.000139869
0.000169209
0.000190409
0.000202863
0.000206604
0.000202263
0.000190957
0.00017417
0.000153613
0.000130989
0.000107786
8.5268e-05
6.45909e-05
4.68363e-05
3.28893e-05
2.33005e-05
1.82153e-05
1.73352e-05
1.99223e-05
2.493e-05
3.12612e-05
3.80319e-05
4.47169e-05
5.1138e-05
5.73737e-05
6.36991e-05
7.05537e-05
7.84128e-05
8.75617e-05
9.79607e-05
0.000109307
0.000121136
0.000132782
0.000143259
0.000151228
0.000155099
0.000153233
0.000144189
0.000126994
0.000101383
6.78454e-05
2.74367e-05
-1.85455e-05
-6.8746e-05
-0.000121742
-0.000175962
-0.000229562
-0.00028019
-0.000324747
-0.000359465
-0.000380483
-0.000384748
-0.000370783
-0.000338947
-0.000291121
-0.000230233
-0.00015994
-8.44179e-05
-8.02509e-06
6.50486e-05
0.000130964
0.000186303
0.000228241
0.000254821
0.000265143
0.000259349
0.000238456
0.000204189
0.000158826
0.000104953
4.52443e-05
-1.75727e-05
-8.06096e-05
-0.000140818
-0.000195149
-0.0002407
-0.000274855
-0.000295498
-0.000301273
-0.000291713
-0.000267204
-0.000228871
-0.000178422
-0.000117926
-4.96303e-05
2.41149e-05
0.000100808
0.000177733
0.000251943
0.000320317
0.000379659
0.000426857
0.0004591
0.000474148
0.000470558
0.00044776
0.000405977
0.00034618
0.00027022
0.000181041
8.27252e-05
-1.9781e-05
-0.00012114
-0.000216121
-0.000300051
-0.000369244
-0.000421304
-0.000455112
-0.000470515
-0.000468016
-0.00044862
-0.0004137
-0.000364854
-0.000303906
-0.000233009
-0.000154674
-7.16961e-05
1.28404e-05
9.55135e-05
0.000172685
0.000240813
0.000296712
0.000337671
0.000361629
0.000367477
0.000355286
0.000326262
0.000282556
0.000227078
0.000163258
9.4698e-05
2.48557e-05
-4.30839e-05
-0.000106233
-0.000162037
-0.000208297
-0.000243135
-0.000264973
-0.000272637
-0.000265549
-0.000243858
-0.000208478
-0.000161059
-0.000103896
-3.97351e-05
2.84819e-05
9.78451e-05
0.000165628
0.000229386
0.000286984
0.000336527
0.000376212
0.000404216
0.000418711
0.000418056
0.000401104
0.000367486
0.000317722
0.000253248
0.000253248
0.000176464
9.07567e-05
3.13495e-07
-9.02589e-05
-0.000176312
-0.000253481
-0.000318077
-0.000367476
-0.000400212
-0.00041577
-0.000414332
-0.000396648
-0.000363867
-0.000317302
-0.000258385
-0.00018889
-0.00011116
-2.81572e-05
5.66222e-05
0.000139339
0.000216178
0.000283811
0.00033969
0.00038206
0.000409824
0.000422389
0.000419455
0.000400801
0.000366269
0.000316065
0.000251256
0.00017414
8.82741e-05
-1.90906e-06
-9.16549e-05
-0.000176414
-0.000252287
-0.000316342
-0.000366663
-0.000402074
-0.000421754
-0.000425026
-0.000411381
-0.000380718
-0.000333703
-0.000272081
-0.000198739
-0.000117501
-3.27453e-05
5.10639e-05
0.000129836
0.00020018
0.00025947
0.00030572
0.000337411
0.000353407
0.000352989
0.000335996
0.000303032
0.000255637
0.000196305
0.000128303
5.53633e-05
-1.86732e-05
-9.01759e-05
-0.000155945
-0.000213293
-0.000260008
-0.000294251
-0.000314495
-0.000319557
-0.000308759
-0.000282145
-0.000240657
-0.000186162
-0.000121326
-4.93645e-05
2.62013e-05
0.000101753
0.000173732
0.000238758
0.000293728
0.000335895
0.000363004
0.000373471
0.000366574
0.000342519
0.000302404
0.000248108
0.000182163
0.000107577
2.7618e-05
-5.43402e-05
-0.000134859
-0.000210403
-0.000277355
-0.000332142
-0.000371531
-0.000393017
-0.000395157
-0.000377744
-0.000341828
-0.000289626
-0.000224252
-0.000149312
-6.8523e-05
1.44821e-05
9.6185e-05
0.000173181
0.000242197
0.000300132
0.000344176
0.000372047
0.000382269
0.00037436
0.00034887
0.000307299
0.00025193
0.000185588
0.000111445
3.28987e-05
-4.64947e-05
-0.000123098
-0.000193306
-0.000253721
-0.000301394
-0.000334088
-0.00035049
-0.000350293
-0.00033413
-0.000303436
-0.000260256
-0.000207026
-0.000146376
-8.10395e-05
-1.3859e-05
5.22341e-05
0.000114332
0.000169726
0.000216078
0.00025158
0.000275074
0.000286083
0.000284742
0.000271687
0.000247953
0.000214913
0.00017423
0.00012781
7.77244e-05
2.61465e-05
-2.47226e-05
-7.27607e-05
-0.000116086
-0.000153209
-0.000183102
-0.000205148
-0.000219036
-0.000224661
-0.000222069
-0.00021142
-0.000192974
-0.000167186
-0.000134905
-9.75547e-05
-5.71646e-05
-1.62563e-05
2.23719e-05
5.59703e-05
8.22562e-05
9.97713e-05
0.000108037
0.000107529
9.95394e-05
8.5891e-05
6.84875e-05
4.8906e-05
2.82635e-05
7.32467e-06
-1.33584e-05
-3.33286e-05
-5.20476e-05
-6.87215e-05
-8.23183e-05
-9.17931e-05
-9.63275e-05
-9.5441e-05
-8.90162e-05
-7.72836e-05
-6.07258e-05
-3.99177e-05
-1.54511e-05
1.19552e-05
4.1262e-05
7.10009e-05
9.92989e-05
0.00012401
0.000142983
0.000154472
0.000157517
0.000152055
0.000138757
0.000118787
9.36106e-05
6.47905e-05
3.37472e-05
1.66366e-06
-3.0398e-05
-6.13298e-05
-8.99337e-05
-0.000114993
-0.000135392
-0.000150284
-0.000159284
-0.00016255
-0.000160658
-0.000154306
-0.000144036
-0.00013012
-0.000112651
-9.17368e-05
-6.77239e-05
-4.13873e-05
-1.40041e-05
1.27918e-05
3.73182e-05
5.81111e-05
7.40357e-05
8.43079e-05
8.84865e-05
8.64051e-05
7.80672e-05
6.3617e-05
4.34401e-05
1.83196e-05
-1.04671e-05
-4.11778e-05
-7.17718e-05
-0.00010017
-0.000124547
-0.000143594
-0.000156642
-0.000163585
-0.000164654
-0.000160206
-0.000150631
-0.00013631
-0.000117618
-9.50259e-05
-6.9222e-05
-4.11227e-05
-1.17375e-05
1.79801e-05
4.71955e-05
7.52047e-05
0.000101433
0.000125392
0.000146577
0.000164395
0.000178206
0.000187465
0.000191868
0.000191397
0.000186279
0.000176877
0.000163561
0.000146618
0.000126254
0.000102721
7.64747e-05
4.83046e-05
1.9338e-05
-9.104e-06
-3.57554e-05
-5.96356e-05
-8.01761e-05
-9.72391e-05
-0.00011102
-0.000121826
-0.000129806
-0.0001348
-0.000136357
-0.000133945
-0.000127241
-0.000116413
-0.000102224
-8.59425e-05
-6.91413e-05
-5.34826e-05
-4.04644e-05
-3.11792e-05
-2.61969e-05
-2.56023e-05
-2.90747e-05
-3.59205e-05
-4.51178e-05
-5.54473e-05
-6.56597e-05
-7.4594e-05
-8.12696e-05
-8.5001e-05
-8.54522e-05
-8.25288e-05
-7.61978e-05
-6.64241e-05
-5.32297e-05
-3.67311e-05
-1.71313e-05
5.22915e-06
2.97661e-05
5.5628e-05
8.17909e-05
0.000107191
0.000130849
0.000151983
0.000170071
0.00018482
0.00019608
0.00020379
0.000207937
0.000208512
0.00020546
0.00020546
0.000198681
0.000188083
0.000173693
0.000155728
0.000134612
0.000110904
8.52392e-05
5.83268e-05
3.09629e-05
3.9717e-06
-2.19383e-05
-4.63185e-05
-6.90264e-05
-9.01442e-05
-0.000109822
-0.000128117
-0.00014489
-0.000159765
-0.000172149
-0.00018132
-0.000186577
-0.000187438
-0.000183771
-0.00017576
-0.000163794
-0.000148408
-0.000130259
-0.000110069
-8.85063e-05
-6.61046e-05
-4.33023e-05
-2.05413e-05
1.65898e-06
2.27088e-05
4.20242e-05
5.91365e-05
7.37818e-05
8.59092e-05
9.56029e-05
0.000102988
0.000108175
0.000111224
0.000112093
0.000110625
0.000106622
9.99974e-05
9.09148e-05
7.98121e-05
6.73382e-05
5.42719e-05
4.14524e-05
2.97023e-05
1.97502e-05
1.21807e-05
7.39658e-06
5.55636e-06
6.50158e-06
9.75526e-06
1.46311e-05
2.03793e-05
2.6268e-05
3.16088e-05
3.57965e-05
3.83505e-05
3.88915e-05
3.70759e-05
3.25883e-05
2.52014e-05
1.48294e-05
1.54162e-06
-1.4428e-05
-3.26704e-05
-5.26127e-05
-7.353e-05
-9.45177e-05
-0.000114439
-0.000131919
-0.000145428
-0.000153466
-0.000154828
-0.000148875
-0.0001357
-0.000116082
-9.12879e-05
-6.28903e-05
-3.26446e-05
-2.31502e-06
2.65656e-05
5.28186e-05
7.55316e-05
9.39241e-05
0.000107329
0.000115255
0.000117433
0.00011387
0.000104911
9.12459e-05
7.3807e-05
5.36247e-05
3.17157e-05
9.04025e-06
-1.35021e-05
-3.50616e-05
-5.48137e-05
-7.19259e-05
-8.55628e-05
-9.49662e-05
-9.95737e-05
-9.90902e-05
-9.3482e-05
-8.29217e-05
-6.77209e-05
-4.82699e-05
-2.50189e-05
1.47168e-06
3.04274e-05
6.0748e-05
9.09444e-05
0.000119174
0.000143393
0.000161603
0.000172149
0.00017402
0.000167025
0.000151698
0.000129014
0.000100123
6.62528e-05
2.86953e-05
-1.11875e-05
-5.19005e-05
-9.17085e-05
-0.000128634
-0.000160646
-0.00018595
-0.000203242
-0.000211848
-0.000211722
-0.000203324
-0.000187421
-0.0001649
-0.000136639
-0.000103487
-6.63513e-05
-2.63288e-05
1.51958e-05
5.65304e-05
9.57717e-05
0.000131014
0.000160587
0.000183191
0.000197921
0.000204248
0.000202028
0.000191501
0.000173239
0.000148108
0.000117294
8.23409e-05
4.51085e-05
7.63922e-06
-2.80137e-05
-5.99576e-05
-8.66118e-05
-0.000106809
-0.000119813
-0.000125267
-0.000123128
-0.000113656
-9.74311e-05
-7.535e-05
-4.85884e-05
-1.85487e-05
1.31979e-05
4.50086e-05
7.53113e-05
0.000102742
0.000126228
0.000145015
0.000158636
0.000166868
0.000169664
0.000167106
0.000159395
0.000146888
0.000130129
0.000109827
8.67968e-05
6.1908e-05
3.60856e-05
1.03023e-05
-1.44604e-05
-3.72486e-05
-5.71284e-05
-7.31668e-05
-8.44582e-05
-9.02141e-05
-8.98758e-05
-8.32138e-05
-7.03967e-05
-5.20154e-05
-2.90314e-05
-2.64382e-06
2.58549e-05
5.51476e-05
8.38795e-05
0.000110642
0.000134
0.000152559
0.000165056
0.000170491
0.000168286
0.000158391
0.000141285
0.00011787
8.92995e-05
5.68506e-05
2.18498e-05
-1.43562e-05
-5.04201e-05
-8.49967e-05
-0.000116745
-0.000144377
-0.000166764
-0.000183059
-0.000192794
-0.00019594
-0.000192904
-0.000184451
-0.000171582
-0.000155396
-0.000136992
-0.00011742
-9.76946e-05
-7.88006e-05
-6.16711e-05
-4.71591e-05
-3.60038e-05
-2.87771e-05
-2.58147e-05
-2.71779e-05
-3.26798e-05
-4.19498e-05
-5.44845e-05
-6.96626e-05
-8.67371e-05
-0.00010484
-0.000123017
-0.000140289
-0.000155727
-0.000168512
-0.000177986
-0.000183672
-0.000185275
-0.000182652
-0.000175757
-0.000164593
-0.000149217
-0.000129805
-0.000106758
-8.07996e-05
-5.30138e-05
-2.47898e-05
2.32643e-06
2.681e-05
4.73298e-05
6.29097e-05
7.3039e-05
7.76533e-05
7.69944e-05
7.14744e-05
6.16277e-05
4.81021e-05
3.16329e-05
1.30352e-05
-6.76347e-06
-2.67147e-05
-4.57083e-05
-6.2659e-05
-7.65703e-05
-8.65842e-05
-9.20331e-05
-9.24863e-05
-8.779e-05
-7.8112e-05
-6.3968e-05
-4.61809e-05
-2.57774e-05
-3.87786e-06
1.83847e-05
3.99326e-05
5.98076e-05
7.71969e-05
9.1416e-05
0.000101897
0.000108214
0.000110109
0.000107502
0.000100509
8.9479e-05
7.49974e-05
5.78614e-05
3.90345e-05
1.9599e-05
6.90442e-07
-1.65882e-05
-3.12445e-05
-4.24518e-05
-4.95877e-05
-5.22547e-05
-5.02715e-05
-4.36443e-05
-3.25535e-05
-1.73659e-05
1.3598e-06
2.28944e-05
4.6368e-05
7.07845e-05
9.50299e-05
0.000117903
0.000138186
0.00015476
0.00015476
0.000166719
0.000173455
0.000174677
0.0001704
0.000160905
0.000146665
0.000128244
0.000106211
8.1124e-05
5.35886e-05
2.43505e-05
-5.628e-06
-3.5168e-05
-6.296e-05
-8.76809e-05
-0.000108087
-0.000123098
-0.000131892
-0.000134003
-0.000129337
-0.000118142
-0.000100972
-7.86592e-05
-5.22698e-05
-2.30208e-05
7.80298e-06
3.89063e-05
6.90373e-05
9.7054e-05
0.000121978
0.000143005
0.0001595
0.000171012
0.000177279
0.000178205
0.000173829
0.000164314
0.000149956
0.000131193
0.000108646
8.31928e-05
5.60117e-05
2.85246e-05
2.24435e-06
-2.13851e-05
-4.11127e-05
-5.5988e-05
-6.54436e-05
-6.92934e-05
-6.76443e-05
-6.08176e-05
-4.93431e-05
-3.39793e-05
-1.57024e-05
4.32848e-06
2.48166e-05
4.44121e-05
6.18476e-05
7.60749e-05
8.63407e-05
9.21934e-05
9.3454e-05
9.01834e-05
8.26354e-05
7.11871e-05
5.62834e-05
3.8451e-05
1.83707e-05
-3.06428e-06
-2.47414e-05
-4.53695e-05
-6.35736e-05
-7.80523e-05
-8.77507e-05
-9.19724e-05
-9.04192e-05
-8.31836e-05
-7.06844e-05
-5.35427e-05
-3.24628e-05
-8.20541e-06
1.83512e-05
4.61287e-05
7.37902e-05
9.97227e-05
0.000122107
0.000139118
0.000149213
0.000151417
0.000145455
0.000131693
0.000110932
8.419e-05
5.25947e-05
1.73553e-05
-2.02155e-05
-5.8609e-05
-9.59919e-05
-0.000130183
-0.000158853
-0.000179892
-0.000191798
-0.000193889
-0.000186301
-0.000169835
-0.000145781
-0.000115715
-8.12685e-05
-4.39776e-05
-5.27794e-06
3.33931e-05
7.05288e-05
0.000104565
0.00013396
0.000157346
0.000173716
0.000182571
0.000183954
0.000178348
0.000166528
0.000149438
0.00012811
0.000103631
7.71377e-05
4.98464e-05
2.30703e-05
-1.83054e-06
-2.357e-05
-4.10849e-05
-5.36466e-05
-6.08921e-05
-6.27783e-05
-5.95001e-05
-5.14173e-05
-3.90059e-05
-2.28378e-05
-3.59893e-06
1.78489e-05
4.03936e-05
6.26289e-05
8.28735e-05
9.92975e-05
0.000110175
0.000114197
0.000110708
9.97595e-05
8.20525e-05
5.88032e-05
3.15383e-05
1.80567e-06
-2.90739e-05
-6.00788e-05
-9.04107e-05
-0.000119396
-0.000146405
-0.000170746
-0.000191583
-0.000207947
-0.000218843
-0.000223401
-0.000221027
-0.00021158
-0.000195473
-0.000173609
-0.000147197
-0.000117596
-8.62326e-05
-5.45136e-05
-2.37384e-05
4.93688e-06
3.04628e-05
5.18652e-05
6.82698e-05
7.89632e-05
8.34638e-05
8.15959e-05
7.35447e-05
5.98528e-05
4.13579e-05
1.91042e-05
-5.73505e-06
-3.19142e-05
-5.81459e-05
-8.31003e-05
-0.000105395
-0.000123628
-0.000136475
-0.000142854
-0.00014209
-0.000134062
-0.000119285
-9.88773e-05
-7.43718e-05
-4.74506e-05
-1.97182e-05
7.43449e-06
3.28966e-05
5.58229e-05
7.55193e-05
9.1317e-05
0.000102571
0.000108785
0.000109738
0.000105541
9.66616e-05
8.39007e-05
6.82845e-05
5.09011e-05
3.27621e-05
1.47399e-05
-2.44014e-06
-1.8185e-05
-3.20139e-05
-4.35364e-05
-5.24311e-05
-5.84385e-05
-6.13951e-05
-6.12969e-05
-5.83396e-05
-5.28947e-05
-4.54457e-05
-3.65321e-05
-2.67131e-05
-1.65327e-05
-6.47681e-06
3.0678e-06
1.18303e-05
1.96396e-05
2.63852e-05
3.19799e-05
3.63435e-05
3.94041e-05
4.11047e-05
4.1423e-05
4.04073e-05
3.82087e-05
3.50754e-05
3.13141e-05
2.72501e-05
2.31964e-05
1.942e-05
1.61191e-05
1.3434e-05
1.14803e-05
1.03694e-05
1.0207e-05
1.10843e-05
1.30629e-05
1.61556e-05
2.03212e-05
2.54931e-05
3.16287e-05
3.87446e-05
4.69059e-05
5.61542e-05
6.63682e-05
7.70969e-05
8.7464e-05
9.62473e-05
0.000102126
0.000103972
0.000101098
9.34033e-05
8.13995e-05
6.60106e-05
4.82511e-05
2.89842e-05
8.85709e-06
-1.16772e-05
-3.23023e-05
-5.26995e-05
-7.2375e-05
-9.06095e-05
-0.000106562
-0.000119409
-0.000128441
-0.000133143
-0.000133256
-0.000128763
-0.00011984
-0.000106843
-9.03062e-05
-7.09048e-05
-4.93829e-05
-2.65253e-05
-3.18156e-06
1.97402e-05
4.13518e-05
6.08831e-05
7.77399e-05
9.15209e-05
0.000101995
0.000109029
0.000112499
0.000112245
0.0001081
9.99563e-05
8.78706e-05
7.21784e-05
5.3571e-05
3.3053e-05
1.17763e-05
-9.13906e-06
-2.87117e-05
-4.61507e-05
-6.08882e-05
-7.25611e-05
-8.09332e-05
-8.58248e-05
-8.71068e-05
-8.47359e-05
-7.87901e-05
-6.94974e-05
-5.72416e-05
-4.25259e-05
-2.59166e-05
-8.01565e-06
1.05267e-05
2.90045e-05
4.66746e-05
6.27703e-05
7.64966e-05
7.64966e-05
8.70566e-05
9.37538e-05
9.61281e-05
9.40455e-05
8.77192e-05
7.76901e-05
6.47635e-05
4.98882e-05
3.40089e-05
1.79713e-05
2.50371e-06
-1.17658e-05
-2.4298e-05
-3.46375e-05
-4.24183e-05
-4.74075e-05
-4.95868e-05
-4.91989e-05
-4.66947e-05
-4.26156e-05
-3.74998e-05
-3.18481e-05
-2.61076e-05
-2.06539e-05
-1.58052e-05
-1.18765e-05
-9.21935e-06
-8.1971e-06
-9.10533e-06
-1.20725e-05
-1.69679e-05
-2.33565e-05
-3.05495e-05
-3.77432e-05
-4.41858e-05
-4.93125e-05
-5.28266e-05
-5.47063e-05
-5.51194e-05
-5.42831e-05
-5.236e-05
-4.94322e-05
-4.55161e-05
-4.0594e-05
-3.46823e-05
-2.79161e-05
-2.05741e-05
-1.30201e-05
-5.62601e-06
1.27899e-06
7.44365e-06
1.2717e-05
1.70317e-05
2.03545e-05
2.26504e-05
2.38802e-05
2.40183e-05
2.30768e-05
2.11354e-05
1.83677e-05
1.50354e-05
1.14453e-05
7.89289e-06
4.61674e-06
1.76613e-06
-6.2648e-07
-2.65549e-06
-4.51757e-06
-6.45556e-06
-8.69494e-06
-1.1395e-05
-1.46215e-05
-1.83418e-05
-2.24498e-05
-2.68243e-05
-3.13895e-05
-3.61293e-05
-4.1056e-05
-4.61765e-05
-5.14794e-05
-5.6918e-05
-6.23893e-05
-6.77422e-05
-7.28193e-05
-7.7494e-05
-8.16801e-05
-8.53222e-05
-8.83788e-05
-9.07994e-05
-9.25171e-05
-9.34715e-05
-9.36487e-05
-9.31029e-05
-9.19494e-05
-9.03501e-05
-8.85012e-05
-8.66105e-05
-8.48545e-05
-8.33349e-05
-8.20498e-05
-8.08781e-05
-7.9582e-05
-7.7845e-05
-7.53422e-05
-7.17966e-05
-6.69816e-05
-6.06807e-05
-5.26683e-05
-4.27513e-05
-3.08516e-05
-1.70746e-05
-1.74188e-06
1.46043e-05
3.12368e-05
4.73511e-05
6.22247e-05
7.5335e-05
8.63637e-05
9.5122e-05
0.000101476
0.000105304
0.000106475
0.000104871
0.000100431
9.32056e-05
8.33885e-05
7.13277e-05
5.75174e-05
4.2543e-05
2.69889e-05
1.13591e-05
-3.94083e-06
-1.85672e-05
-3.21932e-05
-4.44923e-05
-5.51498e-05
-6.38869e-05
-7.04856e-05
-7.48093e-05
-7.6807e-05
-7.64794e-05
-7.38064e-05
-6.8672e-05
-6.08632e-05
-5.018e-05
-3.66124e-05
-2.04694e-05
-2.39039e-06
1.67266e-05
3.58203e-05
5.37949e-05
6.96943e-05
8.28417e-05
9.28532e-05
9.95536e-05
0.00010289
0.000102883
9.96059e-05
9.31873e-05
8.386e-05
7.20212e-05
5.82576e-05
4.33138e-05
2.80201e-05
1.32078e-05
-3.71366e-07
-1.21078e-05
-2.15555e-05
-2.84072e-05
-3.24564e-05
-3.35832e-05
-3.17691e-05
-2.71232e-05
-1.99031e-05
-1.05229e-05
4.67253e-07
1.243e-05
2.46984e-05
3.66281e-05
4.76413e-05
5.72559e-05
6.50888e-05
7.08386e-05
7.42743e-05
7.5248e-05
7.37317e-05
6.98619e-05
6.39716e-05
5.6584e-05
4.83579e-05
3.99986e-05
3.21613e-05
2.53731e-05
1.99943e-05
1.6232e-05
1.41914e-05
1.39239e-05
1.54485e-05
1.87532e-05
2.37755e-05
3.03504e-05
3.81449e-05
4.66391e-05
5.51868e-05
6.31314e-05
6.99161e-05
7.5148e-05
7.85993e-05
8.01686e-05
7.98347e-05
7.76142e-05
7.35263e-05
6.75846e-05
5.98332e-05
5.04074e-05
3.95779e-05
2.77587e-05
1.54711e-05
3.27128e-06
-8.33349e-06
-1.89374e-05
-2.82443e-05
-3.60454e-05
-4.21852e-05
-4.65222e-05
-4.8899e-05
-4.91373e-05
-4.70756e-05
-4.26431e-05
-3.59394e-05
-2.72636e-05
-1.70658e-05
-5.85107e-06
5.90382e-06
1.77932e-05
2.94863e-05
4.06975e-05
5.11353e-05
6.04607e-05
6.82828e-05
7.42025e-05
7.78915e-05
7.91747e-05
7.80798e-05
7.48311e-05
6.98016e-05
6.3443e-05
5.62124e-05
4.85162e-05
4.06898e-05
3.30099e-05
2.57199e-05
1.90519e-05
1.32395e-05
8.51173e-06
5.05075e-06
2.91361e-06
1.95064e-06
1.76765e-06
1.77087e-06
1.30757e-06
-1.30004e-07
-2.71905e-06
-6.23273e-06
-1.01279e-05
-1.37635e-05
-1.6646e-05
-1.85796e-05
-1.96712e-05
-2.02384e-05
-2.06862e-05
-2.13709e-05
-2.2475e-05
-2.39668e-05
-2.56819e-05
-2.746e-05
-2.92386e-05
-3.10808e-05
-3.31567e-05
-3.56777e-05
-3.87952e-05
-4.25225e-05
-4.67314e-05
-5.12065e-05
-5.5702e-05
-5.99748e-05
-6.37898e-05
-6.68956e-05
-6.89928e-05
-6.97387e-05
-6.88017e-05
-6.59261e-05
-6.09802e-05
-5.39991e-05
-4.52145e-05
-3.50301e-05
-2.39301e-05
-1.23837e-05
-8.09705e-07
1.04019e-05
2.08577e-05
3.01483e-05
3.78542e-05
4.35732e-05
4.69733e-05
4.78594e-05
4.62241e-05
4.22633e-05
3.635e-05
2.89768e-05
2.0688e-05
1.20178e-05
3.44529e-06
-4.62274e-06
-1.18355e-05
-1.78668e-05
-2.24048e-05
-2.51731e-05
-2.59656e-05
-2.46833e-05
-2.13708e-05
-1.62393e-05
-1.62393e-05
-9.66076e-06
-2.13237e-06
5.77384e-06
1.34589e-05
2.03339e-05
2.58489e-05
2.95239e-05
3.09894e-05
3.00275e-05
2.65925e-05
2.08025e-05
1.29198e-05
3.34021e-06
-7.42309e-06
-1.8798e-05
-3.02401e-05
-4.12847e-05
-5.15403e-05
-6.06677e-05
-6.83784e-05
-7.44358e-05
-7.86471e-05
-8.08646e-05
-8.10045e-05
-7.90597e-05
-7.50945e-05
-6.92325e-05
-6.1645e-05
-5.25303e-05
-4.20791e-05
-3.04437e-05
-1.77452e-05
-4.13106e-06
1.01575e-05
2.47628e-05
3.924e-05
5.3088e-05
6.57524e-05
7.66289e-05
8.51083e-05
9.06532e-05
9.28725e-05
9.15747e-05
8.68009e-05
7.88363e-05
6.81791e-05
5.5461e-05
4.13532e-05
2.65086e-05
1.15491e-05
-2.94323e-06
-1.64405e-05
-2.84671e-05
-3.85922e-05
-4.6461e-05
-5.18656e-05
-5.47972e-05
-5.54469e-05
-5.41651e-05
-5.13988e-05
-4.7611e-05
-4.3194e-05
-3.84012e-05
-3.33228e-05
-2.79206e-05
-2.21105e-05
-1.5854e-05
-9.22891e-06
-2.47029e-06
4.04651e-06
9.90239e-06
1.4768e-05
1.84779e-05
2.10129e-05
2.24467e-05
2.2902e-05
2.24947e-05
2.12692e-05
1.91828e-05
1.61615e-05
1.21835e-05
7.34309e-06
1.87237e-06
-3.88752e-06
-9.55735e-06
-1.47971e-05
-1.93531e-05
-2.30645e-05
-2.58399e-05
-2.76156e-05
-2.83201e-05
-2.78648e-05
-2.61675e-05
-2.32004e-05
-1.90369e-05
-1.38786e-05
-8.05412e-06
-1.99137e-06
3.83955e-06
9.00429e-06
1.31701e-05
1.61277e-05
1.7772e-05
1.80693e-05
1.70319e-05
1.46984e-05
1.11264e-05
6.40967e-06
7.16344e-07
-5.68207e-06
-1.24206e-05
-1.90878e-05
-2.52835e-05
-3.06654e-05
-3.49819e-05
-3.8083e-05
-3.99072e-05
-4.04519e-05
-3.97438e-05
-3.78273e-05
-3.47785e-05
-3.07405e-05
-2.59616e-05
-2.081e-05
-1.57493e-05
-1.12765e-05
-7.84491e-06
-5.79498e-06
-5.3113e-06
-6.41701e-06
-9.005e-06
-1.28828e-05
-1.78008e-05
-2.34632e-05
-2.95493e-05
-3.57461e-05
-4.17622e-05
-4.7305e-05
-5.20532e-05
-5.56546e-05
-5.77456e-05
-5.79847e-05
-5.60978e-05
-5.19253e-05
-4.54527e-05
-3.68196e-05
-2.63163e-05
-1.43694e-05
-1.50793e-06
1.16745e-05
2.45424e-05
3.64389e-05
4.67401e-05
5.4933e-05
6.06644e-05
6.37382e-05
6.4101e-05
6.18463e-05
5.72152e-05
5.05708e-05
4.23642e-05
3.31121e-05
2.33746e-05
1.37157e-05
4.651e-06
-3.39718e-06
-1.01171e-05
-1.5304e-05
-1.88468e-05
-2.07062e-05
-2.08806e-05
-1.93813e-05
-1.62467e-05
-1.15805e-05
-5.57296e-06
1.51014e-06
9.35322e-06
1.7621e-05
2.5999e-05
3.42338e-05
4.21434e-05
4.95906e-05
5.64392e-05
6.25214e-05
6.76335e-05
7.15547e-05
7.40711e-05
7.49972e-05
7.4211e-05
7.17034e-05
6.76013e-05
6.21445e-05
5.5642e-05
4.844e-05
4.08962e-05
3.33509e-05
2.61097e-05
1.94477e-05
1.36164e-05
8.83941e-06
5.30115e-06
3.13745e-06
2.42657e-06
3.1741e-06
5.30103e-06
8.6508e-06
1.30126e-05
1.81413e-05
2.37673e-05
2.96029e-05
3.53497e-05
4.06948e-05
4.53021e-05
4.88188e-05
5.09108e-05
5.13083e-05
4.98485e-05
4.65137e-05
4.14614e-05
3.50207e-05
2.76387e-05
1.98047e-05
1.19858e-05
4.58332e-06
-2.09528e-06
-7.83958e-06
-1.25038e-05
-1.59644e-05
-1.8109e-05
-1.88677e-05
-1.82505e-05
-1.63655e-05
-1.34187e-05
-9.6941e-06
-5.50642e-06
-1.13352e-06
3.23222e-06
7.48314e-06
1.1553e-05
1.53655e-05
1.88023e-05
2.16961e-05
2.38435e-05
2.50373e-05
2.51149e-05
2.39955e-05
2.1681e-05
1.82347e-05
1.37658e-05
8.42351e-06
2.3847e-06
-4.15798e-06
-1.09883e-05
-1.78438e-05
-2.44119e-05
-3.03606e-05
-3.5387e-05
-3.92562e-05
-4.18245e-05
-4.30509e-05
-4.29935e-05
-4.17894e-05
-3.96281e-05
-3.67369e-05
-3.33783e-05
-2.98444e-05
-2.64359e-05
-2.34365e-05
-2.10995e-05
-1.96439e-05
-1.92428e-05
-2.00078e-05
-2.19822e-05
-2.51501e-05
-2.94503e-05
