-1.03918e-08
-9.96801e-08
-3.58399e-07
-7.06667e-07
-9.62737e-07
-1.13694e-06
-1.31438e-06
-1.46373e-06
-1.58497e-06
-1.72483e-06
-1.87937e-06
-2.03776e-06
-2.18982e-06
-2.29154e-06
-2.2845e-06
-2.14145e-06
-1.89766e-06
-1.63166e-06
-1.41531e-06
-1.27805e-06
-1.21019e-06
-1.19647e-06
-1.23083e-06
-1.30977e-06
-1.43324e-06
-1.61009e-06
-1.86407e-06
-2.22719e-06
-2.71901e-06
-3.33607e-06
-4.05152e-06
-4.81903e-06
-5.58995e-06
-6.33457e-06
-7.04446e-06
-7.71552e-06
-8.34083e-06
-8.91229e-06
-9.41079e-06
-9.80736e-06
-1.00747e-05
-1.01843e-05
-1.01089e-05
-9.83853e-06
-9.38288e-06
-8.7601e-06
-7.98576e-06
-7.07024e-06
-6.01477e-06
-4.81219e-06
-3.4618e-06
-1.97358e-06
-3.5887e-07
1.36625e-06
3.17661e-06
5.04661e-06
6.9553e-06
8.88676e-06
1.08361e-05
1.28088e-05
1.48088e-05
1.68345e-05
1.88815e-05
2.09398e-05
2.2999e-05
2.50534e-05
2.70936e-05
2.91031e-05
3.10612e-05
3.29404e-05
3.47051e-05
3.63104e-05
3.77061e-05
3.88449e-05
3.96847e-05
4.01904e-05
4.03286e-05
4.00575e-05
3.93318e-05
3.81076e-05
3.63402e-05
3.39953e-05
3.10613e-05
2.75454e-05
2.34743e-05
1.88979e-05
1.38727e-05
8.44424e-06
2.64696e-06
-3.49442e-06
-9.96182e-06
-1.67301e-05
-2.37563e-05
-3.09802e-05
-3.83277e-05
-4.57115e-05
-5.30375e-05
-6.02195e-05
-6.71917e-05
-7.39036e-05
-8.0303e-05
-8.63302e-05
-9.19208e-05
-9.70103e-05
-0.000101536
-0.000105437
-0.00010866
-0.000111154
-0.000112863
-0.000113724
-0.000113677
-0.000112673
-0.000110682
-0.000107714
-0.000103828
-9.91107e-05
-9.36461e-05
-8.74979e-05
-8.0717e-05
-7.33363e-05
-6.53765e-05
-5.68541e-05
-4.77791e-05
-3.81599e-05
-2.79986e-05
-1.72665e-05
-5.8966e-06
6.18283e-06
1.90217e-05
3.26647e-05
4.71463e-05
6.24605e-05
7.85579e-05
9.53393e-05
0.000112626
0.000130147
0.000147546
0.000164383
0.000180142
0.000194279
0.000206277
0.000215674
0.000222075
0.000225174
0.000224713
0.000220386
0.000211755
0.000198308
0.000179549
0.000155081
0.000124801
8.92113e-05
4.94636e-05
7.04789e-06
-3.64483e-05
-7.94324e-05
-0.000120483
-0.000158569
-0.000193011
-0.000223122
-0.000248021
-0.000266736
-0.000278295
-0.000281856
-0.000276986
-0.00026389
-0.000243436
-0.000216955
-0.000185967
-0.000151947
-0.000116129
-7.93836e-05
-4.2264e-05
-5.1823e-06
3.14569e-05
6.71987e-05
0.000101553
0.000134088
0.000164474
0.000192401
0.000217433
0.000239086
0.000257075
0.000271276
0.000281643
0.000288397
0.00029225
0.00029434
0.000295902
0.000298001
0.000301482
0.000306975
0.000314934
0.000325833
0.00034041
0.00035973
0.00038498
0.000417208
0.00045699
0.000503623
0.000554217
0.000603598
0.000644926
0.000670272
0.000671739
0.000644256
0.000587441
0.000503988
0.000397863
0.000274193
0.000138232
-6.69835e-06
-0.000159306
-0.000317723
-0.000477679
-0.000632761
-0.000774727
-0.000894237
-0.000982919
-0.00103576
-0.00105224
-0.00103572
-0.000992071
-0.000928075
-0.000849811
-0.000761586
-0.000666024
-0.000565109
-0.000461348
-0.000358599
-0.000262148
-0.000177743
-0.00011032
-6.29128e-05
-3.58459e-05
-2.68152e-05
-3.18731e-05
-4.65969e-05
-6.70058e-05
-9.00345e-05
-0.00011341
-0.000135074
-0.000152447
-0.000161908
-0.000158972
-0.000139082
-9.85213e-05
-3.52202e-05
5.0785e-05
0.000157488
0.000281516
0.000418888
0.000565644
0.000718061
0.000872491
0.00102505
0.00117139
0.00130661
0.00142561
0.00152387
0.00159807
0.00164601
0.00166655
0.00165919
0.00162323
0.00155723
0.00145838
0.00132083
0.00113539
0.000892372
0.000587354
0.000227822
-0.000167041
-0.000574124
-0.000971114
-0.00133735
-0.00165722
-0.00192392
-0.00213726
-0.00229608
-0.0023939
-0.00241979
-0.00236002
-0.00220232
-0.00194278
-0.00159049
-0.00116651
-0.000698675
-0.000216157
0.000255006
0.000695412
0.00109348
0.00144346
0.00174161
0.0019831
0.00216066
0.00226355
0.00227781
0.00218936
0.00198871
0.00167705
0.00127268
0.00080912
0.000322905
-0.000154329
-0.000597025
-0.000988689
-0.00132457
-0.00160697
-0.00183478
-0.00199775
-0.00207835
-0.00205677
-0.00191919
-0.00166702
-0.00132075
-0.000916073
-0.000494459
-9.28408e-05
0.000262804
0.000557645
0.000784496
0.000784496
0.000939859
0.00101928
0.00101405
0.000912831
0.000708074
0.00040347
1.75564e-05
-0.000417822
-0.000862768
-0.00127727
-0.00162897
-0.0018971
-0.00207185
-0.00215098
-0.00213596
-0.00202871
-0.00183028
-0.00154238
-0.00117127
-0.000732
-0.000250291
0.000239862
0.000701942
0.00110298
0.00141824
0.00163393
0.00174705
0.00176291
0.00169152
0.00154389
0.00133035
0.00106132
0.000748965
0.000408386
5.80811e-05
-0.000280386
-0.000584918
-0.00083661
-0.0010221
-0.00113448
-0.00117318
-0.00114256
-0.00104967
-0.00090234
-0.000708773
-0.000478779
-0.000225157
3.60993e-05
0.000286763
0.000508446
0.000686066
0.000810891
0.000880356
0.000895798
0.000861014
0.000781112
0.000660818
0.000503794
0.000314263
9.97638e-05
-0.000127731
-0.00035286
-0.000558767
-0.000729781
-0.000854378
-0.000926972
-0.000948102
-0.000924237
-0.000867422
-0.000791389
-0.000705564
-0.000613786
-0.000516746
-0.000413218
-0.000301705
-0.000184118
-6.74742e-05
3.90277e-05
0.000127641
0.000193921
0.000238781
0.000269612
0.00029777
0.000332602
0.000374784
0.000412064
0.000421547
0.000382296
0.000287521
0.000143609
-3.42978e-05
-0.00022325
-0.00039871
-0.000545312
-0.000660982
-0.000750936
-0.000820507
-0.000871389
-0.000898928
-0.000892939
-0.0008425
-0.000741818
-0.000594521
-0.000412534
-0.00021109
-5.71556e-06
0.000188815
0.00036163
0.000508137
0.000627449
0.00071894
0.000781602
0.000815158
0.000821154
0.000803141
0.000766567
0.000717909
0.000662395
0.000602493
0.000538639
0.000470618
0.000398554
0.000323974
0.000250384
0.000182641
0.000125894
8.4304e-05
5.964e-05
5.09336e-05
5.55761e-05
7.10417e-05
9.62774e-05
0.000131989
0.000179843
0.00024106
0.000314776
0.000397012
0.000480924
0.000557957
0.000619137
0.000656563
0.000665408
0.000644957
0.000597413
0.000526373
0.00043634
0.000332167
0.000217908
9.6734e-05
-2.71281e-05
-0.00014702
-0.000254397
-0.000339537
-0.000392424
-0.000404404
-0.000369795
-0.00028675
-0.00015709
1.43426e-05
0.000219951
0.000449248
0.000689068
0.000924164
0.00113775
0.00131348
0.00143986
0.00151214
0.00152935
0.00149244
0.00140459
0.00126909
0.00108641
0.000855564
0.000578729
0.000264133
-7.38035e-05
-0.000414783
-0.000735371
-0.00101457
-0.00123816
-0.00139958
-0.00149856
-0.00153866
-0.00152455
-0.00145914
-0.00134244
-0.00117296
-0.000951
-0.000681422
-0.000374703
-4.62692e-05
0.000285924
0.000604762
0.000896879
0.00115387
0.00137163
0.00154864
0.00168404
0.00177633
0.00182305
0.00182179
0.00177228
0.00167805
0.00154614
0.00138592
0.00120612
0.00101018
0.00079519
0.00055741
0.000297232
2.0685e-05
-0.000258688
-0.000519819
-0.000741235
-0.00090967
-0.00102155
-0.00108145
-0.00110185
-0.00109896
-0.00108434
-0.00105986
-0.00102089
-0.00096237
-0.000882025
-0.000782487
-0.000673384
-0.000570573
-0.000490414
-0.000443238
-0.000430929
-0.000447331
-0.000480351
-0.000515768
-0.00054138
-0.000550125
-0.000540424
-0.000513836
-0.000472547
-0.000417555
-0.000347238
-0.000257283
-0.000142669
-4.97915e-07
0.000167553
0.000353574
0.000543508
0.000719485
0.000863555
0.00096283
0.00101486
0.00102695
0.00100895
0.000968645
0.000911044
0.000836535
0.00073977
0.000613495
0.000455582
0.000272805
7.98978e-05
-0.000102821
-0.000253671
-0.000355509
-0.000399982
-0.000388307
-0.000331042
-0.000248826
-0.000167729
-0.000108359
-8.0478e-05
-8.48467e-05
-0.000114394
-0.000156487
-0.000201247
-0.000249029
-0.000308312
-0.000390012
-0.00050464
-0.000658681
-0.000850591
-0.00106964
-0.00129824
-0.00151689
-0.00170806
-0.00185698
-0.00195228
-0.0019876
-0.00196098
-0.00187246
-0.00172366
-0.00151872
-0.00126399
-0.000966475
-0.000632867
-0.000270666
0.000110182
0.000496689
0.000872326
0.00121654
0.00150582
0.00171679
0.00182955
0.00183067
0.00171685
0.00149646
0.00118642
0.000807791
0.000382989
-6.65424e-05
-0.000521983
-0.000966478
-0.00138258
-0.0017504
-0.00204791
-0.0022525
-0.00234416
-0.00230991
-0.00214793
-0.00186972
-0.00149894
-0.00106588
-0.000598588
-0.000598588
-0.00011752
0.000362337
0.000828411
0.00126944
0.00167248
0.00201963
0.00228941
0.00246286
0.00252907
0.00248797
0.00235136
0.00214069
0.00188084
0.00159359
0.00129428
0.000991865
0.000690597
0.000392964
0.000103604
-0.00016882
-0.000412894
-0.000617371
-0.000773997
-0.000879272
-0.000935398
-0.000950038
-0.000933625
-0.000895641
-0.000842634
-0.000778417
-0.000704967
-0.000623177
-0.000534322
-0.000441475
-0.000349113
-0.000261681
-0.000182465
-0.000112852
-5.19622e-05
2.69704e-06
5.30256e-05
9.82809e-05
0.000135107
0.000158734
0.000164094
0.00014722
0.000107224
4.78921e-05
-2.32243e-05
-9.80112e-05
-0.000169858
-0.000233993
-0.000287875
-0.000331401
-0.000365523
-0.000389786
-0.000401715
-0.000398385
-0.000377664
-0.000338547
-0.000281916
-0.000211863
-0.000135377
-6.00994e-05
7.0587e-06
5.98936e-05
9.32676e-05
0.000104183
9.18202e-05
5.65663e-05
-8.63252e-08
-7.51855e-05
-0.000164627
-0.000263597
-0.000366546
-0.000466954
-0.000557484
-0.000630672
-0.000679489
-0.000697428
-0.000678951
-0.000620747
-0.000522739
-0.00038766
-0.000219864
-2.51255e-05
0.000189234
0.000415259
0.00064555
0.000873712
0.00109371
0.00129904
0.0014829
0.00163852
0.00175887
0.00183655
0.00186482
0.00183941
0.00175904
0.0016254
0.00144344
0.00122089
0.000966161
0.00068671
0.000389247
8.0572e-05
-0.000231995
-0.000540109
-0.00083376
-0.00110141
-0.00133161
-0.0015153
-0.0016471
-0.00172501
-0.00174945
-0.00172298
-0.0016494
-0.00153209
-0.0013738
-0.0011781
-0.000950692
-0.000699399
-0.000433724
-0.000164637
9.64823e-05
0.00033971
0.00055788
0.000746409
0.000902453
0.00102439
0.00111121
0.00116173
0.00117449
0.00114898
0.0010868
0.000992032
0.000870885
0.000730958
0.000580238
0.00042594
0.00027357
0.0001268
-1.16909e-05
-0.000138973
-0.000251357
-0.000344948
-0.000416347
-0.000463321
-0.000485768
-0.000486236
-0.000469201
-0.000439629
-0.000402018
-0.000359915
-0.000315398
-0.000269203
-0.000221971
-0.000175713
-0.000134265
-0.000102848
-8.70789e-05
-9.089e-05
-0.000114528
-0.000154637
-0.000205534
-0.000260365
-0.000312598
-0.000357587
-0.000393025
-0.000418068
-0.000431949
-0.000432797
-0.000416942
-0.000379331
-0.000315159
-0.000221686
-9.93086e-05
4.83801e-05
0.000215396
0.000394591
0.000578968
0.000762844
0.000942239
0.0011144
0.00127676
0.00142539
0.00155361
0.00165246
0.00171221
0.00172387
0.00168098
0.0015825
0.0014339
0.00124452
0.00102489
0.000785968
0.000537698
0.000287282
3.96167e-05
-0.000200057
-0.000424626
-0.000625869
-0.000795398
-0.000925263
-0.00100951
-0.00104658
-0.00103996
-0.000996132
-0.000922444
-0.000826383
-0.000715278
-0.000595352
-0.000471386
-0.000347866
-0.000229815
-0.000122577
-3.11729e-05
4.04015e-05
8.96762e-05
0.000115832
0.000119121
0.000100019
5.8999e-05
-3.33967e-06
-8.59647e-05
-0.000186662
-0.000301046
-0.000422029
-0.000540631
-0.000647677
-0.000735101
-0.000796804
-0.000829166
-0.000830605
-0.000800296
-0.000737177
-0.000639911
-0.000507442
-0.000339856
-0.000139664
8.72417e-05
0.000331836
0.000583165
0.000829804
0.00106116
0.0012682
0.00144362
0.00158143
0.00167635
0.00172346
0.00171851
0.00165926
0.0015466
0.00138469
0.00118084
0.000945201
0.000689348
0.000424131
0.000158335
-0.000100889
-0.000347357
-0.000575648
-0.000780298
-0.000954771
-0.00109207
-0.00118697
-0.00123746
-0.00124446
-0.00121171
-0.00114547
-0.00105347
-0.000942823
-0.000818887
-0.000685497
-0.000545592
-0.000402009
-0.000258508
-0.000120167
7.15234e-06
0.000117861
0.000207519
0.000273211
0.000313682
0.000329315
0.000321664
0.00029262
0.000244069
0.000178445
9.93272e-05
1.13609e-05
-7.99111e-05
-0.000168379
-0.000248814
-0.000318428
-0.000376544
-0.000423103
-0.000458061
-0.000481429
-0.000493159
-0.000493335
-0.000482732
-0.000463367
-0.000438645
-0.000412827
-0.000390158
-0.0003741
-0.000366694
-0.000368082
-0.000376857
-0.000391113
-0.000409104
-0.000429361
-0.0004506
-0.000471435
-0.00049012
-0.00050435
-0.00051091
-0.000505577
-0.000483754
-0.000441602
-0.0003772
-0.000291674
-0.000291674
-0.000189824
-7.89275e-05
3.37629e-05
0.000142324
0.000242361
0.000331697
0.000410603
0.000480146
0.000539739
0.000586422
0.000615973
0.000624252
0.00060869
0.000569875
0.000512195
0.00044288
0.00036994
0.000300259
0.000238417
0.000186196
0.00014296
0.000106986
7.70888e-05
5.35027e-05
3.76579e-05
3.14554e-05
3.64113e-05
5.27332e-05
7.88435e-05
0.000111811
0.000148318
0.000185418
0.000220996
0.000254172
0.000285193
0.000314705
0.000343037
0.000369717
0.000393381
0.000412251
0.000424728
0.000429776
0.000427153
0.000417532
0.00040222
0.000382409
0.000358734
0.000331309
0.000299862
0.000264076
0.000224087
0.000180739
0.000135504
9.0179e-05
4.65589e-05
6.33227e-06
-2.899e-05
-5.82714e-05
-8.07098e-05
-9.55304e-05
-0.000102276
-0.000102333
-0.000100312
-0.000103244
-0.00011852
-0.000152241
-0.000207317
-0.000281912
-0.000370678
-0.000467671
-0.000567711
-0.000666675
-0.000762253
-0.000854115
-0.000941936
-0.00102228
-0.00108777
-0.0011289
-0.00113624
-0.00110274
-0.00102593
-0.000908556
-0.000757464
-0.000581357
-0.00038891
-0.000187472
1.75356e-05
0.000222177
0.000422479
0.00061265
0.000784373
0.000927965
0.00103458
0.00109794
0.00111542
0.00108889
0.00102409
0.000928635
0.000809636
0.000672693
0.000521958
0.000360632
0.000192421
2.36921e-05
-0.000135757
-0.000274363
-0.000381163
-0.000447483
-0.000468438
-0.000443959
-0.000378089
-0.000276591
-0.000144833
1.29232e-05
0.000192763
0.000388063
0.000585845
0.000766378
0.000906559
0.000985235
0.000989652
0.000919515
0.000784212
0.000596878
0.000371101
0.000117983
-0.000157832
-0.000457894
-0.000782972
-0.00112523
-0.0014661
-0.00177879
-0.00203315
-0.00220374
-0.00227778
-0.00225721
-0.00215482
-0.0019881
-0.00177295
-0.0015189
-0.00122796
-0.000897436
-0.000525326
-0.000115786
0.000318415
0.000757051
0.0011765
0.00155517
0.00187724
0.00213249
0.00231409
0.0024186
0.00244695
0.00240166
0.00228471
0.00209955
0.0018526
0.00155239
0.00120949
0.000837241
0.000451089
6.66883e-05
-0.00030076
-0.00063638
-0.000926629
-0.00116126
-0.00133437
-0.00144383
-0.00149013
-0.00147586
-0.00140546
-0.00128467
-0.00112014
-0.000919643
-0.000692125
-0.00044788
-0.000198191
4.60005e-05
0.000275172
0.000481876
0.000661636
0.000812743
0.000934207
0.00102326
0.00107378
0.00107604
0.00101923
0.000898589
0.000720264
0.000497819
0.000248055
-1.01054e-05
-0.000259265
-0.000488659
-0.000694897
-0.000877526
-0.00103437
-0.00115908
-0.00123981
-0.00126177
-0.00121415
-0.00109629
-0.000919652
-0.000705825
-0.000481013
-0.000267874
-7.99031e-05
7.80414e-05
0.000207175
0.000311776
0.000393954
0.000449353
0.000468232
0.000441154
0.000364477
0.0002435
9.35323e-05
-6.29748e-05
-0.000203025
-0.000309421
-0.0003737
-0.000395526
-0.000379963
-0.00033359
-0.000260739
-0.000161718
-3.4028e-05
0.00012408
0.000309826
0.000514235
0.000722943
0.000918542
0.00108437
0.00120839
0.00128451
0.00131101
0.00128862
0.00121936
0.00110583
0.00095114
0.00076056
0.00054265
0.000308999
7.38835e-05
-0.00014674
-0.000337987
-0.00048928
-0.000596104
-0.000658824
-0.000679889
-0.000662085
-0.000607671
-0.000517882
-0.000394027
-0.000240081
-6.44038e-05
0.000120526
0.000299344
0.000455772
0.000575907
0.000651411
0.000680382
0.000665825
0.000613289
0.000528643
0.00041616
0.000278056
0.000116305
-6.49691e-05
-0.000258133
-0.000451727
-0.000631581
-0.000783157
-0.000893941
-0.000955361
-0.000963788
-0.000920262
-0.000829545
-0.00069885
-0.000536466
-0.000351206
-0.000153056
4.62146e-05
0.000234157
0.000399262
0.000531214
0.000621646
0.000665962
0.000663255
0.000613668
0.00051682
0.000373446
0.00018683
-3.70123e-05
-0.000287627
-0.000548887
-0.000801318
-0.0010259
-0.0012065
-0.00133127
-0.00139377
-0.00139305
-0.00133139
-0.00121102
-0.00103289
-0.00079804
-0.000509665
-0.00017499
0.000193317
0.000577019
0.000954199
0.00130261
0.00160286
0.00184068
0.00200774
0.00210054
0.00211872
0.00206368
0.00193782
0.0017449
0.00149099
0.00118561
0.00118561
0.000842191
0.000477299
0.000108936
-0.000245301
-0.00056986
-0.000852567
-0.00108492
-0.00126102
-0.00137623
-0.00142679
-0.00141045
-0.00132715
-0.00117953
-0.000973653
-0.000719096
-0.000428527
-0.000116656
0.000201226
0.000510434
0.000797426
0.00105008
0.0012581
0.00141301
0.00150761
0.00153597
0.00149419
0.00138117
0.00119984
0.000958266
0.000669034
0.000347921
1.26754e-05
-0.000318558
-0.000629217
-0.000905408
-0.00113554
-0.00130985
-0.00142061
-0.00146252
-0.00143341
-0.00133502
-0.00117369
-0.000960488
-0.000710393
-0.000440725
-0.000168932
8.9369e-05
0.000321042
0.000515674
0.000665926
0.000767166
0.000816225
0.000810994
0.000751867
0.000642845
0.000491293
0.000307844
0.000105956
-9.97746e-05
-0.000295878
-0.000471841
-0.000621156
-0.000741455
-0.000832768
-0.00089506
-0.000927709
-0.000930061
-0.000901629
-0.000842844
-0.000756315
-0.000647501
-0.000524098
-0.000394577
-0.000266652
-0.000146001
-3.58134e-05
6.26802e-05
0.000149286
0.000223729
0.000284907
0.000330991
0.000359816
0.000369285
0.000358013
0.000325941
0.000274377
0.000205633
0.000122788
2.91293e-05
-7.28664e-05
-0.000181662
-0.000295651
-0.000412099
-0.000526777
-0.00063445
-0.000729562
-0.00080672
-0.000861424
-0.000890876
-0.00089443
-0.000873265
-0.000829343
-0.000764692
-0.000681281
-0.000581126
-0.00046672
-0.000341669
-0.000210982
-8.06853e-05
4.29956e-05
0.000154364
0.000248807
0.000323299
0.000376685
0.000409363
0.000422517
0.000417568
0.000396065
0.000359821
0.000311135
0.00025304
0.000189435
0.000124861
6.39438e-05
1.08566e-05
-3.10495e-05
-5.9452e-05
-7.3088e-05
-7.15124e-05
-5.46433e-05
-2.24835e-05
2.48001e-05
8.67609e-05
0.000162689
0.000251573
0.000351844
0.000461215
0.000577054
0.000696794
0.000817587
0.000935111
0.00104268
0.00113193
0.00119422
0.00122154
0.00120756
0.00114883
0.00104552
0.000900763
0.000719179
0.000506457
0.000269754
1.74867e-05
-0.000241784
-0.000499688
-0.000746683
-0.000971953
-0.00116541
-0.00131869
-0.00142472
-0.00147794
-0.00147553
-0.00141789
-0.00130788
-0.00115061
-0.000954025
-0.000728268
-0.000483733
-0.000230191
2.25969e-05
0.000264701
0.000486702
0.000680149
0.000837348
0.000951329
0.00101662
0.00102999
0.000990606
0.000900139
0.000762742
0.000584792
0.000374226
0.000139983
-0.000108162
-0.000359712
-0.000603751
-0.000829284
-0.00102522
-0.00118035
-0.00128451
-0.00133059
-0.00131528
-0.00123908
-0.0011066
-0.000926067
-0.000707118
-0.000458907
-0.000190292
8.91078e-05
0.00036833
0.000634471
0.000873234
0.001071
0.00121657
0.00130243
0.0013262
0.00129062
0.00120164
0.00106623
0.000891299
0.000683472
0.000449115
0.000195499
-6.75882e-05
-0.000327554
-0.000570508
-0.000783003
-0.000953119
-0.00107172
-0.00113413
-0.00114069
-0.0010952
-0.00100282
-0.000869212
-0.000699826
-0.000499432
-0.000273134
-2.83223e-05
0.000224456
0.000472112
0.000700198
0.000894835
0.001045
0.00114385
0.00118889
0.00118126
0.00112444
0.00102315
0.000882679
0.000708782
0.000508253
0.000289805
6.43395e-05
-0.000155913
-0.00035886
-0.000533878
-0.000672941
-0.000771467
-0.000828233
-0.000844208
-0.000821271
-0.000761789
-0.000668502
-0.000544299
-0.000392655
-0.000218939
-3.1041e-05
0.000161813
0.000350563
0.000526938
0.000684058
0.000817023
0.000922938
0.00100028
0.00104799
0.00106507
0.00105062
0.00100432
0.000927073
0.00082134
0.000691083
0.000541401
0.000378036
0.000207483
3.70421e-05
-0.00012595
-0.000274721
-0.000402958
-0.000504914
-0.000576082
-0.000613698
-0.000616559
-0.000584874
-0.000520437
-0.000426438
-0.000306936
-0.0001665
-1.02856e-05
0.000155816
0.000325332
0.00049136
0.000646707
0.000784296
0.000897543
0.000980352
0.00102686
0.00103164
0.000991346
0.000906302
0.00077961
0.000615971
0.00042186
0.000205167
-2.61169e-05
-0.000264607
-0.000503
-0.000733407
-0.00094713
-0.00113442
-0.00128496
-0.00138958
-0.00144173
-0.00143838
-0.00138007
-0.00126973
-0.00111162
-0.000911257
-0.000675992
-0.000415342
-0.000141675
0.000129532
0.000382205
0.000382205
0.000603307
0.000783634
0.000917577
0.00100406
0.00104589
0.00104656
0.00100794
0.000930911
0.000816558
0.000666173
0.000481991
0.000269536
3.89319e-05
-0.000197232
-0.000426422
-0.000636118
-0.000813996
-0.000950794
-0.00104278
-0.00108993
-0.00109313
-0.001054
-0.000975089
-0.000858763
-0.000706975
-0.000522846
-0.000312564
-8.55448e-05
0.00014638
0.000369911
0.000571596
0.000739619
0.000865522
0.000944645
0.000975385
0.000958562
0.000897195
0.000796145
0.000661476
0.000500187
0.00032035
0.000131059
-5.789e-05
-0.000236431
-0.000394864
-0.000524597
-0.000618844
-0.000672944
-0.000684005
-0.000650267
-0.000570991
-0.000447043
-0.00028226
-8.50249e-05
0.000131901
0.0003532
0.000562447
0.000743244
0.000881178
0.000966326
0.000994137
0.000963686
0.000876154
0.000734837
0.000544781
0.000311723
4.25832e-05
-0.000252037
-0.000557188
-0.000855553
-0.00112895
-0.00135964
-0.00153268
-0.00163802
-0.00167127
-0.00163295
-0.00152713
-0.00136003
-0.00113874
-0.000871167
-0.000567204
-0.000240598
9.01536e-05
0.000404262
0.000682796
0.000910288
0.00107514
0.00117096
0.00119642
0.00115298
0.00104325
0.000871155
0.000642591
0.000366303
5.54208e-05
-0.000271795
-0.000593314
-0.00088607
-0.00112922
-0.00130678
-0.00140877
-0.00143091
-0.00137312
-0.00123763
-0.00102824
-0.000750606
-0.000413532
-2.99805e-05
0.000382784
0.000803317
0.00120705
0.00156886
0.00186618
0.00208208
0.00220649
0.00223488
0.00216681
0.00200585
0.00175955
0.00143863
0.0010565
0.000629954
0.000179656
-0.000271001
-0.000697465
-0.00107618
-0.00138737
-0.00161703
-0.00175758
-0.00180744
-0.00176983
-0.00165076
-0.00145793
-0.00120111
-0.000892299
-0.000545229
-0.000175543
0.00019873
0.000557877
0.000882816
0.00115729
0.00136872
0.00150877
0.00157371
0.0015639
0.00148237
0.00133375
0.00112419
0.000861293
0.000554113
0.000213645
-0.000146629
-0.000510814
-0.000861193
-0.00117923
-0.00144759
-0.00165263
-0.00178524
-0.00184067
-0.00181819
-0.00172047
-0.00155256
-0.00132117
-0.00103477
-0.00070393
-0.00034179
3.59596e-05
0.000411849
0.000768148
0.00108844
0.0013589
0.00156871
0.00170916
0.00177301
0.00175529
0.00165412
0.00147121
0.00121314
0.000892763
0.000528389
0.000140702
-0.000249802
-0.000624001
-0.000965256
-0.00125994
-0.00149676
-0.00166571
-0.0017577
-0.00176576
-0.00168715
-0.00152495
-0.00128827
-0.000991499
-0.000653331
-0.000294599
6.51009e-05
0.000409562
0.000725991
0.00100392
0.00123462
0.00141085
0.00152668
0.00157806
0.00156407
0.00148757
0.00135525
0.00117669
0.000962822
0.000724288
0.000470802
0.000211261
-4.65452e-05
-0.000295463
-0.000527635
-0.000734281
-0.00090683
-0.00103828
-0.00112393
-0.00116162
-0.00115179
-0.00109692
-0.00100078
-0.000867934
-0.000703107
-0.000511257
-0.000298379
-7.2547e-05
0.000155539
0.000373317
0.000567977
0.000727916
0.000843858
0.000909775
0.000923584
0.000886951
0.000803958
0.00067998
0.000521471
0.000335841
0.000131157
-8.35608e-05
-0.000297548
-0.000498756
-0.000675795
-0.000819487
-0.00092308
-0.000981917
-0.000993698
-0.000958578
-0.000878258
-0.000755396
-0.000594193
-0.000400907
-0.000183376
4.93597e-05
0.000286852
0.000517712
0.000731103
0.000918062
0.00107158
0.00118613
0.00125785
0.00128486
0.00126727
0.00120694
0.00110729
0.000973592
0.000812895
0.00063315
0.000442152
0.000247091
5.45942e-05
-0.000129586
-0.000300794
-0.000454953
-0.000587941
-0.000696055
-0.00077714
-0.00083058
-0.000856317
-0.000854498
-0.000826152
-0.000773566
-0.000699207
-0.000605084
-0.000493521
-0.000367516
-0.000230647
-8.74161e-05
5.6413e-05
0.000194007
0.00031795
0.000420651
0.000495323
0.000537225
0.000544001
0.000515736
0.000455156
0.000367116
0.000257216
0.00013089
-6.08118e-06
-0.000147037
-0.000284725
-0.00041148
-0.000519577
-0.000602122
-0.000653973
-0.000672445
-0.000657694
-0.000612538
-0.000541537
-0.000450032
-0.000343864
-0.000229159
-0.000111997
1.78194e-06
0.00010692
0.00019907
0.000274891
0.00033225
0.000370453
0.000370453
0.000390166
0.000392927
0.000380822
0.000356648
0.00032384
0.00028607
0.000247091
0.000210641
0.000179971
0.000157119
0.000142572
0.000135308
0.000132761
0.000131253
0.000126722
0.000114872
9.15725e-05
5.41454e-05
2.67922e-06
-5.99559e-05
-0.000129722
-0.000202732
-0.000275284
-0.00034388
-0.000405464
-0.000457335
-0.000496448
-0.000518495
-0.000518178
-0.000490715
-0.000433606
-0.000348011
-0.000238804
-0.000113387
1.99867e-05
0.000154017
0.000283428
0.000404605
0.00051446
0.000609707
0.000686457
0.000739919
0.000765071
0.000758506
0.000719973
0.000652515
0.00056167
0.000454292
0.00033689
0.000214209
8.90524e-05
-3.6793e-05
-0.000161451
-0.000282212
-0.000395141
-0.000495062
-0.000576254
-0.000633813
-0.000664762
-0.000668218
-0.000645045
-0.000597621
-0.000529246
-0.000442909
-0.000340964
-0.000226285
-0.00010337
2.17229e-05
0.000142293
0.000251519
0.000342836
0.000410972
0.000452709
0.000466647
0.000452692
0.000411879
0.000346253
0.000258605
0.000152518
3.26108e-05
-9.52898e-05
-0.000224217
-0.000346775
-0.000456083
-0.000546229
-0.000612405
-0.000651234
-0.000661179
-0.000642574
-0.000597426
-0.00052931
-0.000442742
-0.000342177
-0.000231646
-0.000114926
4.61893e-06
0.000124207
0.000241098
0.000352011
0.000453619
0.000543271
0.00061918
0.000680478
0.000727147
0.000759762
0.000779176
0.000786035
0.00078036
0.000761541
0.00072888
0.000682079
0.0006211
0.000546217
0.000458433
0.000359462
0.000251538
0.000137304
1.97367e-05
-9.77556e-05
-0.000211138
-0.000315695
-0.00040657
-0.000479548
-0.000531192
-0.000558855
-0.000561003
-0.00053729
-0.000488448
-0.000416275
-0.000323612
-0.000214403
-9.3911e-05
3.12048e-05
0.000153518
0.000265803
0.000361382
0.00043437
0.000480175
0.000495596
0.000478655
0.000428621
0.000346205
0.000233882
9.62885e-05
-5.96025e-05
-0.000225201
-0.000391491
-0.000549564
-0.000690994
-0.000808547
-0.000896406
-0.000950056
-0.000966294
-0.000943431
-0.000881703
-0.000783805
-0.00065523
-0.000503723
-0.000338211
-0.000168168
-2.95617e-06
0.000149268
0.000282134
0.000390752
0.000471113
0.000520012
0.000535289
0.000515885
0.000462001
0.000375553
0.000260571
0.000123068
-2.96223e-05
-0.000189477
-0.000348294
-0.000498427
-0.000633493
-0.000748462
-0.00083925
-0.00090249
-0.000935565
-0.000936766
-0.000905449
-0.000842188
-0.000749074
-0.000629904
-0.000489916
-0.0003353
-0.000172668
-8.32814e-06
0.000152529
0.000306384
0.000451161
0.000584848
0.000704421
0.000806493
0.000888055
0.000946227
0.000978514
0.000984111
0.0009647
0.000923486
0.000863765
0.000788059
0.000697271
0.000591013
0.000469318
0.000333768
0.000187833
3.70757e-05
-0.000111258
-0.000249491
-0.000370956
-0.000470789
-0.000546124
-0.000595766
-0.0006193
-0.000616402
-0.00058673
-0.000530148
-0.000447429
-0.00034104
-0.000215314
-7.61383e-05
6.9453e-05
0.000213791
0.000349333
0.000469283
0.000567812
0.000640335
0.000683791
0.000696471
0.000677938
0.000629464
0.000554265
0.000456881
0.000342374
0.000216306
8.4769e-05
-4.61878e-05
-0.000171087
-0.000285032
-0.000383559
-0.000462843
-0.000520124
-0.000553765
-0.00056303
-0.000547915
-0.000509265
-0.000448914
-0.000369454
-0.000274033
-0.000166617
-5.23885e-05
6.25114e-05
0.000171901
0.000270007
0.000351467
0.000411782
0.000448138
0.00045959
0.000446368
0.000409577
0.000351543
0.000275573
0.000185078
8.34469e-05
-2.49755e-05
-0.000134612
-0.000239478
-0.000333576
-0.000410952
-0.000466353
-0.000496307
-0.000499612
-0.000476995
-0.000430746
-0.00036433
-0.000281707
-0.000186711
-8.29047e-05
2.61149e-05
0.000136458
0.000243924
0.0003441
0.000432575
0.000505341
0.000559328
0.000592772
0.000605267
0.000597586
0.000571425
0.000529104
0.000473304
0.000406991
0.000333509
0.000256654
0.000180533
0.00010918
4.60377e-05
-6.56026e-06
-4.74341e-05
-7.62197e-05
-9.32664e-05
-9.95951e-05
-9.65961e-05
-8.58535e-05
-6.91115e-05
-4.81801e-05
-2.48731e-05
-8.98352e-07
2.24531e-05
4.44716e-05
6.44118e-05
8.07559e-05
9.14441e-05
9.42229e-05
8.64682e-05
6.5589e-05
3.04105e-05
-1.80118e-05
-7.71932e-05
-7.71932e-05
-0.00014408
-0.000215087
-0.000286516
-0.000355457
-0.000419796
-0.000476961
-0.000523118
-0.000553486
-0.000562787
-0.00054628
-0.000501379
-0.000428629
-0.000331886
-0.000217987
-9.55016e-05
2.76329e-05
0.000145683
0.000254484
0.000350555
0.000430813
0.000491579
0.000527767
0.000533699
0.000504985
0.000440025
0.000340871
0.000213909
6.93649e-05
-8.1016e-05
-0.000226518
-0.000358749
-0.000471972
-0.000563011
-0.000630429
-0.000672902
-0.000687988
-0.000672437
-0.000623444
-0.000539839
-0.000423102
-0.00027813
-0.000113125
6.18265e-05
0.000236691
0.000402738
0.000552867
0.00068144
0.000783838
0.000855769
0.000892681
0.000890125
0.0008453
0.000758376
0.000632518
0.000473642
0.000290255
9.22666e-05
-0.000110987
-0.000311737
-0.00050318
-0.000678824
-0.000832396
-0.000957409
-0.00104687
-0.00109414
-0.00109461
-0.00104669
-0.000952011
-0.000815176
-0.000643274
-0.000444847
-0.000228415
-1.82077e-06
0.000227184
0.000450197
0.000658226
0.00084223
0.000993351
0.0011034
0.001166
0.00117751
0.00113719
0.00104704
0.000911231
0.000735469
0.000526659
0.000292732
4.28373e-05
-0.000212374
-0.000460916
-0.000690175
-0.000887733
-0.00104228
-0.00114496
-0.00119039
-0.00117634
-0.00110319
-0.00097383
-0.000793682
-0.000570626
-0.000314815
-3.83811e-05
0.00024481
0.0005198
0.000771801
0.000987735
0.00115707
0.00127172
0.00132609
0.00131737
0.00124525
0.00111182
0.000921953
0.000683705
0.000408126
0.000108538
-0.000200284
-0.00050327
-0.000786399
-0.00103762
-0.00124723
-0.001408
-0.00151494
-0.00156494
-0.00155656
-0.00149023
-0.00136872
-0.00119749
-0.000984752
-0.000741221
-0.000479307
-0.000211824
4.91333e-05
0.000292971
0.000511076
0.000696655
0.000844194
0.000949263
0.00100859
0.00102009
0.000983186
0.000899484
0.000773442
0.00061209
0.000424189
0.000219442
7.78376e-06
-0.000201083
-0.000397886
-0.000573955
-0.000721221
-0.000832127
-0.000899862
-0.000919188
-0.000887212
-0.000803552
-0.000670559
-0.000493662
-0.000280952
-4.20489e-05
0.000212875
0.000473265
0.000728236
0.000966933
0.0011787
0.0013534
0.00148205
0.00155744
0.00157465
0.00153153
0.00142883
0.00127018
0.00106179
0.000811811
0.000529684
0.000226123
-8.69705e-05
-0.000397088
-0.00069193
-0.000959828
-0.00119004
-0.0013733
-0.00150228
-0.00157209
-0.00158059
-0.00152808
-0.00141707
-0.00125213
-0.0010396
-0.000787449
-0.000505292
-0.000204012
0.000104809
0.000409212
0.000697276
0.00095777
0.0011808
0.00135813
0.0014833
0.00155151
0.00155978
0.00150754
0.0013972
0.00123352
0.00102317
0.00077481
0.000498541
0.000205092
-9.46597e-05
-0.000389763
-0.000669111
-0.000921312
-0.0011346
-0.00129779
-0.00140196
-0.00144143
-0.00141386
-0.00132046
-0.00116569
-0.000956619
-0.00070203
-0.000411625
-9.58705e-05
0.000233511
0.000563092
0.000878082
0.00116337
0.00140449
0.00158875
0.00170653
0.00175184
0.00172254
0.00162012
0.0014489
0.00121531
0.000927715
0.000596388
0.000233551
-0.000146755
-0.00052919
-0.000897981
-0.00123789
-0.00153499
-0.00177725
-0.00195505
-0.00206154
-0.0020927
-0.00204715
-0.00192593
-0.00173286
-0.00147481
-0.00116116
-0.000803499
-0.000415467
-1.22771e-05
0.000390356
0.000777113
0.00113343
0.00144567
0.00170134
0.00188942
0.00200147
0.00203291
0.00198314
0.00185533
0.00165656
0.00139741
0.00109058
0.00074974
0.000388811
2.17018e-05
-0.000338007
-0.000676974
-0.000981649
-0.00123849
-0.0014354
-0.00156312
-0.0016158
-0.00159149
-0.00149282
-0.00132675
-0.00110289
-0.000832053
-0.000525745
-0.000195815
0.000145844
0.000487021
0.000814794
0.0011156
0.00137579
0.00158247
0.00172474
0.00179532
0.00179119
0.00171347
0.00156686
0.00135886
0.00109894
0.000797858
0.000467179
0.000119267
-0.000232544
-0.000574059
-0.000890836
-0.00116918
-0.00139715
-0.00156558
-0.00166881
-0.00170484
-0.00167482
-0.00158245
-0.00143339
-0.00123489
-0.000995575
-0.000725424
-0.000436006
-0.000140304
0.000148201
0.000416523
0.000652858
0.000847335
0.000992741
0.000992741
0.00108476
0.00112169
0.00110398
0.00103407
0.000916282
0.000756755
0.000563363
0.000345658
0.000114595
-0.000118092
-0.00034072
-0.000542543
-0.000714473
-0.000849528
-0.000943038
-0.000992632
-0.000998004
-0.000960554
-0.000883231
-0.000770734
-0.000629537
-0.000467582
-0.000293847
-0.000117742
5.16412e-05
0.000206181
0.000339166
0.000445495
0.000521549
0.000564775
0.000573472
0.000547057
0.000486331
0.000393576
0.000272732
0.000129463
-2.9244e-05
-0.00019591
-0.000363248
-0.000524456
-0.000673323
-0.000804203
-0.000911929
-0.00099174
-0.00103928
-0.00105063
-0.00102238
-0.000952534
-0.000841719
-0.000693284
-0.000512639
-0.00030694
-8.44818e-05
0.000146375
0.000377773
0.000602057
0.000811407
0.000997789
0.00115289
0.00126874
0.00133895
0.00135948
0.0013292
0.0012504
0.00112839
0.000970361
0.000784324
0.000578526
0.000361202
0.000140212
-7.72598e-05
-0.000284446
-0.000474455
-0.000640517
-0.000776836
-0.000879026
-0.000944251
-0.000971392
-0.000961114
-0.000915593
-0.000837981
-0.000731955
-0.000601531
-0.000451282
-0.000286402
-0.000112226
6.58417e-05
0.000242075
0.000410779
0.000566652
0.000704628
0.000819733
0.000907302
0.000963271
0.000984426
0.000969139
0.000918022
0.000833599
0.000719788
0.000581694
0.000425177
0.000256421
8.18238e-05
-9.19412e-05
-0.000257899
-0.000408859
-0.000537693
-0.00063802
-0.000704971
-0.000735522
-0.000728649
-0.000685406
-0.000608706
-0.00050293
-0.000373521
-0.000226687
-6.9236e-05
9.15797e-05
0.000248247
0.000393282
0.000519626
0.000621061
0.00069267
0.000731274
0.00073566
0.000706513
0.000646109
0.000557971
0.000446523
0.000316713
0.00017376
2.3171e-05
-0.000129191
-0.000277341
-0.000415546
-0.000538632
-0.000642355
-0.000723722
-0.000781149
-0.000814447
-0.000824427
-0.000811988
-0.000777136
-0.000719177
-0.000638084
-0.000535211
-0.00041326
-0.000276516
-0.000130683
1.81499e-05
0.000164683
0.00030496
0.000436267
0.000556636
0.000663839
0.000754476
0.000823988
0.000867487
0.000880977
0.000862581
0.00081324
0.000736676
0.000638534
0.000525062
0.000402069
0.000274449
0.000146156
2.05992e-05
-9.8716e-05
-0.000207708
-0.000301843
-0.000376915
-0.000430005
-0.00046003
-0.000467882
-0.000456324
-0.000429279
-0.000390604
-0.000343224
-0.000289246
-0.000230641
-0.000169577
-0.000108558
-5.07036e-05
4.6156e-07
4.17364e-05
7.09439e-05
8.72774e-05
9.11755e-05
8.38601e-05
6.67066e-05
4.07518e-05
6.58515e-06
-3.54427e-05
-8.47209e-05
-0.000139795
-0.000198096
-0.000256144
-0.000310085
-0.000356198
-0.00039129
-0.000412919
-0.000419318
-0.00040936
-0.000382588
-0.000339047
-0.000279323
-0.000205079
-0.000119398
-2.63234e-05
6.98968e-05
0.000164981
0.0002547
0.000335333
0.000403805
0.000457425
0.00049377
0.000510854
0.000507403
0.000483094
0.000438826
0.000376906
0.000300857
0.000214834
0.000122994
2.90304e-05
-6.40559e-05
-0.000153834
-0.000238143
-0.000315
-0.000382584
-0.000439185
-0.000483281
-0.000513601
-0.000529227
-0.000529818
-0.000515657
-0.000487403
-0.000445927
-0.000392521
-0.000328974
-0.000257166
-0.000178915
-9.6194e-05
-1.11234e-05
7.40315e-05
0.000156707
0.000234007
0.000302877
0.000360382
0.000403965
0.000431755
0.000442718
0.000436451
0.00041301
0.000372819
0.000316565
0.000245374
0.000161158
6.6719e-05
-3.41017e-05
-0.000136056
-0.000232519
-0.000316666
-0.000382976
-0.000427558
-0.000448041
-0.000444081
-0.000417504
-0.000371291
-0.000308352
-0.00023149
-0.000143958
-4.96042e-05
4.70119e-05
0.000140642
0.000225734
0.000296987
0.00035021
0.000383111
0.000395459
0.000388605
0.000365019
0.000328142
0.000281895
0.000230085
0.000176488
0.000124963
7.89973e-05
4.10925e-05
1.25008e-05
-6.94726e-06
-1.89659e-05
-2.60412e-05
-3.04205e-05
-3.42293e-05
-3.96687e-05
-4.84495e-05
-6.13348e-05
-7.82357e-05
-9.87095e-05
-0.000122196
-0.000147708
-0.000173536
-0.000197186
-0.000215737
-0.000226309
-0.000226233
-0.000213533
-0.000187741
-0.000150168
-0.000103307
-5.01017e-05
6.03406e-06
6.13074e-05
0.000112123
0.00015509
0.000186723
0.000203496
0.00020207
0.000179696
0.000134711
0.000134711
6.7059e-05
-2.11737e-05
-0.000125576
-0.00023988
-0.000356731
-0.00046819
-0.000566275
-0.000644192
-0.000697055
-0.000720951
-0.000712274
-0.000668169
-0.000586695
-0.00046693
-0.000309633
-0.000118108
0.000101138
0.000338023
0.000579024
0.000808984
0.00101383
0.00118164
0.00130271
0.00136991
0.0013785
0.00132554
0.00120955
0.00103033
0.000789625
0.000492684
0.000149957
-0.000222578
-0.00060518
-0.000976722
-0.00131674
-0.00160732
-0.00183423
-0.00198745
-0.00206068
-0.00204986
-0.00195261
-0.00176913
-0.00150361
-0.00116543
-0.000769415
-0.000335262
0.00011401
0.000554511
0.000963975
0.00132387
0.0016204
0.00184392
0.00198801
0.00204908
0.00202601
0.00192024
0.00173655
0.00148415
0.00117679
0.000831505
0.000467136
0.000102982
-0.000242563
-0.000553521
-0.000817104
-0.00102338
-0.00116487
-0.0012366
-0.00123632
-0.00116465
-0.00102537
-0.000825971
-0.000577619
-0.000294468
7.52872e-06
0.000311613
0.000601176
0.000860932
0.00107785
0.00124157
0.00134438
0.00138104
0.00134906
0.0012491
0.00108513
0.000864283
0.000596519
0.000294389
-2.77641e-05
-0.000355096
-0.000673332
-0.000969377
-0.00123165
-0.0014504
-0.00161796
-0.00172868
-0.00177909
-0.00176848
-0.0016991
-0.0015758
-0.00140534
-0.00119567
-0.000955073
-0.000691967
-0.000415299
-0.000134287
0.000141939
0.000404109
0.000642934
0.000849859
0.00101791
0.0011422
0.00121986
0.00124971
0.00123183
0.00116775
0.0010607
0.000915275
0.000737463
0.000535356
0.000319312
0.000101019
-0.000107798
-0.00029614
-0.000454391
-0.000575447
-0.00065547
-0.000693448
-0.000690043
-0.000647107
-0.000567833
-0.000456658
-0.000319162
-0.000162299
5.35148e-06
0.000173774
0.00033246
0.000471482
0.000582139
0.000657596
0.000693648
0.000688946
0.000644402
0.000562581
0.000447524
0.000304367
0.000138701
-4.36584e-05
-0.000236512
-0.000433253
-0.000626787
-0.000808939
-0.000970149
-0.00110037
-0.00119039
-0.00123258
-0.00122164
-0.00115593
-0.0010378
-0.000872199
-0.000665377
-0.000424728
-0.000158514
0.000124436
0.000414436
0.000700209
0.000968791
0.00120652
0.00140048
0.00154027
0.00161957
0.00163633
0.00159237
0.00149287
0.00134516
0.00115753
0.000938728
0.00069855
0.000448114
0.000199663
-3.37575e-05
-0.000239073
-0.000404578
-0.000521441
-0.000584623
-0.000593033
-0.00054919
-0.000458458
-0.000328235
-0.000167603
1.28371e-05
0.000201004
0.000383436
0.000546386
0.000677047
0.000763679
0.000796278
0.000768641
0.000680177
0.000535938
0.000344946
0.000118852
-0.000128636
-0.000382709
-0.000628416
-0.000851487
-0.00103867
-0.00117726
-0.00125561
-0.00126506
-0.00120164
-0.001067
-0.000868244
-0.000617434
-0.000330411
-2.4634e-05
0.00028243
0.000574358
0.000836406
0.00105538
0.00121983
0.00132106
0.00135426
0.00131882
0.00121793
0.00105876
0.000852316
0.000612356
0.000354292
9.43382e-05
-0.000151627
-0.00036888
-0.000544465
-0.000668043
-0.000732787
-0.000735632
-0.000676916
-0.000560265
-0.000392407
-0.000182555
5.80816e-05
0.000316868
0.000580379
0.000834735
0.00106627
0.00126248
0.00141263
0.00150795
0.00154197
0.00151094
0.00141399
0.00125296
0.00103234
0.000759301
0.000443334
9.53396e-05
-0.000272849
-0.000648309
-0.00101693
-0.001364
-0.00167536
-0.00193817
-0.00214139
-0.00227643
-0.00233769
-0.00232282
-0.00223273
-0.00207109
-0.00184389
-0.00155957
-0.00122914
-0.000866156
-0.000486312
-0.00010643
0.000256698
0.000587477
0.00087254
0.00110145
0.00126689
0.00136444
0.00139234
0.00135131
0.00124439
0.0010772
0.000858289
0.000599084
0.000313285
1.60485e-05
-0.000277076
-0.000551348
-0.000793887
-0.000994285
-0.00114479
-0.0012403
-0.00127831
-0.00125859
-0.00118286
-0.00105498
-0.000881222
-0.00067005
-0.000431727
-0.000177895
7.89813e-05
0.00032653
0.000553441
0.000750172
0.000909399
0.00102613
0.00109754
0.00112281
0.00110303
0.00104102
0.000941383
0.00081035
0.000655655
0.00048617
0.000311327
0.000140292
-1.88572e-05
-0.000159468
-0.000276271
-0.000365532
-0.000365532
-0.00042515
-0.000454466
-0.000454151
-0.000426055
-0.000373094
-0.000299359
-0.000210015
-0.000110786
-7.50725e-06
9.40229e-05
0.000188223
0.00027019
0.000335946
0.000382321
0.000406987
0.000408713
0.000387612
0.000345217
0.00028443
0.000209554
0.000126008
3.93688e-05
-4.54561e-05
-0.000124055
-0.000192334
-0.000246902
-0.000285164
-0.000304965
-0.000304479
-0.000282747
-0.000240317
-0.000179539
-0.000104676
-2.14521e-05
6.39686e-05
0.000145718
0.000218662
0.000278763
0.000323152
0.000349963
0.000358147
0.000347311
0.000317688
0.00027035
0.000207501
0.000132395
4.89982e-05
-3.82576e-05
-0.00012489
-0.000206915
-0.000281033
-0.000344425
-0.000394669
-0.000429986
-0.000449361
-0.000452435
-0.000439568
-0.000411932
-0.000371387
-0.000320227
-0.000260957
-0.00019611
-0.000128163
-5.96972e-05
6.38643e-06
6.69405e-05
0.000118776
0.00015884
0.000184571
0.000194429
0.000188119
0.000166266
0.000130077
8.11751e-05
2.12726e-05
-4.79804e-05
-0.000124615
-0.000205852
-0.000287971
-0.00036644
-0.000436197
-0.000492356
-0.000531031
-0.000549643
-0.000546949
-0.000523018
-0.000478935
-0.000416448
-0.000337843
-0.000245993
-0.000144515
-3.79042e-05
6.86278e-05
0.00016973
0.000260406
0.000336119
0.00039307
0.00042861
0.000441227
0.000430318
0.000396124
0.000339783
0.000263339
0.000169671
6.24695e-05
-5.38095e-05
-0.00017419
-0.000293596
-0.000407118
-0.000510017
-0.000597828
-0.000666778
-0.000714128
-0.000738048
-0.00073747
-0.000712225
-0.000663084
-0.000591698
-0.000500518
-0.00039264
-0.000271674
-0.000141623
-6.73962e-06
0.000128468
0.000259258
0.000381016
0.000489601
0.000581405
0.000653362
0.000703171
0.000729534
0.000732058
0.000711019
0.000667221
0.000601871
0.000516743
0.000414488
0.000298553
0.000173011
4.25608e-05
-8.77364e-05
-0.000212953
-0.000328639
-0.000430822
-0.000515951
-0.000580867
-0.000622718
-0.000639227
-0.000629219
-0.000592749
-0.000531105
-0.000446938
-0.000344085
-0.0002271
-0.000100783
3.01354e-05
0.000161121
0.000287842
0.000406095
0.000511738
0.000600798
0.000669792
0.000716034
0.000737708
0.000733826
0.000704446
0.000650911
0.000575515
0.000481057
0.000370744
0.000248099
0.000116919
-1.86769e-05
-0.000154236
-0.00028491
-0.000405317
-0.000509653
-0.000592475
-0.000649606
-0.00067825
-0.000676898
-0.000645498
-0.000585258
-0.000498227
-0.000387123
-0.000255393
-0.000107484
5.07793e-05
0.00021201
0.000367826
0.000510003
0.000631237
0.00072561
0.000789086
0.000819558
0.000816452
0.000780319
0.000712633
0.000615814
0.000493404
0.000350326
0.000192985
2.89828e-05
-0.000133459
-0.000286299
-0.000422454
-0.000536332
-0.000624026
-0.000683185
-0.000712745
-0.000712636
-0.000683512
-0.000626617
-0.000543997
-0.000438903
-0.000315913
-0.000180737
-3.99523e-05
9.92981e-05
0.000229825
0.000345108
0.000439825
0.000509918
0.000552482
0.00056569
0.000548774
0.000501999
0.000426707
0.000325605
0.000203145
6.55209e-05
-7.99443e-05
-0.000225574
-0.000363663
-0.000486832
-0.000588645
-0.000663797
-0.000708041
-0.000718274
-0.000692644
-0.000630759
-0.000533982
-0.000405711
-0.00025139
-7.81035e-05
0.000106037
0.000292497
0.000472837
0.000639109
0.000784215
0.000902066
0.000987442
0.00103605
0.00104492
0.00101282
0.00094061
0.000831419
0.000690319
0.000523944
0.000339982
0.000146548
-4.83397e-05
-0.000237019
-0.000412272
-0.000567396
-0.000696269
-0.000793482
-0.00085476
-0.000877565
-0.000861441
-0.000808017
-0.000720826
-0.000604964
-0.000466655
-0.000312813
-0.000150649
1.25319e-05
0.000169396
0.000312695
0.000435591
0.00053207
0.000597225
0.000627599
0.000621562
0.000579442
0.000503477
0.000397668
0.000267477
0.000119454
-3.90626e-05
-0.000200147
-0.000355574
-0.000497188
-0.000617243
-0.000708886
-0.000766749
-0.000787385
-0.000769411
-0.000713378
-0.000621601
-0.000498073
-0.000348337
-0.000179273
1.29032e-06
0.000185015
0.000363249
0.000527353
0.000669399
0.000782838
0.00086293
0.000906879
0.000913745
0.00088432
0.000820969
0.000727381
0.000608222
0.000468877
0.000315389
0.000154333
-7.48353e-06
-0.000163294
-0.000306589
-0.000306589
-0.000431482
-0.000533233
-0.000608426
-0.000654739
-0.000670853
-0.00065669
-0.000613561
-0.00054383
-0.000450634
-0.00033799
-0.000210788
-7.4627e-05
6.43893e-05
0.000199951
0.00032587
0.000436369
0.000526352
0.000591704
0.000629505
0.000638052
0.000616917
0.000567041
0.000490672
0.000391246
0.000273276
0.000142206
4.13701e-06
-0.000134553
-0.000267596
-0.000389205
-0.000494362
-0.000578973
-0.000639969
-0.000675325
-0.000683925
-0.000665445
-0.000620472
-0.000550665
-0.000458777
-0.000348624
-0.000225017
-9.35287e-05
4.00019e-05
0.000170053
0.000291728
0.000400832
0.00049386
0.000567887
0.000620429
0.000649455
0.000653588
0.000632411
0.000586718
0.000518706
0.000431952
0.000331048
0.00022115
0.000107616
-4.29933e-06
-0.000109748
-0.000204473
-0.000284783
-0.000347521
-0.000390202
-0.000411187
-0.000409763
-0.000386232
-0.00034205
-0.000279845
-0.00020325
-0.000116717
-2.52424e-05
6.60676e-05
0.000152393
0.000229433
0.000293565
0.000341907
0.000372231
0.000382816
0.000372481
0.000340716
0.000287788
0.000214892
0.000124398
1.98881e-05
-9.42566e-05
-0.000213278
-0.000332192
-0.000445894
-0.000549504
-0.000638738
-0.000709893
-0.000759723
-0.00078555
-0.000785374
-0.000758023
-0.000703426
-0.000622693
-0.000518127
-0.0003933
-0.000253012
-0.000103075
5.01357e-05
0.000200191
0.000340975
0.000466955
0.000573367
0.000656413
0.000713381
0.000742622
0.000743594
0.000717029
0.000664979
0.000590642
0.000498104
0.000392142
0.000277944
0.000160673
4.51713e-05
-6.39947e-05
-0.000162562
-0.000246968
-0.000314606
-0.000363807
-0.000393947
-0.000405507
-0.00039988
-0.000379128
-0.000345763
-0.000302524
-0.000252233
-0.000197834
-0.000142433
-8.90991e-05
-4.06227e-05
6.71112e-07
3.31488e-05
5.58752e-05
6.84529e-05
7.10466e-05
6.43625e-05
4.94067e-05
2.73008e-05
-7.2557e-07
-3.32315e-05
-6.84984e-05
-0.000104588
-0.00013943
-0.000170901
-0.000196979
-0.000215977
-0.000226705
-0.000228478
-0.000221076
-0.000204743
-0.000180154
-0.0001483
-0.000110361
-6.77255e-05
-2.20716e-05
2.46775e-05
7.05134e-05
0.000113488
0.000151785
0.000183873
0.000208708
0.000225779
0.000234966
0.000236455
0.000230824
0.000219057
0.000202416
0.000182384
0.000160585
0.000138606
0.000117814
9.92514e-05
8.35626e-05
7.10026e-05
6.16216e-05
5.54357e-05
5.237e-05
5.22269e-05
5.47942e-05
5.99007e-05
6.73398e-05
7.67574e-05
8.77037e-05
9.97792e-05
0.00011267
0.000126128
0.000139867
0.000153409
0.000166042
0.000176864
0.00018476
0.000188477
0.0001869
0.000179251
0.000164929
0.000143451
0.000114579
7.82522e-05
3.4537e-05
-1.62013e-05
-7.30259e-05
-0.000134206
-0.000197082
-0.000258125
-0.000313567
-0.000360193
-0.000395462
-0.000417422
-0.000424857
-0.00041727
-0.000394763
-0.000358013
-0.000308224
-0.000247213
-0.000177634
-0.000103003
-2.73068e-05
4.54604e-05
0.000111469
0.000167321
0.000210405
0.000238913
0.000251713
0.000248365
0.000229242
0.000195538
0.000149165
9.27364e-05
2.94998e-05
-3.68978e-05
-0.000102688
-0.000164237
-0.000218256
-0.000261946
-0.0002931
-0.000310119
-0.00031193
-0.000297963
-0.00026821
-0.000223277
-0.000164439
-9.36869e-05
-1.36823e-05
7.23562e-05
0.000160758
0.000247567
0.000328847
0.000400972
0.000460682
0.000505069
0.000531658
0.0005385
0.000524469
0.000489568
0.00043486
0.000362358
0.00027509
0.000176925
7.20874e-05
-3.52178e-05
-0.000140838
-0.000240716
-0.000331081
-0.000408502
-0.000469902
-0.000512745
-0.000535313
-0.00053688
-0.000517671
-0.00047876
-0.000422113
-0.000350581
-0.000267564
-0.000176709
-8.18988e-05
1.2777e-05
0.000103268
0.000185842
0.000257216
0.000314634
0.000356026
0.000380142
0.000386531
0.000375464
0.000347899
0.0003055
0.000250558
0.000185853
0.000114599
4.03932e-05
-3.29439e-05
-0.000101642
-0.00016222
-0.000211668
-0.000247622
-0.000268508
-0.000273566
-0.00026277
-0.000236747
-0.000196697
-0.000144302
-8.16044e-05
-1.09632e-05
6.49576e-05
0.00014322
0.00022063
0.000293745
0.000359063
0.000413351
0.000453859
0.000478379
0.000485307
0.00047385
0.000444182
0.000397275
0.00033477
0.000259068
0.000259068
0.000173305
8.10257e-05
-1.41207e-05
-0.00010838
-0.000197952
-0.000279274
-0.000349163
-0.000404766
-0.000443604
-0.000463775
-0.000464193
-0.000444682
-0.000406026
-0.000350062
-0.000279599
-0.000198009
-0.000108867
-1.58127e-05
7.76069e-05
0.000168087
0.000252541
0.000327988
0.000391483
0.000440138
0.00047129
0.000482944
0.000474257
0.000445598
0.000398406
0.000335091
0.000258765
0.000172827
8.06583e-05
-1.44496e-05
-0.000109223
-0.000200284
-0.000284022
-0.00035665
-0.000414548
-0.000454712
-0.000475119
-0.000474954
-0.00045465
-0.000415783
-0.000360799
-0.000292612
-0.000214328
-0.00012917
-4.05043e-05
4.81119e-05
0.000132921
0.000210062
0.000275822
0.000326991
0.000361181
0.000377042
0.000374342
0.000353867
0.000317219
0.000266595
0.000204587
0.00013407
5.81681e-05
-1.97366e-05
-9.60235e-05
-0.000166953
-0.000228868
-0.000278493
-0.000313251
-0.000331443
-0.000332292
-0.000315919
-0.000283231
-0.000235803
-0.000175781
-0.00010581
-2.89762e-05
5.1207e-05
0.00013088
0.000206082
0.000273063
0.000328454
0.000369448
0.000394001
0.000400889
0.000389686
0.000360718
0.000315029
0.000254346
0.0001811
9.84687e-05
1.03352e-05
-7.89744e-05
-0.000165018
-0.000243507
-0.000310577
-0.000363049
-0.000398643
-0.000416003
-0.000414552
-0.000394393
-0.000356334
-0.000301905
-0.000233356
-0.000153688
-6.6635e-05
2.35281e-05
0.0001123
0.000195254
0.000268359
0.000328274
0.000372469
0.000399232
0.000407637
0.000397491
0.000369323
0.000324417
0.000264822
0.00019334
0.000113448
2.91199e-05
-5.54795e-05
-0.000136313
-0.000209684
-0.000272405
-0.000321947
-0.00035649
-0.000374864
-0.000376508
-0.00036155
-0.00033087
-0.000286091
-0.000229538
-0.000164126
-9.31494e-05
-2.0041e-05
5.18487e-05
0.00011944
0.000180045
0.000231396
0.000271659
0.000299488
0.000314073
0.000315155
0.000303052
0.000278669
0.000243472
0.000199388
0.000148659
9.36474e-05
3.66727e-05
-2.00501e-05
-7.44015e-05
-0.000124435
-0.000168439
-0.0002049
-0.000232486
-0.000250138
-0.000257243
-0.000253746
-0.000240161
-0.000217599
-0.000187749
-0.000152702
-0.000114669
-7.57944e-05
-3.8078e-05
-3.23482e-06
2.7461e-05
5.31287e-05
7.30551e-05
8.66224e-05
9.3427e-05
9.33501e-05
8.65637e-05
7.35774e-05
5.53396e-05
3.32768e-05
9.12608e-06
-1.53247e-05
-3.8416e-05
-5.87426e-05
-7.52642e-05
-8.73247e-05
-9.45137e-05
-9.64934e-05
-9.29452e-05
-8.36454e-05
-6.85882e-05
-4.80869e-05
-2.28906e-05
5.70763e-06
3.59362e-05
6.58744e-05
9.37924e-05
0.000118215
0.000137916
0.000152021
0.000159979
0.000161413
0.000156027
0.000143674
0.000124511
9.91055e-05
6.84885e-05
3.41385e-05
-2.15042e-06
-3.85057e-05
-7.32279e-05
-0.000104969
-0.000132805
-0.000156121
-0.0001744
-0.000187158
-0.000193957
-0.000194386
-0.000188197
-0.000175557
-0.000157166
-0.000134125
-0.000107762
-7.95086e-05
-5.07265e-05
-2.26066e-05
3.80522e-06
2.75191e-05
4.75195e-05
6.27405e-05
7.21379e-05
7.48873e-05
7.05986e-05
5.9405e-05
4.1966e-05
1.94187e-05
-6.78769e-06
-3.51552e-05
-6.43184e-05
-9.30211e-05
-0.000120064
-0.000144319
-0.000164699
-0.000180115
-0.000189563
-0.000192316
-0.00018808
-0.000177015
-0.00015965
-0.000136779
-0.000109343
-7.83118e-05
-4.45925e-05
-9.03848e-06
2.74659e-05
6.39281e-05
9.92533e-05
0.000132339
0.000162177
0.000187939
0.000209046
0.000225138
0.000235971
0.000241339
0.000241058
0.00023498
0.000223053
0.000205494
0.000182908
0.00015618
0.000126356
9.4567e-05
6.1849e-05
2.90076e-05
-3.35133e-06
-3.47081e-05
-6.45132e-05
-9.20808e-05
-0.000116528
-0.000136877
-0.000152312
-0.000162375
-0.000167036
-0.000166671
-0.000162014
-0.000154054
-0.00014384
-0.000132291
-0.000120183
-0.000108241
-9.71658e-05
-8.75887e-05
-8.0027e-05
-7.48891e-05
-7.24053e-05
-7.25046e-05
-7.48061e-05
-7.87757e-05
-8.38175e-05
-8.9176e-05
-9.39492e-05
-9.72543e-05
-9.82634e-05
-9.61808e-05
-9.03237e-05
-8.02454e-05
-6.57935e-05
-4.71126e-05
-2.46469e-05
9.16021e-07
2.87842e-05
5.81651e-05
8.82941e-05
0.000118425
0.00014782
0.00017575
0.000201509
0.00022439
0.000243709
0.000258824
0.000269178
0.000274376
0.000274274
0.000268915
0.000268915
0.000258471
0.000243219
0.000223523
0.000199871
0.000172901
0.00014328
0.000111631
7.85433e-05
4.45379e-05
1.00819e-05
-2.43238e-05
-5.81456e-05
-9.08333e-05
-0.000121759
-0.000150178
-0.000175351
-0.000196718
-0.000213929
-0.000226769
-0.000235124
-0.000238931
-0.000238189
-0.000232998
-0.000223467
-0.000209701
-0.000191926
-0.000170513
-0.000146004
-0.000119155
-9.08447e-05
-6.19305e-05
-3.31912e-05
-5.28687e-06
2.12517e-05
4.59958e-05
6.86132e-05
8.88417e-05
0.000106403
0.000120948
0.000132112
0.00013965
0.000143499
0.000143772
0.000140749
0.000134831
0.000126504
0.000116314
0.000104815
9.25716e-05
8.0197e-05
6.83188e-05
5.74787e-05
4.80893e-05
4.0474e-05
3.48522e-05
3.12672e-05
2.95914e-05
2.95965e-05
3.09756e-05
3.32859e-05
3.59431e-05
3.82813e-05
3.95836e-05
3.91387e-05
3.63367e-05
3.0723e-05
2.20159e-05
1.01083e-05
-4.94304e-06
-2.29046e-05
-4.33144e-05
-6.54453e-05
-8.83139e-05
-0.000110694
-0.000131179
-0.000148433
-0.000161421
-0.000169347
-0.000171612
-0.000167952
-0.000158468
-0.000143488
-0.000123461
-9.89995e-05
-7.09754e-05
-4.05341e-05
-9.06241e-06
2.18858e-05
5.07288e-05
7.60135e-05
9.65612e-05
0.000111558
0.000120572
0.000123511
0.000120543
0.000112044
9.85587e-05
8.07501e-05
5.94369e-05
3.56416e-05
1.05691e-05
-1.44872e-05
-3.82487e-05
-5.95424e-05
-7.73771e-05
-9.09705e-05
-9.97162e-05
-0.00010314
-0.000100891
-9.27597e-05
-7.87024e-05
-5.89525e-05
-3.41356e-05
-5.28063e-06
2.62274e-05
5.86933e-05
9.02428e-05
0.000119118
0.000143909
0.000163471
0.000176828
0.000183208
0.000182028
0.000172854
0.000155489
0.000130129
9.75072e-05
5.8945e-05
1.62984e-05
-2.82503e-05
-7.24913e-05
-0.000114389
-0.000152192
-0.000184485
-0.000210148
-0.000228259
-0.000238053
-0.000238936
-0.000230563
-0.000212965
-0.000186655
-0.000152691
-0.000112646
-6.8388e-05
-2.18704e-05
2.49777e-05
7.03015e-05
0.000112384
0.000149698
0.000180888
0.000204742
0.000220258
0.000226752
0.000223977
0.000212205
0.000192217
0.000165233
0.000132809
9.67082e-05
5.87593e-05
2.07738e-05
-1.54706e-05
-4.82717e-05
-7.60866e-05
-9.76018e-05
-0.000111802
-0.000118048
-0.000116146
-0.000106372
-8.94413e-05
-6.64171e-05
-3.85943e-05
-7.38805e-06
2.5739e-05
5.93289e-05
9.19703e-05
0.000122327
0.000149149
0.000171316
0.000187931
0.000198403
0.000202441
0.000200035
0.000191439
0.000177167
0.000157933
0.000134584
0.000108072
7.94505e-05
4.98837e-05
2.06475e-05
-6.93789e-06
-3.15924e-05
-5.21403e-05
-6.75876e-05
-7.72271e-05
-8.06761e-05
-7.78089e-05
-6.87166e-05
-5.37282e-05
-3.34113e-05
-8.58123e-06
1.9666e-05
4.99523e-05
8.06772e-05
0.000110117
0.000136557
0.000158478
0.000174698
0.000184351
0.000186859
0.000181947
0.000169607
0.000150088
0.000123925
9.19756e-05
5.54253e-05
1.57475e-05
-2.53742e-05
-6.61854e-05
-0.000105022
-0.000140427
-0.000171227
-0.000196569
-0.000215911
-0.000228965
-0.00023566
-0.000236158
-0.000230876
-0.000220482
-0.000205872
-0.000188159
-0.000168618
-0.000148569
-0.000129271
-0.000111832
-9.71506e-05
-8.59257e-05
-7.8684e-05
-7.57539e-05
-7.72508e-05
-8.30759e-05
-9.28908e-05
-0.000106133
-0.000122067
-0.000139811
-0.000158396
-0.000176835
-0.000194187
-0.000209576
-0.000222186
-0.000231243
-0.000236036
-0.000235969
-0.000230614
-0.00021981
-0.000203752
-0.000182969
-0.000158256
-0.000130653
-0.000101373
-7.16317e-05
-4.25173e-05
-1.50186e-05
9.91395e-06
3.13991e-05
4.86575e-05
6.10249e-05
6.80031e-05
6.93505e-05
6.51609e-05
5.58731e-05
4.22361e-05
2.52515e-05
6.07701e-06
-1.40708e-05
-3.39798e-05
-5.24802e-05
-6.8475e-05
-8.1015e-05
-8.93869e-05
-9.3114e-05
-9.19413e-05
-8.58737e-05
-7.51853e-05
-6.03594e-05
-4.20369e-05
-2.10226e-05
1.72467e-06
2.51513e-05
4.81524e-05
6.96115e-05
8.84732e-05
0.000103825
0.000114961
0.000121424
0.000123006
0.000119768
0.00011203
0.000100335
8.5404e-05
6.81079e-05
4.94339e-05
3.0419e-05
1.20979e-05
-4.51192e-06
-1.84361e-05
-2.88061e-05
-3.49138e-05
-3.62495e-05
-3.2533e-05
-2.37291e-05
-1.00567e-05
8.0004e-06
2.96938e-05
5.40422e-05
7.99129e-05
0.000106112
0.000131438
0.000154737
0.000174964
0.000191229
0.000191229
0.000202821
0.000209172
0.000209851
0.000204577
0.000193238
0.000175967
0.000153236
0.000125835
9.47872e-05
6.13104e-05
2.67615e-05
-7.44613e-06
-3.99436e-05
-6.94769e-05
-9.4922e-05
-0.000115286
-0.000129731
-0.000137634
-0.000138642
-0.000132661
-0.000119885
-0.000100835
-7.63045e-05
-4.72962e-05
-1.49914e-05
1.92946e-05
5.4191e-05
8.83468e-05
0.000120475
0.000149386
0.000174027
0.000193527
0.000207211
0.000214595
0.000215406
0.000209658
0.000197726
0.000180293
0.000158275
0.000132807
0.00010518
7.67014e-05
4.86047e-05
2.20425e-05
-1.89399e-06
-2.22073e-05
-3.8037e-05
-4.8709e-05
-5.38056e-05
-5.32418e-05
-4.73075e-05
-3.6649e-05
-2.22008e-05
-5.06698e-06
1.35864e-05
3.25807e-05
5.07779e-05
6.71473e-05
8.07848e-05
9.08893e-05
9.67692e-05
9.79231e-05
9.41086e-05
8.53634e-05
7.20579e-05
5.49232e-05
3.49736e-05
1.3396e-05
-8.54484e-06
-2.95961e-05
-4.85963e-05
-6.45559e-05
-7.66749e-05
-8.42663e-05
-8.674e-05
-8.36669e-05
-7.48236e-05
-6.02559e-05
-4.03825e-05
-1.60679e-05
1.13943e-05
4.03738e-05
6.90439e-05
9.56366e-05
0.000118674
0.000136952
0.000149483
0.000155508
0.000154469
0.000145961
0.000129793
0.000106139
7.56862e-05
3.97425e-05
2.39153e-07
-4.0522e-05
-8.02559e-05
-0.000116874
-0.000148565
-0.000173915
-0.000191923
-0.000201908
-0.000203418
-0.000196209
-0.000180312
-0.000156159
-0.000124677
-8.73078e-05
-4.59202e-05
-2.64218e-06
4.0373e-05
8.11632e-05
0.00011808
0.000149823
0.000175423
0.000194197
0.000205704
0.000209728
0.000206311
0.000195825
0.000179023
0.000157029
0.000131263
0.000103288
7.46463e-05
4.67564e-05
2.08823e-05
-1.89447e-06
-2.06752e-05
-3.47176e-05
-4.3439e-05
-4.64522e-05
-4.36264e-05
-3.51592e-05
-2.16287e-05
-4.03051e-06
1.62324e-05
3.75084e-05
5.81419e-05
7.66037e-05
9.15492e-05
0.000101923
0.000107034
0.000106505
0.000100144
8.78653e-05
6.97522e-05
4.61104e-05
1.74866e-05
-1.52978e-05
-5.11009e-05
-8.84968e-05
-0.000125907
-0.000161709
-0.000194302
-0.000222243
-0.000244433
-0.000260162
-0.000269021
-0.000270853
-0.000265739
-0.000253976
-0.000236042
-0.000212569
-0.000184383
-0.000152547
-0.000118352
-8.32796e-05
-4.89312e-05
-1.68927e-05
1.14002e-05
3.47625e-05
5.23118e-05
6.34851e-05
6.80312e-05
6.59849e-05
5.76342e-05
4.34949e-05
2.43241e-05
1.16476e-06
-2.46539e-05
-5.15846e-05
-7.79573e-05
-0.000102091
-0.000122451
-0.000137835
-0.000147478
-0.000150991
-0.000148299
-0.000139624
-0.000125416
-0.000106252
-8.28374e-05
-5.61336e-05
-2.7391e-05
1.94679e-06
3.03468e-05
5.63173e-05
7.85769e-05
9.61939e-05
0.00010864
0.000115756
0.000117672
0.000114705
0.000107283
9.59322e-05
8.12887e-05
6.40977e-05
4.5203e-05
2.55367e-05
6.09111e-06
-1.21762e-05
-2.84489e-05
-4.21093e-05
-5.27612e-05
-6.02057e-05
-6.44031e-05
-6.54602e-05
-6.36051e-05
-5.91494e-05
-5.24612e-05
-4.39389e-05
-3.4005e-05
-2.31196e-05
-1.17714e-05
-4.37267e-07
1.04432e-05
2.04616e-05
2.92575e-05
3.65718e-05
4.22645e-05
4.6297e-05
4.87248e-05
4.96849e-05
4.93637e-05
4.79562e-05
4.56558e-05
4.26706e-05
3.92256e-05
3.55666e-05
3.19719e-05
2.87376e-05
2.61521e-05
2.44616e-05
2.38434e-05
2.44102e-05
2.62378e-05
2.93957e-05
3.39696e-05
4.0076e-05
4.78291e-05
5.7194e-05
6.78452e-05
7.91952e-05
9.04873e-05
0.000100842
0.000109369
0.000115403
0.000118617
0.000118861
0.000116027
0.000110042
0.000100819
8.81982e-05
7.20522e-05
5.24763e-05
2.99035e-05
5.09012e-06
-2.09563e-05
-4.70845e-05
-7.21563e-05
-9.51856e-05
-0.000115393
-0.000132157
-0.000144957
-0.000153388
-0.000157189
-0.000156179
-0.000150261
-0.000139524
-0.00012429
-0.0001051
-8.26909e-05
-5.79309e-05
-3.17413e-05
-5.03562e-06
2.13234e-05
4.65245e-05
6.97775e-05
9.03152e-05
0.000107422
0.000120433
0.000128758
0.000132023
0.000130199
0.000123548
0.000112534
9.77921e-05
8.00535e-05
6.00607e-05
3.8537e-05
1.6211e-05
-6.14405e-06
-2.76939e-05
-4.7561e-05
-6.48728e-05
-7.88479e-05
-8.88946e-05
-9.4663e-05
-9.60267e-05
-9.30279e-05
-8.58619e-05
-7.48831e-05
-6.0563e-05
-4.34486e-05
-2.41892e-05
-3.57866e-06
1.74499e-05
3.79046e-05
5.68257e-05
7.33409e-05
8.67314e-05
8.67314e-05
9.64959e-05
0.000102365
0.000104268
0.000102276
9.65794e-05
8.74996e-05
7.54847e-05
6.11094e-05
4.50911e-05
2.82881e-05
1.16161e-05
-4.08353e-06
-1.81483e-05
-3.01189e-05
-3.97055e-05
-4.67877e-05
-5.14056e-05
-5.36898e-05
-5.38258e-05
-5.20768e-05
-4.88061e-05
-4.44904e-05
-3.97144e-05
-3.51224e-05
-3.13292e-05
-2.88106e-05
-2.78237e-05
-2.83993e-05
-3.03943e-05
-3.35451e-05
-3.75201e-05
-4.20242e-05
-4.68621e-05
-5.18585e-05
-5.67828e-05
-6.13586e-05
-6.52602e-05
-6.8103e-05
-6.94978e-05
-6.91668e-05
-6.70172e-05
-6.31325e-05
-5.77413e-05
-5.11667e-05
-4.3754e-05
-3.58102e-05
-2.75743e-05
-1.92408e-05
-1.09997e-05
-3.05691e-06
4.35553e-06
1.098e-05
1.65623e-05
2.09035e-05
2.39076e-05
2.55901e-05
2.60512e-05
2.54512e-05
2.39875e-05
2.18545e-05
1.9214e-05
1.61863e-05
1.28432e-05
9.22169e-06
5.35872e-06
1.28967e-06
-2.96478e-06
-7.36329e-06
-1.1843e-05
-1.63883e-05
-2.1047e-05
-2.58954e-05
-3.10264e-05
-3.6539e-05
-4.25065e-05
-4.89441e-05
-5.5794e-05
-6.29403e-05
-7.02405e-05
-7.75551e-05
-8.47671e-05
-9.17935e-05
-9.85705e-05
-0.000105015
-0.00011101
-0.000116421
-0.000121133
-0.00012505
-0.000128107
-0.000130294
-0.000131664
-0.000132313
-0.000132357
-0.000131912
-0.000131072
-0.0001299
-0.000128396
-0.000126504
-0.000124153
-0.000121277
-0.000117797
-0.000113589
-0.000108454
-0.000102129
-9.43526e-05
-8.48838e-05
-7.35314e-05
-6.0246e-05
-4.51772e-05
-2.86373e-05
-1.10069e-05
7.32324e-06
2.59618e-05
4.45231e-05
6.25952e-05
7.96961e-05
9.52796e-05
0.000108769
0.000119609
0.000127331
0.000131603
0.000132281
0.000129435
0.000123293
0.000114161
0.000102372
8.82712e-05
7.22257e-05
5.46644e-05
3.60799e-05
1.70165e-05
-1.93996e-06
-2.01933e-05
-3.71914e-05
-5.24739e-05
-6.56868e-05
-7.65547e-05
-8.48093e-05
-9.01079e-05
-9.20763e-05
-9.0453e-05
-8.51385e-05
-7.6188e-05
-6.38724e-05
-4.8699e-05
-3.13285e-05
-1.24576e-05
7.25778e-06
2.72141e-05
4.68301e-05
6.55032e-05
8.25815e-05
9.73759e-05
0.000109206
0.000117487
0.000121828
0.00012209
0.000118401
0.000111135
0.000100847
8.81928e-05
7.38466e-05
5.8476e-05
4.27557e-05
2.73658e-05
1.29873e-05
2.88874e-07
-1.01147e-05
-1.77307e-05
-2.2241e-05
-2.35145e-05
-2.16129e-05
-1.67771e-05
-9.37745e-06
1.27273e-07
1.1223e-05
2.33656e-05
3.59698e-05
4.84143e-05
6.00739e-05
7.03474e-05
7.87144e-05
8.48095e-05
8.84512e-05
8.96415e-05
8.85567e-05
8.55065e-05
8.08646e-05
7.50187e-05
6.83735e-05
6.13624e-05
5.44354e-05
4.80586e-05
4.27151e-05
3.8873e-05
3.69082e-05
3.70271e-05
3.92324e-05
4.33183e-05
4.89251e-05
5.56395e-05
6.30442e-05
7.07257e-05
7.82969e-05
8.5399e-05
9.16655e-05
9.67003e-05
0.000100094
0.000101461
0.000100501
9.7065e-05
9.11849e-05
8.30666e-05
7.30328e-05
6.14632e-05
4.87562e-05
3.53032e-05
2.14793e-05
7.65926e-06
-5.75952e-06
-1.83446e-05
-2.96248e-05
-3.91008e-05
-4.63189e-05
-5.09685e-05
-5.29066e-05
-5.21385e-05
-4.87974e-05
-4.30861e-05
-3.52287e-05
-2.54633e-05
-1.40454e-05
-1.27323e-06
1.24703e-05
2.66917e-05
4.08031e-05
5.41905e-05
6.62946e-05
7.667e-05
8.50199e-05
9.11915e-05
9.51463e-05
9.69198e-05
9.65832e-05
9.4236e-05
9.00273e-05
8.41671e-05
7.69402e-05
6.87242e-05
5.99769e-05
5.11858e-05
4.28071e-05
3.519e-05
2.85053e-05
2.27129e-05
1.76048e-05
1.29095e-05
8.40203e-06
4.00203e-06
-1.88093e-07
-3.98129e-06
-7.25194e-06
-9.98906e-06
-1.23016e-05
-1.44193e-05
-1.66315e-05
-1.91634e-05
-2.20599e-05
-2.51727e-05
-2.82569e-05
-3.10806e-05
-3.35126e-05
-3.55885e-05
-3.75149e-05
-3.95831e-05
-4.20533e-05
-4.50841e-05
-4.87108e-05
-5.28543e-05
-5.73677e-05
-6.21076e-05
-6.69742e-05
-7.18747e-05
-7.66651e-05
-8.11447e-05
-8.50544e-05
-8.80653e-05
-8.98165e-05
-8.99859e-05
-8.83624e-05
-8.48754e-05
-7.95435e-05
-7.24292e-05
-6.36407e-05
-5.33331e-05
-4.17241e-05
-2.91272e-05
-1.59675e-05
-2.76378e-06
9.90578e-06
2.14552e-05
3.13714e-05
3.92775e-05
4.494e-05
4.82583e-05
4.92532e-05
4.80313e-05
4.47523e-05
3.96302e-05
3.2957e-05
2.51143e-05
1.65683e-05
7.85652e-06
-4.52896e-07
-7.81777e-06
-1.37725e-05
-1.79758e-05
-2.02372e-05
-2.05147e-05
-1.8894e-05
-1.55634e-05
-1.08062e-05
-1.08062e-05
-4.98937e-06
1.44613e-06
7.99064e-06
1.41173e-05
1.93309e-05
2.31592e-05
2.51822e-05
2.51104e-05
2.28166e-05
1.83044e-05
1.16712e-05
3.11092e-06
-7.08315e-06
-1.85446e-05
-3.08417e-05
-4.34843e-05
-5.59533e-05
-6.77256e-05
-7.83033e-05
-8.725e-05
-9.42125e-05
-9.89297e-05
-0.000101242
-0.000101082
-9.84404e-05
-9.33311e-05
-8.57766e-05
-7.58411e-05
-6.36918e-05
-4.95815e-05
-3.38224e-05
-1.68035e-05
1.01642e-06
1.9114e-05
3.69047e-05
5.37868e-05
6.91791e-05
8.25285e-05
9.33283e-05
0.00010118
0.000105838
0.00010717
0.000105141
9.98436e-05
9.1489e-05
8.03842e-05
6.69485e-05
5.17305e-05
3.53969e-05
1.86822e-05
2.31809e-06
-1.30359e-05
-2.68518e-05
-3.87617e-05
-4.85521e-05
-5.61403e-05
-6.15437e-05
-6.48229e-05
-6.60358e-05
-6.52487e-05
-6.25685e-05
-5.81505e-05
-5.22071e-05
-4.50585e-05
-3.71412e-05
-2.8895e-05
-2.06752e-05
-1.27588e-05
-5.33549e-06
1.50144e-06
7.70793e-06
1.32216e-05
1.79236e-05
2.1632e-05
2.41239e-05
2.5204e-05
2.47835e-05
2.29123e-05
1.97656e-05
1.55991e-05
1.06916e-05
5.29865e-06
-3.67374e-07
-6.12941e-06
-1.18203e-05
-1.7247e-05
-2.21583e-05
-2.62622e-05
-2.92789e-05
-3.09812e-05
-3.1236e-05
-3.0038e-05
-2.7511e-05
-2.38818e-05
-1.94244e-05
-1.44122e-05
-9.10827e-06
-3.76473e-06
1.36661e-06
6.02556e-06
9.94339e-06
1.28364e-05
1.44369e-05
1.45557e-05
1.31179e-05
1.01758e-05
5.90247e-06
5.58593e-07
-5.55161e-06
-1.2116e-05
-1.88346e-05
-2.54323e-05
-3.16518e-05
-3.72338e-05
-4.19173e-05
-4.54521e-05
-4.7633e-05
-4.83518e-05
-4.76307e-05
-4.56271e-05
-4.2613e-05
-3.89318e-05
-3.49578e-05
-3.10422e-05
-2.74739e-05
-2.45061e-05
-2.23729e-05
-2.12644e-05
-2.13161e-05
-2.26137e-05
-2.519e-05
-2.90015e-05
-3.39031e-05
-3.96486e-05
-4.58964e-05
-5.22236e-05
-5.81635e-05
-6.3245e-05
-6.7029e-05
-6.91348e-05
-6.92566e-05
-6.71973e-05
-6.28828e-05
-5.63295e-05
-4.76358e-05
-3.70185e-05
-2.48348e-05
-1.15461e-05
2.3359e-06
1.62534e-05
2.96188e-05
4.18675e-05
5.2487e-05
6.1044e-05
6.72158e-05
7.07925e-05
7.16904e-05
6.99792e-05
6.58771e-05
5.97158e-05
5.191e-05
4.29342e-05
3.3287e-05
2.34557e-05
1.39043e-05
5.08076e-06
-2.58386e-06
-8.71326e-06
-1.30223e-05
-1.53233e-05
-1.55409e-05
-1.37248e-05
-1.00251e-05
-4.65047e-06
2.16259e-06
1.01715e-05
1.91458e-05
2.88437e-05
3.89698e-05
4.91935e-05
5.91766e-05
6.85594e-05
7.6974e-05
8.4098e-05
8.96922e-05
9.36029e-05
9.57548e-05
9.6143e-05
9.48151e-05
9.18647e-05
8.74262e-05
8.167e-05
7.48181e-05
6.71508e-05
5.89918e-05
5.06988e-05
4.26531e-05
3.52283e-05
2.87499e-05
2.34739e-05
1.95841e-05
1.7191e-05
1.63361e-05
1.69929e-05
1.90722e-05
2.24388e-05
2.68989e-05
3.2177e-05
3.79315e-05
4.37805e-05
4.93104e-05
5.41048e-05
5.77978e-05
6.01145e-05
6.08914e-05
6.00728e-05
5.76877e-05
5.38375e-05
4.86885e-05
4.24356e-05
3.52889e-05
2.75155e-05
1.9452e-05
1.1477e-05
3.98963e-06
-2.63277e-06
-8.08413e-06
-1.21649e-05
-1.48015e-05
-1.60305e-05
-1.59544e-05
-1.46924e-05
-1.23565e-05
-9.06856e-06
-4.9775e-06
-2.6804e-07
4.82084e-06
9.99103e-06
1.49188e-05
1.93077e-05
2.29189e-05
2.55753e-05
2.71562e-05
2.75879e-05
2.6834e-05
2.48739e-05
2.16907e-05
1.73034e-05
1.18001e-05
5.34491e-06
-1.82194e-06
-9.40507e-06
-1.709e-05
-2.45662e-05
-3.15506e-05
-3.78122e-05
-4.31679e-05
-4.74686e-05
-5.06098e-05
-5.25471e-05
-5.33003e-05
-5.29551e-05
-5.16637e-05
-4.96417e-05
-4.71575e-05
-4.45108e-05
-4.20036e-05
-3.99164e-05
-3.85042e-05
-3.79906e-05
-3.85553e-05
-4.03329e-05
-4.34088e-05
-4.78041e-05
-5.3467e-05
