-9.34087e-09
-9.04475e-08
-3.2788e-07
-6.45446e-07
-8.73162e-07
-1.02703e-06
-1.18349e-06
-1.31067e-06
-1.41447e-06
-1.53716e-06
-1.67437e-06
-1.81772e-06
-1.95724e-06
-2.05194e-06
-2.04774e-06
-1.91937e-06
-1.69887e-06
-1.45868e-06
-1.26496e-06
-1.14435e-06
-1.08734e-06
-1.07924e-06
-1.11369e-06
-1.18685e-06
-1.29834e-06
-1.456e-06
-1.68183e-06
-2.00568e-06
-2.44564e-06
-2.99881e-06
-3.64077e-06
-4.32903e-06
-5.01911e-06
-5.68412e-06
-6.31711e-06
-6.91496e-06
-7.47206e-06
-7.98192e-06
-8.42734e-06
-8.78206e-06
-9.02157e-06
-9.1195e-06
-9.05106e-06
-8.80724e-06
-8.39722e-06
-7.83783e-06
-7.14331e-06
-6.32322e-06
-5.37846e-06
-4.30185e-06
-3.09256e-06
-1.75934e-06
-3.12145e-07
1.23449e-06
2.85754e-06
4.53382e-06
6.24437e-06
7.97476e-06
9.72101e-06
1.14885e-05
1.32811e-05
1.50975e-05
1.69339e-05
1.87809e-05
2.06286e-05
2.24719e-05
2.43019e-05
2.61033e-05
2.78576e-05
2.95399e-05
3.11184e-05
3.25527e-05
3.37981e-05
3.48126e-05
3.55589e-05
3.60063e-05
3.61255e-05
3.58787e-05
3.52254e-05
3.41258e-05
3.2539e-05
3.04341e-05
2.78007e-05
2.46457e-05
2.09937e-05
1.68904e-05
1.23872e-05
7.52472e-06
2.33323e-06
-3.16639e-06
-8.95929e-06
-1.5024e-05
-2.1322e-05
-2.7799e-05
-3.43876e-05
-4.1008e-05
-4.75745e-05
-5.4009e-05
-6.02529e-05
-6.62617e-05
-7.19897e-05
-7.73845e-05
-8.23891e-05
-8.69464e-05
-9.09999e-05
-9.44959e-05
-9.73844e-05
-9.96193e-05
-0.00010115
-0.000101919
-0.000101873
-0.000100965
-9.91719e-05
-9.65028e-05
-9.30124e-05
-8.87824e-05
-8.38877e-05
-7.83853e-05
-7.23194e-05
-6.57165e-05
-5.85925e-05
-5.09594e-05
-4.28244e-05
-3.41946e-05
-2.50729e-05
-1.54348e-05
-5.22141e-06
5.62929e-06
1.71591e-05
2.94067e-05
4.24012e-05
5.61361e-05
7.05665e-05
8.56034e-05
0.000101087
0.000116772
0.000132339
0.000147395
0.000161476
0.000174093
0.000184788
0.00019315
0.000198831
0.00020156
0.000201113
0.000197214
0.000189464
0.000177396
0.000160558
0.000138588
0.000111394
7.94464e-05
4.38027e-05
5.82043e-06
-3.30631e-05
-7.14175e-05
-0.000107984
-0.000141872
-0.000172513
-0.000199326
-0.000221538
-0.000238283
-0.000248673
-0.00025193
-0.000247642
-0.00023598
-0.000217718
-0.000194057
-0.000166367
-0.000135974
-0.000103985
-7.11674e-05
-3.79993e-05
-4.83551e-06
2.79718e-05
6.00149e-05
9.0846e-05
0.000120064
0.000147361
0.000172442
0.0001949
0.000214291
0.000230362
0.000243014
0.000252218
0.000258196
0.000261614
0.000263517
0.000265027
0.000267091
0.000270443
0.000275614
0.000282969
0.0002929
0.000306054
0.000323395
0.000346006
0.000374857
0.000410487
0.000452267
0.00049756
0.000541651
0.000578333
0.000600437
0.00060086
0.000575148
0.00052319
0.000447621
0.000352181
0.000241604
0.000120603
-7.99838e-06
-0.000143327
-0.000283967
-0.000426283
-0.000564642
-0.000691629
-0.000798749
-0.000878341
-0.000925797
-0.00094063
-0.000925889
-0.000886916
-0.000829872
-0.000760237
-0.000681827
-0.000596893
-0.000507097
-0.000414589
-0.000322797
-0.000236496
-0.000160905
-0.000100522
-5.81124e-05
-3.3954e-05
-2.59197e-05
-3.03949e-05
-4.33562e-05
-6.12205e-05
-8.12802e-05
-0.000101579
-0.000120369
-0.000135418
-0.000143511
-0.00014062
-0.000122621
-8.61394e-05
-2.92974e-05
4.78634e-05
0.000143509
0.000254574
0.000377458
0.00050861
0.000644727
0.000782588
0.000918776
0.00104943
0.00117018
0.00127647
0.00136424
0.00143052
0.00147334
0.00149167
0.00148508
0.00145292
0.00139382
0.00130523
0.00118175
0.00101501
0.000796219
0.0005215
0.00019796
-0.000156612
-0.000521097
-0.000875256
-0.00120058
-0.00148346
-0.00171849
-0.00190635
-0.00204657
-0.00213359
-0.00215753
-0.00210561
-0.00196621
-0.00173532
-0.00142088
-0.00104186
-0.000623433
-0.000192065
0.000228728
0.000621554
0.000976253
0.00128803
0.00155383
0.00176954
0.00192865
0.00202132
0.00203467
0.00195566
0.00177558
0.00149547
0.00113224
0.000716696
0.000282077
-0.000143039
-0.000535849
-0.000882163
-0.00117864
-0.00142832
-0.00163081
-0.00177698
-0.00185077
-0.00183366
-0.00171254
-0.00148822
-0.00117907
-0.00081746
-0.000441033
-8.32077e-05
0.000232775
0.000493935
0.000694312
0.000694312
0.00083131
0.000901272
0.000896421
0.000806362
0.000623992
0.000352414
8.22497e-06
-0.000379877
-0.000775897
-0.00114387
-0.00145498
-0.00169108
-0.00184407
-0.00191257
-0.00189833
-0.00180319
-0.00162781
-0.00137316
-0.0010442
-0.000653923
-0.000225098
0.000211794
0.000623891
0.000981479
0.00126232
0.00145415
0.00155451
0.00156843
0.00150507
0.0013743
0.0011852
0.00094678
0.000669578
0.000366803
5.48405e-05
-0.000246997
-0.000518817
-0.000743577
-0.000909224
-0.00100955
-0.00104409
-0.00101685
-0.000934207
-0.000803144
-0.00063093
-0.000426241
-0.000200461
3.2124e-05
0.000255195
0.00045227
0.000609897
0.000720421
0.000781758
0.000795271
0.000764464
0.000693903
0.000587649
0.000448702
0.000280531
8.96802e-05
-0.000113193
-0.000314271
-0.000498282
-0.000651014
-0.000762044
-0.000826402
-0.000844714
-0.000822993
-0.000772315
-0.00070517
-0.000629896
-0.000549643
-0.00046465
-0.000373378
-0.000274156
-0.00016861
-6.32391e-05
3.33896e-05
0.000113975
0.000174206
0.000214774
0.000242384
0.000267446
0.000298556
0.000336343
0.00036962
0.000377432
0.000340793
0.000253908
0.000122933
-3.79662e-05
-0.000207508
-0.000363296
-0.000491671
-0.000591448
-0.000668147
-0.00072739
-0.000771361
-0.000796046
-0.000792094
-0.000749162
-0.000661441
-0.000531747
-0.000370494
-0.000191219
-7.8427e-06
0.000166218
0.000321078
0.000452581
0.000559858
0.000642268
0.000698809
0.000729156
0.00073468
0.000718591
0.000685854
0.000642382
0.000592911
0.000539619
0.000482818
0.000422224
0.000357866
0.000291101
0.000225117
0.000164346
0.000113502
7.63868e-05
5.45763e-05
4.71225e-05
5.15731e-05
6.55681e-05
8.81306e-05
0.000119928
0.000162537
0.000217141
0.000283011
0.000356553
0.000431551
0.000500238
0.000554493
0.000587212
0.00059415
0.000574863
0.000531535
0.000467567
0.000387114
0.000294536
0.000193347
8.61591e-05
-2.34544e-05
-0.000129684
-0.00022498
-0.00030063
-0.000347599
-0.000358047
-0.000326824
-0.000252265
-0.000136035
1.74679e-05
0.000201364
0.000406172
0.000620032
0.000829265
0.00101884
0.00117422
0.00128532
0.00134828
0.00136251
0.00132907
0.00125092
0.00113089
0.000969055
0.000764075
0.000517558
0.000236687
-6.56176e-05
-0.000370915
-0.00065786
-0.000907369
-0.00110662
-0.00124989
-0.00133717
-0.00137204
-0.00135893
-0.00130058
-0.00119687
-0.00104622
-0.000848638
-0.000608242
-0.000334342
-4.08122e-05
0.000256128
0.000541022
0.000801855
0.00103116
0.00122542
0.00138342
0.00150451
0.00158735
0.00162966
0.00162912
0.00158538
0.00150149
0.0013838
0.00124071
0.00108011
0.000904995
0.000712554
0.000499331
0.000265709
1.72366e-05
-0.000233604
-0.000467466
-0.000664798
-0.000813808
-0.00091162
-0.000962891
-0.000979528
-0.000976653
-0.000964824
-0.000945398
-0.000913622
-0.000864239
-0.000794533
-0.00070647
-0.000608646
-0.000515631
-0.000442575
-0.000399143
-0.000387309
-0.000401594
-0.000431018
-0.000462614
-0.000485244
-0.000492532
-0.000483148
-0.00045865
-0.000421153
-0.00037166
-0.000308709
-0.000228317
-0.000125827
1.47843e-06
0.000152111
0.000318851
0.000488862
0.000645881
0.000773669
0.000860717
0.000905215
0.000914311
0.000897272
0.000861341
0.000811048
0.000746419
0.00066209
0.000550909
0.000410563
0.000247028
7.36946e-05
-9.07526e-05
-0.000226363
-0.000317392
-0.000356284
-0.000344364
-0.000291545
-0.000217014
-0.00014478
-9.34798e-05
-7.15897e-05
-7.9198e-05
-0.000109081
-0.000149004
-0.000189556
-0.000231122
-0.000281745
-0.000351912
-0.000451911
-0.00058821
-0.000759742
-0.000956776
-0.00116305
-0.00136048
-0.00153277
-0.00166624
-0.00175053
-0.00178009
-0.0017536
-0.0016716
-0.00153606
-0.00135117
-0.00112289
-0.000857546
-0.000560885
-0.00023922
9.89999e-05
0.000442573
0.000776983
0.00108389
0.00134212
0.0015305
0.00163095
0.00163132
0.00152865
0.00133075
0.00105307
0.000714734
0.000335973
-6.40969e-05
-0.000468914
-0.000863815
-0.00123357
-0.00156064
-0.00182543
-0.00200759
-0.00208905
-0.00205804
-0.0019129
-0.0016641
-0.00133307
-0.000947185
-0.000531543
-0.000531543
-0.000104073
0.000322283
0.000736799
0.00112987
0.00149008
0.00180126
0.00204372
0.00220001
0.00225998
0.0022234
0.00210103
0.00191243
0.00168025
0.00142422
0.00115799
0.000889336
0.000621598
0.000356578
9.81696e-05
-0.000145886
-0.000365173
-0.000549298
-0.000690545
-0.000785546
-0.000836184
-0.00084942
-0.000834769
-0.000800877
-0.000753691
-0.00069662
-0.000631371
-0.000558622
-0.000479416
-0.000396487
-0.000313857
-0.000235557
-0.000164575
-0.000102173
-4.75476e-05
1.58118e-06
4.69204e-05
8.77374e-05
0.000120919
0.00014208
0.000146594
0.000130897
9.42912e-05
4.03932e-05
-2.37511e-05
-9.06836e-05
-0.000154407
-0.000210708
-0.000257521
-0.000295061
-0.000324501
-0.000345624
-0.000356263
-0.000353746
-0.000336006
-0.000301939
-0.000252124
-0.00019012
-0.000122167
-5.51186e-05
4.78951e-06
5.19378e-05
8.16555e-05
9.12478e-05
8.00055e-05
4.82921e-05
-2.50984e-06
-6.97099e-05
-0.000149595
-0.00023784
-0.000329485
-0.000418706
-0.000498965
-0.000563619
-0.000606441
-0.000621659
-0.000604368
-0.000551671
-0.000463583
-0.000342626
-0.000192708
-1.89796e-05
0.000172057
0.000373387
0.000578521
0.000781898
0.000978235
0.00116176
0.00132636
0.00146588
0.0015739
0.00164361
0.00166883
0.00164568
0.00157308
0.00145264
0.00128901
0.00108935
0.000861317
0.000611626
0.000346206
7.09935e-05
-0.000207652
-0.000482433
-0.000744497
-0.000983529
-0.00118925
-0.00135349
-0.00147142
-0.00154125
-0.00156334
-0.00153998
-0.00147455
-0.00137002
-0.00122876
-0.00105388
-0.000850468
-0.00062558
-0.000387794
-0.000147053
8.63567e-05
0.000303516
0.000498076
0.000666063
0.000805075
0.000913803
0.000991439
0.00103691
0.00104884
0.00102663
0.000971608
0.000887355
0.00077939
0.000654524
0.000519938
0.000382115
0.000245981
0.000114793
-9.0822e-06
-0.000123019
-0.000223674
-0.000307515
-0.000371446
-0.000413437
-0.00043342
-0.000433753
-0.000418542
-0.000392297
-0.000359067
-0.000321995
-0.000282835
-0.000242103
-0.000200251
-0.000159031
-0.000121907
-9.36518e-05
-7.94304e-05
-8.28598e-05
-0.000104151
-0.000140222
-0.00018587
-0.000234825
-0.000281168
-0.000320762
-0.000351657
-0.000373253
-0.000385013
-0.000385359
-0.000370998
-0.000337323
-0.000279917
-0.000196239
-8.66125e-05
4.57062e-05
0.000195279
0.000355619
0.00052041
0.000684573
0.000844625
0.000998209
0.00114315
0.00127597
0.00139065
0.00147903
0.00153228
0.00154223
0.00150305
0.00141395
0.00128009
0.00111009
0.00091357
0.00070045
0.000479563
0.000257117
3.71382e-05
-0.000175985
-0.000376086
-0.000555897
-0.000707848
-0.00082466
-0.000900779
-0.000934662
-0.000929366
-0.000890671
-0.000825167
-0.000739575
-0.0006405
-0.000533512
-0.000422857
-0.000312548
-0.000207085
-0.000111277
-2.96453e-05
3.42232e-05
7.81243e-05
0.000101365
0.000104208
8.70978e-05
5.04574e-05
-5.20446e-06
-7.90023e-05
-0.000168976
-0.000271186
-0.000379224
-0.000484976
-0.000580185
-0.000657635
-0.000711936
-0.000739984
-0.000740518
-0.000712914
-0.000656263
-0.000569332
-0.000451079
-0.000301456
-0.000122613
8.02009e-05
0.000298874
0.000523531
0.000743873
0.000950383
0.00113501
0.00129125
0.00141385
0.00149818
0.00153985
0.00153509
0.00148189
0.00138106
0.00123634
0.0010543
0.000844032
0.000615918
0.00037959
0.000142763
-8.83195e-05
-0.000308267
-0.00051233
-0.000695625
-0.000852197
-0.000975593
-0.00106099
-0.00110648
-0.00111286
-0.0010835
-0.00102414
-0.000941828
-0.00084302
-0.000732508
-0.000613674
-0.000489039
-0.00036103
-0.000232937
-0.000109294
4.616e-06
0.000103728
0.000184008
0.000242812
0.000279002
0.000292946
0.000286073
0.000260107
0.000216747
0.000158175
8.76088e-05
9.20649e-06
-7.20664e-05
-0.000150734
-0.000222151
-0.00028392
-0.000335549
-0.000377058
-0.000408444
-0.000429701
-0.00044071
-0.000441442
-0.000432487
-0.00041558
-0.000393746
-0.000370814
-0.000350626
-0.000336324
-0.000329763
-0.000331057
-0.00033891
-0.000351593
-0.000367531
-0.000385426
-0.000404162
-0.000422533
-0.000439007
-0.000451532
-0.000457213
-0.000452221
-0.000432396
-0.000394274
-0.000336161
-0.000259149
-0.000259149
-0.00016769
-6.84595e-05
3.19874e-05
0.000128372
0.000216871
0.000295745
0.000365491
0.00042728
0.000480659
0.000522909
0.000550085
0.000558251
0.000544903
0.000510458
0.000458866
0.000396717
0.00033133
0.000268993
0.000213862
0.000167497
0.000129221
9.73586e-05
7.07556e-05
4.95934e-05
3.51895e-05
2.93276e-05
3.34605e-05
4.78423e-05
7.10792e-05
0.000100526
0.000133172
0.000166343
0.00019812
0.000227725
0.000255416
0.000281804
0.000307205
0.000331185
0.000352482
0.000369455
0.000380633
0.000385071
0.000382565
0.000373765
0.0003599
0.000342081
0.000320893
0.000296433
0.00026842
0.000236522
0.000200826
0.000162072
0.000121584
8.09884e-05
4.19183e-05
5.90842e-06
-2.56688e-05
-5.17963e-05
-7.17681e-05
-8.49024e-05
-9.08056e-05
-9.07716e-05
-8.90426e-05
-9.20243e-05
-0.000106385
-0.000137571
-0.000188052
-0.00025592
-0.000336098
-0.000423081
-0.000512152
-0.000599686
-0.000683837
-0.000764625
-0.00084208
-0.000913294
-0.000971656
-0.00100855
-0.00101532
-0.000985469
-0.000916684
-0.000811474
-0.000676065
-0.000518386
-0.000346308
-0.000166437
1.6434e-05
0.000198911
0.000377571
0.000547306
0.000700662
0.000828901
0.000924042
0.000980412
0.000995707
0.000971683
0.000913639
0.000828492
0.000722631
0.000600987
0.000467116
0.000323674
0.000173803
2.314e-05
-0.000119461
-0.0002435
-0.000339002
-0.00039808
-0.000416341
-0.000393824
-0.000334335
-0.000243205
-0.00012534
1.54385e-05
0.000175719
0.00034966
0.000525627
0.000685861
0.00080958
0.000877834
0.000879417
0.000814551
0.000692167
0.000524391
0.000323556
9.94451e-05
-0.000144334
-0.000409951
-0.000698793
-0.00100417
-0.00130938
-0.00159
-0.00181837
-0.00197116
-0.00203674
-0.00201706
-0.00192404
-0.00177387
-0.00158121
-0.00135464
-0.00109572
-0.000801562
-0.000469865
-0.000104039
0.00028452
0.000677466
0.00105327
0.00139226
0.00168008
0.00190761
0.00206883
0.00216093
0.00218509
0.00214383
0.00203901
0.00187378
0.00165378
0.00138648
0.00108113
0.000749479
0.000405236
6.22892e-05
-0.000265799
-0.000565694
-0.0008252
-0.00103508
-0.00119005
-0.00128816
-0.00132986
-0.00131747
-0.00125493
-0.00114737
-0.00100069
-0.000821812
-0.000618728
-0.000400653
-0.000177721
4.0275e-05
0.000244823
0.000429291
0.000589763
0.000724819
0.000833624
0.000913644
0.000959243
0.000961446
0.000910302
0.000801513
0.00064088
0.000440894
0.000216971
-1.35879e-05
-0.000235112
-0.000438181
-0.000620262
-0.000781484
-0.000920334
-0.00103135
-0.00110382
-0.00112414
-0.00108228
-0.000977443
-0.000819945
-0.000629313
-0.000429287
-0.000240233
-7.40327e-05
6.53132e-05
0.00017935
0.000272332
0.000346303
0.000397169
0.000415738
0.000393056
0.000325472
0.000217584
8.32933e-05
-5.68995e-05
-0.000182
-0.000276402
-0.000332581
-0.000350519
-0.000335167
-0.000292797
-0.000227494
-0.000139496
-2.6324e-05
0.000113912
0.000278989
0.000460999
0.000647075
0.000821503
0.000969232
0.00107946
0.00114679
0.00116983
0.00114936
0.00108728
0.000985944
0.000848069
0.000678287
0.000484192
0.000276087
6.67391e-05
-0.000129556
-0.000299497
-0.000433717
-0.000528371
-0.000583999
-0.000602921
-0.000587647
-0.000540078
-0.000461065
-0.000351484
-0.000214677
-5.80531e-05
0.000107163
0.000267039
0.000406775
0.000513765
0.000580536
0.000605534
0.000591687
0.000544209
0.000468516
0.000368444
0.000245823
0.000102197
-5.89506e-05
-0.000230932
-0.000403507
-0.000563916
-0.000699038
-0.000797579
-0.000851849
-0.000858682
-0.000819152
-0.000737691
-0.000620893
-0.000476228
-0.000311531
-0.000135625
4.10908e-05
0.000207635
0.000353895
0.000470771
0.000550871
0.000590178
0.000587922
0.00054416
0.000458345
0.000330941
0.000164716
-3.50859e-05
-0.000259082
-0.000492663
-0.000718166
-0.000918395
-0.00107884
-0.00118895
-0.0012432
-0.00124106
-0.00118489
-0.00107686
-0.000917805
-0.000708506
-0.000451581
-0.000153279
0.000175198
0.000517537
0.000854047
0.00116474
0.00143222
0.00164378
0.00179214
0.00187436
0.00189026
0.00184117
0.00172919
0.00155755
0.00133149
0.00105936
0.00105936
0.000753092
0.000427489
9.86812e-05
-0.000217544
-0.000507242
-0.000759545
-0.000966909
-0.00112412
-0.00122706
-0.00127233
-0.00125786
-0.00118355
-0.00105172
-0.000867755
-0.000640287
-0.000380714
-0.000102273
0.000181316
0.00045693
0.000712524
0.000937362
0.00112236
0.00126008
0.00134414
0.00136922
0.00133183
0.00123089
0.00106897
0.0008533
0.000595163
0.000308714
9.86612e-06
-0.000285157
-0.00056162
-0.000807251
-0.00101183
-0.00116678
-0.00126527
-0.00130258
-0.00127674
-0.00118927
-0.00104577
-0.000856107
-0.000633632
-0.000393816
-0.000152202
7.73632e-05
0.000283268
0.00045634
0.000590141
0.000680595
0.000724837
0.000720838
0.000668806
0.000572187
0.000437456
0.000274097
9.41832e-05
-8.91679e-05
-0.000263869
-0.000420539
-0.000553439
-0.000660601
-0.000742181
-0.000798166
-0.000827949
-0.000830819
-0.000806156
-0.00075418
-0.000677127
-0.000579887
-0.000469428
-0.000353451
-0.000238981
-0.000131152
-3.28057e-05
5.50249e-05
0.000132265
0.000198739
0.000253486
0.000294851
0.000320839
0.000329497
0.000319517
0.000290819
0.000244584
0.00018292
0.000108644
2.4758e-05
-6.65064e-05
-0.000163794
-0.00026569
-0.000369766
-0.00047222
-0.000568349
-0.000653159
-0.000721813
-0.000770303
-0.000796179
-0.00079895
-0.000779768
-0.000740449
-0.000682817
-0.000608594
-0.000519494
-0.000417642
-0.000306184
-0.000189569
-7.31909e-05
3.73476e-05
0.000136908
0.00022133
0.000287893
0.000335586
0.000364805
0.000376637
0.000372369
0.000353372
0.000321243
0.000278002
0.000226334
0.000169719
0.000112223
5.79937e-05
1.07686e-05
-2.64617e-05
-5.16384e-05
-6.36601e-05
-6.21551e-05
-4.70587e-05
-1.8358e-05
2.38277e-05
7.91383e-05
0.00014698
0.000226482
0.000316253
0.000414228
0.000518023
0.000625313
0.000733514
0.000838704
0.0009348
0.00101424
0.00106924
0.00109266
0.00107892
0.00102511
0.000931584
0.000801374
0.000638741
0.000448814
0.000237947
1.35324e-05
-0.000216978
-0.00044636
-0.000666243
-0.000867033
-0.00103975
-0.00117687
-0.00127197
-0.00131992
-0.0013181
-0.0012668
-0.0011685
-0.00102784
-0.000851972
-0.000650092
-0.00043157
-0.000205164
2.03883e-05
0.000236245
0.000434041
0.000606309
0.000746245
0.000847658
0.000905698
0.000917475
0.000882263
0.000801535
0.000678986
0.000520299
0.000332534
0.000123639
-9.769e-05
-0.000322097
-0.000539833
-0.000741064
-0.000915849
-0.0010541
-0.00114668
-0.00118726
-0.00117293
-0.00110425
-0.000985487
-0.000824117
-0.000628831
-0.000407739
-0.000168625
8.00714e-05
0.000328713
0.000565836
0.00077866
0.000954989
0.00108475
0.00116122
0.0011823
0.00115052
0.00107127
0.00095077
0.000795142
0.000610175
0.000401394
0.000175167
-5.97938e-05
-0.000292149
-0.000509353
-0.000699242
-0.000851038
-0.000956532
-0.0010116
-0.00101675
-0.000975564
-0.000892811
-0.000773628
-0.000622841
-0.000444562
-0.000243148
-2.50532e-05
0.000200362
0.000421385
0.000625003
0.000798701
0.000932565
0.00102048
0.0010603
0.00105315
0.00100226
0.000911909
0.000786806
0.000632021
0.000453516
0.000258983
5.81158e-05
-0.000138166
-0.00031905
-0.000475031
-0.000598953
-0.000686767
-0.000737447
-0.000751902
-0.000731795
-0.000679181
-0.000596409
-0.000485926
-0.000350724
-0.00019555
-2.75136e-05
0.000145048
0.000313933
0.000471647
0.00061199
0.000730592
0.000824934
0.00089374
0.000936147
0.000951302
0.000938397
0.000897113
0.000828225
0.000733883
0.00061761
0.000483953
0.00033804
0.000185688
3.3459e-05
-0.000112066
-0.000244824
-0.000359168
-0.000449968
-0.000513222
-0.000546513
-0.000548809
-0.00052034
-0.000462744
-0.000378885
-0.00027237
-0.000147232
-8.01577e-06
0.000140069
0.00029128
0.000439464
0.000578181
0.000701069
0.000802202
0.000876085
0.000917422
0.000921304
0.00088475
0.000808144
0.000694369
0.000547727
0.000374111
0.000180622
-2.5621e-05
-0.000238121
-0.000450475
-0.00065575
-0.000846267
-0.00101332
-0.00114764
-0.00124097
-0.00128738
-0.00128419
-0.00123187
-0.00113313
-0.00099176
-0.000812722
-0.000602592
-0.000369886
-0.000125688
0.000116085
0.000341025
0.000341025
0.000537576
0.000697651
0.000816413
0.00089314
0.000930538
0.000931792
0.000898407
0.000830933
0.000730041
0.000596557
0.000432251
0.000242006
3.50697e-05
-0.000177021
-0.000382762
-0.00057065
-0.000729452
-0.000850847
-0.000931725
-0.000972384
-0.000973904
-0.000938054
-0.000867262
-0.000763674
-0.000628877
-0.000465433
-0.000278661
-7.67948e-05
0.000129688
0.000328923
0.000508836
0.00065879
0.000771186
0.000841847
0.000869346
0.000854423
0.000799788
0.000709793
0.000589841
0.00044615
0.000285906
0.00011721
-5.11912e-05
-0.000210301
-0.000351445
-0.000466945
-0.000550753
-0.000598736
-0.000608343
-0.000578002
-0.000507036
-0.000396191
-0.000248892
-7.27059e-05
0.000120846
0.000317983
0.000503961
0.000664125
0.000785688
0.000859997
0.000883296
0.00085502
0.000776395
0.000650426
0.000481533
0.000274612
3.55244e-05
-0.000226481
-0.00049816
-0.00076409
-0.00100794
-0.00121376
-0.00136804
-0.00146178
-0.00149108
-0.00145649
-0.00136176
-0.0012125
-0.00101505
-0.000776415
-0.000505355
-0.000214118
8.07089e-05
0.000360468
0.000608265
0.00081034
0.000956439
0.00104106
0.00106321
0.00102431
0.000926699
0.000773756
0.00057058
0.000324767
4.79263e-05
-0.000243641
-0.000530164
-0.000790904
-0.00100715
-0.00116465
-0.00125458
-0.00127334
-0.001221
-0.00109969
-0.000912779
-0.000665231
-0.000364782
-2.28955e-05
0.00034508
0.000719983
0.00107979
0.00140196
0.00166634
0.00185784
0.00196768
0.00199201
0.0019306
0.00178675
0.0015672
0.00128145
0.000941296
0.000561568
0.000160596
-0.000240814
-0.000620746
-0.000958144
-0.00123535
-0.00143989
-0.00156508
-0.00160962
-0.00157642
-0.00147084
-0.00129962
-0.00107134
-0.000796541
-0.000487331
-0.000157608
0.000176499
0.000497249
0.000787454
0.00103248
0.00122103
0.00134566
0.00140314
0.00139394
0.00132087
0.00118811
0.00100116
0.000766745
0.000492847
0.000189189
-0.000132244
-0.000457247
-0.00076994
-0.00105366
-0.00129285
-0.00147531
-0.001593
-0.00164176
-0.00162111
-0.00153354
-0.00138362
-0.00117732
-0.000922098
-0.000627289
-0.000304501
3.23145e-05
0.000367573
0.000685423
0.000971171
0.00121246
0.00139964
0.00152489
0.00158172
0.00156563
0.00147493
0.00131114
0.0010802
0.000793749
0.000468337
0.000122566
-0.000225234
-0.00055806
-0.000861257
-0.00112292
-0.00133323
-0.0014834
-0.00156534
-0.00157275
-0.00150303
-0.00135881
-0.00114815
-0.000883835
-0.00058259
-0.000263053
5.73075e-05
0.000364113
0.000646077
0.000893961
0.00110001
0.00125778
0.00136183
0.00140842
0.00139655
0.00132872
0.00121085
0.00105154
0.000860612
0.000647607
0.000421221
0.000189415
-4.08901e-05
-0.000263332
-0.000470865
-0.00065559
-0.000809777
-0.000927132
-0.00100345
-0.00103684
-0.00102777
-0.000978539
-0.00089259
-0.000774014
-0.000627005
-0.000455918
-0.000266033
-6.45242e-05
0.000139026
0.000333328
0.000506868
0.000649235
0.000752152
0.000810305
0.000821963
0.000788781
0.000714521
0.000604035
0.00046306
0.000298116
0.000116257
-7.4628e-05
-0.000265016
-0.000444178
-0.00060195
-0.000730122
-0.000822642
-0.000875294
-0.000885977
-0.000854803
-0.000783234
-0.000673594
-0.000529605
-0.000356877
-0.00016244
4.55813e-05
0.000257769
0.000463873
0.000654167
0.000820679
0.000957223
0.00105896
0.00112254
0.00114636
0.00113061
0.00107692
0.000988332
0.000869491
0.000726611
0.00056671
0.000396646
0.000222749
5.08911e-05
-0.000113813
-0.000267189
-0.000405527
-0.000525024
-0.000622231
-0.000695135
-0.000743136
-0.000766155
-0.000764337
-0.000738655
-0.000691268
-0.000624461
-0.000540073
-0.000440233
-0.000327624
-0.000205427
-7.76402e-05
5.06e-05
0.000173193
0.000283523
0.000374805
0.00044099
0.000477898
0.000483489
0.000457918
0.000403712
0.000325265
0.000227578
0.000115416
-6.16262e-06
-0.000131317
-0.000253674
-0.000366436
-0.000462708
-0.000536307
-0.0005826
-0.00059916
-0.000586113
-0.000545988
-0.000482865
-0.000401503
-0.000307098
-0.000205089
-0.000100856
4.2132e-07
9.40844e-05
0.000176275
0.000244017
0.000295398
0.000329785
0.000329785
0.00034775
0.000350632
0.000340246
0.000319057
0.000290105
0.000256651
0.000222046
0.000189641
0.000162359
0.00014202
0.000129041
0.000122487
0.000120019
0.000118316
0.000113748
0.000102487
8.0879e-05
4.66202e-05
-7.43035e-08
-5.64722e-05
-0.000118859
-0.000183743
-0.000247862
-0.000308222
-0.000362264
-0.000407752
-0.000442104
-0.000461497
-0.000461146
-0.000436681
-0.000385766
-0.000309394
-0.000211934
-0.00010005
1.88345e-05
0.000138197
0.000253385
0.000361267
0.000459163
0.000544179
0.000612837
0.000660771
0.000683381
0.000677532
0.000642987
0.000582517
0.000501171
0.000405187
0.000300441
0.000191154
7.97345e-05
-3.23477e-05
-0.000143527
-0.000251441
-0.00035256
-0.000442172
-0.000515034
-0.000566647
-0.000594291
-0.000597177
-0.000576131
-0.000533377
-0.000471979
-0.000394667
-0.000303556
-0.000201205
-9.16238e-05
1.97812e-05
0.000127052
0.000224121
0.000305153
0.000365499
0.000402357
0.000414546
0.00040202
0.000365711
0.000307418
0.000229565
0.000135268
2.85758e-05
-8.53557e-05
-0.000200302
-0.000309631
-0.000407165
-0.000487588
-0.000546578
-0.000581107
-0.000589824
-0.000573062
-0.00053266
-0.000471857
-0.000394721
-0.000305207
-0.000206857
-0.00010297
3.53668e-06
0.000110258
0.000214786
0.000314163
0.000405358
0.000485931
0.000554201
0.000609336
0.000651283
0.000680547
0.00069791
0.000703968
0.00069876
0.000681748
0.000652317
0.000610228
0.000555458
0.000488268
0.000409582
0.000320952
0.00022439
0.000122263
1.72216e-05
-8.76961e-05
-0.000188893
-0.000282153
-0.000363132
-0.000428081
-0.00047395
-0.000498396
-0.000500085
-0.000478735
-0.000435019
-0.000370553
-0.000287871
-0.000190488
-8.30954e-05
2.83526e-05
0.000137219
0.000237067
0.000321956
0.000386659
0.000427124
0.000440532
0.00042514
0.000380307
0.000306657
0.000206387
8.36303e-05
-5.53724e-05
-0.000202933
-0.000351013
-0.000491672
-0.000617421
-0.000721861
-0.000799855
-0.000847418
-0.000861712
-0.000841228
-0.000786158
-0.00069889
-0.000584328
-0.000449394
-0.000302043
-0.000150722
-3.75685e-06
0.000131634
0.000249843
0.000346575
0.000418278
0.000462075
0.000475989
0.000458988
0.000411163
0.000334152
0.000231536
0.000108709
-2.77277e-05
-0.00017054
-0.000312337
-0.000446253
-0.000566601
-0.000668933
-0.000749663
-0.000805839
-0.000835162
-0.000836123
-0.000808143
-0.000751706
-0.000668654
-0.000562357
-0.000437479
-0.000299542
-0.000154443
-7.80062e-06
0.000135786
0.000273227
0.000402729
0.000522511
0.000629801
0.000721492
0.000794802
0.000847052
0.000875944
0.000880751
0.000863066
0.000825866
0.000772198
0.000704392
0.000623238
0.000528314
0.000419582
0.000298399
0.00016786
3.29863e-05
-9.96609e-05
-0.000223142
-0.000331459
-0.000420287
-0.00048714
-0.000531062
-0.000551781
-0.000549064
-0.000522606
-0.000472237
-0.000398573
-0.000303761
-0.000191635
-6.74475e-05
6.24963e-05
0.000191307
0.000312211
0.000419127
0.000506845
0.000571295
0.00060979
0.000620852
0.000604124
0.000560778
0.00049372
0.000407008
0.000305128
0.000192996
7.60002e-05
-4.05278e-05
-0.000151757
-0.00025336
-0.000341355
-0.000412305
-0.000463709
-0.000494049
-0.000502608
-0.000489322
-0.000454904
-0.000400984
-0.000329887
-0.000244454
-0.000148279
-4.60725e-05
5.65973e-05
0.000154165
0.000241463
0.00031372
0.000366981
0.000398834
0.000408563
0.000396463
0.000363572
0.000311985
0.000244617
0.000164421
7.42822e-05
-2.20186e-05
-0.000119559
-0.000213026
-0.000297038
-0.000366214
-0.000415779
-0.000442578
-0.000445518
-0.000425258
-0.000383881
-0.000324525
-0.000250766
-0.000166031
-7.34796e-05
2.37104e-05
0.0001221
0.000217958
0.000307353
0.000386333
0.000451299
0.000499496
0.000529349
0.000540505
0.000533673
0.000510383
0.000472716
0.000423057
0.000364036
0.000298618
0.000230176
0.00016237
9.8798e-05
4.25286e-05
-4.37267e-06
-4.08766e-05
-6.6668e-05
-8.20642e-05
-8.79728e-05
-8.56089e-05
-7.63523e-05
-6.17214e-05
-4.32926e-05
-2.26579e-05
-1.3284e-06
1.95449e-05
3.93268e-05
5.7325e-05
7.2115e-05
8.17915e-05
8.42815e-05
7.71822e-05
5.81532e-05
2.61852e-05
-1.766e-05
-7.10393e-05
-7.10393e-05
-0.000131114
-0.00019459
-0.000258137
-0.000319208
-0.000376039
-0.000426445
-0.000467081
-0.000493729
-0.000501664
-0.000486617
-0.000446267
-0.000381112
-0.000294647
-0.000193054
-8.40496e-05
2.52892e-05
0.000129961
0.000226381
0.000311587
0.000382949
0.000437203
0.000469724
0.000475288
0.000449825
0.000391808
0.000303052
0.000189363
6.00536e-05
-7.42075e-05
-0.000203761
-0.000321126
-0.000421304
-0.000501663
-0.000561138
-0.000598694
-0.000612177
-0.000598601
-0.000555309
-0.000481084
-0.000377119
-0.000247739
-0.000100323
5.60211e-05
0.000212235
0.000360454
0.000494326
0.000608841
0.000699932
0.000763813
0.000796432
0.000793803
0.000753416
0.00067546
0.000562807
0.000420798
0.000257112
8.06373e-05
-0.000100319
-0.000278933
-0.00044926
-0.000605623
-0.000742513
-0.000854142
-0.000934188
-0.000976607
-0.000977145
-0.000934329
-0.000849605
-0.000727126
-0.000573318
-0.000395916
-0.000202585
-3.26669e-07
0.000203962
0.000402818
0.000588241
0.000752195
0.000886782
0.000984676
0.00104021
0.00105014
0.00101385
0.000933184
0.000811881
0.000655051
0.000468828
0.00026024
3.74058e-05
-0.000190194
-0.00041185
-0.00061627
-0.000792332
-0.000929896
-0.00102106
-0.00106108
-0.00104802
-0.000982296
-0.000866566
-0.000705689
-0.000506716
-0.000278697
-3.24261e-05
0.000219751
0.00046452
0.000688721
0.000880747
0.00103128
0.00113315
0.00118142
0.00117358
0.00110931
0.000990416
0.000821174
0.00060873
0.000362927
9.56656e-05
-0.000179828
-0.000450066
-0.000702522
-0.000926455
-0.00111326
-0.00125654
-0.00135188
-0.00139653
-0.00138918
-0.00133017
-0.00122191
-0.00106924
-0.000879459
-0.000662166
-0.000428477
-0.000189863
4.28725e-05
0.000260294
0.000454771
0.000620302
0.000752004
0.000845929
0.000899124
0.00090967
0.000876958
0.000802375
0.00068989
0.000545809
0.000378006
0.000195209
6.3271e-06
-0.000179955
-0.000355366
-0.000512191
-0.00064326
-0.000741851
-0.000801894
-0.000818721
-0.000789777
-0.000714737
-0.000595731
-0.000437653
-0.000247772
-3.46879e-05
0.00019255
0.000424573
0.000651722
0.000864378
0.00105307
0.00120874
0.00132337
0.0013905
0.00140569
0.00136701
0.00127512
0.00113328
0.000947061
0.000723757
0.000471818
0.000200811
-7.86331e-05
-0.000355347
-0.000618367
-0.000857295
-0.00106256
-0.00122591
-0.00134083
-0.00140297
-0.00141045
-0.00136354
-0.00126447
-0.00111731
-0.000927675
-0.000702643
-0.000450784
-0.000181803
9.39571e-05
0.000365795
0.000623037
0.000855624
0.0010547
0.00121292
0.00132451
0.0013852
0.00139234
0.00134544
0.0012467
0.00110041
0.000912533
0.000690827
0.000444307
0.000182523
-8.48637e-05
-0.000348125
-0.000597375
-0.000822444
-0.00101278
-0.00115831
-0.00125104
-0.0012859
-0.00126083
-0.00117697
-0.00103842
-0.000851542
-0.000624235
-0.00036514
-8.35421e-05
0.000210164
0.000504038
0.000784891
0.00103923
0.0012541
0.00141817
0.00152284
0.00156281
0.00153622
0.00144447
0.00129145
0.00108291
0.000826285
0.000530683
0.000206959
-0.000132388
-0.000473676
-0.000802813
-0.00110618
-0.00137131
-0.00158746
-0.00174602
-0.00184089
-0.00186849
-0.00182759
-0.00171914
-0.00154654
-0.00131594
-0.00103575
-0.000716287
-0.000369786
-9.83943e-06
0.000349515
0.000694619
0.0010125
0.00129099
0.00151898
0.00168661
0.00178633
0.0018141
0.00176944
0.00165518
0.00147772
0.00124653
0.000972965
0.000669168
0.000347491
2.02481e-05
-0.00030054
-0.000603022
-0.000875089
-0.00110457
-0.00128053
-0.00139464
-0.00144159
-0.00141964
-0.00133119
-0.0011826
-0.000982551
-0.000740746
-0.000467489
-0.0001733
0.000131294
0.000435494
0.000727831
0.000996206
0.00122841
0.00141286
0.00153973
0.00160249
0.00159848
0.00152874
0.00139755
0.00121169
0.00097966
0.000711051
0.000416142
0.000105898
-0.000207844
-0.000512454
-0.00079505
-0.00104339
-0.0012468
-0.00139707
-0.00148917
-0.00152132
-0.00149459
-0.0014123
-0.00127949
-0.00110258
-0.000889228
-0.000648292
-0.000390076
-0.000126189
0.000131304
0.000370772
0.00058164
0.000755086
0.00088469
0.00088469
0.00096665
0.000999491
0.000983665
0.000921363
0.000816438
0.000674336
0.00050205
0.000308072
0.000102162
-0.000105214
-0.00030363
-0.000483501
-0.000636729
-0.000757107
-0.000840494
-0.000884796
-0.000889747
-0.000856579
-0.000787883
-0.000687812
-0.000562113
-0.00041785
-0.000263036
-0.000106073
4.49144e-05
0.000182679
0.00030124
0.000396062
0.00046393
0.000502561
0.000510408
0.000486918
0.00043277
0.000349976
0.000242052
0.00011408
-2.76577e-05
-0.000176449
-0.00032577
-0.00046955
-0.000602269
-0.000718914
-0.000814899
-0.000885988
-0.000928279
-0.000938248
-0.000912805
-0.000850118
-0.000750781
-0.000617829
-0.000456156
-0.000272233
-7.35213e-05
0.000132504
0.000338875
0.000538819
0.000725418
0.000891554
0.00102981
0.00113305
0.00119556
0.0012137
0.00118649
0.001116
0.00100704
0.000866072
0.000700251
0.000516903
0.000323307
0.000126389
-6.75355e-05
-0.000252494
-0.000422332
-0.000570957
-0.000693118
-0.000784806
-0.000843407
-0.000867866
-0.000858759
-0.000818049
-0.000748586
-0.000653698
-0.000537008
-0.000402636
-0.000255258
-9.96388e-05
5.94013e-05
0.000216752
0.00036735
0.000506482
0.000629644
0.00073239
0.000810542
0.000860453
0.000879225
0.000865398
0.000819552
0.000743979
0.000642219
0.000518871
0.000379182
0.00022866
7.29865e-05
-8.19187e-05
-0.000229862
-0.000364441
-0.000479288
-0.000568699
-0.000628322
-0.00065546
-0.000649214
-0.000610551
-0.000542094
-0.00044777
-0.000332436
-0.000201613
-6.1349e-05
8.19157e-05
0.000221501
0.000350742
0.000463341
0.000553743
0.000617553
0.000651932
0.000655806
0.000629798
0.000575947
0.000497398
0.000398087
0.000282401
0.000154961
2.0647e-05
-0.000115322
-0.000247605
-0.000371072
-0.000481076
-0.000573807
-0.000646576
-0.000697966
-0.000727818
-0.000736867
-0.000725908
-0.000694896
-0.000643133
-0.000570559
-0.000478382
-0.000369046
-0.000246467
-0.000115846
1.72875e-05
0.000148168
0.000273287
0.000390302
0.000497559
0.000593155
0.000674076
0.000736218
0.000775136
0.000787187
0.000770655
0.000726402
0.000657822
0.000570053
0.000468745
0.000359109
0.00024548
0.000131303
1.95222e-05
-8.68182e-05
-0.000184107
-0.000268279
-0.000335528
-0.000383188
-0.000410251
-0.000417494
-0.000407399
-0.000383494
-0.000349228
-0.000307185
-0.000259201
-0.000207
-0.000152493
-9.79201e-05
-4.6112e-05
-2.78585e-07
3.6661e-05
6.27309e-05
7.72178e-05
8.05508e-05
7.38776e-05
5.84727e-05
3.52827e-05
4.82507e-06
-3.26233e-05
-7.65555e-05
-0.000125694
-0.000177741
-0.000229562
-0.00027768
-0.000318744
-0.00034989
-0.000368951
-0.000374371
-0.000365178
-0.000341004
-0.000301913
-0.000248439
-0.000182079
-0.000105602
-2.26269e-05
6.30754e-05
0.000147707
0.000227524
0.000299257
0.000360202
0.000407982
0.000440431
0.000455752
0.000452774
0.000431168
0.000391708
0.000336452
0.000268562
0.000191773
0.000109808
2.59643e-05
-5.71e-05
-0.000137245
-0.00021256
-0.00028129
-0.000341803
-0.000392548
-0.000432133
-0.000459383
-0.00047344
-0.000473984
-0.00046127
-0.0004359
-0.000398672
-0.000350774
-0.000293842
-0.000229574
-0.000159602
-8.56889e-05
-9.714e-06
6.63164e-05
0.000140126
0.00020913
0.000270598
0.000321902
0.000360753
0.000385484
0.000395183
0.000389499
0.00036849
0.000332538
0.000282242
0.000218596
0.000143309
5.88876e-05
-3.1214e-05
-0.000122261
-0.000208273
-0.000283106
-0.000341851
-0.000381089
-0.000398788
-0.000394762
-0.000370765
-0.00032954
-0.000273676
-0.000205605
-0.000128126
-4.45426e-05
4.11801e-05
0.000124423
0.000200244
0.00026388
0.00031154
0.000341132
0.000352418
0.00034658
0.000325802
0.000293159
0.000252146
0.000206144
0.000158517
0.00011271
7.18337e-05
3.81089e-05
1.26313e-05
-4.77526e-06
-1.56845e-05
-2.23361e-05
-2.67048e-05
-3.06478e-05
-3.60753e-05
-4.44372e-05
-5.63401e-05
-7.16368e-05
-8.99063e-05
-0.000110667
-0.00013308
-0.000155686
-0.000176314
-0.000192409
-0.000201447
-0.000201063
-0.000189506
-0.000166376
-0.000132865
-9.12057e-05
-4.39989e-05
5.73501e-06
5.46468e-05
9.95893e-05
0.00013758
0.000165534
0.000180301
0.000178875
0.000158762
0.000118442
0.000118442
5.78518e-05
-2.11264e-05
-0.000114492
-0.000216573
-0.000320741
-0.00041987
-0.000506823
-0.000575594
-0.000621946
-0.000642492
-0.00063409
-0.000594245
-0.000521214
-0.000414128
-0.000273597
-0.000102519
9.3303e-05
0.000304823
0.000519859
0.000724771
0.000906975
0.00105586
0.00116286
0.00122177
0.00122849
0.00118051
0.00107654
0.000916334
0.000701365
0.00043623
0.000130228
-0.000202309
-0.000543659
-0.000874866
-0.00117762
-0.00143596
-0.00163732
-0.00177295
-0.0018374
-0.00182715
-0.0017401
-0.00157636
-0.00133955
-0.00103795
-0.000684756
-0.00029757
0.000103001
0.000495591
0.000860325
0.00118074
0.00144468
0.00164367
0.00177211
0.00182682
0.00180674
0.00171304
0.00154979
0.00132512
0.00105124
0.000743365
0.000418353
9.35029e-05
-0.000214697
-0.000491968
-0.000726928
-0.00091075
-0.0010368
-0.00110069
-0.0011004
-0.00103647
-0.000912281
-0.000734486
-0.000513083
-0.000260732
8.31782e-06
0.000279103
0.00053682
0.000767879
0.000960725
0.00110621
0.00119752
0.00123
0.00120142
0.00111233
0.000966232
0.000769411
0.000530714
0.000261318
-2.59806e-05
-0.000317937
-0.000601812
-0.000865931
-0.00109996
-0.0012952
-0.00144482
-0.00154374
-0.00158885
-0.00157948
-0.00151766
-0.00140772
-0.00125568
-0.00106863
-0.000853944
-0.000619082
-0.000372016
-0.000120963
0.000125921
0.000360314
0.000573859
0.00075885
0.000909022
0.00101999
0.00108923
0.00111572
0.00109959
0.00104221
0.000946526
0.000816648
0.000657925
0.000477601
0.000284949
9.04353e-05
-9.54827e-05
-0.000263014
-0.000403626
-0.000511077
-0.000582065
-0.000615799
-0.000612914
-0.000575038
-0.000504951
-0.000406482
-0.000284477
-0.000145026
4.26862e-06
0.000154448
0.000296071
0.000420188
0.000518944
0.00058617
0.000618101
0.000613577
0.000573478
0.000500162
0.000397298
0.000269503
0.000121755
-4.08054e-05
-0.000212713
-0.000388138
-0.000560796
-0.000723386
-0.000867303
-0.000983487
-0.00106362
-0.00110084
-0.00109041
-0.00103094
-0.000924686
-0.000776195
-0.000591159
-0.000376231
-0.000138764
0.000113442
0.000371854
0.00062649
0.000865817
0.00107765
0.00125042
0.00137484
0.00144531
0.00146003
0.00142073
0.00133207
0.00120062
0.00103373
0.000839096
0.000625357
0.000402346
0.000180942
-2.71985e-05
-0.000210342
-0.000357965
-0.000462136
-0.000518359
-0.000525698
-0.00048648
-0.000405564
-0.0002896
-0.00014671
1.3662e-05
0.000180774
0.000342642
0.000487041
0.000602613
0.00067892
0.000707061
0.000681562
0.000601996
0.000473007
0.000302725
0.000101567
-0.000118271
-0.000343697
-0.000561528
-0.000759219
-0.000925112
-0.00104794
-0.00111733
-0.00112548
-0.00106881
-0.000948744
-0.000771597
-0.000548161
-0.000292605
-2.04937e-05
0.000252628
0.000512194
0.000745164
0.000939858
0.00108611
0.00117619
0.0012058
0.0011744
0.00108476
0.000943256
0.00075969
0.000546287
0.000316776
8.55998e-05
-0.000133114
-0.000326265
-0.000482325
-0.000592098
-0.000649527
-0.000651908
-0.000599544
-0.000495667
-0.000346255
-0.00015948
5.47068e-05
0.000285086
0.000519729
0.000746271
0.000952516
0.00112731
0.00126104
0.00134584
0.00137593
0.00134793
0.00126105
0.00111694
0.000919629
0.000675539
0.000393177
8.22931e-05
-0.000246547
-0.000581802
-0.000910861
-0.00122057
-0.00149829
-0.00173258
-0.00191358
-0.00203369
-0.00208795
-0.00207431
-0.00199366
-0.00184926
-0.00164646
-0.00139276
-0.00109794
-0.000774098
-0.000435223
-9.63444e-05
0.000227542
0.000522521
0.000776687
0.000980776
0.00112831
0.00121537
0.00124043
0.00120408
0.00110899
0.000960113
0.000765043
0.000533954
0.000279092
1.40218e-05
-0.000247337
-0.000491804
-0.000707894
-0.000886363
-0.00102035
-0.00110536
-0.00113921
-0.00112171
-0.00105437
-0.000940566
-0.000785842
-0.000597706
-0.000385279
-0.000158941
7.01687e-05
0.000290984
0.000493396
0.000668881
0.000810918
0.000915082
0.000978863
0.00100155
0.000984106
0.000929051
0.000840438
0.000723821
0.000586078
0.000435115
0.000279349
0.000126958
-1.48691e-05
-0.000140221
-0.000244412
-0.000324128
-0.000324128
-0.0003775
-0.000403925
-0.000403976
-0.000379267
-0.000332349
-0.000266845
-0.000187348
-9.89629e-05
-6.90345e-06
8.36376e-05
0.000167652
0.000240748
0.000299368
0.000340671
0.00036258
0.000364003
0.00034506
0.000307148
0.000252888
0.000186154
0.000111814
3.48416e-05
-4.04334e-05
-0.000110132
-0.000170661
-0.000219058
-0.000253047
-0.00027071
-0.000270381
-0.00025115
-0.000213459
-0.000159374
-9.27062e-05
-1.85933e-05
5.74406e-05
0.000130144
0.000194941
0.000248264
0.000287597
0.000311321
0.00031853
0.000308879
0.000282557
0.000240486
0.000184596
0.000117763
4.35036e-05
-3.42349e-05
-0.000111455
-0.000184606
-0.00025075
-0.000307368
-0.000352281
-0.000383888
-0.00040127
-0.000404088
-0.000392655
-0.000368018
-0.000331843
-0.000286186
-0.00023329
-0.000175419
-0.000114777
-5.36659e-05
5.31539e-06
5.93461e-05
0.000105563
0.000141226
0.000164041
0.000172648
0.000166824
0.000147163
0.000114771
7.1118e-05
1.77181e-05
-4.39914e-05
-0.000112293
-0.000184729
-0.000257982
-0.000327986
-0.000390179
-0.000440166
-0.000474468
-0.000490796
-0.000488079
-0.000466435
-0.000426879
-0.000371006
-0.000300861
-0.000218992
-0.000128599
-3.36628e-05
6.11837e-05
0.000151187
0.000231913
0.000299319
0.000350021
0.000381665
0.000392902
0.000383185
0.000352709
0.000302469
0.000234269
0.000150663
5.49417e-05
-4.89065e-05
-0.000156417
-0.000263042
-0.000364382
-0.000456196
-0.000534489
-0.000595896
-0.000637998
-0.000659183
-0.000658515
-0.000635864
-0.000591925
-0.00052817
-0.000446779
-0.000350498
-0.00024253
-0.00012643
-5.97577e-06
0.000114811
0.000231683
0.000340501
0.000437553
0.000519598
0.000583884
0.000628348
0.000651841
0.000654025
0.000635158
0.00059597
0.000537537
0.000461436
0.000370044
0.000266439
0.000154269
3.77448e-05
-7.85994e-05
-0.000190361
-0.000293578
-0.000384721
-0.000460634
-0.00051851
-0.000555799
-0.000570457
-0.000561434
-0.00052878
-0.00047365
-0.000398431
-0.00030657
-0.000202148
-8.94485e-05
2.73222e-05
0.000144147
0.000257192
0.000362732
0.000457073
0.000536654
0.00059834
0.000639705
0.000659103
0.000655626
0.000629321
0.000581403
0.000513944
0.000429462
0.000330841
0.000221235
0.000104032
-1.70891e-05
-0.000138157
-0.000254839
-0.000362312
-0.000455366
-0.00052912
-0.000579863
-0.000605123
-0.000603594
-0.000575286
-0.000521317
-0.000443535
-0.000344358
-0.000226835
-9.49025e-05
4.62649e-05
0.000190064
0.000328987
0.000455681
0.000563621
0.000647544
0.000703893
0.000730843
0.000727928
0.00069566
0.000635342
0.000549098
0.000440034
0.000312503
0.000172197
2.59088e-05
-0.000119003
-0.000255335
-0.000376752
-0.000478272
-0.000556434
-0.000609172
-0.000635564
-0.000635555
-0.000609709
-0.000559099
-0.0004855
-0.000391779
-0.000282014
-0.000161313
-3.55865e-05
8.87419e-05
0.000205205
0.00030796
0.000392264
0.000454528
0.000492204
0.000503711
0.0004884
0.00044653
0.000379293
0.000289095
0.0001799
5.72414e-05
-7.23457e-05
-0.000202026
-0.000324932
-0.000434499
-0.000525017
-0.00059178
-0.000631018
-0.000639965
-0.00061696
-0.000561631
-0.000475175
-0.00036062
-0.000222837
-6.81698e-05
9.61175e-05
0.000262396
0.000423141
0.000571279
0.000700508
0.000805434
0.000881421
0.000924646
0.000932449
0.000903707
0.0008392
0.000741711
0.000615778
0.000467333
0.000303246
0.00013075
-4.30204e-05
-0.00021126
-0.000367558
-0.000505949
-0.000620971
-0.000707773
-0.000762508
-0.000782886
-0.00076849
-0.000720784
-0.000642944
-0.000539546
-0.000416171
-0.000278997
-0.000134454
1.09586e-05
0.000150721
0.000278383
0.000387854
0.000473778
0.000531771
0.000558745
0.00055325
0.000515587
0.000447764
0.000353365
0.000237276
0.00010534
-3.59022e-05
-0.00017939
-0.000317798
-0.000443861
-0.000550676
-0.000632136
-0.000683468
-0.000701614
-0.000685367
-0.000635238
-0.0005533
-0.000443115
-0.000309618
-0.000158932
1.97668e-06
0.000165695
0.000324519
0.000470746
0.000597309
0.000698371
0.00076972
0.000808879
0.00081502
0.000788855
0.000732485
0.000649179
0.000543068
0.000418913
0.000282078
0.000138409
-6.02098e-06
-0.000145159
-0.000273163
-0.000273163
-0.000384742
-0.000475643
-0.000542803
-0.000584143
-0.000598485
-0.000585768
-0.000547188
-0.000484876
-0.000401641
-0.000301082
-0.000187571
-6.61068e-05
5.78609e-05
0.000178705
0.00029091
0.000389335
0.000469445
0.000527588
0.000561176
0.000568699
0.000549783
0.000505266
0.000437149
0.000348489
0.000243303
0.000126438
3.33583e-06
-0.000120318
-0.000238936
-0.000347362
-0.000441127
-0.000516587
-0.00057101
-0.00060259
-0.000610319
-0.000593886
-0.000553789
-0.000491491
-0.000409439
-0.000311048
-0.000200631
-8.31953e-05
3.60184e-05
0.000152072
0.000260604
0.00035789
0.000440834
0.000506849
0.000553731
0.000579658
0.000583383
0.00056451
0.000523732
0.00046301
0.000385556
0.000295492
0.000197439
9.61949e-05
-3.55242e-06
-9.74935e-05
-0.00018186
-0.000253388
-0.000309278
-0.000347328
-0.000366072
-0.000364862
-0.000343951
-0.000304622
-0.000249214
-0.000180965
-0.000103853
-2.23482e-05
5.899e-05
0.000135863
0.000204445
0.000261518
0.000304531
0.000331506
0.000340904
0.000331653
0.000303276
0.000255988
0.000190836
0.00010994
1.652e-05
-8.54848e-05
-0.000191801
-0.000297957
-0.000399383
-0.000491723
-0.000571177
-0.000634469
-0.000678724
-0.000701575
-0.000701241
-0.000676676
-0.000627812
-0.000555631
-0.000462186
-0.000350668
-0.000225374
-9.15094e-05
4.52206e-05
0.000179073
0.000304599
0.000416882
0.0005117
0.000585691
0.000636465
0.000662562
0.000663497
0.000639916
0.000593634
0.000527485
0.000445093
0.000350701
0.000248926
0.000144358
4.13057e-05
-5.61558e-05
-0.000144207
-0.000219655
-0.000280161
-0.000324217
-0.000351262
-0.000361725
-0.000356853
-0.00033849
-0.000308879
-0.000270458
-0.000225732
-0.000177317
-0.000127982
-8.0463e-05
-3.72512e-05
-4.26213e-07
2.85576e-05
4.88695e-05
6.01514e-05
6.255e-05
5.6693e-05
4.34674e-05
2.38585e-05
-1.0549e-06
-3.00002e-05
-6.14465e-05
-9.36578e-05
-0.00012477
-0.000152867
-0.000176122
-0.00019302
-0.000202499
-0.000203957
-0.000197218
-0.000182521
-0.000160488
-0.00013202
-9.81681e-05
-6.01657e-05
-1.94971e-05
2.21349e-05
6.29532e-05
0.000101234
0.000135365
0.000163984
0.000186166
0.000201458
0.000209747
0.000211189
0.000206288
0.000195911
0.000181176
0.000163398
0.000144027
0.000124476
0.000105966
8.94226e-05
7.54179e-05
6.41726e-05
5.57321e-05
5.01208e-05
4.7283e-05
4.70563e-05
4.92683e-05
5.37805e-05
6.04178e-05
6.88607e-05
7.8698e-05
8.95611e-05
0.000101155
0.000113247
0.000125572
0.000137692
0.000148963
0.000158572
0.00016552
0.000168688
0.000167089
0.000160053
0.000147058
0.00012769
0.000101752
6.91916e-05
3.00618e-05
-1.53221e-05
-6.61299e-05
-0.000120812
-0.000176976
-0.000231438
-0.00028081
-0.000322229
-0.000353448
-0.000372756
-0.000379119
-0.000372134
-0.000351921
-0.000319099
-0.000274729
-0.000220412
-0.000158486
-9.20723e-05
-2.4708e-05
4.00599e-05
9.88207e-05
0.00014855
0.000186929
0.000212347
0.000223791
0.000220856
0.000203864
0.000173871
0.000132571
8.22917e-05
2.59358e-05
-3.32351e-05
-9.18505e-05
-0.000146664
-0.000194744
-0.0002336
-0.000261274
-0.000276353
-0.000277885
-0.000265358
-0.000238762
-0.000198625
-0.000146074
-8.28848e-05
-1.14334e-05
6.53995e-05
0.000144325
0.000221795
0.000294287
0.000358566
0.000411728
0.000451185
0.000474741
0.000480662
0.000467954
0.000436639
0.000387682
0.000322892
0.000244986
0.000157423
6.39654e-05
-3.16608e-05
-0.000125777
-0.000214792
-0.000295367
-0.000364449
-0.000419288
-0.000457599
-0.000477826
-0.0004793
-0.000462205
-0.000427489
-0.000376908
-0.000313022
-0.000238882
-0.000157755
-7.31212e-05
1.13606e-05
9.20713e-05
0.000165686
0.000229289
0.000280434
0.000317293
0.000338768
0.00034447
0.000334641
0.00031013
0.000272411
0.000223509
0.000165891
0.000102408
3.62668e-05
-2.912e-05
-9.03793e-05
-0.000144396
-0.000188474
-0.000220501
-0.000239076
-0.000243529
-0.000233847
-0.000210595
-0.000174849
-0.000128105
-7.21775e-05
-9.15978e-06
5.85811e-05
0.000128429
0.00019753
0.000262799
0.000321091
0.000369504
0.000405576
0.000427334
0.000433351
0.000422937
0.000396273
0.000354252
0.000298355
0.000230742
0.000230742
0.000154217
7.19392e-05
-1.28575e-05
-9.68464e-05
-0.000176657
-0.000249137
-0.000311458
-0.000361077
-0.000395766
-0.000413806
-0.000414209
-0.0003968
-0.000362271
-0.000312268
-0.00024932
-0.000176456
-9.68756e-05
-1.38364e-05
6.9505e-05
0.000150214
0.000225553
0.000292873
0.000349545
0.000392976
0.000420763
0.000431108
0.000423257
0.000397551
0.0003553
0.000298688
0.00023052
0.00015384
7.16567e-05
-1.31184e-05
-9.75961e-05
-0.000178789
-0.000253487
-0.000318302
-0.00036998
-0.000405818
-0.000423995
-0.000423785
-0.000405587
-0.000370836
-0.000321738
-0.000260909
-0.000191117
-0.000115224
-3.62078e-05
4.27776e-05
0.000118392
0.000187191
0.00024585
0.000291491
0.000321974
0.000336093
0.000333652
0.000315363
0.000282671
0.000237542
0.000182287
0.000119459
5.18283e-05
-1.76005e-05
-8.56032e-05
-0.000148841
-0.00020404
-0.000248266
-0.000279213
-0.000295368
-0.000296044
-0.000281361
-0.000252144
-0.000209804
-0.000156259
-9.38655e-05
-2.53704e-05
4.60995e-05
0.000117102
0.000184105
0.000243766
0.00029308
0.000329549
0.000351355
0.000357416
0.000347355
0.000321468
0.000280681
0.00022653
0.000161177
8.74578e-05
8.84226e-06
-7.08e-05
-0.000147498
-0.000217423
-0.00027713
-0.000323798
-0.000355411
-0.000370787
-0.000369426
-0.000351423
-0.000317495
-0.000268991
-0.0002079
-0.000136884
-5.92677e-05
2.11311e-05
0.000100289
0.000174248
0.000239405
0.000292782
0.000332132
0.000355938
0.000363385
0.000354307
0.000329175
0.00028913
0.000235993
0.000172258
0.000101027
2.58482e-05
-4.9561e-05
-0.000121602
-0.000186981
-0.000242863
-0.000287006
-0.000317796
-0.000334191
-0.000335689
-0.000322394
-0.000295081
-0.000255186
-0.000204778
-0.000146459
-8.31678e-05
-1.79716e-05
4.61398e-05
0.000106421
0.000160478
0.000206293
0.00024223
0.000267088
0.000280142
0.000281153
0.000270398
0.000248681
0.000217307
0.000177999
0.000132756
8.36882e-05
3.28613e-05
-1.77529e-05
-6.62648e-05
-0.00011094
-0.000150249
-0.000182836
-0.000207501
-0.000223286
-0.000229639
-0.000226508
-0.000214359
-0.000194198
-0.000167552
-0.000136306
-0.000102439
-6.7864e-05
-3.43498e-05
-3.40352e-06
2.3869e-05
4.67113e-05
6.45005e-05
7.66816e-05
8.28794e-05
8.29614e-05
7.70512e-05
6.55771e-05
4.93709e-05
2.97086e-05
8.15375e-06
-1.36797e-05
-3.42923e-05
-5.24173e-05
-6.71236e-05
-7.78333e-05
-8.41909e-05
-8.59026e-05
-8.26875e-05
-7.4345e-05
-6.08687e-05
-4.25367e-05
-2.00205e-05
5.51477e-06
3.24729e-05
5.91289e-05
8.39437e-05
0.000105611
0.000123056
0.000135521
0.000142537
0.000143779
0.000138981
0.000127996
0.000110947
8.83224e-05
6.10311e-05
3.03903e-05
-1.9924e-06
-3.44367e-05
-6.54208e-05
-9.37417e-05
-0.000118583
-0.000139405
-0.000155749
-0.00016718
-0.000173296
-0.000173718
-0.000168206
-0.000156906
-0.000140451
-0.000119836
-9.62668e-05
-7.10341e-05
-4.53617e-05
-2.03093e-05
3.2004e-06
2.42974e-05
4.20854e-05
5.56179e-05
6.39609e-05
6.63749e-05
6.25116e-05
5.24926e-05
3.69141e-05
1.68012e-05
-6.54465e-06
-3.17874e-05
-5.77211e-05
-8.32403e-05
-0.000107291
-0.000128883
-0.000147049
-0.000160814
-0.000169268
-0.000171747
-0.00016798
-0.000158102
-0.000142587
-0.000122148
-9.7628e-05
-6.98976e-05
-3.97644e-05
-7.98713e-06
2.46474e-05
5.72514e-05
8.88422e-05
0.00011843
0.000145107
0.000168133
0.000186993
0.000201368
0.000211046
0.000215845
0.000215595
0.000210161
0.000199489
0.000183771
0.000163556
0.000139641
0.00011297
8.45627e-05
5.53442e-05
2.60252e-05
-2.86655e-06
-3.08806e-05
-5.75346e-05
-8.22153e-05
-0.000104121
-0.00012236
-0.000136187
-0.000145188
-0.000149335
-0.000148981
-0.0001448
-0.000137696
-0.000128618
-0.000118389
-0.000107691
-9.71535e-05
-8.73847e-05
-7.89286e-05
-7.22332e-05
-6.76581e-05
-6.54105e-05
-6.54313e-05
-6.7388e-05
-7.08154e-05
-7.51986e-05
-7.98725e-05
-8.4037e-05
-8.69091e-05
-8.7748e-05
-8.58372e-05
-8.05592e-05
-7.15093e-05
-5.85493e-05
-4.18089e-05
-2.16908e-05
1.1836e-06
2.61019e-05
5.23557e-05
7.92657e-05
0.000106173
0.000132423
0.000157375
0.000180398
0.000200862
0.00021815
0.000231682
0.00024095
0.000245597
0.000245492
0.000240677
0.000240677
0.000231307
0.000217637
0.000199997
0.000178824
0.000154696
0.000128209
9.99131e-05
7.03324e-05
3.99225e-05
9.09313e-06
-2.17101e-05
-5.2009e-05
-8.13071e-05
-0.000109032
-0.000134505
-0.00015705
-0.000176164
-0.000191535
-0.000202978
-0.000210405
-0.000213767
-0.000213073
-0.000208421
-0.000199904
-0.000187611
-0.000171737
-0.000152607
-0.0001307
-0.000106693
-8.13744e-05
-5.55141e-05
-2.98103e-05
-4.85248e-06
1.88875e-05
4.10279e-05
6.12746e-05
7.93947e-05
9.51368e-05
0.000108181
0.000118193
0.00012495
0.000128393
0.000128627
0.000125908
0.000120605
0.000113161
0.000104067
9.38215e-05
8.29257e-05
7.1923e-05
6.13683e-05
5.17373e-05
4.33889e-05
3.66066e-05
3.15832e-05
2.83556e-05
2.68112e-05
2.6751e-05
2.79093e-05
2.98965e-05
3.21951e-05
3.42138e-05
3.53118e-05
3.48519e-05
3.22878e-05
2.7213e-05
1.93769e-05
8.68578e-06
-4.80742e-06
-2.08918e-05
-3.91509e-05
-5.89294e-05
-7.93433e-05
-9.92914e-05
-0.000117512
-0.000132814
-0.000144287
-0.000151235
-0.00015314
-0.000149784
-0.00014127
-0.000127896
-0.000110056
-8.82837e-05
-6.33411e-05
-3.62358e-05
-8.19686e-06
1.93914e-05
4.51145e-05
6.76707e-05
8.60043e-05
9.93874e-05
0.000107437
0.000110072
0.000107442
9.98848e-05
8.78814e-05
7.20189e-05
5.30224e-05
3.18028e-05
9.43774e-06
-1.29146e-05
-3.41085e-05
-5.30937e-05
-6.89852e-05
-8.1087e-05
-8.88607e-05
-9.18842e-05
-8.9845e-05
-8.25524e-05
-6.99651e-05
-5.22903e-05
-3.00915e-05
-4.29591e-06
2.38483e-05
5.28151e-05
8.09207e-05
0.000106596
0.000128599
0.000145926
0.000157724
0.000163323
0.000162209
0.00015399
0.000138483
0.00011585
8.67342e-05
5.23151e-05
1.42552e-05
-2.54886e-05
-6.49388e-05
-0.000102279
-0.000135953
-0.000164711
-0.000187567
-0.000203706
-0.000212446
-0.000213246
-0.000205787
-0.000190085
-0.000166586
-0.00013624
-0.000100459
-6.09242e-05
-1.93873e-05
2.2424e-05
6.28544e-05
0.000100377
0.000133637
0.000161435
0.000182693
0.000196519
0.000202302
0.00019982
0.000189316
0.000171491
0.000147437
0.000118544
8.63854e-05
5.25889e-05
1.87623e-05
-1.35155e-05
-4.27316e-05
-6.75136e-05
-8.66896e-05
-9.93519e-05
-0.000104927
-0.000103239
-9.45338e-05
-7.94499e-05
-5.89368e-05
-3.41492e-05
-6.34625e-06
2.31717e-05
5.31101e-05
8.22149e-05
0.000109296
0.000133239
0.000153037
0.000167885
0.000177251
0.00018087
0.000178733
0.000171064
0.000158324
0.000141152
0.000120306
9.66354e-05
7.10818e-05
4.46867e-05
1.85928e-05
-6.01812e-06
-2.80005e-05
-4.63037e-05
-6.00422e-05
-6.85906e-05
-7.16169e-05
-6.90159e-05
-6.08735e-05
-4.74861e-05
-2.93585e-05
-7.2154e-06
1.79678e-05
4.49623e-05
7.23384e-05
9.85565e-05
0.000122084
0.000141568
0.000155961
0.000164499
0.000166675
0.000162247
0.000151211
0.000133782
0.000110433
8.19223e-05
4.93034e-05
1.38901e-05
-2.28126e-05
-5.92359e-05
-9.38928e-05
-0.000125485
-0.000152969
-0.000175591
-0.000192873
-0.000204562
-0.000210593
-0.000211106
-0.000206467
-0.000197263
-0.00018429
-0.00016854
-0.000151147
-0.000133296
-0.000116111
-0.000100582
-8.75083e-05
-7.75133e-05
-7.10662e-05
-6.84593e-05
-6.97957e-05
-7.49888e-05
-8.37366e-05
-9.55375e-05
-0.000109735
-0.000125543
-0.000142096
-0.000158516
-0.000173964
-0.000187662
-0.000198883
-0.000206936
-0.000211182
-0.000211086
-0.000206261
-0.000196563
-0.00018217
-0.000163563
-0.000141461
-0.0001168
-9.06691e-05
-6.41541e-05
-3.82158e-05
-1.37249e-05
8.48206e-06
2.7629e-05
4.30249e-05
5.40764e-05
6.03326e-05
6.15704e-05
5.78679e-05
4.96129e-05
3.74736e-05
2.23465e-05
5.26836e-06
-1.26729e-05
-3.03942e-05
-4.68529e-05
-6.10713e-05
-7.22052e-05
-7.96243e-05
-8.29079e-05
-8.1832e-05
-7.64039e-05
-6.68688e-05
-5.36566e-05
-3.73338e-05
-1.86134e-05
1.65325e-06
2.25305e-05
4.30339e-05
6.21667e-05
7.89852e-05
9.26725e-05
0.000102599
0.000108355
0.000109758
0.000106864
9.99613e-05
8.95383e-05
7.62383e-05
6.08388e-05
4.42189e-05
2.73008e-05
1.10034e-05
-3.76888e-06
-1.61485e-05
-2.53616e-05
-3.07763e-05
-3.19368e-05
-2.85926e-05
-2.07114e-05
-8.48837e-06
7.64365e-06
2.70145e-05
4.87447e-05
7.18211e-05
9.51777e-05
0.000117744
0.000138494
0.0001565
0.000170974
0.000170974
0.000181286
0.000186931
0.000187523
0.000182806
0.000172672
0.000157233
0.00013691
0.000112412
8.46566e-05
5.47394e-05
2.38788e-05
-6.65769e-06
-3.56471e-05
-6.19737e-05
-8.46404e-05
-0.000102769
-0.000115616
-0.000122633
-0.000123508
-0.000118156
-0.000106751
-8.97551e-05
-6.78739e-05
-4.1998e-05
-1.31789e-05
1.74119e-05
4.85526e-05
7.90386e-05
0.000107722
0.000133537
0.000155545
0.000172964
0.000185189
0.000191784
0.000192502
0.000187358
0.000176688
0.00016111
0.000141448
0.000118721
9.40853e-05
6.87081e-05
4.36824e-05
2.0029e-05
-1.28675e-06
-1.93815e-05
-3.34908e-05
-4.30131e-05
-4.75733e-05
-4.70931e-05
-4.18301e-05
-3.23612e-05
-1.9521e-05
-4.29393e-06
1.2283e-05
2.91621e-05
4.53335e-05
5.98838e-05
7.20109e-05
8.10011e-05
8.62333e-05
8.72555e-05
8.38468e-05
7.60363e-05
6.41547e-05
4.88593e-05
3.10615e-05
1.18265e-05
-7.71307e-06
-2.644e-05
-4.33223e-05
-5.74857e-05
-6.82284e-05
-7.49442e-05
-7.71092e-05
-7.43399e-05
-6.64311e-05
-5.34178e-05
-3.56702e-05
-1.39622e-05
1.05445e-05
3.63854e-05
6.192e-05
8.55675e-05
0.000106019
0.000122213
0.000133283
0.000138567
0.000137575
0.000129943
0.000115496
9.43756e-05
6.7191e-05
3.51091e-05
-1.35444e-07
-3.64755e-05
-7.18679e-05
-0.000104451
-0.000132616
-0.000155123
-0.000171099
-0.00017995
-0.00018128
-0.000174865
-0.00016072
-0.000139212
-0.000111157
-7.78345e-05
-4.09141e-05
-2.30207e-06
3.6073e-05
7.24568e-05
0.00010538
0.00013369
0.000156528
0.00017329
0.000183586
0.000187219
0.000184219
0.00017491
0.00015996
0.000140371
0.000117412
9.24838e-05
6.6962e-05
4.21115e-05
1.9057e-05
-1.24145e-06
-1.79859e-05
-3.05147e-05
-3.83056e-05
-4.10081e-05
-3.85003e-05
-3.09552e-05
-1.88898e-05
-3.1986e-06
1.48544e-05
3.37837e-05
5.2108e-05
6.84653e-05
8.16649e-05
9.07818e-05
9.52189e-05
9.46589e-05
8.89372e-05
7.79764e-05
6.18379e-05
4.07777e-05
1.52645e-05
-1.39836e-05
-4.59532e-05
-7.93676e-05
-0.000112807
-0.000144812
-0.000173935
-0.000198878
-0.000218658
-0.00023265
-0.000240499
-0.000242079
-0.000237473
-0.000226955
-0.000210951
-0.00019002
-0.00016489
-0.000136504
-0.000106007
-7.47196e-05
-4.40735e-05
-1.54882e-05
9.75182e-06
3.0588e-05
4.62346e-05
5.61928e-05
6.02424e-05
5.84179e-05
5.09777e-05
3.8381e-05
2.13006e-05
6.66144e-07
-2.23352e-05
-4.63205e-05
-6.97962e-05
-9.12601e-05
-0.000109343
-0.000122982
-0.000131505
-0.000134579
-0.000132146
-0.000124411
-0.000111773
-9.47343e-05
-7.39075e-05
-5.01372e-05
-2.45309e-05
1.62596e-06
2.69611e-05
5.01362e-05
7.0001e-05
8.57215e-05
9.68286e-05
0.000103185
0.000104913
0.000102297
9.57182e-05
8.564e-05
7.26222e-05
5.73224e-05
4.04883e-05
2.295e-05
5.59641e-06
-1.07136e-05
-2.52473e-05
-3.74503e-05
-4.69691e-05
-5.36271e-05
-5.73902e-05
-5.83551e-05
-5.67257e-05
-5.27788e-05
-4.68403e-05
-3.92619e-05
-3.04164e-05
-2.07119e-05
-1.05839e-05
-4.59175e-07
9.26815e-06
1.82297e-05
2.61e-05
3.26454e-05
3.77402e-05
4.13504e-05
4.35276e-05
4.43965e-05
4.41255e-05
4.28886e-05
4.0857e-05
3.82149e-05
3.51603e-05
3.19114e-05
2.8716e-05
2.58397e-05
2.35416e-05
2.20431e-05
2.15031e-05
2.20221e-05
2.36678e-05
2.65031e-05
3.06059e-05
3.60831e-05
4.30398e-05
5.14436e-05
6.0995e-05
7.11579e-05
8.1245e-05
9.04605e-05
9.80047e-05
0.00010329
0.000106046
0.000106157
0.000103543
9.81527e-05
8.99068e-05
7.86512e-05
6.4255e-05
4.67875e-05
2.66268e-05
4.44678e-06
-1.88456e-05
-4.22108e-05
-6.46213e-05
-8.519e-05
-0.000103221
-0.000118165
-0.00012956
-0.000137053
-0.000140418
-0.000139495
-0.000134197
-0.000124602
-0.000110995
-9.38582e-05
-7.38499e-05
-5.17447e-05
-2.83644e-05
-4.52282e-06
1.90129e-05
4.15214e-05
6.22972e-05
8.06532e-05
9.59464e-05
0.000107577
0.000115012
0.000117914
0.00011626
0.000110293
0.000100435
8.72613e-05
7.143e-05
5.36025e-05
3.44185e-05
1.45201e-05
-5.41047e-06
-2.46334e-05
-4.23661e-05
-5.78262e-05
-7.03108e-05
-7.92871e-05
-8.44407e-05
-8.56583e-05
-8.2978e-05
-7.65746e-05
-6.67672e-05
-5.39775e-05
-3.86941e-05
-2.14966e-05
-3.09565e-06
1.56722e-05
3.39185e-05
5.07855e-05
6.54949e-05
7.74091e-05
7.74091e-05
8.60876e-05
9.12983e-05
9.29849e-05
9.12139e-05
8.61549e-05
7.80892e-05
6.74102e-05
5.46225e-05
4.03608e-05
2.53897e-05
1.0527e-05
-3.47509e-06
-1.60256e-05
-2.67164e-05
-3.52891e-05
-4.16372e-05
-4.57976e-05
-4.78836e-05
-4.80563e-05
-4.65456e-05
-4.36716e-05
-3.98582e-05
-3.56284e-05
-3.15612e-05
-2.82087e-05
-2.59967e-05
-2.51513e-05
-2.56932e-05
-2.74878e-05
-3.02944e-05
-3.38142e-05
-3.77874e-05
-4.20508e-05
-4.64584e-05
-5.08134e-05
-5.48754e-05
-5.8354e-05
-6.09004e-05
-6.21582e-05
-6.18716e-05
-5.99536e-05
-5.64775e-05
-5.1651e-05
-4.57671e-05
-3.9139e-05
-3.2043e-05
-2.46913e-05
-1.72549e-05
-9.90005e-06
-2.80785e-06
3.81542e-06
9.73877e-06
1.47327e-05
1.86174e-05
2.13065e-05
2.28147e-05
2.32334e-05
2.27075e-05
2.14148e-05
1.95286e-05
1.71911e-05
1.45062e-05
1.15333e-05
8.30129e-06
4.84131e-06
1.18534e-06
-2.64665e-06
-6.61286e-06
-1.06508e-05
-1.47431e-05
-1.89306e-05
-2.32808e-05
-2.78793e-05
-3.2817e-05
-3.81629e-05
-4.39317e-05
-5.00716e-05
-5.64775e-05
-6.30196e-05
-6.95716e-05
-7.6028e-05
-8.23154e-05
-8.83784e-05
-9.41439e-05
-9.95067e-05
-0.000104348
-0.000108563
-0.000112067
-0.000114801
-0.000116758
-0.000117988
-0.000118575
-0.000118626
-0.000118244
-0.000117512
-0.000116481
-0.000115149
-0.00011346
-0.000111349
-0.000108757
-0.000105612
-0.000101809
-9.71692e-05
-9.14597e-05
-8.44495e-05
-7.59244e-05
-6.57154e-05
-5.37828e-05
-4.02661e-05
-2.5451e-05
-9.67979e-06
6.69902e-06
2.33398e-05
3.99057e-05
5.6036e-05
7.13045e-05
8.52249e-05
9.728e-05
0.000106969
0.00011387
0.000117682
0.000118277
0.00011572
0.00011022
0.000102053
9.15194e-05
7.89243e-05
6.45934e-05
4.89064e-05
3.23011e-05
1.52626e-05
-1.68462e-06
-1.80056e-05
-3.3205e-05
-4.68703e-05
-5.86852e-05
-6.84042e-05
-7.57866e-05
-8.0522e-05
-8.227e-05
-8.07957e-05
-7.60108e-05
-6.7968e-05
-5.69178e-05
-4.33243e-05
-2.77871e-05
-1.09338e-05
6.65149e-06
2.44366e-05
4.19128e-05
5.85522e-05
7.37789e-05
8.69798e-05
9.75444e-05
0.000104945
0.000108828
0.000109068
0.000105779
9.92955e-05
9.01201e-05
7.88406e-05
6.60578e-05
5.23653e-05
3.83614e-05
2.46494e-05
1.18343e-05
5.1248e-07
-8.76598e-06
-1.55597e-05
-1.9584e-05
-2.07215e-05
-1.90282e-05
-1.4721e-05
-8.13086e-06
3.32651e-07
1.02123e-05
2.10256e-05
3.22527e-05
4.33403e-05
5.37316e-05
6.28886e-05
7.0346e-05
7.57783e-05
7.90249e-05
8.00905e-05
7.91353e-05
7.64378e-05
7.2331e-05
6.7157e-05
6.12716e-05
5.50565e-05
4.89085e-05
4.32414e-05
3.84874e-05
3.50681e-05
3.33227e-05
3.34371e-05
3.54135e-05
3.90646e-05
4.40647e-05
5.0043e-05
5.66274e-05
6.3451e-05
7.01736e-05
7.64804e-05
8.20482e-05
8.65247e-05
8.9542e-05
9.07526e-05
8.98843e-05
8.68e-05
8.153e-05
7.42609e-05
6.52847e-05
5.4943e-05
4.35929e-05
3.15823e-05
1.92432e-05
6.90634e-06
-5.07611e-06
-1.63187e-05
-2.6399e-05
-3.48667e-05
-4.13121e-05
-4.54569e-05
-4.71744e-05
-4.64725e-05
-4.34751e-05
-3.83668e-05
-3.13483e-05
-2.26311e-05
-1.244e-05
-1.03717e-06
1.12375e-05
2.39432e-05
3.65516e-05
4.85109e-05
5.93186e-05
6.85765e-05
7.60223e-05
8.1524e-05
8.5052e-05
8.66417e-05
8.63569e-05
8.42844e-05
8.05531e-05
7.53458e-05
6.89125e-05
6.15892e-05
5.37854e-05
4.59389e-05
3.84596e-05
3.16602e-05
2.5691e-05
2.05104e-05
1.59259e-05
1.1691e-05
7.60554e-06
3.60524e-06
-2.04449e-07
-3.64242e-06
-6.58819e-06
-9.02973e-06
-1.10698e-05
-1.29263e-05
-1.48724e-05
-1.71215e-05
-1.97181e-05
-2.2526e-05
-2.53179e-05
-2.78763e-05
-3.00757e-05
-3.19453e-05
-3.3673e-05
-3.55254e-05
-3.77407e-05
-4.04639e-05
-4.37265e-05
-4.74538e-05
-5.15095e-05
-5.57609e-05
-6.01174e-05
-6.44956e-05
-6.87672e-05
-7.27538e-05
-7.62253e-05
-7.88872e-05
-8.04173e-05
-8.05288e-05
-7.90361e-05
-7.5882e-05
-7.10875e-05
-6.4711e-05
-5.68502e-05
-4.76417e-05
-3.72763e-05
-2.60314e-05
-1.4285e-05
-2.5001e-06
8.80584e-06
1.91078e-05
2.79473e-05
3.49904e-05
4.00315e-05
4.29852e-05
4.3874e-05
4.27947e-05
3.98888e-05
3.53438e-05
2.94163e-05
2.24435e-05
1.48389e-05
7.08247e-06
-3.17452e-07
-6.87524e-06
-1.21738e-05
-1.59091e-05
-1.79128e-05
-1.81506e-05
-1.6702e-05
-1.37371e-05
-9.50978e-06
-9.50978e-06
-4.34678e-06
1.36027e-06
7.15813e-06
1.25797e-05
1.7187e-05
2.05609e-05
2.23281e-05
2.22329e-05
2.01639e-05
1.61256e-05
1.02037e-05
2.56928e-06
-6.51859e-06
-1.67369e-05
-2.77032e-05
-3.89816e-05
-5.01093e-05
-6.06186e-05
-7.00632e-05
-7.80522e-05
-8.42686e-05
-8.84783e-05
-9.05389e-05
-9.03909e-05
-8.80249e-05
-8.34534e-05
-7.66932e-05
-6.77993e-05
-5.69218e-05
-4.42872e-05
-3.01761e-05
-1.49402e-05
1.00723e-06
1.71949e-05
3.30964e-05
4.81731e-05
6.1906e-05
7.38034e-05
8.34164e-05
9.0394e-05
9.45244e-05
9.56944e-05
9.38736e-05
8.9147e-05
8.17007e-05
7.18049e-05
5.98293e-05
4.62599e-05
3.16908e-05
1.67774e-05
2.17381e-06
-1.1531e-05
-2.38664e-05
-3.45064e-05
-4.32625e-05
-5.0063e-05
-5.49235e-05
-5.78955e-05
-5.90243e-05
-5.83619e-05
-5.5997e-05
-5.20639e-05
-4.67506e-05
-4.03469e-05
-3.32517e-05
-2.58653e-05
-1.851e-05
-1.14366e-05
-4.81281e-06
1.283e-06
6.81758e-06
1.17396e-05
1.59443e-05
1.92675e-05
2.15049e-05
2.24772e-05
2.21022e-05
2.04249e-05
1.7605e-05
1.38758e-05
9.49008e-06
4.67832e-06
-3.70816e-07
-5.50194e-06
-1.05695e-05
-1.54041e-05
-1.9782e-05
-2.34412e-05
-2.61298e-05
-2.76427e-05
-2.78607e-05
-2.67805e-05
-2.45158e-05
-2.12735e-05
-1.73008e-05
-1.2842e-05
-8.13032e-06
-3.3868e-06
1.16794e-06
5.30498e-06
8.78679e-06
1.13592e-05
1.27812e-05
1.28821e-05
1.15936e-05
8.9629e-06
5.14593e-06
3.77508e-07
-5.06955e-06
-1.09169e-05
-1.68982e-05
-2.27711e-05
-2.83088e-05
-3.32818e-05
-3.74576e-05
-4.06117e-05
-4.25589e-05
-4.32016e-05
-4.25596e-05
-4.07755e-05
-3.8095e-05
-3.48266e-05
-3.13058e-05
-2.78447e-05
-2.46967e-05
-2.20836e-05
-2.02103e-05
-1.92428e-05
-1.93006e-05
-2.04605e-05
-2.27544e-05
-2.61464e-05
-3.05097e-05
-3.56262e-05
-4.11909e-05
-4.68248e-05
-5.21095e-05
-5.66223e-05
-5.99706e-05
-6.18151e-05
-6.18842e-05
-6.00051e-05
-5.6116e-05
-5.02346e-05
-4.24505e-05
-3.29585e-05
-2.20786e-05
-1.02224e-05
2.15549e-06
1.45595e-05
2.64675e-05
3.73792e-05
4.68396e-05
5.44642e-05
5.99671e-05
6.31611e-05
6.39712e-05
6.24591e-05
5.88188e-05
5.33445e-05
4.64044e-05
3.84201e-05
2.9834e-05
2.10787e-05
1.25662e-05
4.69615e-06
-2.14491e-06
-7.61882e-06
-1.1469e-05
-1.35257e-05
-1.37206e-05
-1.20986e-05
-8.79493e-06
-3.99693e-06
2.08434e-06
9.23304e-06
1.72457e-05
2.59087e-05
3.49581e-05
4.40982e-05
5.30257e-05
6.1416e-05
6.89373e-05
7.52997e-05
8.02896e-05
8.37712e-05
8.56804e-05
8.60162e-05
8.48239e-05
8.21886e-05
7.82302e-05
7.30993e-05
6.69923e-05
6.01575e-05
5.28825e-05
4.54857e-05
3.8308e-05
3.16839e-05
2.59042e-05
2.11976e-05
1.77278e-05
1.55924e-05
1.48283e-05
1.54111e-05
1.72612e-05
2.02587e-05
2.42313e-05
2.89325e-05
3.40568e-05
3.92628e-05
4.418e-05
4.84357e-05
5.17042e-05
5.37424e-05
5.44082e-05
5.3656e-05
5.15149e-05
4.80771e-05
4.34909e-05
3.79273e-05
3.15683e-05
2.46486e-05
1.74654e-05
1.03551e-05
3.6751e-06
-2.23632e-06
-7.10428e-06
-1.07498e-05
-1.3108e-05
-1.42128e-05
-1.4157e-05
-1.30461e-05
-1.09778e-05
-8.05804e-06
-4.417e-06
-2.17759e-07
4.32591e-06
8.94522e-06
1.33474e-05
1.72651e-05
2.04835e-05
2.28443e-05
2.42412e-05
2.46108e-05
2.3923e-05
2.21608e-05
1.93087e-05
1.53834e-05
1.04632e-05
4.69439e-06
-1.70763e-06
-8.47811e-06
-1.53359e-05
-2.20039e-05
-2.82303e-05
-3.38117e-05
-3.8587e-05
-4.24245e-05
-4.52322e-05
-4.69709e-05
-4.76576e-05
-4.73679e-05
-4.62364e-05
-4.44546e-05
-4.22613e-05
-3.99236e-05
-3.77104e-05
-3.58712e-05
-3.4633e-05
-3.41952e-05
-3.47177e-05
-3.63209e-05
-3.9082e-05
-4.30199e-05
-4.80888e-05
-5.41663e-05
-6.10365e-05
-6.8375e-05
-7.57378e-05
-8.26258e-05
-8.85925e-05
-9.32579e-05
-9.62953e-05
-9.74652e-05
-9.6628e-05
-9.3733e-05
-8.88057e-05
-8.19363e-05
-7.32856e-05
-6.31136e-05
-5.17947e-05
-3.97875e-05
-2.76064e-05
-1.58066e-05
-4.92919e-06
4.55256e-06
1.22493e-05
1.78672e-05
2.12248e-05
2.22604e-05
2.10199e-05
1.76376e-05
1.2333e-05
5.40964e-06
-2.76303e-06
-1.17667e-05
-2.11437e-05
-3.04178e-05
-3.91162e-05
-4.67893e-05
-5.30456e-05
-5.75712e-05
-6.01283e-05
-6.05604e-05
-5.87857e-05
-5.47843e-05
-4.86101e-05
-4.03993e-05
-3.0364e-05
-1.8792e-05
-6.04877e-06
7.41821e-06
7.41821e-06
2.1091e-05
3.44367e-05
4.69503e-05
5.81678e-05
6.76928e-05
7.52267e-05
8.05736e-05
8.36167e-05
8.43069e-05
8.26957e-05
7.89626e-05
7.34089e-05
6.64415e-05
5.85524e-05
5.0272e-05
4.20918e-05
3.43852e-05
2.74009e-05
2.13285e-05
1.63201e-05
1.24772e-05
9.86984e-06
8.5417e-06
8.47282e-06
9.53824e-06
1.14981e-05
1.40378e-05
1.68338e-05
1.96133e-05
2.21783e-05
2.43966e-05
2.62067e-05
2.75955e-05
2.85319e-05
2.89288e-05
2.86622e-05
2.76152e-05
2.57128e-05
2.29387e-05
1.93537e-05
1.50966e-05
1.03578e-05
5.3374e-06
2.11585e-07
-4.87692e-06
-9.81152e-06
-1.44863e-05
-1.8788e-05
-2.25838e-05
-2.57357e-05
-2.8154e-05
-2.98588e-05
-3.10112e-05
-3.18719e-05
-3.27144e-05
-3.37821e-05
-3.52585e-05
-3.72011e-05
-3.95272e-05
-4.21106e-05
-4.48893e-05
-4.78629e-05
-5.10549e-05
-5.44874e-05
-5.81118e-05
-6.17536e-05
-6.51124e-05
-6.781e-05
-6.94845e-05
-6.98781e-05
-6.88832e-05
-6.6567e-05
-6.31445e-05
-5.8881e-05
-5.40088e-05
-4.87062e-05
-4.31013e-05
-3.72914e-05
-3.13942e-05
-2.55981e-05
-2.01645e-05
-1.5383e-05
-1.1493e-05
-8.60386e-06
-6.67256e-06
-5.52684e-06
-4.89607e-06
-4.46942e-06
-3.96598e-06
-3.1843e-06
-1.99502e-06
-2.79065e-07
2.11288e-06
5.36432e-06
9.68379e-06
1.52535e-05
2.21375e-05
3.02013e-05
3.90904e-05
4.82545e-05
5.70116e-05
6.47112e-05
7.08838e-05
7.5213e-05
7.7479e-05
7.75435e-05
7.52914e-05
7.05894e-05
6.32948e-05
5.33216e-05
4.07558e-05
2.5944e-05
9.51357e-06
-7.70558e-06
-2.48325e-05
-4.10556e-05
-5.57046e-05
-6.82932e-05
-7.84924e-05
-8.60699e-05
-9.08451e-05
-9.26611e-05
-9.13964e-05
-8.70307e-05
-7.9718e-05
-6.98271e-05
-5.79386e-05
-4.47823e-05
-3.11342e-05
-1.77231e-05
-5.15848e-06
6.11514e-06
1.57993e-05
2.36879e-05
2.96345e-05
3.35349e-05
3.53253e-05
3.50086e-05
3.2697e-05
2.86543e-05
2.32978e-05
1.71317e-05
1.06631e-05
4.35394e-06
-1.40212e-06
-6.30849e-06
-1.01638e-05
-1.28247e-05
-1.4176e-05
-1.41161e-05
-1.25626e-05
-9.47797e-06
-4.89878e-06
1.05316e-06
8.18e-06
1.62144e-05
2.4847e-05
3.37808e-05
4.27534e-05
5.15298e-05
5.99022e-05
6.76742e-05
7.46383e-05
8.05819e-05
8.53027e-05
8.86273e-05
9.04485e-05
9.0756e-05
8.96361e-05
8.72494e-05
8.38056e-05
7.95364e-05
7.46665e-05
6.94004e-05
6.39274e-05
5.84376e-05
5.31351e-05
4.82282e-05
4.39174e-05
4.03874e-05
3.77824e-05
3.61653e-05
3.55139e-05
3.57447e-05
3.67242e-05
3.82892e-05
4.02735e-05
4.25127e-05
4.48434e-05
4.7106e-05
4.91383e-05
5.0775e-05
5.18537e-05
5.22286e-05
5.17882e-05
5.04705e-05
4.82659e-05
4.5216e-05
4.14079e-05
3.69638e-05
3.20346e-05
2.67872e-05
2.13953e-05
1.60385e-05
1.08964e-05
6.14086e-06
1.93002e-06
-1.59899e-06
-4.33738e-06
-6.21653e-06
-7.21406e-06
-7.35064e-06
-6.68732e-06
-5.31675e-06
-3.34335e-06
-8.67008e-07
2.01258e-06
5.18974e-06
8.55658e-06
1.20005e-05
1.54041e-05
1.86444e-05
2.15914e-05
2.41209e-05
2.61158e-05
2.7456e-05
2.80199e-05
2.77102e-05
2.64822e-05
2.43234e-05
2.12348e-05
1.72521e-05
1.24446e-05
6.89449e-06
6.93804e-07
-6.04316e-06
-1.31667e-05
-2.04736e-05
-2.76871e-05
-3.44721e-05
-4.04895e-05
-4.54412e-05
-4.90946e-05
-5.12962e-05
-5.19681e-05
-5.11032e-05
-4.87414e-05
-4.4925e-05
-3.96948e-05
-3.31162e-05
-2.52941e-05
-1.64103e-05
-6.75455e-06
3.30169e-06
1.33501e-05
2.29785e-05
3.18122e-05
3.95613e-05
4.60548e-05
5.12333e-05
5.51145e-05
5.77785e-05
5.93572e-05
5.99897e-05
5.98049e-05
5.89722e-05
5.77246e-05
5.63084e-05
5.49177e-05
5.36706e-05
5.26362e-05
5.18356e-05
5.12162e-05
5.0671e-05
5.00714e-05
4.9296e-05
4.82367e-05
4.67581e-05
4.46931e-05
4.18751e-05
3.81478e-05
3.33949e-05
2.75919e-05
2.08299e-05
1.33057e-05
5.28799e-06
-2.91264e-06
-1.09878e-05
-1.86919e-05
-2.58581e-05
-3.23795e-05
-3.81957e-05
-4.32819e-05
-4.76209e-05
-5.11675e-05
-5.38503e-05
-5.56128e-05
-5.64354e-05
-5.63395e-05
-5.54228e-05
-5.38823e-05
-5.19587e-05
-4.98725e-05
-4.78062e-05
-4.5893e-05
-4.42053e-05
-4.27629e-05
-4.15674e-05
-4.06395e-05
-4.00331e-05
-3.98272e-05
-4.01021e-05
-4.09035e-05
-4.22084e-05
-4.39209e-05
-4.5894e-05
-4.79566e-05
-4.99497e-05
-5.17489e-05
-5.32599e-05
-5.44207e-05
-5.5196e-05
-5.5196e-05
-5.55554e-05
-5.54733e-05
-5.49316e-05
-5.39243e-05
-5.24796e-05
-5.0674e-05
-4.86446e-05
-4.6584e-05
-4.46463e-05
-4.28978e-05
-4.14162e-05
-4.03012e-05
-3.95793e-05
-3.9225e-05
-3.92093e-05
-3.94813e-05
-3.99719e-05
-4.06058e-05
-4.12899e-05
-4.19156e-05
-4.23825e-05
-4.26126e-05
-4.25553e-05
-4.21929e-05
-4.15275e-05
-4.05603e-05
-3.92974e-05
-3.77731e-05
-3.60533e-05
-3.42173e-05
-3.2347e-05
-3.05368e-05
-2.88905e-05
-2.74932e-05
-2.64011e-05
-2.56406e-05
-2.51929e-05
-2.49984e-05
-2.49884e-05
-2.51045e-05
-2.52882e-05
-2.54799e-05
-2.56255e-05
-2.56671e-05
-2.55358e-05
-2.5151e-05
-2.44208e-05
-2.32578e-05
-2.15974e-05
-1.94101e-05
-1.67077e-05
-1.35369e-05
-9.96777e-06
-6.07817e-06
-1.9417e-06
2.36752e-06
6.76468e-06
1.11433e-05
1.53619e-05
1.92345e-05
2.2538e-05
2.50604e-05
2.66482e-05
2.72092e-05
2.67056e-05
2.51521e-05
2.26037e-05
1.91524e-05
1.4929e-05
1.01064e-05
4.90947e-06
-3.78976e-07
-5.42715e-06
-9.90015e-06
-1.3521e-05
-1.60905e-05
-1.74901e-05
-1.76906e-05
-1.6736e-05
-1.47e-05
-1.16615e-05
-7.72819e-06
-3.06326e-06
2.11388e-06
7.52795e-06
1.28506e-05
1.77336e-05
2.18707e-05
2.50439e-05
2.71433e-05
2.8172e-05
2.82088e-05
2.73578e-05
2.57313e-05
2.34444e-05
2.06086e-05
1.73503e-05
1.38214e-05
1.01904e-05
6.63597e-06
3.32608e-06
3.82838e-07
-2.13569e-06
-4.22029e-06
-5.88824e-06
-7.18616e-06
-8.18626e-06
-8.95475e-06
-9.53666e-06
-9.96458e-06
-1.02593e-05
-1.04279e-05
-1.04716e-05
-1.03852e-05
-1.01619e-05
-9.81565e-06
-9.38203e-06
-8.89885e-06
-8.40318e-06
-7.93014e-06
-7.50481e-06
-7.14149e-06
-6.85254e-06
-6.66127e-06
-6.60095e-06
-6.70191e-06
-6.97825e-06
-7.42361e-06
-8.01689e-06
-8.71505e-06
-9.45335e-06
-1.01743e-05
-1.0855e-05
-1.15085e-05
-1.21646e-05
-1.28571e-05
-1.36196e-05
-1.44744e-05
-1.54217e-05
-1.64323e-05
-1.74576e-05
-1.84564e-05
-1.94001e-05
-2.02582e-05
-2.09973e-05
-2.15914e-05
-2.20116e-05
-2.22011e-05
-2.20819e-05
-2.15825e-05
-2.06467e-05
-1.92382e-05
-1.73577e-05
-1.50558e-05
-1.24259e-05
-9.58443e-06
-6.66198e-06
-3.78801e-06
-1.06966e-06
1.41365e-06
3.61789e-06
5.55058e-06
7.28342e-06
8.93393e-06
1.06167e-05
1.24322e-05
1.44793e-05
1.68331e-05
1.95107e-05
2.24694e-05
2.56479e-05
2.90047e-05
3.2505e-05
3.61008e-05
3.97317e-05
4.33221e-05
4.67594e-05
4.98781e-05
5.24904e-05
5.44284e-05
5.55589e-05
5.58075e-05
5.51817e-05
5.37586e-05
5.16423e-05
4.89191e-05
4.56416e-05
4.18425e-05
3.75623e-05
3.28617e-05
2.7828e-05
2.25883e-05
1.73143e-05
1.22085e-05
7.46599e-06
3.24415e-06
-3.37257e-07
-3.18942e-06
-5.24989e-06
-6.47688e-06
-6.83975e-06
-6.3129e-06
-4.88985e-06
-2.6061e-06
4.35186e-07
4.04766e-06
7.97609e-06
1.19205e-05
1.55648e-05
1.86136e-05
2.0822e-05
2.20132e-05
2.20741e-05
2.09337e-05
1.85599e-05
1.49778e-05
1.02949e-05
4.70778e-06
-1.51367e-06
-8.04171e-06
-1.45084e-05
-2.05358e-05
-2.57727e-05
-2.99328e-05
-3.2814e-05
-3.42894e-05
-3.42936e-05
-3.2823e-05
-2.99424e-05
-2.57718e-05
-2.04832e-05
-1.43293e-05
-7.63257e-06
-7.44201e-07
5.96619e-06
1.21289e-05
1.74175e-05
2.15776e-05
2.44346e-05
2.58907e-05
2.59205e-05
2.45654e-05
2.19234e-05
1.81419e-05
1.34107e-05
7.96229e-06
2.07385e-06
-3.95219e-06
-9.81017e-06
-1.51977e-05
-1.98313e-05
-2.34726e-05
-2.59413e-05
-2.71209e-05
-2.6964e-05
-2.54908e-05
-2.27849e-05
-1.89852e-05
-1.4277e-05
-8.88305e-06
-3.04716e-06
2.97972e-06
8.94632e-06
1.46233e-05
1.98218e-05
2.43786e-05
2.81482e-05
3.10279e-05
3.29691e-05
3.39638e-05
3.40479e-05
3.33139e-05
3.18983e-05
2.99681e-05
2.77097e-05
2.52939e-05
2.28412e-05
2.04205e-05
1.80697e-05
1.58123e-05
1.36687e-05
1.16641e-05
9.82712e-06
8.18255e-06
6.73576e-06
5.45571e-06
4.26837e-06
3.07029e-06
1.77245e-06
3.47861e-07
-1.14758e-06
-2.57804e-06
-3.75351e-06
-4.46933e-06
-4.54931e-06
-3.89208e-06
-2.48135e-06
-3.46644e-07
2.45656e-06
5.82171e-06
9.55987e-06
1.3424e-05
1.71669e-05
2.0522e-05
2.31741e-05
2.48031e-05
2.51333e-05
2.39898e-05
2.13614e-05
1.74141e-05
1.24745e-05
7.02225e-06
1.64817e-06
-3.08566e-06
-6.73174e-06
-8.88113e-06
-9.16357e-06
-7.37603e-06
-3.56043e-06
2.04162e-06
9.09936e-06
1.71991e-05
1.71991e-05
2.58223e-05
3.44453e-05
4.26325e-05
5.00163e-05
5.62167e-05
6.08295e-05
6.34695e-05
6.37584e-05
6.13117e-05
5.58277e-05
4.72258e-05
3.56836e-05
2.15615e-05
5.35018e-06
-1.23029e-05
-3.05596e-05
-4.84629e-05
-6.50643e-05
-7.94521e-05
-9.07341e-05
-9.81291e-05
-0.000101166
-9.97417e-05
-9.39542e-05
-8.40496e-05
-7.05072e-05
-5.39728e-05
-3.51032e-05
-1.45853e-05
6.6549e-06
2.74186e-05
4.64098e-05
6.23707e-05
7.42273e-05
8.12785e-05
8.33355e-05
8.07182e-05
7.41212e-05
6.44386e-05
5.25448e-05
3.91255e-05
2.46853e-05
9.63639e-06
-5.62004e-06
-2.05821e-05
-3.45176e-05
-4.64888e-05
-5.56126e-05
-6.12692e-05
-6.31418e-05
-6.1276e-05
-5.6134e-05
-4.84643e-05
-3.90223e-05
-2.8408e-05
-1.70723e-05
-5.33777e-06
6.56415e-06
1.83657e-05
2.96046e-05
3.96139e-05
4.76676e-05
5.31175e-05
5.5482e-05
5.45356e-05
5.03791e-05
4.33932e-05
3.40978e-05
2.30353e-05
1.07316e-05
-2.30773e-06
-1.56033e-05
-2.86589e-05
-4.0898e-05
-5.16778e-05
-6.03802e-05
-6.64997e-05
-6.96748e-05
-6.9719e-05
-6.66528e-05
-6.06715e-05
-5.20912e-05
-4.13298e-05
-2.89067e-05
-1.54355e-05
-1.62123e-06
1.17541e-05
2.3918e-05
3.42092e-05
4.21091e-05
4.72684e-05
4.95469e-05
4.89906e-05
4.57402e-05
3.99787e-05
3.19794e-05
2.21338e-05
1.09303e-05
-1.0384e-06
-1.30875e-05
-2.45098e-05
-3.46614e-05
-4.30272e-05
-4.92621e-05
-5.31973e-05
-5.47998e-05
-5.41244e-05
-5.12831e-05
-4.64257e-05
-3.97444e-05
-3.1505e-05
-2.20741e-05
-1.19097e-05
-1.52303e-06
8.55976e-06
1.78375e-05
2.58862e-05
3.23871e-05
3.71233e-05
3.99643e-05
4.0844e-05
3.97503e-05
3.67282e-05
3.18869e-05
2.54163e-05
1.76022e-05
8.8148e-06
-5.22379e-07
-9.95965e-06
-1.9048e-05
-2.73774e-05
-3.46008e-05
-4.0431e-05
-4.4638e-05
-4.70485e-05
-4.7558e-05
-4.61469e-05
-4.28746e-05
-3.78793e-05
-3.13886e-05
-2.3708e-05
-1.51967e-05
-6.24502e-06
2.74108e-06
1.13566e-05
1.92191e-05
2.59756e-05
3.13195e-05
3.50166e-05
3.69105e-05
3.69273e-05
3.50865e-05
3.15028e-05
2.6384e-05
2.00103e-05
1.27111e-05
4.85371e-06
-3.17545e-06
-1.09929e-05
-1.8237e-05
-2.45841e-05
-2.97527e-05
-3.35141e-05
-3.5709e-05
-3.62533e-05
-3.51396e-05
-3.24435e-05
-2.83202e-05
-2.29869e-05
-1.67134e-05
-9.80955e-06
-2.60138e-06
4.58179e-06
1.14156e-05
1.75982e-05
2.28678e-05
2.70076e-05
2.98502e-05
3.12905e-05
3.12918e-05
2.98786e-05
2.7135e-05
2.32095e-05
1.83014e-05
1.26424e-05
6.49556e-06
1.4966e-07
-6.1032e-06
-1.19819e-05
-1.72233e-05
-2.15993e-05
-2.49303e-05
-2.70884e-05
-2.80013e-05
-2.7654e-05
-2.60902e-05
-2.34098e-05
-1.97557e-05
-1.5307e-05
-1.02794e-05
-4.90801e-06
5.62682e-07
5.87968e-06
1.07995e-05
1.51059e-05
1.8615e-05
2.11813e-05
2.27076e-05
2.3151e-05
2.25186e-05
2.08634e-05
1.82834e-05
1.49166e-05
1.09313e-05
6.51813e-06
1.88644e-06
-2.74383e-06
-7.15648e-06
-1.11511e-05
-1.45495e-05
-1.72019e-05
-1.89984e-05
-1.98751e-05
-1.98096e-05
-1.88233e-05
-1.69837e-05
-1.43903e-05
-1.11678e-05
-7.47282e-06
-3.48393e-06
6.12907e-07
4.62882e-06
8.38168e-06
1.1703e-05
1.44454e-05
1.64963e-05
1.77779e-05
1.8245e-05
1.78939e-05
1.67594e-05
1.49061e-05
1.24294e-05
9.4534e-06
6.12196e-06
2.59416e-06
-9.62539e-07
-4.38481e-06
-7.5204e-06
-1.0228e-05
-1.239e-05
-1.39213e-05
-1.4762e-05
-1.48846e-05
-1.43014e-05
-1.30507e-05
-1.1195e-05
-8.83041e-06
-6.07794e-06
-3.0688e-06
5.8915e-08
3.15884e-06
6.08739e-06
8.71728e-06
1.09354e-05
1.26442e-05
1.37772e-05
1.42996e-05
1.41976e-05
1.34829e-05
1.22011e-05
1.04254e-05
8.24468e-06
5.76257e-06
3.09862e-06
3.80611e-07
-2.26413e-06
-4.71574e-06
-6.86833e-06
-8.62988e-06
-9.92614e-06
-1.07063e-05
-1.09417e-05
-1.06309e-05
-9.8016e-06
-8.50123e-06
-6.79506e-06
-4.76852e-06
-2.52061e-06
-1.57105e-07
2.21394e-06
4.48442e-06
6.5503e-06
8.32119e-06
9.72264e-06
1.0696e-05
1.12048e-05
1.12362e-05
1.07985e-05
9.92066e-06
8.6506e-06
7.05364e-06
5.21008e-06
3.20763e-06
1.13708e-06
-9.05145e-07
-2.82351e-06
-4.53273e-06
-5.95846e-06
-7.03989e-06
-7.73414e-06
-8.0171e-06
-7.88384e-06
-7.34888e-06
-6.44484e-06
-5.22004e-06
-3.73566e-06
-2.06298e-06
-2.80791e-07
1.52767e-06
3.27864e-06
4.8924e-06
6.29742e-06
6.29742e-06
7.43333e-06
8.25331e-06
8.72597e-06
8.83766e-06
8.59294e-06
8.00951e-06
8.00951e-06
