-2.84431e-10
-5.33403e-09
-4.15242e-08
-1.8132e-07
-5.12392e-07
-1.02904e-06
-1.59445e-06
-2.08252e-06
-2.49858e-06
-2.88749e-06
-3.20861e-06
-3.38378e-06
-3.39627e-06
-3.28735e-06
-3.11512e-06
-2.92953e-06
-2.7333e-06
-2.48234e-06
-2.15365e-06
-1.78218e-06
-1.42944e-06
-1.14793e-06
-9.72637e-07
-9.26597e-07
-1.02984e-06
-1.30167e-06
-1.74925e-06
-2.356e-06
-3.08999e-06
-3.92698e-06
-4.86149e-06
-5.89492e-06
-7.01679e-06
-8.19677e-06
-9.38838e-06
-1.05398e-05
-1.16051e-05
-1.25461e-05
-1.33293e-05
-1.39262e-05
-1.43174e-05
-1.44928e-05
-1.44471e-05
-1.41744e-05
-1.36623e-05
-1.28946e-05
-1.18645e-05
-1.05822e-05
-9.06894e-06
-7.34891e-06
-5.44533e-06
-3.37892e-06
-1.16891e-06
1.16476e-06
3.6043e-06
6.13766e-06
8.75367e-06
1.14337e-05
1.41514e-05
1.68793e-05
1.9596e-05
2.22918e-05
2.49691e-05
2.76364e-05
3.03029e-05
3.29775e-05
3.56681e-05
3.83778e-05
4.1098e-05
4.38009e-05
4.64362e-05
4.89365e-05
5.1222e-05
5.32033e-05
5.47851e-05
5.58754e-05
5.63959e-05
5.62869e-05
5.55061e-05
5.40217e-05
5.18066e-05
4.8837e-05
4.50914e-05
4.05506e-05
3.52038e-05
2.90591e-05
2.21513e-05
1.45479e-05
6.34725e-06
-2.33629e-06
-1.13923e-05
-2.07271e-05
-3.02689e-05
-3.99687e-05
-4.97935e-05
-5.97133e-05
-6.96889e-05
-7.96575e-05
-8.95204e-05
-9.91454e-05
-0.000108385
-0.000117093
-0.000125134
-0.000132385
-0.000138745
-0.000144147
-0.000148558
-0.000151964
-0.000154358
-0.000155719
-0.000156003
-0.000155141
-0.00015304
-0.000149603
-0.000144756
-0.000138469
-0.000130793
-0.000121855
-0.000111843
-0.000100971
-8.9454e-05
-7.74834e-05
-6.51957e-05
-5.26422e-05
-3.97772e-05
-2.64684e-05
-1.25212e-05
2.29598e-06
1.82266e-05
3.54869e-05
5.42206e-05
7.44808e-05
9.62399e-05
0.000119388
0.000143716
0.000168897
0.000194485
0.000219912
0.000244489
0.000267424
0.000287837
0.000304802
0.000317423
0.000324917
0.000326679
0.000322315
0.000311634
0.000294538
0.000270883
0.000240381
0.000202634
0.000157247
0.000104051
4.34687e-05
-2.31708e-05
-9.35979e-05
-0.000164831
-0.000233438
-0.000295843
-0.0003488
-0.000389896
-0.000417748
-0.000431893
-0.000432623
-0.000420825
-0.00039775
-0.000364787
-0.000323397
-0.000275164
-0.000221828
-0.000165246
-0.000107325
-4.9897e-05
5.45867e-06
5.75913e-05
0.000105866
0.000150148
0.000190706
0.000228063
0.000262823
0.000295475
0.000326133
0.00035432
0.000378995
0.000398898
0.000412924
0.000420318
0.000420888
0.000415362
0.000405638
0.000394579
0.000385463
0.000381468
0.000385286
0.000398845
0.000423155
0.000458411
0.000504276
0.000560163
0.000625373
0.000698967
0.000779108
0.000861887
0.000940265
0.00100376
0.00103899
0.00103135
0.000968108
0.00084215
0.000653918
0.000411061
0.000127417
-0.000178202
-0.000484888
-0.000773678
-0.00103
-0.00124386
-0.00140947
-0.00152488
-0.00159065
-0.00160827
-0.00157969
-0.00150792
-0.0013977
-0.00125573
-0.00109067
-0.000912471
-0.000731301
-0.000556294
-0.000394755
-0.000251877
-0.000131062
-3.46282e-05
3.56634e-05
7.85538e-05
9.35406e-05
8.12968e-05
4.42492e-05
-1.29631e-05
-8.35596e-05
-0.000159243
-0.000231109
-0.000290644
-0.000330598
-0.000345438
-0.00033127
-0.000285512
-0.00020662
-9.40432e-05
5.16405e-05
0.000228456
0.000432752
0.000659079
0.000900361
0.00114832
0.00139405
0.00162865
0.00184376
0.00203195
0.00218698
0.002304
0.00237967
0.00241234
0.00240186
0.00234917
0.00225575
0.00212296
0.00195093
0.00173707
0.00147399
0.00114835
0.00074316
0.000245296
-0.000344751
-0.0010074
-0.00170652
-0.00239601
-0.00302475
-0.00354122
-0.00390194
-0.0040808
-0.00407204
-0.00388627
-0.00354485
-0.00307441
-0.00250174
-0.0018509
-0.00114416
-0.000404408
0.000343549
0.00107275
0.0017543
0.0023591
0.00286119
0.00324137
0.00348934
0.00360381
0.00358992
0.00345443
0.00320049
0.00282496
0.00232092
0.00168577
0.000931869
9.28907e-05
-0.000779706
-0.00162598
-0.00238477
-0.00299931
-0.00342623
-0.00364499
-0.00365881
-0.00348709
-0.00315682
-0.00269677
-0.00213443
-0.00149621
-0.000810722
-0.000111621
0.000562461
0.00117061
0.00167321
0.00167321
0.00203527
0.00222941
0.00223908
0.00206115
0.00170551
0.00119142
0.000544608
-0.000202287
-0.00100759
-0.00182008
-0.0025813
-0.00323039
-0.00371099
-0.00397893
-0.00400878
-0.00379723
-0.00336317
-0.00274428
-0.00199061
-0.00115683
-0.0002958
0.000544843
0.00132321
0.00200262
0.00255167
0.0029452
0.00316547
0.00320367
0.0030618
0.00275426
0.00230761
0.00175765
0.00114502
0.000510692
-0.000107505
-0.00067734
-0.00117333
-0.00157632
-0.00187245
-0.00205265
-0.00211305
-0.00205515
-0.00188583
-0.00161725
-0.00126636
-0.000853683
-0.000402071
6.38904e-05
0.000518102
0.000933599
0.00128405
0.00154603
0.00170183
0.00174224
0.00166781
0.00148808
0.00121993
0.000885994
0.000512148
0.000123608
-0.000258304
-0.00061684
-0.00093858
-0.00121204
-0.00142674
-0.00157284
-0.00164168
-0.00162751
-0.00153001
-0.00135711
-0.00112685
-0.000865836
-0.00060319
-0.000363667
-0.000163969
-1.1782e-05
9.44774e-05
0.00016415
0.000210214
0.000245195
0.000279078
0.000318132
0.000364506
0.000417925
0.000478074
0.000544069
0.000610015
0.000659816
0.000666582
0.000600411
0.000440793
0.000183947
-0.000157773
-0.000557447
-0.000973643
-0.00135551
-0.00165452
-0.00183467
-0.00187678
-0.00178017
-0.00156249
-0.00125511
-0.000895073
-0.000517843
-0.000152814
0.000178971
0.000465506
0.000702475
0.000890126
0.00103063
0.00112775
0.00118702
0.00121406
0.00121242
0.00118357
0.00112878
0.00105083
0.000954455
0.000845751
0.000730855
0.000614788
0.000501275
0.000393206
0.000292895
0.000202062
0.000122081
5.45424e-05
1.80778e-06
-3.2736e-05
-4.5195e-05
-3.2616e-05
5.65744e-06
6.79031e-05
0.000151008
0.000251458
0.000365797
0.000490552
0.00062165
0.000753521
0.000878388
0.000986096
0.0010645
0.00110059
0.00108282
0.00100405
0.000863705
0.000668263
0.000430749
0.000169468
-9.46495e-05
-0.000341435
-0.000553624
-0.00071723
-0.000821544
-0.000859335
-0.000826571
-0.000721653
-0.000545062
-0.000299638
8.91633e-06
0.000371406
0.00077416
0.00119801
0.00161792
0.00200395
0.00232365
0.00254627
0.00264835
0.00261854
0.00245852
0.00218085
0.00180665
0.00136292
0.000877536
0.000373787
-0.000131184
-0.000624348
-0.00109418
-0.00152841
-0.00191192
-0.00222671
-0.00245425
-0.0025787
-0.00258952
-0.00248359
-0.00226665
-0.00195242
-0.00155963
-0.00110872
-0.00061959
-0.000110736
0.000400595
0.000897715
0.00136405
0.00178343
0.00214116
0.00242538
0.00262828
0.00274686
0.00278286
0.002742
0.00263259
0.00246422
0.00224695
0.00199125
0.00170796
0.00140765
0.00109872
0.000784508
0.000461689
0.000123245
-0.00023544
-0.000611659
-0.000993144
-0.00135734
-0.00167366
-0.00191025
-0.00204166
-0.00205407
-0.00194937
-0.00174813
-0.00148629
-0.00120539
-0.00094299
-0.000727476
-0.000575019
-0.000487897
-0.000456859
-0.000467428
-0.000505616
-0.000560088
-0.000622136
-0.000685211
-0.00074393
-0.000792585
-0.000824264
-0.00083132
-0.000806802
-0.000745915
-0.00064684
-0.000510605
-0.000340085
-0.000138553
9.13932e-05
0.000347594
0.000626359
0.000919369
0.00121093
0.0014774
0.00169
0.00182105
0.00185194
0.00177864
0.00161139
0.00137052
0.00108276
0.000777682
0.000481462
0.000210458
-2.99241e-05
-0.000241051
-0.000425815
-0.000584162
-0.000709667
-0.000788854
-0.000804514
-0.000741946
-0.000596755
-0.000382437
-0.000132736
0.000105562
0.00028538
0.000369703
0.000337821
0.000189529
-5.52041e-05
-0.000363506
-0.000698916
-0.00102796
-0.00132606
-0.00158349
-0.00180644
-0.00201068
-0.002212
-0.00241837
-0.00262527
-0.00281416
-0.00295498
-0.00301225
-0.00295293
-0.00275319
-0.00240296
-0.00190896
-0.00129533
-0.000600321
0.000130404
0.000850775
0.00151934
0.00210209
0.00257343
0.00291521
0.00311445
0.00316112
0.00304733
0.00276854
0.00232677
0.00173462
0.00101713
0.000210759
-0.000639351
-0.00148265
-0.00226786
-0.00294842
-0.00348616
-0.00385262
-0.00402897
-0.00400533
-0.00377986
-0.00335882
-0.0027586
-0.00200844
-0.0011516
-0.0011516
-0.000242249
0.000662341
0.00151054
0.00226126
0.00288484
0.00336383
0.00369358
0.00387917
0.00392937
0.00385236
0.00365545
0.00334675
0.00293778
0.00244665
0.00189943
0.00132805
0.000766042
0.000243913
-0.000214889
-0.000596759
-0.000898085
-0.00112294
-0.00127999
-0.00137949
-0.00143069
-0.00143996
-0.00141105
-0.00134701
-0.00125211
-0.00113227
-0.000994486
-0.00084633
-0.000695494
-0.000548868
-0.000411614
-0.000287107
-0.000177442
-8.36284e-05
-5.44274e-06
5.86305e-05
0.000111309
0.000156109
0.000196077
0.000231926
0.000260924
0.000277149
0.000272481
0.000238
0.000166435
5.55652e-05
-8.93906e-05
-0.000256086
-0.000427363
-0.000583901
-0.000707055
-0.000782354
-0.000802469
-0.000767812
-0.000685117
-0.000565722
-0.000423779
-0.000273707
-0.000127707
5.02253e-06
0.000117601
0.000204925
0.000263555
0.000291103
0.000285393
0.000244575
0.000168081
5.72293e-05
-8.46089e-05
-0.000251716
-0.000435788
-0.000626234
-0.000810727
-0.000975671
-0.00110689
-0.00119077
-0.00121552
-0.00117202
-0.00105468
-0.000862481
-0.000600096
-0.000278021
8.86742e-05
0.000482033
0.000882519
0.0012705
0.00162859
0.00194395
0.00220897
0.00242017
0.00257673
0.00267897
0.00272686
0.00271817
0.0026477
0.00250855
0.00229458
0.00200278
0.00163523
0.00120062
0.000714185
0.000195877
-0.00033196
-0.000846425
-0.00132582
-0.00175151
-0.00210898
-0.00238784
-0.00258161
-0.00268776
-0.00270782
-0.00264665
-0.00251133
-0.00231046
-0.00205385
-0.00175163
-0.00141302
-0.00104602
-0.000658492
-0.000259302
0.00014118
0.000530737
0.000895161
0.00121919
0.00148861
0.0016923
0.00182352
0.00188043
0.00186615
0.00178787
0.00165534
0.00147938
0.00127115
0.00104155
0.000800755
0.000557869
0.000320866
9.6605e-05
-0.000109361
-0.000293023
-0.00045177
-0.000583665
-0.000686705
-0.000758724
-0.000797874
-0.000803162
-0.000775008
-0.00071605
-0.000631725
-0.000530001
-0.000420411
-0.00031286
-0.000216199
-0.000136747
-7.76456e-05
-3.96093e-05
-2.24144e-05
-2.61242e-05
-5.15331e-05
-9.95768e-05
-0.00016993
-0.000259827
-0.000363803
-0.00047389
-0.000579914
-0.000670477
-0.000734812
-0.000764521
-0.000754385
-0.000702314
-0.000608621
-0.000474915
-0.000303352
-9.66373e-05
0.00014152
0.000405978
0.000689817
0.000984144
0.00127838
0.00156125
0.00182215
0.00205243
0.0022458
0.00239754
0.00250278
0.00255509
0.00254612
0.0024664
0.00230712
0.00206327
0.00173723
0.00134029
0.00089161
0.000416373
-5.64565e-05
-0.000498036
-0.000884315
-0.00119876
-0.0014326
-0.0015843
-0.00165858
-0.00166421
-0.00161126
-0.00150995
-0.00137058
-0.00120328
-0.00101712
-0.00081995
-0.000619299
-0.000422732
-0.000237319
-6.91654e-05
7.63161e-05
0.000194019
0.000279304
0.000328565
0.000339776
0.000312703
0.000248663
0.000150086
2.03245e-05
-0.000136307
-0.000314562
-0.000508149
-0.000709111
-0.000907043
-0.00108912
-0.00124123
-0.0013496
-0.00140229
-0.00139065
-0.00131051
-0.00116245
-0.000951132
-0.000684191
-0.000371211
-2.27381e-05
0.000350284
0.000736422
0.00112333
0.0014976
0.00184494
0.00215071
0.00240067
0.002582
0.00268431
0.00270042
0.00262669
0.00246333
0.00221481
0.00189028
0.00150342
0.00107178
0.000615888
0.000157973
-0.000280297
-0.000680515
-0.00102928
-0.00131856
-0.00154542
-0.00171107
-0.00181892
-0.0018725
-0.00187462
-0.0018278
-0.00173461
-0.00159797
-0.00142219
-0.00121427
-0.000983956
-0.000742465
-0.000500959
-0.000269468
-5.62136e-05
0.00013262
0.000292648
0.000420927
0.000515677
0.000575955
0.000601269
0.000591508
0.000547292
0.00047041
0.000363998
0.000232551
8.2069e-05
-7.97182e-05
-0.000243495
-0.000399002
-0.000536024
-0.000645839
-0.00072295
-0.000765992
-0.000777092
-0.00076066
-0.000722819
-0.000671062
-0.000613293
-0.000556533
-0.000506121
-0.000465626
-0.000437211
-0.000422145
-0.000421164
-0.000434416
-0.000461061
-0.000498906
-0.000544545
-0.000593919
-0.000642836
-0.000687192
-0.000723065
-0.000746815
-0.000755083
-0.000744466
-0.000710974
-0.00064984
-0.000556276
-0.000556276
-0.000427141
-0.000262964
-6.95502e-05
0.000141832
0.000356128
0.000557034
0.000729261
0.000860706
0.000944861
0.000982037
0.000978039
0.000941336
0.000880703
0.00080376
0.000716006
0.000620684
0.00051978
0.000415466
0.000311034
0.000211119
0.000121347
4.74029e-05
-6.25186e-06
-3.74078e-05
-4.63849e-05
-3.55788e-05
-8.64813e-06
3.03546e-05
7.77064e-05
0.000130378
0.000185987
0.000242562
0.000298366
0.000351759
0.000401136
0.000445149
0.000483117
0.000515197
0.000542077
0.000564415
0.000582345
0.000595232
0.000601732
0.000600063
0.000588418
0.000565504
0.000531075
0.000486068
0.000432306
0.000372095
0.000307902
0.000242023
0.00017632
0.000112181
5.06513e-05
-7.39044e-06
-6.09892e-05
-0.00010882
-0.000149045
-0.000179485
-0.000197993
-0.000202845
-0.00019345
-0.000171931
-0.00014501
-0.000124411
-0.000124856
-0.0001607
-0.000242534
-0.000374366
-0.000552217
-0.000764784
-0.000995325
-0.00122367
-0.00142903
-0.00159403
-0.00170769
-0.0017652
-0.00176566
-0.0017101
-0.00160056
-0.00143953
-0.00123001
-0.000976208
-0.000684511
-0.000363852
-2.56764e-05
0.000316599
0.000648833
0.000957722
0.00123176
0.00146121
0.00163753
0.00175313
0.00180189
0.00178013
0.00168753
0.00152813
0.00131103
0.00105014
0.000762447
0.000465531
0.000175464
-9.47544e-05
-0.000335796
-0.000541128
-0.000705187
-0.000822106
-0.000885619
-0.000889508
-0.000828387
-0.000699268
-0.000503395
-0.000247032
5.91276e-05
0.000400956
0.000761225
0.00111871
0.00144651
0.00171178
0.00187882
0.00191543
0.00180032
0.00152886
0.00111464
0.000586672
-1.5145e-05
-0.000644871
-0.00125785
-0.00181961
-0.00231043
-0.00272232
-0.00305241
-0.00329756
-0.0034512
-0.00350262
-0.00343993
-0.00325502
-0.00294747
-0.00252619
-0.00200946
-0.0014228
-0.000794607
-0.000151143
0.000486822
0.00110478
0.0016926
0.00224108
0.00273888
0.00317136
0.00352088
0.00376765
0.00389146
0.00387593
0.00371419
0.0034117
0.00298433
0.00245516
0.00185261
0.00120838
0.000554367
-7.99139e-05
-0.000668572
-0.00119066
-0.00163105
-0.00197962
-0.00222987
-0.00237871
-0.00242707
-0.00237987
-0.00224511
-0.00203291
-0.00175506
-0.00142479
-0.00105635
-0.00066457
-0.000264435
0.000128997
0.000500756
0.000836664
0.00112461
0.00135579
0.00152561
0.00163395
0.00168401
0.0016793
0.00161993
0.00150045
0.00131114
0.00104369
0.000697919
0.0002846
-0.000176203
-0.000656728
-0.00112239
-0.00153602
-0.00186548
-0.00208922
-0.0021972
-0.00218919
-0.00207199
-0.00185625
-0.00155531
-0.00118663
-0.000773589
-0.000345367
6.5227e-05
0.000426055
0.000710856
0.000902754
0.000995464
0.000993757
0.000912491
0.000772026
0.000591799
0.000386609
0.000166765
-5.99402e-05
-0.000285377
-0.000497986
-0.000681544
-0.000817039
-0.000886212
-0.000875004
-0.000776512
-0.000592952
-0.000335508
-2.19361e-05
0.000326803
0.000689369
0.00104564
0.00137723
0.00166742
0.00190101
0.00206455
0.00214732
0.0021425
0.00204781
0.0018656
0.00160315
0.00127295
0.000892182
0.000481524
6.3732e-05
-0.000337719
-0.000699717
-0.0010002
-0.00121958
-0.00134378
-0.00136767
-0.00129604
-0.00114173
-0.000922576
-0.000658544
-0.000369167
-7.14657e-05
0.000220804
0.000496393
0.000745262
0.000957311
0.00112129
0.00122485
0.00125653
0.00120882
0.00108048
0.00087734
0.000611851
0.000301262
-3.50164e-05
-0.000377644
-0.000708496
-0.00101112
-0.0012709
-0.0014749
-0.00161153
-0.00167073
-0.00164473
-0.00152951
-0.00132659
-0.00104455
-0.000699369
-0.000313285
8.72512e-05
0.000473717
0.000817652
0.0010934
0.00128123
0.00136935
0.00135437
0.00124113
0.00104169
0.000772318
0.000449433
8.75643e-05
-0.000300093
-0.000700614
-0.00110032
-0.00148305
-0.0018289
-0.00211508
-0.00231813
-0.00241625
-0.00239233
-0.00223776
-0.00195472
-0.00155538
-0.0010591
-0.000489824
0.000125772
0.000759793
0.00138417
0.00197115
0.00249368
0.00292625
0.00324645
0.00343694
0.00348749
0.00339613
0.00316934
0.00282133
0.0023726
0.0018477
0.0018477
0.00127292
0.000674377
7.72137e-05
-0.000494974
-0.00102056
-0.00148033
-0.00185792
-0.00214063
-0.00232023
-0.00239315
-0.00235969
-0.00222327
-0.00199018
-0.00166967
-0.00127373
-0.00081677
-0.000315736
0.000209525
0.000736255
0.00123962
0.0016943
0.00207635
0.00236512
0.00254501
0.00260674
0.00254743
0.00236975
0.00208102
0.00169292
0.00122165
0.000688087
0.000117394
-0.00046216
-0.00102065
-0.00152804
-0.00195623
-0.00228159
-0.00248689
-0.00256221
-0.00250542
-0.00232234
-0.00202635
-0.00163712
-0.0011793
-0.000681216
-0.000173586
0.000312284
0.000746911
0.00110527
0.00136885
0.00152675
0.00157626
0.00152252
0.00137686
0.00115424
0.0008714
0.000546312
0.000197587
-0.000156358
-0.00049768
-0.000809186
-0.00107511
-0.00128275
-0.00142428
-0.00149787
-0.00150741
-0.0014608
-0.00136799
-0.00123973
-0.00108643
-0.000916639
-0.000736389
-0.000549993
-0.00036149
-0.000175537
2.34624e-06
0.000166026
0.000309458
0.000427597
0.000517106
0.000576623
0.000606577
0.000608645
0.000585036
0.000537778
0.000468221
0.000377063
0.000264872
0.000132784
-1.69307e-05
-0.000180731
-0.000354289
-0.000533099
-0.000712372
-0.000886261
-0.00104747
-0.00118782
-0.00129921
-0.00137419
-0.00140646
-0.00139157
-0.00132807
-0.00121836
-0.00106851
-0.00088725
-0.00068474
-0.000471468
-0.000257302
-5.08696e-05
0.000140583
0.000311075
0.000455804
0.000571063
0.000654111
0.000703199
0.000717935
0.000699687
0.000651598
0.000578207
0.000485
0.000378096
0.000263971
0.000149184
4.01505e-05
-5.70392e-05
-0.00013685
-0.000194582
-0.000226647
-0.000230814
-0.000206426
-0.000154445
-7.72156e-05
2.20088e-05
0.000139561
0.000271808
0.000415586
0.000568483
0.000728715
0.000894655
0.00106443
0.00123567
0.00140493
0.00156623
0.00170958
0.00182101
0.0018842
0.00188299
0.00180353
0.00163657
0.00137979
0.0010393
0.000629413
0.000171247
-0.000308975
-0.000782522
-0.00122201
-0.00160514
-0.00191612
-0.00214505
-0.00228734
-0.00234344
-0.00231759
-0.00221561
-0.00204357
-0.00180791
-0.00151573
-0.00117511
-0.000796037
-0.000391402
2.32744e-05
0.000431018
0.000814161
0.00115474
0.00143563
0.00164242
0.00176477
0.00179688
0.00173747
0.00158971
0.0013611
0.00106295
0.000709629
0.000317724
-9.50306e-05
-0.000510751
-0.00091219
-0.0012832
-0.00160894
-0.00187589
-0.00207164
-0.0021847
-0.00220503
-0.0021257
-0.00194481
-0.00166666
-0.00130236
-0.000869683
-0.000391754
0.000105761
0.000597196
0.00105818
0.00146635
0.00180229
0.00205054
0.00220045
0.00224664
0.00218902
0.00203268
0.00178812
0.00147084
0.00109961
0.0006943
0.000274134
-0.000143624
-0.0005445
-0.000916316
-0.00124781
-0.0015277
-0.00174458
-0.00188711
-0.00194459
-0.00190903
-0.001778
-0.00155634
-0.00125574
-0.000893218
-0.000489124
-6.48782e-05
0.000359081
0.000764205
0.00113378
0.00145285
0.00170834
0.0018892
0.0019868
0.00199571
0.00191457
0.00174677
0.00150094
0.0011907
0.000833541
0.000449126
5.76631e-05
-0.00032117
-0.000668928
-0.000969088
-0.00120792
-0.00137534
-0.00146554
-0.0014775
-0.00141515
-0.00128674
-0.00110343
-0.00087777
-0.000622355
-0.000348572
-6.56915e-05
0.000218854
0.000498228
0.000765284
0.00101252
0.00123216
0.00141601
0.00155596
0.00164512
0.00167916
0.00165671
0.0015793
0.00145094
0.00127768
0.00106719
0.000828262
0.000570114
0.000301885
3.25259e-05
-0.000228849
-0.000472591
-0.000688716
-0.000867648
-0.00100085
-0.00108113
-0.00110316
-0.00106434
-0.000965396
-0.000810483
-0.000607024
-0.000365371
-9.78574e-05
0.000182552
0.000463345
0.000733009
0.000981303
0.00119943
0.00138002
0.00151697
0.00160506
0.00163933
0.00161445
0.0015249
0.00136659
0.00113935
0.000848103
0.000502434
0.000115819
-0.000294652
-0.000709206
-0.00110753
-0.00147089
-0.00178325
-0.00203167
-0.00220637
-0.00230036
-0.00230937
-0.00223215
-0.00207079
-0.00183067
-0.00151994
-0.00114911
-0.000731027
-0.000281532
0.000179922
0.000630298
0.000630298
0.00104404
0.00139557
0.00166308
0.0018315
0.00189383
0.00185178
0.00171635
0.00150639
0.00124445
0.000952416
0.000648409
0.000344399
4.48572e-05
-0.000251399
-0.000546633
-0.000840192
-0.00112662
-0.00139446
-0.00162566
-0.00179794
-0.00189034
-0.00188817
-0.00178482
-0.00158234
-0.00129199
-0.000933389
-0.000531225
-0.000111495
0.00030097
0.000684048
0.00101951
0.00129353
0.00149633
0.00162173
0.00166697
0.00163279
0.00152339
0.00134613
0.00111118
0.000831236
0.000520995
0.000196202
-0.00012729
-0.000434119
-0.000709705
-0.000940561
-0.00111486
-0.00122318
-0.00125921
-0.00122007
-0.00110614
-0.000920492
-0.000668405
-0.000357671
1.33526e-07
0.000388121
0.000783725
0.00116012
0.00148846
0.00173986
0.0018878
0.00191204
0.00180283
0.00156278
0.00120602
0.000756132
0.000243406
-0.000299206
-0.000840253
-0.00135181
-0.00180954
-0.00219285
-0.00248555
-0.00267561
-0.00275452
-0.00271747
-0.00256442
-0.0023009
-0.0019381
-0.00149226
-0.000983455
-0.000434399
0.000129928
0.000681935
0.00119153
0.00162807
0.00196408
0.00217836
0.0022573
0.00219546
0.00199666
0.00167422
0.00124928
0.000748139
0.000199803
-0.000366171
-0.000920987
-0.00143663
-0.00188555
-0.00224126
-0.00248003
-0.00258317
-0.00253927
-0.00234569
-0.00200883
-0.00154328
-0.000970694
-0.000318391
0.000382132
0.00109696
0.00179145
0.00243131
0.00298303
0.00341459
0.00369764
0.00381085
0.00374308
0.00349461
0.00307681
0.00251143
0.00182982
0.00107064
0.000276016
-0.000512013
-0.00125347
-0.00191171
-0.00245481
-0.00285717
-0.00310109
-0.00317829
-0.00309069
-0.00285018
-0.00247713
-0.00199799
-0.00144245
-0.000841193
-0.000224122
0.000381459
0.000952181
0.00146826
0.00191192
0.00226668
0.00251797
0.00265419
0.00266761
0.00255551
0.00232154
0.00197602
0.00153506
0.00101923
0.000452116
-0.000141317
-0.000736216
-0.00130862
-0.00183552
-0.00229471
-0.00266477
-0.00292604
-0.00306269
-0.00306477
-0.00292935
-0.0026609
-0.00227149
-0.00178031
-0.00121215
-0.000595095
4.14404e-05
0.000668425
0.00125855
0.00178721
0.00223334
0.00258005
0.00281499
0.00293012
0.00292098
0.00278591
0.00252625
0.00214734
0.00165966
0.00107976
0.00043143
-0.000253973
-0.000939316
-0.00158516
-0.00215319
-0.00260922
-0.00292647
-0.00308819
-0.00308868
-0.00293233
-0.00263207
-0.00220801
-0.00168596
-0.00109569
-0.000469093
0.000161221
0.000763118
0.00130705
0.00176889
0.00213191
0.00238674
0.0025305
0.00256608
0.00250113
0.00234652
0.00211491
0.00181976
0.00147502
0.00109484
0.00069333
0.000284223
-0.000119327
-0.000504769
-0.000860567
-0.00117678
-0.00144484
-0.00165673
-0.00180471
-0.00188229
-0.00188537
-0.00181271
-0.00166625
-0.00145154
-0.00117778
-0.00085735
-0.000504587
-0.000134519
0.000237887
0.000597565
0.000928869
0.00121568
0.0014423
0.00159454
0.00166084
0.00163358
0.00151085
0.00129784
0.00100697
0.000656608
0.000269224
-0.000130768
-0.000519348
-0.00087498
-0.00117965
-0.00141919
-0.00158397
-0.00166959
-0.00167651
-0.0016084
-0.00147077
-0.00127066
-0.00101647
-0.000717427
-0.000383314
-2.4711e-05
0.000346721
0.000718224
0.00107568
0.00140333
0.0016846
0.00190402
0.0020491
0.00211144
0.00208735
0.0019786
0.00179279
0.00154272
0.00124488
0.000917767
0.000580306
0.00025011
-5.83424e-05
-0.000334963
-0.000574155
-0.00077415
-0.000936184
-0.00106337
-0.00115905
-0.00122547
-0.0012635
-0.00127288
-0.00125201
-0.00119793
-0.0011076
-0.000979982
-0.000816973
-0.000622912
-0.000403986
-0.000168258
7.43614e-05
0.000312635
0.000534573
0.000727931
0.000880826
0.000982499
0.00102427
0.00100077
0.000911017
0.000758941
0.000553523
0.000308517
4.09716e-05
-0.000231137
-0.000490732
-0.000722411
-0.000913136
-0.00105319
-0.00113675
-0.00116167
-0.00112911
-0.00104318
-0.000910663
-0.000740722
-0.000544341
-0.000333499
-0.00012042
8.29681e-05
0.000265779
0.0004192
0.000537317
0.000617354
0.000659424
0.000659424
0.000666123
0.00064212
0.000593683
0.000527952
0.00045212
0.000372942
0.000296548
0.000228207
0.000172071
0.000131157
0.000107388
0.000101274
0.000111384
0.00013404
0.000163323
0.000191343
0.000208834
0.00020598
0.000173602
0.000105104
-1.03202e-06
-0.000139793
-0.000300488
-0.000469077
-0.000630211
-0.000768644
-0.000870899
-0.000927223
-0.000932669
-0.00088656
-0.000791157
-0.000650793
-0.000471838
-0.000262923
-3.47471e-05
0.000200688
0.000431103
0.000645005
0.000832654
0.000986648
0.00110196
0.00117573
0.00120696
0.00119601
0.00114366
0.00105095
0.000919875
0.000754402
0.000560974
0.000348413
0.000127253
-9.15764e-05
-0.000298277
-0.000485194
-0.000647184
-0.000781578
-0.000887633
-0.000965386
-0.00101441
-0.00103318
-0.00101934
-0.000970366
-0.00088448
-0.000761691
-0.000604653
-0.000418693
-0.000211274
8.17133e-06
0.000228001
0.000434829
0.000615135
0.000756969
0.00085084
0.00089022
0.000872213
0.000798074
0.000673074
0.000505866
0.000307597
9.0713e-05
-0.000132424
-0.000350547
-0.000553837
-0.000733805
-0.000883141
-0.000995794
-0.00106712
-0.00109385
-0.00107404
-0.00100756
-0.000896855
-0.000747391
-0.000567553
-0.000367868
-0.000159695
4.62054e-05
0.000240685
0.000416906
0.000570895
0.000701556
0.000809862
0.000897876
0.000968178
0.00102333
0.00106512
0.00109406
0.00110954
0.00111023
0.00109453
0.00106071
0.00100696
0.000931742
0.000834304
0.000714882
0.000574667
0.000415922
0.000242319
5.89636e-05
-0.000128027
-0.000311994
-0.000485931
-0.000642492
-0.00077411
-0.000873538
-0.000934741
-0.000953524
-0.000927664
-0.000856943
-0.000743416
-0.000591592
-0.000408269
-0.000202177
1.63844e-05
0.000235876
0.000443904
0.000627913
0.000776218
0.000878914
0.000928368
0.000919617
0.000850852
0.000723661
0.00054282
0.000315962
5.33527e-05
-0.000232292
-0.000526154
-0.000812137
-0.00107415
-0.0012973
-0.00146864
-0.00157783
-0.00161807
-0.00158667
-0.00148512
-0.00131875
-0.00109644
-0.000830321
-0.000535336
-0.000228373
7.30196e-05
0.000351902
0.000592958
0.000783639
0.000915432
0.000984486
0.000991137
0.000938955
0.000833929
0.000683604
0.00049608
0.00027934
4.12972e-05
-0.000209762
-0.000464846
-0.000714131
-0.000946997
-0.00115242
-0.00131988
-0.00144047
-0.0015076
-0.00151746
-0.00146919
-0.00136506
-0.00121025
-0.00101233
-0.000780524
-0.000525211
-0.00025747
1.14665e-05
0.000270904
0.000511524
0.000726345
0.000911551
0.00106653
0.00119272
0.00129182
0.00136486
0.00141211
0.00143292
0.0014252
0.00138592
0.00131288
0.00120617
0.00106821
0.000902978
0.000715175
0.000509764
0.000291979
6.75944e-05
-0.000157044
-0.000375055
-0.000578681
-0.000759016
-0.000906577
-0.0010125
-0.00106973
-0.00107409
-0.00102493
-0.000925105
-0.000780365
-0.000598463
-0.000388395
-0.000159828
7.73163e-05
0.000313196
0.000538215
0.000742937
0.000918036
0.00105463
0.00114489
0.00118286
0.00116521
0.00109177
0.000965734
0.000793757
0.000585884
0.000354801
0.000114358
-0.000121818
-0.000341138
-0.000532825
-0.000688914
-0.000804833
-0.000879118
-0.000912712
-0.000908365
-0.000870009
-0.000801921
-0.000707918
-0.00059109
-0.0004541
-0.000299668
-0.000130979
4.7726e-05
0.000230289
0.000408132
0.000570745
0.000706855
0.000805535
0.000857324
0.000855798
0.000799132
0.000690616
0.000538095
0.000353064
0.000149476
-5.81922e-05
-0.000256989
-0.000436445
-0.000588491
-0.000707386
-0.000789764
-0.000834142
-0.000840073
-0.000807849
-0.00073881
-0.000635632
-0.000502428
-0.000344828
-0.00016988
1.44294e-05
0.000199813
0.000378216
0.000542215
0.000685351
0.000802344
0.000889173
0.000943119
0.00096283
0.000948424
0.000901582
0.000825586
0.000725189
0.000606328
0.000475714
0.000340417
0.000207503
8.37246e-05
-2.48165e-05
-0.000113096
-0.000177674
-0.000217101
-0.000231979
-0.000224624
-0.000198661
-0.000158774
-0.000110396
-5.90828e-05
-9.76016e-06
3.38489e-05
6.9508e-05
9.65225e-05
0.000115613
0.000128521
0.000137121
0.000142207
0.000142724
0.000135774
0.000116912
8.06432e-05
2.17788e-05
2.17788e-05
-6.25522e-05
-0.000171627
-0.000301079
-0.000443225
-0.000587522
-0.000721904
-0.0008347
-0.000915877
-0.000957328
-0.000953049
-0.000899576
-0.000796367
-0.000646168
-0.000455378
-0.000234173
3.7755e-06
0.00024222
0.000464296
0.000655097
0.000803383
0.000901938
0.000947546
0.000940717
0.000884438
0.000782399
0.000638133
0.000455349
0.000238839
-4.19708e-06
-0.000262744
-0.000521726
-0.000763489
-0.000970111
-0.00112567
-0.00121843
-0.00124251
-0.00119833
-0.00109135
-0.000930356
-0.000725857
-0.000488757
-0.00022938
4.26943e-05
0.000318029
0.000586734
0.000838435
0.00106262
0.00124897
0.00138783
0.00147078
0.00149123
0.00144482
0.0013296
0.00114678
0.000901532
0.000603376
0.000265769
-9.44397e-05
-0.000457862
-0.000804414
-0.00111576
-0.00137704
-0.00157748
-0.00171055
-0.00177365
-0.00176712
-0.00169294
-0.00155411
-0.00135477
-0.00110045
-0.000798379
-0.000458062
-9.16149e-05
0.000286621
0.000661016
0.0010154
0.00133353
0.00159992
0.00180104
0.00192626
0.00196823
0.00192306
0.00179083
0.00157613
0.00128805
0.000939641
0.000546922
0.000127752
-0.000299187
-0.000715152
-0.00110186
-0.00144184
-0.00171886
-0.00191843
-0.00202852
-0.00204052
-0.0019503
-0.00175897
-0.00147291
-0.00110372
-0.000668223
-0.00018804
0.00031169
0.000804061
0.00126213
0.00166045
0.00197669
0.00219338
0.0022993
0.00228987
0.0021668
0.00193754
0.0016146
0.00121441
0.000755952
0.000259967
-0.000251686
-0.000756706
-0.00123313
-0.00166012
-0.00201897
-0.00229423
-0.00247472
-0.00255428
-0.00253199
-0.00241189
-0.00220212
-0.00191409
-0.0015618
-0.0011613
-0.00073018
-0.000287118
0.000148673
0.000558313
0.000924375
0.00123199
0.00146977
0.00163038
0.00171065
0.00171129
0.00163626
0.00149198
0.00128647
0.00102881
0.000729356
0.000399992
5.40044e-05
-0.000294302
-0.000629931
-0.000937543
-0.00120206
-0.00140954
-0.00154809
-0.00160853
-0.00158479
-0.00147437
-0.00127893
-0.00100446
-0.000661212
-0.000263622
0.000170007
0.000618647
0.00106038
0.001474
0.00183997
0.00214121
0.00236393
0.00249817
0.00253804
0.00248155
0.00233031
0.00208927
0.00176657
0.00137353
0.000924543
0.000436548
-7.16446e-05
-0.000580036
-0.00106804
-0.00151533
-0.00190302
-0.00221485
-0.00243782
-0.00256265
-0.00258426
-0.00250231
-0.00232136
-0.00205043
-0.00170214
-0.00129163
-0.000835738
-0.000352278
0.000140573
0.00062486
0.00108343
0.00150037
0.0018612
0.00215304
0.00236503
0.00248884
0.00251896
0.00245295
0.00229169
0.00203999
0.00170706
0.00130628
0.000854252
0.000369852
-0.000126503
-0.000613925
-0.00107248
-0.00148427
-0.00183376
-0.00210758
-0.00229423
-0.00238424
-0.00237101
-0.00225189
-0.00202866
-0.00170771
-0.00130032
-0.000822818
-0.000295841
0.00025715
0.000811499
0.00134259
0.00182669
0.00224169
0.00256814
0.00279009
0.0028957
0.00287778
0.00273452
0.00247013
0.00209496
0.00162483
0.00107994
0.000483474
-0.000139645
-0.000763895
-0.0013643
-0.00191744
-0.00240228
-0.00280077
-0.00309818
-0.00328334
-0.00334886
-0.00329158
-0.00311292
-0.00281882
-0.00241934
-0.00192838
-0.00136344
-0.00074525
-9.68678e-05
0.00055702
0.00119083
0.0017792
0.00229846
0.00272784
0.00304999
0.00325127
0.00332228
0.00325876
0.00306276
0.00274302
0.0023144
0.00179711
0.00121598
0.000599225
-2.37824e-05
-0.000624874
-0.00117889
-0.00166489
-0.00206673
-0.00237255
-0.00257375
-0.00266447
-0.00264176
-0.00250587
-0.00226052
-0.00191362
-0.00147822
-0.000972548
-0.000418837
0.000158115
0.000732423
0.00127881
0.0017743
0.00219925
0.00253762
0.00277682
0.00290739
0.0029231
0.00282159
0.0026052
0.00228144
0.00186288
0.0013669
0.000815116
0.000232097
-0.00035628
-0.000924444
-0.00144844
-0.00190689
-0.00228178
-0.00255908
-0.00272914
-0.00278712
-0.00273319
-0.00257263
-0.00231558
-0.00197618
-0.00157161
-0.00112099
-0.000644308
-0.00016156
0.000307846
0.000745407
0.00113397
0.00145831
0.00170568
0.00170568
0.00186621
0.00193356
0.00190579
0.00178576
0.00158101
0.0013032
0.000967448
0.000591387
0.000194141
-0.000204699
-0.000585956
-0.000931686
-0.00122602
-0.00145602
-0.00161238
-0.00168995
-0.00168791
-0.00160971
-0.00146266
-0.00125722
-0.00100606
-0.000723245
-0.000423694
-0.000122491
0.000165856
0.000428095
0.000652739
0.000830502
0.000954707
0.00102154
0.00103005
0.000981752
0.000880115
0.000730152
0.000538245
0.000311946
5.98067e-05
-0.000208616
-0.000482725
-0.000751213
-0.00100271
-0.00122638
-0.00141239
-0.00155232
-0.00163961
-0.00166984
-0.00164056
-0.00155084
-0.00140083
-0.00119198
-0.000927994
-0.00061575
-0.000265356
0.000110321
0.000496166
0.00087562
0.00123195
0.00154941
0.00181391
0.00201359
0.00213932
0.00218515
0.00214854
0.0020306
0.00183619
0.00157404
0.00125677
0.000900452
0.000523172
0.000143523
-0.00022082
-0.000554533
-0.000846003
-0.00108787
-0.00127642
-0.00141044
-0.00149049
-0.00151844
-0.0014968
-0.00142817
-0.00131509
-0.0011605
-0.000968119
-0.000742749
-0.000490484
-0.000218945
6.27478e-05
0.000344541
0.000616271
0.000868199
0.00109128
0.00127753
0.00142042
0.00151488
0.0015572
0.00154496
0.0014773
0.00135524
0.00118223
0.0009644
0.000710221
0.000430149
0.000136303
-0.000158106
-0.000439686
-0.000695722
-0.000914783
-0.00108717
-0.00120523
-0.00126369
-0.00125988
-0.00119407
-0.00106941
-0.000891967
-0.000670613
-0.000416674
-0.000143198
0.000135947
0.000406911
0.000656593
0.000873269
0.0010471
0.00117048
0.0012383
0.00124809
0.00120014
0.00109765
0.0009465
0.000754891
0.000532699
0.000290812
4.03699e-05
-0.000207995
-0.000444703
-0.000661471
-0.000851416
-0.00100918
-0.00113099
-0.00121458
-0.00125916
-0.00126543
-0.00123561
-0.00117314
-0.00108183
-0.000964604
-0.000823053
-0.00065806
-0.000471047
-0.000264645
-4.29562e-05
0.000188052
0.000420334
0.000644389
0.000850491
0.00102986
0.0011755
0.00128256
0.00134801
0.00137014
0.00134811
0.001282
0.00117312
0.00102455
0.000841759
0.000632771
0.000407779
0.000178325
-4.37373e-05
-0.000247433
-0.000423809
-0.000566645
-0.00067249
-0.000740272
-0.000770885
-0.000766891
-0.000732216
-0.000671854
-0.000591662
-0.000498122
-0.000397735
-0.000296169
-0.000197798
-0.000105861
-2.27952e-05
4.96404e-05
0.000110143
0.000157396
0.000189739
0.000205324
0.000202615
0.000180873
0.000140478
8.30107e-05
1.10884e-05
-7.19553e-05
-0.000162434
-0.000256593
-0.000350651
-0.000440643
-0.000522305
-0.000591181
-0.0006428
-0.00067283
-0.000677312
-0.000653064
-0.000598226
-0.00051275
-0.00039861
-0.000259763
-0.000102116
6.65268e-05
0.000236994
0.00039983
0.000546277
0.00066876
0.000761269
0.00081987
0.000842937
0.000830867
0.00078561
0.00071029
0.000608888
0.000486011
0.000346863
0.000197244
4.33578e-05
-0.000108593
-0.000252885
-0.000384686
-0.000500284
-0.00059713
-0.000673837
-0.000730152
-0.000766719
-0.000784552
-0.000784453
-0.000766732
-0.000731306
-0.000678025
-0.000606949
-0.000518569
-0.000414141
-0.000296023
-0.000167646
-3.31381e-05
0.00010297
0.000235875
0.000360697
0.000472761
0.000567771
0.000641918
0.00069203
0.000715752
0.000711702
0.000679596
0.000620229
0.000535296
0.000427235
0.000299146
0.000154769
-1.46625e-06
-0.000164302
-0.000327382
-0.000482826
-0.000620978
-0.000731083
-0.000802961
-0.000828695
-0.000803641
-0.000727282
-0.000604121
-0.000443632
-0.000258702
-6.35699e-05
0.000127672
0.000302219
0.000449733
0.000563227
0.000639202
0.000677174
0.00067904
0.000648567
0.00059099
0.000512478
0.000419573
0.000318939
0.000217317
0.000121205
3.63833e-05
-3.2355e-05
-8.14189e-05
-0.000108921
-0.000115256
-0.000103349
-7.84711e-05
-4.75363e-05
-1.79909e-05
3.10268e-06
9.56837e-06
-3.11398e-06
-3.65467e-05
-8.86617e-05
-0.00015428
-0.000226402
-0.000297249
-0.000358887
-0.000403815
-0.000425742
-0.000420405
-0.000386011
-0.000323358
-0.000235942
-0.000129938
-1.35472e-05
0.000104217
0.000214452
0.000308743
0.000379638
0.00042137
0.000430246
0.000404418
0.000343457
0.000343457
0.000248071
0.000120031
-3.75775e-05
-0.000219758
-0.000418956
-0.000624794
-0.00082436
-0.00100296
-0.00114526
-0.0012371
-0.00126736
-0.00122908
-0.00111944
-0.000939621
-0.000694746
-0.000393366
-4.65026e-05
0.000332956
0.000730089
0.00112735
0.00150419
0.00183775
0.00210517
0.00228599
0.00236379
0.00232726
0.00217147
0.00189876
0.00151823
0.00104427
0.000495066
-0.000108089
-0.000740501
-0.00137375
-0.00197651
-0.00251648
-0.00296259
-0.00328709
-0.00346778
-0.00349053
-0.00335086
-0.00305386
-0.00261299
-0.00204863
-0.00138707
-0.000659365
0.000100117
0.00085525
0.0015695
0.00220754
0.00273742
0.00313333
0.0033779
0.00346355
0.00339233
0.00317501
0.00282956
0.00237896
0.00184903
0.00126695
0.000660353
5.64697e-05
-0.000518833
-0.00104149
-0.00148944
-0.00184343
-0.00208834
-0.0022143
-0.00221706
-0.00209803
-0.00186427
-0.00152814
-0.00110677
-0.000621386
-9.67474e-05
0.000439751
0.000959482
0.00143417
0.0018375
0.00214677
0.00234465
0.00242059
0.00237138
0.00220076
0.00191868
0.00154045
0.00108567
0.000576834
3.78347e-05
-0.000507204
-0.00103475
-0.00152283
-0.00195211
-0.00230674
-0.00257463
-0.00274762
-0.00282167
-0.0027968
-0.00267691
-0.00246954
-0.00218563
-0.00183902
-0.00144538
-0.001021
-0.000581767
-0.000142603
0.000282696
0.000681614
0.00104326
0.00135843
0.00161907
0.00181787
0.00194855
0.00200656
0.0019896
0.00189775
0.00173376
0.0015034
0.00121575
0.000883046
0.00052004
0.000143611
-0.00022729
-0.000572385
-0.000871779
-0.00110781
-0.00126645
-0.00133875
-0.00132233
-0.00122201
-0.00104874
-0.000817754
-0.000546755
-0.000254378
4.15647e-05
0.000325549
0.000584882
0.000809336
0.000990547
0.00112158
0.00119662
0.00121097
0.00116151
0.00104768
0.000872265
0.000641594
0.000365387
5.62887e-05
-0.000271119
-0.00060171
-0.000921094
-0.00121646
-0.00147685
-0.00169267
-0.00185479
-0.00195407
-0.00198175
-0.00193022
-0.00179394
-0.00157091
-0.00126442
-0.000883753
-0.000443518
3.72826e-05
0.000536256
0.00102922
0.00149227
0.00190325
0.00224248
0.00249342
0.00264355
0.00268545
0.00261771
0.00244533
0.0021794
0.00183643
0.00143729
0.00100538
0.000564485
0.000137105
-0.000256387
-0.000598388
-0.000874501
-0.00107356
-0.00118749
-0.00121163
-0.00114538
-0.000992783
-0.00076281
-0.000469247
-0.000130246
0.000232456
0.000594568
0.000930552
0.00121528
0.00142595
0.00154389
0.00155558
0.0014532
0.00123592
0.000912007
0.000499751
2.59373e-05
-0.000477261
-0.000975085
-0.00143254
-0.0018171
-0.00210178
-0.00226736
-0.00230306
-0.00220601
-0.00198087
-0.00163989
-0.00120234
-0.000693158
-0.000141303
0.000421537
0.000962588
0.0014503
0.00185677
0.00215963
0.00234315
0.00239899
0.00232672
0.00213413
0.00183639
0.00145419
0.00101187
0.00053643
5.64651e-05
-0.000399349
-0.000804102
-0.00113421
-0.00137071
-0.00150028
-0.00151594
-0.00141757
-0.00121192
-0.000911935
-0.000535624
-0.000104853
0.000355974
0.000821589
0.00126752
0.00167135
0.00201345
0.00227752
0.00245106
0.00252563
0.00249673
0.00236351
0.00212861
0.00179828
0.00138227
0.000893667
0.000348629
-0.00023396
-0.000833311
-0.00142771
-0.00199506
-0.00251305
-0.00295976
-0.00331515
-0.00356267
-0.00369019
-0.00369055
-0.00356204
-0.00330896
-0.00294176
-0.0024764
-0.00193315
-0.00133535
-0.000708447
-7.91707e-05
0.000525518
0.00107972
0.00155988
0.00194601
0.00222281
0.00238058
0.00241582
0.00233116
0.0021349
0.00184014
0.0014637
0.00102499
0.000545198
4.66421e-05
-0.000447862
-0.000915718
-0.00133532
-0.00168699
-0.00195414
-0.00212446
-0.0021909
-0.0021522
-0.00201296
-0.00178312
-0.00147678
-0.00111099
-0.000704644
-0.000277521
0.000150777
0.000561619
0.000937824
0.00126405
0.00152743
0.00171822
0.00183043
0.00186204
0.00181502
0.00169512
0.00151143
0.00127582
0.00100222
0.000705753
0.000402013
0.000106372
-0.000166778
-0.000404853
-0.000597883
-0.00073903
-0.00073903
-0.000824707
-0.000854541
-0.000831314
-0.000760681
-0.000650457
-0.000509672
-0.000347772
-0.000174128
2.21428e-06
0.000172797
0.000330055
0.00046741
0.00057915
0.000660451
0.000707626
0.00071828
0.000691337
0.000627244
0.000528427
0.000399652
0.000248072
8.30321e-05
-8.44459e-05
-0.000242734
-0.000380989
-0.000490176
-0.000563531
-0.000596974
-0.00058956
-0.000543352
-0.00046257
-0.000352763
-0.000220489
-7.3294e-05
8.03674e-05
0.000231411
0.000370686
0.000489636
0.000580799
0.000638259
0.000658221
0.000639532
0.000583791
0.000495047
0.000379258
0.000243666
9.6184e-05
-5.51656e-05
-0.000202779
-0.000339881
-0.000460786
-0.000561111
-0.00063791
-0.000689517
-0.000715251
-0.000715312
-0.000690856
-0.000643923
-0.00057718
-0.000493776
-0.00039732
-0.000291814
-0.000181481
-7.05959e-05
3.66529e-05
0.000136181
0.000223922
0.000295805
0.000347921
0.000376753
0.000379468
0.000354386
0.000301513
0.000222732
0.000121571
2.84478e-06
-0.000127752
-0.000264172
-0.000400426
-0.00053067
-0.000649115
-0.000750025
-0.000827792
-0.000877132
-0.000893513
-0.000873709
-0.00081625
-0.000721831
-0.000593635
-0.000437329
-0.000260645
-7.27579e-05
0.000116333
0.000296455
0.000457964
0.000592469
0.000693415
0.000756285
0.000778554
0.000759726
0.000701385
0.000606944
0.000481113
0.000329462
0.000158144
-2.63314e-05
-0.000217271
-0.000407831
-0.000591052
-0.000760016
-0.000908058
-0.00102889
-0.00111675
-0.00116685
-0.00117602
-0.00114308
-0.00106886
-0.000956012
-0.000808978
-0.000633803
-0.000437733
-0.000228626
-1.43673e-05
0.000197594
0.00040049
0.000588259
0.000755476
0.000897372
0.00100996
0.0010901
0.0011354
0.00114427
0.00111614
0.00105176
0.000953143
0.000823378
0.000666447
0.000487194
0.000291411
8.57862e-05
-0.000122361
-0.000325384
-0.000515532
-0.000685293
-0.000827904
-0.00093773
-0.00101039
-0.00104276
-0.00103311
-0.000981202
-0.000888515
-0.000758303
-0.00059544
-0.000406259
-0.000198467
1.90933e-05
0.000237054
0.000446267
0.000638425
0.000806509
0.000945048
0.00105013
0.00111924
0.00115115
0.00114571
0.00110361
0.00102614
0.00091521
0.000773724
0.000605812
0.000416677
0.000212292
-7.65404e-07
-0.000215403
-0.000424196
-0.000619602
-0.000794087
-0.000940121
-0.00105025
-0.00111759
-0.00113679
-0.00110475
-0.00102087
-0.000887091
-0.000708148
-0.000491401
-0.000246246
1.66273e-05
0.000285759
0.00054918
0.000794595
0.00100984
0.00118372
0.00130698
0.00137281
0.00137734
0.00132009
0.00120422
0.00103615
0.000824901
0.000581276
0.000317083
4.44454e-05
-0.000224667
-0.000478736
-0.000706979
-0.000899737
-0.00104897
-0.00114878
-0.00119588
-0.00118977
-0.00113266
-0.00102917
-0.000885779
-0.000710017
-0.000509881
-0.000293543
-6.93089e-05
0.000154391
0.000368991
0.000565666
0.000735331
0.000869099
0.000959127
0.000999419
0.000986361
0.000919063
0.000799588
0.000632967
0.000426905
0.00019137
-6.17635e-05
-0.000319175
-0.000566925
-0.000791523
-0.000980751
-0.00112413
-0.00121338
-0.00124301
-0.00121066
-0.00111703
-0.000965541
-0.000762045
-0.000514533
-0.000232996
7.07388e-05
0.000383379
0.000690778
0.00097864
0.00123326
0.00144229
0.00159558
0.00168574
0.00170847
0.0016625
0.00154961
0.00137455
0.00114496
0.00087108
0.000565221
0.000241105
-8.67762e-05
-0.000403895
-0.000696528
-0.00095258
-0.00116216
-0.00131788
-0.00141486
-0.0014506
-0.00142482
-0.00133947
-0.00119882
-0.00100944
-0.000780007
-0.000521079
-0.000244762
3.57821e-05
0.000307031
0.00055588
0.000770344
0.000940129
0.00105712
0.00111577
0.00111331
0.00104974
0.00092785
0.000753269
0.000534318
0.000281718
8.05652e-06
-0.000272872
-0.000546774
-0.000799516
-0.00101774
-0.00118954
-0.00130506
-0.00135715
-0.00134184
-0.00125879
-0.00111137
-0.000906388
-0.000653544
-0.000365021
-5.49434e-05
0.000261349
0.000568298
0.000851143
0.00109664
0.00129349
0.00143277
0.00150856
0.0015185
0.00146386
0.00134926
0.00118223
0.000972609
0.000731852
0.000472129
0.000205434
-5.70655e-05
-0.000305371
-0.000530835
-0.000530835
-0.000726239
-0.000885696
-0.00100452
-0.0010793
-0.001108
-0.00108999
-0.00102591
-0.000917915
-0.000770085
-0.000588446
-0.000380595
-0.000155279
7.77919e-05
0.000308157
0.000525067
0.000718125
0.000877924
0.000996601
0.00106825
0.00108928
0.00105863
0.000977851
0.000850927
0.000684056
0.000485341
0.000264323
3.13978e-05
-0.000202713
-0.000427401
-0.000632641
-0.000809522
-0.000950724
-0.00105087
-0.00110673
-0.00111722
-0.0010833
-0.00100762
-0.000894136
-0.00074771
-0.000574002
-0.000379406
-0.00017098
4.36131e-05
0.000256155
0.000458107
0.000641122
0.000797655
0.000921436
0.00100778
0.00105381
0.0010585
0.00102252
0.000948115
0.00083881
0.000699339
0.000535573
0.000354494
0.000164068
-2.70512e-05
-0.000209904
-0.00037568
-0.000516321
-0.000625196
-0.00069758
-0.000730862
-0.000724558
-0.000680248
-0.000601344
-0.000492732
-0.000360448
-0.000211429
-5.32962e-05
0.000105917
0.000258074
0.00039533
0.000510624
0.000598122
0.000653544
0.000674336
0.000659681
0.000610285
0.000528085
0.000415995
0.000277718
0.000117616
-5.92394e-05
-0.000246919
-0.000438643
-0.000627
-0.000804133
-0.000961891
-0.00109224
-0.00118805
-0.00124375
-0.00125567
-0.00122206
-0.00114305
-0.00102074
-0.00085905
-0.000663602
-0.000441421
-0.000200735
4.91549e-05
0.000298041
0.000535251
0.000750312
0.000933621
0.00107703
0.00117439
0.00122201
0.00121899
0.00116717
0.00107091
0.000936693
0.000772699
0.000588166
0.000392696
0.000195636
5.62734e-06
-0.000169785
-0.000324478
-0.000453815
-0.000554504
-0.000624567
-0.00066345
-0.000672012
-0.000652344
-0.0006076
-0.000541886
-0.000460075
-0.000367526
-0.00026978
-0.000172236
-7.99085e-05
2.72365e-06
7.1881e-05
0.000124738
0.000159609
0.000175969
0.000174343
0.000156152
0.000123581
7.94692e-05
2.70904e-05
-3.02443e-05
-8.95436e-05
-0.000148227
-0.000204017
-0.000254823
-0.000298658
-0.000333552
-0.000357529
-0.000368708
-0.00036553
-0.000346995
-0.00031285
-0.00026377
-0.000201506
-0.000128862
-4.94445e-05
3.2677e-05
0.000113271
0.000188219
0.000253837
0.000307203
0.000346335
0.00037025
0.000378995
0.000373609
0.000355922
0.000328254
0.000293212
0.000253596
0.000212259
0.000171902
0.000134883
0.000103099
7.78869e-05
5.99528e-05
4.93457e-05
4.54957e-05
4.7367e-05
5.36971e-05
6.31835e-05
7.45911e-05
8.69269e-05
9.96718e-05
0.000112834
0.000126732
0.00014174
0.000158173
0.000176242
0.000195946
0.000216875
0.000238046
0.000257864
0.000274228
0.000284707
0.000286744
0.000277964
0.000256537
0.000221372
0.000172119
0.00010918
3.37531e-05
-5.22606e-05
-0.000146425
-0.000245784
-0.000346681
-0.000444567
-0.000534
-0.000609052
-0.000664079
-0.000694389
-0.000696551
-0.000668673
-0.000610861
-0.000525543
-0.000417306
-0.000292356
-0.000157889
-2.15364e-05
0.000109081
0.000226837
0.000325636
0.00040075
0.000448935
0.000468517
0.000459476
0.000423308
0.00036272
0.000281397
0.000183862
7.52546e-05
-3.89267e-05
-0.000152999
-0.000261242
-0.000358107
-0.000438489
-0.000498002
-0.000533255
-0.000542075
-0.000523624
-0.000478365
-0.000407942
-0.000315007
-0.000203046
-7.62185e-05
6.07766e-05
0.00020282
0.000344471
0.000480043
0.000603687
0.00070962
0.000792493
0.000847706
0.000871589
0.000861544
0.000816293
0.000736236
0.00062372
0.000483046
0.000320199
0.000142529
-4.1574e-05
-0.000223229
-0.00039385
-0.000545808
-0.000672809
-0.000770162
-0.000834963
-0.000866022
-0.000863588
-0.000829092
-0.000764953
-0.000674352
-0.00056103
-0.000429269
-0.000284012
-0.000130858
2.41509e-05
0.000174738
0.000314527
0.000437278
0.000537338
0.000610133
0.000652504
0.000662916
0.000641612
0.00059061
0.000513496
0.000415089
0.000301069
0.000177595
5.09184e-05
-7.29506e-05
-0.000188433
-0.000290479
-0.000374666
-0.000437333
-0.000475707
-0.000488016
-0.000473607
-0.000433045
-0.000368126
-0.00028179
-0.000177948
-6.12316e-05
6.33249e-05
0.0001906
0.000315621
0.000433689
0.000540387
0.00063153
0.00070316
0.000751701
0.000774172
0.000768319
0.00073275
0.000667228
0.000573074
0.000453346
0.000453346
0.000312735
0.000157348
-5.55298e-06
-0.000168061
-0.000322342
-0.000461242
-0.000578636
-0.000669721
-0.000731269
-0.000761645
-0.000760541
-0.000728712
-0.000667833
-0.000580429
-0.000469826
-0.000340181
-0.000196514
-4.4574e-05
0.000109461
0.000259307
0.000398877
0.000522617
0.000625829
0.000704815
0.000756817
0.000779857
0.000772646
0.000734684
0.000666592
0.00057037
0.000449429
0.000308534
0.000153724
-7.95356e-06
-0.000169024
-0.000322228
-0.000461003
-0.000579763
-0.000673998
-0.000740241
-0.00077603
-0.000779974
-0.000751841
-0.000692657
-0.000604797
-0.000492081
-0.000359724
-0.000214071
-6.21373e-05
8.88779e-05
0.000232035
0.000361005
0.000470334
0.000555578
0.000613389
0.000641588
0.000639244
0.000606766
0.000545958
0.000460011
0.000353379
0.000231539
0.000100655
-3.28255e-05
-0.000162556
-0.000282586
-0.000387548
-0.00047278
-0.000534431
-0.000569588
-0.000576429
-0.000554365
-0.000504118
-0.000427734
-0.000328552
-0.000211096
-8.0879e-05
5.58962e-05
0.000192667
0.00032283
0.000440026
0.000538448
0.000613157
0.000660349
0.000677505
0.000663518
0.00061879
0.000545229
0.000446088
0.000325735
0.000189421
4.30719e-05
-0.000106849
-0.000253493
-0.000389886
-0.000509306
-0.000605665
-0.00067384
-0.000710042
-0.000712188
-0.000680153
-0.000615737
-0.000522433
-0.000405103
-0.000269655
-0.000122667
2.89703e-05
0.000178333
0.000318679
0.000443684
0.000547681
0.000625912
0.000674784
0.000692101
0.0006772
0.000630976
0.000555834
0.000455539
0.000335008
0.000200054
5.71109e-05
-8.70422e-05
-0.000225583
-0.00035198
-0.000460361
-0.00054583
-0.000604727
-0.000634828
-0.00063547
-0.000607504
-0.000553112
-0.00047558
-0.000379101
-0.000268556
-0.00014927
-2.6755e-05
9.35176e-05
0.000206346
0.000307023
0.000391543
0.000456777
0.000500596
0.000521904
0.000520646
0.000497757
0.000455059
0.000395091
0.000320962
0.00023623
0.00014478
5.06423e-05
-4.22336e-05
-0.000130204
-0.00021008
-0.000279192
-0.000335435
-0.00037731
-0.000403901
-0.000414746
-0.000409745
-0.000389204
-0.000353974
-0.000305559
-0.000246198
-0.000178933
-0.000107554
-3.6345e-05
3.03152e-05
8.83636e-05
0.000134468
0.000166446
0.000183521
0.000186231
0.000176094
0.000155267
0.000126264
9.16306e-05
5.3642e-05
1.42036e-05
-2.5035e-05
-6.25194e-05
-9.67204e-05
-0.000126135
-0.000149309
-0.000164907
-0.000171843
-0.000169402
-0.000157268
-0.000135504
-0.00010458
-6.5428e-05
-1.94867e-05
3.12915e-05
8.44163e-05
0.000136881
0.000185365
0.000226604
0.000257735
0.000276513
0.00028151
0.000272332
0.000249651
0.00021499
0.000170415
0.000118305
6.11945e-05
1.65851e-06
-5.77678e-05
-0.000114646
-0.00016671
-0.000211978
-0.000248905
-0.000276492
-0.000294281
-0.000302234
-0.000300595
-0.000289823
-0.000270519
-0.000243354
-0.000209105
-0.000168809
-0.000123872
-7.60528e-05
-2.74265e-05
1.96713e-05
6.27884e-05
9.95802e-05
0.000128006
0.000146449
0.00015377
0.000149339
0.000133081
0.000105558
6.80295e-05
2.24144e-05
-2.87741e-05
-8.25588e-05
-0.000135752
-0.000185295
-0.000228521
-0.0002633
-0.00028813
-0.000302193
-0.000305282
-0.000297636
-0.000279816
-0.000252669
-0.000217291
-0.000174949
-0.000127029
-7.50092e-05
-2.04462e-05
3.50924e-05
9.0106e-05
0.000143195
0.00019303
0.000238329
0.000277888
0.00031065
0.000335769
0.000352639
0.000360909
0.000360471
0.000351421
0.000334019
0.000308668
0.000275917
0.000236522
0.000191533
0.000142321
9.05076e-05
3.78847e-05
-1.37024e-05
-6.25423e-05
-0.000107258
-0.000146891
-0.000180856
-0.000208819
-0.00023053
-0.000245685
-0.000253937
-0.000255018
-0.000248875
-0.000235791
-0.000216523
-0.000192438
-0.00016548
-0.000137957
-0.000112244
-9.05224e-05
-7.45605e-05
-6.54775e-05
-6.35856e-05
-6.83977e-05
-7.87684e-05
-9.3054e-05
-0.000109289
-0.00012544
-0.000139668
-0.000150433
-0.000156471
-0.000156812
-0.00015084
-0.000138268
-0.000119036
-9.32654e-05
-6.13031e-05
-2.37648e-05
1.84273e-05
6.40353e-05
0.000111572
0.000159428
0.000205993
0.000249739
0.00028932
0.00032365
0.000351956
0.000373744
0.000388725
0.000396705
0.000397521
0.000391047
0.000391047
0.000377269
0.000356344
0.000328582
0.000294447
0.000254605
0.000210004
0.000161875
0.000111621
6.06114e-05
1.00291e-05
-3.92009e-05
-8.64029e-05
-0.000131113
-0.000173016
-0.000211876
-0.000247415
-0.000279165
-0.000306393
-0.000328212
-0.00034375
-0.000352258
-0.00035317
-0.00034621
-0.000331501
-0.000309609
-0.000281433
-0.000248029
-0.00021048
-0.000169874
-0.000127324
-8.39693e-05
-4.09404e-05
7.00857e-07
4.00305e-05
7.62824e-05
0.000108834
0.000137214
0.000161134
0.000180497
0.000195331
0.000205662
0.000211429
0.000212519
0.00020887
0.000200558
0.000187834
0.000171171
0.000151311
0.000129281
0.000106337
8.38648e-05
6.32657e-05
4.58145e-05
3.24892e-05
2.38308e-05
1.9926e-05
2.04758e-05
2.48371e-05
3.2049e-05
4.09316e-05
5.02403e-05
5.87687e-05
6.53832e-05
6.90571e-05
6.89147e-05
6.42588e-05
5.4586e-05
3.96095e-05
1.9276e-05
-6.22413e-06
-3.64352e-05
-7.05953e-05
-0.000107584
-0.000145872
-0.000183516
-0.000218216
-0.000247469
-0.000268837
-0.000280272
-0.000280348
-0.000268354
-0.000244401
-0.000209561
-0.000165802
-0.000115671
-6.19416e-05
-7.40523e-06
4.52559e-05
9.35925e-05
0.000135498
0.00016928
0.000193703
0.000208012
0.000211942
0.000205717
0.000190024
0.000165942
0.000134877
9.84794e-05
5.85452e-05
1.69062e-05
-2.46214e-05
-6.42471e-05
-0.000100239
-0.000131
-0.000155139
-0.000171518
-0.000179294
-0.000177939
-0.000167242
-0.000147296
-0.000118498
-8.15392e-05
-3.74441e-05
1.23532e-05
6.59343e-05
0.000120881
0.000174314
0.000223018
0.000263745
0.000293633
0.000310491
0.000312904
0.000300271
0.000272871
0.000231816
0.000178866
0.000116268
4.6659e-05
-2.69799e-05
-0.000101392
-0.00017316
-0.000238914
-0.000295555
-0.000340455
-0.000371614
-0.000387794
-0.000388561
-0.000374197
-0.000345556
-0.00030393
-0.000250945
-0.000188511
-0.000118842
-4.44882e-05
3.17021e-05
0.000106706
0.000177453
0.000240929
0.000294332
0.000335288
0.000362043
0.000373549
0.000369456
0.000350117
0.000316605
0.0002707
0.000214828
0.000151934
8.53217e-05
1.84659e-05
-4.51986e-05
-0.000102494
-0.000150666
-0.000187502
-0.000211424
-0.00022157
-0.000217801
-0.000200655
-0.000171276
-0.000131365
-8.31096e-05
-2.90678e-05
2.79962e-05
8.52962e-05
0.00014019
0.000190316
0.000233695
0.000268796
0.00029454
0.000310273
0.000315746
0.000311109
0.000296868
0.00027381
0.000242948
0.000205526
0.000163019
0.000117081
6.9467e-05
2.19858e-05
-2.35099e-05
-6.5132e-05
-0.000101009
-0.000129385
-0.000148729
-0.000157846
-0.000156005
-0.000143046
-0.000119413
-8.60973e-05
-4.45789e-05
3.21336e-06
5.49775e-05
0.000108152
0.000160031
0.000207873
0.000249024
0.000281054
0.000301944
0.000310256
0.000305249
0.000286879
0.000255785
0.000213247
0.000161091
0.000101537
3.70581e-05
-2.97293e-05
-9.61601e-05
-0.000159612
-0.000217601
-0.000267909
-0.000308722
-0.000338747
-0.000357303
-0.000364362
-0.000360518
-0.000346883
-0.000324978
-0.000296627
-0.000263833
-0.000228652
-0.00019309
-0.000159056
-0.000128311
-0.000102398
-8.25666e-05
-6.9715e-05
-6.43777e-05
-6.67271e-05
-7.65717e-05
-9.33451e-05
-0.00011612
-0.00014366
-0.000174498
-0.00020702
-0.000239536
-0.000270359
-0.000297883
-0.000320672
-0.000337539
-0.000347561
-0.000350058
-0.00034457
-0.000330851
-0.000308896
-0.00027901
-0.000241891
-0.000198682
-0.000150969
-0.000100742
-5.03228e-05
-2.19297e-06
4.12841e-05
7.80895e-05
0.000106656
0.00012593
0.000135429
0.000135243
0.000125942
0.000108467
8.40574e-05
5.41975e-05
2.05635e-05
-1.50227e-05
-5.06443e-05
-8.43566e-05
-0.000114265
-0.000138605
-0.00015585
-0.000164834
-0.000164884
-0.000155876
-0.00013822
-0.000112819
-8.10128e-05
-4.44902e-05
-5.14449e-06
3.50627e-05
7.41992e-05
0.000110452
0.000142215
0.000168134
0.000187134
0.000198441
0.000201621
0.00019661
0.000183729
0.000163693
0.000137606
0.000106923
7.33725e-05
3.88611e-05
5.36086e-06
-2.52132e-05
-5.11243e-05
-7.09009e-05
-8.33834e-05
-8.77638e-05
-8.36245e-05
-7.09531e-05
-5.01248e-05
-2.18676e-05
1.27657e-05
5.24118e-05
9.54038e-05
0.000139807
0.000183518
0.000224399
0.000260419
0.00028976
0.00028976
0.000310929
0.000322865
0.000325
0.000317243
0.000299897
0.000273565
0.000239076
0.000197463
0.000149989
9.81632e-05
4.37118e-05
-1.14534e-05
-6.52406e-05
-0.000115408
-0.000159684
-0.000195958
-0.00022244
-0.000237785
-0.000241179
-0.000232401
-0.000211853
-0.000180521
-0.000139877
-9.17912e-05
-3.84191e-05
1.79272e-05
7.49154e-05
0.000130291
0.000181959
0.000228067
0.000267072
0.000297759
0.000319241
0.000330952
0.000332637
0.000324318
0.000306301
0.000279212
0.000244091
0.000202409
0.000156023
0.000107098
5.80209e-05
1.1267e-05
-3.08131e-05
-6.61809e-05
-9.3218e-05
-0.000110796
-0.000118337
-0.000115845
-0.000103878
-8.3499e-05
-5.62155e-05
-2.38999e-05
1.13141e-05
4.71713e-05
8.14485e-05
0.000112089
0.00013731
0.000155714
0.00016637
0.000168817
0.00016299
0.000149159
0.000127916
0.000100173
6.71499e-05
3.03918e-05
-8.24532e-06
-4.66653e-05
-8.2653e-05
-0.00011401
-0.000138716
-0.000155115
-0.000162065
-0.000158987
-0.000145829
-0.000123022
-9.14317e-05
-5.23192e-05
-7.30871e-06
4.15988e-05
9.20092e-05
0.000141176
0.000186128
0.00022391
0.000251893
0.000268008
0.000270857
0.000259781
0.000234921
0.000197182
0.000148097
8.96912e-05
2.44507e-05
-4.46684e-05
-0.00011426
-0.000180616
-0.000240018
-0.000289057
-0.000324846
-0.00034523
-0.000349021
-0.000336151
-0.000307592
-0.000265134
-0.000211139
-0.000148342
-7.97014e-05
-8.28106e-06
6.28316e-05
0.000130618
0.000192238
0.000245177
0.000287387
0.000317399
0.000334389
0.000338205
0.000329355
0.000308929
0.000278477
0.000239895
0.000195333
0.000147134
9.77473e-05
4.96156e-05
5.03848e-06
-3.39464e-05
-6.56469e-05
-8.87818e-05
-0.000102539
-0.000106597
-0.000101082
-8.65129e-05
-6.37453e-05
-3.3965e-05
1.28868e-06
4.00651e-05
7.99653e-05
0.000118222
0.000151924
0.000178299
0.000194952
0.000200093
0.00019278
0.000173065
0.000141918
0.000100991
5.23618e-05
-1.68577e-06
-5.88723e-05
-0.000117097
-0.000174494
-0.000229374
-0.000280134
-0.000325176
-0.000362859
-0.000391533
-0.000409708
-0.000416286
-0.000410705
-0.000392994
-0.000363816
-0.000324484
-0.000276887
-0.000223307
-0.000166226
-0.000108165
-5.1586e-05
1.17981e-06
4.79929e-05
8.69692e-05
0.000116559
0.000135622
0.000143491
0.000140012
0.000125567
0.000101062
6.78769e-05
2.77924e-05
-1.70932e-05
-6.44263e-05
-0.00011166
-0.000156145
-0.00019525
-0.000226517
-0.000247828
-0.000257641
-0.000255187
-0.000240568
-0.000214714
-0.000179279
-0.000136483
-8.88656e-05
-3.90097e-05
1.06225e-05
5.77524e-05
0.000100349
0.000136705
0.000165479
0.000185694
0.000196777
0.000198607
0.000191545
0.000176423
0.000154478
0.000127236
9.63828e-05
6.36476e-05
3.0677e-05
-1.0675e-06
-3.035e-05
-5.61371e-05
-7.75797e-05
-9.40405e-05
-0.000105134
-0.000110734
-0.00011096
-0.000106157
-9.68925e-05
-8.39371e-05
-6.82099e-05
-5.0684e-05
-3.22879e-05
-1.38424e-05
3.95858e-06
2.05439e-05
3.54641e-05
4.83876e-05
5.90747e-05
6.73459e-05
7.30831e-05
7.62586e-05
7.6951e-05
7.53447e-05
7.17343e-05
6.65219e-05
6.01841e-05
5.32249e-05
4.61404e-05
3.93967e-05
3.34097e-05
2.8536e-05
2.5075e-05
2.3269e-05
2.32977e-05
2.52724e-05
2.92432e-05
3.52209e-05
4.32092e-05
5.32337e-05
6.53515e-05
7.96104e-05
9.59221e-05
0.000113885
0.000132678
0.00015108
0.000167558
0.000180396
0.000187935
0.000188891
0.000182541
0.000168741
0.00014789
0.000120876
8.8904e-05
5.32606e-05
1.51799e-05
-2.41668e-05
-6.36523e-05
-0.000102165
-0.000138557
-0.000171614
-0.00020009
-0.000222781
-0.00023861
-0.000246718
-0.000246573
-0.000238065
-0.000221497
-0.000197506
-0.000167005
-0.000131161
-9.13774e-05
-4.9215e-05
-6.2991e-06
3.57844e-05
7.55802e-05
0.000111823
0.000143451
0.000169602
0.000189587
0.000202872
0.00020905
0.000207829
0.000199084
0.000182978
0.000160053
0.000131219
9.77108e-05
6.1052e-05
2.29667e-05
-1.47741e-05
-5.05049e-05
-8.27638e-05
-0.000110348
-0.000132329
-0.000148045
-0.000157078
-0.000159253
-0.000154635
-0.0001435
-0.000126307
-0.000103697
-7.65083e-05
-4.57735e-05
-1.26709e-05
2.15255e-05
5.54479e-05
8.76296e-05
0.000116559
0.000140793
0.000140793
0.000159075
0.000170436
0.000174298
0.000170563
0.00015963
0.000142343
0.00011989
9.36887e-05
6.52789e-05
3.6203e-05
7.91032e-06
-1.8296e-05
-4.13002e-05
-6.02411e-05
-7.45834e-05
-8.41315e-05
-8.89831e-05
-8.94829e-05
-8.62065e-05
-7.99219e-05
-7.15013e-05
-6.18275e-05
-5.175e-05
-4.20813e-05
-3.36007e-05
-2.70463e-05
-2.30736e-05
-2.21723e-05
-2.45723e-05
-3.01802e-05
-3.85684e-05
-4.90088e-05
-6.05468e-05
-7.21342e-05
-8.27952e-05
-9.17468e-05
-9.84387e-05
-0.000102561
-0.000104034
-0.000102948
-9.94528e-05
-9.37056e-05
-8.58847e-05
-7.62111e-05
-6.49596e-05
-5.24765e-05
-3.91912e-05
-2.55975e-05
-1.22103e-05
4.78429e-07
1.20331e-05
2.20993e-05
3.04131e-05
3.67945e-05
4.11346e-05
4.3394e-05
4.36171e-05
4.19457e-05
3.86202e-05
3.39686e-05
2.83897e-05
2.23204e-05
1.61802e-05
1.03031e-05
4.88094e-06
-5.8382e-08
-4.63314e-06
-9.06569e-06
-1.36331e-05
-1.86026e-05
-2.41664e-05
-3.0422e-05
-3.73995e-05
-4.50817e-05
-5.34038e-05
-6.22734e-05
-7.16061e-05
-8.13341e-05
-9.13837e-05
-0.000101653
-0.000112006
-0.000122271
-0.00013226
-0.00014178
-0.00015064
-0.000158657
-0.00016565
-0.000171458
-0.000175963
-0.000179106
-0.000180879
-0.000181324
-0.000180561
-0.000178788
-0.000176273
-0.000173319
-0.000170211
-0.000167161
-0.000164248
-0.000161389
-0.000158354
-0.000154808
-0.00015035
-0.000144511
-0.000136761
-0.000126548
-0.000113391
-9.69549e-05
-7.70878e-05
-5.38719e-05
-2.76879e-05
7.64369e-07
3.05432e-05
6.05876e-05
8.98107e-05
0.000117165
0.000141705
0.000162634
0.000179324
0.00019132
0.000198309
0.000200099
0.000196597
0.000187852
0.000174101
0.000155804
0.000133615
0.000108321
8.07836e-05
5.18995e-05
2.25754e-05
-6.30888e-06
-3.39411e-05
-5.96019e-05
-8.26629e-05
-0.000102581
-0.000118909
-0.000131312
-0.00013955
-0.000143407
-0.000142632
-0.000136926
-0.000126047
-0.000109918
-8.86834e-05
-6.27467e-05
-3.28518e-05
-1.31382e-07
3.39674e-05
6.78476e-05
9.99212e-05
0.000128733
0.000153056
0.000171954
0.000184803
0.000191281
0.000191328
0.000185125
0.000173085
0.000155857
0.000134324
0.000109578
8.28765e-05
5.55663e-05
2.89899e-05
4.40944e-06
-1.70516e-05
-3.44587e-05
-4.71027e-05
-5.45198e-05
-5.65024e-05
-5.31044e-05
-4.4633e-05
-3.16305e-05
-1.48568e-05
4.74329e-06
2.60983e-05
4.8084e-05
6.9593e-05
8.95863e-05
0.00010713
0.000121428
0.000131848
0.000137968
0.000139613
0.000136889
0.000130188
0.000120168
0.000107706
9.38247e-05
7.95809e-05
6.59818e-05
5.39227e-05
4.414e-05
3.71782e-05
3.33979e-05
3.3008e-05
3.60754e-05
4.24948e-05
5.19523e-05
6.39115e-05
7.7641e-05
9.22791e-05
0.000106908
0.000120611
0.000132529
0.000141936
0.00014829
0.000151236
0.000150566
0.000146188
0.000138121
0.000126496
0.000111586
9.38264e-05
7.3807e-05
5.22375e-05
2.99094e-05
7.64985e-06
-1.37337e-05
-3.35056e-05
-5.10334e-05
-6.57909e-05
-7.73341e-05
-8.52706e-05
-8.92613e-05
-8.90743e-05
-8.46454e-05
-7.60999e-05
-6.37428e-05
-4.80429e-05
-2.96068e-05
-9.1383e-06
1.26083e-05
3.48695e-05
5.68988e-05
7.79671e-05
9.73519e-05
0.000114351
0.000128323
0.00013874
0.000145234
0.000147645
0.000146049
0.000140757
0.000132271
0.000121231
0.000108346
9.43339e-05
7.98719e-05
6.55797e-05
5.20252e-05
3.9728e-05
2.91344e-05
2.05589e-05
1.41045e-05
9.59348e-06
6.5582e-06
4.32368e-06
2.15931e-06
-5.45721e-07
-4.13989e-06
-8.66025e-06
-1.38858e-05
-1.94293e-05
-2.48238e-05
-2.96356e-05
-3.36047e-05
-3.67221e-05
-3.91831e-05
-4.12741e-05
-4.32798e-05
-4.54305e-05
-4.78723e-05
-5.06737e-05
-5.38699e-05
-5.75109e-05
-6.16763e-05
-6.64617e-05
-7.19563e-05
-7.82117e-05
-8.52045e-05
-9.2813e-05
-0.000100811
-0.000108857
-0.00011649
-0.000123157
-0.000128275
-0.000131268
-0.000131592
-0.000128787
-0.00012255
-0.000112809
-9.97275e-05
-8.36693e-05
-6.51621e-05
-4.4873e-05
-2.35802e-05
-2.12829e-06
1.86174e-05
3.78067e-05
5.4633e-05
6.83619e-05
7.8377e-05
8.42447e-05
8.57668e-05
8.30043e-05
7.62815e-05
6.61643e-05
5.34006e-05
3.88398e-05
2.33704e-05
7.87884e-06
-6.78841e-06
-1.98565e-05
-3.0643e-05
-3.85759e-05
-4.32193e-05
-4.43067e-05
-4.17768e-05
-3.58019e-05
-2.67931e-05
-2.67931e-05
-1.53825e-05
-2.39234e-06
1.12081e-05
2.43648e-05
3.60183e-05
4.51953e-05
5.10911e-05
5.31136e-05
5.09014e-05
4.43577e-05
3.36912e-05
1.93968e-05
2.17043e-06
-1.71744e-05
-3.77545e-05
-5.86613e-05
-7.90153e-05
-9.80126e-05
-0.000114951
-0.000129242
-0.000140416
-0.000148115
-0.000152095
-0.000152227
-0.000148502
-0.000141028
-0.000130009
-0.000115701
-9.83701e-05
-7.8291e-05
-5.5794e-05
-3.12922e-05
-5.26989e-06
2.17209e-05
4.90242e-05
7.58347e-05
0.000101196
0.000124054
0.000143348
0.000158101
0.000167501
0.000170986
0.000168329
0.000159665
0.000145451
0.000126422
0.000103546
7.79476e-05
5.08121e-05
2.33175e-05
-3.39656e-06
-2.8269e-05
-5.03742e-05
-6.89783e-05
-8.3585e-05
-9.3962e-05
-0.000100145
-0.000102418
-0.000101272
-9.7317e-05
-9.11694e-05
-8.33563e-05
-7.42761e-05
-6.41954e-05
-5.32755e-05
-4.16505e-05
-2.95299e-05
-1.72364e-05
-5.16553e-06
6.25939e-06
1.66059e-05
2.54766e-05
3.25781e-05
3.77527e-05
4.0954e-05
4.21996e-05
4.15266e-05
3.89708e-05
3.45874e-05
2.84912e-05
2.08803e-05
1.20424e-05
2.35499e-06
-7.72957e-06
-1.77183e-05
-2.71214e-05
-3.54897e-05
-4.2438e-05
-4.76498e-05
-5.0874e-05
-5.19265e-05
-5.07006e-05
-4.71825e-05
-4.14764e-05
-3.38381e-05
-2.46916e-05
-1.46022e-05
-4.21988e-06
5.78396e-06
1.47694e-05
2.21755e-05
2.75604e-05
3.06228e-05
3.11929e-05
2.92145e-05
2.47425e-05
1.79552e-05
9.15945e-06
-1.22079e-06
-1.26642e-05
-2.45787e-05
-3.63392e-05
-4.73334e-05
-5.70108e-05
-6.4923e-05
-7.07404e-05
-7.42492e-05
-7.53441e-05
-7.40288e-05
-7.04299e-05
-6.48133e-05
-5.75939e-05
-4.93258e-05
-4.06732e-05
-3.23639e-05
-2.51231e-05
-1.95959e-05
-1.62894e-05
-1.55391e-05
-1.7479e-05
-2.20201e-05
-2.88722e-05
-3.761e-05
-4.77351e-05
-5.8703e-05
-6.99289e-05
-8.07919e-05
-9.06418e-05
-9.88142e-05
-0.000104658
-0.000107572
-0.00010704
-0.000102673
-9.42676e-05
-8.18537e-05
-6.57083e-05
-4.63436e-05
-2.44951e-05
-1.1104e-06
2.2708e-05
4.5809e-05
6.70873e-05
8.55382e-05
0.000100304
0.000110732
0.000116432
0.000117292
0.000113478
0.000105405
9.37062e-05
7.91939e-05
6.28007e-05
4.5499e-05
2.82344e-05
1.18779e-05
-2.81984e-06
-1.52636e-05
-2.50133e-05
-3.17599e-05
-3.53141e-05
-3.56123e-05
-3.27166e-05
-2.68019e-05
-1.81465e-05
-7.12791e-06
5.79609e-06
2.01213e-05
3.53343e-05
5.09435e-05
6.64936e-05
8.15572e-05
9.57283e-05
0.00010863
0.000119907
0.000129195
0.000136122
0.00014036
0.000141684
0.000139997
0.000135353
0.000127961
0.000118183
0.000106504
9.34973e-05
7.97778e-05
6.59693e-05
5.26715e-05
4.04358e-05
2.97499e-05
2.10305e-05
1.46069e-05
1.06995e-05
9.40787e-06
1.07109e-05
1.44706e-05
2.04357e-05
2.82528e-05
3.74875e-05
4.76425e-05
5.81621e-05
6.84382e-05
7.78338e-05
8.57136e-05
9.14757e-05
9.45983e-05
9.47082e-05
9.16408e-05
8.5467e-05
7.64869e-05
6.52024e-05
5.22699e-05
3.8429e-05
2.44189e-05
1.09224e-05
-1.45445e-06
-1.21955e-05
-2.08955e-05
-2.72751e-05
-3.11819e-05
-3.25935e-05
-3.16227e-05
-2.85107e-05
-2.3599e-05
-1.72832e-05
-9.96529e-06
-2.03001e-06
6.16312e-06
1.42878e-05
2.20524e-05
2.91808e-05
3.53888e-05
4.03846e-05
4.38878e-05
4.56462e-05
4.54522e-05
4.31692e-05
3.87624e-05
3.23061e-05
2.39682e-05
1.39953e-05
2.71588e-06
-9.45677e-06
-2.20379e-05
-3.45007e-05
-4.63093e-05
-5.69513e-05
-6.59706e-05
-7.30055e-05
-7.78212e-05
-8.0325e-05
-8.05684e-05
-7.87467e-05
-7.51892e-05
-7.03257e-05
-6.46443e-05
-5.86603e-05
-5.28976e-05
-4.7866e-05
-4.40312e-05
-4.17827e-05
-4.14158e-05
-4.31285e-05
-4.70228e-05
-5.31037e-05
-6.12829e-05
