-0.0219891
-0.0439943
-0.0659995
-0.0880047
-0.11001
-0.132015
-0.15402
-0.176025
-0.198031
-0.220036
-0.242041
-0.264046
-0.286051
-0.308056
-0.330062
-0.352067
-0.374072
-0.396077
-0.418082
-0.440088
-0.462093
-0.484098
-0.506103
-0.528108
-0.550114
-0.572119
-0.594124
-0.616129
-0.638134
-0.660139
-0.682145
-0.70415
-0.726155
-0.74816
-0.770165
-0.792171
-0.814176
-0.836181
-0.858186
-0.880191
-0.902196
-0.924202
-0.946207
-0.968212
-0.990217
-1.01222
-1.03423
-1.05623
-1.07824
-1.10024
-1.12225
-1.14425
-1.16626
-1.18826
-1.21027
-1.23227
-1.25428
-1.27628
-1.29829
-1.32029
-1.3423
-1.36431
-1.38631
-1.40832
-1.43032
-1.45233
-1.47433
-1.49634
-1.51834
-1.54035
-1.56235
-1.58436
-1.60636
-1.62837
-1.65037
-1.67238
-1.69438
-1.71639
-1.73839
-1.7604
-1.7824
-1.80441
-1.82641
-1.84842
-1.87042
-1.89243
-1.91443
-1.93644
-1.95845
-1.98045
-2.00246
-2.02446
-2.04647
-2.06847
-2.09048
-2.11248
-2.13449
-2.15649
-2.1785
-2.2005
-2.22251
-2.24451
-2.26652
-2.28852
-2.31053
-2.33253
-2.35454
-2.37654
-2.39855
-2.42055
-2.44256
-2.46456
-2.48657
-2.50857
-2.53058
-2.55259
-2.57459
-2.5966
-2.6186
-2.64061
-2.66261
-2.68462
-2.70662
-2.72863
-2.75063
-2.77264
-2.79464
-2.81665
-2.83865
-2.86066
-2.88266
-2.90467
-2.92667
-2.94868
-2.97068
-2.99269
-3.01469
-3.0367
-3.0587
-3.08071
-3.10271
-3.12472
-3.14673
-3.16873
-3.19074
-3.21274
-3.23475
-3.25675
-3.27876
-3.30076
-3.32277
-3.34477
-3.36678
-3.38878
-3.41079
-3.43279
-3.4548
-3.4768
-3.49881
-3.52081
-3.54282
-3.56482
-3.58683
-3.60883
-3.63084
-3.65284
-3.67485
-3.69685
-3.71886
-3.74087
-3.76287
-3.78488
-3.80688
-3.82889
-3.85089
-3.8729
-3.8949
-3.91691
-3.93891
-3.96092
-3.98292
-4.00493
-4.02693
-4.04894
-4.07094
-4.09295
-4.11495
-4.13696
-4.15896
-4.18097
-4.20297
-4.22498
-4.24698
-4.26899
-4.29099
-4.313
-4.33501
-4.35701
-4.37902
-4.40102
-4.42303
-4.44503
-4.46704
-4.48904
-4.51105
-4.53305
-4.55506
-4.57706
-4.59907
-4.62107
-4.64308
-4.66508
-4.68709
-4.70909
-4.7311
-4.7531
-4.77511
-4.79711
-4.81912
-4.84112
-4.86313
-4.88513
-4.90714
-4.92915
-4.95115
-4.97316
-4.99516
-5.01717
-5.03917
-5.06118
-5.08318
-5.10519
-5.12719
-5.1492
-5.1712
-5.19321
-5.21521
-5.23722
-5.25922
-5.28123
-5.30323
-5.32524
-5.34724
-5.36925
-5.39125
-5.41326
-5.43526
-5.45727
-5.47927
-5.50128
-5.52329
-5.54529
-5.5673
-5.5893
-5.61131
-5.63331
-5.65532
-5.67732
-5.69933
-5.72133
-5.74334
-5.76534
-5.78735
-5.80935
-5.83136
-5.85336
-5.87537
-5.89737
-5.91938
-5.94138
-5.96339
-5.98539
-6.0074
-6.0294
-6.05141
-6.07341
-6.09542
-6.11743
-6.13943
-6.16144
-6.18344
-6.20545
-6.22745
-6.24946
-6.27146
-6.29347
-6.31547
-6.33748
-6.35948
-6.38149
-6.40349
-6.4255
-6.4475
-6.46951
-6.49151
-6.51352
-6.53552
-6.55753
-6.57953
-6.60154
-6.62354
-6.64555
-6.66755
-6.68956
-6.71156
-6.73357
-6.75558
-6.77758
-6.79959
-6.82159
-6.8436
-6.8656
-6.88761
-6.90961
-6.93162
-6.95362
-6.97563
-6.99763
-7.01964
-7.04164
-7.06365
-7.08565
-7.10766
-7.12966
-7.15167
-7.17367
-7.19568
-7.21768
-7.23969
-7.26169
-7.2837
-7.3057
-7.32771
-7.34972
-7.37172
-7.39373
-7.41573
-7.43774
-7.45974
-7.48175
-7.50375
-7.52576
-7.54776
-7.56977
-7.59177
-7.61378
-7.63578
-7.65779
-7.67979
-7.7018
-7.7238
-7.74581
-7.76781
-7.78982
-7.81182
-7.83383
-7.85583
-7.87784
-7.89984
-7.92185
-7.94386
-7.96586
-7.98787
-8.00987
-8.03188
-8.05388
-8.07589
-8.09789
-8.1199
-8.1419
-8.16391
-8.18591
-8.20792
-8.22992
-8.25193
-8.27393
-8.29594
-8.31794
-8.33995
-8.36195
-8.38396
-8.40596
-8.42797
-8.44997
-8.47198
-8.49398
-8.51599
-8.538
-8.56
-8.58201
-8.60401
-8.62602
-8.64802
-8.67003
-8.69203
-8.71404
-8.73604
-8.75805
-8.78005
-8.80206
-8.82406
-8.84607
-8.86807
-8.89008
-8.91208
-8.93409
-8.95609
-8.9781
-9.0001
-9.02211
-9.04411
-9.06612
-9.08812
-9.11013
-9.13214
-9.15414
-9.17615
-9.19815
-9.22016
-9.24216
-9.26417
-9.28617
-9.30818
-9.33018
-9.35219
-9.37419
-9.3962
-9.4182
-9.44021
-9.46221
-9.48422
-9.50622
-9.52823
-9.55023
-9.57224
-9.59424
-9.61625
-9.63825
-9.66026
-9.68226
-9.70427
-9.72628
-9.74828
-9.77029
-9.79229
-9.8143
-9.8363
-9.85831
-9.88031
-9.90232
-9.92432
-9.94633
-9.96833
-9.99034
-10.0123
-10.0343
-10.0564
-10.0784
-10.1004
-10.1224
-10.1444
-10.1664
-10.1884
-10.2104
-10.2324
-10.2544
-10.2764
-10.2984
-10.3204
-10.3424
-10.3644
-10.3864
-10.4084
-10.4304
-10.4524
-10.4745
-10.4965
-10.5185
-10.5405
-10.5625
-10.5845
-10.6065
-10.6285
-10.6505
-10.6725
-10.6945
-10.7165
-10.7385
-10.7605
-10.7825
-10.8045
-10.8265
-10.8485
-10.8705
-10.8925
-10.9146
-10.9366
-10.9586
-10.9806
-11.0026
-11.0246
-11.0466
-11.0686
-11.0906
-11.1126
-11.1346
-11.1566
-11.1786
-11.2006
-11.2226
-11.2446
-11.2666
-11.2886
-11.3106
-11.3327
-11.3547
-11.3767
-11.3987
-11.4207
-11.4427
-11.4647
-11.4867
-11.5087
-11.5307
-11.5527
-11.5747
-11.5967
-11.6187
-11.6407
-11.6627
-11.6847
-11.7067
-11.7287
-11.7508
-11.7728
-11.7948
-11.8168
-11.8388
-11.8608
-11.8828
-11.9048
-11.9268
-11.9488
-11.9708
-11.9928
-12.0148
-12.0368
-12.0588
-12.0808
-12.1028
-12.1248
-12.1468
-12.1689
-12.1909
-12.2129
-12.2349
-12.2569
-12.2789
-12.3009
-12.3229
-12.3449
-12.3669
-12.3889
-12.4109
-12.4329
-12.4549
-12.4769
-12.4989
-12.5209
-12.5429
-12.5649
-12.5869
-12.609
-12.631
-12.653
-12.675
-12.697
-12.719
-12.741
-12.763
-12.785
-12.807
-12.829
-12.851
-12.873
-12.895
-12.917
-12.939
-12.961
-12.983
-13.005
-13.0271
-13.0491
-13.0711
-13.0931
-13.1151
-13.1371
-13.1591
-13.1811
-13.2031
-13.2251
-13.2471
-13.2691
-13.2911
-13.3131
-13.3351
-13.3571
-13.3791
-13.4011
-13.4231
-13.4452
-13.4672
