# Pushover Curve - Twin Towers V9 Stick Model
# Col1: Roof Displacement (cm)  Col2: Base Shear (kN)
0.00000000 0.00000000
0.01000000 0.02198910
0.02000000 0.04399429
0.03000000 0.06599947
0.04000000 0.08800466
0.05000000 0.11000984
0.06000000 0.13201502
0.07000000 0.15402021
0.08000000 0.17602539
0.09000000 0.19803057
0.10000000 0.22003576
0.11000000 0.24204094
0.12000000 0.26404613
0.13000000 0.28605131
0.14000000 0.30805649
0.15000000 0.33006168
0.16000000 0.35206686
0.17000000 0.37407204
0.18000000 0.39607723
0.19000000 0.41808241
0.20000000 0.44008760
0.21000000 0.46209278
0.22000000 0.48409796
0.23000000 0.50610315
0.24000000 0.52810833
0.25000000 0.55011351
0.26000000 0.57211870
0.27000000 0.59412388
0.28000000 0.61612907
0.29000000 0.63813425
0.30000000 0.66013943
0.31000000 0.68214462
0.32000000 0.70414980
0.33000000 0.72615498
0.34000000 0.74816017
0.35000000 0.77016535
0.36000000 0.79217054
0.37000000 0.81417572
0.38000000 0.83618090
0.39000000 0.85818609
0.40000000 0.88019127
0.41000000 0.90219645
0.42000000 0.92420164
0.43000000 0.94620682
0.44000000 0.96821201
0.45000000 0.99021719
0.46000000 1.01222237
0.47000000 1.03422756
0.48000000 1.05623274
0.49000000 1.07823792
0.50000000 1.10024311
0.51000000 1.12224829
0.52000000 1.14425348
0.53000000 1.16625866
0.54000000 1.18826384
0.55000000 1.21026903
0.56000000 1.23227421
0.57000000 1.25427940
0.58000000 1.27628458
0.59000000 1.29828976
0.60000000 1.32029495
0.61000000 1.34230013
0.62000000 1.36430531
0.63000000 1.38631050
0.64000000 1.40831568
0.65000000 1.43032087
0.66000000 1.45232605
0.67000000 1.47433123
0.68000000 1.49633642
0.69000000 1.51834160
0.70000000 1.54034678
0.71000000 1.56235197
0.72000000 1.58435715
0.73000000 1.60636234
0.74000000 1.62836752
0.75000000 1.65037270
0.76000000 1.67237789
0.77000000 1.69438307
0.78000000 1.71638825
0.79000000 1.73839344
0.80000000 1.76039862
0.81000000 1.78240381
0.82000000 1.80440899
0.83000000 1.82641417
0.84000000 1.84841936
0.85000000 1.87042454
0.86000000 1.89242972
0.87000000 1.91443491
0.88000000 1.93644009
0.89000000 1.95844528
0.90000000 1.98045046
0.91000000 2.00245564
0.92000000 2.02446083
0.93000000 2.04646601
0.94000000 2.06847119
0.95000000 2.09047638
0.96000000 2.11248156
0.97000000 2.13448675
0.98000000 2.15649193
0.99000000 2.17849711
1.00000000 2.20050230
1.01000000 2.22250748
1.02000000 2.24451266
1.03000000 2.26651785
1.04000000 2.28852303
1.05000000 2.31052822
1.06000000 2.33253340
1.07000000 2.35453858
1.08000000 2.37654377
1.09000000 2.39854895
1.10000000 2.42055413
1.11000000 2.44255932
1.12000000 2.46456450
1.13000000 2.48656969
1.14000000 2.50857487
1.15000000 2.53058005
1.16000000 2.55258524
1.17000000 2.57459042
1.18000000 2.59659560
1.19000000 2.61860079
1.20000000 2.64060597
1.21000000 2.66261116
1.22000000 2.68461634
1.23000000 2.70662152
1.24000000 2.72862671
1.25000000 2.75063189
1.26000000 2.77263707
1.27000000 2.79464226
1.28000000 2.81664744
1.29000000 2.83865263
1.30000000 2.86065781
1.31000000 2.88266299
1.32000000 2.90466818
1.33000000 2.92667336
1.34000000 2.94867854
1.35000000 2.97068373
1.36000000 2.99268891
1.37000000 3.01469410
1.38000000 3.03669928
1.39000000 3.05870446
1.40000000 3.08070965
1.41000000 3.10271483
1.42000000 3.12472001
1.43000000 3.14672520
1.44000000 3.16873038
1.45000000 3.19073557
1.46000000 3.21274075
1.47000000 3.23474593
1.48000000 3.25675112
1.49000000 3.27875630
1.50000000 3.30076148
1.51000000 3.32276667
1.52000000 3.34477185
1.53000000 3.36677704
1.54000000 3.38878222
1.55000000 3.41078740
1.56000000 3.43279259
1.57000000 3.45479777
1.58000000 3.47680295
1.59000000 3.49880814
1.60000000 3.52081332
1.61000000 3.54281851
1.62000000 3.56482369
1.63000000 3.58682887
1.64000000 3.60883406
1.65000000 3.63083924
1.66000000 3.65284442
1.67000000 3.67484961
1.68000000 3.69685479
1.69000000 3.71885998
1.70000000 3.74086516
1.71000000 3.76287034
1.72000000 3.78487553
1.73000000 3.80688071
1.74000000 3.82888590
1.75000000 3.85089108
1.76000000 3.87289626
1.77000000 3.89490145
1.78000000 3.91690663
1.79000000 3.93891181
1.80000000 3.96091700
1.81000000 3.98292218
1.82000000 4.00492737
1.83000000 4.02693255
1.84000000 4.04893773
1.85000000 4.07094292
1.86000000 4.09294810
1.87000000 4.11495328
1.88000000 4.13695847
1.89000000 4.15896365
1.90000000 4.18096884
1.91000000 4.20297402
1.92000000 4.22497920
1.93000000 4.24698439
1.94000000 4.26898957
1.95000000 4.29099475
1.96000000 4.31299994
1.97000000 4.33500512
1.98000000 4.35701031
1.99000000 4.37901549
2.00000000 4.40102067
2.01000000 4.42302586
2.02000000 4.44503104
2.03000000 4.46703622
2.04000000 4.48904141
2.05000000 4.51104659
2.06000000 4.53305178
2.07000000 4.55505696
2.08000000 4.57706214
2.09000000 4.59906733
2.10000000 4.62107251
2.11000000 4.64307769
2.12000000 4.66508288
2.13000000 4.68708806
2.14000000 4.70909325
2.15000000 4.73109843
2.16000000 4.75310361
2.17000000 4.77510880
2.18000000 4.79711398
2.19000000 4.81911916
2.20000000 4.84112435
2.21000000 4.86312953
2.22000000 4.88513472
2.23000000 4.90713990
2.24000000 4.92914508
2.25000000 4.95115027
2.26000000 4.97315545
2.27000000 4.99516063
2.28000000 5.01716582
2.29000000 5.03917100
2.30000000 5.06117619
2.31000000 5.08318137
2.32000000 5.10518655
2.33000000 5.12719174
2.34000000 5.14919692
2.35000000 5.17120210
2.36000000 5.19320729
2.37000000 5.21521247
2.38000000 5.23721766
2.39000000 5.25922284
2.40000000 5.28122802
2.41000000 5.30323321
2.42000000 5.32523839
2.43000000 5.34724357
2.44000000 5.36924876
2.45000000 5.39125394
2.46000000 5.41325913
2.47000000 5.43526431
2.48000000 5.45726949
2.49000000 5.47927468
2.50000000 5.50127986
2.51000000 5.52328504
2.52000000 5.54529023
2.53000000 5.56729541
2.54000000 5.58930060
2.55000000 5.61130578
2.56000000 5.63331096
2.57000000 5.65531615
2.58000000 5.67732133
2.59000000 5.69932651
2.60000000 5.72133170
2.61000000 5.74333688
2.62000000 5.76534207
2.63000000 5.78734725
2.64000000 5.80935243
2.65000000 5.83135762
2.66000000 5.85336280
2.67000000 5.87536798
2.68000000 5.89737317
2.69000000 5.91937835
2.70000000 5.94138354
2.71000000 5.96338872
2.72000000 5.98539390
2.73000000 6.00739909
2.74000000 6.02940427
2.75000000 6.05140945
2.76000000 6.07341464
2.77000000 6.09541982
2.78000000 6.11742501
2.79000000 6.13943019
2.80000000 6.16143537
2.81000000 6.18344056
2.82000000 6.20544574
2.83000000 6.22745092
2.84000000 6.24945611
2.85000000 6.27146129
2.86000000 6.29346648
2.87000000 6.31547166
2.88000000 6.33747684
2.89000000 6.35948203
2.90000000 6.38148721
2.91000000 6.40349240
2.92000000 6.42549758
2.93000000 6.44750276
2.94000000 6.46950795
2.95000000 6.49151313
2.96000000 6.51351831
2.97000000 6.53552350
2.98000000 6.55752868
2.99000000 6.57953387
3.00000000 6.60153905
3.01000000 6.62354423
3.02000000 6.64554942
3.03000000 6.66755460
3.04000000 6.68955978
3.05000000 6.71156497
3.06000000 6.73357015
3.07000000 6.75557534
3.08000000 6.77758052
3.09000000 6.79958570
3.10000000 6.82159089
3.11000000 6.84359607
3.12000000 6.86560125
3.13000000 6.88760644
3.14000000 6.90961162
3.15000000 6.93161681
3.16000000 6.95362199
3.17000000 6.97562717
3.18000000 6.99763236
3.19000000 7.01963754
3.20000000 7.04164272
3.21000000 7.06364791
3.22000000 7.08565309
3.23000000 7.10765828
3.24000000 7.12966346
3.25000000 7.15166864
3.26000000 7.17367383
3.27000000 7.19567901
3.28000000 7.21768419
3.29000000 7.23968938
3.30000000 7.26169456
3.31000000 7.28369975
3.32000000 7.30570493
3.33000000 7.32771011
3.34000000 7.34971530
3.35000000 7.37172048
3.36000000 7.39372566
3.37000000 7.41573085
3.38000000 7.43773603
3.39000000 7.45974122
3.40000000 7.48174640
3.41000000 7.50375158
3.42000000 7.52575677
3.43000000 7.54776195
3.44000000 7.56976713
3.45000000 7.59177232
3.46000000 7.61377750
3.47000000 7.63578269
3.48000000 7.65778787
3.49000000 7.67979305
3.50000000 7.70179824
3.51000000 7.72380342
3.52000000 7.74580860
3.53000000 7.76781379
3.54000000 7.78981897
3.55000000 7.81182416
3.56000000 7.83382934
3.57000000 7.85583452
3.58000000 7.87783971
3.59000000 7.89984489
3.60000000 7.92185007
3.61000000 7.94385526
3.62000000 7.96586044
3.63000000 7.98786563
3.64000000 8.00987081
3.65000000 8.03187599
3.66000000 8.05388118
3.67000000 8.07588636
3.68000000 8.09789154
3.69000000 8.11989673
3.70000000 8.14190191
3.71000000 8.16390710
3.72000000 8.18591228
3.73000000 8.20791746
3.74000000 8.22992265
3.75000000 8.25192783
3.76000000 8.27393301
3.77000000 8.29593820
3.78000000 8.31794338
3.79000000 8.33994857
3.80000000 8.36195375
3.81000000 8.38395893
3.82000000 8.40596412
3.83000000 8.42796930
3.84000000 8.44997448
3.85000000 8.47197967
3.86000000 8.49398485
3.87000000 8.51599004
3.88000000 8.53799522
3.89000000 8.56000040
3.90000000 8.58200559
3.91000000 8.60401077
3.92000000 8.62601595
3.93000000 8.64802114
3.94000000 8.67002632
3.95000000 8.69203151
3.96000000 8.71403669
3.97000000 8.73604187
3.98000000 8.75804706
3.99000000 8.78005224
4.00000000 8.80205742
4.01000000 8.82406261
4.02000000 8.84606779
4.03000000 8.86807298
4.04000000 8.89007816
4.05000000 8.91208334
4.06000000 8.93408853
4.07000000 8.95609371
4.08000000 8.97809890
4.09000000 9.00010408
4.10000000 9.02210926
4.11000000 9.04411445
4.12000000 9.06611963
4.13000000 9.08812481
4.14000000 9.11013000
4.15000000 9.13213518
4.16000000 9.15414037
4.17000000 9.17614555
4.18000000 9.19815073
4.19000000 9.22015592
4.20000000 9.24216110
4.21000000 9.26416628
4.22000000 9.28617147
4.23000000 9.30817665
4.24000000 9.33018184
4.25000000 9.35218702
4.26000000 9.37419220
4.27000000 9.39619739
4.28000000 9.41820257
4.29000000 9.44020775
4.30000000 9.46221294
4.31000000 9.48421812
4.32000000 9.50622331
4.33000000 9.52822849
4.34000000 9.55023367
4.35000000 9.57223886
4.36000000 9.59424404
4.37000000 9.61624922
4.38000000 9.63825441
4.39000000 9.66025959
4.40000000 9.68226478
4.41000000 9.70426996
4.42000000 9.72627514
4.43000000 9.74828033
4.44000000 9.77028551
4.45000000 9.79229069
4.46000000 9.81429588
4.47000000 9.83630106
4.48000000 9.85830625
4.49000000 9.88031143
4.50000000 9.90231661
4.51000000 9.92432180
4.52000000 9.94632698
4.53000000 9.96833216
4.54000000 9.99033735
4.55000000 10.01234253
4.56000000 10.03434772
4.57000000 10.05635290
4.58000000 10.07835808
4.59000000 10.10036327
4.60000000 10.12236845
4.61000000 10.14437363
4.62000000 10.16637882
4.63000000 10.18838400
4.64000000 10.21038919
4.65000000 10.23239437
4.66000000 10.25439955
4.67000000 10.27640474
4.68000000 10.29840992
4.69000000 10.32041510
4.70000000 10.34242029
4.71000000 10.36442547
4.72000000 10.38643066
4.73000000 10.40843584
4.74000000 10.43044102
4.75000000 10.45244621
4.76000000 10.47445139
4.77000000 10.49645657
4.78000000 10.51846176
4.79000000 10.54046694
4.80000000 10.56247213
4.81000000 10.58447731
4.82000000 10.60648249
4.83000000 10.62848768
4.84000000 10.65049286
4.85000000 10.67249804
4.86000000 10.69450323
4.87000000 10.71650841
4.88000000 10.73851360
4.89000000 10.76051878
4.90000000 10.78252396
4.91000000 10.80452915
4.92000000 10.82653433
4.93000000 10.84853951
4.94000000 10.87054470
4.95000000 10.89254988
4.96000000 10.91455507
4.97000000 10.93656025
4.98000000 10.95856543
4.99000000 10.98057062
5.00000000 11.00257580
5.01000000 11.02458098
5.02000000 11.04658617
5.03000000 11.06859135
5.04000000 11.09059654
5.05000000 11.11260172
5.06000000 11.13460690
5.07000000 11.15661209
5.08000000 11.17861727
5.09000000 11.20062245
5.10000000 11.22262764
5.11000000 11.24463282
5.12000000 11.26663801
5.13000000 11.28864319
5.14000000 11.31064837
5.15000000 11.33265356
5.16000000 11.35465874
5.17000000 11.37666393
5.18000000 11.39866911
5.19000000 11.42067429
5.20000000 11.44267948
5.21000000 11.46468466
5.22000000 11.48668984
5.23000000 11.50869503
5.24000000 11.53070021
5.25000000 11.55270540
5.26000000 11.57471058
5.27000000 11.59671576
5.28000000 11.61872095
5.29000000 11.64072613
5.30000000 11.66273131
5.31000000 11.68473650
5.32000000 11.70674168
5.33000000 11.72874687
5.34000000 11.75075205
5.35000000 11.77275723
5.36000000 11.79476242
5.37000000 11.81676760
5.38000000 11.83877278
5.39000000 11.86077797
5.40000000 11.88278315
5.41000000 11.90478834
5.42000000 11.92679352
5.43000000 11.94879870
5.44000000 11.97080389
5.45000000 11.99280907
5.46000000 12.01481425
5.47000000 12.03681944
5.48000000 12.05882462
5.49000000 12.08082981
5.50000000 12.10283499
5.51000000 12.12484017
5.52000000 12.14684536
5.53000000 12.16885054
5.54000000 12.19085572
5.55000000 12.21286091
5.56000000 12.23486609
5.57000000 12.25687128
5.58000000 12.27887646
5.59000000 12.30088164
5.60000000 12.32288683
5.61000000 12.34489201
5.62000000 12.36689719
5.63000000 12.38890238
5.64000000 12.41090756
5.65000000 12.43291275
5.66000000 12.45491793
5.67000000 12.47692311
5.68000000 12.49892830
5.69000000 12.52093348
5.70000000 12.54293866
5.71000000 12.56494385
5.72000000 12.58694903
5.73000000 12.60895422
5.74000000 12.63095940
5.75000000 12.65296458
5.76000000 12.67496977
5.77000000 12.69697495
5.78000000 12.71898013
5.79000000 12.74098532
5.80000000 12.76299050
5.81000000 12.78499569
5.82000000 12.80700087
5.83000000 12.82900605
5.84000000 12.85101124
5.85000000 12.87301642
5.86000000 12.89502160
5.87000000 12.91702679
5.88000000 12.93903197
5.89000000 12.96103716
5.90000000 12.98304234
5.91000000 13.00504752
5.92000000 13.02705271
5.93000000 13.04905789
5.94000000 13.07106307
5.95000000 13.09306826
5.96000000 13.11507344
5.97000000 13.13707863
5.98000000 13.15908381
5.99000000 13.18108899
6.00000000 13.20309418
6.01000000 13.22509936
6.02000000 13.24710454
6.03000000 13.26910973
6.04000000 13.29111491
6.05000000 13.31312010
6.06000000 13.33512528
6.07000000 13.35713046
6.08000000 13.37913565
6.09000000 13.40114083
6.10000000 13.42314601
6.11000000 13.44515120
6.12000000 13.46715638
