-8.64708e-10
-3.54309e-09
-7.16019e-09
-1.06999e-08
-1.39961e-08
-1.71229e-08
-2.0857e-08
-2.60652e-08
-3.26531e-08
-3.96752e-08
-4.62608e-08
-5.19493e-08
-5.66928e-08
-6.09706e-08
-6.53044e-08
-6.97073e-08
-7.3708e-08
-7.66845e-08
-7.82649e-08
-7.84992e-08
-7.77773e-08
-7.65501e-08
-7.49754e-08
-7.28449e-08
-6.98374e-08
-6.59643e-08
-6.1216e-08
-5.58275e-08
-5.04459e-08
-4.52594e-08
-4.0177e-08
-3.50854e-08
-2.98824e-08
-2.47741e-08
-2.00122e-08
-1.57753e-08
-1.23766e-08
-9.8004e-09
-7.84636e-09
-6.38332e-09
-5.47841e-09
-5.22812e-09
-5.56063e-09
-6.69814e-09
-8.63679e-09
-1.13687e-08
-1.47354e-08
-1.80786e-08
-2.14858e-08
-2.52449e-08
-2.91708e-08
-3.31971e-08
-3.73254e-08
-4.14872e-08
-4.55158e-08
-4.86625e-08
-5.12392e-08
-5.35014e-08
-5.49908e-08
-5.62106e-08
-5.71297e-08
-5.75326e-08
-5.74273e-08
-5.66623e-08
-5.46489e-08
-5.15626e-08
-4.84588e-08
-4.56313e-08
-4.29305e-08
-4.01334e-08
-3.6861e-08
-3.30703e-08
-2.92907e-08
-2.51504e-08
-2.05739e-08
-1.76134e-08
-1.65062e-08
-1.48495e-08
-1.21075e-08
-9.33772e-09
-7.23219e-09
-6.8643e-09
-8.02374e-09
-8.93845e-09
-9.03245e-09
-8.09197e-09
-8.35605e-09
-1.14034e-08
-1.47282e-08
-1.7124e-08
-1.8622e-08
-1.94725e-08
-2.11687e-08
-2.48575e-08
-2.90515e-08
-3.22489e-08
-3.38847e-08
-3.46447e-08
-3.53517e-08
-3.57175e-08
-3.7555e-08
-4.02096e-08
-4.11788e-08
-4.092e-08
-3.9097e-08
-3.58818e-08
-3.29604e-08
-3.08295e-08
-2.93668e-08
-2.77734e-08
-2.49411e-08
-2.0133e-08
-1.47538e-08
-1.18067e-08
-1.05e-08
-8.56215e-09
-5.47112e-09
-3.05887e-09
-6.07956e-10
1.43706e-09
8.58293e-10
4.25708e-10
7.16904e-10
1.03478e-09
4.68702e-10
-4.27909e-10
-1.57222e-09
-4.55715e-09
-7.47521e-09
-8.33015e-09
-8.88485e-09
-1.0757e-08
-1.31856e-08
-1.51658e-08
-1.62178e-08
-1.65948e-08
-1.56133e-08
-1.46615e-08
-1.53681e-08
-1.54132e-08
-1.3781e-08
-1.11653e-08
-8.24848e-09
-6.35161e-09
-5.81947e-09
-5.13358e-09
-5.48625e-09
-1.09884e-08
-1.60459e-08
-1.57408e-08
-1.50633e-08
-1.57715e-08
-1.7806e-08
-2.21331e-08
-2.81003e-08
-3.3742e-08
-3.57493e-08
-3.16072e-08
-2.53355e-08
-2.23883e-08
-2.3055e-08
-2.52598e-08
-2.54262e-08
-1.99976e-08
-1.14906e-08
-5.43955e-09
-3.25397e-09
-3.1855e-09
-2.62042e-09
2.35538e-09
1.04595e-08
1.53676e-08
1.62128e-08
1.51137e-08
1.59141e-08
1.93794e-08
2.47238e-08
3.8349e-07
1.11262e-06
1.47594e-06
1.43378e-06
1.32496e-06
1.24764e-06
1.48612e-06
2.07239e-06
2.61535e-06
2.77227e-06
2.56723e-06
2.17706e-06
1.78979e-06
1.59706e-06
1.60494e-06
1.61129e-06
1.42568e-06
1.0077e-06
4.49053e-07
-9.38914e-08
-4.89373e-07
-7.16741e-07
-8.74863e-07
-1.08367e-06
-1.39416e-06
-1.76755e-06
-2.1017e-06
-2.29995e-06
-2.34164e-06
-2.27988e-06
-2.19814e-06
-2.15446e-06
-2.13327e-06
-2.0759e-06
-1.92813e-06
-1.67165e-06
-1.346e-06
-1.01129e-06
-7.09125e-07
-4.41774e-07
-1.82122e-07
9.59705e-08
4.00645e-07
7.13112e-07
9.96793e-07
1.22196e-06
1.38474e-06
1.49837e-06
1.5807e-06
1.64331e-06
1.67687e-06
1.66195e-06
1.58833e-06
1.46167e-06
1.29484e-06
1.09808e-06
8.80396e-07
6.52621e-07
4.17211e-07
1.64394e-07
-1.06863e-07
8.665e-08
7.93246e-07
1.04152e-06
7.78718e-07
4.58249e-07
2.02803e-07
3.92066e-07
1.07731e-06
1.74304e-06
1.93969e-06
1.70213e-06
1.2597e-06
8.51373e-07
7.29172e-07
9.04201e-07
1.10092e-06
1.0592e-06
7.2386e-07
2.11653e-07
-2.75318e-07
-5.63166e-07
-6.30698e-07
-6.27163e-07
-7.19776e-07
-9.70292e-07
-1.32395e-06
-1.64924e-06
-1.82516e-06
-1.82751e-06
-1.73287e-06
-1.64997e-06
-1.64488e-06
-1.69867e-06
-1.73359e-06
-1.67168e-06
-1.48689e-06
-1.22936e-06
-9.73943e-07
-7.67601e-07
-6.13659e-07
-4.75622e-07
-3.02699e-07
-7.53738e-08
1.77745e-07
4.09414e-07
5.8582e-07
6.99796e-07
7.71741e-07
8.32559e-07
8.98766e-07
9.6134e-07
9.9191e-07
9.70065e-07
8.97795e-07
7.85402e-07
6.52951e-07
5.20529e-07
3.87594e-07
2.44282e-07
7.88679e-08
-1.1057e-07
-3.02521e-07
-4.86549e-07
-6.5895e-07
-8.07657e-07
-9.40688e-07
-1.06384e-06
-1.16994e-06
-1.25408e-06
-1.31381e-06
-1.34512e-06
-1.34527e-06
-1.32121e-06
-1.27826e-06
-1.21331e-06
-1.1272e-06
-1.02134e-06
-8.98244e-07
-7.61326e-07
-6.14426e-07
-4.66689e-07
-3.1804e-07
-1.68165e-07
-2.59548e-08
1.09523e-07
2.38453e-07
3.5167e-07
4.45668e-07
5.20626e-07
5.77632e-07
6.13052e-07
6.26222e-07
6.16299e-07
5.83098e-07
5.36643e-07
4.74791e-07
3.93782e-07
2.98397e-07
1.88171e-07
6.55429e-08
-5.73077e-08
-1.75899e-07
-2.9276e-07
-4.04258e-07
-5.11711e-07
-6.13956e-07
-7.08111e-07
-7.90491e-07
-8.49841e-07
-8.875e-07
-9.09412e-07
-9.13784e-07
-9.04792e-07
-8.87521e-07
-8.54455e-07
-7.99016e-07
-7.28039e-07
-6.43949e-07
-5.46759e-07
-4.47344e-07
-3.49463e-07
-2.49392e-07
-1.47856e-07
-5.17704e-08
4.2845e-08
1.39818e-07
2.27925e-07
3.01094e-07
3.56407e-07
3.96399e-07
4.24534e-07
4.41292e-07
4.46861e-07
4.42947e-07
4.25048e-07
3.86394e-07
3.31328e-07
2.66746e-07
1.94652e-07
1.18948e-07
3.97719e-08
-4.80165e-08
-1.39807e-07
-2.30706e-07
-3.2131e-07
-4.079e-07
-4.85253e-07
-5.51029e-07
-6.06151e-07
-6.52052e-07
-6.89106e-07
-7.1554e-07
-7.26713e-07
-7.23664e-07
-7.05513e-07
-6.68491e-07
-6.20524e-07
-5.72236e-07
-5.18417e-07
-4.5194e-07
-3.76786e-07
-2.92291e-07
-2.02425e-07
-1.18905e-07
-4.61423e-08
2.01838e-08
8.86028e-08
1.57911e-07
2.20144e-07
2.72891e-07
3.12722e-07
3.35902e-07
3.4886e-07
3.53907e-07
3.46096e-07
3.30617e-07
3.11032e-07
2.80955e-07
2.35771e-07
1.77417e-07
1.12104e-07
4.74966e-08
-1.30844e-08
-7.61e-08
-1.51329e-07
-2.24215e-07
-2.88018e-07
-3.51926e-07
-4.04347e-07
-4.4737e-07
-4.8724e-07
-5.18322e-07
-5.38458e-07
-5.49658e-07
-5.49608e-07
-5.3317e-07
-5.02608e-07
-4.64919e-07
-4.23882e-07
-3.78654e-07
-3.28393e-07
-2.6905e-07
-1.96708e-07
-1.1577e-07
-3.62257e-08
3.2827e-08
8.82309e-08
1.35576e-07
1.85999e-07
2.43465e-07
2.9687e-07
3.32568e-07
3.48396e-07
3.47838e-07
3.34588e-07
3.20374e-07
3.04837e-07
2.78677e-07
2.42623e-07
1.96305e-07
1.38236e-07
7.09367e-08
2.51187e-09
-6.01305e-08
-1.16957e-07
-1.68532e-07
-2.17309e-07
-2.72492e-07
-3.32042e-07
-3.79484e-07
-4.07133e-07
-4.21538e-07
-4.25139e-07
-4.18711e-07
-4.14064e-07
-4.07645e-07
-3.86094e-07
-3.52582e-07
-3.08342e-07
-2.51789e-07
-1.93845e-07
-1.42948e-07
-9.18978e-08
-3.45784e-08
2.15525e-08
6.53792e-08
1.06541e-07
1.50992e-07
1.9015e-07
2.23272e-07
2.46204e-07
2.55516e-07
2.52387e-07
2.46982e-07
2.40238e-07
2.27972e-07
2.13926e-07
1.95122e-07
1.70269e-07
1.46993e-07
1.30927e-07
1.25494e-07
1.36529e-07
1.70117e-07
2.35057e-07
3.39038e-07
4.75897e-07
6.27624e-07
7.68543e-07
8.75248e-07
9.39462e-07
9.27517e-07
7.5723e-07
3.68191e-07
-1.94262e-07
-7.89984e-07
-1.3044e-06
-1.71202e-06
-2.01013e-06
-2.15738e-06
-1.98793e-06
-1.30805e-06
-3.28079e-07
4.28626e-07
8.16678e-07
1.09113e-06
1.58865e-06
2.70185e-06
4.53334e-06
6.67289e-06
8.86434e-06
1.15837e-05
1.52712e-05
1.98172e-05
2.53e-05
3.12964e-05
3.61857e-05
3.94955e-05
4.30324e-05
4.77039e-05
5.17709e-05
5.42112e-05
5.58618e-05
5.66967e-05
5.65567e-05
5.68823e-05
5.81672e-05
5.8527e-05
5.63925e-05
5.18576e-05
4.56911e-05
3.85513e-05
3.06916e-05
2.18721e-05
1.25213e-05
4.3051e-06
-1.8769e-06
-7.76039e-06
-1.69151e-05
-2.98597e-05
-4.15564e-05
-4.72965e-05
-4.74274e-05
-4.55113e-05
-4.44637e-05
-4.49862e-05
-4.64088e-05
-4.60429e-05
-4.12606e-05
-3.37106e-05
-2.7313e-05
-2.29444e-05
-1.67642e-05
-4.70185e-06
1.17477e-05
2.81525e-05
4.24664e-05
5.46152e-05
6.57249e-05
7.77486e-05
9.19622e-05
0.000107528
0.000120759
0.000129814
0.000137805
0.000144785
0.000145772
0.000140106
0.000132186
0.000124675
0.000119086
0.000116511
0.000112427
0.000100552
8.1418e-05
6.00103e-05
3.875e-05
1.70113e-05
-5.41226e-06
-2.63464e-05
-4.28424e-05
-5.6699e-05
-7.28758e-05
-9.12463e-05
-0.000108177
-0.00012103
-0.000126882
-0.000125424
-0.000120917
-0.000117503
-0.000116457
-0.000115195
-0.000109832
-9.97746e-05
-8.62013e-05
-7.21092e-05
-6.08126e-05
-5.12476e-05
-4.1165e-05
-3.03633e-05
-1.88871e-05
-7.16457e-06
3.18165e-06
1.04174e-05
1.34783e-05
1.4463e-05
1.74411e-05
2.33066e-05
3.03248e-05
3.6346e-05
3.99981e-05
4.00123e-05
3.51142e-05
2.85669e-05
2.57253e-05
2.62364e-05
2.61925e-05
2.46762e-05
2.23819e-05
2.01421e-05
1.93163e-05
1.83685e-05
1.61151e-05
1.5074e-05
1.67183e-05
2.00094e-05
2.39421e-05
2.76684e-05
2.92508e-05
2.7414e-05
2.36351e-05
1.96925e-05
1.45345e-05
6.43113e-06
-4.11219e-06
-1.54615e-05
-2.78443e-05
-4.33769e-05
-6.14272e-05
-7.94493e-05
-9.80969e-05
-0.000118393
-0.000138116
-0.000154442
-0.000166675
-0.000175855
-0.000182959
-0.000188248
-0.000190652
-0.000187571
-0.000177073
-0.000160079
-0.000139966
-0.000119637
-9.91272e-05
-7.70405e-05
-5.24115e-05
-2.49436e-05
4.04183e-06
3.24768e-05
5.8609e-05
8.159e-05
0.000101594
0.000117741
0.0001299
0.000140152
0.000149137
0.000154778
0.000155379
0.000151556
0.000143739
0.00013186
0.000117665
0.000103557
9.0678e-05
7.75067e-05
6.18711e-05
4.38752e-05
2.41924e-05
4.69172e-06
-1.16578e-05
-2.45442e-05
-3.6823e-05
-5.20745e-05
-7.09284e-05
-9.0994e-05
-0.000109296
-0.000122841
-0.000131083
-0.000136979
-0.000143838
-0.000151655
-0.000156977
-0.000157261
-0.000152315
-0.000142881
-0.00013088
-0.000117958
-0.000103722
-8.70281e-05
-6.78228e-05
-4.7597e-05
-2.84822e-05
-1.11121e-05
5.42202e-06
2.10798e-05
3.58413e-05
4.99294e-05
6.24515e-05
7.26478e-05
7.93765e-05
8.19653e-05
8.2425e-05
8.32404e-05
8.48038e-05
8.55137e-05
8.33552e-05
7.90142e-05
7.45852e-05
7.05733e-05
6.7514e-05
6.5704e-05
6.32665e-05
5.66702e-05
4.42718e-05
2.82699e-05
1.16376e-05
-4.32232e-06
-2.03515e-05
-3.92101e-05
-6.37204e-05
-9.27824e-05
-0.000121692
-0.000146936
-0.000167971
-0.000185881
-0.000202405
-0.000217266
-0.000227309
-0.000231047
-0.000229528
-0.000224362
-0.000216507
-0.000204401
-0.000186222
-0.000161685
-0.000130515
-9.39578e-05
-5.49421e-05
-1.47799e-05
2.72969e-05
7.16524e-05
0.000117357
0.000163799
0.000209946
0.00025199
0.000285208
0.000309353
0.00032672
0.000336218
0.000337354
0.000332241
0.000320048
0.000297814
0.000265864
0.00022771
0.000186923
0.000145029
0.000101318
5.59021e-05
9.29316e-06
-3.8507e-05
-8.604e-05
-0.000131172
-0.000172339
-0.000208531
-0.000238613
-0.000261882
-0.000279644
-0.000293256
-0.000301763
-0.000303052
-0.000295141
-0.000277885
-0.000252834
-0.000222318
-0.000189545
-0.000155225
-0.000118388
-7.92566e-05
-3.8365e-05
3.36282e-06
4.58079e-05
8.73514e-05
0.000123968
0.000153231
0.000174612
0.00019095
0.000206126
0.000218999
0.000225692
0.000223836
0.000213715
0.000198182
0.000178218
0.000152625
0.000122946
9.04883e-05
5.39873e-05
1.52367e-05
-2.15461e-05
-5.457e-05
-8.44735e-05
-0.000113459
-0.000142559
-0.000170535
-0.00019557
-0.000213066
-0.000218561
-0.000215984
-0.000212394
-0.000207994
-0.000199508
-0.000185217
-0.000165366
-0.000141513
-0.000114569
-8.54072e-05
-5.48807e-05
-2.2452e-05
1.12457e-05
4.25118e-05
6.92048e-05
9.25117e-05
0.000113234
0.00013184
0.000147641
0.000157365
0.000159478
0.000156306
0.000150935
0.000144204
0.000134827
0.00012236
0.00010586
8.33546e-05
5.45833e-05
2.23537e-05
-8.57581e-06
-3.67396e-05
-6.33189e-05
-9.04234e-05
-0.000121202
-0.000155654
-0.000190902
-0.000223967
-0.000250936
-0.000268706
-0.00027932
-0.000287715
-0.00029679
-0.000304766
-0.000306458
-0.00030083
-0.000290227
-0.000274085
-0.000252807
-0.000229458
-0.000205302
-0.000179488
-0.000149966
-0.000116744
-8.46503e-05
-5.51344e-05
-2.41667e-05
9.12291e-06
4.37254e-05
7.85074e-05
0.000110584
0.000138566
0.000162062
0.000180153
0.000192985
0.000202022
0.000208074
0.000210123
0.000207103
0.0001981
0.000183089
0.000165507
0.000151455
0.000142758
0.00013427
0.000122518
0.000107842
9.35037e-05
8.59355e-05
8.80577e-05
9.77047e-05
0.000108358
0.000112073
0.00010772
0.000101028
9.78292e-05
9.95666e-05
0.000102941
0.000103145
9.86139e-05
9.1053e-05
8.09539e-05
6.81162e-05
5.60063e-05
4.81657e-05
4.16921e-05
3.2936e-05
2.33673e-05
1.68983e-05
1.67499e-05
2.12314e-05
2.60784e-05
3.09636e-05
3.88038e-05
5.24893e-05
7.08363e-05
9.16081e-05
0.000117293
0.000147187
0.000176388
0.000204786
0.000233772
0.000264408
0.000299975
0.000339068
0.000375594
0.000408751
0.000438903
0.000461176
0.000474462
0.000483086
0.000489295
0.000492407
0.000489702
0.000478309
0.000457829
0.000430041
0.000396749
0.000359174
0.000319267
0.000276269
0.000225461
0.000165566
9.97156e-05
3.08868e-05
-3.83979e-05
-0.000109226
-0.000186567
-0.000273086
-0.00036772
-0.000465539
-0.000557686
-0.000638933
-0.000712469
-0.000783324
-0.000853732
-0.000921079
-0.000974996
-0.00100538
-0.00101106
-0.000997324
-0.000971521
-0.000937237
-0.000891484
-0.000830077
-0.000749523
-0.000650571
-0.000542274
-0.000434031
-0.000330984
-0.000233681
-0.000137452
-3.97513e-05
5.39701e-05
0.000135644
0.000201392
0.000250664
0.000284815
0.000306758
0.000317411
0.000314351
0.000294645
0.000258554
0.000211036
0.000160987
0.000118867
8.80536e-05
6.14139e-05
3.15856e-05
-1.0751e-06
-2.79781e-05
-3.48971e-05
-1.21859e-05
3.70605e-05
0.000101708
0.00017032
0.000235605
0.000298431
0.000367538
0.000450628
0.000546279
0.000643244
0.000724462
0.000777054
0.000803288
0.000816492
0.000824742
0.000824496
0.000806796
0.000764312
0.000696246
0.000609276
0.000514444
0.000421807
0.000335039
0.000251124
0.00016543
7.97162e-05
3.6817e-06
-5.22651e-05
-8.12247e-05
-8.34615e-05
-6.61247e-05
-3.24954e-05
1.99947e-05
9.31208e-05
0.000189229
0.000309803
0.000449702
0.00060049
0.000755857
0.000911265
0.00106321
0.00120893
0.00134463
0.00146512
0.00156382
0.00163187
0.00165754
0.00163104
0.00155532
0.00144433
0.00130727
0.00114318
0.0009414
0.000686774
0.000382296
4.92881e-05
-0.00029915
-0.000660591
-0.00103556
-0.00142858
-0.00184072
-0.00226369
-0.00268252
-0.00307767
-0.00343384
-0.00374007
-0.00397997
-0.00414155
-0.00423144
-0.0042694
-0.00426226
-0.00418691
-0.00400718
-0.00370539
-0.00330225
-0.00284796
-0.00239196
-0.00194922
-0.00149352
-0.000995195
-0.00045472
9.4471e-05
0.000603389
0.00103765
0.00139684
0.00170444
0.00197914
0.00222204
0.00241918
0.00254451
0.00257763
0.00252365
0.00240981
0.00226413
0.00209856
0.00190814
0.00168035
0.00141108
0.00111564
0.000820841
0.00054847
0.000307786
9.94845e-05
-7.65751e-05
-0.00021944
-0.000327981
-0.000397461
-0.000418167
-0.000380952
-0.000286018
-0.000146096
1.95912e-05
0.000196404
0.000384229
0.000589949
0.000812583
0.00103993
0.00125141
0.00142714
0.00155748
0.00164149
0.00168252
0.00168744
0.00165911
0.0015913
0.00147526
0.00130624
0.00108674
0.000828695
0.000551438
0.000272464
-1.31406e-06
-0.00027148
-0.000544474
-0.000826887
-0.00111123
-0.00137484
-0.0015967
-0.00176583
-0.00188207
-0.00195452
-0.0019923
-0.00199361
-0.00194706
-0.00184432
-0.00168213
-0.00146082
-0.00118939
-0.00088119
-0.000546347
-0.00019257
0.000173215
0.000545179
0.000916847
0.0012797
0.00162259
0.00193103
0.00219078
0.00239375
0.00253802
0.0026238
0.00265101
0.00261804
0.00252094
0.00235743
0.00213318
0.00185961
0.00154427
0.00119012
0.000804847
0.000402809
-1.28902e-06
-0.00039626
-0.000776655
-0.00114018
-0.00147759
-0.00177372
-0.00201936
-0.00221271
-0.00235221
-0.00243362
-0.00245238
-0.00240817
-0.00230687
-0.00215457
-0.00195432
-0.00170941
-0.001425
-0.00110925
-0.00077218
-0.000422796
-6.93295e-05
0.000280339
0.000617828
0.000932114
0.00121224
0.00145333
0.00165391
0.00180872
0.00191006
0.00195361
0.00193945
0.00187001
0.00174937
0.00158157
0.00136922
0.00111718
0.000834236
0.000528053
0.000205305
-0.000125119
-0.000453398
-0.000770871
-0.0010706
-0.00134702
-0.00159571
-0.00181216
-0.0019902
-0.00212401
-0.00220936
-0.00224244
-0.00222353
-0.0021587
-0.00205327
-0.00190736
-0.00171905
-0.00148891
-0.00122296
-0.000932144
-0.000626021
-0.000311306
4.84597e-06
0.000317421
0.000623222
0.000915846
0.00118606
0.00142458
0.00162523
0.00178694
0.00191192
0.0019996
0.00204511
0.00204646
0.00200518
0.001923
0.00180367
0.00165237
0.00147362
0.00127253
0.00105503
0.000825821
0.000588138
0.000346426
0.000106919
-0.000123744
-0.000339703
-0.00053646
-0.000710777
-0.000860969
-0.000986195
-0.00108547
-0.0011577
-0.00120044
-0.00121068
-0.00118938
-0.00114275
-0.00107736
-0.000995689
-0.000897672
-0.00078361
-0.000655868
-0.000520881
-0.000386316
-0.000257691
-0.00013941
-3.39892e-05
5.91752e-05
0.000140883
0.000208265
0.000255129
0.000276908
0.00027408
0.000250337
0.000209495
0.000153976
8.38967e-05
-2.5641e-06
-0.000106295
-0.000223066
-0.000342517
-0.000454476
-0.000556082
-0.000649338
-0.00073428
-0.000808544
-0.000868078
-0.000907048
-0.00092261
-0.000915527
-0.000885278
-0.00083066
-0.000752718
-0.000654402
-0.000542231
-0.000423563
-0.000298875
-0.000164436
-2.00472e-05
0.000128278
0.000270934
0.000400786
0.000516354
0.000618205
0.000706042
0.000780027
0.000839636
0.00088313
0.000908593
0.000914215
0.000901105
0.00087462
0.000840315
0.000799321
0.000749624
0.000690804
0.000625562
0.000558054
0.000491129
0.000424705
0.000357508
0.000290921
0.000228321
0.000170787
0.000117942
7.10609e-05
2.97582e-05
-7.57467e-06
-3.63748e-05
-5.392e-05
-6.33295e-05
-6.57016e-05
-6.23355e-05
-5.30881e-05
-3.65216e-05
-1.24183e-05
1.91439e-05
5.6037e-05
9.43965e-05
0.00012945
0.000158456
0.000182408
0.000203323
0.000221712
0.000235123
0.000239516
0.000232536
0.000214062
0.000185822
0.00015195
0.00011594
7.64721e-05
3.06244e-05
-2.2408e-05
-8.1525e-05
-0.000141808
-0.000195128
-0.000236389
-0.000267996
-0.000296171
-0.000324332
-0.000348474
-0.000359356
-0.000352964
-0.000331908
-0.000299615
-0.000261132
-0.000219998
-0.000175424
-0.000127366
-7.60643e-05
-2.1128e-05
3.58222e-05
9.15857e-05
0.000139746
0.0001762
0.00020565
0.000232692
0.000259493
0.000288037
0.00031359
0.000328321
0.000331026
0.000326752
0.00032297
0.000323146
0.000322887
0.00031629
0.000299198
0.000272162
0.000241111
0.000208738
0.000173343
0.000134642
9.25102e-05
4.39311e-05
-1.20912e-05
-7.16422e-05
-0.000130662
-0.000186416
-0.00023788
-0.000287667
-0.000338163
-0.000387073
-0.000429206
-0.000461318
-0.000483458
-0.000496315
-0.000500935
-0.000498492
-0.000488124
-0.000467826
-0.000436189
-0.000393389
-0.000343041
-0.000289887
-0.000234666
-0.000175593
-0.000112392
-4.63362e-05
1.9586e-05
8.0824e-05
0.000133974
0.000179536
0.000217914
0.00024565
0.000262398
0.000268729
0.000262508
0.000245288
0.00021644
0.000173004
0.000117298
5.21024e-05
-1.99666e-05
-9.58546e-05
-0.000174556
-0.000253773
-0.000329148
-0.000397444
-0.000458436
-0.000513869
-0.000564112
-0.000604791
-0.000628846
-0.000633488
-0.00062252
-0.000602161
-0.000576203
-0.000544704
-0.000505493
-0.000456133
-0.000395679
-0.000327257
-0.000257507
-0.000190487
-0.000126167
-6.41705e-05
-2.95617e-06
5.97894e-05
0.000122698
0.0001807
0.000229087
0.000266732
0.000296225
0.00032105
0.000342416
0.000357974
0.000363749
0.000357833
0.000341524
0.000317681
0.000289181
0.000257681
0.00022308
0.000185031
0.000144108
0.000101218
5.7662e-05
1.60032e-05
-2.07557e-05
-5.10458e-05
-7.45788e-05
-9.12328e-05
-0.000101815
-0.000107593
-0.000107527
-9.9389e-05
-8.23742e-05
-5.64653e-05
-2.29338e-05
1.50305e-05
5.44689e-05
9.41881e-05
0.000134838
0.000177545
0.000221668
0.000264221
0.000300912
0.000327974
0.000344628
0.000352922
0.000354564
0.000349604
0.000336821
0.000314336
0.00028128
0.00023933
0.000191902
0.000142134
9.1796e-05
4.10592e-05
-1.02761e-05
-6.11862e-05
-0.000109756
-0.000154678
-0.000195284
-0.000230637
-0.000259996
-0.000283378
-0.000300709
-0.00031112
-0.000313768
-0.000308346
-0.000294462
-0.000271577
-0.000239797
-0.000200649
-0.000156469
-0.000108139
-5.46491e-05
4.89746e-06
6.91315e-05
0.000134265
0.000197646
0.000258747
0.000316619
0.000370534
0.00042029
0.000464838
0.000503023
0.000533716
0.000555809
0.000569627
0.000575654
0.000573086
0.000561347
0.000540618
0.000511446
0.000475103
0.000433446
0.000387517
0.000337253
0.000283023
0.000226401
0.000169632
0.000114337
6.15697e-05
1.2418e-05
-3.26641e-05
-7.31867e-05
-0.000108743
-0.000139588
-0.000164748
-0.000182913
-0.000194534
-0.000200402
-0.000201063
-0.00019737
-0.000189327
-0.000175551
-0.000155325
-0.000130479
-0.000103869
-7.68772e-05
-4.88822e-05
-1.83588e-05
1.47822e-05
4.84022e-05
8.04038e-05
0.000110175
0.000137463
0.0001617
0.000182636
0.000200188
0.000214246
0.000224265
0.000228078
0.000223718
0.000212272
0.000196191
0.000176353
0.000151972
0.000121514
8.43062e-05
4.20824e-05
-2.73055e-06
-4.84988e-05
-9.34734e-05
-0.0001367
-0.000178547
-0.000218789
-0.000255797
-0.000287266
-0.000311801
-0.000330095
-0.000343248
-0.000351137
-0.000353829
-0.000351985
-0.000345518
-0.000334492
-0.000320258
-0.000304175
-0.000287336
-0.000271072
-0.000255363
-0.00023888
-0.000222027
-0.000207214
-0.000195703
-0.000186814
-0.000179596
-0.000173286
-0.000167869
-0.00016443
-0.000163241
-0.000163289
-0.000163805
-0.000164494
-0.000165064
-0.000165136
-0.000164718
-0.00016375
-0.000161409
-0.000157312
-0.000151522
-0.000143246
-0.000131683
-0.000116934
-9.97142e-05
-8.13725e-05
-6.24497e-05
-4.17822e-05
-1.92025e-05
3.8286e-06
2.63864e-05
4.76959e-05
6.60959e-05
7.9723e-05
8.79291e-05
9.18028e-05
9.25592e-05
8.97228e-05
8.08732e-05
6.33922e-05
3.71415e-05
4.82987e-06
-3.02283e-05
-6.59558e-05
-0.000101631
-0.000137726
-0.000175525
-0.00021467
-0.000251686
-0.000282413
-0.000304327
-0.000317095
-0.000322225
-0.000321304
-0.000314467
-0.000300192
-0.000276632
-0.000243771
-0.000203686
-0.000158817
-0.000110899
-6.08496e-05
-9.02167e-06
4.39791e-05
9.73039e-05
0.000149747
0.000198872
0.000241779
0.000276679
0.000303694
0.000323615
0.000336231
0.000340411
0.000334747
0.000318898
0.000294205
0.000262197
0.000224201
0.000182028
0.000137384
9.1716e-05
4.65742e-05
2.85736e-06
-3.87232e-05
-7.60593e-05
-0.000106657
-0.000129476
-0.000144777
-0.000153074
-0.00015423
-0.000147582
-0.000132566
-0.000109341
-7.91786e-05
-4.3207e-05
-1.57577e-06
4.52598e-05
9.60031e-05
0.000148969
0.000202267
0.000254059
0.000302443
0.000345086
0.000379682
0.000405108
0.000421175
0.000426933
0.000420317
0.000399425
0.000363999
0.0003161
0.000258756
0.000193566
0.000120567
4.05521e-05
-4.33384e-05
-0.000126518
-0.000205041
-0.000276352
-0.000339209
-0.000393223
-0.000437368
-0.000469362
-0.000486257
-0.000485953
-0.000468897
-0.000437549
-0.000394385
-0.000340701
-0.000277157
-0.000205192
-0.00012717
-4.58628e-05
3.52953e-05
0.000112549
0.000182575
0.00024293
0.000292498
0.000331044
0.000357695
0.000370022
0.000366265
0.000347069
0.000313727
0.000267872
0.000212357
0.000150185
8.3837e-05
1.54138e-05
-5.37125e-05
-0.000122148
-0.000187113
-0.000245127
-0.000293474
-0.000330735
-0.000356819
-0.000372266
-0.000377269
-0.000371496
-0.000354998
-0.000328804
-0.000294548
-0.00025448
-0.000210919
-0.000165219
-0.000118604
-7.29253e-05
-2.993e-05
8.90482e-06
4.23083e-05
6.949e-05
9.01547e-05
0.000104361
0.00011253
0.000115987
0.000116246
0.000113335
0.000106522
9.58277e-05
8.23998e-05
6.84857e-05
5.60537e-05
4.52322e-05
3.48172e-05
2.3652e-05
1.17516e-05
8.90241e-07
-6.75908e-06
-1.06996e-05
-1.19953e-05
-1.15558e-05
-9.27739e-06
-4.37513e-06
4.39833e-06
1.80645e-05
3.62464e-05
5.76204e-05
8.12368e-05
0.000106922
0.000135036
0.000165464
0.000196993
0.000228443
0.000259468
0.000289749
0.000318417
0.00034432
0.000366195
0.000383056
0.000394286
0.000399127
0.00039687
0.000387232
0.000370018
0.00034491
0.000312197
0.000273024
0.000228379
0.000178674
0.000124461
6.70291e-05
8.87318e-06
-4.66532e-05
-9.7501e-05
-0.000143431
-0.000183857
-0.000217483
-0.000242926
-0.000258288
-0.000262182
-0.00025478
-0.000236958
-0.000209823
-0.000174339
-0.000131014
-8.04714e-05
-2.3396e-05
3.92644e-05
0.000105391
0.000172269
0.000237992
0.000301997
0.000364188
0.00042335
0.000477227
0.000523884
0.000562634
0.000594125
0.000618803
0.000635414
0.000642236
0.000638819
0.000625647
0.000603306
0.000572071
0.000531733
0.000481987
0.000423034
0.000355905
0.000281848
0.000201603
0.000116141
2.69628e-05
-6.45108e-05
-0.000156881
-0.000248724
-0.000338295
-0.000423139
-0.000500739
-0.000569377
-0.000627704
-0.00067397
-0.000706605
-0.000724679
-0.000727427
-0.000714118
-0.000684427
-0.000638855
-0.000578784
-0.000506152
-0.000422848
-0.000330401
-0.000230669
-0.000126618
-2.17182e-05
8.11004e-05
0.000179205
0.000269807
0.000350467
0.00041902
0.000473058
0.00051079
0.000531638
0.000535102
0.000520432
0.000487726
0.000437827
0.00037177
0.000291444
0.000199624
9.96049e-05
-4.65823e-06
-0.000109878
-0.000214462
-0.000316725
-0.000413348
-0.000500002
-0.000572416
-0.00062817
-0.000667812
-0.000692513
-0.000701703
-0.000694052
-0.000668971
-0.000626914
-0.000569554
-0.000499549
-0.000419459
-0.000331418
-0.000237849
-0.000141187
-4.3667e-05
5.19724e-05
0.000143085
0.000227725
0.000303671
0.000368691
0.000421645
0.000462134
0.000489984
0.000505352
0.000508737
0.000500685
0.000481627
0.000452166
0.000413832
0.000369062
0.000319683
0.000266372
0.000209287
0.000148228
8.34992e-05
1.66793e-05
-4.98458e-05
-0.00011434
-0.000176873
-0.000238126
-0.000298542
-0.000358071
-0.000414944
-0.000466177
-0.000509586
-0.000544462
-0.000571054
-0.000589913
-0.000600811
-0.000602257
-0.000592701
-0.000571992
-0.000540763
-0.000499214
-0.000448201
-0.000389811
-0.000325942
-0.000257707
-0.000185676
-0.000110507
-3.42023e-05
4.00475e-05
0.000109831
0.000174356
0.000233421
0.000286431
0.000332159
0.000369062
0.000395932
0.000412272
0.000418372
0.000414912
0.000402476
0.000381375
0.000351262
0.0003116
0.000263001
0.000207523
0.000147738
8.54908e-05
2.13708e-05
-4.4687e-05
-0.000111975
-0.000178466
-0.000241701
-0.000299153
-0.000348552
-0.000389173
-0.000421856
-0.00044709
-0.000463903
-0.000470593
-0.000465816
-0.000449476
-0.000423155
-0.000388899
-0.00034775
-0.000300109
-0.000246634
-0.00018845
-0.000126814
-6.29476e-05
1.50585e-06
6.45831e-05
0.000124555
0.000180081
0.00023047
0.000275638
0.000315063
0.000347229
0.000370821
0.00038555
0.000391705
0.000389792
0.000380311
0.000363534
0.000339658
0.000309154
0.000272875
0.000231931
0.00018764
0.000141418
9.44473e-05
4.75802e-05
1.40467e-06
-4.34346e-05
-8.5655e-05
-0.000123709
-0.000156498
-0.000183298
-0.000203902
-0.000218877
-0.000228477
-0.000231664
-0.000227399
-0.000216039
-0.000198712
-0.000176369
-0.000149591
-0.000118508
-8.33692e-05
-4.51396e-05
-4.7591e-06
3.70039e-05
7.88669e-05
0.00011937
0.000157421
0.000192582
0.000224976
0.000254279
0.000279224
0.000298517
0.000311714
0.000319215
0.000321703
0.00031936
0.000311757
0.000298478
0.000279656
0.000256166
0.000229153
0.000199527
0.000167824
0.000133752
9.65773e-05
5.66582e-05
1.55251e-05
-2.53981e-05
-6.51513e-05
-0.00010334
-0.000140199
-0.000175688
-0.000208967
-0.00023885
-0.000263994
-0.000283159
-0.000296012
-0.000303071
-0.000304678
-0.000300936
-0.00029166
-0.000275878
-0.000252895
-0.000223414
-0.000188989
-0.000151303
-0.000111756
-7.10574e-05
-2.93919e-05
1.29405e-05
5.50766e-05
9.56251e-05
0.000132892
0.000165241
0.000191829
0.000212606
0.000227854
0.000237863
0.000242127
0.000239398
0.000229028
0.000211725
0.000188864
0.000161484
0.00012998
9.43437e-05
5.48083e-05
1.21698e-05
-3.25285e-05
-7.79776e-05
-0.000122644
-0.000165411
-0.000205472
-0.000241763
-0.000273135
-0.000298452
-0.000316566
-0.000326578
-0.000327956
-0.000320595
-0.000304757
-0.000280528
-0.000247655
-0.000206463
-0.00015822
-0.000104224
-4.54767e-05
1.67063e-05
8.06177e-05
0.000144502
0.000206868
0.000266474
0.000321907
0.000371807
0.000415065
0.000450463
0.000476795
0.000493231
0.000499563
0.000496341
0.000484241
0.000463422
0.000433899
0.000396078
0.000350689
0.000298916
0.000242424
0.000182724
0.000120483
5.58531e-05
-1.01503e-05
-7.57926e-05
-0.000139512
-0.000199804
-0.000255654
-0.000306556
-0.00035193
-0.000391068
-0.000423128
-0.000447189
-0.000462559
-0.000469253
-0.000467862
-0.000459078
-0.000443443
-0.000421228
-0.000392713
-0.000358473
-0.000319348
-0.000276476
-0.000231074
-0.000184133
-0.000136288
-8.78886e-05
-3.97537e-05
6.59058e-06
4.98601e-05
8.92879e-05
0.000124226
0.000154245
0.00017902
0.000197939
0.000210366
0.000215958
0.000214583
0.000206526
0.000192516
0.000173475
0.000150424
0.000124095
9.50774e-05
6.45841e-05
3.42246e-05
5.33247e-06
-2.11494e-05
-4.47044e-05
-6.46987e-05
-7.99033e-05
-8.92517e-05
-9.23585e-05
-8.91668e-05
-7.97553e-05
-6.4559e-05
-4.4406e-05
-2.01329e-05
7.62069e-06
3.83069e-05
7.10796e-05
0.000104604
0.000137765
0.000169892
0.000200119
0.000227395
0.000250713
0.000269248
0.000282709
0.00029111
0.000294284
0.000291906
0.000283636
0.000269332
0.000249306
0.00022395
0.000193478
0.000158184
0.000118533
7.53893e-05
3.0001e-05
-1.64864e-05
-6.3216e-05
-0.000109506
-0.000154505
-0.000196981
-0.000235491
-0.000268496
-0.000294742
-0.000313871
-0.000326177
-0.000331551
-0.000329258
-0.000318718
-0.000299897
-0.000273325
-0.000240079
-0.000201435
-0.000158535
-0.000112346
-6.37091e-05
-1.35256e-05
3.69756e-05
8.61971e-05
0.000132495
0.000174599
0.000211591
0.000242693
0.000267426
0.000285529
0.000296534
0.000299846
0.000295218
0.000283164
0.000264844
0.000241565
0.000214444
0.000184344
0.000152037
0.000118199
8.35443e-05
4.91967e-05
1.67205e-05
-1.23987e-05
-3.74588e-05
-5.84716e-05
-7.58926e-05
-9.03031e-05
-0.000101446
-0.000108506
-0.000111133
-0.00010931
-0.00010331
-9.38684e-05
-8.17684e-05
-6.72649e-05
-5.02383e-05
-3.09159e-05
-9.79918e-06
1.27247e-05
3.61307e-05
5.95742e-05
8.22754e-05
0.000103772
0.000123584
0.000141097
0.000155931
0.000167863
0.000176416
0.000180977
0.000181119
0.000176721
0.000167841
0.000154694
0.000137722
0.000117176
9.29187e-05
6.49576e-05
3.3813e-05
1.61664e-07
-3.52009e-05
-7.1348e-05
-0.000107636
-0.000143484
-0.000178144
-0.000210923
-0.000241256
-0.000268483
-0.000291682
-0.000309962
-0.000322841
-0.000330269
-0.000332342
-0.000329042
-0.000320419
-0.000306546
-0.000287267
-0.000262689
-0.000233581
-0.000200964
-0.000165837
-0.000129242
-9.19703e-05
-5.44622e-05
-1.76223e-05
1.71945e-05
4.90358e-05
7.68407e-05
9.91435e-05
0.000115195
0.000125123
0.000129191
0.000127339
0.000119038
0.000103837
8.18217e-05
5.36043e-05
2.04807e-05
-1.59991e-05
-5.47604e-05
-9.50811e-05
-0.000136208
-0.000177166
-0.00021647
-0.000252244
-0.000282822
-0.000307064
-0.000324482
-0.000335027
-0.000338325
-0.000333656
-0.000320626
-0.000299285
-0.000270235
-0.000234476
-0.000193065
-0.000147267
-9.83383e-05
-4.71588e-05
5.45068e-06
5.81324e-05
0.000109315
0.000157941
0.000203065
0.000243661
0.000279065
0.000308994
0.000333303
0.00035185
0.000364472
0.00037095
0.000371243
0.0003658
0.000355163
0.000339645
0.000319512
0.000295104
0.000266881
0.000235293
0.000200941
0.000164848
0.000127859
9.03649e-05
5.31173e-05
1.73078e-05
-1.58924e-05
-4.53899e-05
-7.05011e-05
-9.08719e-05
-0.000105946
-0.000115133
-0.000118076
-0.000114726
-0.00010535
-9.04479e-05
-7.06706e-05
-4.6666e-05
-1.90806e-05
1.13775e-05
4.3785e-05
7.69573e-05
0.000109739
0.000141176
0.00017044
0.000196612
0.000218781
0.000236409
0.000249092
0.000256337
0.000257754
0.000253133
0.000242486
0.000226052
0.000204481
0.000178892
0.000149999
0.000117856
8.29147e-05
4.63608e-05
9.68722e-06
-2.56411e-05
-5.86352e-05
-8.88435e-05
-0.000115936
-0.000139509
-0.000159035
-0.000173843
-0.000183359
-0.000187351
-0.000186078
-0.00018007
-0.000169842
-0.000155956
-0.000138808
-0.000118749
-9.65034e-05
-7.29568e-05
-4.89749e-05
-2.53829e-05
-2.8876e-06
1.77041e-05
3.55119e-05
4.99562e-05
6.07929e-05
6.77832e-05
7.05419e-05
6.87841e-05
6.25282e-05
5.21984e-05
3.85494e-05
2.21373e-05
3.31946e-06
-1.72931e-05
-3.89265e-05
-6.07593e-05
-8.19789e-05
-0.000101818
-0.000119443
-0.000134189
-0.000145611
-0.000153215
-0.000156714
-0.000156193
-0.000151644
-0.000142958
-0.000130234
-0.000113748
-9.39359e-05
-7.13983e-05
-4.68759e-05
-2.10749e-05
5.43217e-06
3.19881e-05
5.79498e-05
8.28538e-05
0.000106096
0.000126783
0.00014415
0.0001578
0.000167525
0.000173008
0.00017391
0.000170124
0.00016164
0.000148607
0.000131382
0.000110283
8.56912e-05
5.81675e-05
2.83802e-05
-2.89681e-06
-3.48439e-05
-6.66723e-05
-9.77208e-05
-0.000127418
-0.000155158
-0.000180271
-0.000201939
-0.000219378
-0.000232028
-0.000239622
-0.000242233
-0.000239934
-0.000232656
-0.00022036
-0.000202939
-0.000180498
-0.00015363
-0.000123186
-9.00527e-05
-5.49357e-05
-1.83322e-05
1.92618e-05
5.72465e-05
9.48008e-05
0.000130901
0.000164641
0.000195404
0.000222746
0.000246228
0.000265405
0.000279919
0.000289432
0.000293663
0.000292396
0.000285386
0.000272643
0.000254558
0.000231464
0.000203595
0.000171367
0.000135258
9.57613e-05
5.35666e-05
9.49528e-06
-3.55885e-05
-8.07212e-05
-0.000124866
-0.000167005
-0.000206243
-0.00024177
-0.000272749
-0.000298344
-0.000317844
-0.000330698
-0.000336492
-0.000335059
-0.00032645
-0.000310741
-0.00028817
-0.000259307
-0.00022477
-0.000185178
-0.000141364
-9.43542e-05
-4.53493e-05
4.35386e-06
5.36068e-05
0.000101427
0.000146721
0.000188242
0.000224716
0.000254974
0.000278265
0.000294262
0.000302767
0.00030366
0.000297132
0.000283652
0.000263565
0.000237331
0.000206003
0.000170901
0.000133446
9.50805e-05
5.68221e-05
1.94583e-05
-1.59727e-05
-4.8475e-05
-7.73126e-05
-0.000101804
-0.00012147
-0.000136147
-0.000145843
-0.000150745
-0.000151225
-0.000147583
-0.000139991
-0.000128899
-0.000115057
-9.91206e-05
-8.15818e-05
-6.28667e-05
-4.33124e-05
-2.31784e-05
-2.77355e-06
1.75231e-05
3.72855e-05
5.60248e-05
7.32881e-05
8.87872e-05
0.00010224
0.000113197
0.000121174
0.000125725
0.000126556
0.000123604
0.000116779
0.000105896
9.08835e-05
7.18373e-05
4.90391e-05
2.32011e-05
-4.64294e-06
-3.35852e-05
-6.30915e-05
-9.29244e-05
-0.000122832
-0.000152163
-0.00017982
-0.000204665
-0.000225846
-0.000242935
-0.000255997
-0.000265249
-0.000270613
-0.000271761
-0.000268269
-0.000259856
-0.000246745
-0.000229549
-0.000208891
-0.000185186
-0.000158733
-0.000129787
-9.85852e-05
-6.5626e-05
-3.17455e-05
2.15516e-06
3.53645e-05
6.75025e-05
9.84144e-05
0.000127847
0.000155267
0.000179942
0.000201204
0.000218594
0.000231931
0.000241378
0.000247171
0.000249332
0.000247627
0.00024169
0.000231487
0.000217526
0.000200384
0.000180392
0.000157881
0.000133343
0.000107269
8.01419e-05
5.25655e-05
2.51726e-05
-1.39777e-06
-2.64708e-05
-4.93195e-05
-6.92486e-05
-8.58224e-05
-9.87265e-05
-0.000107608
-0.000112258
-0.00011258
-0.000108483
-0.000100008
-8.73234e-05
-7.0683e-05
-5.05508e-05
-2.76218e-05
-2.58847e-06
2.39596e-05
5.13827e-05
7.89334e-05
0.000105768
0.000130921
0.000153359
0.0001721
0.000186466
0.000196267
0.000201518
0.000202104
0.000197785
0.000188348
0.000173805
0.000154752
0.000132325
0.000107683
8.17601e-05
5.52027e-05
2.83528e-05
1.66974e-06
-2.40196e-05
-4.77772e-05
-6.87031e-05
-8.61043e-05
-9.97494e-05
-0.000109766
-0.000116367
-0.000119659
-0.000119553
-0.00011596
-0.000108979
-9.89201e-05
-8.63498e-05
-7.19543e-05
-5.62809e-05
-3.9755e-05
-2.2736e-05
-5.56157e-06
1.12649e-05
2.7194e-05
4.17765e-05
5.45171e-05
6.50339e-05
7.31438e-05
7.85761e-05
8.10401e-05
8.03145e-05
7.61363e-05
6.85094e-05
5.78109e-05
4.4349e-05
2.82393e-05
9.53204e-06
-1.16441e-05
-3.48488e-05
-5.93386e-05
-8.42944e-05
-0.000109052
-0.000133206
-0.00015645
-0.000178415
-0.000198663
-0.000216649
-0.000231698
-0.000243232
-0.000251119
-0.000255585
-0.000256762
-0.000254456
-0.000248397
-0.000238533
-0.00022514
-0.000208775
-0.000189975
-0.000169096
-0.000146437
-0.000122327
-9.72085e-05
-7.16817e-05
-4.64432e-05
-2.21329e-05
8.31756e-07
2.21905e-05
4.16361e-05
5.87998e-05
7.32989e-05
8.48016e-05
9.31883e-05
9.84751e-05
0.000100645
9.98072e-05
9.62112e-05
9.01068e-05
8.17836e-05
7.1554e-05
5.98074e-05
4.7133e-05
3.41762e-05
2.14482e-05
9.35556e-06
-1.75167e-06
-1.1588e-05
-1.97916e-05
-2.58976e-05
-2.95728e-05
-3.07406e-05
-2.94853e-05
-2.58709e-05
-1.9918e-05
-1.16747e-05
-1.18226e-06
1.14318e-05
2.58372e-05
4.15511e-05
5.80648e-05
7.50194e-05
9.2115e-05
0.000108871
0.000124721
0.000139099
0.000151358
0.000160903
0.000167363
0.000170501
0.000170099
0.000166052
0.000158502
0.000147705
0.000133848
0.000117234
9.84288e-05
7.81601e-05
5.7302e-05
3.66811e-05
1.6904e-05
-1.43466e-06
-1.77998e-05
-3.1808e-05
-4.29945e-05
-5.08835e-05
-5.51078e-05
-5.54803e-05
-5.21659e-05
-4.55856e-05
-3.61047e-05
-2.38815e-05
-9.08912e-06
7.94776e-06
2.68334e-05
4.70503e-05
6.79116e-05
8.868e-05
0.0001088
0.000127914
0.000145686
0.000161822
0.00017592
0.000187252
0.000195068
0.000198983
0.000198981
0.000195184
0.00018773
0.000176716
0.000162127
0.000143973
0.000122527
9.84116e-05
7.24336e-05
4.53493e-05
1.77913e-05
-9.75405e-06
-3.68528e-05
-6.29485e-05
-8.7378e-05
-0.000109491
-0.000128713
-0.000144665
-0.000157218
-0.000166311
-0.000171825
-0.000173675
-0.000171936
-0.00016681
-0.000158511
-0.000147331
-0.000133709
-0.000118141
-0.000101129
-8.31427e-05
-6.45459e-05
-4.5787e-05
-2.75195e-05
-1.03546e-05
5.3101e-06
1.91705e-05
3.10046e-05
4.06989e-05
4.81049e-05
5.30244e-05
5.53021e-05
5.4852e-05
5.16986e-05
4.60707e-05
3.82984e-05
2.85937e-05
1.70838e-05
3.941e-06
-1.05726e-05
-2.6089e-05
-4.21948e-05
-5.84828e-05
-7.4508e-05
-8.98493e-05
-0.00010424
-0.00011745
-0.000129175
-0.000139179
-0.000147319
-0.000153537
-0.00015788
-0.000160392
-0.00016114
-0.000160316
-0.000158171
-0.000154955
-0.000150975
-0.000146633
-0.00014225
-0.000137883
-0.000133465
-0.000129115
-0.000125167
-0.000121861
-0.000119113
-0.000116614
-0.000114016
-0.000110954
-0.000107107
-0.000102348
-9.66939e-05
-9.01297e-05
-8.24949e-05
-7.34458e-05
-6.25794e-05
-4.99121e-05
-3.59745e-05
-2.11919e-05
-5.76779e-06
1.00533e-05
2.60982e-05
4.22023e-05
5.80479e-05
7.32933e-05
8.75388e-05
0.000100256
0.000111092
0.00011998
0.000126917
0.000131703
0.00013401
0.000133718
0.000130772
0.000125027
0.000116466
0.000105289
9.17876e-05
7.62907e-05
5.91871e-05
4.10008e-05
2.23761e-05
3.94469e-06
-1.37496e-05
-3.02616e-05
-4.50311e-05
-5.73456e-05
-6.66107e-05
-7.25151e-05
-7.49706e-05
-7.38599e-05
-6.90379e-05
-6.05621e-05
-4.87535e-05
-3.41207e-05
-1.7237e-05
1.40181e-06
2.14125e-05
4.2305e-05
6.34307e-05
8.42656e-05
0.000104312
0.000122928
0.000139581
0.000153932
0.00016572
0.00017483
0.000181178
0.000184519
0.000184628
0.000181476
0.000175116
0.000165642
0.000153271
0.000138242
0.000120872
0.000101644
8.09586e-05
5.9141e-05
3.66639e-05
1.41515e-05
-7.67617e-06
-2.8124e-05
-4.66312e-05
-6.27073e-05
-7.58637e-05
-8.56845e-05
-9.19093e-05
-9.4358e-05
-9.2854e-05
-8.73221e-05
-7.79186e-05
-6.49999e-05
-4.89618e-05
-3.02158e-05
-9.22585e-06
1.34657e-05
3.70905e-05
6.08528e-05
8.41983e-05
0.000106562
0.000127296
0.0001459
0.000161928
0.00017486
0.000184255
0.000189872
0.000191611
0.000189464
0.000183518
0.000173954
0.000160984
0.000144859
0.000125926
0.000104697
8.17677e-05
5.76401e-05
3.27388e-05
7.51533e-06
-1.7497e-05
-4.16525e-05
-6.44288e-05
-8.55144e-05
-0.000104647
-0.000121574
-0.000135963
-0.000147594
-0.000156425
-0.000162334
-0.000165222
-0.000165193
-0.00016244
-0.000157131
-0.000149405
-0.000139397
-0.000127293
-0.000113429
-9.82714e-05
-8.22556e-05
-6.56712e-05
-4.87471e-05
-3.1845e-05
-1.54706e-05
-1.48234e-07
1.37189e-05
2.59195e-05
3.62944e-05
4.46354e-05
5.07376e-05
5.43959e-05
5.54676e-05
5.40183e-05
5.02955e-05
4.46575e-05
3.74029e-05
2.85927e-05
1.8382e-05
7.18237e-06
-4.62233e-06
-1.67204e-05
-2.88656e-05
-4.09001e-05
-5.26413e-05
-6.3859e-05
-7.4318e-05
-8.3799e-05
-9.22266e-05
-9.96638e-05
-0.000106095
-0.000111381
-0.000115362
-0.000117933
-0.000119128
-0.00011904
-0.000117715
-0.000115226
-0.000111624
-0.000106817
-0.00010077
-9.36658e-05
-8.57197e-05
-7.70179e-05
-6.74892e-05
-5.7098e-05
-4.60215e-05
-3.44866e-05
-2.27164e-05
-1.08378e-05
1.17631e-06
1.32009e-05
2.4887e-05
3.58903e-05
4.59211e-05
5.46744e-05
6.18928e-05
6.74642e-05
7.1406e-05
7.37064e-05
7.41877e-05
7.25797e-05
6.87752e-05
6.30405e-05
5.57759e-05
4.71616e-05
3.73142e-05
2.6457e-05
1.48592e-05
2.78401e-06
-9.51101e-06
-2.1599e-05
-3.30037e-05
-4.34729e-05
-5.28489e-05
-6.09909e-05
-6.77089e-05
-7.25898e-05
-7.52847e-05
-7.57744e-05
-7.4135e-05
-7.03988e-05
-6.45905e-05
-5.67502e-05
-4.69888e-05
-3.54443e-05
-2.22467e-05
-7.67534e-06
7.79452e-06
2.36921e-05
3.96158e-05
5.51665e-05
6.99172e-05
8.33944e-05
9.51873e-05
0.000104939
0.000112249
0.000116793
0.000118382
0.000116946
0.000112526
0.000105209
9.51441e-05
8.26275e-05
6.80397e-05
5.17555e-05
3.42055e-05
1.58903e-05
-2.71868e-06
-2.11928e-05
-3.90643e-05
-5.57577e-05
-7.0679e-05
-8.33892e-05
-9.35914e-05
-0.000101037
-0.000105525
-0.000106877
-0.000104912
-9.94497e-05
-9.04268e-05
-7.81153e-05
-6.30371e-05
-4.55945e-05
-2.60819e-05
-4.82957e-06
1.78398e-05
4.15041e-05
6.55094e-05
8.90992e-05
0.000111601
0.000132468
0.000151277
0.000167724
0.000181552
0.000192458
0.000200037
0.000203857
0.000203662
0.000199499
0.000191678
0.000180618
0.000166644
0.000149955
0.000130786
0.000109494
8.66102e-05
6.28789e-05
3.9087e-05
1.58614e-05
-6.35131e-06
-2.72144e-05
-4.63843e-05
-6.33996e-05
-7.77902e-05
-8.91996e-05
-9.74261e-05
-0.000102461
-0.000104401
-0.00010347
-9.99954e-05
-9.42319e-05
-8.64013e-05
-7.67921e-05
-6.57977e-05
-5.40351e-05
-4.22477e-05
-3.0958e-05
-2.04683e-05
-1.1143e-05
-3.43183e-06
2.17556e-06
5.30137e-06
5.81943e-06
3.72785e-06
-9.40779e-07
-8.14949e-06
-1.77705e-05
-2.95316e-05
-4.3095e-05
-5.79381e-05
-7.33471e-05
-8.86639e-05
-0.000103365
-0.000117042
-0.000129364
-0.000139963
-0.00014837
-0.000154131
-0.00015701
-0.000157012
-0.000154338
-0.000149254
-0.00014195
-0.000132531
-0.000121129
-0.000108062
-9.379e-05
-7.87267e-05
-6.31674e-05
-4.73529e-05
-3.14822e-05
-1.56723e-05
-1.30793e-07
1.47972e-05
2.88235e-05
4.1762e-05
5.35177e-05
6.40846e-05
7.34924e-05
8.17154e-05
8.86079e-05
9.40364e-05
9.80016e-05
0.000100605
0.00010201
0.000102392
0.000101881
0.000100497
9.82253e-05
9.51541e-05
9.14309e-05
8.72152e-05
8.26425e-05
7.77081e-05
7.22869e-05
6.62568e-05
5.95588e-05
5.22935e-05
4.46461e-05
3.66312e-05
2.82141e-05
1.94042e-05
1.02157e-05
8.14826e-07
-8.4944e-06
-1.73867e-05
-2.5558e-05
-3.27632e-05
-3.88339e-05
-4.36223e-05
-4.69908e-05
-4.88858e-05
-4.92746e-05
-4.80751e-05
-4.52664e-05
-4.09603e-05
-3.54163e-05
-2.90111e-05
-2.20876e-05
-1.4914e-05
-7.70951e-06
-6.03154e-07
6.28058e-06
1.26941e-05
1.83512e-05
2.29978e-05
2.64317e-05
2.86313e-05
2.97035e-05
2.96915e-05
2.85457e-05
2.62252e-05
2.27447e-05
1.81633e-05
1.26151e-05
6.22097e-06
-9.24084e-07
-8.58799e-06
-1.65283e-05
-2.4609e-05
-3.26719e-05
-4.05463e-05
-4.80546e-05
-5.49489e-05
-6.09639e-05
-6.58418e-05
-6.93565e-05
-7.13641e-05
-7.17589e-05
-7.04835e-05
-6.75551e-05
-6.30081e-05
-5.68493e-05
-4.90973e-05
-3.98466e-05
-2.92918e-05
-1.77283e-05
-5.50513e-06
7.00083e-06
1.9468e-05
3.17057e-05
4.35506e-05
5.48081e-05
6.52324e-05
7.45209e-05
8.24864e-05
8.90928e-05
9.43181e-05
9.81998e-05
0.000100841
0.000102305
0.000102642
0.000101909
0.000100155
9.75001e-05
9.41619e-05
9.03034e-05
8.59537e-05
8.11675e-05
7.61341e-05
7.09974e-05
6.57222e-05
6.02717e-05
5.47289e-05
4.92536e-05
4.40465e-05
3.92239e-05
3.47744e-05
3.06715e-05
2.68814e-05
2.33459e-05
2.0022e-05
1.68906e-05
1.39145e-05
1.1027e-05
8.17644e-06
5.27875e-06
2.1716e-06
-1.29848e-06
-5.21609e-06
-9.59841e-06
-1.43495e-05
-1.93141e-05
-2.44245e-05
-2.96752e-05
-3.50272e-05
-4.0372e-05
-4.55432e-05
-5.03508e-05
-5.4607e-05
-5.81787e-05
-6.10274e-05
-6.31545e-05
-6.45132e-05
-6.50221e-05
-6.46127e-05
-6.32275e-05
-6.08824e-05
-5.77184e-05
-5.3901e-05
-4.95338e-05
-4.4694e-05
-3.94655e-05
-3.38975e-05
-2.80485e-05
-2.20433e-05
-1.59926e-05
-1.00028e-05
-4.15518e-06
1.51452e-06
6.93097e-06
1.20298e-05
1.67478e-05
2.09771e-05
2.46428e-05
2.76937e-05
3.00564e-05
3.16963e-05
3.26703e-05
3.30105e-05
3.2634e-05
3.1503e-05
2.97083e-05
2.74054e-05
2.48214e-05
2.21648e-05
1.95301e-05
1.69647e-05
1.45145e-05
1.22354e-05
1.02366e-05
8.66901e-06
7.63334e-06
7.14059e-06
7.12677e-06
7.46555e-06
8.03056e-06
8.74911e-06
9.60249e-06
1.05619e-05
1.15399e-05
1.24253e-05
1.30777e-05
1.33617e-05
1.32486e-05
1.28161e-05
1.21765e-05
1.14023e-05
1.04719e-05
9.30449e-06
7.88835e-06
6.31445e-06
4.69158e-06
3.14454e-06
1.82272e-06
8.19653e-07
7.73585e-08
-5.76313e-07
-1.21795e-06
-1.75074e-06
-2.04905e-06
-2.09912e-06
-2.02672e-06
-2.02197e-06
-2.23936e-06
-2.70259e-06
-3.32309e-06
-4.0049e-06
-4.67146e-06
-5.34237e-06
-6.14252e-06
-7.15787e-06
-8.36331e-06
-9.57961e-06
-1.05512e-05
-1.11368e-05
-1.13432e-05
-1.12758e-05
-1.10382e-05
-1.06263e-05
-9.95242e-06
-8.92298e-06
-7.56254e-06
-6.00398e-06
-4.39969e-06
-2.98763e-06
-1.97492e-06
-1.39307e-06
-1.26957e-06
-1.69978e-06
-2.72252e-06
-4.42956e-06
-7.06069e-06
-1.06983e-05
-1.52379e-05
-2.0599e-05
-2.6666e-05
-3.33551e-05
-4.06546e-05
-4.84889e-05
-5.67106e-05
-6.51176e-05
-7.34749e-05
-8.16165e-05
-8.94519e-05
-9.68529e-05
-0.000103617
-0.000109475
-0.000114092
-0.000117151
-0.000118443
-0.000117888
-0.000115473
-0.00011116
-0.000104875
-9.65084e-05
-8.60255e-05
-7.36377e-05
-5.97522e-05
-4.48059e-05
-2.92223e-05
-1.33578e-05
2.4848e-06
1.78728e-05
3.22827e-05
4.52042e-05
5.61353e-05
6.47474e-05
7.09729e-05
7.47845e-05
7.60829e-05
7.47874e-05
7.0894e-05
6.45459e-05
5.60761e-05
4.59199e-05
3.45209e-05
2.23272e-05
9.72887e-06
-2.95634e-06
-1.53857e-05
-2.71801e-05
-3.79014e-05
-4.71027e-05
-5.45031e-05
-6.00217e-05
-6.36761e-05
-6.55051e-05
-6.55207e-05
-6.37006e-05
-6.00801e-05
-5.48063e-05
-4.80941e-05
-4.02244e-05
-3.15185e-05
-2.22194e-05
-1.25041e-05
-2.55433e-06
7.46047e-06
1.73289e-05
2.67209e-05
3.5266e-05
4.27191e-05
4.89503e-05
5.38527e-05
5.73657e-05
5.94503e-05
5.99609e-05
5.86806e-05
5.55767e-05
5.08406e-05
4.46825e-05
3.72836e-05
2.88069e-05
1.93369e-05
8.94155e-06
-2.15517e-06
-1.35218e-05
-2.47578e-05
-3.571e-05
-4.62827e-05
-5.617e-05
-6.50126e-05
-7.25913e-05
-7.87161e-05
-8.31457e-05
-8.55873e-05
-8.58367e-05
-8.38974e-05
-7.98019e-05
-7.35072e-05
-6.50737e-05
-5.46848e-05
-4.24621e-05
-2.85777e-05
-1.33717e-05
2.79047e-06
1.94966e-05
3.62865e-05
5.2861e-05
6.89962e-05
8.43162e-05
9.83865e-05
0.000110829
0.000121361
0.000129849
0.000136268
0.000140525
0.000142378
0.000141657
0.000138422
0.000132902
0.000125354
0.000115972
0.000104882
9.2265e-05
7.84308e-05
6.37601e-05
4.86574e-05
3.35492e-05
1.88089e-05
4.74305e-06
-8.35281e-06
-2.02071e-05
-3.05215e-05
-3.8976e-05
-4.53564e-05
-4.95109e-05
-5.13376e-05
-5.08829e-05
-4.82135e-05
-4.32995e-05
-3.61721e-05
-2.70185e-05
-1.60655e-05
-3.55504e-06
1.01704e-05
2.4697e-05
3.96179e-05
5.45582e-05
6.91815e-05
8.31303e-05
9.59658e-05
0.000107245
0.000116554
0.000123575
0.000128169
0.000130262
0.000129815
0.000126891
0.000121517
0.000113675
0.000103431
9.10179e-05
7.68897e-05
6.1623e-05
4.56673e-05
2.91681e-05
1.21418e-05
-5.22525e-06
-2.24112e-05
-3.86607e-05
-5.34638e-05
-6.67855e-05
-7.86901e-05
-8.90874e-05
-9.77965e-05
-0.00010454
-0.000109073
-0.000111298
-0.000111181
-0.000109059
-0.000105523
-0.000100608
-9.39882e-05
-8.57431e-05
-7.6359e-05
-6.62511e-05
-5.57113e-05
-4.50988e-05
-3.46984e-05
-2.47327e-05
-1.53636e-05
-6.68064e-06
9.23594e-07
6.91843e-06
1.11844e-05
1.37755e-05
1.46283e-05
1.37951e-05
1.13983e-05
7.49334e-06
2.11002e-06
-4.74604e-06
-1.2856e-05
-2.16819e-05
-3.07768e-05
-3.99207e-05
-4.88904e-05
-5.75041e-05
-6.55585e-05
-7.26455e-05
-7.83209e-05
-8.22958e-05
-8.44288e-05
-8.46896e-05
-8.31075e-05
-7.96741e-05
-7.42972e-05
-6.69332e-05
-5.77507e-05
-4.70649e-05
-3.52052e-05
-2.25005e-05
-9.30086e-06
4.05291e-06
1.72005e-05
2.97452e-05
4.13532e-05
5.17116e-05
6.05416e-05
6.77063e-05
7.30623e-05
7.6437e-05
7.77974e-05
7.72405e-05
7.49229e-05
7.10041e-05
6.56099e-05
5.88972e-05
5.11385e-05
4.26028e-05
3.34308e-05
2.37832e-05
1.39673e-05
4.29742e-06
-5.0694e-06
-1.40106e-05
-2.23356e-05
-2.98611e-05
-3.63747e-05
-4.17236e-05
-4.59506e-05
-4.90577e-05
-5.09387e-05
-5.15803e-05
-5.09763e-05
-4.91173e-05
-4.61219e-05
-4.22592e-05
-3.78762e-05
-3.31092e-05
-2.78793e-05
-2.22568e-05
-1.64858e-05
-1.08021e-05
-5.44073e-06
-6.13031e-07
3.59967e-06
7.2161e-06
1.02622e-05
1.27354e-05
1.45982e-05
1.57862e-05
1.62995e-05
1.62534e-05
1.57367e-05
1.48206e-05
1.36456e-05
1.23357e-05
1.09565e-05
9.54919e-06
8.16871e-06
6.8848e-06
5.80526e-06
5.04036e-06
4.60556e-06
4.4346e-06
4.40922e-06
4.41795e-06
4.43812e-06
4.56973e-06
4.90095e-06
5.33068e-06
5.7062e-06
5.99637e-06
6.25199e-06
6.50552e-06
6.77952e-06
7.16131e-06
7.70968e-06
8.42565e-06
9.33284e-06
1.04051e-05
1.15739e-05
1.28801e-05
1.43903e-05
1.60602e-05
1.78497e-05
1.97594e-05
2.17562e-05
2.38084e-05
2.58864e-05
2.79809e-05
3.01858e-05
3.25803e-05
3.51155e-05
3.77154e-05
4.03451e-05
4.29863e-05
4.56302e-05
4.82764e-05
5.08738e-05
5.33045e-05
5.54998e-05
5.74165e-05
5.89022e-05
5.98018e-05
6.00085e-05
5.9486e-05
5.83026e-05
5.64037e-05
5.3664e-05
5.00691e-05
4.56067e-05
4.02748e-05
3.40969e-05
2.71468e-05
1.95972e-05
1.1574e-05
3.1741e-06
-5.48949e-06
-1.43675e-05
-2.33233e-05
-3.21123e-05
-4.05979e-05
-4.86688e-05
-5.60819e-05
-6.26501e-05
-6.83426e-05
-7.31246e-05
-7.69126e-05
-7.96164e-05
-8.11446e-05
-8.14298e-05
-8.05213e-05
-7.86022e-05
-7.58481e-05
-7.23741e-05
-6.82755e-05
-6.36122e-05
-5.84356e-05
-5.29206e-05
-4.74499e-05
-4.23667e-05
-3.77028e-05
-3.33616e-05
-2.9378e-05
-2.58977e-05
-2.30601e-05
-2.10113e-05
-1.98803e-05
-1.95795e-05
-1.98172e-05
-2.03518e-05
-2.12161e-05
-2.26367e-05
-2.4629e-05
-2.69565e-05
-2.94248e-05
-3.18967e-05
-3.41917e-05
-3.61855e-05
-3.79618e-05
-3.96735e-05
-4.12633e-05
-4.24432e-05
-4.29357e-05
-4.26943e-05
-4.17942e-05
-4.02657e-05
-3.81912e-05
-3.56547e-05
-3.25495e-05
-2.87647e-05
-2.43486e-05
-1.94331e-05
-1.42446e-05
-9.00286e-06
-3.79501e-06
1.37946e-06
6.51195e-06
1.15305e-05
1.63345e-05
2.08324e-05
2.488e-05
2.8349e-05
3.13621e-05
3.41573e-05
3.67802e-05
3.91179e-05
4.10907e-05
4.27083e-05
4.39775e-05
4.49592e-05
4.58142e-05
4.66406e-05
4.74463e-05
4.81916e-05
4.87805e-05
4.91136e-05
4.92167e-05
4.92342e-05
4.91922e-05
4.89579e-05
4.84788e-05
4.78121e-05
4.68427e-05
4.53154e-05
4.31638e-05
4.05053e-05
3.74828e-05
3.40645e-05
2.99924e-05
2.51998e-05
1.98931e-05
1.42225e-05
8.29275e-06
2.25663e-06
-3.77805e-06
-9.83785e-06
-1.60143e-05
-2.21968e-05
-2.80166e-05
-3.31249e-05
-3.73672e-05
-4.07559e-05
-4.3315e-05
-4.49193e-05
-4.53197e-05
-4.42343e-05
-4.14235e-05
-3.69272e-05
-3.11336e-05
-2.43281e-05
-1.65134e-05
-7.6831e-06
2.10612e-06
1.26975e-05
2.36341e-05
3.41921e-05
4.37815e-05
5.21909e-05
5.94085e-05
6.54247e-05
7.00862e-05
7.29139e-05
7.33676e-05
7.13343e-05
6.70503e-05
6.07669e-05
5.27701e-05
4.33822e-05
3.27086e-05
2.06881e-05
7.44327e-06
-6.59797e-06
-2.07752e-05
-3.4375e-05
-4.69822e-05
-5.85109e-05
-6.88771e-05
-7.79126e-05
-8.54221e-05
-9.1124e-05
-9.46637e-05
-9.5743e-05
-9.42904e-05
-9.05046e-05
-8.46581e-05
-7.69455e-05
-6.75393e-05
-5.66487e-05
-4.44873e-05
-3.13496e-05
-1.76479e-05
-3.76912e-06
9.87348e-06
2.28018e-05
3.46993e-05
4.54085e-05
5.46568e-05
6.214e-05
6.78075e-05
7.16552e-05
7.35036e-05
7.3276e-05
7.11366e-05
6.73298e-05
6.21069e-05
5.56664e-05
4.81797e-05
3.98975e-05
3.10951e-05
2.19699e-05
1.27098e-05
3.61427e-06
-5.06169e-06
-1.32523e-05
-2.09077e-05
-2.79125e-05
-3.41475e-05
-3.95286e-05
-4.39886e-05
-4.7513e-05
-5.02088e-05
-5.21421e-05
-5.32911e-05
-5.36615e-05
-5.32737e-05
-5.21495e-05
-5.03219e-05
-4.79212e-05
-4.51819e-05
-4.21997e-05
-3.88998e-05
-3.52911e-05
-3.1491e-05
-2.76423e-05
-2.38864e-05
-2.02625e-05
-1.67327e-05
-1.32672e-05
-9.84242e-06
-6.47903e-06
-3.23017e-06
-1.55731e-07
2.72041e-06
5.54294e-06
8.51033e-06
1.16233e-05
1.46842e-05
1.74566e-05
1.98455e-05
2.19654e-05
2.397e-05
2.58613e-05
2.75736e-05
2.90473e-05
3.0153e-05
3.08318e-05
3.11758e-05
3.12907e-05
3.12369e-05
3.10164e-05
3.05781e-05
2.98633e-05
2.88794e-05
2.77129e-05
2.64741e-05
2.52515e-05
2.40372e-05
2.27277e-05
2.12716e-05
1.97421e-05
1.82507e-05
1.68317e-05
1.54413e-05
1.40941e-05
1.28304e-05
1.16562e-05
1.06506e-05
9.87176e-06
9.28198e-06
8.87702e-06
8.71503e-06
8.89852e-06
9.51106e-06
1.05517e-05
1.18785e-05
1.32653e-05
1.4634e-05
1.60042e-05
1.73844e-05
1.88129e-05
2.02935e-05
2.1754e-05
2.30707e-05
2.40898e-05
2.46882e-05
2.49458e-05
2.51762e-05
2.57295e-05
2.67532e-05
2.81186e-05
2.96337e-05
3.11429e-05
3.25689e-05
3.40326e-05
3.57017e-05
3.75928e-05
3.95148e-05
4.11487e-05
4.22421e-05
4.27293e-05
4.27111e-05
4.22871e-05
4.14248e-05
3.99982e-05
3.7897e-05
3.5105e-05
3.17081e-05
2.78437e-05
2.35666e-05
1.88148e-05
1.35597e-05
7.89759e-06
1.97812e-06
-4.09724e-06
-1.02559e-05
-1.64154e-05
-2.25019e-05
-2.84012e-05
-3.38913e-05
-3.87664e-05
-4.29256e-05
-4.63155e-05
-4.89078e-05
-5.06137e-05
-5.12917e-05
-5.0887e-05
-4.94438e-05
-4.70493e-05
-4.38247e-05
-3.98842e-05
-3.5308e-05
-3.02604e-05
-2.50157e-05
-1.98581e-05
-1.49808e-05
-1.05117e-05
-6.63776e-06
-3.50277e-06
-1.20711e-06
6.44942e-08
1.61632e-07
-9.31312e-07
-3.13935e-06
-6.33221e-06
-1.03434e-05
-1.50043e-05
-2.01873e-05
-2.57701e-05
-3.16425e-05
-3.77359e-05
-4.38683e-05
-4.97578e-05
-5.52039e-05
-6.00522e-05
-6.41525e-05
-6.74387e-05
-6.99473e-05
-7.17365e-05
-7.27365e-05
-7.27627e-05
-7.17337e-05
-6.97286e-05
-6.68357e-05
-6.3114e-05
-5.86665e-05
-5.35738e-05
-4.78852e-05
-4.17304e-05
-3.52296e-05
-2.84612e-05
-2.1585e-05
-1.47839e-05
-8.12319e-06
-1.60962e-06
4.63919e-06
1.04458e-05
1.56882e-05
2.02776e-05
2.41817e-05
2.74481e-05
3.01156e-05
3.21398e-05
3.34548e-05
3.40578e-05
3.39864e-05
3.32879e-05
3.20512e-05
3.03862e-05
2.83604e-05
2.60077e-05
2.33435e-05
2.04002e-05
1.72807e-05
1.41441e-05
1.11571e-05
8.43422e-06
6.03112e-06
3.99211e-06
2.34127e-06
1.06795e-06
2.47964e-07
5.16308e-08
5.30089e-07
1.57505e-06
3.0649e-06
4.8977e-06
6.99126e-06
9.32797e-06
1.18966e-05
1.46585e-05
1.75334e-05
2.03919e-05
2.31506e-05
2.58019e-05
2.83895e-05
3.09277e-05
3.33177e-05
3.5423e-05
3.71638e-05
3.85188e-05
3.94843e-05
4.00166e-05
4.00284e-05
3.94259e-05
3.81191e-05
3.611e-05
3.35024e-05
3.03393e-05
2.65987e-05
2.23293e-05
1.76601e-05
1.27068e-05
7.57055e-06
2.37413e-06
-2.74101e-06
-7.59053e-06
-1.20327e-05
-1.60187e-05
-1.94942e-05
-2.2414e-05
-2.47308e-05
-2.63572e-05
-2.72863e-05
-2.75665e-05
-2.7198e-05
-2.62101e-05
-2.47231e-05
-2.2888e-05
-2.08246e-05
-1.86341e-05
-1.63978e-05
-1.41759e-05
-1.20474e-05
-1.01106e-05
-8.47682e-06
-7.25531e-06
-6.49855e-06
-6.16681e-06
-6.18352e-06
-6.51099e-06
-7.10893e-06
-7.93488e-06
-8.98024e-06
-1.01802e-05
-1.13989e-05
-1.25056e-05
-1.34095e-05
-1.40464e-05
-1.43701e-05
-1.43358e-05
-1.38571e-05
-1.29028e-05
-1.15373e-05
-9.80667e-06
-7.77042e-06
-5.50073e-06
-3.01963e-06
-3.87861e-07
2.27855e-06
4.8701e-06
7.28317e-06
9.42286e-06
1.1225e-05
1.26685e-05
1.37556e-05
1.44733e-05
1.4781e-05
1.46508e-05
1.40863e-05
1.31098e-05
1.17345e-05
9.96485e-06
7.88003e-06
5.5984e-06
3.19803e-06
7.56957e-07
-1.66148e-06
-4.02286e-06
-6.27322e-06
-8.33674e-06
-1.01332e-05
-1.15729e-05
-1.25829e-05
-1.31613e-05
-1.33677e-05
-1.32559e-05
-1.28536e-05
-1.21591e-05
-1.11208e-05
-9.71265e-06
-7.99197e-06
-6.06305e-06
-4.06383e-06
-2.07243e-06
-4.2726e-08
2.04565e-06
4.13876e-06
6.16447e-06
8.00817e-06
9.56119e-06
1.07458e-05
1.15239e-05
1.19329e-05
1.20039e-05
1.17002e-05
1.09479e-05
9.70295e-06
7.96614e-06
5.78228e-06
3.29655e-06
6.6798e-07
-2.04114e-06
-4.79666e-06
-7.54494e-06
-1.02229e-05
-1.27086e-05
-1.48293e-05
-1.64751e-05
-1.76195e-05
-1.82258e-05
-1.82222e-05
-1.754e-05
-1.61596e-05
-1.41029e-05
-1.13405e-05
-7.81977e-06
-3.58663e-06
1.25118e-06
6.5753e-06
1.22482e-05
1.81971e-05
2.43557e-05
3.05361e-05
3.65225e-05
4.21739e-05
4.73212e-05
5.17147e-05
5.51875e-05
5.768e-05
5.91198e-05
5.9431e-05
5.85598e-05
5.64398e-05
5.29887e-05
4.82074e-05
4.22496e-05
3.52998e-05
2.75167e-05
1.90693e-05
1.00653e-05
6.0129e-07
-9.11706e-06
-1.8826e-05
-2.8272e-05
-3.71888e-05
-4.53129e-05
-5.24942e-05
-5.8664e-05
-6.37312e-05
-6.75386e-05
-6.98078e-05
-7.032e-05
-6.91347e-05
-6.64363e-05
-6.23136e-05
-5.67152e-05
-4.95801e-05
-4.10038e-05
-3.11963e-05
-2.04021e-05
-8.86928e-06
3.13027e-06
1.53296e-05
2.75156e-05
3.93889e-05
5.06594e-05
6.11385e-05
7.04994e-05
7.8274e-05
8.42024e-05
8.83099e-05
9.0559e-05
9.08651e-05
8.92279e-05
8.55385e-05
7.9727e-05
7.20695e-05
6.29515e-05
5.25274e-05
4.09669e-05
2.86327e-05
1.5761e-05
2.46155e-06
-1.09485e-05
-2.40332e-05
-3.64606e-05
-4.79249e-05
-5.81326e-05
-6.69116e-05
-7.42312e-05
-8.00133e-05
-8.39136e-05
-8.5481e-05
-8.46309e-05
-8.15726e-05
-7.64091e-05
-6.93527e-05
-6.0818e-05
-5.10904e-05
-4.0297e-05
-2.85662e-05
-1.60954e-05
-3.22962e-06
9.4027e-06
2.10274e-05
3.12929e-05
4.03609e-05
4.83724e-05
5.52025e-05
6.04945e-05
6.38182e-05
6.49938e-05
6.4148e-05
6.14966e-05
5.73274e-05
5.19535e-05
4.54126e-05
3.7639e-05
2.88037e-05
1.91942e-05
9.30619e-06
-2.85257e-07
-9.41295e-06
-1.79862e-05
-2.56809e-05
-3.23621e-05
-3.79119e-05
-4.19173e-05
-4.42161e-05
-4.50149e-05
-4.43424e-05
-4.21334e-05
-3.86032e-05
-3.40099e-05
-2.83985e-05
-2.1809e-05
-1.44552e-05
-6.7104e-06
1.01915e-06
8.53053e-06
1.59192e-05
2.32816e-05
3.04346e-05
3.70511e-05
4.28503e-05
4.77063e-05
5.16364e-05
5.4723e-05
5.71581e-05
5.8991e-05
5.99747e-05
5.99819e-05
5.91051e-05
5.7448e-05
5.50948e-05
5.20759e-05
4.84407e-05
4.42974e-05
3.98001e-05
3.51437e-05
3.03742e-05
2.53713e-05
2.01382e-05
1.48126e-05
9.538e-06
4.59004e-06
1.63746e-07
-3.91868e-06
-7.86577e-06
-1.16266e-05
-1.50138e-05
-1.77628e-05
-1.96414e-05
-2.06917e-05
-2.11104e-05
-2.09488e-05
-2.01972e-05
-1.88583e-05
-1.68498e-05
-1.4076e-05
-1.05052e-05
-6.32972e-06
-1.98922e-06
2.15033e-06
5.92486e-06
9.33008e-06
1.24024e-05
1.50803e-05
1.71834e-05
1.83375e-05
1.81125e-05
1.63905e-05
1.3378e-05
9.31325e-06
4.30835e-06
-1.60838e-06
-8.39553e-06
-1.60277e-05
-2.44307e-05
-3.32178e-05
-4.18527e-05
-5.00266e-05
-5.76929e-05
-6.48439e-05
-7.12031e-05
-7.63974e-05
-8.02657e-05
-8.27676e-05
-8.39063e-05
-8.37235e-05
-8.22293e-05
-7.93616e-05
-7.5065e-05
-6.9364e-05
-6.23238e-05
-5.41536e-05
-4.52535e-05
-3.58668e-05
-2.60068e-05
-1.58321e-05
-5.6935e-06
4.18675e-06
1.36477e-05
2.22881e-05
2.96734e-05
3.56619e-05
4.03101e-05
4.36261e-05
4.55277e-05
4.59168e-05
4.47214e-05
4.20801e-05
3.83148e-05
3.35659e-05
2.78412e-05
2.12911e-05
1.41595e-05
6.65132e-06
-9.95791e-07
-8.48659e-06
-1.56804e-05
-2.25913e-05
-2.90289e-05
-3.459e-05
-3.91235e-05
-4.27608e-05
-4.54231e-05
-4.6662e-05
-4.6175e-05
-4.42079e-05
-4.1144e-05
-3.70338e-05
-3.18942e-05
-2.59217e-05
-1.90013e-05
-1.08811e-05
-1.88399e-06
7.35613e-06
1.64181e-05
2.5141e-05
3.35813e-05
4.1788e-05
4.9655e-05
5.70075e-05
6.3455e-05
6.84854e-05
7.19512e-05
7.39825e-05
7.46625e-05
7.41348e-05
7.24962e-05
6.95373e-05
6.50823e-05
5.92562e-05
5.22803e-05
4.44499e-05
3.61302e-05
2.76155e-05
1.89719e-05
1.00762e-05
9.94489e-07
-7.87047e-06
-1.61023e-05
-2.3493e-05
-2.99393e-05
-3.54537e-05
-4.01943e-05
-4.42135e-05
-4.72765e-05
-4.908e-05
-4.9541e-05
-4.87651e-05
-4.69639e-05
-4.44003e-05
-4.12242e-05
-3.7443e-05
-3.30076e-05
-2.79298e-05
-2.24427e-05
-1.69084e-05
-1.15659e-05
-6.58515e-06
-2.11143e-06
1.92181e-06
5.64038e-06
8.91135e-06
1.14439e-05
1.30033e-05
1.35379e-05
1.33015e-05
1.27035e-05
1.19489e-05
1.09435e-05
9.46388e-06
7.33818e-06
4.6097e-06
1.46991e-06
-1.99811e-06
-5.93732e-06
-1.06728e-05
-1.65065e-05
-2.34156e-05
-3.10296e-05
-3.90132e-05
-4.71734e-05
-5.52544e-05
-6.30632e-05
-7.03362e-05
-7.64501e-05
-8.07724e-05
-8.29561e-05
-8.29329e-05
-8.09425e-05
-7.73322e-05
-7.23689e-05
-6.62529e-05
-5.90698e-05
-5.09861e-05
-4.24624e-05
-3.4014e-05
-2.60963e-05
-1.90686e-05
-1.29139e-05
-7.29385e-06
-1.83988e-06
3.68058e-06
9.25999e-06
1.47067e-05
1.97575e-05
2.42511e-05
2.831e-05
3.21632e-05
3.59171e-05
3.94783e-05
4.2439e-05
4.42929e-05
4.48614e-05
4.43684e-05
4.31491e-05
4.13911e-05
3.91052e-05
3.62543e-05
3.28727e-05
2.91983e-05
2.57354e-05
2.28389e-05
2.04539e-05
1.84192e-05
1.66325e-05
1.50612e-05
1.38432e-05
1.3234e-05
1.33807e-05
1.41847e-05
1.53477e-05
1.65356e-05
1.76577e-05
1.89875e-05
2.08771e-05
2.3472e-05
2.66357e-05
3.00694e-05
3.34955e-05
3.67617e-05
3.99286e-05
4.31365e-05
4.64038e-05
4.96056e-05
5.2467e-05
5.4683e-05
5.61815e-05
5.70369e-05
5.72978e-05
5.70221e-05
5.61856e-05
5.46675e-05
5.24498e-05
4.96742e-05
4.64342e-05
4.2831e-05
3.90965e-05
3.53197e-05
3.14639e-05
2.75659e-05
2.37682e-05
2.03607e-05
1.75927e-05
1.55695e-05
1.43161e-05
1.37075e-05
1.35944e-05
1.39657e-05
1.48505e-05
1.62556e-05
1.8122e-05
2.02696e-05
2.23871e-05
2.40661e-05
2.50883e-05
2.55036e-05
2.53873e-05
2.47898e-05
2.36681e-05
2.18165e-05
1.90918e-05
1.55893e-05
1.15444e-05
7.23281e-06
2.83071e-06
-1.6782e-06
-6.30828e-06
-1.099e-05
-1.56022e-05
-1.99587e-05
-2.38759e-05
-2.72113e-05
-2.99692e-05
-3.23237e-05
-3.43672e-05
-3.59653e-05
-3.69915e-05
-3.75019e-05
-3.75726e-05
-3.72953e-05
-3.68532e-05
-3.63163e-05
-3.56608e-05
-3.49338e-05
-3.41285e-05
-3.32112e-05
-3.22222e-05
-3.11779e-05
-3.0031e-05
-2.87089e-05
-2.71668e-05
-2.53838e-05
-2.33893e-05
-2.13087e-05
-1.92926e-05
-1.7471e-05
-1.59359e-05
-1.47113e-05
-1.37932e-05
-1.32812e-05
-1.3413e-05
-1.4395e-05
-1.63268e-05
-1.92793e-05
-2.32435e-05
-2.80086e-05
-3.3284e-05
-3.88947e-05
-4.46793e-05
-5.03636e-05
-5.56106e-05
-6.0151e-05
-6.37209e-05
-6.59703e-05
-6.67604e-05
-6.61447e-05
-6.40274e-05
-6.03346e-05
-5.54666e-05
-4.9927e-05
-4.38759e-05
-3.76284e-05
-3.15454e-05
-2.57151e-05
-2.04472e-05
-1.61509e-05
-1.29296e-05
-1.08656e-05
-9.97892e-06
-1.00663e-05
-1.09906e-05
-1.26233e-05
-1.4798e-05
-1.74974e-05
-2.0494e-05
-2.33452e-05
-2.59565e-05
-2.83758e-05
-3.05249e-05
-3.2403e-05
-3.39235e-05
-3.48614e-05
-3.51636e-05
-3.49064e-05
-3.42154e-05
-3.34104e-05
-3.27875e-05
-3.23367e-05
-3.19395e-05
-3.14998e-05
-3.08935e-05
-3.02538e-05
-3.00031e-05
-3.02624e-05
-3.07923e-05
-3.13395e-05
-3.15517e-05
-3.11649e-05
-3.02639e-05
-2.89898e-05
-2.73631e-05
-2.5314e-05
-2.25029e-05
-1.85167e-05
-1.33866e-05
-7.38607e-06
-6.17359e-07
6.90491e-06
1.51724e-05
2.42299e-05
3.40958e-05
4.45618e-05
5.5261e-05
6.59021e-05
7.61695e-05
8.57648e-05
9.45561e-05
0.000102343
0.000108885
0.000113977
0.00011736
0.000118936
0.000118734
0.000116769
0.000113181
0.000108196
0.000101958
9.45512e-05
8.62061e-05
7.72121e-05
6.78141e-05
5.83283e-05
4.90589e-05
4.02453e-05
3.20346e-05
2.44439e-05
1.75329e-05
1.14802e-05
6.49253e-06
2.69937e-06
1.44324e-07
-1.26265e-06
-1.72945e-06
-1.41979e-06
-4.88668e-07
9.35215e-07
2.81808e-06
5.15109e-06
7.89623e-06
1.08856e-05
1.38283e-05
1.65034e-05
1.89136e-05
2.12346e-05
2.36023e-05
2.60154e-05
2.83379e-05
3.03701e-05
3.20156e-05
3.32792e-05
3.41604e-05
3.46897e-05
3.49649e-05
3.49596e-05
3.44119e-05
3.31069e-05
3.10982e-05
2.85555e-05
2.55793e-05
2.22054e-05
1.84718e-05
1.4433e-05
1.01139e-05
5.54577e-06
8.71526e-07
-3.70517e-06
-8.01969e-06
-1.20084e-05
-1.57218e-05
-1.91412e-05
-2.20767e-05
-2.44147e-05
-2.6216e-05
-2.74853e-05
-2.8136e-05
-2.8181e-05
-2.77651e-05
-2.6966e-05
-2.57143e-05
-2.39805e-05
-2.18529e-05
-1.94547e-05
-1.68746e-05
-1.40959e-05
-1.11066e-05
-8.02899e-06
-4.99628e-06
-2.08589e-06
6.18962e-07
3.02981e-06
5.04567e-06
6.59248e-06
7.70979e-06
8.42811e-06
8.5638e-06
7.87744e-06
6.41972e-06
4.43104e-06
2.05559e-06
-6.64003e-07
-3.77984e-06
-7.35745e-06
-1.13026e-05
-1.53647e-05
-1.93138e-05
-2.30566e-05
-2.65554e-05
-2.98167e-05
-3.28657e-05
-3.56929e-05
-3.82683e-05
-4.04916e-05
-4.22612e-05
-4.35771e-05
-4.44877e-05
-4.5099e-05
-4.55582e-05
-4.58512e-05
-4.58379e-05
-4.55009e-05
-4.48722e-05
-4.38888e-05
-4.25883e-05
-4.11441e-05
-3.95921e-05
-3.77762e-05
-3.55754e-05
-3.30459e-05
-3.02623e-05
-2.73265e-05
-2.44724e-05
-2.17983e-05
-1.92281e-05
-1.68202e-05
-1.47568e-05
-1.31162e-05
-1.19706e-05
-1.14888e-05
-1.17316e-05
-1.26396e-05
-1.41272e-05
-1.60777e-05
-1.84049e-05
-2.10425e-05
-2.39506e-05
-2.70324e-05
-3.00502e-05
-3.28523e-05
-3.53132e-05
-3.71659e-05
-3.82644e-05
-3.86091e-05
-3.8137e-05
-3.67635e-05
-3.44406e-05
-3.111e-05
-2.67199e-05
-2.13038e-05
-1.49483e-05
-7.74956e-06
1.46335e-07
8.47734e-06
1.69538e-05
2.54539e-05
3.39317e-05
4.21869e-05
4.98758e-05
5.67582e-05
6.27334e-05
6.76976e-05
7.15232e-05
7.40467e-05
7.52085e-05
7.51457e-05
7.39716e-05
7.16166e-05
6.79996e-05
6.32603e-05
5.76825e-05
5.14213e-05
4.45049e-05
3.70264e-05
2.91769e-05
2.12034e-05
1.33067e-05
5.62822e-06
-1.62774e-06
-8.25119e-06
-1.41466e-05
-1.92515e-05
-2.35182e-05
-2.69678e-05
-2.95385e-05
-3.11091e-05
-3.17023e-05
-3.14435e-05
-3.04352e-05
-2.87359e-05
-2.63846e-05
-2.34648e-05
-2.01027e-05
-1.63508e-05
-1.22355e-05
-7.84394e-06
-3.25746e-06
1.4344e-06
6.16786e-06
1.09555e-05
1.57137e-05
2.02433e-05
2.44415e-05
2.82798e-05
3.16676e-05
3.45442e-05
3.68697e-05
3.85363e-05
3.94766e-05
3.96699e-05
3.90735e-05
3.76834e-05
3.55234e-05
3.26068e-05
2.89838e-05
2.46819e-05
1.97677e-05
1.442e-05
8.76432e-06
2.88959e-06
-3.07056e-06
-8.95328e-06
-1.45628e-05
-1.97727e-05
-2.45044e-05
-2.85988e-05
-3.19291e-05
-3.44641e-05
-3.61281e-05
-3.68178e-05
-3.64835e-05
-3.50986e-05
-3.26998e-05
-2.94714e-05
-2.5629e-05
-2.12765e-05
-1.64454e-05
-1.12287e-05
-5.80071e-06
-3.42464e-07
4.90326e-06
9.67628e-06
1.38163e-05
1.72285e-05
1.98411e-05
2.16407e-05
2.26488e-05
2.27874e-05
2.19717e-05
2.0331e-05
1.80739e-05
1.52945e-05
1.20487e-05
8.4699e-06
4.75764e-06
1.06167e-06
-2.52909e-06
-5.92173e-06
-8.99416e-06
-1.15841e-05
-1.35841e-05
-1.50114e-05
-1.59395e-05
-1.64265e-05
-1.64838e-05
-1.60846e-05
-1.51811e-05
-1.37485e-05
-1.19137e-05
-9.91235e-06
-7.93408e-06
-6.08764e-06
-4.35125e-06
-2.65255e-06
-9.87253e-07
6.02129e-07
2.01139e-06
3.10269e-06
3.78211e-06
4.06043e-06
4.09591e-06
4.06235e-06
3.99404e-06
3.85724e-06
3.59906e-06
3.11744e-06
2.3955e-06
1.57766e-06
8.29156e-07
2.70031e-07
-7.06698e-08
-3.29139e-07
-6.16497e-07
-8.84058e-07
-1.05621e-06
-1.03833e-06
-7.08234e-07
-5.34336e-08
8.25622e-07
1.81908e-06
2.83528e-06
3.84566e-06
4.9475e-06
6.22969e-06
7.60054e-06
8.92009e-06
1.01061e-05
1.10958e-05
1.19054e-05
1.25713e-05
1.30823e-05
1.3448e-05
1.36435e-05
1.35627e-05
1.31499e-05
1.24781e-05
1.1622e-05
1.05775e-05
9.34985e-06
7.95674e-06
6.40341e-06
4.73467e-06
2.97226e-06
1.12196e-06
-7.46578e-07
-2.59451e-06
-4.4183e-06
-6.18173e-06
-7.85883e-06
-9.43765e-06
-1.08783e-05
-1.21425e-05
-1.32611e-05
-1.42745e-05
-1.51472e-05
-1.58283e-05
-1.62919e-05
-1.65274e-05
-1.65597e-05
-1.64157e-05
-1.60918e-05
-1.56001e-05
-1.4982e-05
-1.4257e-05
-1.34357e-05
-1.25524e-05
-1.16268e-05
-1.06815e-05
-9.7335e-06
-8.76058e-06
-7.76512e-06
-6.76419e-06
-5.75077e-06
-4.76017e-06
-3.83201e-06
-2.93518e-06
-2.05874e-06
-1.21993e-06
-4.31543e-07
2.45972e-07
7.57033e-07
1.09314e-06
1.25035e-06
1.23253e-06
1.06888e-06
7.51681e-07
2.29152e-07
-5.04588e-07
-1.42313e-06
-2.478e-06
-3.57356e-06
-4.67008e-06
-5.7911e-06
-6.94283e-06
-8.14068e-06
-9.35966e-06
-1.04933e-05
-1.14559e-05
-1.22118e-05
-1.27328e-05
-1.30413e-05
-1.32216e-05
-1.33031e-05
-1.32017e-05
-1.28143e-05
-1.21185e-05
-1.11535e-05
-9.96523e-06
-8.62186e-06
-7.16187e-06
-5.52763e-06
-3.68688e-06
-1.68758e-06
4.16011e-07
2.55035e-06
4.66939e-06
6.79394e-06
8.92322e-06
1.10213e-05
1.3022e-05
1.48379e-05
1.64268e-05
1.77689e-05
1.88697e-05
1.978e-05
2.04841e-05
2.08928e-05
2.09768e-05
2.07489e-05
2.02109e-05
1.9447e-05
1.85571e-05
1.75195e-05
1.63108e-05
1.49568e-05
1.34523e-05
1.18602e-05
1.02953e-05
8.80106e-06
7.38196e-06
5.99996e-06
4.62025e-06
3.29745e-06
2.11839e-06
1.13865e-06
3.84062e-07
-1.75733e-07
-6.12863e-07
-9.37833e-07
-1.11965e-06
-1.13176e-06
-9.27352e-07
-5.1325e-07
1.55011e-08
5.53881e-07
1.06567e-06
1.57028e-06
2.07465e-06
2.59819e-06
3.14171e-06
3.62396e-06
3.96434e-06
4.1422e-06
4.18106e-06
4.12413e-06
4.00481e-06
3.82988e-06
3.56751e-06
3.17034e-06
2.62762e-06
1.97694e-06
1.26243e-06
5.14136e-07
-2.32294e-07
-9.70388e-07
-1.73733e-06
-2.5339e-06
-3.31851e-06
-4.05213e-06
-4.68625e-06
-5.19517e-06
-5.59912e-06
-5.89967e-06
-6.07916e-06
-6.13866e-06
-6.07164e-06
-5.86842e-06
-5.52809e-06
-5.04123e-06
-4.41917e-06
-3.69078e-06
-2.86952e-06
-1.98083e-06
-1.05538e-06
-9.41594e-08
8.97981e-07
1.89402e-06
2.86917e-06
3.78792e-06
4.61036e-06
5.32295e-06
5.91827e-06
6.38421e-06
6.71564e-06
6.90081e-06
6.9192e-06
6.76269e-06
6.43683e-06
5.95377e-06
5.33768e-06
4.60635e-06
3.75783e-06
2.79775e-06
1.7498e-06
6.42415e-07
-4.86675e-07
-1.59844e-06
-2.67047e-06
-3.68705e-06
-4.63397e-06
-5.49466e-06
-6.2431e-06
-6.85169e-06
-7.29758e-06
-7.57068e-06
-7.67499e-06
-7.62028e-06
-7.41781e-06
-7.07464e-06
-6.59237e-06
-5.9756e-06
-5.2402e-06
-4.41271e-06
-3.52298e-06
-2.60088e-06
-1.67572e-06
-7.69142e-07
1.08436e-07
9.45894e-07
1.72094e-06
2.40532e-06
2.97401e-06
3.40861e-06
3.70358e-06
3.86573e-06
3.90006e-06
3.80678e-06
3.58532e-06
3.23568e-06
2.76437e-06
2.18987e-06
1.54013e-06
8.4173e-07
1.1421e-07
-6.26852e-07
-1.36786e-06
-2.09417e-06
-2.7831e-06
-3.40615e-06
-3.94173e-06
-4.37798e-06
-4.70776e-06
-4.92979e-06
-5.04541e-06
-5.05167e-06
-4.94469e-06
-4.72551e-06
-4.40053e-06
-3.98294e-06
-3.4911e-06
-2.94107e-06
-2.34722e-06
-1.72569e-06
-1.08998e-06
-4.52991e-07
1.6712e-07
7.51819e-07
1.2854e-06
1.75403e-06
2.14846e-06
2.46488e-06
2.70118e-06
2.85298e-06
2.91409e-06
2.88163e-06
2.75868e-06
2.55199e-06
2.27054e-06
1.92374e-06
1.5199e-06
1.06806e-06
5.78951e-07
6.44604e-08
-4.61911e-07
-9.85692e-07
-1.49318e-06
-1.97227e-06
-2.41186e-06
-2.8016e-06
-3.13256e-06
-3.39711e-06
-3.58932e-06
-3.70512e-06
-3.74185e-06
-3.69897e-06
-3.57848e-06
-3.38507e-06
-3.12498e-06
-2.80467e-06
-2.43185e-06
-2.01568e-06
-1.56612e-06
-1.09435e-06
-6.12386e-07
-1.31823e-07
3.36721e-07
7.83155e-07
1.19785e-06
1.57184e-06
1.89682e-06
2.16548e-06
2.37246e-06
2.51457e-06
2.59018e-06
2.59912e-06
2.54281e-06
2.42369e-06
2.24537e-06
2.01318e-06
1.73409e-06
1.41625e-06
1.06868e-06
7.00833e-07
3.22145e-07
-5.80328e-08
-4.30407e-07
-7.85858e-07
-1.11557e-06
-1.41135e-06
-1.66608e-06
-1.87397e-06
-2.03062e-06
-2.13297e-06
-2.17924e-06
-2.16886e-06
-2.1025e-06
-1.98218e-06
-1.81131e-06
-1.59464e-06
-1.33803e-06
-1.04815e-06
-7.32249e-07
-3.97941e-07
-5.31506e-08
2.93984e-07
6.35259e-07
9.62645e-07
1.26857e-06
1.54617e-06
1.78947e-06
1.99342e-06
2.15398e-06
2.26809e-06
2.33382e-06
2.35037e-06
2.31819e-06
2.23897e-06
2.11552e-06
1.95164e-06
1.75199e-06
1.52198e-06
1.26762e-06
9.95438e-07
7.12341e-07
4.25405e-07
1.41686e-07
-1.31982e-07
-3.96453e-07
