2.92679e-11
-1.23365e-10
-1.82281e-09
-7.39942e-09
-1.78163e-08
-3.1605e-08
-4.64486e-08
-6.06997e-08
-7.392e-08
-8.6825e-08
-1.00593e-07
-1.15699e-07
-1.31318e-07
-1.45916e-07
-1.58142e-07
-1.67463e-07
-1.74316e-07
-1.79587e-07
-1.83802e-07
-1.86687e-07
-1.87439e-07
-1.85352e-07
-1.80292e-07
-1.72812e-07
-1.63796e-07
-1.5388e-07
-1.43214e-07
-1.31678e-07
-1.19055e-07
-1.05294e-07
-9.09658e-08
-7.70071e-08
-6.40642e-08
-5.22708e-08
-4.14877e-08
-3.16766e-08
-2.29105e-08
-1.53663e-08
-9.50215e-09
-5.80255e-09
-4.32552e-09
-4.72477e-09
-6.65509e-09
-9.91908e-09
-1.42927e-08
-1.97128e-08
-2.64419e-08
-3.48268e-08
-4.48037e-08
-5.55454e-08
-6.62309e-08
-7.66454e-08
-8.66559e-08
-9.59934e-08
-1.04616e-07
-1.12863e-07
-1.20754e-07
-1.2743e-07
-1.32218e-07
-1.35193e-07
-1.36347e-07
-1.35771e-07
-1.33969e-07
-1.31483e-07
-1.2855e-07
-1.24743e-07
-1.19065e-07
-1.10793e-07
-1.00586e-07
-9.00025e-08
-8.01876e-08
-7.15345e-08
-6.38776e-08
-5.6858e-08
-5.00255e-08
-4.24285e-08
-3.35062e-08
-2.52104e-08
-2.02391e-08
-1.79958e-08
-1.57541e-08
-1.2663e-08
-1.02069e-08
-1.01658e-08
-1.30864e-08
-1.79447e-08
-2.2699e-08
-2.55276e-08
-2.74153e-08
-3.16118e-08
-3.8778e-08
-4.64995e-08
-5.26992e-08
-5.71308e-08
-6.11826e-08
-6.67423e-08
-7.45471e-08
-8.31592e-08
-9.00528e-08
-9.37925e-08
-9.43441e-08
-9.23049e-08
-8.99458e-08
-8.96802e-08
-9.08444e-08
-9.11748e-08
-8.86986e-08
-8.2378e-08
-7.27866e-08
-6.18135e-08
-5.18674e-08
-4.40386e-08
-3.70831e-08
-2.87164e-08
-1.86479e-08
-1.00564e-08
-5.42199e-09
-3.04856e-09
-3.66595e-10
2.4927e-09
4.94513e-09
7.24459e-09
8.02696e-09
6.3793e-09
3.71764e-09
1.31696e-09
-1.34328e-09
-5.08041e-09
-9.63705e-09
-1.58681e-08
-2.38494e-08
-3.06066e-08
-3.42664e-08
-3.65868e-08
-3.95949e-08
-4.23647e-08
-4.32271e-08
-4.21096e-08
-3.90328e-08
-3.43726e-08
-3.0288e-08
-2.76543e-08
-2.45344e-08
-1.91125e-08
-1.19626e-08
-5.53256e-09
-1.42695e-09
3.22907e-10
-2.60556e-09
-1.54386e-08
-3.63977e-08
-5.47225e-08
-6.42819e-08
-6.75296e-08
-6.78616e-08
-6.7114e-08
-6.85461e-08
-7.53225e-08
-8.32902e-08
-8.27116e-08
-7.03719e-08
-5.35591e-08
-4.07429e-08
-3.43127e-08
-3.12934e-08
-2.62333e-08
-1.57106e-08
-2.04125e-09
9.12816e-09
1.45558e-08
1.63644e-08
2.072e-08
3.13501e-08
4.42928e-08
5.27474e-08
5.47375e-08
5.39793e-08
4.30464e-08
1.22871e-07
7.60808e-07
2.33257e-06
4.26782e-06
5.58804e-06
5.96369e-06
5.67287e-06
5.20889e-06
5.04265e-06
5.36206e-06
5.8726e-06
6.03382e-06
5.56413e-06
4.56384e-06
3.37178e-06
2.35858e-06
1.68874e-06
1.22426e-06
6.67305e-07
-1.8673e-07
-1.31596e-06
-2.50853e-06
-3.50466e-06
-4.16083e-06
-4.52872e-06
-4.78749e-06
-5.09774e-06
-5.48812e-06
-5.8463e-06
-6.00958e-06
-5.87924e-06
-5.4829e-06
-4.94762e-06
-4.40264e-06
-3.89702e-06
-3.38845e-06
-2.79238e-06
-2.05671e-06
-1.20449e-06
-3.18445e-07
5.11986e-07
1.2396e-06
1.86881e-06
2.43476e-06
2.96799e-06
3.46277e-06
3.87687e-06
4.1621e-06
4.29547e-06
4.28749e-06
4.17017e-06
3.97185e-06
3.69839e-06
3.33866e-06
2.88451e-06
2.34144e-06
1.7242e-06
1.05643e-06
3.74321e-07
-2.87963e-07
-9.37585e-07
-1.45441e-06
-1.21741e-06
3.00271e-07
2.3731e-06
3.71975e-06
3.91451e-06
3.32981e-06
2.61229e-06
2.37669e-06
2.86822e-06
3.70031e-06
4.1616e-06
3.87692e-06
2.96682e-06
1.86529e-06
1.05375e-06
7.36337e-07
7.07821e-07
5.54559e-07
-5.22822e-09
-9.49472e-07
-2.00179e-06
-2.82377e-06
-3.24464e-06
-3.36065e-06
-3.4223e-06
-3.63696e-06
-4.03646e-06
-4.47395e-06
-4.73615e-06
-4.69288e-06
-4.38002e-06
-3.95712e-06
-3.58331e-06
-3.31364e-06
-3.08061e-06
-2.75951e-06
-2.27085e-06
-1.63651e-06
-9.55207e-07
-3.37657e-07
1.56666e-07
5.48694e-07
9.11182e-07
1.30019e-06
1.71037e-06
2.08711e-06
2.36656e-06
2.51194e-06
2.5321e-06
2.47238e-06
2.37791e-06
2.25815e-06
2.08918e-06
1.84334e-06
1.50763e-06
1.09207e-06
6.31999e-07
1.69494e-07
-2.72236e-07
-6.98161e-07
-1.1226e-06
-1.54251e-06
-1.94377e-06
-2.31398e-06
-2.63588e-06
-2.89559e-06
-3.09294e-06
-3.23219e-06
-3.3127e-06
-3.33024e-06
-3.2823e-06
-3.16723e-06
-2.98843e-06
-2.75774e-06
-2.48625e-06
-2.18014e-06
-1.84457e-06
-1.48631e-06
-1.11201e-06
-7.28675e-07
-3.4902e-07
1.46913e-08
3.56192e-07
6.67958e-07
9.43749e-07
1.18233e-06
1.37985e-06
1.52768e-06
1.61986e-06
1.65732e-06
1.64092e-06
1.56774e-06
1.43679e-06
1.25381e-06
1.03348e-06
7.88284e-07
5.2157e-07
2.36153e-07
-6.52469e-08
-3.79662e-07
-6.96294e-07
-9.9848e-07
-1.27395e-06
-1.51736e-06
-1.72766e-06
-1.90657e-06
-2.0577e-06
-2.18086e-06
-2.26377e-06
-2.29342e-06
-2.2686e-06
-2.19343e-06
-2.07596e-06
-1.9299e-06
-1.76396e-06
-1.57482e-06
-1.35851e-06
-1.11703e-06
-8.53721e-07
-5.77586e-07
-3.04279e-07
-4.5741e-08
1.92219e-07
4.03758e-07
5.88417e-07
7.56079e-07
9.10616e-07
1.04084e-06
1.13212e-06
1.17903e-06
1.18414e-06
1.1495e-06
1.08009e-06
9.86558e-07
8.74001e-07
7.34791e-07
5.62084e-07
3.61614e-07
1.44131e-07
-8.14066e-08
-3.08547e-07
-5.33976e-07
-7.54397e-07
-9.65127e-07
-1.1633e-06
-1.34551e-06
-1.50353e-06
-1.62703e-06
-1.71112e-06
-1.75879e-06
-1.77544e-06
-1.76404e-06
-1.7244e-06
-1.65645e-06
-1.55827e-06
-1.42386e-06
-1.2563e-06
-1.07375e-06
-8.89812e-07
-7.01738e-07
-5.04208e-07
-2.97562e-07
-8.53897e-08
1.21468e-07
3.05285e-07
4.55135e-07
5.78015e-07
6.86064e-07
7.8022e-07
8.55989e-07
9.09325e-07
9.33883e-07
9.25123e-07
8.83387e-07
8.10452e-07
7.12583e-07
6.00967e-07
4.80288e-07
3.43671e-07
1.83548e-07
4.2013e-09
-1.79673e-07
-3.54527e-07
-5.19608e-07
-6.83759e-07
-8.43723e-07
-9.86353e-07
-1.1091e-06
-1.21045e-06
-1.28404e-06
-1.32921e-06
-1.3494e-06
-1.34702e-06
-1.32136e-06
-1.2707e-06
-1.19044e-06
-1.07596e-06
-9.33286e-07
-7.76913e-07
-6.18997e-07
-4.64098e-07
-3.09074e-07
-1.44213e-07
3.8016e-08
2.31403e-07
4.14713e-07
5.64311e-07
6.7073e-07
7.44984e-07
8.0691e-07
8.63768e-07
9.04299e-07
9.13518e-07
8.83434e-07
8.13647e-07
7.14739e-07
6.0211e-07
4.82709e-07
3.56841e-07
2.23089e-07
7.69911e-08
-8.68033e-08
-2.64589e-07
-4.39615e-07
-5.9445e-07
-7.19608e-07
-8.15311e-07
-8.94591e-07
-9.72138e-07
-1.0438e-06
-1.09063e-06
-1.10154e-06
-1.0762e-06
-1.01707e-06
-9.35641e-07
-8.4728e-07
-7.5348e-07
-6.46876e-07
-5.22248e-07
-3.77707e-07
-2.19483e-07
-6.26512e-08
8.26226e-08
2.18272e-07
3.4108e-07
4.35246e-07
4.98011e-07
5.47045e-07
5.93237e-07
6.32329e-07
6.56986e-07
6.61364e-07
6.39958e-07
5.93303e-07
5.30456e-07
4.59683e-07
3.87254e-07
3.17017e-07
2.5071e-07
1.94567e-07
1.60232e-07
1.62252e-07
2.16901e-07
3.44701e-07
5.72185e-07
9.23453e-07
1.39946e-06
1.95952e-06
2.51858e-06
2.96711e-06
3.19737e-06
3.08391e-06
2.43919e-06
1.06765e-06
-1.05344e-06
-3.64241e-06
-6.20575e-06
-8.25507e-06
-9.4169e-06
-9.38749e-06
-7.82769e-06
-4.46457e-06
3.89341e-07
5.53257e-06
9.52931e-06
1.16574e-05
1.22075e-05
1.2278e-05
1.32711e-05
1.61882e-05
2.14971e-05
2.97603e-05
4.16886e-05
5.73981e-05
7.62379e-05
9.65485e-05
0.000114895
0.000127642
0.000134396
0.000137574
0.000138268
0.000135864
0.000131285
0.000126666
0.000123001
0.000121198
0.000122822
0.000126945
0.000128697
0.000122968
0.000107806
8.36741e-05
5.1783e-05
1.44535e-05
-2.3689e-05
-5.60013e-05
-7.67776e-05
-8.57777e-05
-9.00205e-05
-9.82034e-05
-0.000111763
-0.000124105
-0.0001288
-0.00012524
-0.000116514
-0.000105821
-9.57778e-05
-8.67813e-05
-7.54649e-05
-5.90674e-05
-4.03205e-05
-2.35665e-05
-6.42742e-06
1.97268e-05
5.95527e-05
0.000108668
0.000159271
0.000205399
0.000242995
0.000270461
0.000290584
0.000308149
0.00032401
0.000335946
0.000345159
0.000353397
0.000354578
0.000339489
0.000307739
0.000267852
0.000229469
0.000199861
0.000180596
0.000163747
0.000137583
9.67101e-05
4.2435e-05
-2.35661e-05
-9.87744e-05
-0.000173832
-0.00023438
-0.000272723
-0.000293606
-0.000305484
-0.000311982
-0.000313286
-0.000308317
-0.000294877
-0.00027313
-0.000248959
-0.000230367
-0.00021952
-0.000210815
-0.000196912
-0.000173465
-0.000140427
-0.00010197
-6.31988e-05
-2.72617e-05
4.17231e-06
3.01009e-05
5.02234e-05
6.43067e-05
7.06736e-05
6.69825e-05
5.49267e-05
4.25713e-05
3.90852e-05
4.8411e-05
6.86015e-05
9.40445e-05
0.000115743
0.000122667
0.000109891
8.40495e-05
5.55908e-05
2.97912e-05
9.02965e-06
-2.54724e-06
-1.38335e-06
1.1397e-05
2.9791e-05
4.70316e-05
6.01496e-05
6.94128e-05
7.52563e-05
7.79285e-05
7.8183e-05
7.55403e-05
6.73915e-05
5.26404e-05
3.36092e-05
1.18415e-05
-1.45245e-05
-4.6755e-05
-8.24689e-05
-0.000119715
-0.000160798
-0.000207751
-0.000257836
-0.000308135
-0.000359093
-0.000409178
-0.000451195
-0.000477779
-0.000487432
-0.000482948
-0.000467398
-0.000443036
-0.000410382
-0.000367283
-0.000311599
-0.000245749
-0.00017655
-0.000109885
-4.74811e-05
1.17416e-05
6.98414e-05
0.000128786
0.000188961
0.000248021
0.000301799
0.000346229
0.000377444
0.000392828
0.000394094
0.000386224
0.00037233
0.000352203
0.000325756
0.000293878
0.000256251
0.000212972
0.000167928
0.000126896
9.17162e-05
5.89594e-05
2.44834e-05
-1.38187e-05
-5.56706e-05
-9.74468e-05
-0.000134017
-0.000164025
-0.000192407
-0.000225725
-0.000266007
-0.000309725
-0.000349642
-0.00037797
-0.000391184
-0.000392216
-0.00038639
-0.000375444
-0.000357578
-0.00033142
-0.0002972
-0.000256268
-0.000211082
-0.000164077
-0.000115944
-6.61598e-05
-1.57978e-05
3.15389e-05
7.25539e-05
0.000106611
0.000134439
0.000156911
0.00017564
0.000192305
0.000206837
0.000216522
0.00021797
0.000211078
0.000199838
0.00018881
0.000179396
0.000169964
0.00015951
0.000149231
0.000140394
0.000133682
0.000129852
0.000127301
0.000118999
9.55779e-05
5.3038e-05
-4.73654e-06
-7.03675e-05
-0.000137621
-0.000203825
-0.000270209
-0.000338502
-0.00040608
-0.000466242
-0.000513231
-0.0005455
-0.000564943
-0.000573658
-0.000571336
-0.000556602
-0.000530115
-0.000495003
-0.000454316
-0.0004079
-0.000352484
-0.000284038
-0.000198941
-9.59039e-05
2.14593e-05
0.000145927
0.000270992
0.000392467
0.000506923
0.000611862
0.000706293
0.000787067
0.000846395
0.000877525
0.000880107
0.000856473
0.000808721
0.000741982
0.000662799
0.000572768
0.000469702
0.00035534
0.000236875
0.000120552
8.10166e-06
-0.000100126
-0.000203491
-0.000303256
-0.000401549
-0.000497469
-0.000586499
-0.000663135
-0.000722078
-0.000758438
-0.00077067
-0.000762271
-0.000738033
-0.000699631
-0.00064566
-0.000574806
-0.000487762
-0.000387676
-0.000280707
-0.000173836
-7.13002e-05
2.55831e-05
0.000116868
0.000203633
0.000288467
0.000372593
0.000451231
0.000514982
0.000555903
0.000572978
0.000572138
0.00055956
0.000536718
0.000501916
0.000454383
0.000395839
0.000327463
0.000248326
0.000159126
6.30802e-05
-3.77832e-05
-0.000141195
-0.00023985
-0.000323696
-0.000387643
-0.00043456
-0.000470798
-0.000501662
-0.000529952
-0.000552292
-0.000558506
-0.000542074
-0.000507863
-0.000464057
-0.000412572
-0.00035203
-0.000284264
-0.00021288
-0.000138746
-6.15591e-05
1.71572e-05
9.61632e-05
0.000175073
0.000249951
0.000313224
0.000360061
0.000391145
0.0004094
0.000416347
0.000410892
0.000391457
0.000359612
0.000320801
0.000280729
0.000241794
0.000203612
0.000163414
0.000114558
4.90871e-05
-3.5128e-05
-0.00013067
-0.000225936
-0.000312335
-0.000386581
-0.0004509
-0.000510883
-0.000571306
-0.000632639
-0.000688956
-0.000730075
-0.000748891
-0.000747305
-0.000733691
-0.000714334
-0.000688933
-0.000655565
-0.000614849
-0.00056595
-0.000505827
-0.000435209
-0.00035955
-0.000282623
-0.000202879
-0.000119248
-3.74526e-05
3.60133e-05
0.00010296
0.000169791
0.000239613
0.000311759
0.000383903
0.000451822
0.000508484
0.000546142
0.000560548
0.000552809
0.000527693
0.000490444
0.000445139
0.000394307
0.00033943
0.000284735
0.000240203
0.000215403
0.000209216
0.000210624
0.000208797
0.000200164
0.00018989
0.000188256
0.000203737
0.000235055
0.000268484
0.000287626
0.000286
0.000268866
0.000245551
0.000222184
0.000200593
0.000180832
0.000162436
0.000142847
0.000118244
8.95399e-05
6.33895e-05
4.32924e-05
2.56646e-05
8.30025e-06
-3.03075e-06
3.5414e-07
2.05649e-05
5.20169e-05
8.91598e-05
0.000131364
0.000180489
0.000236114
0.000296578
0.00036433
0.0004421
0.000525291
0.000606275
0.000682284
0.000756082
0.000832873
0.000915371
0.00100049
0.00108259
0.00115545
0.00120871
0.00123102
0.00122044
0.00118565
0.0011367
0.00107841
0.00101202
0.000938207
0.000856769
0.000766259
0.000666035
0.000557919
0.000442355
0.000313332
0.000162796
-1.05513e-05
-0.000200146
-0.000396678
-0.000593966
-0.000792574
-0.000998477
-0.00121773
-0.00144905
-0.00167895
-0.00188749
-0.00206148
-0.00220073
-0.00231292
-0.00240387
-0.00246859
-0.00249092
-0.00245442
-0.00235422
-0.00219991
-0.00200841
-0.00179409
-0.00156411
-0.00131801
-0.00105237
-0.000770723
-0.000487313
-0.000220588
1.64722e-05
0.000222406
0.000403525
0.000563476
0.000698076
0.000799708
0.000862791
0.000884917
0.000867403
0.000814777
0.000730661
0.000614752
0.000466644
0.000293715
0.000115914
-3.68475e-05
-0.000137786
-0.000179804
-0.000177957
-0.000154809
-0.000122505
-7.37073e-05
1.29123e-05
0.000156208
0.000358271
0.000601489
0.00085602
0.00109387
0.00130331
0.00149217
0.00167521
0.00185585
0.00201639
0.00212521
0.00215838
0.0021165
0.00201892
0.00188446
0.00172102
0.00152796
0.00130227
0.00104482
0.000767116
0.00049227
0.000244937
3.7873e-05
-0.000131111
-0.000268618
-0.00037329
-0.000433634
-0.000433982
-0.000363433
-0.000223032
-2.28028e-05
0.000226808
0.00051812
0.000846609
0.00121085
0.00160749
0.00202516
0.0024456
0.00284956
0.00322022
0.00354363
0.00380913
0.00400905
0.0041354
0.00417426
0.0041017
0.00388974
0.00352598
0.00302945
0.0024417
0.0018017
0.00112496
0.000399901
-0.000390559
-0.00124449
-0.00214497
-0.00307739
-0.00403362
-0.0050091
-0.00600139
-0.00700421
-0.00799415
-0.00892359
-0.00973146
-0.0103568
-0.0107402
-0.0108348
-0.0106385
-0.010212
-0.00964385
-0.00898354
-0.00821141
-0.00727079
-0.00612841
-0.00481669
-0.00343069
-0.00207792
-0.000814896
0.000370197
0.00151541
0.00263108
0.00367769
0.00458484
0.00529333
0.00578821
0.00609854
0.00627097
0.00634018
0.00630707
0.00613915
0.00580259
0.00529981
0.00467543
0.00398854
0.00328316
0.00257702
0.0018696
0.00116306
0.000479386
-0.000142201
-0.000662384
-0.00105473
-0.00130718
-0.00142145
-0.00141322
-0.001303
-0.00109998
-0.000796792
-0.000383807
0.000130706
0.00071353
0.00131841
0.0019082
0.0024674
0.00299388
0.00348151
0.00390889
0.00424088
0.00444084
0.00448367
0.0043647
0.00410333
0.00373456
0.00328972
0.00278252
0.00221037
0.0015657
0.000849729
8.38128e-05
-0.000690742
-0.00142869
-0.00210034
-0.00270223
-0.00325399
-0.00377696
-0.00426796
-0.00469406
-0.00500926
-0.00517525
-0.00517566
-0.00501908
-0.00472741
-0.00431861
-0.00380137
-0.00317883
-0.0024517
-0.00162509
-0.000716684
0.000243909
0.00122271
0.00218731
0.00310935
0.00396675
0.00474398
0.00542685
0.00599511
0.00642181
0.00668219
0.00676318
0.0066652
0.00639868
0.00597909
0.00542106
0.00473585
0.00393761
0.00304929
0.00209583
0.00109502
6.32679e-05
-0.000971963
-0.00197314
-0.00290503
-0.00374421
-0.00447871
-0.00509876
-0.00558976
-0.00593775
-0.00613805
-0.0061928
-0.006102
-0.00586239
-0.00547592
-0.00495594
-0.00432303
-0.00359753
-0.00279825
-0.00194502
-0.00105953
-0.000164385
0.000718412
0.00156814
0.00236594
0.0030939
0.00373165
0.00425665
0.00465211
0.00491213
0.00503507
0.00501623
0.00485159
0.00454497
0.00410803
0.00355664
0.00290914
0.00218499
0.00140388
0.000586866
-0.00024489
-0.00107253
-0.00187805
-0.0026416
-0.00334281
-0.00396477
-0.00449585
-0.00492882
-0.00525931
-0.00548318
-0.00559454
-0.00558578
-0.005449
-0.00518139
-0.00479218
-0.00430105
-0.00372736
-0.00308288
-0.00237487
-0.00161391
-0.000817526
-7.29123e-06
0.000794633
0.00156607
0.00228795
0.00294854
0.00354064
0.00405424
0.00447459
0.00478795
0.00498858
0.00508005
0.00506944
0.00496105
0.00475767
0.00446465
0.00408902
0.00363873
0.00312489
0.00256275
0.00196985
0.00136414
0.000761981
0.000175612
-0.000386685
-0.00091724
-0.0014067
-0.00184483
-0.00222207
-0.00253046
-0.00276495
-0.00292483
-0.00301314
-0.00303406
-0.00298941
-0.00287754
-0.00269825
-0.00245978
-0.00217866
-0.00187169
-0.00154986
-0.00121905
-0.000883552
-0.00054979
-0.000228138
6.80808e-05
0.000324778
0.000530662
0.000681766
0.000781896
0.000836121
0.000843598
0.000798684
0.000698334
0.000546119
0.00035044
0.000121502
-0.000131572
-0.000404296
-0.000697139
-0.00100806
-0.00132297
-0.00161692
-0.00186711
-0.00206232
-0.00220019
-0.00228199
-0.00231087
-0.00228974
-0.00221986
-0.00210189
-0.0019355
-0.00171811
-0.00144728
-0.00112632
-0.000769158
-0.000397935
-3.16596e-05
0.000322531
0.000665281
0.000994383
0.00130005
0.00156966
0.00179426
0.00196962
0.0020949
0.00217337
0.00221201
0.00221725
0.00219096
0.00213076
0.00203506
0.00190865
0.00176234
0.00160639
0.00144527
0.0012798
0.00111227
0.000947469
0.000789693
0.000639878
0.000496129
0.00035769
0.000227381
0.00010886
4.20466e-06
-8.44416e-05
-0.000155421
-0.000209097
-0.000243367
-0.000252732
-0.000235512
-0.00019619
-0.000141216
-7.48886e-05
8.33062e-07
8.4778e-05
0.000177329
0.000278516
0.000383559
0.000481471
0.000559452
0.000610052
0.000633299
0.00063338
0.000613996
0.000575803
0.000517228
0.000436448
0.000333876
0.00021506
8.95836e-05
-3.57375e-05
-0.000161209
-0.000291222
-0.000428805
-0.000570647
-0.000703788
-0.0008096
-0.000875717
-0.000904518
-0.00090811
-0.000894859
-0.000862106
-0.000802526
-0.000712937
-0.000595197
-0.000455676
-0.00030518
-0.000155166
-1.3718e-05
0.00011603
0.000235364
0.000347543
0.000453617
0.000547392
0.000618365
0.000663179
0.000688975
0.000707478
0.000729809
0.000759893
0.000789557
0.000804471
0.000797023
0.000772501
0.00074155
0.000708882
0.000670942
0.000620062
0.000550047
0.000461046
0.00035776
0.000244505
0.000124968
2.48855e-06
-0.000123678
-0.000258422
-0.000403171
-0.000551625
-0.000693859
-0.000822065
-0.000933756
-0.00103092
-0.00111515
-0.00118337
-0.0012295
-0.00124925
-0.00124152
-0.00120747
-0.00115045
-0.00107447
-0.000981063
-0.000868363
-0.000734423
-0.000582421
-0.000421204
-0.000259269
-0.000100106
5.58839e-05
0.00020781
0.000352779
0.000484942
0.000596224
0.000680391
0.00073442
0.000755137
0.000740237
0.000691277
0.00061186
0.000506167
0.000376898
0.000223697
4.68885e-05
-0.00014978
-0.000359469
-0.000573893
-0.000785124
-0.000984312
-0.00116053
-0.00130358
-0.00140927
-0.00148209
-0.00153041
-0.00155762
-0.00155772
-0.00152124
-0.00144525
-0.00133659
-0.00120717
-0.00106786
-0.000925249
-0.000780009
-0.000627589
-0.000464165
-0.000293189
-0.000123673
3.65661e-05
0.000183219
0.000315446
0.000436906
0.000552694
0.000662228
0.000757214
0.000828325
0.000872455
0.000893071
0.000895759
0.000883822
0.000856343
0.000809743
0.000741502
0.000652915
0.00054926
0.000437762
0.000324924
0.000215167
0.000110971
1.31572e-05
-7.83712e-05
-0.000162401
-0.00023481
-0.000290154
-0.0003243
-0.000335302
-0.000323992
-0.000294316
-0.000250529
-0.000193793
-0.00012262
-3.53234e-05
6.80101e-05
0.000183836
0.000304897
0.00042285
0.000532358
0.000632564
0.000724335
0.000806394
0.000873447
0.000917334
0.000931084
0.000912961
0.000866587
0.000797787
0.000711519
0.000610383
0.000495025
0.000366496
0.000228711
8.83525e-05
-4.7682e-05
-0.00017482
-0.000291243
-0.000396328
-0.000489454
-0.000570392
-0.000639519
-0.000696655
-0.000740517
-0.000769891
-0.000784046
-0.000781469
-0.000759531
-0.000715915
-0.000649273
-0.000558639
-0.000444111
-0.000309246
-0.000161616
-9.17488e-06
0.000144019
0.000297847
0.000452227
0.000604144
0.000749262
0.000884617
0.00100787
0.00111636
0.00120835
0.00128337
0.0013408
0.00137889
0.00139558
0.00139046
0.00136448
0.00131797
0.00125044
0.00116218
0.00105504
0.000932327
0.000798893
0.000660199
0.000520165
0.000380694
0.000243617
0.00011198
-1.10086e-05
-0.000123008
-0.000222041
-0.000306417
-0.00037542
-0.000429666
-0.000470636
-0.000498884
-0.000513388
-0.000513469
-0.000499975
-0.000474619
-0.000439381
-0.000395751
-0.000343251
-0.0002798
-0.000205362
-0.000124249
-4.23916e-05
3.6917e-05
0.000113923
0.000189663
0.000263312
0.000332649
0.000395851
0.000451491
0.000497623
0.000532416
0.000555447
0.000567465
0.000568498
0.000555855
0.000525059
0.000474135
0.000405904
0.000325273
0.000235445
0.000137031
2.9842e-05
-8.49214e-05
-0.00020416
-0.000323552
-0.000437789
-0.000541689
-0.000632396
-0.000709558
-0.000772818
-0.000820086
-0.000849164
-0.000860541
-0.000857106
-0.000841635
-0.000816411
-0.000784236
-0.000747376
-0.000706369
-0.000661564
-0.000614757
-0.000568753
-0.000526308
-0.000488849
-0.000455531
-0.000425032
-0.000398496
-0.000378762
-0.000366927
-0.000361453
-0.000359998
-0.000360914
-0.000363598
-0.000367828
-0.000372887
-0.000377684
-0.000381373
-0.000383339
-0.00038285
-0.000379406
-0.000372939
-0.000362941
-0.000348386
-0.000328426
-0.000301919
-0.000266943
-0.00022205
-0.000168126
-0.000108725
-4.78863e-05
1.23308e-05
7.10645e-05
0.000126532
0.000176543
0.00021962
0.000253605
0.000274321
0.000277842
0.000264119
0.000236737
0.00019886
0.000149939
8.61583e-05
4.12982e-06
-9.53895e-05
-0.000206727
-0.00032133
-0.000430607
-0.000528679
-0.000614281
-0.000689136
-0.000753197
-0.000802251
-0.00083028
-0.000833141
-0.000810424
-0.000765073
-0.000701482
-0.000622807
-0.000529515
-0.000421153
-0.000299235
-0.000167774
-3.17e-05
0.000104476
0.000237084
0.000363498
0.00048236
0.000592781
0.000692184
0.000775232
0.000835807
0.000870282
0.000878554
0.000862173
0.000822474
0.000760313
0.000677035
0.000575521
0.000459975
0.000335287
0.000207108
8.1584e-05
-3.56813e-05
-0.000140554
-0.000230992
-0.000306649
-0.000366875
-0.000409406
-0.000431811
-0.000433574
-0.000415939
-0.000380151
-0.000326617
-0.000255445
-0.000167286
-6.40109e-05
5.16233e-05
0.000177147
0.00031042
0.000448482
0.000586999
0.000720748
0.000844159
0.000951196
0.00103517
0.00108965
0.00111052
0.00109716
0.00105083
0.000971991
0.000859946
0.00071508
0.000541401
0.000346539
0.000138788
-7.57291e-05
-0.000292478
-0.000505493
-0.000705965
-0.000884013
-0.00103125
-0.00114239
-0.00121591
-0.00125326
-0.00125612
-0.00122399
-0.00115456
-0.00104701
-0.000904486
-0.00073348
-0.000541312
-0.000334842
-0.000120913
9.33668e-05
0.000301042
0.000494953
0.000666964
0.00080853
0.000912725
0.000976262
0.00099992
0.000986525
0.000938017
0.000855091
0.00073949
0.000594787
0.000425712
0.00023891
4.37041e-05
-0.000149434
-0.000331619
-0.00049714
-0.000642928
-0.000766645
-0.000865276
-0.000935394
-0.000974478
-0.00098206
-0.00095991
-0.000911107
-0.000838832
-0.000746118
-0.000636566
-0.000514802
-0.000386516
-0.000257969
-0.000134722
-2.09505e-05
7.9995e-05
0.000165257
0.000232834
0.00028177
0.000311955
0.000324109
0.00032002
0.000302716
0.00027675
0.00024757
0.000219021
0.000191488
0.000163051
0.000132261
9.9985e-05
6.89261e-05
4.14672e-05
1.79452e-05
-3.25541e-06
-2.38186e-05
-4.31288e-05
-5.78215e-05
-6.41589e-05
-6.05865e-05
-4.76841e-05
-2.64692e-05
2.59536e-06
3.98958e-05
8.66485e-05
0.000143689
0.000209945
0.000282681
0.000359248
0.00043812
0.000518075
0.000596987
0.000672328
0.000742575
0.000807139
0.000865003
0.000914101
0.000951753
0.000975172
0.000981629
0.000968543
0.000933965
0.000877222
0.000798882
0.000700281
0.000583797
0.000453515
0.000314433
0.000170627
2.47574e-05
-0.000120548
-0.000260905
-0.000389788
-0.000500605
-0.000589227
-0.000653906
-0.000693728
-0.000707966
-0.000695767
-0.000656108
-0.000588794
-0.000495622
-0.000380435
-0.000247995
-0.000102814
5.12886e-05
0.000211508
0.000375914
0.000541983
0.000705372
0.000860972
0.00100526
0.00113684
0.00125445
0.00135522
0.00143559
0.00149336
0.00152886
0.00154388
0.00153917
0.00151363
0.00146584
0.00139554
0.00130326
0.00118958
0.0010549
0.000899608
0.000724502
0.000531444
0.000323619
0.000104765
-0.000121222
-0.000349891
-0.000576433
-0.000796506
-0.00100654
-0.00120296
-0.00138113
-0.00153553
-0.00166105
-0.00175351
-0.0018092
-0.00182487
-0.00179882
-0.0017311
-0.00162263
-0.00147491
-0.00129097
-0.00107606
-0.000837198
-0.000581926
-0.000317264
-4.96346e-05
0.000214234
0.000466958
0.000701379
0.000911205
0.00109065
0.00123439
0.00133808
0.00139816
0.00141201
0.00137887
0.00129991
0.00117709
0.00101302
0.000811615
0.00057809
0.000318703
4.12787e-05
-0.000244167
-0.000525831
-0.000792442
-0.00103618
-0.00125289
-0.00143936
-0.00159081
-0.001701
-0.00176477
-0.00178098
-0.0017527
-0.0016842
-0.00157855
-0.00143808
-0.00126545
-0.00106421
-0.000839258
-0.00059711
-0.00034531
-9.17477e-05
0.000155864
0.000390494
0.000605896
0.000796812
0.000959439
0.00109102
0.00118924
0.00125278
0.00128221
0.00127971
0.00124823
0.00119131
0.00111276
0.0010157
0.000902249
0.000774795
0.000637412
0.000494895
0.000350586
0.000205496
5.86855e-05
-9.16349e-05
-0.000246131
-0.00040254
-0.00055623
-0.000703037
-0.000841061
-0.000970273
-0.00109139
-0.00120396
-0.0013045
-0.00138703
-0.0014457
-0.00147713
-0.00148077
-0.00145765
-0.0014088
-0.00133465
-0.00123603
-0.00111461
-0.000972086
-0.000810491
-0.000633978
-0.000448773
-0.000260775
-7.37942e-05
0.000109802
0.00028699
0.000453011
0.000602607
0.000732157
0.000840305
0.000926882
0.000991704
0.0010341
0.00105292
0.00104703
0.00101608
0.000961227
0.000884801
0.000789411
0.000676692
0.000546917
0.000400451
0.000239906
7.07268e-05
-0.000100474
-0.000268318
-0.000429753
-0.000583163
-0.000726695
-0.000857361
-0.000970801
-0.00106162
-0.00112538
-0.00116111
-0.00117104
-0.00115762
-0.00112153
-0.00106212
-0.000979122
-0.000874021
-0.000750385
-0.000612676
-0.000464985
-0.000310886
-0.000153777
3.35731e-06
0.000158247
0.000308559
0.00045092
0.000581171
0.000695428
0.000791078
0.000867231
0.00092402
0.000961136
0.000977515
0.000972524
0.00094677
0.00090179
0.000839562
0.000762282
0.000672101
0.000570927
0.000460663
0.000343652
0.000222893
0.000101931
-1.55954e-05
-0.000126622
-0.000229178
-0.000322208
-0.000404574
-0.000474384
-0.000529401
-0.000567729
-0.000588431
-0.000592179
-0.000580741
-0.000555066
-0.000514624
-0.000459237
-0.000390531
-0.000311133
-0.000223372
-0.000129034
-2.9819e-05
7.23672e-05
0.000175681
0.000278394
0.000378135
0.000471496
0.000554878
0.000625924
0.000684161
0.000730025
0.000763347
0.000783077
0.000788373
0.000779584
0.000758108
0.000725423
0.000682248
0.000628528
0.000564154
0.000489889
0.000407739
0.000320556
0.000231126
0.000140846
4.90955e-05
-4.53266e-05
-0.000142108
-0.000239117
-0.000333486
-0.000422545
-0.000504374
-0.000577846
-0.000642037
-0.000695489
-0.000735854
-0.000760262
-0.000766563
-0.000754522
-0.000725724
-0.000682634
-0.00062752
-0.000561258
-0.000483188
-0.000392781
-0.000291366
-0.000182326
-7.01711e-05
4.05999e-05
0.000146469
0.000245369
0.00033624
0.000418018
0.000488858
0.000546106
0.00058718
0.000610685
0.000616908
0.000607426
0.000583718
0.000545849
0.000492947
0.000425066
0.00034415
0.000253154
0.000154757
5.09396e-05
-5.67609e-05
-0.000166922
-0.000278
-0.000387825
-0.000493203
-0.000590439
-0.000676131
-0.000747185
-0.000800585
-0.000833606
-0.000844133
-0.000830787
-0.000793078
-0.000731798
-0.000649101
-0.000547617
-0.000429412
-0.000296301
-0.000150938
3.28792e-06
0.000163167
0.000325493
0.000486148
0.000640236
0.000783201
0.000911396
0.00102167
0.00111131
0.00117851
0.00122214
0.00124108
0.00123429
0.00120178
0.00114532
0.00106795
0.00097263
0.000861673
0.000736946
0.000600206
0.000453427
0.000299382
0.000141597
-1.68977e-05
-0.000174454
-0.000329686
-0.000480029
-0.000621964
-0.000751847
-0.000866377
-0.000962998
-0.00104021
-0.00109753
-0.00113481
-0.00115176
-0.00114797
-0.0011237
-0.00108035
-0.0010203
-0.000946274
-0.000860695
-0.000765451
-0.000662018
-0.000551775
-0.000436426
-0.00031821
-0.000199644
-8.29099e-05
3.04735e-05
0.000138993
0.000240205
0.000331017
0.000408714
0.000471337
0.000517639
0.000547151
0.00056001
0.000556496
0.000536843
0.000501459
0.000451319
0.00038828
0.000315159
0.00023549
0.000152815
7.01544e-05
-9.53019e-06
-8.28495e-05
-0.000146496
-0.00019817
-0.000236881
-0.000262248
-0.000273539
-0.000269656
-0.000249886
-0.000214191
-0.000163076
-9.78769e-05
-2.13084e-05
6.28386e-05
0.000150796
0.000239474
0.000326168
0.000408153
0.000483171
0.000550034
0.000608095
0.000656334
0.000693227
0.000717239
0.000727354
0.000723203
0.000704827
0.000672398
0.000626064
0.000566104
0.000493271
0.000408774
0.000313881
0.00020979
9.79334e-05
-1.95431e-05
-0.000139572
-0.000258557
-0.000373077
-0.000480361
-0.000578182
-0.000664372
-0.000736466
-0.000791595
-0.000826894
-0.000840658
-0.000833157
-0.000805871
-0.000760033
-0.000696316
-0.000615553
-0.000519218
-0.000409567
-0.000289752
-0.000163678
-3.53564e-05
9.17895e-05
0.000215061
0.000332033
0.00044005
0.000536164
0.000617546
0.000681863
0.000727429
0.00075345
0.000760171
0.000748352
0.00071855
0.000671252
0.000607823
0.000531157
0.000445343
0.000354867
0.000263928
0.000175894
9.28125e-05
1.54045e-05
-5.60178e-05
-0.000120375
-0.000175615
-0.000219686
-0.000251599
-0.00027187
-0.000282287
-0.000284755
-0.000280131
-0.000268274
-0.000248645
-0.000220764
-0.000184727
-0.000141559
-9.27633e-05
-3.95708e-05
1.69388e-05
7.5393e-05
0.000134384
0.000192699
0.00024887
0.000300978
0.000347236
0.000386346
0.000417198
0.0004389
0.000451136
0.000453866
0.000446664
0.000428755
0.000399644
0.000359397
0.000308589
0.000248421
0.000180504
0.000106106
2.59234e-05
-5.9279e-05
-0.000148202
-0.000239094
-0.000329851
-0.000418169
-0.000501764
-0.000578523
-0.00064666
-0.000704868
-0.000752171
-0.000787438
-0.000809226
-0.000816339
-0.000808449
-0.000786082
-0.000750205
-0.00070207
-0.000643039
-0.000574049
-0.000495591
-0.000408594
-0.000315029
-0.000217679
-0.000119738
-2.43921e-05
6.56692e-05
0.000148172
0.000220814
0.000281426
0.000328019
0.000358328
0.000370301
0.000363469
0.000339262
0.000299742
0.000246294
0.000179612
0.000100312
9.37196e-06
-9.12534e-05
-0.000198199
-0.0003073
-0.00041467
-0.00051713
-0.00061188
-0.000695967
-0.000766021
-0.000818489
-0.000850337
-0.000859952
-0.000847504
-0.00081422
-0.000761367
-0.000690088
-0.000601782
-0.000498364
-0.000382301
-0.000256605
-0.000124945
8.67332e-06
0.000140764
0.000268696
0.000390039
0.000502122
0.000602643
0.000690015
0.000762873
0.000820048
0.000861224
0.000887114
0.000898818
0.000897232
0.000882966
0.000856499
0.000818473
0.000769777
0.000711313
0.000643869
0.00056828
0.000485598
0.000397036
0.000304105
0.000209044
0.00011457
2.30414e-05
-6.34813e-05
-0.000142495
-0.000211009
-0.000266248
-0.000306301
-0.000330217
-0.000337653
-0.000328684
-0.00030386
-0.000264274
-0.000211533
-0.000147706
-7.52248e-05
3.37316e-06
8.57816e-05
0.000169995
0.000254044
0.000335667
0.00041236
0.000481721
0.000541588
0.000589889
0.0006247
0.000644741
0.000649577
0.000639207
0.000613789
0.000573774
0.000520042
0.000453881
0.00037725
0.000293126
0.000204729
0.000114211
2.28048e-05
-6.78333e-05
-0.000155021
-0.000235598
-0.000306704
-0.000366216
-0.00041296
-0.00044674
-0.000467961
-0.000477008
-0.000473941
-0.000458764
-0.000431925
-0.000394527
-0.000348185
-0.00029486
-0.000236578
-0.000175167
-0.000112418
-5.03142e-05
9.06712e-06
6.37886e-05
0.000112132
0.000152387
0.000182794
0.000201991
0.000209447
0.000205293
0.000189813
0.000163348
0.000126666
8.12864e-05
2.9438e-05
-2.64481e-05
-8.42195e-05
-0.00014194
-0.000197709
-0.000249741
-0.000296495
-0.000336571
-0.00036849
-0.000390843
-0.000402603
-0.000403076
-0.000391952
-0.000369628
-0.000337105
-0.000295474
-0.000245752
-0.000189112
-0.000126981
-6.09579e-05
7.16026e-06
7.53898e-05
0.00014181
0.000204714
0.000262649
0.000314526
0.00035945
0.000396267
0.000423515
0.00043997
0.00044497
0.000438114
0.000419067
0.000387883
0.000345202
0.000292107
0.000230008
0.000160559
8.5531e-05
6.73266e-06
-7.398e-05
-0.00015465
-0.000233261
-0.000307883
-0.000376862
-0.000438927
-0.000493088
-0.000538382
-0.000573596
-0.000597221
-0.000607755
-0.000604189
-0.000586401
-0.000555096
-0.000511414
-0.000456586
-0.000391675
-0.000317583
-0.000235479
-0.000147141
-5.48708e-05
3.89675e-05
0.000132353
0.00022369
0.000311694
0.000395107
0.00047238
0.000541696
0.000601347
0.000650005
0.000686684
0.000710668
0.000721586
0.000719395
0.000704175
0.000675954
0.00063466
0.00058039
0.000513789
0.000435976
0.000348231
0.000252008
0.000149031
4.11384e-05
-6.97975e-05
-0.000181743
-0.000292414
-0.000399327
-0.000499856
-0.00059132
-0.000671226
-0.000737515
-0.00078854
-0.000822948
-0.000839723
-0.000838289
-0.000818507
-0.00078069
-0.000725656
-0.000654612
-0.000569052
-0.000470873
-0.000362314
-0.000245681
-0.000123332
2.09491e-06
0.000127532
0.000249638
0.000365181
0.000471308
0.000565479
0.000645235
0.000708131
0.000751926
0.000775031
0.000776911
0.000758076
0.000719851
0.000664347
0.000594352
0.000512695
0.000421824
0.000324262
0.000223086
0.0001218
2.39346e-05
-6.74407e-05
-0.000149968
-0.000221852
-0.000281747
-0.000328858
-0.000362889
-0.000383876
-0.000392212
-0.00038875
-0.000374784
-0.000351889
-0.000321603
-0.000285144
-0.000243594
-0.000198275
-0.000150667
-0.00010203
-5.33015e-05
-5.1646e-06
4.19821e-05
8.80065e-05
0.00013276
0.000175751
0.000216022
0.000252288
0.000283185
0.000307394
0.000323579
0.000330418
0.000326816
0.000312175
0.00028655
0.000250477
0.00020464
0.000149756
8.66519e-05
1.64068e-05
-5.92985e-05
-0.000137893
-0.000216271
-0.000291704
-0.000362557
-0.000428216
-0.000488389
-0.000542346
-0.000588649
-0.000625402
-0.000650836
-0.000664002
-0.000665051
-0.000654813
-0.000634132
-0.000603481
-0.000563021
-0.000513059
-0.000454465
-0.000388648
-0.00031719
-0.000241546
-0.000162903
-8.21145e-05
6.17809e-08
8.24466e-05
0.000163227
0.000240337
0.000312092
0.000377502
0.000436101
0.000487509
0.000531085
0.00056587
0.000590786
0.000605013
0.000608431
0.000601732
0.000585967
0.000561897
0.00052969
0.000489303
0.000441144
0.000386153
0.000325417
0.000260102
0.000191732
0.000122098
5.29007e-05
-1.43006e-05
-7.79251e-05
-0.000136402
-0.000188279
-0.000232134
-0.000266523
-0.000290295
-0.000302832
-0.000303917
-0.000293624
-0.000272382
-0.000240888
-0.000199948
-0.000150402
-9.3218e-05
-2.96712e-05
3.85238e-05
0.000109319
0.000180614
0.000250387
0.000316616
0.000377215
0.000430007
0.000472672
0.000502855
0.000518674
0.000519425
0.000505747
0.000479068
0.000440935
0.000392674
0.000335441
0.000270654
0.000200513
0.000127978
5.61964e-05
-1.21938e-05
-7.55119e-05
-0.00013293
-0.000183926
-0.00022782
-0.00026361
-0.000290117
-0.000306425
-0.000312363
-0.000308606
-0.000296329
-0.000276705
-0.00025067
-0.000218975
-0.000182346
-0.000141718
-9.83843e-05
-5.38601e-05
-9.60009e-06
3.31807e-05
7.35057e-05
0.000110485
0.000143241
0.000170949
0.00019278
0.000207952
0.000215894
0.000216231
0.000208625
0.000192727
0.000168245
0.000135243
9.44867e-05
4.72939e-05
-4.99264e-06
-6.13593e-05
-0.00012103
-0.000183107
-0.000246275
-0.00030877
-0.000368638
-0.000424168
-0.000474143
-0.0005178
-0.000554666
-0.0005843
-0.000605995
-0.000618779
-0.000621963
-0.000615651
-0.000600514
-0.000577107
-0.00054564
-0.00050632
-0.000459737
-0.000406982
-0.000349518
-0.000288914
-0.000226617
-0.000163847
-0.000101665
-4.1152e-05
1.64435e-05
6.97749e-05
0.00011769
0.000159434
0.000194538
0.000222613
0.00024328
0.000256208
0.000261259
0.000258547
0.00024838
0.000231298
0.000208188
0.000180203
0.000148572
0.000114483
7.91522e-05
4.3981e-05
1.05246e-05
-1.97656e-05
-4.57594e-05
-6.67069e-05
-8.22113e-05
-9.20713e-05
-9.60333e-05
-9.37768e-05
-8.51835e-05
-7.05026e-05
-5.01899e-05
-2.47057e-05
5.5008e-06
3.99934e-05
7.83471e-05
0.000119956
0.000163783
0.000208397
0.000252319
0.00029424
0.000332858
0.000366773
0.000394606
0.000415019
0.000426711
0.000428653
0.000420359
0.000401858
0.000373622
0.000336687
0.000292631
0.000243162
0.000189869
0.000134419
7.87639e-05
2.50716e-05
-2.45406e-05
-6.82625e-05
-0.00010467
-0.000132795
-0.000152216
-0.000162846
-0.000164615
-0.000157358
-0.00014102
-0.00011601
-8.33738e-05
-4.45482e-05
-9.23927e-07
4.63402e-05
9.62146e-05
0.000147754
0.000200036
0.000251907
0.000301816
0.000348088
0.000389355
0.00042467
0.000453424
0.000475139
0.00048905
0.000493922
0.000488494
0.000472117
0.000444957
0.000407804
0.000361864
0.000308484
0.00024886
0.000184086
0.000115512
4.49502e-05
-2.55525e-05
-9.40617e-05
-0.00015897
-0.000219063
-0.000273417
-0.000321198
-0.000361518
-0.000393448
-0.000416215
-0.000429446
-0.000433196
-0.000427767
-0.00041361
-0.00039142
-0.000362166
-0.000326897
-0.000286662
-0.000242644
-0.000196212
-0.000148774
-0.000101584
-5.56607e-05
-1.19264e-05
2.85393e-05
6.45213e-05
9.49577e-05
0.000119117
0.000136607
0.000147399
0.000151768
0.000150067
0.000142529
0.000129258
0.000110375
8.62136e-05
5.74135e-05
2.47528e-05
-1.10489e-05
-4.93296e-05
-8.93651e-05
-0.000130301
-0.000171176
-0.000210936
-0.000248409
-0.000282412
-0.000312017
-0.000336661
-0.000356016
-0.000369936
-0.000378546
-0.000382264
-0.000381689
-0.000377431
-0.000370063
-0.00036019
-0.000348462
-0.000335523
-0.000322058
-0.000308925
-0.00029701
-0.000286794
-0.000278166
-0.000270819
-0.000264714
-0.000259982
-0.000256459
-0.000253483
-0.000250039
-0.000244853
-0.000236512
-0.000223877
-0.000206535
-0.000184779
-0.000159157
-0.000130007
-9.73329e-05
-6.12282e-05
-2.23965e-05
1.79966e-05
5.88134e-05
9.90572e-05
0.000137846
0.000174538
0.000208759
0.0002402
0.000268331
0.000292271
0.000311036
0.000323941
0.000330717
0.000331199
0.000325129
0.000312391
0.000293113
0.000267391
0.000235266
0.000197105
0.000153794
0.000106554
5.68158e-05
6.36171e-06
-4.26527e-05
-8.80332e-05
-0.000127952
-0.000161095
-0.000186471
-0.000203185
-0.000210507
-0.000208143
-0.000196317
-0.000175487
-0.000146111
-0.000108813
-6.46599e-05
-1.52091e-05
3.76827e-05
9.21365e-05
0.000146487
0.000199313
0.000249346
0.000295562
0.000337194
0.00037347
0.00040351
0.00042656
0.000442174
0.000450231
0.000450805
0.000443958
0.000429664
0.000407939
0.000378947
0.000342997
0.000300604
0.000252562
0.000200001
0.000144386
8.72934e-05
3.01615e-05
-2.56833e-05
-7.88186e-05
-0.000127651
-0.000170566
-0.00020613
-0.000233138
-0.000250607
-0.000257863
-0.000254685
-0.000241269
-0.000218017
-0.000185464
-0.000144462
-9.62815e-05
-4.2439e-05
1.55199e-05
7.60589e-05
0.000137566
0.000198238
0.000256174
0.000309697
0.000357444
0.000398223
0.000431071
0.000455349
0.000470574
0.000476244
0.000472005
0.000457867
0.000434183
0.000401559
0.000360883
0.000313292
0.000259999
0.000202236
0.000141376
7.89719e-05
1.65047e-05
-4.48428e-05
-0.000104115
-0.000160353
-0.000212485
-0.000259476
-0.000300564
-0.000335265
-0.000363243
-0.0003842
-0.000397964
-0.000404607
-0.000404266
-0.00039703
-0.000383149
-0.000363204
-0.000337945
-0.000308046
-0.000274081
-0.000236649
-0.000196482
-0.000154534
-0.000111924
-6.9705e-05
-2.87173e-05
1.02556e-05
4.62564e-05
7.81708e-05
0.000104982
0.000126009
0.000140917
0.000149592
0.000152064
0.000148433
0.000138824
0.000123528
0.000103204
7.8928e-05
5.19145e-05
2.31029e-05
-6.83826e-06
-3.71965e-05
-6.72061e-05
-9.62797e-05
-0.000124079
-0.000150406
-0.000175095
-0.000197963
-0.000218727
-0.000236967
-0.000252308
-0.000264645
-0.000274045
-0.000280493
-0.000283819
-0.000283858
-0.000280599
-0.000274186
-0.000264849
-0.000252913
-0.000238727
-0.000222439
-0.000203992
-0.000183442
-0.000161099
-0.000137268
-0.000111984
-8.51555e-05
-5.69379e-05
-2.77921e-05
1.68233e-06
3.09146e-05
5.94817e-05
8.69993e-05
0.000112893
0.000136378
0.000156598
0.000172691
0.000183843
0.000189532
0.000189792
0.000185081
0.000175831
0.000162174
0.000144153
0.000122148
9.69464e-05
6.93552e-05
4.00228e-05
9.62636e-06
-2.10567e-05
-5.13375e-05
-8.06624e-05
-0.000108305
-0.000133238
-0.000154519
-0.000171593
-0.000184206
-0.000192142
-0.000195019
-0.000192373
-0.000183982
-0.000169982
-0.000150716
-0.000126608
-9.8173e-05
-6.60358e-05
-3.07971e-05
7.05479e-06
4.69414e-05
8.79203e-05
0.000128724
0.000168006
0.000204444
0.000236703
0.000263496
0.000283788
0.000296879
0.00030227
0.000299623
0.000288896
0.000270417
0.000244799
0.000212819
0.000175387
0.000133606
8.87171e-05
4.19674e-05
-5.43655e-06
-5.2274e-05
-9.7366e-05
-0.000139696
-0.000178351
-0.000212286
-0.000240282
-0.000261195
-0.000274198
-0.000278793
-0.000274766
-0.000262182
-0.000241279
-0.000212285
-0.000175437
-0.000131372
-8.13713e-05
-2.70513e-05
3.00702e-05
8.86664e-05
0.000147591
0.000205873
0.000262514
0.000316216
0.000365411
0.000408543
0.000444315
0.000471813
0.000490569
0.000500459
0.000501416
0.00049319
0.000475481
0.000448321
0.000412364
0.000368865
0.000319392
0.000265481
0.000208476
0.000149532
8.97779e-05
3.05421e-05
-2.65708e-05
-7.99017e-05
-0.000128061
-0.000170087
-0.000205368
-0.000233442
-0.000253892
-0.000266373
-0.000270715
-0.000267035
-0.00025582
-0.000237981
-0.00021483
-0.000187807
-0.000158195
-0.000127048
-9.53239e-05
-6.41408e-05
-3.48794e-05
-8.91204e-06
1.27142e-05
2.92157e-05
3.98201e-05
4.37236e-05
4.0309e-05
2.93854e-05
1.12135e-05
-1.36087e-05
-4.42527e-05
-7.96991e-05
-0.000118756
-0.000160124
-0.000202318
-0.000243537
-0.000281819
-0.000315429
-0.000343147
-0.000364301
-0.00037862
-0.000385993
-0.000386305
-0.000379511
-0.000365846
-0.000345948
-0.00032078
-0.000291388
-0.000258664
-0.000223291
-0.000185921
-0.000147343
-0.000108407
-6.9844e-05
-3.22191e-05
4.07018e-06
3.88409e-05
7.20096e-05
0.000103307
0.000132212
0.000158148
0.000180676
0.000199573
0.000214858
0.000226744
0.000235426
0.000240972
0.000243438
0.000243028
0.000240111
0.00023516
0.00022867
0.000221001
0.000212278
0.000202498
0.000191699
0.000180017
0.000167622
0.000154585
0.000140746
0.000125731
0.000109117
9.07152e-05
7.06929e-05
4.93869e-05
2.71281e-05
4.25069e-06
-1.88835e-05
-4.18271e-05
-6.39387e-05
-8.43424e-05
-0.000102032
-0.000116078
-0.000125786
-0.000130761
-0.000130933
-0.000126589
-0.000118275
-0.000106554
-9.18852e-05
-7.47327e-05
-5.57239e-05
-3.57015e-05
-1.56131e-05
3.63547e-06
2.13027e-05
3.69473e-05
5.0439e-05
6.17486e-05
7.07376e-05
7.71165e-05
8.05316e-05
8.0743e-05
7.77678e-05
7.18181e-05
6.31271e-05
5.18915e-05
3.83288e-05
2.27032e-05
5.31094e-06
-1.35456e-05
-3.35407e-05
-5.42046e-05
-7.4913e-05
-9.5061e-05
-0.000114148
-0.000131734
-0.000147396
-0.0001607
-0.000171163
-0.000178221
-0.000181288
-0.000179886
-0.000173734
-0.000162793
-0.000147305
-0.00012776
-0.000104733
-7.8743e-05
-5.02665e-05
-1.98327e-05
1.19014e-05
4.41211e-05
7.58586e-05
0.000106113
0.000134081
0.000159283
0.000181472
0.000200481
0.000216119
0.000228236
0.00023683
0.00024202
0.000244031
0.000243229
0.000240068
0.000234953
0.000228154
0.000219827
0.000210118
0.000199277
0.000187604
0.0001753
0.0001625
0.000149475
0.000136589
0.000123988
0.000111554
9.92015e-05
8.70859e-05
7.55552e-05
6.49876e-05
5.56762e-05
4.77762e-05
4.12369e-05
3.57627e-05
3.08919e-05
2.61412e-05
2.10925e-05
1.54194e-05
8.93414e-06
1.57509e-06
-6.72505e-06
-1.61154e-05
-2.67515e-05
-3.86707e-05
-5.16917e-05
-6.54027e-05
-7.92997e-05
-9.29555e-05
-0.000106053
-0.00011831
-0.000129422
-0.000139064
-0.000146885
-0.000152555
-0.000155889
-0.000156907
-0.000155732
-0.000152462
-0.000147141
-0.000139777
-0.0001304
-0.000119188
-0.00010652
-9.28655e-05
-7.86675e-05
-6.43012e-05
-5.0028e-05
-3.5963e-05
-2.21408e-05
-8.59949e-06
4.59193e-06
1.73509e-05
2.95867e-05
4.11488e-05
5.18225e-05
6.13633e-05
6.949e-05
7.59161e-05
8.04095e-05
8.28161e-05
8.31031e-05
8.14338e-05
7.81102e-05
7.33608e-05
6.72911e-05
6.00645e-05
5.20306e-05
4.37127e-05
3.57131e-05
2.85725e-05
2.26486e-05
1.80638e-05
1.47488e-05
1.25742e-05
1.14765e-05
1.14735e-05
1.25778e-05
1.47075e-05
1.76372e-05
2.10135e-05
2.44498e-05
2.7643e-05
3.04036e-05
3.25915e-05
3.40602e-05
3.46283e-05
3.40845e-05
3.22973e-05
2.93643e-05
2.56431e-05
2.1607e-05
1.76253e-05
1.38412e-05
1.02318e-05
6.74326e-06
3.35939e-06
1.5161e-07
-2.64477e-06
-4.68555e-06
-5.77839e-06
-6.08577e-06
-5.96848e-06
-5.65653e-06
-5.17143e-06
-4.51828e-06
-3.85374e-06
-3.48978e-06
-3.80347e-06
-5.09023e-06
-7.39844e-06
-1.04707e-05
-1.38407e-05
-1.70604e-05
-1.99208e-05
-2.24767e-05
-2.4875e-05
-2.71133e-05
-2.89236e-05
-2.99029e-05
-2.97471e-05
-2.84023e-05
-2.60527e-05
-2.29709e-05
-1.93615e-05
-1.53144e-05
-1.09028e-05
-6.30671e-06
-1.85422e-06
1.93077e-06
4.3882e-06
4.97426e-06
3.3986e-06
-4.39229e-07
-6.48793e-06
-1.46221e-05
-2.48332e-05
-3.72086e-05
-5.16951e-05
-6.80397e-05
-8.58982e-05
-0.000104933
-0.000124847
-0.000145347
-0.00016611
-0.000186716
-0.000206627
-0.000225301
-0.000242324
-0.000257382
-0.000270128
-0.000280062
-0.000286495
-0.000288586
-0.00028553
-0.000276803
-0.000262293
-0.000242232
-0.000217021
-0.00018708
-0.000152847
-0.000114965
-7.44516e-05
-3.26431e-05
9.00599e-06
4.91262e-05
8.6555e-05
0.000120285
0.000149359
0.000172837
0.000189836
0.000199707
0.00020228
0.000197874
0.000187029
0.000170306
0.000148291
0.000121686
9.13803e-05
5.84853e-05
2.42995e-05
-9.79302e-06
-4.25046e-05
-7.28175e-05
-0.000100004
-0.000123513
-0.000142818
-0.000157351
-0.00016664
-0.000170516
-0.000169177
-0.000163096
-0.000152849
-0.00013898
-0.000121956
-0.000102205
-8.01799e-05
-5.64305e-05
-3.16303e-05
-6.48702e-06
1.83882e-05
4.25199e-05
6.5545e-05
8.7132e-05
0.000106818
0.000123918
0.00013768
0.000147513
0.000153061
0.000154211
0.000151089
0.000143893
0.000132686
0.000117514
9.87028e-05
7.68763e-05
5.27397e-05
2.69519e-05
6.11958e-08
-2.75598e-05
-5.55864e-05
-8.34388e-05
-0.000110269
-0.000135345
-0.000158195
-0.000178283
-0.00019486
-0.000207262
-0.000215088
-0.000217952
-0.000215312
-0.000206708
-0.000192094
-0.000171765
-0.000146095
-0.000115588
-8.1026e-05
-4.32763e-05
-3.09207e-06
3.8744e-05
8.1263e-05
0.000123368
0.000163968
0.000202129
0.000237148
0.000268418
0.000295274
0.000317028
0.000333124
0.000343286
0.000347542
0.000346066
0.000338909
0.000325997
0.000307417
0.000283628
0.000255387
0.000223526
0.000188842
0.000152113
0.000114161
7.58674e-05
3.81745e-05
2.08937e-06
-3.13928e-05
-6.14159e-05
-8.73223e-05
-0.000108626
-0.000124928
-0.00013586
-0.000141126
-0.000140546
-0.000134077
-0.0001219
-0.000104408
-8.20227e-05
-5.51313e-05
-2.42392e-05
9.96755e-06
4.67144e-05
8.51177e-05
0.00012407
0.000162295
0.000198572
0.000231876
0.000261328
0.000286094
0.000305376
0.000318454
0.00032476
0.000324018
0.000316307
0.000302024
0.000281812
0.000256396
0.000226365
0.000192131
0.000154148
0.000113226
7.06228e-05
2.77513e-05
-1.43184e-05
-5.51017e-05
-9.44187e-05
-0.000131833
-0.000166345
-0.000196735
-0.000222203
-0.000242535
-0.000257788
-0.000268066
-0.000273456
-0.000273945
-0.000269373
-0.00025959
-0.000244983
-0.000226704
-0.000205885
-0.000182889
-0.000157786
-0.000131138
-0.000103845
-7.66386e-05
-5.02327e-05
-2.55945e-05
-3.64461e-06
1.51641e-05
3.07415e-05
4.27692e-05
5.05328e-05
5.34976e-05
5.16245e-05
4.50724e-05
3.40926e-05
1.9256e-05
1.387e-06
-1.88584e-05
-4.11652e-05
-6.51492e-05
-8.99314e-05
-0.000114357
-0.000137453
-0.000158482
-0.000176844
-0.000192081
-0.000203764
-0.000211302
-0.000214012
-0.00021141
-0.000203382
-0.000190137
-0.00017206
-0.000149562
-0.000123049
-9.30586e-05
-6.03908e-05
-2.60441e-05
8.90742e-06
4.33598e-05
7.6219e-05
0.000106474
0.00013325
0.000155843
0.000173732
0.000186599
0.000194382
0.000197196
0.000195174
0.000188506
0.000177581
0.000162995
0.000145394
0.000125356
0.000103434
8.02586e-05
5.64632e-05
3.24932e-05
8.63963e-06
-1.46922e-05
-3.69262e-05
-5.75681e-05
-7.63052e-05
-9.28211e-05
-0.000106702
-0.00011753
-0.000125022
-0.000129149
-0.00013007
-0.000127968
-0.00012304
-0.000115505
-0.000105557
-9.34334e-05
-7.96446e-05
-6.50427e-05
-5.04356e-05
-3.61878e-05
-2.23891e-05
-9.21733e-06
3.04103e-06
1.41016e-05
2.36375e-05
3.12901e-05
3.68722e-05
4.04828e-05
4.23728e-05
4.27721e-05
4.18518e-05
3.9793e-05
3.68346e-05
3.32129e-05
2.91273e-05
2.4828e-05
2.06325e-05
1.68041e-05
1.34706e-05
1.0681e-05
8.49353e-06
7.00884e-06
6.35954e-06
6.62939e-06
7.73865e-06
9.38507e-06
1.11102e-05
1.25067e-05
1.34364e-05
1.40271e-05
1.44189e-05
1.46272e-05
1.46891e-05
1.47691e-05
1.50398e-05
1.55964e-05
1.65685e-05
1.81556e-05
2.04833e-05
2.35393e-05
2.71998e-05
3.1258e-05
3.55234e-05
3.99048e-05
4.43564e-05
4.88351e-05
5.33503e-05
5.79647e-05
6.27178e-05
6.75837e-05
7.25467e-05
7.7726e-05
8.33277e-05
8.94445e-05
9.59824e-05
0.000102762
0.000109598
0.000116289
0.00012264
0.000128478
0.000133608
0.000137839
0.00014101
0.000142898
0.000143152
0.000141392
0.000137401
0.000131207
0.000122911
0.000112545
0.000100164
8.58949e-05
6.98451e-05
5.20627e-05
3.26705e-05
1.20088e-05
-9.45903e-06
-3.12902e-05
-5.30832e-05
-7.45035e-05
-9.52471e-05
-0.000114962
-0.000133304
-0.000149977
-0.000164604
-0.000176729
-0.000186045
-0.000192492
-0.000196099
-0.00019686
-0.000194762
-0.000189842
-0.00018224
-0.000172311
-0.000160633
-0.00014785
-0.000134508
-0.000120971
-0.00010742
-9.40162e-05
-8.1186e-05
-6.96084e-05
-5.97758e-05
-5.1741e-05
-4.53718e-05
-4.06346e-05
-3.75676e-05
-3.6241e-05
-3.6829e-05
-3.94231e-05
-4.36573e-05
-4.87614e-05
-5.41316e-05
-5.96981e-05
-6.55955e-05
-7.17323e-05
-7.78832e-05
-8.38688e-05
-8.93943e-05
-9.39873e-05
-9.73873e-05
-9.9805e-05
-0.000101524
-0.000102388
-0.000101881
-9.95827e-05
-9.53225e-05
-8.90353e-05
-8.08331e-05
-7.11131e-05
-6.02814e-05
-4.84835e-05
-3.57658e-05
-2.23483e-05
-8.66252e-06
4.79293e-06
1.75969e-05
2.94898e-05
4.0404e-05
5.0399e-05
5.95637e-05
6.79383e-05
7.54107e-05
8.17398e-05
8.68598e-05
9.10821e-05
9.48226e-05
9.82471e-05
0.000101309
0.000103955
0.000106114
0.000107673
0.000108681
0.000109424
0.000110209
0.000111164
0.000112198
0.000113064
0.000113504
0.000113414
0.000112779
0.000111496
0.000109441
0.000106646
0.000103086
9.83836e-05
9.20577e-05
8.39964e-05
7.44735e-05
6.37034e-05
5.15696e-05
3.79529e-05
2.31066e-05
7.50364e-06
-8.40933e-06
-2.41396e-05
-3.91273e-05
-5.30744e-05
-6.616e-05
-7.86424e-05
-9.03092e-05
-0.000100501
-0.000108541
-0.000113968
-0.00011647
-0.000115734
-0.000111408
-0.000103055
-9.01967e-05
-7.26895e-05
-5.11669e-05
-2.68558e-05
-9.28633e-07
2.57954e-05
5.27522e-05
7.95162e-05
0.000105563
0.000129889
0.000151055
0.000167803
0.000179541
0.000186253
0.000188108
0.000185031
0.000176582
0.000162357
0.000142434
0.000117414
8.82939e-05
5.63899e-05
2.29956e-05
-1.11083e-05
-4.56234e-05
-8.0172e-05
-0.000113852
-0.0001453
-0.000173151
-0.000196438
-0.000214665
-0.000227691
-0.000235649
-0.000238735
-0.000236896
-0.000229728
-0.000216803
-0.000198096
-0.000174079
-0.00014553
-0.00011343
-7.89343e-05
-4.32283e-05
-7.38494e-06
2.76078e-05
6.08224e-05
9.13979e-05
0.000118519
0.000141528
0.000160063
0.000173918
0.000182876
0.000186894
0.000186199
0.000180966
0.00017121
0.000157159
0.000139477
0.000119058
9.67468e-05
7.33458e-05
4.96916e-05
2.65347e-05
4.34288e-06
-1.66474e-05
-3.61848e-05
-5.39827e-05
-6.9953e-05
-8.42075e-05
-9.67936e-05
-0.000107585
-0.000116405
-0.000123088
-0.000127496
-0.000129631
-0.000129693
-0.000127943
-0.000124597
-0.000119847
-0.000113865
-0.000106763
-9.86997e-05
-9.00357e-05
-8.11728e-05
-7.22535e-05
-6.32236e-05
-5.41153e-05
-4.5124e-05
-3.64766e-05
-2.83191e-05
-2.07026e-05
-1.35807e-05
-6.79802e-06
-1.67776e-07
6.40465e-06
1.28722e-05
1.91416e-05
2.52949e-05
3.1648e-05
3.84565e-05
4.55792e-05
5.24715e-05
5.85118e-05
6.33452e-05
6.69477e-05
6.94702e-05
7.11357e-05
7.21974e-05
7.2798e-05
7.29165e-05
7.25352e-05
7.17527e-05
7.0692e-05
6.93709e-05
6.76903e-05
6.54956e-05
6.26547e-05
5.91673e-05
5.52394e-05
5.1227e-05
4.74393e-05
4.39639e-05
4.0713e-05
3.76129e-05
3.4672e-05
3.18718e-05
2.91066e-05
2.63135e-05
2.35594e-05
2.09737e-05
1.8741e-05
1.71062e-05
1.62574e-05
1.62602e-05
1.71487e-05
1.90399e-05
2.20881e-05
2.63102e-05
3.14288e-05
3.68622e-05
4.1959e-05
4.62519e-05
4.9534e-05
5.18749e-05
5.35877e-05
5.50687e-05
5.65609e-05
5.79921e-05
5.90429e-05
5.94667e-05
5.94604e-05
5.97278e-05
6.11143e-05
6.41325e-05
6.87773e-05
7.45956e-05
8.08563e-05
8.68701e-05
9.22647e-05
9.69352e-05
0.000100751
0.00010337
0.000104358
0.000103451
0.000100705
9.64264e-05
9.09549e-05
8.44758e-05
7.69869e-05
6.83928e-05
5.86387e-05
4.7777e-05
3.58929e-05
2.29823e-05
9.00554e-06
-5.91709e-06
-2.14415e-05
-3.71375e-05
-5.26021e-05
-6.74538e-05
-8.13503e-05
-9.40005e-05
-0.000105072
-0.000114156
-0.000120906
-0.000125172
-0.000126958
-0.000126279
-0.00012308
-0.000117332
-0.000109147
-9.87864e-05
-8.663e-05
-7.31437e-05
-5.88237e-05
-4.42186e-05
-3.00172e-05
-1.70169e-05
-5.92103e-06
2.80106e-06
8.85017e-06
1.20649e-05
1.2455e-05
1.00781e-05
4.91957e-06
-3.01069e-06
-1.35164e-05
-2.61895e-05
-4.04814e-05
-5.57503e-05
-7.13359e-05
-8.66835e-05
-0.000101451
-0.000115523
-0.000128828
-0.000141146
-0.00015213
-0.000161394
-0.00016852
-0.00017314
-0.000175139
-0.000174719
-0.000172139
-0.000167452
-0.000160613
-0.000151714
-0.000140955
-0.000128508
-0.000114567
-9.9424e-05
-8.33955e-05
-6.67783e-05
-4.98751e-05
-3.2991e-05
-1.64572e-05
-6.3543e-07
1.42022e-05
2.79663e-05
4.06096e-05
5.19527e-05
6.17367e-05
6.97491e-05
7.58721e-05
8.01166e-05
8.2629e-05
8.35896e-05
8.31028e-05
8.12258e-05
7.80416e-05
7.36585e-05
6.82191e-05
6.19429e-05
5.50974e-05
4.78959e-05
4.04409e-05
3.27778e-05
2.50114e-05
1.73841e-05
1.02715e-05
4.098e-06
-7.69676e-07
-4.08669e-06
-5.78079e-06
-5.96848e-06
-4.8094e-06
-2.32006e-06
1.54751e-06
6.6741e-06
1.27484e-05
1.94103e-05
2.63314e-05
3.32436e-05
3.99968e-05
4.65807e-05
5.30291e-05
5.9295e-05
6.52756e-05
7.0931e-05
7.63241e-05
8.152e-05
8.6429e-05
9.07756e-05
9.42157e-05
9.64562e-05
9.72905e-05
9.6567e-05
9.41629e-05
8.99749e-05
8.3923e-05
7.60355e-05
6.65412e-05
5.57728e-05
4.40004e-05
3.146e-05
1.84729e-05
5.40616e-06
-7.44641e-06
-1.98406e-05
-3.14706e-05
-4.19441e-05
-5.08973e-05
-5.81142e-05
-6.35127e-05
-6.71e-05
-6.89467e-05
-6.91408e-05
-6.77961e-05
-6.50692e-05
-6.11021e-05
-5.60131e-05
-5.0005e-05
-4.34349e-05
-3.67326e-05
-3.0289e-05
-2.44221e-05
-1.93611e-05
-1.52312e-05
-1.20853e-05
-9.97779e-06
-9.00481e-06
-9.23921e-06
-1.06221e-05
-1.29456e-05
-1.59402e-05
-1.93318e-05
-2.28633e-05
-2.63477e-05
-2.96583e-05
-3.26306e-05
-3.50272e-05
-3.66073e-05
-3.71911e-05
-3.66535e-05
-3.48927e-05
-3.18188e-05
-2.74172e-05
-2.18358e-05
-1.53568e-05
-8.32448e-06
-1.09619e-06
6.02583e-06
1.2815e-05
1.90814e-05
2.46484e-05
2.9358e-05
3.308e-05
3.57175e-05
3.72398e-05
3.77074e-05
3.72206e-05
3.58417e-05
3.35838e-05
3.04567e-05
2.64821e-05
2.16634e-05
1.59979e-05
9.58897e-06
2.71152e-06
-4.27044e-06
-1.09928e-05
-1.71319e-05
-2.24511e-05
-2.68318e-05
-3.02486e-05
-3.27026e-05
-3.41689e-05
-3.46027e-05
-3.40049e-05
-3.24815e-05
-3.02208e-05
-2.74165e-05
-2.41942e-05
-2.05511e-05
-1.63806e-05
-1.15975e-05
-6.26291e-06
-6.2066e-07
5.0119e-06
1.04147e-05
1.54849e-05
2.01401e-05
2.42752e-05
2.77556e-05
3.04027e-05
3.19972e-05
3.2358e-05
3.14625e-05
2.94362e-05
2.64112e-05
2.24333e-05
1.74924e-05
1.1585e-05
4.76188e-06
-2.77405e-06
-1.06292e-05
-1.83619e-05
-2.56253e-05
-3.21767e-05
-3.78347e-05
-4.24333e-05
-4.57814e-05
-4.76913e-05
-4.80587e-05
-4.68553e-05
-4.40369e-05
-3.95218e-05
-3.32779e-05
-2.53599e-05
-1.58052e-05
-4.57826e-06
8.28868e-06
2.2565e-05
3.78544e-05
5.36873e-05
6.96065e-05
8.51925e-05
9.99949e-05
0.000113527
0.000125363
0.000135141
0.000142442
0.000146843
0.000148116
0.000146239
0.000141264
0.000133269
0.000122351
0.000108569
9.19593e-05
7.27241e-05
5.13231e-05
2.83679e-05
4.50055e-06
-1.96932e-05
-4.37311e-05
-6.71847e-05
-8.95998e-05
-0.000110473
-0.000129248
-0.000145338
-0.000158241
-0.000167691
-0.000173626
-0.000175985
-0.000174509
-0.000168838
-0.000158862
-0.000144882
-0.000127384
-0.000106734
-8.3172e-05
-5.70016e-05
-2.86814e-05
1.23697e-06
3.21138e-05
6.31695e-05
9.35423e-05
0.000122433
0.000149115
0.00017291
0.00019329
0.000209753
0.000221603
0.000228147
0.000229123
0.0002247
0.000215167
0.000200863
0.000182145
0.00015933
0.000132896
0.000103636
7.24036e-05
3.99104e-05
6.9106e-06
-2.5823e-05
-5.77827e-05
-8.86083e-05
-0.000117709
-0.000144267
-0.000167489
-0.00018666
-0.000201179
-0.000210776
-0.000215513
-0.000215315
-0.000209674
-0.000198139
-0.000180828
-0.000158257
-0.000131193
-0.000100896
-6.90087e-05
-3.69191e-05
-5.3921e-06
2.52187e-05
5.4588e-05
8.20886e-05
0.000106624
0.00012704
0.000142845
0.000154288
0.000161777
0.000165372
0.000164774
0.000159616
0.000149724
0.000135254
0.000116826
9.55035e-05
7.23448e-05
4.80335e-05
2.30257e-05
-2.13349e-06
-2.66299e-05
-4.94499e-05
-6.97601e-05
-8.70409e-05
-0.000100867
-0.000110952
-0.000117224
-0.000119532
-0.000117654
-0.000111712
-0.000102154
-8.93898e-05
-7.3896e-05
-5.6456e-05
-3.78338e-05
-1.84025e-05
1.58844e-06
2.15508e-05
4.06172e-05
5.81433e-05
7.40427e-05
8.861e-05
0.000102069
0.000114321
0.000125007
0.000133662
0.00013988
0.000143484
0.000144705
0.000143997
0.000141584
0.000137437
0.000131619
0.00012435
0.000115786
0.000105946
9.48955e-05
8.28787e-05
7.02744e-05
5.75559e-05
4.51245e-05
3.30783e-05
2.12807e-05
9.6304e-06
-1.77898e-06
-1.25861e-05
-2.22897e-05
-3.06589e-05
-3.78933e-05
-4.42689e-05
-4.97662e-05
-5.40199e-05
-5.6497e-05
-5.67864e-05
-5.48049e-05
-5.0734e-05
-4.48788e-05
-3.76059e-05
-2.92148e-05
-1.977e-05
-9.14576e-06
2.59104e-06
1.48112e-05
2.64569e-05
3.64966e-05
4.42418e-05
4.94078e-05
5.20263e-05
5.2259e-05
5.00428e-05
4.4885e-05
3.6225e-05
2.39644e-05
8.52498e-06
-9.47225e-06
-2.93895e-05
-5.05646e-05
-7.24443e-05
-9.46781e-05
-0.000116775
-0.000137794
-0.000156679
-0.000172833
-0.000186106
-0.000196294
-0.00020297
-0.000205864
-0.000205046
-0.000200729
-0.000193163
-0.000182663
-0.000169505
-0.000153749
-0.000135288
-0.000114064
-9.03163e-05
-6.47372e-05
-3.8268e-05
-1.17296e-05
1.41548e-05
3.8548e-05
6.06807e-05
8.00924e-05
9.63386e-05
0.00010872
0.000116681
0.000120268
0.00011992
0.000116021
0.000108825
9.86154e-05
8.58132e-05
7.09876e-05
5.46613e-05
3.71433e-05
1.86679e-05
-4.10068e-07
-1.96404e-05
-3.8521e-05
-5.64283e-05
-7.27513e-05
-8.71555e-05
-9.94085e-05
-0.000109023
-0.000115514
-0.0001189
-0.000119387
-0.00011662
-0.000109862
-9.90028e-05
-8.47929e-05
-6.80676e-05
-4.94482e-05
-2.96825e-05
-9.32316e-06
1.18361e-05
3.41467e-05
5.71249e-05
7.96401e-05
0.000100777
0.000120116
0.000137423
0.000152546
0.000165497
0.000176095
0.000183585
0.000187057
0.00018611
0.000180893
0.000171888
0.000159777
0.000145173
0.000128362
0.000109468
8.87467e-05
6.66814e-05
4.39686e-05
2.14349e-05
-2.6062e-07
-2.09521e-05
-4.07518e-05
-5.94728e-05
-7.65063e-05
-9.11974e-05
-0.000103082
-0.000111917
-0.000117821
-0.00012125
-0.000122531
-0.000121526
-0.000117902
-0.000111553
-0.000102695
-9.17985e-05
-7.9503e-05
-6.64274e-05
-5.29415e-05
-3.91663e-05
-2.52939e-05
-1.17997e-05
7.18248e-07
1.17166e-05
2.07475e-05
2.76539e-05
3.27122e-05
3.62956e-05
3.84108e-05
3.86975e-05
3.68399e-05
3.2973e-05
2.77647e-05
2.21033e-05
1.6622e-05
1.14107e-05
6.08043e-06
8.30741e-08
-7.01463e-06
-1.55483e-05
-2.5965e-05
-3.89514e-05
-5.52557e-05
-7.51801e-05
-9.81538e-05
-0.000122855
-0.000147638
-0.000170785
-0.000190714
-0.000206129
-0.000215865
-0.000218802
-0.000214219
-0.000202246
-0.000184036
-0.000161527
-0.00013699
-0.000112519
-8.95416e-05
-6.86846e-05
-5.01179e-05
-3.38838e-05
-2.00069e-05
-8.48564e-06
9.1717e-07
8.95086e-06
1.68516e-05
2.59218e-05
3.6983e-05
5.00363e-05
6.42109e-05
7.80596e-05
9.01937e-05
9.98071e-05
0.000106737
0.000111163
0.000113164
0.00011251
0.000108953
0.000102696
9.44677e-05
8.5158e-05
7.54623e-05
6.58035e-05
5.64067e-05
4.75161e-05
3.96873e-05
3.36714e-05
2.98623e-05
2.80403e-05
2.76145e-05
2.7936e-05
2.85383e-05
2.93687e-05
3.08127e-05
3.33218e-05
3.69484e-05
4.12637e-05
4.57597e-05
5.03572e-05
5.55117e-05
6.18674e-05
6.98165e-05
7.92527e-05
8.95717e-05
9.98742e-05
0.000109343
0.00011754
0.000124381
0.000129903
0.000134034
0.00013655
0.000137271
0.000136219
0.000133568
0.000129549
0.000124349
0.000118004
0.000110459
0.000101758
9.20728e-05
8.16834e-05
7.10541e-05
6.07328e-05
5.10772e-05
4.22211e-05
3.43253e-05
2.77955e-05
2.31706e-05
2.08745e-05
2.10979e-05
2.36835e-05
2.80928e-05
3.3623e-05
3.96775e-05
4.58693e-05
5.19517e-05
5.76847e-05
6.26661e-05
6.62111e-05
6.7576e-05
6.63809e-05
6.27307e-05
5.70355e-05
4.976e-05
4.11956e-05
3.14212e-05
2.05028e-05
8.71565e-06
-3.42995e-06
-1.53894e-05
-2.6822e-05
-3.76152e-05
-4.77525e-05
-5.72094e-05
-6.5874e-05
-7.34849e-05
-7.96622e-05
-8.41392e-05
-8.70208e-05
-8.86609e-05
-8.9284e-05
-8.89175e-05
-8.76519e-05
-8.57073e-05
-8.3311e-05
-8.07274e-05
-7.82654e-05
-7.61348e-05
-7.43744e-05
-7.28723e-05
-7.14149e-05
-6.97649e-05
-6.77055e-05
-6.50334e-05
-6.15516e-05
-5.71225e-05
-5.17388e-05
-4.55687e-05
-3.90163e-05
-3.27144e-05
-2.73913e-05
-2.36777e-05
-2.19288e-05
-2.21763e-05
-2.42936e-05
-2.82486e-05
-3.41691e-05
-4.22406e-05
-5.26641e-05
-6.5575e-05
-8.07655e-05
-9.75204e-05
-0.000114835
-0.000131663
-0.00014688
-0.000159281
-0.000167837
-0.000171872
-0.000170957
-0.000164996
-0.000154432
-0.000140001
-0.000122474
-0.000102966
-8.30818e-05
-6.43143e-05
-4.7696e-05
-3.39424e-05
-2.341e-05
-1.6117e-05
-1.19607e-05
-1.0786e-05
-1.23599e-05
-1.63314e-05
-2.22013e-05
-2.94032e-05
-3.73788e-05
-4.56569e-05
-5.39525e-05
-6.19549e-05
-6.90898e-05
-7.48352e-05
-7.9076e-05
-8.19615e-05
-8.36762e-05
-8.43505e-05
-8.39925e-05
-8.25066e-05
-7.98267e-05
-7.61213e-05
-7.19866e-05
-6.83354e-05
-6.59299e-05
-6.5037e-05
-6.54227e-05
-6.64981e-05
-6.76972e-05
-6.89198e-05
-7.03895e-05
-7.21253e-05
-7.37595e-05
-7.46309e-05
-7.39544e-05
-7.11522e-05
-6.61015e-05
-5.90695e-05
-5.03871e-05
-4.00294e-05
-2.75344e-05
-1.24926e-05
5.0501e-06
2.47968e-05
4.64864e-05
6.98553e-05
9.46044e-05
0.000120504
0.000147266
0.000174245
0.000200465
0.000224828
0.000246279
0.00026396
0.000277294
0.00028597
0.000289882
0.000289019
0.000283522
0.000273737
0.000260134
0.000243288
0.000223909
0.000202703
0.000180192
0.000156793
0.000133006
0.000109387
8.65237e-05
6.50848e-05
4.57751e-05
2.91167e-05
1.52457e-05
4.02855e-06
-4.64994e-06
-1.07684e-05
-1.4241e-05
-1.50088e-05
-1.31373e-05
-8.9453e-06
-3.01178e-06
3.94511e-06
1.12292e-05
1.83531e-05
2.51523e-05
3.17359e-05
3.82343e-05
4.4537e-05
5.03342e-05
5.54229e-05
5.99278e-05
6.41975e-05
6.85362e-05
7.301e-05
7.73857e-05
8.12288e-05
8.40681e-05
8.55084e-05
8.53548e-05
8.37237e-05
8.08764e-05
7.68358e-05
7.1343e-05
6.42534e-05
5.57553e-05
4.61629e-05
3.57301e-05
2.47331e-05
1.35155e-05
2.31466e-06
-8.81235e-06
-1.97691e-05
-3.02406e-05
-3.98085e-05
-4.81846e-05
-5.52998e-05
-6.11492e-05
-6.5601e-05
-6.84975e-05
-6.98757e-05
-6.98793e-05
-6.85314e-05
-6.58383e-05
-6.20507e-05
-5.75468e-05
-5.24762e-05
-4.67716e-05
-4.04572e-05
-3.37251e-05
-2.67369e-05
-1.94972e-05
-1.19919e-05
-4.38227e-06
3.02773e-06
9.92841e-06
1.60123e-05
2.09266e-05
2.43168e-05
2.59701e-05
2.59442e-05
2.44643e-05
2.15904e-05
1.71065e-05
1.08945e-05
3.25003e-06
-5.31484e-06
-1.44052e-05
-2.38322e-05
-3.35366e-05
-4.34545e-05
-5.33707e-05
-6.28873e-05
-7.15774e-05
-7.91419e-05
-8.54614e-05
-9.06039e-05
-9.47922e-05
-9.83025e-05
-0.000101287
-0.000103697
-0.000105397
-0.000106298
-0.000106439
-0.000106008
-0.000105179
-0.000103938
-0.000102177
-9.98125e-05
-9.67162e-05
-9.27744e-05
-8.81143e-05
-8.30193e-05
-7.75542e-05
-7.15189e-05
-6.47868e-05
-5.74429e-05
-4.97003e-05
-4.19648e-05
-3.47924e-05
-2.86099e-05
-2.36651e-05
-2.02094e-05
-1.84764e-05
-1.85566e-05
-2.04885e-05
-2.43241e-05
-2.997e-05
-3.70687e-05
-4.50954e-05
-5.35328e-05
-6.1947e-05
-7.0019e-05
-7.75223e-05
-8.42087e-05
-8.98115e-05
-9.406e-05
-9.65541e-05
-9.68256e-05
-9.45755e-05
-8.97062e-05
-8.21906e-05
-7.20387e-05
-5.93455e-05
-4.42622e-05
-2.69633e-05
-7.69519e-06
1.31904e-05
3.52175e-05
5.77092e-05
7.98107e-05
0.000100772
0.000120163
0.000137676
0.000152865
0.000165276
0.000174703
0.000181115
0.000184415
0.00018441
0.000181044
0.000174583
0.000165458
0.000153945
0.000140134
0.000124244
0.000106797
8.83375e-05
6.91768e-05
4.95344e-05
2.97788e-05
1.04117e-05
-8.09572e-06
-2.53256e-05
-4.0784e-05
-5.39303e-05
-6.43987e-05
-7.20926e-05
-7.71187e-05
-7.97406e-05
-8.0273e-05
-7.89256e-05
-7.58355e-05
-7.12051e-05
-6.52853e-05
-5.82373e-05
-5.01163e-05
-4.10171e-05
-3.11343e-05
-2.06384e-05
-9.61802e-06
1.80442e-06
1.34132e-05
2.49681e-05
3.62975e-05
4.73225e-05
5.79234e-05
6.78158e-05
7.66609e-05
8.42153e-05
9.02892e-05
9.46979e-05
9.7316e-05
9.80774e-05
9.69342e-05
9.38577e-05
8.88542e-05
8.19777e-05
7.33223e-05
6.30124e-05
5.12078e-05
3.80808e-05
2.38496e-05
8.8721e-06
-6.40084e-06
-2.15486e-05
-3.61822e-05
-4.98708e-05
-6.21442e-05
-7.26358e-05
-8.11456e-05
-8.75102e-05
-9.15749e-05
-9.33085e-05
-9.27675e-05
-8.99413e-05
-8.4737e-05
-7.7095e-05
-6.71012e-05
-5.5092e-05
-4.16695e-05
-2.75185e-05
-1.31914e-05
8.98507e-07
1.4373e-05
2.68771e-05
3.80606e-05
4.75123e-05
5.48092e-05
5.96449e-05
6.18946e-05
6.16245e-05
5.90611e-05
5.44505e-05
4.79728e-05
3.9916e-05
3.07859e-05
2.10916e-05
1.11603e-05
1.26613e-06
-8.20782e-06
-1.68893e-05
-2.45893e-05
-3.12255e-05
-3.66513e-05
-4.0628e-05
-4.29549e-05
-4.36048e-05
-4.27451e-05
-4.06734e-05
-3.77171e-05
-3.4121e-05
-2.99578e-05
-2.51548e-05
-1.97063e-05
-1.38721e-05
-8.12934e-06
-2.97016e-06
1.29349e-06
4.60443e-06
7.10144e-06
9.01579e-06
1.05283e-05
1.16411e-05
1.21804e-05
1.19628e-05
1.10213e-05
9.63705e-06
8.13799e-06
6.74095e-06
5.50981e-06
4.31684e-06
2.91497e-06
1.18035e-06
-7.28747e-07
-2.45161e-06
-3.64947e-06
-4.20984e-06
-4.23694e-06
-3.87319e-06
-3.20034e-06
-2.20989e-06
-7.63874e-07
1.3294e-06
4.12943e-06
7.46863e-06
1.10268e-05
1.44964e-05
1.7746e-05
2.08265e-05
2.37786e-05
2.65113e-05
2.88752e-05
3.07424e-05
3.20372e-05
3.27438e-05
3.29041e-05
3.26169e-05
3.19533e-05
3.08392e-05
2.91076e-05
2.66916e-05
2.36716e-05
2.014e-05
1.61613e-05
1.18457e-05
7.34726e-06
2.79891e-06
-1.72754e-06
-6.19297e-06
-1.05302e-05
-1.46722e-05
-1.86014e-05
-2.23107e-05
-2.57661e-05
-2.89208e-05
-3.17161e-05
-3.40779e-05
-3.59786e-05
-3.74768e-05
-3.86236e-05
-3.93832e-05
-3.96755e-05
-3.94477e-05
-3.86934e-05
-3.74331e-05
-3.57029e-05
-3.35808e-05
-3.12013e-05
-2.87083e-05
-2.62117e-05
-2.37963e-05
-2.1527e-05
-1.94306e-05
-1.74768e-05
-1.55732e-05
-1.36128e-05
-1.15189e-05
-9.25342e-06
-6.85473e-06
-4.44492e-06
-2.14693e-06
-3.84547e-08
1.82024e-06
3.36169e-06
4.49753e-06
5.1329e-06
5.20409e-06
4.69651e-06
3.65394e-06
2.17815e-06
3.7244e-07
-1.73303e-06
-4.1627e-06
-6.91984e-06
-9.93806e-06
-1.30668e-05
-1.61322e-05
-1.90252e-05
-2.17223e-05
-2.42669e-05
-2.67028e-05
-2.89751e-05
-3.09199e-05
-3.23351e-05
-3.30439e-05
-3.29665e-05
-3.21978e-05
-3.09514e-05
-2.93599e-05
-2.73806e-05
-2.49122e-05
-2.19114e-05
-1.8386e-05
-1.43907e-05
-1.00294e-05
-5.37061e-06
-4.11751e-07
4.82785e-06
1.02383e-05
1.56441e-05
2.08848e-05
2.5876e-05
3.0591e-05
3.50092e-05
3.90707e-05
4.26565e-05
4.56267e-05
4.78673e-05
4.9338e-05
5.01074e-05
5.02708e-05
4.98342e-05
4.87442e-05
4.69733e-05
4.45366e-05
4.153e-05
3.81553e-05
3.46076e-05
3.09807e-05
2.73002e-05
2.35664e-05
1.98037e-05
1.6111e-05
1.2631e-05
9.4645e-06
6.6015e-06
3.95633e-06
1.49491e-06
-7.05742e-07
-2.50218e-06
-3.75446e-06
-4.39644e-06
-4.47974e-06
-4.12878e-06
-3.45339e-06
-2.50507e-06
-1.2691e-06
2.79799e-07
2.07198e-06
3.91518e-06
5.59898e-06
7.00492e-06
8.10685e-06
8.9503e-06
9.63209e-06
1.02022e-05
1.0597e-05
1.07025e-05
1.04572e-05
9.88003e-06
9.03373e-06
7.99314e-06
6.80678e-06
5.45559e-06
3.88086e-06
2.06224e-06
4.76269e-08
-2.07365e-06
-4.18702e-06
-6.1837e-06
-8.02297e-06
-9.72527e-06
-1.1299e-05
-1.27058e-05
-1.38752e-05
-1.47386e-05
-1.52607e-05
-1.54304e-05
-1.52426e-05
-1.47095e-05
-1.38607e-05
-1.2724e-05
-1.13091e-05
-9.61082e-06
-7.63592e-06
-5.42075e-06
-3.01878e-06
-5.019e-07
2.03817e-06
4.52424e-06
6.91456e-06
9.17999e-06
1.1281e-05
1.31626e-05
1.47592e-05
1.60125e-05
1.68828e-05
1.73499e-05
1.74123e-05
1.70769e-05
1.63446e-05
1.52123e-05
1.36905e-05
1.18148e-05
9.64669e-06
7.2573e-06
4.7003e-06
2.00979e-06
-7.76855e-07
-3.60503e-06
-6.40036e-06
-9.07217e-06
-1.15296e-05
-1.37015e-05
-1.55453e-05
-1.70393e-05
-1.81662e-05
-1.89034e-05
-1.92247e-05
-1.91115e-05
-1.85662e-05
-1.76185e-05
-1.63195e-05
-1.47279e-05
-1.28938e-05
-1.08544e-05
-8.64461e-06
-6.31001e-06
-3.91112e-06
-1.5209e-06
7.78605e-07
2.90994e-06
4.82104e-06
6.48854e-06
7.89723e-06
9.02233e-06
9.83088e-06
1.02912e-05
1.03832e-05
1.01097e-05
9.49602e-06
8.57788e-06
7.39003e-06
5.96185e-06
4.32191e-06
2.50873e-06
5.79945e-07
-1.39156e-06
-3.333e-06
-5.1838e-06
-6.89995e-06
-8.45222e-06
-9.8156e-06
-1.09576e-05
-1.18408e-05
-1.24349e-05
-1.27234e-05
-1.27055e-05
-1.23961e-05
-1.18188e-05
-1.09969e-05
-9.95135e-06
-8.70577e-06
-7.29282e-06
-5.75543e-06
-4.14203e-06
-2.50163e-06
-8.81701e-07
6.76449e-07
2.14082e-06
3.48342e-06
4.67477e-06
5.68548e-06
6.49026e-06
7.07111e-06
7.42084e-06
7.54404e-06
7.45083e-06
7.1488e-06
6.64339e-06
5.94453e-06
5.06981e-06
4.04318e-06
2.89332e-06
1.65188e-06
3.514e-07
-9.76351e-07
-2.30041e-06
-3.5895e-06
-4.81157e-06
-5.93529e-06
-6.93229e-06
-7.77834e-06
-8.45349e-06
-8.94274e-06
-9.23671e-06
-9.33142e-06
-9.22753e-06
-8.92956e-06
-8.44588e-06
-7.78947e-06
-6.97864e-06
-6.03616e-06
-4.98699e-06
-3.85699e-06
-2.67294e-06
-1.46221e-06
-2.52392e-07
9.28541e-07
2.05296e-06
3.09533e-06
4.03339e-06
4.84806e-06
5.52321e-06
6.0456e-06
6.40503e-06
6.59494e-06
6.61348e-06
6.46389e-06
6.15407e-06
5.69594e-06
5.10455e-06
4.39698e-06
3.59207e-06
2.7107e-06
1.77579e-06
8.11772e-07
-1.56192e-07
-1.1032e-06
-2.00563e-06
-2.84182e-06
-3.59233e-06
-4.23998e-06
-4.76999e-06
-5.17037e-06
-5.43251e-06
-5.55154e-06
-5.52644e-06
-5.35992e-06
-5.05798e-06
-4.62951e-06
-4.08592e-06
-3.44102e-06
-2.711e-06
-1.91416e-06
-1.07039e-06
-2.00468e-07
6.74631e-07
1.53437e-06
2.35905e-06
3.13009e-06
3.83028e-06
4.44417e-06
4.95852e-06
5.36274e-06
5.64917e-06
5.81324e-06
5.85336e-06
5.77084e-06
5.56977e-06
5.2569e-06
4.84161e-06
4.33565e-06
3.75287e-06
3.10873e-06
2.41988e-06
1.70371e-06
9.7789e-07
2.60078e-07
-4.325e-07
-1.08318e-06
