5.55563e-11
1.81035e-10
-7.59399e-10
-5.80838e-09
-1.68793e-08
-3.18414e-08
-4.7448e-08
-6.21835e-08
-7.55396e-08
-8.82365e-08
-1.02024e-07
-1.17662e-07
-1.34101e-07
-1.4945e-07
-1.62153e-07
-1.71571e-07
-1.78247e-07
-1.83406e-07
-1.87768e-07
-1.90982e-07
-1.92017e-07
-1.89977e-07
-1.84678e-07
-1.76762e-07
-1.67327e-07
-1.57166e-07
-1.46349e-07
-1.34635e-07
-1.21816e-07
-1.07686e-07
-9.27196e-08
-7.82275e-08
-6.50092e-08
-5.30157e-08
-4.20461e-08
-3.20083e-08
-2.30145e-08
-1.52186e-08
-9.02717e-09
-5.17795e-09
-3.80885e-09
-4.33702e-09
-6.34087e-09
-9.72341e-09
-1.42528e-08
-1.96986e-08
-2.64074e-08
-3.49354e-08
-4.53133e-08
-5.66335e-08
-6.76219e-08
-7.81651e-08
-8.85292e-08
-9.81276e-08
-1.06773e-07
-1.15105e-07
-1.23384e-07
-1.30575e-07
-1.3542e-07
-1.3831e-07
-1.39648e-07
-1.38906e-07
-1.36775e-07
-1.34239e-07
-1.31308e-07
-1.27704e-07
-1.22295e-07
-1.13766e-07
-1.02761e-07
-9.15398e-08
-8.14562e-08
-7.26277e-08
-6.49369e-08
-5.79327e-08
-5.11528e-08
-4.37594e-08
-3.43765e-08
-2.4658e-08
-1.93458e-08
-1.83858e-08
-1.66099e-08
-1.27207e-08
-9.67024e-09
-9.41674e-09
-1.25547e-08
-1.82035e-08
-2.37185e-08
-2.66312e-08
-2.74137e-08
-3.08316e-08
-3.92178e-08
-4.80682e-08
-5.42109e-08
-5.84881e-08
-6.20331e-08
-6.71582e-08
-7.55452e-08
-8.52515e-08
-9.28537e-08
-9.66469e-08
-9.70157e-08
-9.45594e-08
-9.10594e-08
-9.05706e-08
-9.29818e-08
-9.38412e-08
-9.1527e-08
-8.52999e-08
-7.48065e-08
-6.27925e-08
-5.22188e-08
-4.44341e-08
-3.8212e-08
-3.01091e-08
-1.89211e-08
-8.79764e-09
-4.43302e-09
-3.4267e-09
-6.71931e-10
2.95688e-09
5.07069e-09
7.42266e-09
9.26802e-09
7.09895e-09
3.40196e-09
1.39969e-09
-8.76289e-10
-4.90144e-09
-9.56305e-09
-1.53339e-08
-2.42318e-08
-3.25831e-08
-3.56224e-08
-3.67867e-08
-4.02621e-08
-4.39384e-08
-4.4776e-08
-4.33737e-08
-4.04725e-08
-3.52127e-08
-3.00819e-08
-2.81295e-08
-2.60096e-08
-2.01475e-08
-1.21042e-08
-4.88925e-09
-6.03189e-10
1.263e-09
8.71158e-11
-1.18877e-08
-3.70706e-08
-5.9586e-08
-6.76617e-08
-6.92281e-08
-6.9994e-08
-6.81747e-08
-6.79836e-08
-7.55242e-08
-8.71526e-08
-8.89723e-08
-7.39407e-08
-5.30988e-08
-3.93929e-08
-3.38208e-08
-3.2118e-08
-2.86634e-08
-1.76642e-08
-1.42997e-09
1.12971e-08
1.6267e-08
1.63199e-08
1.88465e-08
3.03849e-08
4.65974e-08
5.6268e-08
5.6843e-08
5.45065e-08
3.21288e-08
9.48714e-09
4.55449e-07
2.12917e-06
4.54323e-06
6.06418e-06
6.27131e-06
5.86749e-06
5.25811e-06
4.95188e-06
5.36521e-06
6.08721e-06
6.36666e-06
5.85864e-06
4.73764e-06
3.401e-06
2.28654e-06
1.63749e-06
1.27002e-06
7.80248e-07
-8.78182e-08
-1.30208e-06
-2.60703e-06
-3.6824e-06
-4.34408e-06
-4.65991e-06
-4.86516e-06
-5.16403e-06
-5.59429e-06
-6.01648e-06
-6.22255e-06
-6.08764e-06
-5.64459e-06
-5.05155e-06
-4.47505e-06
-3.97171e-06
-3.48102e-06
-2.89564e-06
-2.14247e-06
-1.24681e-06
-3.12678e-07
5.52557e-07
1.29461e-06
1.92513e-06
2.4909e-06
3.0334e-06
3.55148e-06
3.99169e-06
4.29186e-06
4.42598e-06
4.40849e-06
4.27833e-06
4.07309e-06
3.79908e-06
3.43631e-06
2.97193e-06
2.41362e-06
1.77825e-06
1.08704e-06
3.78378e-07
-3.02237e-07
-9.73445e-07
-1.63604e-06
-1.6749e-06
-4.58242e-08
2.64727e-06
4.24991e-06
4.21077e-06
3.47432e-06
2.56661e-06
2.14513e-06
2.76152e-06
3.87496e-06
4.49681e-06
4.17143e-06
3.11499e-06
1.8343e-06
9.0132e-07
6.30002e-07
7.49404e-07
6.99185e-07
1.34003e-07
-9.09422e-07
-2.09942e-06
-3.01232e-06
-3.421e-06
-3.45379e-06
-3.44153e-06
-3.64024e-06
-4.08852e-06
-4.60836e-06
-4.92863e-06
-4.88133e-06
-4.51166e-06
-4.02301e-06
-3.61721e-06
-3.36041e-06
-3.16481e-06
-2.87056e-06
-2.37015e-06
-1.69142e-06
-9.59788e-07
-3.06247e-07
1.95907e-07
5.71049e-07
9.17883e-07
1.31387e-06
1.74995e-06
2.15556e-06
2.45498e-06
2.60358e-06
2.61021e-06
2.53248e-06
2.43065e-06
2.31698e-06
2.15539e-06
1.90893e-06
1.5655e-06
1.1326e-06
6.47876e-07
1.67054e-07
-2.82149e-07
-7.10763e-07
-1.14236e-06
-1.57724e-06
-1.99058e-06
-2.3708e-06
-2.70683e-06
-2.97288e-06
-3.17011e-06
-3.31363e-06
-3.39788e-06
-3.41607e-06
-3.3681e-06
-3.25103e-06
-3.06535e-06
-2.82541e-06
-2.54729e-06
-2.23421e-06
-1.88948e-06
-1.52209e-06
-1.13869e-06
-7.44505e-07
-3.5218e-07
2.09268e-08
3.69953e-07
6.91691e-07
9.73714e-07
1.21627e-06
1.42164e-06
1.57547e-06
1.66877e-06
1.70636e-06
1.69105e-06
1.6176e-06
1.48265e-06
1.29225e-06
1.06229e-06
8.10954e-07
5.39944e-07
2.46584e-07
-6.14016e-08
-3.83308e-07
-7.12859e-07
-1.0259e-06
-1.3076e-06
-1.55684e-06
-1.77126e-06
-1.95226e-06
-2.106e-06
-2.23441e-06
-2.32513e-06
-2.35682e-06
-2.32849e-06
-2.25116e-06
-2.12782e-06
-1.97358e-06
-1.80579e-06
-1.61623e-06
-1.39407e-06
-1.14633e-06
-8.77171e-07
-5.90046e-07
-3.05908e-07
-4.15809e-08
2.02572e-07
4.20624e-07
6.05845e-07
7.72832e-07
9.3448e-07
1.07355e-06
1.16833e-06
1.21536e-06
1.21975e-06
1.1841e-06
1.11022e-06
1.01131e-06
8.98927e-07
7.61395e-07
5.83647e-07
3.74571e-07
1.50809e-07
-8.11833e-08
-3.1469e-07
-5.44683e-07
-7.71054e-07
-9.8778e-07
-1.1899e-06
-1.37798e-06
-1.54335e-06
-1.67137e-06
-1.75635e-06
-1.80309e-06
-1.81909e-06
-1.80764e-06
-1.76766e-06
-1.69841e-06
-1.6e-06
-1.46456e-06
-1.28814e-06
-1.09462e-06
-9.08401e-07
-7.20433e-07
-5.17624e-07
-3.05691e-07
-8.79457e-08
1.29433e-07
3.22287e-07
4.73381e-07
5.93308e-07
7.02489e-07
8.0163e-07
8.79514e-07
9.3501e-07
9.6333e-07
9.54148e-07
9.10228e-07
8.35744e-07
7.32189e-07
6.14844e-07
4.94544e-07
3.58958e-07
1.94809e-07
7.22746e-09
-1.8526e-07
-3.65005e-07
-5.29995e-07
-6.95659e-07
-8.6498e-07
-1.01357e-06
-1.13525e-06
-1.24205e-06
-1.32002e-06
-1.36221e-06
-1.38275e-06
-1.38144e-06
-1.35488e-06
-1.30467e-06
-1.22518e-06
-1.10783e-06
-9.57146e-07
-7.93088e-07
-6.30874e-07
-4.73392e-07
-3.17883e-07
-1.53499e-07
3.30479e-08
2.37014e-07
4.32286e-07
5.89324e-07
6.95277e-07
7.63845e-07
8.22886e-07
8.84543e-07
9.32092e-07
9.43848e-07
9.13448e-07
8.40776e-07
7.33993e-07
6.1546e-07
4.9528e-07
3.66932e-07
2.3083e-07
8.48056e-08
-8.2184e-08
-2.68778e-07
-4.53969e-07
-6.14912e-07
-7.42853e-07
-8.37957e-07
-9.12469e-07
-9.90386e-07
-1.07142e-06
-1.12456e-06
-1.13413e-06
-1.10789e-06
-1.04661e-06
-9.56687e-07
-8.63987e-07
-7.73374e-07
-6.66017e-07
-5.38429e-07
-3.91551e-07
-2.25208e-07
-5.963e-08
8.72864e-08
2.24117e-07
3.55248e-07
4.5606e-07
5.13238e-07
5.56382e-07
6.06956e-07
6.49851e-07
6.75173e-07
6.82327e-07
6.61689e-07
6.1082e-07
5.43269e-07
4.70186e-07
3.94487e-07
3.21946e-07
2.53895e-07
1.92321e-07
1.52405e-07
1.49891e-07
1.99065e-07
3.21001e-07
5.4407e-07
8.9866e-07
1.39407e-06
1.99035e-06
2.5957e-06
3.08928e-06
3.35945e-06
3.29797e-06
2.71413e-06
1.34829e-06
-8.86865e-07
-3.68775e-06
-6.46746e-06
-8.67793e-06
-9.95884e-06
-1.00331e-05
-8.55351e-06
-5.112e-06
1.76628e-07
5.95684e-06
1.03291e-05
1.24226e-05
1.26787e-05
1.22942e-05
1.29072e-05
1.57456e-05
2.10501e-05
2.91717e-05
4.11861e-05
5.74438e-05
7.70646e-05
9.86532e-05
0.000118798
0.000132353
0.00013824
0.000140763
0.000142013
0.000139591
0.000133854
0.000128725
0.000125122
0.000122602
0.000123976
0.000129801
0.000133638
0.00012849
0.0001128
8.79284e-05
5.48852e-05
1.55097e-05
-2.54728e-05
-6.05449e-05
-8.23936e-05
-8.96508e-05
-9.06523e-05
-9.77035e-05
-0.000113815
-0.000129159
-0.00013421
-0.000129372
-0.000119561
-0.000107936
-9.71267e-05
-8.88041e-05
-7.8881e-05
-6.16483e-05
-4.03898e-05
-2.33756e-05
-9.06748e-06
1.51123e-05
5.70266e-05
0.00011013
0.000163474
0.000211654
0.00025103
0.000278488
0.000297097
0.00031421
0.000331578
0.000344053
0.000351868
0.000361331
0.000366803
0.000352531
0.000316766
0.000272926
0.000231833
0.000200187
0.00018231
0.000169825
0.000145579
0.000102967
4.69149e-05
-2.03719e-05
-9.93551e-05
-0.000180954
-0.000246414
-0.000284299
-0.000301988
-0.000312911
-0.000320033
-0.000321244
-0.00031677
-0.00030385
-0.000280023
-0.000252282
-0.000232004
-0.000222676
-0.000216606
-0.000203839
-0.000180125
-0.000145511
-0.00010428
-6.36072e-05
-2.67236e-05
5.88449e-06
3.25418e-05
5.29301e-05
6.77361e-05
7.51725e-05
7.15072e-05
5.68897e-05
4.07222e-05
3.55353e-05
4.57268e-05
6.78623e-05
9.62601e-05
0.000122045
0.000131865
0.000117266
8.65811e-05
5.5653e-05
2.94121e-05
6.77783e-06
-6.83634e-06
-5.42461e-06
9.38172e-06
3.0464e-05
4.94513e-05
6.24967e-05
7.16427e-05
7.78833e-05
8.03187e-05
8.03435e-05
7.857e-05
7.11663e-05
5.5359e-05
3.48699e-05
1.33545e-05
-1.24952e-05
-4.61313e-05
-8.37935e-05
-0.000121116
-0.000161572
-0.000210175
-0.000263027
-0.000314025
-0.000365507
-0.000418982
-0.000464952
-0.000492752
-0.000501493
-0.000496018
-0.000479607
-0.000454318
-0.000421567
-0.000378784
-0.00032171
-0.000252263
-0.000179402
-0.000110829
-4.76353e-05
1.22492e-05
7.08241e-05
0.000130545
0.000192541
0.000254167
0.000310384
0.000356796
0.000389752
0.000405494
0.000404957
0.000395473
0.000381645
0.000361488
0.000333935
0.000301339
0.00026349
0.00021843
0.000170224
0.000127299
9.25893e-05
6.08604e-05
2.62644e-05
-1.27721e-05
-5.61345e-05
-0.000100679
-0.00013905
-0.000168162
-0.000194557
-0.000227518
-0.000269702
-0.000316406
-0.000359703
-0.000390384
-0.000403165
-0.000402121
-0.000395314
-0.000385013
-0.000367478
-0.000340562
-0.000305383
-0.000263068
-0.000215978
-0.000167685
-0.000118959
-6.81071e-05
-1.56026e-05
3.40432e-05
7.61843e-05
0.000110475
0.000138719
0.000161336
0.000179658
0.000196513
0.000212155
0.000223259
0.000225246
0.00021698
0.000203728
0.000191875
0.00018285
0.000173845
0.000162787
0.000151601
0.000142588
0.000135581
0.00013158
0.000130883
0.000125909
0.000104041
5.95266e-05
-1.92462e-06
-7.08117e-05
-0.00014047
-0.000207817
-0.000274544
-0.000344547
-0.000415829
-0.000479417
-0.000527931
-0.000560318
-0.000579364
-0.000588162
-0.00058655
-0.000571627
-0.000543541
-0.000506638
-0.000464963
-0.000418706
-0.000363671
-0.000294949
-0.000208978
-0.00010331
1.88576e-05
0.000148118
0.000276798
0.000401681
0.000519532
0.000626903
0.000723583
0.000808361
0.000871978
0.000904153
0.000905438
0.000881142
0.000831658
0.00076082
0.000678962
0.000588619
0.000483615
0.000364423
0.000241151
0.000122038
7.59587e-06
-0.000103239
-0.00020864
-0.000309261
-0.000409403
-0.00050885
-0.000601471
-0.000681168
-0.000742978
-0.000781173
-0.000792758
-0.00078228
-0.000756923
-0.000718415
-0.000663987
-0.000591628
-0.000502071
-0.000398366
-0.000286819
-0.000176154
-7.13658e-05
2.74671e-05
0.000120454
0.000208158
0.000293844
0.000380597
0.000464081
0.000532115
0.000574621
0.000590399
0.000587023
0.000573572
0.000551206
0.000516101
0.00046715
0.000406794
0.000337378
0.000257151
0.000164961
6.58624e-05
-3.69126e-05
-0.000144161
-0.00024868
-0.000336419
-0.000400815
-0.000446489
-0.000481748
-0.000512325
-0.000541426
-0.000567312
-0.000577297
-0.00055942
-0.000520676
-0.000475317
-0.000424139
-0.000361871
-0.000291154
-0.000217975
-0.000142924
-6.38135e-05
1.73732e-05
9.77603e-05
0.000178734
0.000257913
0.000324715
0.000372129
0.000402759
0.00042096
0.000428232
0.000423431
0.000403605
0.00036939
0.000327689
0.000285923
0.000246468
0.000208131
0.000168832
0.000122024
5.68178e-05
-3.11061e-05
-0.000132641
-0.000232785
-0.000321974
-0.000397458
-0.000461251
-0.000520498
-0.000581807
-0.000645799
-0.000706496
-0.00075158
-0.000770707
-0.000766183
-0.000749781
-0.000730011
-0.000705372
-0.000671165
-0.000629081
-0.000580691
-0.00052007
-0.000445869
-0.000366939
-0.000289094
-0.000208804
-0.000122158
-3.56213e-05
3.94371e-05
0.000104659
0.000171595
0.000243516
0.000317429
0.000392066
0.000463607
0.000523989
0.000564245
0.000578867
0.000569447
0.000542168
0.000502934
0.000455854
0.000403542
0.000346834
0.000288238
0.000238786
0.000212757
0.000210354
0.000215832
0.000215218
0.00020529
0.000191534
0.000186506
0.000201857
0.000237618
0.000277877
0.000300481
0.000297032
0.00027636
0.00025051
0.000226039
0.00020411
0.000183998
0.000165677
0.000147156
0.00012266
9.10897e-05
6.21424e-05
4.29826e-05
2.68482e-05
7.32766e-06
-7.68899e-06
-5.52204e-06
1.68772e-05
5.1323e-05
8.9422e-05
0.000131491
0.000181486
0.000239076
0.000300539
0.000367765
0.000447732
0.000536155
0.0006199
0.000696108
0.000770088
0.000847014
0.000931547
0.00102084
0.00110622
0.00118288
0.00124189
0.00126661
0.00125267
0.00121353
0.00116221
0.00110252
0.00103458
0.000959188
0.000876663
0.00078491
0.000682272
0.000571301
0.000454886
0.000326765
0.000174483
-4.56857e-06
-0.000200854
-0.000403441
-0.000604999
-0.000805495
-0.00101312
-0.00123638
-0.00147569
-0.00171703
-0.00193515
-0.00211291
-0.00225234
-0.00236463
-0.00245801
-0.00252909
-0.00255835
-0.00252368
-0.00241899
-0.0022563
-0.00205606
-0.00183513
-0.0016005
-0.0013509
-0.00108018
-0.000788662
-0.000493195
-0.000216619
2.63883e-05
0.000234292
0.000416947
0.000581438
0.000721686
0.000827189
0.000892419
0.000915161
0.000896015
0.0008408
0.000755149
0.000637784
0.000485286
0.000303316
0.000112684
-5.2919e-05
-0.000160105
-0.00019857
-0.000188746
-0.000160436
-0.000128884
-8.60417e-05
-5.17145e-06
0.00013904
0.000349942
0.000607137
0.000876464
0.00112425
0.00133582
0.00152288
0.00170719
0.00189603
0.00207016
0.00219086
0.00222615
0.00217691
0.00207063
0.00193111
0.00176477
0.00156893
0.00133922
0.00107412
0.000783924
0.00049489
0.000237435
2.6681e-05
-0.000142903
-0.000282954
-0.000393485
-0.000460325
-0.000464978
-0.000393914
-0.000247463
-3.96951e-05
0.000216651
0.000515325
0.000850938
0.00122234
0.00162972
0.00206167
0.0024966
0.00291387
0.00329655
0.00363013
0.00390356
0.00410986
0.00424276
0.0042897
0.00422558
0.0040163
0.00364167
0.00312187
0.00250911
0.00185039
0.00116316
0.000431454
-0.000373073
-0.00125065
-0.00217395
-0.00312611
-0.00410315
-0.00509887
-0.00611132
-0.00713965
-0.0081633
-0.00913132
-0.00997514
-0.0106313
-0.0110403
-0.0111437
-0.0109275
-0.0104622
-0.00986246
-0.00919388
-0.00842713
-0.007483
-0.00631241
-0.00494654
-0.00349591
-0.00209314
-0.00080772
0.00038591
0.00154781
0.00269639
0.0037867
0.00473412
0.00546477
0.0059613
0.00626277
0.0064267
0.00649478
0.00647105
0.00631421
0.00597387
0.00544782
0.00479142
0.00407603
0.00335025
0.00263035
0.00190994
0.00118386
0.000473746
-0.000173821
-0.000713503
-0.0011182
-0.00137655
-0.0014894
-0.00147405
-0.00135758
-0.00115314
-0.000848816
-0.000427077
0.000106975
0.000716256
0.00134642
0.00195367
0.00252387
0.00306189
0.00356534
0.00401225
0.00436363
0.00457695
0.0046238
0.00449832
0.00422097
0.00383382
0.00337543
0.00285929
0.00227877
0.00162242
0.000887365
9.37693e-05
-0.000711583
-0.00147496
-0.0021624
-0.00277083
-0.00332503
-0.00385697
-0.0043681
-0.00481813
-0.00515286
-0.00532948
-0.00532878
-0.00516204
-0.00485853
-0.00443968
-0.00391164
-0.00327657
-0.00253501
-0.00168798
-0.000752309
0.00023789
0.00124608
0.00223907
0.00318688
0.00406646
0.00486333
0.00556572
0.00615424
0.00659865
0.00686966
0.00695305
0.00685085
0.00657487
0.00614248
0.00557039
0.00486869
0.00404832
0.00313383
0.00215572
0.00113156
7.19001e-05
-0.000996239
-0.00202919
-0.00298759
-0.00384768
-0.00459942
-0.00523641
-0.00574313
-0.00610061
-0.00630404
-0.00635997
-0.00626944
-0.00602593
-0.00562864
-0.00509204
-0.0044404
-0.00369539
-0.00287451
-0.00199772
-0.00108783
-0.000168042
0.000738809
0.00161146
0.00243076
0.00317928
0.00383725
0.00437946
0.00478538
0.00505068
0.00517796
0.00516152
0.00499341
0.00467742
0.00422757
0.00366019
0.00299393
0.00224965
0.00144705
0.000607014
-0.000247272
-0.00109646
-0.00192409
-0.00270966
-0.00343054
-0.00406885
-0.00461317
-0.00505649
-0.00539495
-0.00562539
-0.00574181
-0.00573583
-0.00559848
-0.00532419
-0.0049213
-0.00441389
-0.00382538
-0.00316656
-0.00244194
-0.0016609
-0.000841949
-8.81097e-06
0.000815707
0.00160914
0.00234972
0.00302525
0.00363193
0.00416082
0.00459464
0.00491697
0.00512107
0.00521209
0.00519999
0.00508947
0.00488096
0.00457985
0.00419494
0.00373303
0.00320439
0.0026258
0.00201576
0.00139273
0.000774453
0.000173922
-0.000401705
-0.000945784
-0.0014484
-0.00189838
-0.00228586
-0.00260247
-0.00284233
-0.00300468
-0.00309356
-0.00311427
-0.00306939
-0.0029563
-0.00277185
-0.00252351
-0.00223109
-0.00191453
-0.00158463
-0.00124597
-0.000902147
-0.000558754
-0.000226406
8.01939e-05
0.000346009
0.000558101
0.00071126
0.000811328
0.000866623
0.000876553
0.000832508
0.000729362
0.000571642
0.000369152
0.000132726
-0.000127184
-0.000405064
-0.000703325
-0.00102379
-0.00135305
-0.00166123
-0.00192046
-0.00212014
-0.00226081
-0.00234369
-0.00237197
-0.00235023
-0.00227923
-0.00215882
-0.00198998
-0.00176977
-0.0014933
-0.00116245
-0.000791368
-0.000405696
-2.93553e-05
0.000331027
0.000680706
0.00101936
0.0013355
0.00161375
0.00184418
0.00202358
0.00215098
0.0022289
0.00226594
0.00227061
0.00224468
0.00218433
0.00208593
0.00195361
0.00180064
0.00164003
0.00147582
0.00130661
0.00113414
0.000964494
0.000803086
0.000650937
0.000504975
0.000363011
0.000228532
0.000107014
-4.06998e-08
-9.14851e-05
-0.000163991
-0.000218455
-0.000255555
-0.000266858
-0.000247513
-0.000205185
-0.000147977
-7.96062e-05
-2.11771e-06
8.35731e-05
0.000177625
0.000281639
0.000392194
0.000496485
0.000578996
0.000630827
0.000653162
0.00065202
0.000631956
0.000593638
0.000534638
0.000452429
0.000346648
0.000222399
9.15294e-05
-3.63309e-05
-0.000162531
-0.000294015
-0.000434799
-0.000582809
-0.000724915
-0.000838058
-0.000905497
-0.000930712
-0.0009309
-0.000917965
-0.000887688
-0.000828393
-0.000736236
-0.000614815
-0.000469509
-0.000311815
-0.000156187
-1.08363e-05
0.000121443
0.000241952
0.00035563
0.000465181
0.000564573
0.000639434
0.000682745
0.000704994
0.000720741
0.00074117
0.000773535
0.000809281
0.000827883
0.000818919
0.000790055
0.000756294
0.000724241
0.000688077
0.000638376
0.00056769
0.000475191
0.000368184
0.000252148
0.000128983
3.51965e-06
-0.000123195
-0.000259174
-0.000408763
-0.000563623
-0.000711234
-0.00084317
-0.000956569
-0.00105467
-0.00114132
-0.0012132
-0.00126196
-0.00128243
-0.00127439
-0.00123899
-0.00117939
-0.00110116
-0.00100662
-0.000892693
-0.000755698
-0.000597988
-0.000430301
-0.000263923
-0.000101833
5.75394e-05
0.000213362
0.000362705
0.000500153
0.000616217
0.000702959
0.000758721
0.000781384
0.000766119
0.000714621
0.000632812
0.000524057
0.000391985
0.000236584
5.52116e-05
-0.000147628
-0.000363729
-0.000585099
-0.00080305
-0.00100942
-0.00119298
-0.00134084
-0.00144762
-0.00151902
-0.00156653
-0.00159595
-0.00159978
-0.0015644
-0.00148498
-0.00137033
-0.00123485
-0.00109051
-0.000944486
-0.000797728
-0.00064419
-0.000477076
-0.000299497
-0.000123754
4.07858e-05
0.000190938
0.000325174
0.000446896
0.000564398
0.000678818
0.000779268
0.000853234
0.000897203
0.00091639
0.000917941
0.000905893
0.000879163
0.00083281
0.000763076
0.000671247
0.00056328
0.000447382
0.000330864
0.000218127
0.000111462
1.17562e-05
-8.16882e-05
-0.000168586
-0.000244403
-0.000302333
-0.000337835
-0.000349145
-0.000336626
-0.000304695
-0.00025949
-0.000202371
-0.000130417
-4.15116e-05
6.45608e-05
0.000184832
0.000311149
0.000433439
0.000545514
0.000647234
0.000741006
0.000826248
0.000897256
0.00094467
0.000959759
0.000940249
0.000891112
0.000819413
0.000730532
0.000627237
0.000509575
0.000377531
0.000234917
8.94534e-05
-5.08906e-05
-0.000181188
-0.000300054
-0.000407464
-0.000502674
-0.000585091
-0.000655504
-0.000714245
-0.00075956
-0.000789707
-0.000804492
-0.000802838
-0.000781432
-0.000737402
-0.000669789
-0.000577665
-0.000460194
-0.000320406
-0.000167039
-1.00225e-05
0.000146135
0.000302727
0.000460974
0.000617521
0.000766581
0.000905086
0.00103174
0.00114326
0.00123712
0.00131374
0.00137296
0.00141259
0.00143001
0.00142448
0.00139775
0.00135072
0.001282
0.00119146
0.00108134
0.000954865
0.000816983
0.000674111
0.000530774
0.000388164
0.000247399
0.000111979
-1.41921e-05
-0.000128965
-0.000230651
-0.000317069
-0.000387298
-0.00044222
-0.000483658
-0.000512806
-0.000528156
-0.000527983
-0.000513633
-0.00048733
-0.000450839
-0.000406265
-0.000353558
-0.000289355
-0.00021224
-0.000127352
-4.26014e-05
3.81788e-05
0.000116201
0.000193568
0.000269509
0.000340901
0.000405666
0.000462999
0.00051084
0.000546582
0.000569803
0.000581941
0.000583665
0.000572366
0.000542159
0.000489518
0.000418154
0.000334848
0.000243107
0.000142915
3.34347e-05
-8.45245e-05
-0.000207476
-0.000330755
-0.000449052
-0.000556252
-0.000648818
-0.000727432
-0.00079265
-0.000841831
-0.000871628
-0.000882263
-0.000877759
-0.000861505
-0.000835008
-0.000801193
-0.000763422
-0.000721796
-0.000675552
-0.000626843
-0.000579109
-0.000535191
-0.000497056
-0.000463783
-0.000432576
-0.000404318
-0.000383553
-0.000372058
-0.000367266
-0.000366271
-0.000367469
-0.000370217
-0.00037466
-0.000380254
-0.00038545
-0.00038934
-0.000391587
-0.000391348
-0.00038785
-0.000381289
-0.000371514
-0.000357039
-0.000336878
-0.000310479
-0.000275536
-0.00022966
-0.000173635
-0.000111637
-4.87554e-05
1.27021e-05
7.30233e-05
0.000130563
0.000182041
0.000226348
0.000262341
0.00028511
0.000289085
0.00027392
0.000244734
0.000206145
0.000157539
9.39104e-05
1.04204e-05
-9.26885e-05
-0.000208913
-0.000328564
-0.000442144
-0.000542894
-0.00062953
-0.000705474
-0.000772122
-0.000824343
-0.000854471
-0.000857779
-0.000833887
-0.000786257
-0.000720271
-0.000639849
-0.000545132
-0.00043443
-0.000308845
-0.000173209
-3.30575e-05
0.00010701
0.000243152
0.000372574
0.000494012
0.000607193
0.000710199
0.000797109
0.000860363
0.000895695
0.000903634
0.000886589
0.000845968
0.00078232
0.000696693
0.000591888
0.000472577
0.00034381
0.000211118
8.12136e-05
-3.97446e-05
-0.000147523
-0.000239936
-0.00031711
-0.000379255
-0.000423702
-0.000446903
-0.000448304
-0.000429917
-0.000393379
-0.000338869
-0.000266199
-0.000175876
-6.97228e-05
4.90426e-05
0.000177576
0.000314239
0.000456384
0.00059928
0.000737411
0.000865151
0.000976436
0.00106431
0.00112154
0.00114328
0.00112925
0.00108184
0.00100189
0.000887879
0.000739262
0.000559902
0.000358429
0.000144538
-7.54455e-05
-0.000298083
-0.000518061
-0.00072581
-0.000910232
-0.00106233
-0.00117649
-0.00125117
-0.00128864
-0.00129169
-0.00125988
-0.00118982
-0.00107948
-0.000932188
-0.000755533
-0.000557523
-0.000344951
-0.000124549
9.62104e-05
0.000310142
0.000510411
0.000688718
0.000835581
0.000943238
0.00100809
0.00103135
0.00101702
0.000967597
0.000882873
0.000763895
0.000614952
0.00044087
0.000247579
4.50565e-05
-0.000154854
-0.000342624
-0.000512481
-0.000661839
-0.000788995
-0.000890833
-0.000963338
-0.00100358
-0.00101095
-0.000987469
-0.000936754
-0.000862238
-0.000766723
-0.000653632
-0.000527768
-0.000394997
-0.000262002
-0.000134954
-1.79172e-05
8.60608e-05
0.000173783
0.000243053
0.000293094
0.000323784
0.000335732
0.000330723
0.000311803
0.000283592
0.000252311
0.000222918
0.000195578
0.000167173
0.000135623
0.000101852
6.92425e-05
4.10088e-05
1.75274e-05
-3.44009e-06
-2.43745e-05
-4.50965e-05
-6.15157e-05
-6.86509e-05
-6.4791e-05
-5.12931e-05
-2.95668e-05
-1.02944e-08
3.76588e-05
8.48524e-05
0.000143163
0.000211628
0.00028672
0.000365274
0.000445975
0.000528092
0.000609486
0.000686928
0.000758666
0.000824738
0.000884441
0.000935393
0.000974695
0.000999502
0.00100698
0.000994401
0.00095954
0.000901586
0.000821366
0.000720291
0.000600407
0.000465916
0.00032269
0.000175267
2.58234e-05
-0.000123592
-0.000268736
-0.000402504
-0.000517094
-0.000608005
-0.000674311
-0.000715349
-0.000730144
-0.000718116
-0.000678044
-0.000609042
-0.000512936
-0.000394042
-0.00025758
-0.000108368
4.97039e-05
0.00021369
0.000381911
0.000552521
0.000720926
0.000880917
0.0010285
0.00116294
0.00128375
0.00138785
0.00147072
0.0015297
0.00156536
0.00158029
0.00157592
0.00155058
0.00150204
0.0014302
0.00133602
0.00122008
0.00108268
0.000924221
0.000745272
0.000547505
0.000334394
0.000110103
-0.000121618
-0.000356379
-0.000588834
-0.000814373
-0.00102964
-0.00123134
-0.00141487
-0.00157415
-0.00170355
-0.00179908
-0.00185715
-0.00187398
-0.00184754
-0.00177832
-0.0016675
-0.00151622
-0.00132722
-0.00110599
-0.000860092
-0.000597579
-0.000325732
-5.08193e-05
0.00022061
0.000480736
0.000721831
0.00093766
0.00112253
0.0012707
0.00137764
0.00144001
0.00145476
0.00142075
0.00133971
0.00121398
0.00104569
0.000838769
0.000598875
0.000332169
4.62742e-05
-0.000248468
-0.000539475
-0.000814193
-0.00106411
-0.00128601
-0.00147772
-0.00163429
-0.00174866
-0.00181457
-0.00183033
-0.00180009
-0.0017294
-0.0016212
-0.00147723
-0.00130024
-0.00109375
-0.000862443
-0.000613174
-0.000353986
-9.2971e-05
0.000161843
0.000403109
0.000624563
0.000820664
0.000987404
0.00112243
0.00122331
0.00128813
0.00131755
0.00131422
0.00128118
0.00122198
0.00114085
0.00104129
0.000925078
0.00079398
0.000652247
0.000505717
0.000358232
0.000210512
6.13923e-05
-9.14316e-05
-0.000249471
-0.000410483
-0.000568749
-0.000719124
-0.000859887
-0.000991487
-0.00111495
-0.00123061
-0.00133517
-0.00142142
-0.00148253
-0.00151494
-0.00151841
-0.00149453
-0.0014447
-0.00136907
-0.00126804
-0.00114366
-0.000997944
-0.000832186
-0.00065018
-0.00045929
-0.000266354
-7.49909e-05
0.000113041
0.000295179
0.000466331
0.000620248
0.000752864
0.000863238
0.000951646
0.00101802
0.00106167
0.00108135
0.00107564
0.0010439
0.000987309
0.000908591
0.000810768
0.000695765
0.000563563
0.000413661
0.00024833
7.36609e-05
-0.000102757
-0.000274965
-0.000440058
-0.000597017
-0.000744329
-0.000878914
-0.000996321
-0.00109067
-0.00115638
-0.00119215
-0.00120138
-0.00118754
-0.00115109
-0.00109077
-0.00100589
-0.000897738
-0.000770236
-0.000628539
-0.000476898
-0.0003187
-0.000157482
3.484e-06
0.000162053
0.000316334
0.000462906
0.000597052
0.000714525
0.000812512
0.000890142
0.000948093
0.000986409
0.00100353
0.000998331
0.000971649
0.000925271
0.000861189
0.000781728
0.000689213
0.000585525
0.00047242
0.000352208
0.00022798
0.000103458
-1.74318e-05
-0.000131356
-0.000236294
-0.000331462
-0.000416062
-0.000488066
-0.000544836
-0.000584344
-0.000605454
-0.000608719
-0.000596599
-0.00057068
-0.000529786
-0.000472878
-0.000401928
-0.000320266
-0.000230267
-0.000133564
-3.18271e-05
7.29882e-05
0.000178865
0.000284221
0.000386999
0.000483467
0.000569382
0.000642093
0.000701313
0.000748075
0.000782476
0.000803015
0.000808409
0.000799051
0.000776677
0.000743107
0.000699143
0.000644492
0.000578731
0.000502452
0.000417805
0.000327995
0.000236216
0.000144271
5.12736e-05
-4.49415e-05
-0.000144339
-0.000244182
-0.000341255
-0.000432777
-0.000516618
-0.000591793
-0.000657707
-0.000712954
-0.00075508
-0.000780854
-0.000787547
-0.000774829
-0.000744749
-0.000700109
-0.000643512
-0.000576188
-0.000496989
-0.000404529
-0.000300104
-0.000187539
-7.17159e-05
4.24517e-05
0.000151136
0.000252329
0.000345299
0.000429254
0.000502359
0.000561683
0.000604172
0.000628175
0.000634107
0.000623915
0.000599652
0.000561469
0.000507736
0.000437988
0.000354528
0.000260897
0.000159962
5.36314e-05
-5.66237e-05
-0.000169417
-0.000283286
-0.000396228
-0.000504933
-0.000605228
-0.000693573
-0.000767054
-0.000822498
-0.000856931
-0.000868218
-0.000854923
-0.000816404
-0.000753372
-0.00066822
-0.000564092
-0.000443154
-0.00030674
-0.000157405
8.93751e-07
0.00016479
0.00033152
0.000496961
0.000655628
0.000802603
0.000934345
0.00104779
0.00113993
0.00120883
0.00125373
0.00127355
0.00126684
0.0012333
0.00117484
0.001095
0.000997148
0.000883496
0.000755784
0.000615812
0.000465405
0.000307218
0.000145231
-1.69436e-05
-0.000177876
-0.000336908
-0.000491429
-0.000637326
-0.000770853
-0.000888603
-0.00098771
-0.00106669
-0.00112522
-0.00116339
-0.0011809
-0.00117713
-0.00115207
-0.00110718
-0.00104514
-0.000968903
-0.000881062
-0.000783515
-0.00067765
-0.000564765
-0.000446483
-0.00032513
-0.000203488
-8.39455e-05
3.20727e-05
0.000143432
0.000247719
0.000341287
0.000421155
0.000485512
0.000533005
0.000563092
0.000576156
0.000572587
0.000552501
0.000516214
0.000464612
0.000399526
0.000323898
0.000241507
0.000156227
7.10903e-05
-1.12325e-05
-8.71704e-05
-0.000152905
-0.000205986
-0.000245596
-0.000271679
-0.000283643
-0.000280045
-0.000259937
-0.000223454
-0.000171079
-0.000103876
-2.46141e-05
6.24238e-05
0.000153086
0.000244327
0.0003336
0.000418036
0.000494994
0.000563322
0.000622841
0.000672586
0.000710748
0.000735641
0.000746153
0.000741948
0.000723212
0.000690152
0.000642892
0.000581617
0.000507007
0.000420456
0.000323384
0.000216866
0.000102209
-1.84816e-05
-0.000142027
-0.000264487
-0.00038218
-0.000492306
-0.000592747
-0.000681441
-0.000755894
-0.000813116
-0.00084988
-0.000864008
-0.00085589
-0.00082768
-0.000780856
-0.000715742
-0.000632987
-0.000534153
-0.000421462
-0.000298091
-0.000168243
-3.62748e-05
9.42415e-05
0.000220694
0.000340807
0.000451924
0.000550911
0.000634712
0.000700915
0.000747777
0.000774355
0.000780988
0.000768795
0.000738388
0.000689899
0.000624427
0.000545006
0.000456103
0.000362506
0.000268644
0.000178127
9.31276e-05
1.4148e-05
-5.89582e-05
-0.000125269
-0.000182365
-0.000227727
-0.000260214
-0.000280404
-0.000290355
-0.000292539
-0.000287944
-0.000276041
-0.000256195
-0.00022786
-0.000190864
-0.000146335
-9.61783e-05
-4.16838e-05
1.63412e-05
7.64597e-05
0.000136973
0.000196817
0.000254735
0.000308525
0.000356108
0.000396332
0.000428175
0.000450488
0.000462944
0.000465855
0.000458844
0.000440824
0.000411158
0.000370004
0.000317922
0.000256069
0.000186356
0.000110323
2.84167e-05
-5.8861e-05
-0.000150073
-0.000243368
-0.000336657
-0.000427463
-0.000513381
-0.000592278
-0.000662237
-0.000721917
-0.000770506
-0.000806979
-0.000829698
-0.000837161
-0.000829006
-0.000805949
-0.000769057
-0.000719572
-0.000659043
-0.000588607
-0.000508462
-0.000419181
-0.000322906
-0.000222681
-0.000121776
-2.36242e-05
6.89056e-05
0.000153759
0.000228643
0.000291087
0.000339279
0.000371039
0.000383637
0.000376274
0.000350927
0.000310207
0.000255567
0.00018745
0.000106335
1.31408e-05
-9.04132e-05
-0.000200829
-0.000313353
-0.00042384
-0.000529217
-0.000626769
-0.000713591
-0.00078623
-0.00084083
-0.000874005
-0.000883914
-0.000870872
-0.000836577
-0.000782451
-0.000709422
-0.000618845
-0.000512704
-0.000393478
-0.000264227
-0.000128708
8.73567e-06
0.000144266
0.000275421
0.000400047
0.000515208
0.000618234
0.000707746
0.00078255
0.000841102
0.000882911
0.000908986
0.000920685
0.000918922
0.000904268
0.000877155
0.000838143
0.00078821
0.000728395
0.000659419
0.000582043
0.00049737
0.000406654
0.000311278
0.000213444
0.00011628
2.23717e-05
-6.65963e-05
-0.000148199
-0.000219025
-0.000276048
-0.000317287
-0.000341836
-0.000349487
-0.000340271
-0.000314684
-0.000273889
-0.00021953
-0.000153725
-7.90309e-05
1.84821e-06
8.6499e-05
0.000172962
0.000259357
0.000343402
0.000422412
0.000493846
0.000555565
0.000605504
0.000641535
0.000662177
0.000667135
0.0006566
0.000630634
0.000589611
0.00053448
0.000466519
0.000387545
0.000300665
0.00020974
0.00011715
2.35307e-05
-6.97647e-05
-0.000159706
-0.000242823
-0.000316086
-0.000377235
-0.000425051
-0.000459407
-0.000480931
-0.00049018
-0.000487132
-0.0004716
-0.000443947
-0.000405349
-0.000357528
-0.000302517
-0.000242503
-0.000179372
-0.000114774
-5.07575e-05
1.04212e-05
6.67848e-05
0.000116626
0.000158266
0.000189813
0.000209643
0.000217229
0.000212934
0.000197118
0.000169978
0.000132168
8.52416e-05
3.15919e-05
-2.60865e-05
-8.55678e-05
-0.000145034
-0.000202508
-0.000256066
-0.000304192
-0.00034554
-0.000378599
-0.000401786
-0.000414016
-0.000414683
-0.000403333
-0.000380267
-0.000346764
-0.000304065
-0.000253044
-0.000194855
-0.000131024
-6.31727e-05
6.90801e-06
7.71185e-05
0.00014539
0.000210015
0.000269497
0.000322673
0.00036882
0.000406883
0.000435151
0.000452183
0.000457421
0.000450606
0.000431275
0.000399325
0.000355506
0.000300993
0.000237182
0.000165825
8.8781e-05
7.86109e-06
-7.50452e-05
-0.000157942
-0.000238735
-0.000315386
-0.000386164
-0.000449788
-0.000505334
-0.000551912
-0.00058833
-0.000612969
-0.000624126
-0.000620636
-0.000602342
-0.000570103
-0.000525225
-0.000468999
-0.000402565
-0.000326743
-0.000242516
-0.000151729
-5.68897e-05
3.94561e-05
0.000135194
0.00022875
0.000318878
0.000404406
0.00048381
0.000555097
0.000616388
0.000666357
0.00070405
0.000728699
0.000739895
0.000737674
0.000722193
0.000693483
0.000651433
0.000595989
0.00052775
0.000448037
0.000358189
0.000259562
0.000153978
4.34113e-05
-7.03168e-05
-0.000185184
-0.000298816
-0.000408666
-0.000512052
-0.00060617
-0.000688369
-0.000756535
-0.000809062
-0.000844565
-0.000861937
-0.000860599
-0.000840431
-0.000801707
-0.000745267
-0.000672431
-0.000584686
-0.000483903
-0.000372496
-0.000252887
-0.000127345
1.498e-06
0.000130462
0.000256037
0.000374803
0.000483847
0.000580688
0.000662853
0.000727784
0.000773079
0.00079695
0.000798805
0.000779287
0.000739776
0.000682374
0.000610092
0.000526093
0.000432753
0.000332333
0.000228046
0.000123654
2.28225e-05
-7.11618e-05
-0.000155899
-0.000229703
-0.000291122
-0.000339291
-0.00037404
-0.000395407
-0.0004037
-0.000399815
-0.000385123
-0.000361295
-0.000330028
-0.000292569
-0.00024983
-0.000203126
-0.000154164
-0.000104289
-5.43695e-05
-5.1267e-06
4.29901e-05
8.99427e-05
0.000135714
0.000179841
0.00022132
0.000258758
0.000290696
0.000315816
0.000332784
0.000340168
0.000336757
0.000321888
0.000295627
0.000258655
0.000211745
0.000155563
9.09194e-05
1.88534e-05
-5.90834e-05
-0.000140233
-0.000221092
-0.000298594
-0.000371065
-0.000438094
-0.000499655
-0.000555132
-0.00060298
-0.00064109
-0.000667445
-0.00068091
-0.000681738
-0.000671051
-0.00064984
-0.000618568
-0.000577298
-0.000526153
-0.000465986
-0.000398387
-0.000325081
-0.000247571
-0.000167097
-8.45166e-05
-4.14853e-07
8.41545e-05
0.000167214
0.000246431
0.000319959
0.000386825
0.000446702
0.000499333
0.000544093
0.000579947
0.000605683
0.000620326
0.000623656
0.000616498
0.000600176
0.000575591
0.000542832
0.000501608
0.000452216
0.000395801
0.000333567
0.000266538
0.000196235
0.000124677
5.36488e-05
-1.53786e-05
-8.07897e-05
-0.000140898
-0.000194251
-0.000239464
-0.000274984
-0.000299477
-0.000312358
-0.000313516
-0.000302957
-0.000281101
-0.000248774
-0.000206809
-0.000156022
-9.73663e-05
-3.20769e-05
3.80971e-05
0.000110954
0.000184283
0.000256067
0.000324275
0.000386769
0.000441349
0.000485651
0.000517139
0.00053364
0.000534295
0.000519931
0.000492279
0.000453011
0.00040347
0.000344749
0.000278082
0.000205639
0.000130656
5.65795e-05
-1.37624e-05
-7.86175e-05
-0.000137323
-0.000189555
-0.000234644
-0.000271542
-0.000298947
-0.000315723
-0.000321621
-0.000317449
-0.00030457
-0.000284286
-0.000257526
-0.000225001
-0.000187401
-0.0001456
-0.000100928
-5.50571e-05
-9.53245e-06
3.44142e-05
7.58134e-05
0.000113815
0.000147506
0.000176021
0.000198567
0.000214274
0.000222501
0.000222975
0.000215374
0.000199285
0.000174379
0.000140575
9.86073e-05
5.00525e-05
-3.56764e-06
-6.12688e-05
-0.000122359
-0.000186034
-0.000250991
-0.000315349
-0.000376983
-0.000434028
-0.000485254
-0.000529955
-0.000567696
-0.000598129
-0.000620597
-0.000633954
-0.000637247
-0.000630604
-0.000614986
-0.000591098
-0.000559007
-0.000518775
-0.000470979
-0.000416753
-0.000357667
-0.000295415
-0.000231501
-0.000167162
-0.000103429
-4.13338e-05
1.78428e-05
7.26347e-05
0.000121769
0.000164497
0.000200438
0.00022922
0.000250428
0.000263703
0.000268857
0.000266021
0.000255537
0.000237889
0.00021397
0.000185061
0.000152448
0.00011732
8.08751e-05
4.45113e-05
9.90185e-06
-2.1367e-05
-4.81404e-05
-6.96653e-05
-8.55511e-05
-9.56865e-05
-9.98672e-05
-9.76613e-05
-8.88511e-05
-7.37469e-05
-5.29109e-05
-2.6813e-05
4.11873e-06
3.94087e-05
7.8659e-05
0.000121373
0.000166511
0.000212492
0.000257695
0.000300834
0.000340676
0.000375732
0.000404541
0.000425801
0.000438129
0.000440328
0.000431901
0.000412955
0.000383922
0.000345797
0.000300325
0.00024941
0.000194591
0.000137443
8.00027e-05
2.45628e-05
-2.66417e-05
-7.17069e-05
-0.000109194
-0.000138076
-0.000157919
-0.000168799
-0.000170702
-0.000163373
-0.00014666
-0.000120889
-8.71671e-05
-4.71376e-05
-2.30977e-06
4.6191e-05
9.73542e-05
0.000150185
0.000203817
0.000257189
0.000308652
0.000356309
0.000398707
0.000434949
0.000464442
0.000486796
0.000501391
0.000506853
0.000501608
0.000484914
0.00045703
0.000418821
0.000371568
0.000316764
0.000255668
0.000189251
0.000118778
4.617e-05
-2.63458e-05
-9.67367e-05
-0.000163341
-0.000224926
-0.000280627
-0.000329653
-0.000371091
-0.000403948
-0.000427348
-0.000440863
-0.000444622
-0.000438995
-0.000424396
-0.000401495
-0.000371343
-0.000335082
-0.000293724
-0.000248416
-0.00020062
-0.000151846
-0.000103392
-5.62806e-05
-1.13609e-05
3.03154e-05
6.73889e-05
9.86799e-05
0.000123476
0.000141375
0.000152317
0.000156667
0.000154878
0.000147182
0.000133642
0.000114324
8.95171e-05
5.99057e-05
2.63827e-05
-1.03088e-05
-4.9556e-05
-9.06397e-05
-0.000132679
-0.000174687
-0.000215593
-0.0002542
-0.000289213
-0.000319602
-0.000344845
-0.000364671
-0.000378868
-0.000387536
-0.000391157
-0.000390386
-0.000385878
-0.000378197
-0.000367927
-0.000355765
-0.000342374
-0.000328392
-0.000314692
-0.000302333
-0.000291933
-0.000283266
-0.000275802
-0.000269497
-0.000264681
-0.000261288
-0.000258572
-0.000255439
-0.00025061
-0.000242536
-0.000229847
-0.00021209
-0.000189733
-0.000163493
-0.000133773
-0.000100492
-6.35176e-05
-2.35273e-05
1.80377e-05
5.99394e-05
0.000101277
0.000141073
0.000178603
0.000213591
0.00024581
0.000274766
0.000299533
0.00031894
0.000332204
0.000339164
0.000339767
0.000333682
0.000320669
0.000300968
0.000274783
0.000241985
0.000202817
0.000158282
0.000109698
5.84616e-05
6.33712e-06
-4.43731e-05
-9.12676e-05
-0.000132425
-0.000166555
-0.00019274
-0.000210079
-0.000217711
-0.000215276
-0.000203091
-0.000181741
-0.000151662
-0.00011335
-6.78676e-05
-1.68806e-05
3.76464e-05
9.37146e-05
0.000149584
0.000203856
0.000255245
0.000302628
0.000345305
0.000382609
0.000413537
0.000437208
0.00045321
0.000461436
0.000462008
0.000455067
0.000440535
0.000418358
0.000388727
0.000351958
0.000308517
0.000259208
0.000205187
0.000147968
8.92845e-05
3.06309e-05
-2.67548e-05
-8.14538e-05
-0.000131784
-0.000176036
-0.000212713
-0.000240605
-0.000258696
-0.000266232
-0.000262973
-0.000249198
-0.000225374
-0.000191982
-0.000149814
-0.000100221
-4.48506e-05
1.47106e-05
7.69352e-05
0.000140202
0.000202684
0.000262342
0.000317359
0.000366436
0.000408393
0.000442129
0.000467044
0.000482769
0.000488735
0.000484461
0.00046997
0.000445681
0.000412191
0.000370384
0.000321487
0.00026679
0.000207494
0.000144954
8.08281e-05
1.67444e-05
-4.61063e-05
-0.000106846
-0.00016454
-0.00021806
-0.00026626
-0.000308327
-0.000343841
-0.000372492
-0.00039396
-0.000408016
-0.000414744
-0.000414398
-0.000407011
-0.000392701
-0.00037213
-0.000346178
-0.000315531
-0.00028073
-0.000242353
-0.000201119
-0.000157995
-0.000114193
-7.08694e-05
-2.88449e-05
1.11911e-05
4.82749e-05
8.11754e-05
0.00010877
0.000130344
0.000145606
0.000154476
0.000156986
0.000153264
0.000143425
0.000127668
0.000106631
8.14881e-05
5.36206e-05
2.40554e-05
-6.66887e-06
-3.78988e-05
-6.87068e-05
-9.84538e-05
-0.000126873
-0.000153777
-0.00017901
-0.000202413
-0.000223722
-0.000242473
-0.000258181
-0.00027073
-0.000280315
-0.000286963
-0.00029043
-0.000290492
-0.000287137
-0.000280538
-0.000270939
-0.000258657
-0.00024412
-0.000227549
-0.000208769
-0.000187717
-0.000164812
-0.000140499
-0.000114775
-8.74045e-05
-5.84847e-05
-2.85759e-05
1.65727e-06
3.16177e-05
6.08528e-05
8.90702e-05
0.000115741
0.000139971
0.000160861
0.000177557
0.000189152
0.000194995
0.000195126
0.000190174
0.000180709
0.000166815
0.000148371
0.000125694
9.97181e-05
7.14006e-05
4.13109e-05
1.00561e-05
-2.14705e-05
-5.25105e-05
-8.26068e-05
-0.000111127
-0.000136911
-0.000158807
-0.000176302
-0.000189249
-0.000197461
-0.000200572
-0.000198008
-0.000189429
-0.000175056
-0.000155313
-0.000130594
-0.000101417
-6.84575e-05
-3.2378e-05
6.359e-06
4.72936e-05
8.9487e-05
0.000131529
0.000171996
0.000209583
0.000242915
0.000270609
0.000291555
0.000305081
0.000310735
0.000308108
0.000297104
0.000278102
0.000251767
0.000218902
0.000180421
0.000137436
9.12709e-05
4.32347e-05
-5.48033e-06
-5.36323e-05
-9.99528e-05
-0.000143402
-0.00018314
-0.000218153
-0.000247113
-0.00026874
-0.000282189
-0.000286994
-0.000282916
-0.000270032
-0.000248667
-0.000219075
-0.000181386
-0.000136099
-8.45932e-05
-2.87293e-05
2.99123e-05
9.00412e-05
0.000150442
0.000210156
0.000268305
0.000323584
0.000374273
0.000418699
0.000455514
0.000483759
0.000502958
0.000513077
0.000514153
0.000505919
0.000487926
0.000460091
0.000423078
0.00037825
0.000327323
0.000271938
0.000213452
0.000153007
9.16861e-05
3.07808e-05
-2.80129e-05
-8.2871e-05
-0.000132317
-0.000175394
-0.000211535
-0.000240325
-0.000261326
-0.000274148
-0.000278588
-0.000274732
-0.000263058
-0.000244493
-0.000220428
-0.000192465
-0.000161949
-0.000129894
-9.72173e-05
-6.49914e-05
-3.46746e-05
-7.82988e-06
1.44668e-05
3.15503e-05
4.26555e-05
4.68797e-05
4.35144e-05
3.2333e-05
1.36491e-05
-1.18867e-05
-4.34254e-05
-7.9922e-05
-0.000120148
-0.000162767
-0.000206333
-0.000249012
-0.000288642
-0.000323339
-0.000351859
-0.000373549
-0.000388203
-0.000395782
-0.00039616
-0.00038921
-0.000375117
-0.000354549
-0.000328562
-0.00029831
-0.000264737
-0.000228487
-0.000190148
-0.000150531
-0.000110586
-7.10871e-05
-3.25803e-05
4.50542e-06
3.99751e-05
7.38568e-05
0.00010595
0.000135629
0.000162227
0.000185295
0.000204586
0.000220118
0.000232169
0.000241012
0.000246679
0.000249146
0.000248624
0.000245514
0.000240313
0.000233565
0.0002257
0.000216823
0.000206848
0.000195796
0.000183832
0.000171159
0.000157902
0.000143912
0.00012875
0.000111903
9.3107e-05
7.25714e-05
5.07502e-05
2.79655e-05
4.51568e-06
-1.92021e-05
-4.27784e-05
-6.56038e-05
-8.67371e-05
-0.000105093
-0.000119665
-0.000129717
-0.000134848
-0.000134972
-0.000130386
-0.000121727
-0.000109644
-9.45671e-05
-7.68978e-05
-5.72619e-05
-3.65439e-05
-1.57659e-05
4.10981e-06
2.22962e-05
3.83053e-05
5.20609e-05
6.36389e-05
7.29062e-05
7.95311e-05
8.31199e-05
8.33596e-05
8.02615e-05
7.41251e-05
6.52193e-05
5.37075e-05
3.98003e-05
2.37837e-05
5.95907e-06
-1.33635e-05
-3.38748e-05
-5.51428e-05
-7.64714e-05
-9.71691e-05
-0.000116771
-0.000134851
-0.000150959
-0.000164681
-0.000175536
-0.000182938
-0.000186246
-0.000184929
-0.0001787
-0.000167505
-0.000151578
-0.000131471
-0.000107836
-8.12021e-05
-5.20144e-05
-2.07873e-05
1.18155e-05
4.49661e-05
7.76577e-05
0.000108792
0.000137482
0.000163266
0.000185955
0.000205408
0.000221427
0.000233807
0.000242537
0.000247782
0.000249743
0.000248781
0.000245429
0.000240132
0.000233152
0.000224629
0.000214666
0.000203508
0.00019153
0.00017896
0.000165846
0.000152429
0.000139208
0.000126408
0.000113785
0.000101141
8.86742e-05
7.67929e-05
6.59128e-05
5.63581e-05
4.82981e-05
4.17055e-05
3.62705e-05
3.14606e-05
2.67488e-05
2.17113e-05
1.6002e-05
9.41184e-06
1.91879e-06
-6.49233e-06
-1.60028e-05
-2.68243e-05
-3.90153e-05
-5.24089e-05
-6.65587e-05
-8.08727e-05
-9.48941e-05
-0.000108339
-0.000120937
-0.000132375
-0.000142319
-0.000150412
-0.000156278
-0.000159687
-0.000160685
-0.000159461
-0.000156124
-0.0001507
-0.000143194
-0.000133603
-0.000122063
-0.000108992
-9.49317e-05
-8.03376e-05
-6.55928e-05
-5.09954e-05
-3.66496e-05
-2.25427e-05
-8.71066e-06
4.76643e-06
1.78061e-05
3.03231e-05
4.21841e-05
5.31512e-05
6.29638e-05
7.1353e-05
7.79932e-05
8.26285e-05
8.51134e-05
8.53795e-05
8.35804e-05
8.01047e-05
7.5243e-05
6.90276e-05
6.15534e-05
5.3203e-05
4.45335e-05
3.61893e-05
2.87799e-05
2.26871e-05
1.80231e-05
1.46865e-05
1.24925e-05
1.13604e-05
1.1343e-05
1.24851e-05
1.47158e-05
1.78089e-05
2.13797e-05
2.49881e-05
2.83058e-05
3.11633e-05
3.3444e-05
3.49988e-05
3.56466e-05
3.51547e-05
3.33245e-05
3.02292e-05
2.62812e-05
2.20345e-05
1.79183e-05
1.407e-05
1.04099e-05
6.85515e-06
3.39134e-06
6.10526e-08
-2.90907e-06
-5.08399e-06
-6.16709e-06
-6.35026e-06
-6.13781e-06
-5.8214e-06
-5.3406e-06
-4.6299e-06
-3.85579e-06
-3.36373e-06
-3.57323e-06
-4.84552e-06
-7.26708e-06
-1.05443e-05
-1.41361e-05
-1.75069e-05
-2.04092e-05
-2.29601e-05
-2.53903e-05
-2.7746e-05
-2.97332e-05
-3.08469e-05
-3.072e-05
-2.93014e-05
-2.68157e-05
-2.36021e-05
-1.98947e-05
-1.57555e-05
-1.12097e-05
-6.42312e-06
-1.73423e-06
2.33938e-06
5.05466e-06
5.75312e-06
4.18174e-06
2.8265e-07
-5.92431e-06
-1.42411e-05
-2.45962e-05
-3.71976e-05
-5.20546e-05
-6.88222e-05
-8.71283e-05
-0.000106636
-0.000127024
-0.000148023
-0.00016932
-0.000190496
-0.000210987
-0.000230176
-0.000247629
-0.000263093
-0.000276249
-0.000286597
-0.000293432
-0.000295855
-0.00029295
-0.000284125
-0.000269283
-0.000248722
-0.000222897
-0.000192254
-0.00015719
-0.000118273
-7.65474e-05
-3.34586e-05
9.45504e-06
5.07535e-05
8.92415e-05
0.000123951
0.00015392
0.000178161
0.000195752
0.000205939
0.000208491
0.000203842
0.000192638
0.000175431
0.000152786
0.000125406
9.41765e-05
6.0237e-05
2.4943e-05
-1.02454e-05
-4.39481e-05
-7.51016e-05
-0.00010301
-0.000127158
-0.000147036
-0.000162044
-0.000171614
-0.000175531
-0.000174042
-0.000167675
-0.000157061
-0.000142784
-0.000125305
-0.000105033
-8.24189e-05
-5.80022e-05
-3.24825e-05
-6.64282e-06
1.8873e-05
4.36036e-05
6.71873e-05
8.9329e-05
0.000109618
0.000127322
0.000141569
0.000151725
0.000157451
0.000158614
0.000155363
0.000148006
0.000136611
0.00012108
0.000101703
7.92274e-05
5.4424e-05
2.79469e-05
3.97424e-07
-2.78453e-05
-5.65717e-05
-8.52542e-05
-0.00011289
-0.000138603
-0.000162037
-0.000182784
-0.000199951
-0.00021273
-0.00022082
-0.000223938
-0.000221448
-0.000212738
-0.000197751
-0.00017692
-0.000150642
-0.000119319
-8.37831e-05
-4.5066e-05
-3.88631e-06
3.9076e-05
8.27842e-05
0.000126061
0.000167781
0.000206937
0.00024283
0.000274937
0.00030257
0.000324958
0.000341498
0.000351885
0.000356181
0.000354659
0.00034742
0.000334281
0.000315223
0.000290744
0.000261697
0.000228969
0.000193371
0.000155673
0.0001167
7.7359e-05
3.86088e-05
1.4823e-06
-3.29539e-05
-6.37934e-05
-9.03843e-05
-0.00011225
-0.000129008
-0.000140281
-0.000145732
-0.000145181
-0.000138575
-0.000126054
-0.000108085
-8.51688e-05
-5.76285e-05
-2.592e-05
9.19712e-06
4.69142e-05
8.64015e-05
0.000126532
0.000165914
0.000203242
0.000237489
0.000267798
0.00029333
0.000313244
0.000326794
0.000333364
0.00033262
0.000324666
0.000309939
0.000289108
0.000263005
0.000232276
0.000197262
0.000158319
0.00011622
7.2313e-05
2.82159e-05
-1.48569e-05
-5.64821e-05
-9.66743e-05
-0.000135126
-0.000170752
-0.00020206
-0.000228111
-0.000248831
-0.000264386
-0.000274853
-0.000280352
-0.000280918
-0.000276339
-0.000266333
-0.000251118
-0.000232027
-0.000210654
-0.000187291
-0.000161551
-0.000134033
-0.000105969
-7.80614e-05
-5.08227e-05
-2.53462e-05
-2.7896e-06
1.64112e-05
3.23565e-05
4.48688e-05
5.30473e-05
5.60931e-05
5.41117e-05
4.74173e-05
3.60924e-05
2.06842e-05
2.23652e-06
-1.84954e-05
-4.13091e-05
-6.60051e-05
-9.16779e-05
-0.000116918
-0.000140681
-0.000162338
-0.000181239
-0.000196894
-0.000208993
-0.000216936
-0.000219893
-0.000217307
-0.000209084
-0.000195479
-0.000176926
-0.000153879
-0.000126713
-9.5904e-05
-6.22809e-05
-2.69278e-05
9.05237e-06
4.45389e-05
7.83791e-05
0.000109521
0.000137072
0.000160297
0.000178667
0.000191846
0.000199758
0.000202593
0.000200514
0.000193624
0.000182306
0.000167235
0.000149114
0.000128524
0.000105987
8.21426e-05
5.77183e-05
3.31999e-05
8.77539e-06
-1.52127e-05
-3.80732e-05
-5.92161e-05
-7.84086e-05
-9.53991e-05
-0.000109704
-0.000120852
-0.000128535
-0.000132699
-0.000133582
-0.000131407
-0.000126316
-0.000118568
-0.000108381
-9.58953e-05
-8.15749e-05
-6.63892e-05
-5.13494e-05
-3.68264e-05
-2.27111e-05
-9.16049e-06
3.42482e-06
1.47914e-05
2.46508e-05
3.25466e-05
3.82184e-05
4.1819e-05
4.36777e-05
4.40383e-05
4.30524e-05
4.08843e-05
3.77861e-05
3.40337e-05
2.98064e-05
2.53157e-05
2.09378e-05
1.69923e-05
1.35799e-05
1.07152e-05
8.45248e-06
6.89524e-06
6.1928e-06
6.4757e-06
7.69067e-06
9.51264e-06
1.14183e-05
1.29099e-05
1.38175e-05
1.43544e-05
1.47533e-05
1.49783e-05
1.49858e-05
1.49947e-05
1.52456e-05
1.57886e-05
1.67053e-05
1.82628e-05
2.06429e-05
2.37912e-05
2.75772e-05
3.17904e-05
3.61732e-05
4.0641e-05
4.52013e-05
4.97766e-05
5.4352e-05
5.90385e-05
6.38937e-05
6.88673e-05
7.3904e-05
7.91089e-05
8.47678e-05
9.10359e-05
9.77643e-05
0.000104728
0.000111759
0.000118652
0.000125183
0.00013119
0.000136495
0.000140866
0.000144154
0.000146193
0.000146593
0.000144889
0.000140829
0.000134472
0.000126008
0.000115452
0.000102785
8.81947e-05
7.18308e-05
5.36811e-05
3.38181e-05
1.25962e-05
-9.43535e-06
-3.18125e-05
-5.41543e-05
-7.60885e-05
-9.73405e-05
-0.000117576
-0.000136376
-0.000153475
-0.000168558
-0.000181059
-0.000190581
-0.000197144
-0.000200843
-0.000201637
-0.000199495
-0.000194457
-0.000186624
-0.000176325
-0.000164208
-0.000151001
-0.000137272
-0.000123402
-0.000109553
-9.5781e-05
-8.24687e-05
-7.04524e-05
-6.03974e-05
-5.227e-05
-4.57775e-05
-4.09126e-05
-3.77735e-05
-3.63741e-05
-3.68978e-05
-3.96071e-05
-4.41825e-05
-4.96286e-05
-5.51387e-05
-6.07295e-05
-6.67569e-05
-7.3121e-05
-7.9442e-05
-8.55981e-05
-9.13987e-05
-9.62239e-05
-9.96355e-05
-0.000101962
-0.000103739
-0.000104813
-0.00010446
-0.000102166
-9.78436e-05
-9.14443e-05
-8.29731e-05
-7.28933e-05
-6.18001e-05
-4.97928e-05
-3.6764e-05
-2.29456e-05
-8.83379e-06
5.03103e-06
1.81815e-05
3.03409e-05
4.14539e-05
5.16178e-05
6.09501e-05
6.95103e-05
7.72113e-05
8.37326e-05
8.88713e-05
9.30085e-05
9.67571e-05
0.000100285
0.000103426
0.000106128
0.000108375
0.000109985
0.00011092
0.000111558
0.000112314
0.00011331
0.000114434
0.000115412
0.000115912
0.00011581
0.000115183
0.000113944
0.000111854
0.000108968
0.000105438
0.00010085
9.44741e-05
8.61555e-05
7.63511e-05
6.54037e-05
5.312e-05
3.91832e-05
2.38637e-05
7.81998e-06
-8.52747e-06
-2.47651e-05
-4.01937e-05
-5.43725e-05
-6.75879e-05
-8.03467e-05
-9.24754e-05
-0.000103111
-0.000111458
-0.000117099
-0.000119759
-0.000119132
-0.000114863
-0.000106515
-9.35228e-05
-7.55457e-05
-5.31993e-05
-2.80059e-05
-1.32784e-06
2.61003e-05
5.37418e-05
8.11635e-05
0.000107991
0.000133277
0.000155332
0.000172638
0.000184627
0.000191433
0.000193333
0.000190342
0.000181928
0.000167452
0.000146962
0.00012118
9.11076e-05
5.8129e-05
2.37866e-05
-1.10579e-05
-4.63266e-05
-8.18197e-05
-0.000116596
-0.000149135
-0.000177882
-0.000201807
-0.00022047
-0.000233748
-0.000241798
-0.000244948
-0.000243218
-0.000236097
-0.00022298
-0.000203782
-0.000179067
-0.000149683
-0.000116605
-8.10458e-05
-4.42984e-05
-7.44669e-06
2.85436e-05
6.26948e-05
9.41323e-05
0.000122036
0.000145648
0.000164605
0.000178821
0.000188033
0.000192071
0.000191278
0.000185977
0.000176026
0.000161502
0.000143187
0.000122109
9.91224e-05
7.50013e-05
5.06213e-05
2.68368e-05
4.14057e-06
-1.73295e-05
-3.73673e-05
-5.55794e-05
-7.18184e-05
-8.63207e-05
-9.921e-05
-0.000110285
-0.000119326
-0.000126198
-0.000130725
-0.000132847
-0.000132819
-0.00013098
-0.000127517
-0.000122615
-0.000116481
-0.000109212
-0.000100896
-9.19062e-05
-8.27977e-05
-7.37465e-05
-6.45455e-05
-5.51843e-05
-4.59405e-05
-3.70735e-05
-2.87327e-05
-2.09737e-05
-1.37522e-05
-6.90243e-06
-1.83116e-07
6.53138e-06
1.31632e-05
1.95551e-05
2.57325e-05
3.20911e-05
3.90501e-05
4.64863e-05
5.37301e-05
6.0028e-05
6.49724e-05
6.85969e-05
7.11132e-05
7.27348e-05
7.37492e-05
7.43712e-05
7.45225e-05
7.40998e-05
7.3251e-05
7.21621e-05
7.08458e-05
6.91816e-05
6.6993e-05
6.41128e-05
6.05046e-05
5.63861e-05
5.21806e-05
4.82747e-05
4.47649e-05
4.14851e-05
3.83149e-05
3.53085e-05
3.24886e-05
2.97071e-05
2.68383e-05
2.39795e-05
2.12998e-05
1.89452e-05
1.71939e-05
1.63076e-05
1.63089e-05
1.7176e-05
1.90442e-05
2.21256e-05
2.64947e-05
3.18867e-05
3.76522e-05
4.30139e-05
4.74622e-05
5.08114e-05
5.31123e-05
5.47207e-05
5.61378e-05
5.76651e-05
5.92253e-05
6.04062e-05
6.08153e-05
6.05951e-05
6.05716e-05
6.17856e-05
6.48447e-05
6.97036e-05
7.58543e-05
8.24849e-05
8.87589e-05
9.42821e-05
9.90711e-05
0.000103069
0.000105894
0.000107012
0.000106091
0.000103201
9.87236e-05
9.30793e-05
8.64747e-05
7.88747e-05
7.01412e-05
6.01881e-05
4.908e-05
3.69571e-05
2.38238e-05
9.55899e-06
-5.76295e-06
-2.17362e-05
-3.78649e-05
-5.37509e-05
-6.90162e-05
-8.32824e-05
-9.62747e-05
-0.000107703
-0.000117103
-0.00012405
-0.000128404
-0.000130224
-0.000129556
-0.000126327
-0.000120448
-0.000112029
-0.000101361
-8.8826e-05
-7.49172e-05
-6.01561e-05
-4.5061e-05
-3.03181e-05
-1.68137e-05
-5.33625e-06
3.6556e-06
9.90136e-06
1.32006e-05
1.35691e-05
1.11584e-05
5.92969e-06
-2.19998e-06
-1.30304e-05
-2.6112e-05
-4.08775e-05
-5.66589e-05
-7.27383e-05
-8.85097e-05
-0.000103615
-0.000117972
-0.000131597
-0.000144284
-0.000155608
-0.000165181
-0.000172591
-0.000177376
-0.000179364
-0.000178837
-0.000176185
-0.000171452
-0.000164471
-0.000155321
-0.000144302
-0.000131576
-0.000117272
-0.000101722
-8.52975e-05
-6.82622e-05
-5.09224e-05
-3.36118e-05
-1.66375e-05
-3.92899e-07
1.4774e-05
2.88065e-05
4.17526e-05
5.34206e-05
6.34715e-05
7.16853e-05
7.7947e-05
8.22394e-05
8.47382e-05
8.56864e-05
8.51861e-05
8.3252e-05
7.99704e-05
7.54681e-05
6.9864e-05
6.33756e-05
5.63212e-05
4.89447e-05
4.1333e-05
3.3496e-05
2.55077e-05
1.76134e-05
1.02207e-05
3.7986e-06
-1.25264e-06
-4.67576e-06
-6.38246e-06
-6.51221e-06
-5.31483e-06
-2.8189e-06
1.13758e-06
6.4697e-06
1.27781e-05
1.96668e-05
2.68165e-05
3.39244e-05
4.08162e-05
4.75119e-05
5.40942e-05
6.0525e-05
6.66474e-05
7.23936e-05
7.78638e-05
8.31761e-05
8.82676e-05
9.28193e-05
9.64262e-05
9.87822e-05
9.96872e-05
9.89955e-05
9.65842e-05
9.23465e-05
8.61888e-05
7.80948e-05
6.82997e-05
5.72291e-05
4.5172e-05
3.22928e-05
1.89209e-05
5.49883e-06
-7.67403e-06
-2.04041e-05
-3.23918e-05
-4.3202e-05
-5.24156e-05
-5.98038e-05
-6.53184e-05
-6.89658e-05
-7.08202e-05
-7.09962e-05
-6.9585e-05
-6.67512e-05
-6.26795e-05
-5.74479e-05
-5.12128e-05
-4.43719e-05
-3.74125e-05
-3.07393e-05
-2.4674e-05
-1.94653e-05
-1.5236e-05
-1.20114e-05
-9.82899e-06
-8.80017e-06
-9.04138e-06
-1.05123e-05
-1.29683e-05
-1.61022e-05
-1.96418e-05
-2.33134e-05
-2.69021e-05
-3.03187e-05
-3.34303e-05
-3.59595e-05
-3.76311e-05
-3.82701e-05
-3.77593e-05
-3.59969e-05
-3.28834e-05
-2.83662e-05
-2.25853e-05
-1.58746e-05
-8.5962e-06
-1.11852e-06
6.2158e-06
1.31947e-05
1.96483e-05
2.53785e-05
3.02243e-05
3.40578e-05
3.67673e-05
3.83086e-05
3.87526e-05
3.82348e-05
3.68307e-05
3.45315e-05
3.13365e-05
2.72819e-05
2.23767e-05
1.65862e-05
9.97242e-06
2.83751e-06
-4.39445e-06
-1.13532e-05
-1.77022e-05
-2.31706e-05
-2.76484e-05
-3.11349e-05
-3.36456e-05
-3.51604e-05
-3.56148e-05
-3.49813e-05
-3.33695e-05
-3.10022e-05
-2.81001e-05
-2.48065e-05
-2.1128e-05
-1.69168e-05
-1.20314e-05
-6.52315e-06
-6.63617e-07
5.16464e-06
1.07012e-05
1.58916e-05
2.06804e-05
2.4937e-05
2.85387e-05
3.13132e-05
3.30088e-05
3.34028e-05
3.24528e-05
3.03367e-05
2.72416e-05
2.31964e-05
1.81622e-05
1.21305e-05
5.13045e-06
-2.67037e-06
-1.08353e-05
-1.8834e-05
-2.63154e-05
-3.30619e-05
-3.8885e-05
-4.36328e-05
-4.71196e-05
-4.9115e-05
-4.94985e-05
-4.82844e-05
-4.54478e-05
-4.08708e-05
-3.44925e-05
-2.63996e-05
-1.66762e-05
-5.24675e-06
7.93322e-06
2.26141e-05
3.83445e-05
5.46367e-05
7.10038e-05
8.70271e-05
0.000102284
0.000116237
0.000128416
0.000138514
0.000146122
0.000150715
0.000152023
0.000150101
0.000145027
0.000136851
0.000125699
0.000111655
9.46916e-05
7.49457e-05
5.29314e-05
2.93323e-05
4.80579e-06
-2.00245e-05
-4.46623e-05
-6.87202e-05
-9.17428e-05
-0.000113201
-0.00013254
-0.000149134
-0.000162402
-0.000172067
-0.000178138
-0.000180623
-0.000179261
-0.000173571
-0.000163326
-0.00014891
-0.000130955
-0.000109847
-8.57505e-05
-5.8929e-05
-2.98826e-05
8.0696e-07
3.25244e-05
6.44728e-05
9.57095e-05
0.000125395
0.000152829
0.000177297
0.000198221
0.000215217
0.000227587
0.000234405
0.000235344
0.000230756
0.000220977
0.000206279
0.000187098
0.000163748
0.000136563
0.000106424
7.43704e-05
4.10403e-05
7.10986e-06
-2.64649e-05
-5.91248e-05
-9.07218e-05
-0.00012069
-0.000148037
-0.000171937
-0.000191712
-0.000206661
-0.000216437
-0.000221254
-0.000221225
-0.000215709
-0.000203957
-0.000186125
-0.000162928
-0.000135014
-0.000103573
-7.05649e-05
-3.75985e-05
-5.34406e-06
2.59714e-05
5.60884e-05
8.44554e-05
0.000109906
0.000130968
0.000147005
0.000158523
0.000166146
0.000169918
0.000169453
0.000164283
0.00015418
0.000139281
0.000120182
9.80646e-05
7.42228e-05
4.93259e-05
2.36598e-05
-2.24045e-06
-2.75353e-05
-5.11258e-05
-7.20054e-05
-8.97404e-05
-0.000103996
-0.00011432
-0.000120715
-0.000123201
-0.000121322
-0.000115087
-0.000105208
-9.21188e-05
-7.60865e-05
-5.80047e-05
-3.88943e-05
-1.90536e-05
1.4934e-06
2.21472e-05
4.18363e-05
5.97642e-05
7.58761e-05
9.0636e-05
0.000104387
0.000117
0.000128045
0.000137017
0.000143446
0.000147086
0.000148174
0.000147344
0.000144928
0.000140717
0.000134692
0.000127222
0.000118501
0.000108464
9.71288e-05
8.47582e-05
7.17684e-05
5.86516e-05
4.59117e-05
3.36896e-05
2.17082e-05
9.79592e-06
-1.9281e-06
-1.31163e-05
-2.31448e-05
-3.1619e-05
-3.887e-05
-4.53731e-05
-5.10933e-05
-5.56e-05
-5.82914e-05
-5.86407e-05
-5.65608e-05
-5.23282e-05
-4.62582e-05
-3.87293e-05
-3.01375e-05
-2.05608e-05
-9.75118e-06
2.37496e-06
1.51854e-05
2.74165e-05
3.78886e-05
4.59025e-05
5.11817e-05
5.38021e-05
5.40307e-05
5.19174e-05
4.6896e-05
3.81513e-05
2.55184e-05
9.58237e-06
-8.94642e-06
-2.94554e-05
-5.12472e-05
-7.3671e-05
-9.64402e-05
-0.000119251
-0.000141078
-0.000160571
-0.000177077
-0.000190651
-0.000201205
-0.000208157
-0.000211091
-0.000210187
-0.000205742
-0.000197943
-0.000187135
-0.000173696
-0.000157685
-0.0001389
-0.000117218
-9.28233e-05
-6.64278e-05
-3.91541e-05
-1.18994e-05
1.47486e-05
3.99234e-05
6.26563e-05
8.25436e-05
9.93442e-05
0.000112232
0.000120376
0.000123876
0.000123405
0.000119381
0.000111969
0.000101441
8.82274e-05
7.29249e-05
5.61716e-05
3.8268e-05
1.93248e-05
-2.84574e-07
-2.0037e-05
-3.94701e-05
-5.7958e-05
-7.47427e-05
-8.94674e-05
-0.000102097
-0.000112131
-0.000118797
-0.000122121
-0.000122679
-0.000120174
-0.00011343
-0.000102106
-8.72975e-05
-7.01066e-05
-5.09335e-05
-3.04994e-05
-9.75702e-06
1.15777e-05
3.44185e-05
5.82785e-05
8.15619e-05
0.000103233
0.000123027
0.000140758
0.000156195
0.0001694
0.00018042
0.000188432
0.000192155
0.000191131
0.000185702
0.000176337
0.000163757
0.00014877
0.000131631
0.000112297
9.10221e-05
6.83265e-05
4.49055e-05
2.168e-05
-5.32972e-07
-2.15654e-05
-4.17666e-05
-6.10714e-05
-7.86827e-05
-9.38068e-05
-0.000106025
-0.000115053
-0.000120933
-0.000124279
-0.000125626
-0.000124753
-0.000121116
-0.000114581
-0.000105426
-9.41266e-05
-8.13767e-05
-6.79086e-05
-5.41246e-05
-4.00507e-05
-2.57632e-05
-1.17887e-05
1.14642e-06
1.25046e-05
2.18185e-05
2.87997e-05
3.37969e-05
3.74268e-05
3.97202e-05
4.01435e-05
3.82466e-05
3.41174e-05
2.85084e-05
2.25016e-05
1.68594e-05
1.16603e-05
6.4131e-06
4.4928e-07
-6.6908e-06
-1.52635e-05
-2.56685e-05
-3.86456e-05
-5.51024e-05
-7.5534e-05
-9.9371e-05
-0.000125077
-0.000150875
-0.000175014
-0.00019578
-0.000211852
-0.000222172
-0.000225489
-0.000220849
-0.000208344
-0.000189203
-0.000165537
-0.000139832
-0.00011437
-9.07106e-05
-6.94005e-05
-5.04359e-05
-3.38576e-05
-1.9708e-05
-7.98808e-06
1.41183e-06
9.21171e-06
1.6828e-05
2.5768e-05
3.69928e-05
5.05358e-05
6.54413e-05
8.00512e-05
9.27235e-05
0.000102594
0.000109613
0.000114082
0.000116191
0.000115656
0.000112017
0.000105413
9.67272e-05
8.70066e-05
7.69825e-05
6.70537e-05
5.74122e-05
4.82055e-05
3.99532e-05
3.36236e-05
2.9798e-05
2.81324e-05
2.78898e-05
2.83854e-05
2.90547e-05
2.97824e-05
3.10763e-05
3.358e-05
3.74054e-05
4.19963e-05
4.66454e-05
5.11937e-05
5.6221e-05
6.25483e-05
7.06562e-05
8.04457e-05
9.12509e-05
0.000102044
0.000111865
0.000120251
0.000127215
0.000132862
0.000137147
0.000139801
0.000140544
0.000139413
0.00013665
0.00013249
0.000127161
0.000120728
0.000113044
0.000104109
9.41576e-05
8.34469e-05
7.24127e-05
6.17439e-05
5.18693e-05
4.28042e-05
3.46303e-05
2.77835e-05
2.2909e-05
2.04952e-05
2.07329e-05
2.35131e-05
2.8248e-05
3.4082e-05
4.03775e-05
4.67734e-05
5.3045e-05
5.90001e-05
6.42826e-05
6.81676e-05
6.97308e-05
6.84889e-05
6.4647e-05
5.87003e-05
5.11699e-05
4.2416e-05
3.24565e-05
2.12514e-05
9.07605e-06
-3.49273e-06
-1.58171e-05
-2.75093e-05
-3.85171e-05
-4.88684e-05
-5.8538e-05
-6.74468e-05
-7.5335e-05
-8.17496e-05
-8.63162e-05
-8.91285e-05
-9.0703e-05
-9.13527e-05
-9.09787e-05
-8.96024e-05
-8.75441e-05
-8.50439e-05
-8.23003e-05
-7.96998e-05
-7.75204e-05
-7.57518e-05
-7.42784e-05
-7.28784e-05
-7.12634e-05
-6.92246e-05
-6.657e-05
-6.3074e-05
-5.85714e-05
-5.30418e-05
-4.66425e-05
-3.97686e-05
-3.31024e-05
-2.74588e-05
-2.35331e-05
-2.17191e-05
-2.20157e-05
-2.41944e-05
-2.81747e-05
-3.41398e-05
-4.23096e-05
-5.28726e-05
-6.60479e-05
-8.17391e-05
-9.91558e-05
-0.000117135
-0.000134627
-0.000150544
-0.000163562
-0.00017252
-0.000176779
-0.000175945
-0.000169784
-0.000158753
-0.000143816
-0.000125686
-0.000105281
-8.44504e-05
-6.50029e-05
-4.78342e-05
-3.36155e-05
-2.28716e-05
-1.54805e-05
-1.12413e-05
-1.01126e-05
-1.18202e-05
-1.59946e-05
-2.21691e-05
-2.96865e-05
-3.79655e-05
-4.65225e-05
-5.50421e-05
-6.33598e-05
-7.08735e-05
-7.67886e-05
-8.10339e-05
-8.39431e-05
-8.56549e-05
-8.63161e-05
-8.59981e-05
-8.45204e-05
-8.17531e-05
-7.78271e-05
-7.33147e-05
-6.92983e-05
-6.67406e-05
-6.58896e-05
-6.64426e-05
-6.77536e-05
-6.90576e-05
-7.01924e-05
-7.16435e-05
-7.35462e-05
-7.54051e-05
-7.65384e-05
-7.60882e-05
-7.32968e-05
-6.80644e-05
-6.07882e-05
-5.19057e-05
-4.14898e-05
-2.89494e-05
-1.36216e-05
4.38967e-06
2.45889e-05
4.67568e-05
7.06939e-05
9.60101e-05
0.00012247
0.000149929
0.000177762
0.000204847
0.000230027
0.000252212
0.000270448
0.000284163
0.000293074
0.000297078
0.000296192
0.000290507
0.000280382
0.000266363
0.000248985
0.000228981
0.00020719
0.000184129
0.00016012
0.000135674
0.000111417
8.79014e-05
6.57977e-05
4.59107e-05
2.88491e-05
1.47472e-05
3.35391e-06
-5.51761e-06
-1.1797e-05
-1.53643e-05
-1.61515e-05
-1.41739e-05
-9.72584e-06
-3.45254e-06
3.86246e-06
1.14668e-05
1.88005e-05
2.57015e-05
3.23567e-05
3.89966e-05
4.55337e-05
5.15395e-05
5.67034e-05
6.11792e-05
6.54238e-05
6.98135e-05
7.44336e-05
7.90352e-05
8.31124e-05
8.61376e-05
8.76939e-05
8.75295e-05
8.57669e-05
8.28228e-05
7.88055e-05
7.32982e-05
6.60124e-05
5.72304e-05
4.73816e-05
3.66771e-05
2.53472e-05
1.38104e-05
2.37453e-06
-8.97447e-06
-2.0242e-05
-3.10706e-05
-4.09337e-05
-4.95064e-05
-5.67545e-05
-6.27512e-05
-6.73711e-05
-7.03387e-05
-7.16763e-05
-7.16643e-05
-7.03277e-05
-6.75269e-05
-6.35175e-05
-5.88526e-05
-5.3729e-05
-4.79296e-05
-4.14172e-05
-3.44875e-05
-2.73618e-05
-2.00003e-05
-1.23121e-05
-4.44666e-06
3.21364e-06
1.03358e-05
1.66535e-05
2.17912e-05
2.53348e-05
2.70278e-05
2.69269e-05
2.53678e-05
2.25142e-05
1.80357e-05
1.16275e-05
3.64508e-06
-5.21679e-06
-1.45406e-05
-2.41792e-05
-3.40841e-05
-4.42461e-05
-5.4484e-05
-6.43385e-05
-7.33035e-05
-8.10647e-05
-8.75042e-05
-9.26851e-05
-9.68654e-05
-0.000100382
-0.000103437
-0.00010595
-0.000107716
-0.000108633
-0.000108731
-0.000108216
-0.000107362
-0.000106155
-0.000104385
-0.000101993
-9.89003e-05
-9.48758e-05
-9.00065e-05
-8.47568e-05
-7.92701e-05
-7.31879e-05
-6.62854e-05
-5.87322e-05
-5.0747e-05
-4.26686e-05
-3.51807e-05
-2.88169e-05
-2.37048e-05
-2.0069e-05
-1.82621e-05
-1.83492e-05
-2.02819e-05
-2.41868e-05
-3.00483e-05
-3.74523e-05
-4.58009e-05
-5.45431e-05
-6.32326e-05
-7.15375e-05
-7.92554e-05
-8.61735e-05
-9.19754e-05
-9.64096e-05
-9.91298e-05
-9.95389e-05
-9.72674e-05
-9.23195e-05
-8.46801e-05
-7.43084e-05
-6.13217e-05
-4.59015e-05
-2.82022e-05
-8.45209e-06
1.29813e-05
3.5631e-05
5.88353e-05
8.1646e-05
0.000103173
0.000123018
0.000141016
0.000156691
0.000169437
0.000179049
0.00018562
0.000189069
0.000189117
0.000185631
0.000178899
0.00016949
0.000157747
0.000143637
0.000127279
0.000109287
9.03627e-05
7.0786e-05
5.06497e-05
3.03346e-05
1.04302e-05
-8.56919e-06
-2.62849e-05
-4.22386e-05
-5.57956e-05
-6.65104e-05
-7.43345e-05
-7.94031e-05
-8.19732e-05
-8.24401e-05
-8.10479e-05
-7.78483e-05
-7.30371e-05
-6.69454e-05
-5.97511e-05
-5.14572e-05
-4.21193e-05
-3.19743e-05
-2.12508e-05
-9.99397e-06
1.72529e-06
1.36445e-05
2.54833e-05
3.70668e-05
4.83301e-05
5.92192e-05
6.94381e-05
7.8543e-05
8.62942e-05
9.25616e-05
9.71152e-05
9.9802e-05
0.000100602
9.94607e-05
9.6326e-05
9.12183e-05
8.4186e-05
7.53265e-05
6.47741e-05
5.26848e-05
3.92427e-05
2.46395e-05
9.21566e-06
-6.4986e-06
-2.20546e-05
-3.71115e-05
-5.12279e-05
-6.38798e-05
-7.46515e-05
-8.33713e-05
-8.99319e-05
-9.41151e-05
-9.58555e-05
-9.53045e-05
-9.24733e-05
-8.71992e-05
-7.93961e-05
-6.91309e-05
-5.67097e-05
-4.27937e-05
-2.81813e-05
-1.34501e-05
1.0367e-06
1.49019e-05
2.77586e-05
3.92871e-05
4.90802e-05
5.66373e-05
6.16194e-05
6.3915e-05
6.35833e-05
6.08838e-05
5.61332e-05
4.94766e-05
4.11082e-05
3.16088e-05
2.1622e-05
1.14326e-05
1.22208e-06
-8.58146e-06
-1.7505e-05
-2.5371e-05
-3.21818e-05
-3.77996e-05
-4.19336e-05
-4.43335e-05
-4.49538e-05
-4.39897e-05
-4.17759e-05
-3.86767e-05
-3.49771e-05
-3.07577e-05
-2.58871e-05
-2.02682e-05
-1.41618e-05
-8.14116e-06
-2.76634e-06
1.61545e-06
4.9515e-06
7.42851e-06
9.31539e-06
1.08425e-05
1.20343e-05
1.26583e-05
1.2449e-05
1.14039e-05
9.87278e-06
8.27481e-06
6.82561e-06
5.5898e-06
4.45911e-06
3.09847e-06
1.28754e-06
-7.77466e-07
-2.65211e-06
-3.93139e-06
-4.4702e-06
-4.44079e-06
-4.05171e-06
-3.36353e-06
-2.38256e-06
-9.84309e-07
1.10912e-06
4.01214e-06
7.5167e-06
1.12491e-05
1.48471e-05
1.81445e-05
2.12529e-05
2.42931e-05
2.71387e-05
2.95856e-05
3.15191e-05
3.2853e-05
3.35611e-05
3.37005e-05
3.33768e-05
3.27086e-05
3.164e-05
2.99168e-05
2.74227e-05
2.4305e-05
2.0697e-05
1.66142e-05
1.21571e-05
7.52687e-06
2.8654e-06
-1.76239e-06
-6.33041e-06
-1.07832e-05
-1.50178e-05
-1.90163e-05
-2.28126e-05
-2.63563e-05
-2.95855e-05
-3.24613e-05
-3.4892e-05
-3.6814e-05
-3.83131e-05
-3.9494e-05
-4.0303e-05
-4.06192e-05
-4.03914e-05
-3.96191e-05
-3.83245e-05
-3.6543e-05
-3.43404e-05
-3.18628e-05
-2.92856e-05
-2.67164e-05
-2.42281e-05
-2.19015e-05
-1.97713e-05
-1.78037e-05
-1.59012e-05
-1.39295e-05
-1.18051e-05
-9.49445e-06
-7.01247e-06
-4.50433e-06
-2.13954e-06
2.55705e-08
1.94784e-06
3.54474e-06
4.73521e-06
5.41207e-06
5.49059e-06
4.96489e-06
3.87634e-06
2.33228e-06
4.75675e-07
-1.65576e-06
-4.12704e-06
-6.95687e-06
-1.00746e-05
-1.33259e-05
-1.64951e-05
-1.94509e-05
-2.21919e-05
-2.47693e-05
-2.7257e-05
-2.96294e-05
-3.16823e-05
-3.31811e-05
-3.39436e-05
-3.38522e-05
-3.29949e-05
-3.16649e-05
-3.00566e-05
-2.8084e-05
-2.55824e-05
-2.25176e-05
-1.89168e-05
-1.48133e-05
-1.03309e-05
-5.58554e-06
-5.38135e-07
4.83992e-06
1.0413e-05
1.59786e-05
2.13571e-05
2.64525e-05
3.12652e-05
3.57891e-05
3.9965e-05
4.36715e-05
4.67414e-05
4.90462e-05
5.05358e-05
5.12815e-05
5.14381e-05
5.10245e-05
4.99262e-05
4.81123e-05
4.56147e-05
4.24918e-05
3.89711e-05
3.53242e-05
3.16256e-05
2.78643e-05
2.40563e-05
2.0198e-05
1.63779e-05
1.27912e-05
9.55989e-06
6.66709e-06
3.99351e-06
1.45994e-06
-8.35012e-07
-2.71146e-06
-4.01961e-06
-4.66849e-06
-4.71001e-06
-4.31476e-06
-3.61151e-06
-2.64454e-06
-1.39861e-06
1.87842e-07
2.07607e-06
4.03245e-06
5.79188e-06
7.23298e-06
8.34989e-06
9.18242e-06
9.84734e-06
1.04459e-05
1.08951e-05
1.10263e-05
1.07715e-05
1.01653e-05
9.28007e-06
8.19975e-06
6.99094e-06
5.63704e-06
4.04556e-06
2.17598e-06
9.37242e-08
-2.10098e-06
-4.29485e-06
-6.35331e-06
-8.21835e-06
-9.94576e-06
-1.15655e-05
-1.30221e-05
-1.42379e-05
-1.51352e-05
-1.56695e-05
-1.5845e-05
-1.56562e-05
-1.51024e-05
-1.4227e-05
-1.30667e-05
-1.16258e-05
-9.89595e-06
-7.87355e-06
-5.59631e-06
-3.12868e-06
-5.34824e-07
2.08604e-06
4.63414e-06
7.07747e-06
9.40194e-06
1.15616e-05
1.35005e-05
1.51511e-05
1.64434e-05
1.73385e-05
1.78189e-05
1.78807e-05
1.75384e-05
1.6796e-05
1.56412e-05
1.40803e-05
1.21511e-05
9.91773e-06
7.46224e-06
4.84608e-06
2.09343e-06
-7.65435e-07
-3.67136e-06
-6.54947e-06
-9.30522e-06
-1.18359e-05
-1.40659e-05
-1.59544e-05
-1.74837e-05
-1.86411e-05
-1.9403e-05
-1.97392e-05
-1.96263e-05
-1.90636e-05
-1.80829e-05
-1.67406e-05
-1.51016e-05
-1.32205e-05
-1.11319e-05
-8.86547e-06
-6.46657e-06
-3.99819e-06
-1.53541e-06
8.35844e-07
3.02878e-06
4.98577e-06
6.6902e-06
8.13522e-06
9.29456e-06
1.01303e-05
1.06084e-05
1.07047e-05
1.04194e-05
9.78299e-06
8.83695e-06
7.61716e-06
6.1531e-06
4.47087e-06
2.60551e-06
6.15886e-07
-1.4183e-06
-3.41782e-06
-5.32009e-06
-7.0804e-06
-8.67086e-06
-1.00712e-05
-1.12494e-05
-1.21615e-05
-1.27737e-05
-1.30703e-05
-1.30494e-05
-1.27269e-05
-1.21315e-05
-1.12883e-05
-1.02159e-05
-8.93679e-06
-7.48349e-06
-5.90068e-06
-4.24029e-06
-2.55279e-06
-8.86883e-07
7.12729e-07
2.21435e-06
3.59322e-06
4.81847e-06
5.8578e-06
6.68536e-06
7.28166e-06
7.63803e-06
7.76085e-06
7.66383e-06
7.35542e-06
6.83831e-06
6.12091e-06
5.22223e-06
4.16723e-06
2.98513e-06
1.70923e-06
3.7332e-07
-9.9027e-07
-2.35018e-06
-3.6749e-06
-4.93141e-06
-6.0868e-06
-7.11171e-06
-7.98149e-06
-8.67565e-06
-9.17847e-06
-9.4804e-06
-9.57771e-06
-9.47124e-06
-9.1657e-06
-8.66939e-06
-7.99518e-06
-7.16185e-06
-6.19336e-06
-5.11586e-06
-3.95555e-06
-2.73966e-06
-1.49652e-06
-2.54125e-07
9.59048e-07
2.11411e-06
3.18445e-06
4.1475e-06
4.98394e-06
5.67722e-06
6.21382e-06
6.58326e-06
6.77841e-06
6.79712e-06
6.64291e-06
6.324e-06
5.85272e-06
5.24483e-06
4.51796e-06
3.69108e-06
2.78544e-06
1.82465e-06
8.33814e-07
-1.61133e-07
-1.13445e-06
-2.06175e-06
-2.92089e-06
-3.69203e-06
-4.35763e-06
-4.90247e-06
-5.31412e-06
-5.58366e-06
-5.70607e-06
-5.68032e-06
-5.50929e-06
-5.19922e-06
-4.7593e-06
-4.20118e-06
-3.53896e-06
-2.78919e-06
-1.97067e-06
-1.1039e-06
-2.10303e-07
6.88536e-07
1.57153e-06
2.41851e-06
3.21045e-06
3.92968e-06
4.56029e-06
5.08863e-06
5.50378e-06
5.79788e-06
5.96627e-06
6.00737e-06
5.92252e-06
5.71591e-06
5.39446e-06
4.96776e-06
4.44789e-06
3.84908e-06
3.18726e-06
2.47955e-06
1.74379e-06
9.98124e-07
2.60668e-07
-4.50885e-07
-1.11919e-06
